0.250000349537 0.679013243255
0.259258896776 0.679013243255
0.277777389403 0.679013243255
0.305555827418 0.679013243255
0.333332867283 0.691357955647
0.35185135991 0.691357955647
0.379629797925 0.703704532236
0.398148290552 0.716049244627
0.398148290552 0.703704532236
0.398148290552 0.679013243255
0.388888345164 0.654320090078
0.379629797925 0.629628801098
0.379629797925 0.604937512117
0.370369852537 0.592592799726
0.370369852537 0.567901510745
0.370369852537 0.555554934157
0.370369852537 0.543210221765
0.379629797925 0.530863645176
0.398148290552 0.518518932785
0.416666783179 0.518518932785
0.425925330418 0.518518932785
0.444443823045 0.518518932785
0.453703768433 0.530863645176
0.47222226106 0.555554934157
0.481482206448 0.567901510745
0.490740753687 0.567901510745
0.490740753687 0.555554934157
0.490740753687 0.543210221765
0.500000699075 0.530863645176
0.518519191702 0.518518932785
0.546296231567 0.518518932785
0.564814724194 0.530863645176
0.583333216821 0.543210221765
0.601851709448 0.567901510745
0.601851709448 0.592592799726
0.601851709448 0.629628801098
0.583333216821 0.679013243255
0.574074669582 0.703704532236
0.564814724194 0.716049244627
0.555556176955 0.740740533608
0.546296231567 0.765431822588
0.537037684329 0.765431822588
0.537037684329 0.777778399177
0.546296231567 0.777778399177
0.592593162209 0.790123111568
0.620370202075 0.802469688157
0.657407187328 0.802469688157
0.731481157836 0.814814400549
0.768519541239 0.814814400549
0.796296581105 0.814814400549
0.851852058985 0.814814400549
0.879630497 0.802469688157
0.898148989627 0.777778399177
0.916667482254 0.765431822588
0.944444522119 0.716049244627
0.944444522119 0.691357955647
0.944444522119 0.666666666667
0.898148989627 0.629628801098
0.879630497 0.629628801098
0.842593511747 0.617284088706
0.833333566358 0.629628801098
0.842593511747 0.679013243255
0.861112004373 0.703704532236
0.870370551612 0.753087110196
0.870370551612 0.777778399177
