0.212963364284 0.666666666667
0.240740404149 0.666666666667
0.314814374657 0.679013243255
0.324074320045 0.679013243255
0.314814374657 0.654320090078
0.29629588203 0.580246223137
0.277777389403 0.493827643804
0.277777389403 0.469136354824
0.305555827418 0.456789778235
0.342592812672 0.506172356196
0.370369852537 0.567901510745
0.379629797925 0.604937512117
0.379629797925 0.617284088706
0.379629797925 0.580246223137
0.398148290552 0.530863645176
0.416666783179 0.506172356196
0.462962315671 0.493827643804
0.481482206448 0.530863645176
0.500000699075 0.592592799726
0.490740753687 0.666666666667
0.462962315671 0.703704532236
0.435185275806 0.728395821216
0.425925330418 0.740740533608
0.444443823045 0.740740533608
0.490740753687 0.753087110196
0.555556176955 0.765431822588
0.620370202075 0.777778399177
0.638888694701 0.777778399177
0.657407187328 0.765431822588
0.657407187328 0.716049244627
0.629630147463 0.666666666667
0.601851709448 0.666666666667
0.601851709448 0.716049244627
0.611111654836 0.765431822588
0.620370202075 0.777778399177
