-1.288199e+01 -6.123573e+00 8.595945e-01 1.386004e+00 1.809116e-01 1.092402e+00 -1.299533e+00 8.642504e+00 6.292711e+00 -1.117404e+00 -5.399792e+00 5.969728e-01 -1.512926e-01 3.157135e-01 2.246510e+00 6.894119e-02 5.537342e-01 5.061759e-02 -1.632975e-01 4.678499e-01 -1.314877e+00 -1.658076e-01 7.787422e-01 1.229130e+00 -1.180339e+00 1.315837e-06 -8.693612e-02 -2.482909e-01 -1.283715e-01 1.197563e-01 3.593691e-01 -5.379739e-02 -3.628890e-01 -7.970912e-03 -3.819019e-01 -4.519089e-02 1.808513e-01 1.547846e-01 -3.078000e-08 
-1.135481e+01 2.600682e-01 1.945591e-01 4.075710e+00 2.375165e-01 -2.819802e-01 -6.769881e-01 4.820980e+00 6.888799e+00 4.100711e+00 -4.576457e+00 -2.218263e+00 -1.512926e-01 2.450611e-01 2.071772e+00 -6.207919e-02 1.129968e+00 9.976127e-01 -4.502839e-01 -1.025830e-01 -1.107917e+00 -9.689584e-01 9.586183e-01 1.415856e+00 -1.581332e+00 1.315837e-06 -1.619925e-01 -6.650574e-01 -2.664593e-01 -5.158457e-02 4.196824e-01 -8.068685e-03 -3.878062e-01 1.720289e-01 -6.218818e-01 -1.277318e-01 2.705385e-01 4.122084e-01 -3.078000e-08 
-1.206676e+01 1.917295e+00 1.536844e+00 2.809914e+00 4.055052e-01 9.633889e-01 7.285281e-01 3.978601e+00 5.165796e+00 1.673618e-01 3.340543e-01 -3.896983e+00 -1.512926e-01 -8.360300e-02 1.092444e+00 -5.074047e-01 8.643203e-01 1.373872e+00 -2.887022e-01 -1.061421e+00 -1.458283e+00 -1.673730e+00 4.628420e-01 2.039961e+00 -2.059445e-01 1.315837e-06 -8.752660e-02 -7.495687e-01 -2.328616e-01 -1.116928e-01 2.326629e-01 5.784929e-02 -3.728151e-02 5.068737e-01 -5.549078e-01 -6.294802e-03 1.097529e-01 4.060632e-01 -3.078000e-08 
-1.206421e+01 2.149660e-01 2.105637e-01 6.323941e+00 5.056600e+00 -1.094235e+00 -2.826402e+00 5.435350e+00 2.011195e+00 3.033529e+00 -1.187155e+00 -5.062450e+00 -1.512926e-01 -2.945133e-01 -5.016452e-01 -9.753200e-01 1.405040e-01 1.487530e+00 -1.409266e-01 -7.064717e-01 -3.831450e-01 -2.521287e+00 2.979297e-01 2.176474e+00 3.933195e-01 1.315837e-06 6.507921e-02 -4.786337e-01 1.601341e-02 -4.500729e-01 -4.225509e-01 2.524739e-01 4.134359e-01 2.877627e-01 -1.051048e-01 1.251834e-01 2.733437e-02 2.659519e-01 -3.078000e-08 
-1.294532e+01 -6.389942e-01 -1.685567e+00 4.583361e+00 4.641011e+00 5.503298e-02 -5.531861e+00 1.044557e+00 3.625605e-01 1.730761e+00 3.105388e+00 9.894599e-01 -1.512926e-01 1.478226e-01 -2.145268e-01 -6.387332e-01 4.899754e-01 9.689654e-01 -2.881648e-02 5.833619e-01 8.572979e-01 -2.164273e+00 1.077600e+00 1.397503e+00 -1.373976e-01 1.315837e-06 2.014141e-01 -5.284668e-02 1.562951e-01 -5.201548e-01 -7.942225e-01 1.957925e-01 5.887544e-01 1.345726e-01 5.419791e-01 2.873290e-01 -3.073046e-01 3.304758e-02 -3.078000e-08 
-1.238766e+01 -9.699923e-01 -3.070812e+00 3.891392e+00 5.557279e+00 -5.327654e-01 -1.079369e+00 4.372480e+00 -3.316038e+00 4.808643e+00 4.920085e+00 -2.694707e+00 -1.512926e-01 4.548200e-01 3.319787e-01 8.372720e-02 -9.331982e-01 -9.127975e-01 6.820663e-01 1.142214e+00 -8.268659e-01 -1.249328e+00 1.277220e+00 1.873753e+00 -2.858927e-01 1.315837e-06 2.142734e-01 1.494749e-01 4.794547e-02 -4.238065e-01 -8.244060e-01 2.574707e-01 1.369894e-01 -3.764657e-01 1.101549e+00 8.788230e-02 -5.848663e-01 3.212590e-01 -3.078000e-08 
-1.116567e+01 1.436826e+00 -1.602851e-02 6.475837e+00 4.999995e+00 5.381730e-01 2.771993e+00 8.796347e+00 -2.992002e+00 4.668152e+00 4.268139e+00 -5.768017e+00 -1.512926e-01 5.488138e-01 4.113423e-01 -2.555293e-01 -1.199510e+00 -1.397009e+00 2.788790e-01 9.580085e-01 -5.635970e-01 4.002354e-01 1.409919e+00 6.548263e-01 2.987720e-01 1.315837e-06 1.643037e-02 -1.885381e-01 -2.897787e-01 -2.864597e-01 -2.434405e-01 3.870354e-01 -3.065446e-01 -8.342708e-01 1.011482e+00 -2.936836e-01 -7.554627e-01 6.836433e-01 -3.078000e-08 
-1.067984e+01 8.370784e-01 -2.055573e-01 7.113568e-01 3.127462e-01 2.074479e+00 -1.267222e+00 -2.575016e+00 -2.557931e+00 7.951096e+00 7.600311e+00 -3.113250e+00 -1.512926e-01 5.763420e-01 -6.713732e-02 -9.272655e-01 -1.133844e+00 -1.451392e+00 9.927020e-01 -2.088896e-01 -1.555095e+00 1.704224e+00 5.711210e-01 -3.764459e-01 1.781498e+00 1.315837e-06 -1.565469e-01 -4.065656e-01 -2.997321e-01 2.327400e-01 5.571492e-01 4.554770e-01 -2.100185e-01 -3.205295e-01 4.608757e-01 -4.777966e-01 -7.282547e-01 4.480351e-01 -3.078000e-08 
-1.105516e+01 5.142807e-01 -4.395829e+00 1.757252e-01 2.780529e-01 1.458686e-01 -6.476831e-01 1.700019e+00 1.984634e+00 7.209117e+00 5.039572e+00 2.692994e+00 -1.512926e-01 1.692800e-01 -9.576027e-01 -1.582162e+00 -8.420786e-01 2.115500e-02 1.751011e+00 -2.738217e-01 -2.949811e+00 1.416367e+00 -3.771428e-02 -1.254502e+00 2.247005e+00 1.315837e-06 -2.359663e-01 -3.267565e-01 7.800873e-02 2.440840e-01 7.150074e-01 4.461395e-01 3.960272e-02 1.315686e-02 -4.155134e-01 -3.907969e-01 -1.571242e-01 -1.597284e-01 -3.078000e-08 
-9.561559e+00 -8.443770e-01 -5.516997e+00 1.371791e+00 6.615053e-01 4.627091e+00 -4.139939e-01 1.450511e-01 2.716939e+00 6.393566e+00 2.652087e+00 1.982051e+00 -1.512926e-01 -1.382408e-01 -1.016359e+00 -7.516818e-01 5.178884e-02 1.163908e+00 2.223484e+00 7.081780e-01 -1.236341e+00 5.469719e-01 -3.879063e-01 -8.127931e-01 9.800698e-01 1.315837e-06 -2.375081e-01 -6.679327e-02 2.457536e-01 8.385883e-02 4.375450e-01 -2.572043e-01 3.905015e-01 9.832138e-01 -8.903382e-01 -3.069148e-01 2.388024e-01 -5.844868e-01 -3.078000e-08 
-1.087834e+01 -2.510177e+00 -5.271030e+00 1.935404e+00 4.931339e+00 8.016970e+00 9.761184e-01 -7.313084e+00 1.452291e+00 5.258292e+00 4.695965e-01 2.919222e+00 -1.512926e-01 -2.737886e-01 -7.478561e-01 4.686487e-02 -5.719534e-01 8.702133e-01 1.894185e+00 6.975870e-01 -6.571159e-01 -1.098744e+00 -6.452423e-02 8.732757e-02 -9.902247e-02 1.315837e-06 -1.886710e-02 2.620073e-01 2.400659e-01 -2.043486e-01 -3.615920e-01 -8.215954e-01 3.726180e-01 1.582625e+00 -8.328252e-01 -4.602516e-01 1.587671e-01 -4.792804e-01 -3.078000e-08 
-1.145895e+01 -2.732333e+00 -3.526102e+00 9.089463e-02 3.805449e+00 9.255757e+00 1.461531e+00 -4.250753e+00 4.430001e-01 6.987228e+00 5.821086e+00 1.673934e+00 -1.512926e-01 -3.896584e-01 -5.060118e-01 -5.128468e-01 -8.495407e-01 3.117050e-01 -3.648911e-01 1.257924e+00 2.214639e+00 -1.489868e+00 -9.499800e-01 1.465108e-01 3.209259e-02 1.315837e-06 3.484759e-01 5.006988e-01 5.103305e-02 -4.064478e-01 -9.858690e-01 -1.130138e+00 -1.472390e-01 6.422458e-01 -5.591714e-01 -7.140368e-01 -2.176571e-01 -1.082928e-01 -3.078000e-08 
-1.147510e+01 -2.280939e+00 -5.156892e+00 -2.043193e+00 3.056804e+00 7.302134e+00 1.902234e+00 6.125939e-01 -2.372389e+00 6.589627e+00 3.891757e+00 2.352205e+00 -1.512926e-01 2.005763e-01 9.725865e-02 -5.012439e-01 -1.413172e+00 -1.360675e+00 -1.062735e+00 1.314343e+00 3.237750e+00 -1.729367e+00 -2.057917e+00 -9.404391e-01 3.246335e-01 1.315837e-06 6.783564e-01 5.480404e-01 1.480074e-01 -2.342695e-01 -9.987817e-01 -9.482327e-01 -7.953487e-01 -6.510164e-01 -2.475803e-01 -8.072351e-01 -5.929691e-01 -1.119810e-02 -3.078000e-08 
-1.121157e+01 -3.489007e+00 -8.138391e+00 -8.866553e-01 3.157233e+00 3.159899e+00 5.412455e+00 7.254909e+00 -2.820119e+00 9.778250e-01 1.673794e+00 2.426649e+00 -1.512926e-01 1.366915e+00 1.064713e+00 -2.224662e-01 -1.559842e+00 -2.649926e+00 -1.948878e+00 -3.364773e-01 2.731745e-02 -1.933613e+00 -2.961350e+00 -1.387200e+00 2.268881e-01 1.315837e-06 6.862622e-01 4.100779e-01 3.751475e-01 6.436837e-02 -6.381935e-01 -1.782642e-01 -1.295302e+00 -1.945768e+00 2.214560e-01 -1.274727e-02 -6.376141e-01 -3.994539e-01 2.773617e-03 
-9.998927e+00 -1.645780e+00 -5.471088e+00 -4.641850e+00 -1.547911e+00 5.751346e+00 5.572130e+00 3.122692e+00 -5.562657e+00 -2.026876e+00 -2.158727e+00 4.166165e+00 -1.512926e-01 2.239655e+00 1.206970e+00 6.416933e-01 -1.388133e+00 -2.642938e+00 -2.054979e+00 -2.481911e+00 -2.818424e+00 -2.114772e+00 -3.094984e+00 -2.110699e+00 -2.521059e-01 1.315837e-06 4.037841e-01 1.791274e-01 4.188611e-01 6.825050e-01 8.981574e-02 3.603855e-01 -9.612016e-01 -1.547154e+00 6.528971e-01 7.146784e-01 -1.901313e-01 -7.188831e-01 1.117817e-02 
-5.362146e+00 2.273640e+00 -4.481327e+00 -6.409080e+00 -7.141568e+00 2.873878e-01 -2.055454e+00 -5.369248e+00 -7.629806e+00 -3.511617e+00 1.910152e+00 1.900989e+00 -1.512926e-01 2.022046e+00 9.894860e-01 7.912989e-01 -5.401154e-01 -2.238148e+00 -7.600248e-01 -3.320486e+00 -4.486288e+00 -1.898303e-01 -4.952500e-01 -2.456312e+00 -1.676713e+00 1.386751e-02 7.278823e-02 6.336429e-02 3.992387e-01 1.118756e+00 7.470202e-01 7.915275e-01 1.463801e-01 -1.624550e-02 8.465368e-01 1.159790e+00 1.411712e-01 -4.398281e-01 2.640536e-02 
-3.201234e+00 8.724892e-01 -3.777122e+00 -6.222985e+00 -5.008477e+00 -1.536565e+00 -6.773570e+00 -7.167258e+00 -1.054119e+01 -6.640764e+00 -6.780231e+00 1.354237e+00 -1.512926e-01 1.892045e+00 1.030393e+00 1.086197e+00 1.489472e+00 -1.117522e+00 1.447816e-01 -1.999770e+00 -2.241175e+00 6.632379e-01 2.824464e-01 -1.356474e+00 -2.317968e+00 4.896340e-02 1.368879e-01 3.737080e-01 4.249550e-01 1.078138e+00 7.940441e-01 7.158177e-01 1.098622e+00 1.097017e+00 8.822023e-01 1.032662e+00 6.427523e-01 6.487988e-02 4.255755e-02 
-4.500162e+00 1.993106e-01 -5.028855e+00 -2.796897e+00 -6.303451e+00 3.003899e+00 -5.017144e+00 -1.003115e+01 -1.279623e+00 8.087665e-01 -8.297334e+00 -4.550439e+00 -8.196978e-02 1.904710e+00 1.469728e+00 1.551546e+00 2.595095e+00 3.224187e-01 9.088432e-01 1.542751e-01 -3.426421e-01 9.101213e-01 1.148782e+00 -1.058496e+00 -9.393824e-01 1.075479e-01 5.853889e-01 6.163660e-01 5.165260e-01 3.592756e-01 5.066819e-01 5.653699e-02 1.156538e+00 1.374657e+00 3.673860e-01 3.497149e-01 6.943880e-01 6.526714e-01 4.783544e-02 
-9.701898e-01 4.543661e+00 2.337283e-01 9.991589e-01 -7.554236e+00 5.116814e+00 -2.945501e+00 -5.752102e+00 -5.421888e+00 -2.774334e+00 -3.837136e+00 -4.197655e+00 5.885424e-02 2.982812e+00 2.835379e+00 2.386441e+00 2.434827e+00 4.712400e-02 6.896085e-01 1.273761e+00 5.950168e-01 1.746238e+00 1.246358e+00 4.041742e-01 -2.963207e-01 1.659461e-01 7.069946e-01 3.159704e-01 2.520100e-01 -7.797356e-01 5.333726e-02 -3.295324e-01 3.622545e-01 6.489207e-01 2.989803e-01 2.398054e-01 4.255647e-01 6.947662e-01 3.400702e-02 
3.046030e+00 7.786547e+00 1.270661e+00 2.955591e+00 -4.256546e+00 1.505111e+00 -3.197976e+00 -7.790148e+00 -5.639303e+00 2.992431e-01 -4.853516e+00 -2.008789e-02 2.813688e-01 4.403605e+00 3.168844e+00 2.723747e+00 7.835646e-01 -2.869794e-01 -7.497981e-01 8.254716e-01 9.690925e-01 1.105527e+00 7.714682e-01 1.351690e-01 5.758795e-01 1.945502e-01 3.506410e-01 -2.876677e-01 -2.617061e-01 -1.375945e+00 -2.771212e-01 -3.158541e-01 -3.114832e-01 2.700551e-01 2.053660e-01 -3.989841e-02 5.620021e-01 1.502986e-01 5.357489e-03 
7.939961e+00 1.125569e+01 5.005221e+00 3.075065e+00 -5.796563e+00 2.660961e+00 -1.314561e+00 -5.313123e+00 3.697697e-01 -1.547102e-01 -6.480769e+00 -2.392794e+00 4.967684e-01 4.177622e+00 1.760753e+00 1.760090e+00 -1.503380e+00 -5.462036e-01 -6.734815e-01 -5.240481e-01 3.475539e-01 2.060302e+00 1.670225e+00 1.746589e-01 3.984639e-01 1.754918e-01 -4.756348e-01 -9.574242e-01 -9.051817e-01 -1.226988e+00 -1.029069e-01 -9.054186e-02 -3.018306e-01 5.690182e-02 -1.683442e-01 -1.478505e-01 5.687544e-01 -3.362820e-02 -2.357471e-02 
1.306299e+01 1.268741e+01 6.203886e+00 8.334427e-02 -8.617677e+00 4.822236e-01 -1.705295e+00 -5.404828e+00 1.352120e+00 3.355993e+00 -6.299299e+00 -2.573528e+00 6.718322e-01 3.060582e+00 5.686905e-01 5.560578e-01 -2.315496e+00 -7.665325e-01 1.119544e-02 -5.042517e-01 1.131269e+00 1.779933e+00 7.373842e-01 1.866432e+00 -5.353311e-01 1.295562e-01 -1.155013e+00 -1.076354e+00 -1.258425e+00 -4.394902e-01 1.502366e-01 2.196158e-01 2.815426e-02 3.078975e-01 -2.375279e-01 -3.246410e-01 5.850396e-01 -1.429519e-01 -3.790611e-02 
1.490937e+01 1.089674e+01 6.567781e+00 -5.081104e+00 -8.104946e+00 2.260758e+00 -6.312203e+00 -5.206886e+00 1.383993e+00 4.048271e+00 -2.240874e+00 -9.287223e-01 7.410848e-01 1.276166e+00 -6.517159e-01 -1.055719e+00 -2.150669e+00 -2.277049e-01 -1.434833e-01 4.295439e-01 7.985193e-01 5.673548e-01 5.241516e-01 2.382378e+00 9.104571e-02 8.056670e-02 -1.183553e+00 -7.342147e-01 -1.052532e+00 1.052907e-01 1.734795e-01 2.229471e-01 3.890424e-01 5.177961e-01 -3.394829e-01 -6.155822e-01 8.051913e-02 1.050697e-01 -3.381199e-02 
1.486389e+01 1.080914e+01 3.269559e+00 -4.543696e+00 -6.935234e+00 1.761162e+00 -3.220518e+00 -2.187151e+00 2.753744e+00 1.884558e+00 2.358226e+00 -3.428811e+00 8.069994e-01 7.926369e-02 -1.006630e+00 -2.160459e+00 -1.090232e+00 3.048343e-01 8.316577e-02 4.894280e-01 2.283132e+00 6.643819e-01 -2.787960e-01 1.956547e+00 1.471255e-02 5.248341e-02 -8.602001e-01 -3.727227e-01 -5.559604e-01 -3.924332e-03 3.547464e-02 3.564991e-01 3.052742e-01 1.915569e-01 -2.576637e-01 -6.043810e-01 -6.574343e-01 4.437335e-01 -2.137039e-02 
1.342045e+01 8.936094e+00 1.193586e+00 -5.364465e+00 -7.775908e+00 1.304351e+00 1.590773e+00 -2.929807e+00 2.505975e+00 3.201805e+00 1.102127e+00 -1.510215e+00 8.319985e-01 -2.495051e-01 -1.122612e+00 -2.144338e+00 -1.589525e+00 -2.145457e-01 4.051787e-01 9.242556e-01 2.360680e+00 9.207287e-01 -8.995814e-01 5.322326e-01 6.488757e-01 4.497187e-02 -4.176039e-01 -4.846438e-02 -5.987600e-02 -2.596604e-01 -8.671213e-02 7.820385e-01 1.276361e-01 -1.333584e-01 -1.271079e-01 -7.607629e-01 -7.586005e-01 4.179235e-01 -9.183592e-03 
1.420380e+01 8.634543e+00 -1.911317e+00 -5.226337e+00 -7.258065e+00 1.376757e+00 -3.209998e+00 4.872094e+00 4.113630e+00 2.385472e+00 1.811576e+00 -2.209165e+00 8.887778e-01 -4.775813e-01 -1.059412e+00 -1.679503e+00 -2.615636e+00 -5.958126e-01 1.519377e+00 7.746939e-01 1.307769e+00 3.149598e-01 -1.572740e+00 -4.957403e-01 1.404560e+00 4.049784e-02 -1.216103e-01 -2.130690e-02 1.749424e-01 -3.626324e-01 5.102373e-02 1.011691e+00 2.642318e-01 -8.688586e-01 -3.740280e-01 -5.944848e-01 -4.645551e-01 3.665493e-01 -5.020466e-03 
1.399171e+01 6.371233e+00 -1.563005e+00 -1.268743e+01 -9.016103e+00 4.478990e+00 -1.696279e+00 3.066567e+00 5.307704e+00 -7.002369e-01 6.932598e-01 1.705780e+00 9.250554e-01 -5.333704e-01 -8.676676e-01 -1.595613e+00 -2.686276e+00 -2.109357e-01 3.048522e+00 9.250475e-01 6.192198e-01 1.065545e-01 -2.632668e+00 -1.844614e-01 1.485760e+00 4.063492e-02 8.886236e-02 -1.820410e-02 1.731345e-02 2.794105e-01 4.353390e-01 9.144297e-01 3.283092e-02 -1.004065e+00 -5.225100e-01 -1.461105e-01 1.282226e-01 -5.550522e-02 -6.582468e-03 
1.218995e+01 6.794299e+00 -3.749746e+00 -1.396033e+01 -9.294379e+00 7.770792e+00 2.296725e+00 1.353246e+00 2.927524e+00 -4.028575e+00 8.387994e-02 1.986187e+00 9.629669e-01 -3.868323e-01 -1.240661e+00 -1.560086e+00 -2.354962e+00 5.581194e-01 3.819998e+00 1.810144e+00 -1.190404e+00 -7.986151e-01 -2.384728e+00 -7.839828e-03 1.429170e+00 2.954854e-02 2.957594e-01 -9.119982e-02 -9.379873e-02 8.726510e-01 6.593750e-01 3.515527e-01 -3.913605e-01 -7.659779e-01 -3.155191e-01 4.013710e-01 5.979882e-01 -4.175209e-01 -9.291087e-03 
1.176024e+01 5.518018e+00 -5.865730e+00 -1.442890e+01 -7.812427e+00 1.334994e+01 3.462541e+00 1.925522e+00 3.631371e+00 -6.754643e+00 1.043504e+00 3.820412e+00 9.980851e-01 1.494973e-01 -1.122918e+00 -2.117436e+00 -3.228876e-01 1.385285e+00 3.827157e+00 5.706921e-01 -1.410536e+00 -1.135038e+00 -1.224210e+00 9.293993e-01 3.589765e-01 1.753555e-02 3.116695e-01 -8.000416e-02 -8.280950e-03 9.985777e-01 6.402211e-01 -5.358163e-01 -8.042905e-01 -4.498337e-01 -1.027395e-01 8.922664e-01 7.624677e-01 -7.871566e-01 -1.082124e-02 
1.338560e+01 2.857732e+00 -7.560538e+00 -1.613039e+01 -5.069099e+00 1.604144e+01 3.261162e+00 -5.094087e-01 9.582695e-01 -6.510839e+00 1.597621e+00 3.879140e+00 9.999999e-01 6.597641e-01 -1.387744e+00 -1.887739e+00 5.659223e-01 1.902918e+00 2.887963e+00 -1.004803e+00 -1.507348e+00 -6.418951e-01 -2.700672e-01 1.937266e+00 -1.197395e-01 5.599333e-03 1.432520e-01 8.732300e-02 1.574326e-01 7.425751e-01 5.061977e-01 -1.241229e+00 -9.719766e-01 1.112383e-01 2.368301e-01 1.028385e+00 6.480748e-01 -9.192176e-01 -8.090058e-03 
1.414132e+01 2.724662e+00 -1.024469e+01 -1.321684e+01 -4.202132e+00 1.947937e+01 6.748021e-01 -3.054585e+00 6.167802e-01 -5.579844e+00 4.583657e+00 2.554445e+00 9.942201e-01 5.016075e-01 -1.194161e+00 -1.473321e+00 8.460798e-01 2.317840e+00 8.354666e-01 -1.688867e+00 -1.471620e+00 -4.854872e-01 7.714682e-01 2.655301e+00 -1.675740e+00 -1.490027e-03 -9.608853e-02 1.763125e-01 3.806320e-01 1.171677e-01 2.852823e-01 -1.430807e+00 -6.018474e-01 3.468432e-01 3.959246e-01 9.766923e-01 5.601204e-02 -7.755421e-01 -5.389401e-03 
1.429816e+01 1.252317e+00 -1.099859e+01 -1.173653e+01 -1.584795e+00 1.914565e+01 -1.332971e+00 -3.693009e+00 1.225390e+00 -5.966095e+00 8.000217e+00 2.020514e+00 9.928850e-01 1.533701e-01 -7.684631e-01 -1.095046e+00 7.735323e-01 2.622830e+00 -8.904151e-01 -1.919990e+00 -6.037706e-01 6.069282e-02 1.759384e+00 2.369695e+00 -2.149590e+00 -1.385852e-03 -2.197937e-01 2.545542e-01 3.664535e-01 -1.079242e-01 7.356721e-02 -1.124384e+00 -2.549143e-01 4.556264e-01 4.830345e-01 6.604486e-01 -5.464176e-01 -4.798335e-01 -2.753772e-03 
1.381191e+01 3.498999e-01 -1.151327e+01 -1.239519e+01 2.034995e+00 1.597496e+01 -2.684385e+00 -3.840839e+00 1.070202e+00 -3.169586e+00 1.111881e+01 -3.628570e+00 9.941850e-01 -7.774147e-02 -5.511326e-01 -6.107014e-01 1.592420e-01 2.451877e+00 -1.437671e+00 -1.981062e+00 -1.281084e-01 4.933106e-01 2.644632e+00 9.933254e-01 -2.503865e+00 -5.920191e-03 -1.414241e-01 1.335451e-01 3.209524e-01 -5.817021e-02 -2.279990e-01 -4.309835e-01 -2.135727e-01 6.295030e-01 3.777495e-01 1.051735e-01 -8.940052e-01 5.191344e-02 -1.295284e-03 
1.431686e+01 2.030381e-01 -1.240110e+01 -1.267366e+01 4.926591e+00 1.334138e+01 -4.658720e+00 -3.135767e+00 1.035294e+00 1.081139e+00 1.017860e+01 -3.777458e+00 9.930782e-01 -1.495452e-01 -4.364537e-01 -4.868686e-01 3.697539e-01 2.203716e+00 -1.597335e+00 -2.133395e+00 9.910310e-02 1.283878e+00 2.095547e+00 3.608359e-02 -2.104819e+00 -5.958571e-03 -3.651584e-02 -1.087290e-01 3.309870e-01 1.131706e-01 -4.760311e-01 1.540134e-02 -2.020494e-01 7.588071e-01 -5.537220e-02 -3.489646e-01 -7.800890e-01 1.256562e-01 -4.857509e-04 
1.374306e+01 4.937797e-01 -1.259653e+01 -1.195193e+01 4.800965e+00 1.519298e+01 -7.567812e+00 -3.973134e+00 3.178329e+00 4.119886e+00 8.460612e+00 -7.065830e+00 9.645305e-01 -5.408603e-02 -6.924702e-01 -1.726661e-01 7.570329e-01 1.387381e+00 -9.658369e-01 -2.650081e+00 1.324399e+00 7.916713e-01 1.129038e+00 -6.479257e-01 -1.438537e+00 -5.678944e-03 6.721149e-02 -3.226941e-01 3.159553e-01 2.922772e-01 -5.233778e-01 -9.599297e-02 7.211483e-02 8.560611e-01 -5.465049e-01 -4.734103e-01 -4.751603e-01 1.707008e-01 5.586801e-04 
1.358494e+01 -1.002048e+00 -1.289135e+01 -1.010965e+01 8.050816e+00 1.155034e+01 -9.558303e+00 -3.130755e+00 6.590945e+00 8.670761e-01 9.509851e+00 -6.784595e+00 9.779171e-01 -4.100227e-02 -1.241351e+00 3.408393e-01 1.040424e+00 7.749547e-01 -1.049312e+00 -2.595641e+00 2.464078e+00 -3.653733e-01 7.724034e-01 -7.100989e-01 -2.054069e+00 -3.929907e-03 7.715121e-02 -3.899640e-01 3.275338e-01 2.469010e-01 -4.930867e-01 -3.393242e-01 4.922656e-01 5.755527e-01 -6.884824e-01 -1.390055e-01 -4.691229e-01 2.307397e-01 -5.576916e-05 
1.390755e+01 -2.509804e+00 -1.213155e+01 -9.892017e+00 7.409902e+00 1.204138e+01 -1.348518e+01 2.778926e+00 2.250996e+00 2.582706e+00 8.213799e+00 -9.317357e+00 9.733846e-01 2.039258e-01 -1.762193e+00 5.553390e-01 1.285261e+00 5.493854e-01 -2.191633e+00 -1.389447e+00 2.969871e+00 -1.414575e+00 9.391863e-01 -1.009521e+00 -1.675740e+00 -4.143739e-03 -5.993814e-02 -2.628773e-01 2.819514e-01 9.154842e-02 -1.365876e-01 -7.646617e-01 9.445543e-01 -1.027976e-01 -1.922458e-01 6.011492e-02 -5.975369e-01 6.118670e-01 -4.207228e-04 
1.402953e+01 -4.501757e+00 -1.092952e+01 -8.501418e+00 7.497183e+00 9.670442e+00 -1.467805e+01 5.808182e+00 -3.280067e-01 5.711462e+00 6.751959e+00 -1.292170e+01 9.689927e-01 1.071059e-01 -1.851439e+00 7.868837e-01 1.340149e+00 1.574049e-01 -2.680981e+00 -3.024275e-01 2.154214e+00 -1.055482e+00 1.495545e+00 -2.128640e+00 -8.324603e-01 -7.011283e-03 -2.600774e-01 -8.672155e-02 3.066114e-01 -1.340002e-01 1.437264e-01 -8.174061e-01 1.097649e+00 -5.259598e-01 3.169687e-01 -1.401602e-02 -7.831473e-01 1.217664e+00 -6.357137e-04 
1.454043e+01 -6.567513e+00 -1.080064e+01 -6.329579e+00 7.824761e+00 5.174079e+00 -1.195493e+01 6.406015e+00 -4.353861e-01 6.393566e+00 4.792385e+00 -1.237619e+01 9.482802e-01 -4.277583e-01 -1.701751e+00 1.014218e+00 1.064883e+00 1.013101e+00 -3.973251e+00 9.261363e-01 9.653056e-01 1.755029e-01 1.068040e+00 -2.926272e+00 1.010103e+00 -6.243681e-03 -4.447331e-01 9.010593e-02 4.412867e-01 -3.463015e-01 2.302955e-01 -5.242579e-01 8.118869e-01 -4.586047e-01 4.165272e-01 -7.727200e-02 -7.723039e-01 1.451060e+00 5.305339e-05 
1.380426e+01 -8.230703e+00 -9.622612e+00 -5.189918e+00 8.630376e+00 1.578833e+00 -1.183546e+01 5.826724e+00 2.656989e+00 6.438962e+00 5.775075e-01 -9.417443e+00 9.554127e-01 -1.025529e+00 -1.705122e+00 1.644574e+00 4.806064e-01 1.261844e+00 -4.245536e+00 1.734918e+00 8.365525e-01 4.243622e-01 6.379380e-01 -3.667403e+00 2.691379e+00 -6.062746e-03 -4.725184e-01 2.223427e-01 5.022257e-01 -4.097977e-01 9.326347e-03 -2.249519e-01 6.121376e-01 -1.339652e-01 1.350028e-02 -1.093894e-01 -4.156601e-01 1.253675e+00 6.157456e-04 
1.188137e+01 -9.154367e+00 -7.714267e+00 -6.222985e+00 1.190908e+01 -3.779150e+00 -1.027590e+01 7.596170e+00 1.636315e+00 7.558974e+00 -3.330440e+00 -6.018646e+00 9.489653e-01 -1.453316e+00 -1.384910e+00 2.332945e+00 -1.644721e-02 1.148769e+00 -4.030520e+00 1.651377e+00 1.335594e+00 -7.179638e-02 9.816873e-01 -4.101688e+00 3.817744e+00 -4.352088e-03 -3.943784e-01 3.873348e-01 3.547532e-01 -2.322138e-01 -5.115411e-01 1.716663e-01 4.725114e-01 -1.071004e-01 -1.947044e-01 -2.100914e-01 2.073046e-01 6.239117e-01 7.431476e-04 
1.023179e+01 -1.173414e+01 -4.250102e+00 -6.151923e+00 1.176410e+01 -7.080169e+00 -6.843075e+00 9.396185e+00 7.579291e-01 8.318563e+00 -7.524033e+00 -2.643010e+00 9.383543e-01 -1.742729e+00 -8.981567e-01 2.638522e+00 -1.682579e-01 1.362105e-01 -3.777026e+00 2.395622e+00 1.299208e+00 -8.643397e-01 9.917670e-01 -3.619252e+00 4.032006e+00 -4.872961e-03 -3.448439e-01 6.971347e-01 -1.115523e-01 1.227255e-01 -8.152595e-01 3.573067e-01 3.630028e-01 -4.183902e-01 -2.776410e-03 -5.136114e-01 1.035144e+00 -1.175721e-01 3.463434e-04 
9.060370e+00 -1.174010e+01 -1.822449e+00 -5.930742e+00 1.200184e+01 -1.064909e+01 -6.194231e+00 1.129943e+01 1.546314e-01 1.036214e+01 -1.166572e+01 3.325357e+00 9.350691e-01 -2.041039e+00 -1.686400e-01 2.290948e+00 2.282242e-01 -9.817376e-01 -3.349039e+00 2.958236e+00 1.983846e-01 -1.536402e-01 -1.592943e-01 -1.913869e+00 3.459577e+00 -3.118441e-03 -1.751470e-01 7.552562e-01 -4.255915e-01 2.585496e-01 -7.329408e-01 3.704802e-01 3.530509e-01 -7.927876e-01 2.978911e-01 -9.073572e-01 1.563893e+00 -6.584755e-01 -9.422748e-04 
6.501194e+00 -1.142849e+01 6.245788e-01 -6.177683e+00 9.264716e+00 -1.387112e+01 -1.898033e+00 1.047158e+01 -9.237157e-01 9.996234e+00 -1.335123e+01 6.070699e+00 9.379854e-01 -2.455846e+00 1.172344e+00 1.107760e+00 9.719392e-01 -1.749279e+00 -2.799738e+00 2.896471e+00 -6.867522e-01 4.512968e-01 -1.359611e+00 4.143817e-01 2.282739e+00 -4.949722e-03 1.960998e-01 5.497358e-01 -3.009102e-01 9.341372e-02 -2.375759e-01 3.347956e-01 -1.494580e-02 -8.430970e-01 3.481216e-01 -8.563537e-01 1.324105e+00 -6.288554e-01 -2.180463e-03 
3.541629e+00 -1.015034e+01 1.303092e+00 -5.069112e+00 8.250211e+00 -1.712935e+01 2.042748e+00 8.050182e+00 1.709166e+00 5.923959e+00 -9.986197e+00 6.922259e+00 9.335583e-01 -1.972584e+00 1.356198e+00 9.703737e-01 7.062912e-01 -1.573318e+00 -2.666663e+00 3.166197e+00 -1.635442e+00 7.597449e-01 -2.379428e+00 1.700946e+00 1.400111e+00 -9.023499e-03 6.673014e-01 2.886850e-01 2.689511e-01 -4.279103e-02 -8.821861e-02 7.727010e-01 -5.823177e-01 -1.055644e+00 7.960292e-02 -6.424071e-01 5.435324e-01 -3.769009e-01 -2.771024e-03 
7.117005e-01 -6.667409e+00 -2.742088e-01 -1.722969e+00 4.894089e+00 -1.783958e+01 3.520775e+00 7.586649e+00 2.237716e+00 3.739505e+00 -6.291831e+00 6.972302e+00 9.143566e-01 -7.964064e-01 1.088001e+00 1.794283e+00 5.974834e-02 -7.558189e-01 -2.444105e+00 2.216960e+00 -1.999145e+00 4.195784e-01 -2.179912e+00 1.193868e+00 1.917480e+00 -1.281765e-02 9.662473e-01 -1.823609e-02 7.084434e-01 -1.138552e-02 -2.176688e-01 1.405837e+00 -9.453758e-01 -1.346633e+00 1.664358e-02 -5.824861e-01 -2.247670e-01 -2.519068e-01 -1.361640e-03 
2.092236e+00 -7.339469e+00 3.478462e+00 -4.626750e+00 6.320897e+00 -2.199827e+01 6.927302e+00 4.564408e+00 2.372794e+00 1.593401e+00 -6.690243e+00 9.874804e+00 9.017605e-01 4.657057e-01 1.316976e+00 3.292495e+00 4.702425e-01 -1.919416e+00 3.366598e-01 3.864868e-01 -4.423558e+00 2.603626e-01 -2.961246e+00 4.140724e-01 1.757722e+00 -1.303696e-02 7.625980e-01 -1.590099e-02 3.714505e-01 3.729798e-01 -5.687876e-01 1.876903e+00 -1.145350e+00 -1.117703e+00 1.554156e-01 -5.010327e-01 -4.704337e-01 -4.951352e-01 4.339323e-04 
3.243674e+00 -7.393890e+00 8.508135e+00 -6.099959e+00 6.450175e+00 -2.365701e+01 6.744333e+00 2.218175e+00 8.421631e-01 1.261546e+00 -9.029560e+00 1.418182e+01 8.897967e-01 1.156214e+00 1.100718e+00 3.488922e+00 1.032962e+00 -2.664366e+00 2.727660e+00 -4.405073e-01 -6.025728e+00 7.842877e-01 -3.981167e+00 -6.609506e-02 8.443664e-01 -9.752722e-03 3.325330e-01 -3.563735e-02 -4.015409e-01 5.297409e-01 -6.010695e-01 1.607679e+00 -8.449587e-01 -4.016756e-01 3.969516e-01 -2.657349e-01 -1.975986e-01 -8.451676e-01 1.697336e-03 
4.604233e+00 -3.202366e+00 1.337439e+01 -5.291234e-01 -2.125281e+00 -1.253689e+01 2.363601e+00 -1.138366e+01 3.708776e+00 -7.643374e+00 -6.546860e+00 1.210648e+01 8.806439e-01 8.640801e-01 1.270323e+00 1.980340e+00 2.084610e+00 -3.462883e+00 4.131912e+00 -1.231868e+00 -5.210566e+00 1.354386e+00 -3.983973e+00 -2.124369e-02 -5.390852e-01 -8.387486e-03 -2.342691e-02 -2.136484e-01 -1.024988e+00 7.963336e-02 5.780291e-02 2.827578e-01 -2.267422e-01 8.702382e-01 4.078754e-01 4.669469e-01 9.549348e-02 -5.825818e-01 1.169148e-03 
5.237120e+00 -3.232185e+00 1.222248e+01 1.393110e+00 -4.205053e+00 -8.931767e+00 3.600425e+00 -1.456776e+01 5.490970e+00 -1.154816e+01 -6.693977e+00 1.007829e+01 8.761641e-01 6.670910e-01 9.331807e-01 4.426984e-01 1.901376e+00 -2.989502e+00 3.696511e+00 -1.198610e+00 -3.614158e+00 1.857305e+00 -2.997200e+00 4.234551e-01 -1.159900e+00 -6.660379e-03 -1.459183e-01 -2.019409e-01 -9.494641e-01 -3.692941e-01 4.789195e-01 -6.803210e-01 1.033549e-01 1.320265e+00 1.582788e-01 9.631711e-01 3.292046e-01 -1.980247e-03 3.861565e-04 
5.415637e+00 -3.068550e+00 1.152291e+01 2.049548e+00 -5.666189e+00 -8.701386e+00 2.339931e+00 -1.309498e+01 6.820501e+00 -1.192149e+01 -7.964265e+00 9.230861e+00 8.666423e-01 5.931939e-01 3.324383e-01 -3.093340e-01 4.341761e-01 -1.467929e+00 1.266010e+00 -3.681515e-01 -1.278161e+00 1.763189e+00 -1.118529e+00 6.466810e-01 -1.529701e-01 -8.738389e-03 -7.653714e-02 -1.335834e-01 -5.195594e-01 -5.672440e-01 6.430189e-01 -9.560055e-01 2.845472e-01 8.674248e-01 -1.742263e-01 8.694290e-01 3.975225e-01 3.767504e-01 -3.052648e-04 
6.173487e+00 -2.794582e+00 1.164757e+01 2.117501e+00 -6.727074e+00 -7.092017e+00 7.627174e-01 -1.499622e+01 8.572721e+00 -1.158533e+01 -6.203337e+00 9.819798e+00 8.635152e-01 5.620022e-01 5.599575e-01 -1.135221e-01 1.182557e-02 -1.267280e+00 7.590221e-01 -3.554818e-01 -1.390614e+00 1.371338e+00 -5.981253e-01 1.245833e+00 6.412284e-01 -7.647297e-03 -4.599630e-02 -1.164664e-02 -1.269496e-01 -3.452737e-01 5.105019e-01 -6.295955e-01 1.524411e-01 3.240605e-01 -5.167836e-01 4.489308e-01 2.778866e-01 1.830527e-01 -6.728726e-04 
7.101779e+00 -1.759095e+00 1.211508e+01 1.279411e+00 -8.203914e+00 -7.126903e+00 1.941307e+00 -1.755994e+01 1.098363e+01 -1.321761e+01 -3.558583e+00 1.147039e+01 8.432946e-01 5.338460e-01 7.890853e-01 -3.394194e-01 1.932356e-01 -1.108788e+00 8.206379e-01 -2.307646e-01 -1.985150e+00 7.263626e-01 -8.364014e-01 1.555153e+00 4.440692e-01 -9.423749e-03 -3.005338e-02 1.842171e-02 9.182157e-02 8.652354e-02 2.920615e-01 -7.664900e-03 -1.650852e-01 5.629502e-02 -7.490765e-01 1.038322e-01 1.200800e-01 -3.491244e-01 -9.449290e-04 
7.204214e+00 -1.087407e+00 1.135865e+01 1.837249e+00 -9.272468e+00 -5.924319e+00 2.022460e+00 -1.928879e+01 1.026613e+01 -1.389071e+01 -2.667291e+00 1.216479e+01 8.496014e-01 4.667524e-01 6.466752e-01 -1.770814e-01 2.954654e-01 -6.165412e-01 7.712942e-01 -5.052415e-01 -1.640382e+00 -2.082374e-01 -8.935544e-01 1.358735e+00 -5.431174e-01 -9.681444e-03 3.214365e-02 -1.943598e-01 2.026900e-01 2.657062e-01 2.227631e-01 2.600953e-01 -3.283566e-01 4.870147e-01 -8.384582e-01 1.048110e-01 -2.595218e-01 -6.514084e-01 -2.007939e-03 
7.569749e+00 2.300198e-02 9.970454e+00 3.155898e+00 -9.937484e+00 -5.182495e+00 5.564547e-01 -2.087433e+01 9.605536e+00 -1.495085e+01 -1.956348e+00 1.027846e+01 8.264997e-01 4.904079e-01 3.810830e-01 1.815818e-01 7.250292e-01 -3.329783e-01 1.221524e+00 -1.118831e+00 -8.719789e-01 -1.192443e+00 -4.517098e-01 1.190775e+00 -1.306449e+00 -1.244481e-02 -2.155706e-02 -2.764720e-01 3.560939e-01 2.479669e-01 2.829149e-01 1.847389e-01 -2.359458e-01 1.219757e+00 -9.379857e-01 3.921272e-01 -6.580301e-01 -6.790619e-01 -2.370239e-03 
8.273193e+00 -4.522487e-01 1.183458e+01 2.656686e+00 -8.942698e+00 -4.207657e+00 -1.071104e+00 -2.154082e+01 8.220608e+00 -1.518643e+01 -2.111017e-01 7.700202e+00 8.235132e-01 7.444422e-01 -2.079387e-01 6.394343e-01 1.074501e+00 -5.413126e-01 1.859030e+00 -1.553262e+00 4.876676e-01 -1.861649e+00 -2.663262e-01 1.305292e-01 -1.740672e+00 -1.617865e-02 -2.332763e-01 -1.274098e-01 2.693979e-01 2.202920e-01 4.941458e-01 -1.402579e-01 1.722701e-01 1.669342e+00 -9.107853e-01 6.172388e-01 -9.930663e-01 -4.998055e-01 -2.784295e-03 
9.019567e+00 -1.711985e-01 1.278475e+01 4.494533e+00 -1.003353e+01 -1.877527e+00 -2.106174e+00 -2.079315e+01 6.044183e+00 -1.482797e+01 1.166724e+00 7.170407e+00 7.941046e-01 2.872432e-01 -1.659588e-01 1.032906e+00 1.043492e+00 2.680352e-01 1.200559e+00 -8.864209e-01 3.049559e+00 -3.136831e+00 8.106440e-01 -1.120876e+00 -2.352589e+00 -1.802638e-02 -5.165418e-01 1.396867e-01 -2.012546e-01 -3.228140e-01 6.108984e-01 -7.911601e-01 7.744737e-01 1.553002e+00 -5.382888e-01 6.778848e-01 -6.384880e-01 -4.983307e-01 -9.900505e-04 
1.020161e+01 -2.029708e+00 1.314864e+01 6.540237e+00 -1.193071e+01 1.718377e+00 -4.412633e+00 -1.689095e+01 2.738567e+00 -1.528388e+01 -3.576506e+00 5.015244e+00 7.849166e-01 -5.980566e-01 2.831808e-01 7.443739e-01 1.237753e+00 1.553675e+00 8.060910e-02 2.399935e-01 4.745577e+00 -3.789918e+00 1.561427e+00 -2.450745e+00 -2.519020e+00 -2.080620e-02 -6.011442e-01 3.344273e-01 -6.093430e-01 -6.338618e-01 4.615949e-01 -1.285343e+00 1.144154e+00 8.139158e-01 -4.575558e-02 5.226267e-01 2.881343e-01 -2.481583e-01 7.312036e-04 
8.041971e+00 -1.762729e-02 1.447787e+01 6.431867e+00 -7.103223e+00 -2.142135e+00 -2.204984e+00 -7.951006e+00 -3.337665e+00 -1.084883e+01 -5.878484e+00 -1.420939e-01 7.556661e-01 -1.421078e+00 8.339763e-01 -8.770548e-01 -9.706742e-01 1.673855e+00 -1.845077e+00 1.856962e+00 4.764183e+00 -2.919690e+00 2.023846e+00 -7.109238e-01 -3.409156e+00 -1.507659e-02 -2.812363e-01 5.645497e-02 -7.018078e-01 -3.912209e-01 -1.412146e-01 -1.085923e+00 7.303261e-01 -2.640417e-01 3.286082e-01 8.157483e-02 1.031291e+00 2.809463e-01 1.415989e-03 
5.771823e+00 8.870263e-01 1.470994e+01 7.877096e+00 -2.639837e+00 -3.671859e+00 1.784945e-01 -4.233716e+00 -6.038086e+00 -9.368789e+00 -8.942559e+00 -1.238493e+00 7.386955e-01 -1.407156e+00 9.642827e-01 -1.452374e+00 -1.087745e+00 1.063758e+00 -3.044923e+00 2.795707e+00 3.699911e+00 -2.199007e+00 1.740263e+00 1.366159e+00 -2.453254e+00 -1.399647e-02 1.759251e-01 -2.913463e-01 -3.981283e-01 -3.068563e-02 -5.919229e-01 -5.894188e-01 1.629916e-01 -6.062233e-01 3.569290e-01 -1.075044e-01 1.064060e+00 6.707998e-01 -3.028483e-03 
4.129036e+00 2.540153e+00 7.619034e+00 -1.027003e+00 -6.309659e+00 -8.407158e+00 4.883085e+00 -3.301135e+00 -4.165967e+00 -7.666072e+00 2.948478e-01 -6.748200e+00 7.418402e-01 -7.144497e-01 -2.241791e-01 -1.377828e+00 2.501128e-01 -1.931184e-01 -2.666152e+00 1.487364e+00 2.252343e+00 -2.289275e+00 1.129142e+00 2.127189e+00 -9.806774e-01 -1.435286e-02 3.177383e-01 -4.690694e-01 1.438837e-02 4.801393e-01 -2.020659e-01 3.304549e-01 -3.310503e-01 -6.085402e-01 2.974865e-01 -3.304719e-02 8.711261e-02 1.099921e+00 -1.435930e-02 
5.121934e+00 1.512493e+00 9.316370e+00 4.830746e+00 -7.008273e+00 -1.037329e+01 6.021850e+00 -7.168714e-01 -7.842288e+00 -8.174030e+00 1.675203e-01 -3.947440e+00 7.218655e-01 -7.177528e-02 -6.445150e-01 -9.959588e-01 4.738906e-01 -4.724889e-01 -2.455866e+00 1.239810e+00 2.970200e+00 -2.320369e+00 1.471333e+00 1.450500e+00 -3.793278e-01 -3.631726e-02 -7.981757e-02 -4.177933e-01 -1.917481e-01 7.734932e-02 5.980395e-01 8.261520e-01 -3.200134e-01 -6.112432e-01 4.486449e-01 3.035326e-01 -2.717952e-01 8.994024e-01 -2.870530e-02 
4.794652e+00 -1.451207e+00 1.028549e+01 9.205071e+00 -5.884575e+00 -1.212220e+01 2.310251e+00 1.552190e+00 -1.388209e+01 -5.800559e+00 2.026194e-01 -3.691020e+00 6.923164e-01 -5.000854e-01 -7.069487e-01 -1.033232e+00 6.492482e-01 1.431633e+00 -4.872279e-01 9.796855e-01 2.086215e+00 -1.371418e+00 1.993087e+00 -3.175721e-01 1.053622e+00 -7.571173e-02 -5.316318e-01 -1.182613e-01 -5.312191e-01 -6.050068e-01 1.243784e+00 9.218492e-01 4.944240e-02 -7.209090e-01 8.053315e-01 3.591036e-01 -1.582364e-01 6.177664e-01 -3.913501e-02 
5.080280e+00 -3.396795e-01 8.396944e+00 5.130540e+00 -5.214811e+00 -1.409360e+01 7.663685e+00 8.190495e+00 -1.278174e+01 -2.944958e+00 -1.643443e+00 -4.663346e+00 5.818672e-01 -1.913446e+00 -8.832952e-01 -2.583400e+00 -9.006140e-01 3.241661e+00 -3.633260e-03 1.449355e+00 7.267336e-01 -4.146668e-01 2.825963e+00 1.229543e+00 1.026509e+00 -1.268450e-01 -6.014395e-01 -6.688565e-03 -6.182807e-01 -4.525854e-01 1.152480e+00 8.836915e-01 -2.746685e-01 -9.112796e-01 9.673204e-01 -1.165668e-01 2.245430e-01 5.378170e-01 -3.431762e-02 
1.649768e+00 -6.869344e-02 2.912402e+00 2.069534e+00 -4.842943e-02 -8.983109e+00 8.960623e+00 2.676197e+00 -8.553345e+00 -3.151592e-01 -3.873439e-01 -1.122277e+00 4.332606e-01 -2.451659e+00 -6.959941e-01 -3.240145e+00 -2.087573e+00 4.168742e+00 7.168370e-01 1.629799e+00 -2.303535e-01 7.843917e-01 2.247366e+00 1.446479e+00 1.405255e+00 -1.647646e-01 -5.186827e-02 2.048775e-01 -1.467344e-01 5.896282e-02 -1.506302e-01 4.704171e-01 -7.300252e-01 -4.208726e-01 6.789771e-01 -8.773423e-01 3.372677e-01 5.977945e-01 -1.500958e-02 
-2.872677e+00 -3.595240e+00 8.589587e-02 3.895833e+00 6.281456e+00 -1.196094e+01 9.943470e+00 2.354980e+00 -1.257988e+01 3.213154e+00 6.610069e+00 -9.908159e-02 2.171759e-01 -2.103213e+00 -6.834307e-01 -2.983752e+00 -4.206401e-01 3.921163e+00 1.360607e+00 -4.585220e-01 -4.277641e-01 1.438310e+00 7.612846e-01 1.691254e+00 2.133827e+00 -1.633774e-01 6.749120e-01 6.440673e-01 5.566239e-01 6.092255e-01 -1.615042e+00 4.536600e-01 -9.358729e-01 7.163058e-02 6.417244e-01 -1.215807e+00 -4.472373e-01 4.122699e-01 1.286492e-02 
-3.487287e+00 -3.303007e+00 -1.759694e+00 -6.152864e-01 9.211033e+00 -9.604477e+00 9.319798e+00 3.318128e+00 -1.006121e+01 2.357295e+00 3.308141e+00 1.053151e+00 5.084329e-02 -6.646268e-01 2.173765e-01 -1.566863e+00 7.041355e-01 3.387221e-01 1.182663e+00 -1.716483e+00 5.591240e-01 1.096896e+00 -1.361274e+00 1.137881e+00 3.488775e+00 -1.324979e-01 7.811652e-01 9.620560e-01 1.181533e+00 1.084001e+00 -2.033845e+00 4.208019e-01 -6.504098e-01 1.928808e-01 5.681214e-01 -7.100493e-01 -7.797712e-01 -4.991910e-01 3.379600e-02 
-2.867151e+00 -2.139668e+00 -4.186083e+00 4.369730e+00 9.761378e+00 -6.980118e+00 5.191540e+00 5.731010e+00 -4.836424e+00 -4.744342e-01 4.964893e+00 4.918052e+00 -4.381237e-02 5.675497e-01 1.880258e+00 -6.368849e-01 7.496538e-01 -2.918582e+00 2.031734e+00 -1.556727e+00 6.901822e-01 2.637785e+00 -1.448770e+00 -8.523861e-01 2.046092e+00 -7.865055e-02 3.157044e-01 9.544110e-01 1.403961e+00 7.226279e-01 -1.095896e+00 3.318177e-01 -4.700895e-02 3.720831e-02 2.803695e-01 1.348621e-01 -1.019599e+00 -1.662668e+00 3.815024e-02 
-1.676184e+00 2.906333e-01 -2.786097e+00 5.353054e+00 -9.480891e-02 -5.560318e+00 2.754335e+00 3.784168e+00 -6.940756e+00 -5.277730e+00 6.124656e+00 1.381291e+01 -9.872952e-02 1.187243e-01 2.832468e+00 1.494147e+00 2.747237e+00 -2.580636e+00 2.485287e+00 -1.073200e+00 1.750049e-01 3.025269e+00 -1.979505e-01 -1.180574e+00 -1.046861e+00 -3.814854e-02 -3.714154e-01 3.274859e-01 9.182362e-01 2.311031e-01 7.037625e-01 9.837925e-02 3.818217e-01 -1.290005e-01 2.647806e-02 9.293137e-01 -7.608646e-01 -2.309515e+00 2.957449e-02 
-9.400119e-01 4.009143e+00 -2.585618e+00 4.659752e+00 -3.658360e+00 -3.823910e+00 5.442512e+00 5.573158e+00 -9.510348e-01 -2.134111e-01 9.397002e-01 3.751758e+00 -1.012944e-01 -9.162537e-01 2.781065e+00 2.505551e+00 2.170921e+00 -9.867506e-02 2.368448e+00 -1.015295e+00 -4.957223e-02 1.875920e+00 8.538724e-01 -2.247625e+00 -3.911648e+00 -1.980283e-02 -7.361669e-01 -5.373309e-01 2.244655e-01 -3.924010e-01 1.492085e+00 -2.812800e-01 3.065836e-01 -1.822888e-01 -4.418735e-01 7.045647e-01 2.140570e-01 -1.210010e+00 1.533731e-02 
-3.857498e+00 7.784684e+00 4.910457e+00 1.297581e+01 3.017729e+00 1.244453e+00 3.828479e+00 4.272256e+00 3.122552e+00 1.236892e+00 -5.826293e-01 -3.598378e+00 -1.111676e-01 -1.779677e+00 1.404536e+00 1.453075e+00 1.149038e+00 2.447568e+00 1.506210e+00 -7.803546e-02 2.841652e-01 1.610213e+00 2.133996e+00 -1.968825e+00 -5.079865e+00 -1.404581e-02 -5.019110e-01 -1.115539e+00 -8.400176e-01 -1.307006e+00 7.780645e-01 -2.760813e-01 4.423937e-01 2.909922e-02 -5.934365e-01 2.269005e-01 9.711950e-01 5.211634e-01 6.310350e-03 
-6.357594e+00 8.018767e+00 4.493494e+00 1.141289e+01 7.711551e+00 1.459694e+00 -4.218837e-01 5.239414e+00 -4.881272e-01 5.379599e-01 -2.919705e+00 -5.934690e+00 -1.366058e-01 -2.164026e+00 -9.234062e-02 5.059496e-01 -4.132610e-01 2.027755e+00 1.114783e+00 -5.213755e-01 -2.756312e-01 1.135894e+00 9.080119e-01 6.120371e-01 -1.987469e+00 -1.401292e-02 -4.245343e-02 -1.134220e+00 -1.102462e+00 -9.830911e-01 -4.202373e-01 -1.999172e-01 5.805608e-01 1.682777e-01 -6.018394e-01 -1.730441e-01 1.369545e+00 1.717702e+00 3.828665e-03 
-7.866067e+00 5.308162e+00 9.396178e-01 7.722091e+00 6.458210e+00 -6.709935e-01 5.296362e+00 5.371709e+00 8.789681e-01 5.016836e+00 -1.789814e+00 -6.743237e+00 -1.512926e-01 -1.767012e+00 -1.308610e+00 -1.706200e+00 -2.495829e+00 2.464914e-01 1.731836e+00 8.918886e-01 4.334991e-01 4.281060e-01 9.095706e-01 2.245555e+00 5.968745e-01 -9.495026e-03 3.188536e-01 -6.276639e-01 -6.478565e-01 -1.716107e-01 -9.769915e-01 -2.107690e-01 7.851249e-02 1.474809e-01 -7.027051e-01 -5.793686e-01 7.410985e-01 1.556758e+00 3.916254e-03 
-9.756228e+00 4.785573e+00 1.929801e+00 5.220256e+00 4.760064e+00 2.707037e+00 2.101734e+00 3.645358e+00 5.850293e+00 2.436737e+00 4.603447e+00 -4.613303e+00 -1.512926e-01 -1.134910e+00 -1.533448e+00 -1.427217e+00 -9.220052e-01 -1.099355e+00 1.256039e+00 1.402635e+00 7.173488e-01 -5.421643e-01 6.008405e-01 2.492908e+00 1.838366e+00 -2.937506e-03 4.603387e-01 -1.881223e-01 -2.072672e-01 4.199930e-01 -7.671595e-01 -4.919046e-01 -2.589924e-01 8.691098e-02 -6.457523e-01 -2.816849e-01 -3.000359e-01 4.394933e-01 3.751693e-03 
-1.099310e+01 2.858478e+00 -2.338809e+00 3.592931e+00 5.725633e+00 9.279453e+00 7.026113e+00 7.236368e+00 2.093532e+00 4.835254e+00 6.883768e+00 -1.274475e+00 -1.512926e-01 -7.001099e-01 -1.013219e+00 -8.196563e-01 5.452773e-01 -8.736693e-01 3.817851e-01 -6.474785e-01 5.248776e-01 -1.064217e+00 -6.092442e-01 7.961855e-01 7.909749e-01 1.315837e-06 4.022751e-01 2.156573e-01 4.268644e-01 4.917879e-01 -2.946610e-01 -5.898730e-01 -7.555410e-01 -3.695702e-01 -3.138697e-01 -1.316830e-01 -9.281642e-01 -3.507222e-01 2.192345e-03 
-1.046817e+01 1.576606e+00 -1.003684e+00 8.867082e+00 2.580958e+00 2.764303e+00 5.726921e+00 7.893333e+00 -3.806264e+00 3.632669e+00 5.207973e+00 5.229421e-01 -1.512926e-01 -3.957292e-01 -1.180602e+00 -9.735745e-01 1.662065e-01 -1.247949e+00 -6.696464e-01 -1.046574e+00 1.132627e-01 -1.346563e+00 2.589617e-01 -1.635308e-01 1.128750e-01 1.315837e-06 2.242459e-01 3.613928e-01 4.772407e-01 -1.402813e-01 8.551149e-02 -8.837152e-02 -4.182980e-01 -4.662725e-01 8.987311e-02 -1.117456e-01 -1.039101e+00 -5.727494e-01 5.878764e-04 
-1.101010e+01 1.846473e+00 -1.691884e+00 8.625026e+00 3.179144e+00 1.208908e+00 2.464973e-01 5.872325e+00 3.860853e-01 1.372686e+00 1.888869e+00 -5.356505e+00 -1.512926e-01 -1.252617e-01 -4.067307e-01 2.012964e-01 -5.810736e-01 -1.152574e+00 -2.546985e-01 -1.661153e+00 -1.112362e+00 -7.391301e-01 4.220036e-01 -1.066848e+00 -2.939571e-01 1.315837e-06 1.112677e-01 2.049094e-01 3.464655e-01 -3.178272e-01 2.193197e-01 1.610669e-01 3.582139e-01 -4.083504e-01 1.826471e-01 7.501360e-02 -5.122189e-01 -2.560856e-01 -3.078000e-08 
-1.172630e+01 -6.114110e-01 -3.261604e+00 3.535192e+00 -2.061927e-01 3.393570e+00 2.585199e-01 4.893141e+00 -2.863446e-02 5.462962e+00 6.283349e+00 -2.007751e+00 -1.512926e-01 -3.011075e-01 -2.967710e-02 4.484485e-01 -1.060301e+00 -5.324622e-01 1.132424e+00 -1.819665e-01 -7.954186e-01 -2.554510e-01 -4.734279e-01 -1.771066e+00 -4.830520e-01 1.315837e-06 8.994491e-02 1.592951e-01 2.265781e-01 3.509463e-02 5.234684e-01 -5.788571e-02 3.976849e-01 -1.141614e-01 2.143602e-01 -1.712679e-01 -1.814724e-01 -1.885495e-01 -3.078000e-08 
-1.099055e+01 1.918413e+00 -2.030303e-01 3.353984e+00 1.356832e+00 7.691147e+00 1.454768e+00 3.174809e+00 -3.490577e+00 6.030012e+00 1.011765e+00 -1.478783e+00 -1.512926e-01 -1.910992e-01 -5.640789e-01 2.017072e-01 -4.305895e-01 -1.347755e-01 2.860377e-01 7.113455e-01 -1.062310e+00 -6.965963e-01 1.319782e-01 -9.611635e-01 -1.914843e-01 1.315837e-06 7.137765e-02 -8.118770e-02 -1.368217e-01 3.228072e-01 3.983763e-01 -6.805733e-01 1.167862e-01 3.375757e-01 2.322552e-01 -1.967099e-02 3.007652e-01 -9.618666e-02 -3.078000e-08 
-1.198345e+01 1.392097e+00 4.940146e-01 6.200915e+00 8.298591e-01 5.185927e+00 4.213202e+00 5.265471e+00 -3.144914e+00 -1.063400e+00 -3.208339e+00 -3.830810e+00 -1.512926e-01 8.690461e-02 -3.054579e-01 1.590947e-01 2.663635e-01 8.605477e-01 -1.229558e+00 -2.444241e-01 -4.825912e-01 -2.960089e-01 -4.522294e-01 -1.123763e+00 -8.812636e-01 1.315837e-06 9.660419e-02 -6.042774e-02 -1.046053e-01 4.291291e-01 1.016524e-01 -8.459740e-01 -2.969669e-01 4.296442e-01 2.852245e-01 2.932739e-01 7.099185e-01 2.512033e-01 -3.078000e-08 
-1.183723e+01 -1.975660e+00 -2.561611e+00 5.139423e+00 1.987520e+00 1.743390e+00 1.825965e+00 3.745630e-01 -1.538776e+00 5.295860e+00 1.828753e+00 -5.402412e+00 -1.512926e-01 3.770965e-02 -6.747743e-01 -3.381872e-01 3.696710e-01 1.429648e-01 -2.476575e+00 -1.045881e+00 4.191749e-01 4.424572e-01 3.131012e-01 1.134135e-01 -5.757918e-01 1.315837e-06 5.779665e-02 2.377287e-01 1.573107e-01 1.944062e-01 -3.280189e-01 -9.346931e-02 -2.157427e-01 4.049860e-01 2.435835e-01 5.210370e-02 5.316959e-01 5.595096e-01 -3.078000e-08 
-1.086856e+01 -1.913267e-01 -1.286714e+00 3.974446e+00 3.780982e+00 2.202484e-01 -1.149626e+00 3.880382e+00 -2.485080e+00 3.568881e+00 2.560148e-01 -4.451593e+00 -1.512926e-01 6.754064e-02 -2.764243e-01 1.952383e-01 6.851488e-01 -1.629571e-01 -1.715965e+00 -7.881319e-01 6.119754e-01 6.011531e-01 9.024005e-01 1.241297e+00 9.651924e-01 1.315837e-06 -4.986721e-02 2.557378e-01 2.249124e-01 -4.952894e-02 -4.700052e-01 6.033130e-01 2.511372e-01 4.112495e-02 4.207006e-02 3.517502e-02 4.259619e-01 6.635484e-01 -3.078000e-08 
-1.135906e+01 -6.635954e-01 -1.004105e+00 6.315059e+00 5.961357e-01 -2.209275e+00 -1.093270e+00 5.963027e+00 -1.608212e+00 5.279815e+00 -1.535990e-01 -4.047112e+00 -1.512926e-01 1.075246e-01 6.100577e-01 9.700657e-01 3.321122e-01 -1.263088e+00 6.181756e-02 -9.545628e-02 4.152234e-01 7.275620e-02 -2.847191e-01 5.147045e-01 1.682919e+00 1.315837e-06 -1.978562e-02 2.727551e-01 7.248358e-02 -3.123074e-01 6.636193e-03 1.010480e+00 4.669742e-01 -1.832817e-01 -1.344215e-01 -1.755453e-01 2.542782e-02 3.747225e-01 -3.078000e-08 
-1.188484e+01 -6.460764e-01 6.915457e-01 9.038519e+00 7.111714e-01 -1.418083e+00 1.732039e+00 5.531064e+00 -1.041415e-01 3.456567e+00 3.989213e+00 3.169795e-01 -1.512926e-01 -1.973794e-01 3.308296e-01 6.295770e-01 3.744518e-02 -7.865624e-01 5.178001e-01 5.360485e-01 -2.749726e-01 9.917085e-02 2.255615e-02 8.052589e-01 1.307371e+00 1.315837e-06 3.866307e-03 -4.779264e-02 -4.159631e-01 -4.977331e-01 3.098165e-01 7.496852e-01 2.985772e-01 -8.271798e-02 -1.748176e-01 -1.809466e-01 -3.198561e-01 -2.724934e-01 -3.078000e-08 
-1.079120e+01 1.301892e+00 1.299723e+00 4.267578e+00 -2.793218e+00 2.871595e+00 -9.163815e-02 1.625854e+00 -2.365559e+00 3.928522e+00 2.535962e+00 6.275777e-01 -1.512926e-01 7.120409e-02 3.854495e-01 -1.929969e-01 -8.680299e-01 4.880148e-01 1.458911e+00 6.269139e-01 -5.385302e-02 2.138284e-02 -1.245868e-01 4.585114e-01 1.126618e+00 1.315837e-06 -1.778456e-02 -3.141534e-01 -5.851705e-01 -2.858506e-01 4.518028e-01 -2.033367e-02 2.356855e-01 1.965216e-01 1.609552e-01 -5.360085e-02 -4.650318e-01 -6.573693e-01 -3.078000e-08 
-1.213901e+01 4.799881e-01 7.096562e-01 5.185613e+00 1.543081e+00 2.689574e-01 1.029844e+00 4.674654e+00 -1.610489e+00 4.357429e+00 2.937734e+00 -2.525196e-01 -1.512926e-01 1.050125e-01 -4.029770e-01 -1.302871e+00 -1.203489e+00 5.106066e-01 1.333762e+00 3.435286e-01 4.328405e-01 -2.472354e-01 -8.250144e-02 -3.297387e-01 -1.191833e-01 1.315837e-06 1.204201e-01 -1.400769e-01 -2.970507e-01 -9.391540e-02 2.853404e-02 -4.911475e-01 -9.471083e-02 -6.848570e-02 1.581543e-01 -1.374830e-01 -5.425251e-01 -7.734528e-01 -3.078000e-08 
-1.087579e+01 7.006535e-01 -1.977862e+00 3.901607e+00 2.620034e+00 4.242027e+00 2.392154e+00 6.122383e+00 -7.484179e-01 4.205981e+00 2.664783e+00 1.870798e+00 -1.512926e-01 -1.324839e-01 -5.938020e-01 -9.895926e-01 -4.767711e-01 3.472232e-01 -4.478551e-01 1.179233e+00 1.044006e+00 1.050722e+00 -5.002379e-01 -1.242748e+00 -8.908573e-01 1.315837e-06 1.024762e-01 -5.546966e-02 9.092780e-02 1.735834e-01 -2.210046e-01 -5.750844e-01 -5.314730e-01 -4.327880e-01 3.777526e-02 -1.953015e-01 -2.211922e-01 -6.775871e-01 -3.078000e-08 
-1.131698e+01 -2.360333e+00 -4.183978e+00 3.204309e+00 5.577905e-01 4.565876e+00 2.207683e+00 5.446877e+00 -2.148903e+00 2.905170e+00 2.276079e+00 -9.001852e-01 -1.512926e-01 5.066317e-01 1.201638e-01 -4.573993e-01 -6.276698e-01 -5.735701e-01 -9.845006e-01 -2.137397e-01 -1.166201e+00 3.751727e-01 -4.769610e-01 -1.056743e+00 -1.551299e+00 1.315837e-06 6.238926e-02 8.969009e-02 4.073233e-01 3.515860e-01 -2.191753e-01 -1.926996e-01 -5.435950e-01 -2.530641e-01 -7.351311e-03 2.589506e-02 5.033211e-02 -2.383259e-01 -3.078000e-08 
-1.186486e+01 -2.468658e-01 -1.201215e+00 2.874314e+00 -5.644468e-01 -1.515501e+00 5.215585e+00 6.460136e+00 3.157081e+00 2.153408e+00 -3.347242e+00 -3.502842e+00 -1.512926e-01 3.829117e-01 -1.534720e-01 -1.610633e-01 -2.879819e-01 -7.491866e-02 -2.572552e-01 -1.751820e+00 -1.418274e+00 -1.010189e-01 -9.039458e-01 -2.839593e-01 -1.545181e+00 1.315837e-06 -3.671267e-02 -7.267899e-02 2.884922e-01 3.709242e-01 -1.996448e-01 4.388713e-01 -3.326217e-01 2.834599e-01 -2.130973e-01 3.509112e-01 2.264495e-01 1.365947e-01 -3.078000e-08 
-9.111440e+00 1.554614e+00 -1.965648e+00 2.561196e+00 2.670971e-01 -1.774185e+00 -1.450943e+00 -1.325729e+00 -1.687134e+00 2.999091e+00 6.600277e-01 -5.322178e+00 -1.512926e-01 1.592316e-01 -1.747684e-01 3.194817e-01 4.600444e-01 -3.740862e-01 2.750441e-01 -9.089888e-01 3.985941e-01 2.919770e-01 2.488820e-01 -5.576043e-01 -9.837363e-01 1.315837e-06 -2.733960e-01 -2.520975e-01 1.960273e-01 4.126460e-01 -1.787692e-01 4.099502e-01 5.054724e-01 1.115331e+00 1.327900e-01 4.865218e-01 -5.647432e-02 3.564712e-01 -3.078000e-08 
-1.006396e+01 -2.023744e+00 -3.892103e+00 2.783265e+00 2.390328e+00 6.125878e+00 -4.537743e+00 2.417119e+00 -1.484138e+00 -3.601632e-01 2.053163e+00 -3.643872e+00 -1.512926e-01 -1.423229e-01 -8.097536e-01 6.442325e-02 8.340576e-01 -7.509279e-01 1.116701e+00 -1.362368e-01 1.678881e+00 2.679056e-02 8.913856e-01 -3.601551e-01 -4.916725e-01 1.315837e-06 -2.718214e-01 -1.955114e-01 1.232661e-01 2.739668e-01 -2.864829e-01 1.374455e-01 8.929988e-01 1.102313e+00 2.836061e-01 4.733269e-01 -2.777134e-01 3.186780e-01 -3.078000e-08 
-1.142112e+01 -2.345796e+00 -1.241227e+00 5.550251e+00 -2.790297e+00 2.120555e+00 2.539431e+00 9.460829e+00 1.631762e+00 5.406218e+00 -3.212073e+00 -5.748165e+00 -1.512926e-01 -5.976379e-01 -8.122050e-01 4.100460e-01 8.745183e-01 -1.129516e+00 3.783336e-01 1.505774e+00 2.861698e+00 9.753259e-01 1.058064e+00 -1.300900e+00 -2.956255e-01 1.315837e-06 -1.969291e-01 -1.277297e-01 5.265809e-02 8.694228e-02 -1.889380e-01 -5.319171e-02 6.471564e-01 6.109127e-01 2.315394e-01 1.785069e-01 -2.427203e-01 1.571813e-01 -3.078000e-08 
