-1.322992e+01 1.717705e-01 1.776466e+00 4.070921e+00 3.470655e-01 1.099927e+00 -5.159589e+00 4.675054e+00 1.088912e+00 8.044352e+00 6.064560e+00 1.547066e+00 -1.512926e-01 2.874533e-01 2.017141e-02 -3.411702e-01 -1.923545e-02 2.820618e-01 -1.397207e-01 1.199491e+00 1.104758e+00 -3.740074e-01 -1.922755e+00 -9.821806e-01 -3.512241e-01 -4.168605e-07 7.298692e-03 -1.288807e-01 -7.719091e-02 -7.392135e-02 4.396718e-02 -2.528992e-02 6.291534e-02 6.581462e-02 2.028911e-01 4.839434e-01 1.243513e-01 2.542540e-01 -6.888312e-08 
-1.310092e+01 1.002983e+00 2.246805e+00 6.252850e+00 4.414176e-01 -6.049891e-01 -3.852751e+00 4.437497e+00 1.979753e+00 2.816815e+00 2.998947e+00 -1.068483e+00 -1.512926e-01 2.106662e-01 -3.806208e-01 -5.484601e-01 2.758030e-02 6.391571e-01 -2.901624e-01 1.542707e+00 1.514155e+00 -1.957798e-01 -1.462204e+00 -1.113593e+00 -2.525550e-01 -4.168605e-07 6.871916e-02 -6.810421e-02 -6.628124e-02 -1.076265e-01 7.246868e-02 1.440946e-01 -5.188004e-02 -5.271096e-02 4.565559e-01 9.564549e-01 5.534509e-01 5.084942e-01 -6.888312e-08 
-1.185748e+01 -1.429313e-01 -1.648863e-01 2.883730e+00 1.710065e+00 1.253693e+00 1.845427e-01 1.031757e+01 -1.227067e+00 1.044396e+00 2.686260e+00 1.098786e+00 -1.512926e-01 3.624049e-01 -4.237801e-01 -6.235940e-01 -4.120942e-01 3.232906e-01 -1.908596e-01 1.342573e+00 1.229071e+00 5.512870e-01 2.665161e-01 -2.948181e-01 8.707499e-01 -4.168605e-07 2.550350e-02 6.668027e-02 -1.139938e-02 1.350292e-02 5.370594e-02 3.908131e-01 -3.014300e-01 -6.001636e-01 3.508527e-01 7.931735e-01 4.466457e-01 3.264259e-01 -6.888312e-08 
-1.286286e+01 -1.573909e+00 4.833622e-03 4.802177e+00 2.861487e+00 -4.280231e-01 -1.181988e-01 9.424535e+00 1.267702e+00 4.233430e+00 2.185422e+00 5.084839e-01 -1.512926e-01 5.933782e-01 -9.839590e-02 -5.314002e-01 -3.608247e-01 6.238624e-01 6.063964e-01 8.685887e-01 7.788343e-01 1.446074e+00 1.764787e+00 1.441156e+00 1.580372e+00 -4.168605e-07 -6.142583e-02 1.793682e-01 2.733234e-02 4.996534e-02 -3.702534e-02 5.774535e-01 -3.412284e-01 -8.908901e-01 -8.957078e-02 2.633234e-01 1.840336e-01 -1.731039e-01 -6.888312e-08 
-1.153737e+01 -6.584429e-01 -2.203901e-01 2.735569e+00 7.534738e-01 5.701477e-02 -3.139463e-01 8.326936e+00 4.201414e+00 8.668877e+00 4.997587e+00 5.112339e+00 -1.512926e-01 2.236680e-01 2.125054e-01 -4.066055e-01 2.424977e-01 5.583618e-01 1.365829e+00 2.938877e-02 -1.528332e+00 5.591693e-01 4.296643e-01 -2.651359e-02 3.645045e-01 -4.168605e-07 -1.698246e-01 9.217288e-02 2.266357e-02 1.136676e-01 -3.019034e-02 3.796170e-01 -1.527160e-01 -7.013324e-01 -6.604972e-01 -4.400812e-01 -3.138466e-01 -8.319160e-01 -6.888312e-08 
-1.029392e+01 7.685384e-01 -3.824101e-01 4.523040e+00 4.039050e+00 3.025511e+00 7.395316e-01 9.327203e+00 6.495628e+00 7.828407e+00 9.049393e+00 4.826798e+00 -1.512926e-01 -2.719042e-02 1.981189e-01 -5.201827e-01 -4.999713e-02 3.365903e-01 1.818713e+00 4.931118e-01 -1.561801e+00 -6.475524e-01 -2.271056e-01 -3.276981e-01 -8.650172e-01 -4.168605e-07 -1.943928e-01 -1.184279e-01 4.834180e-02 6.864818e-02 -2.745081e-01 -1.833052e-01 -4.836018e-02 -4.139346e-01 -7.962872e-01 -5.457073e-01 -6.074125e-01 -9.189318e-01 -6.888312e-08 
-1.202393e+01 -2.514951e-01 -2.004534e+00 4.235884e+00 3.912839e+00 6.356572e+00 -9.751180e-02 2.724561e+00 -1.045167e+00 1.395361e+00 -8.778344e-01 7.623262e-01 -1.512926e-01 -1.764818e-01 -1.112375e-01 -5.158592e-01 8.580312e-04 3.159758e-01 1.101069e+00 7.667979e-01 -1.107181e+00 -1.704364e+00 -9.379488e-01 -9.796018e-01 -2.066132e+00 -4.168605e-07 -1.439214e-02 -1.275135e-01 8.916970e-02 -2.034487e-02 -3.063601e-01 -5.184384e-01 -2.556110e-02 3.462578e-01 -9.656948e-02 5.483177e-02 1.020507e-01 -2.702995e-01 -6.888312e-08 
-1.275568e+01 -7.866547e-01 -1.704236e+00 3.802095e+00 2.964825e+00 5.515984e+00 2.239002e+00 4.417151e+00 6.530791e-01 6.734609e+00 3.484976e+00 -1.641563e+00 -1.512926e-01 -1.783173e-01 -5.287334e-01 -2.350714e-01 1.031898e-01 -6.275226e-01 -1.778269e-01 2.580899e-01 -1.501238e+00 -1.403523e+00 -2.799025e-01 -1.119288e+00 -1.798943e+00 -4.168605e-07 7.580188e-02 2.707410e-02 2.031258e-01 -2.565273e-03 -2.969340e-01 -6.234741e-01 -4.279449e-01 3.525586e-01 3.022802e-01 2.257614e-01 3.315830e-01 2.697600e-01 -6.888312e-08 
-1.118928e+01 -4.369860e-01 -2.138642e+00 3.100624e+00 2.870473e+00 4.317687e+00 2.770190e+00 5.245850e+00 -1.399638e+00 4.525902e+00 2.881816e+00 -1.984263e+00 -1.512926e-01 2.271861e-01 -6.160913e-02 -1.034995e-01 6.414215e-02 -4.914230e-01 -2.281158e-01 1.896342e-02 1.730063e-01 4.543639e-01 7.302004e-01 8.797261e-01 -5.199497e-01 -4.168605e-07 -2.556956e-02 1.271922e-01 2.354260e-01 1.664049e-02 -2.105807e-01 -2.579844e-01 -5.577397e-01 3.964261e-01 5.510764e-01 1.135280e-01 4.564857e-01 7.018138e-01 -6.888312e-08 
-1.160281e+01 -1.782045e+00 -1.490562e+00 5.606749e+00 1.422516e+00 3.156078e+00 5.958350e-01 5.601568e-01 -3.445177e-01 4.863233e+00 1.572838e+00 -2.794711e+00 -1.512926e-01 1.499401e-01 3.087689e-01 2.892297e-01 -9.432709e-02 -7.443379e-01 -6.339684e-01 -1.272795e+00 -4.391966e-01 -2.154856e-01 6.762857e-02 4.006031e-01 -2.892643e-01 -4.168605e-07 -7.188391e-02 1.576245e-01 9.450544e-02 -9.426805e-02 1.930417e-01 2.727345e-01 -2.450323e-01 5.708263e-01 2.498280e-01 -2.882493e-01 5.927923e-02 7.936516e-01 -6.888312e-08 
-1.146433e+01 -6.200798e-02 -2.628552e+00 3.654698e+00 2.226755e+00 6.395958e+00 8.189428e-01 5.517499e+00 1.725820e+00 5.982100e+00 4.476554e+00 -1.260924e+00 -1.512926e-01 -4.686400e-01 1.060072e-01 3.990676e-01 1.828387e-01 -6.785046e-01 3.933606e-02 -1.256460e+00 3.437378e-01 4.569913e-01 -5.442350e-01 5.429754e-01 6.881640e-01 -4.168605e-07 -2.916625e-02 -5.315265e-02 -3.779222e-02 -9.821378e-02 2.943158e-01 2.342406e-01 2.523877e-01 3.621880e-01 8.155500e-02 -4.951570e-01 -5.659266e-01 3.539394e-01 -6.888312e-08 
-1.186838e+01 5.693938e-01 -1.281211e-02 3.053274e+00 -4.351173e-01 1.306567e+00 -3.149617e+00 2.085578e+00 -1.987313e+00 6.344501e+00 4.690622e+00 -3.449659e+00 -1.512926e-01 -1.897895e-01 1.755255e-01 -1.387638e-02 -4.274232e-01 4.312394e-01 1.052197e+00 -3.294240e-01 1.267521e+00 -1.557845e-01 -1.084039e+00 -6.545632e-01 1.565208e+00 -4.168605e-07 1.538778e-01 -1.150759e-01 -3.475984e-01 -2.324640e-01 3.437244e-01 2.041727e-01 6.636112e-01 3.787126e-01 2.829578e-01 -1.303986e-01 -4.654506e-01 -3.071430e-02 -6.888312e-08 
-1.339969e+01 -1.082708e+00 -8.825865e-01 5.290953e+00 4.071077e-01 5.438831e+00 -1.639469e+00 6.202125e+00 1.707163e+00 1.064187e+00 4.037984e+00 1.783935e+00 -1.512926e-01 2.512012e-01 -2.607984e-01 -1.408911e-01 -2.603573e-01 3.924488e-01 9.996604e-02 8.093202e-01 1.130657e+00 8.321304e-01 -1.169559e+00 -1.422406e+00 3.225118e-01 -4.168605e-07 3.120770e-01 6.006454e-02 -3.975256e-01 -3.615800e-01 8.453045e-02 -2.521555e-01 4.084615e-01 -1.519776e-01 4.561060e-02 3.215671e-01 -1.578913e-01 -5.517066e-01 -6.888312e-08 
-1.158432e+01 -3.940267e-01 -2.432845e+00 2.651179e+00 4.488346e+00 8.895602e+00 1.778695e-01 6.555160e+00 -1.113574e+00 1.902018e+00 -1.480657e+00 3.508915e+00 -1.512926e-01 5.594205e-01 -8.333360e-02 -1.178743e+00 -1.034992e+00 4.387758e-01 3.565102e-01 1.012327e+00 1.060930e+00 1.011818e+00 -2.715478e-01 -9.439281e-01 -2.599654e-01 -4.168605e-07 1.742960e-01 1.548459e-01 -1.642777e-01 -2.524779e-01 -1.897630e-01 -5.220742e-01 8.735435e-02 -6.616257e-01 -4.029147e-01 3.964647e-01 4.646444e-01 -4.690399e-01 -6.888312e-08 
-1.034988e+01 -8.842289e-01 -2.122601e+00 2.554187e+00 1.726811e+00 3.101046e+00 3.201725e+00 8.936224e+00 5.449835e+00 2.355458e+00 4.503285e-01 -3.127926e+00 -1.512926e-01 7.169718e-01 5.358620e-01 -1.006040e+00 -1.321273e+00 -2.596768e-01 -8.737968e-01 1.148438e-01 -3.128912e-01 1.014121e-01 6.573290e-01 -1.017291e-01 -1.157731e+00 -4.168605e-07 5.997643e-02 1.780451e-01 1.478628e-01 -1.607276e-01 -2.085705e-01 -1.690503e-01 -1.043979e-01 -7.440705e-01 -9.569529e-01 2.672606e-01 7.446124e-01 4.593279e-02 -6.888312e-08 
-1.059601e+01 5.354920e-02 -5.286321e+00 -7.530722e-01 1.098614e+00 4.258338e+00 -5.083593e-01 6.023407e+00 1.200332e+00 4.341183e+00 1.765028e+00 -2.293766e+00 -1.512926e-01 4.486757e-01 5.515036e-01 -4.026327e-01 -1.159489e+00 -1.916270e-01 -1.071411e+00 4.544477e-01 -1.318753e+00 -1.804791e+00 -1.533794e-02 1.008345e+00 -3.984681e-02 -4.168605e-07 9.301067e-02 1.199024e-02 6.048781e-01 3.938626e-01 -8.915897e-02 -3.233077e-02 5.423569e-02 -3.939624e-01 -8.587430e-01 -1.672817e-01 2.868830e-01 1.852969e-01 3.237394e-03 
-1.030862e+01 1.372633e+00 -4.485846e+00 3.867696e-01 8.033047e-01 3.388615e+00 -7.219021e-01 4.903262e+00 1.056782e+00 3.131276e+00 1.906730e+00 -1.103427e+00 -1.512926e-01 6.065329e-01 3.121482e-01 2.103567e-01 -1.001745e+00 -3.352631e-01 -3.149336e-02 5.662535e-01 -1.399835e+00 -2.544413e+00 3.850326e-02 1.324572e+00 4.421087e-01 -4.168605e-07 4.490280e-01 2.600801e-01 8.216423e-01 9.275832e-01 1.111110e-01 1.382080e-01 1.805506e-01 1.671023e-01 -3.620255e-01 -4.148740e-01 -3.392623e-01 1.554827e-01 2.665957e-02 
-9.361567e+00 1.235096e+00 -3.264440e+00 -2.062458e+00 3.992078e+00 3.395090e+00 4.412246e+00 1.977797e+00 -7.941800e+00 1.437582e+00 2.832675e+00 2.297361e+00 -1.512926e-01 1.079799e+00 8.853107e-02 1.237459e+00 7.745608e-01 3.069859e-02 -2.264159e-01 1.057887e+00 -3.654853e-01 -1.959080e+00 -7.985883e-01 -2.226112e-01 -1.334384e-01 1.618737e-02 1.153703e+00 8.163748e-01 6.133581e-01 9.481201e-01 -1.887802e-01 -1.304411e-01 -3.167494e-01 3.677160e-01 3.732942e-01 -3.332332e-01 -9.809833e-01 -3.651944e-01 5.787266e-02 
-7.934588e+00 8.551890e-02 -2.081855e+00 -1.799741e+00 -1.395793e+00 3.375127e+00 3.572533e+00 3.959635e+00 -2.700919e+00 3.999893e+00 6.539145e+00 -3.212790e+00 -1.512926e-01 2.646593e+00 2.067775e+00 2.282205e+00 2.349725e+00 1.846419e-01 -6.052117e-01 7.159846e-01 4.590399e-02 -1.631526e+00 -1.025441e+00 -1.182576e+00 -3.334527e-01 1.252001e-01 1.656355e+00 9.296361e-01 1.078924e-01 2.209632e-01 -7.041303e-01 -3.679256e-01 -5.502600e-01 -1.390195e-01 3.476197e-01 -1.943444e-01 -1.155679e+00 -4.405808e-01 7.293551e-02 
-6.383833e+00 1.139520e+00 -3.012397e-01 4.212972e+00 2.351332e+00 3.132878e+00 2.633612e+00 4.667905e+00 -6.716700e+00 -8.590653e-02 -1.664096e+00 -1.906138e+00 -7.033985e-02 5.197089e+00 3.755621e+00 1.628201e+00 1.905389e+00 -1.395577e+00 -1.436749e+00 -1.204087e+00 -2.031210e-01 -3.948809e-01 -1.149484e+00 -2.642940e+00 -1.477960e+00 2.267676e-01 1.477185e+00 1.871307e-01 -4.080542e-01 -1.116975e+00 -1.312445e+00 -1.054518e-01 -6.118175e-01 -5.401281e-01 3.021661e-01 4.294559e-01 -3.648263e-01 -3.278163e-01 5.323683e-02 
1.435860e+00 1.175912e+01 5.443250e+00 8.997635e+00 2.546572e+00 4.929554e-01 3.747149e+00 3.788066e+00 -7.713260e+00 -1.234241e+00 -1.757667e+00 -6.691248e-01 4.342268e-01 6.829657e+00 3.126770e+00 5.543599e-01 -4.624315e-01 -3.142817e+00 -1.265767e+00 -1.054109e+00 -2.176196e+00 -1.588319e+00 -7.576272e-01 -3.243697e+00 -1.088567e+00 2.593880e-01 3.229224e-01 -1.224931e+00 -7.093326e-01 -1.888486e+00 -1.147288e+00 3.292345e-01 -3.311488e-01 -3.380283e-01 3.858462e-01 8.654463e-01 3.985834e-01 -1.725997e-01 -6.124887e-03 
1.193831e+01 1.417650e+01 1.113948e+00 2.065793e+00 -4.957073e+00 -2.347672e+00 -1.695524e+00 1.047918e+00 -7.409576e+00 -1.692519e+00 -6.233232e+00 -6.364228e+00 6.897866e-01 6.374288e+00 4.945372e-01 6.114062e-02 -3.404159e+00 -4.867780e+00 -4.234634e-01 -1.116251e+00 -1.955061e+00 -4.699087e-01 1.214887e+00 -1.016243e+00 -1.395004e+00 2.152786e-01 -1.184701e+00 -1.792649e+00 -3.622716e-01 -1.343118e+00 -4.622802e-02 6.295674e-01 2.324285e-01 3.876288e-01 3.944805e-01 9.586272e-01 1.042876e+00 2.905290e-01 -5.148643e-02 
1.705248e+01 9.200882e+00 -1.730376e-02 -3.038484e+00 -1.345530e+01 -2.138295e-01 4.665972e-01 -5.111506e+00 -1.029613e+01 1.014928e+00 -7.394449e+00 -6.426378e+00 7.655743e-01 3.672665e+00 -2.426390e+00 -4.810383e-01 -4.437938e+00 -3.815557e+00 5.342920e-01 -9.838408e-01 -7.681088e-01 3.351077e-01 2.119628e+00 -3.089327e-03 -1.237943e+00 1.003228e-01 -1.969887e+00 -1.122519e+00 -7.542821e-02 -1.936721e-01 1.100935e+00 4.289607e-01 3.104254e-01 1.178493e+00 6.178303e-01 4.368325e-01 1.064880e+00 4.116138e-01 -6.202878e-02 
1.767895e+01 4.891632e+00 2.734790e+00 -6.789461e+00 -1.398628e+01 1.369153e+00 -1.307365e+00 -6.573204e-01 -7.774411e+00 4.864113e+00 -3.926955e+00 -6.002559e+00 8.403608e-01 8.520377e-01 -2.431024e+00 3.345671e-01 -2.822484e+00 -1.290399e+00 8.112351e-01 -7.716327e-02 1.031047e+00 6.158051e-01 2.205032e+00 9.510733e-01 4.935338e-02 4.886737e-02 -1.749825e+00 -3.559892e-02 -1.431730e-01 6.787640e-01 1.604849e+00 8.638267e-02 5.379362e-01 9.345465e-01 1.641701e-01 -4.767833e-01 4.655839e-01 5.560835e-01 -4.575703e-02 
1.692871e+01 4.269887e+00 2.227876e+00 -8.764422e+00 -1.201673e+01 1.306028e+00 -1.366090e+00 7.999129e-01 -5.854879e+00 6.085895e+00 -2.926625e+00 -7.039643e+00 8.605638e-01 -2.586226e-01 -1.023086e+00 4.045836e-02 -1.721692e+00 5.732130e-01 2.617404e-01 -2.150666e-02 2.223378e+00 9.579553e-01 9.314086e-01 1.097099e+00 2.473778e-01 3.244795e-02 -9.328771e-01 5.566853e-01 -2.615120e-01 7.485512e-01 1.203192e+00 -1.692168e-02 6.597713e-01 3.028658e-01 -2.189706e-01 -9.794350e-01 1.940219e-01 5.405776e-01 -1.893881e-02 
1.626003e+01 4.486682e+00 1.664495e+00 -9.183319e+00 -1.212865e+01 9.483191e-01 -1.165003e+00 3.247515e+00 -6.550865e+00 6.797061e+00 -3.711877e+00 -5.810867e+00 8.866521e-01 -4.092906e-01 -3.851588e-01 -9.154825e-01 -1.368296e+00 9.621166e-01 1.448719e-01 1.092282e+00 1.222099e+00 3.966737e-02 -5.748687e-01 7.615302e-01 6.427405e-01 2.043617e-02 -2.737414e-01 3.059933e-01 -4.421171e-01 2.977387e-01 6.735020e-01 1.967279e-01 6.172531e-01 -4.649351e-01 -2.710044e-01 -1.130633e+00 1.253402e-01 2.345565e-01 -8.027823e-03 
1.646870e+01 4.288204e+00 7.199672e-01 -1.045032e+01 -1.151842e+01 1.305488e+00 2.877550e-01 4.052568e+00 -6.118142e+00 4.705343e+00 -2.016500e+00 -5.285211e+00 9.046767e-01 -3.611074e-01 -6.658390e-01 -1.163436e+00 -1.422361e+00 1.074277e+00 7.829033e-01 1.730446e+00 6.507358e-01 -4.716603e-01 -1.387593e+00 1.061640e+00 1.168267e+00 1.985378e-02 -1.105069e-01 -1.224855e-01 -3.308766e-01 1.682424e-01 4.135486e-01 5.578892e-01 4.040616e-01 -9.353520e-01 -6.035882e-02 -7.836149e-01 2.311070e-01 8.554729e-03 -4.635901e-03 
1.586310e+01 2.956798e+00 -1.088560e+00 -1.278804e+01 -9.425114e+00 2.094282e+00 3.326959e+00 3.826009e+00 -7.444297e+00 2.680035e+00 -5.745717e-01 -3.666061e+00 9.204702e-01 -4.655808e-01 -1.079859e+00 -1.274092e+00 -1.483367e+00 1.826593e+00 1.534262e+00 2.133094e+00 -5.073299e-01 -2.441281e-02 -2.288620e+00 1.595348e+00 7.617198e-01 1.502921e-02 -1.573192e-01 -2.435975e-01 -1.138741e-01 3.198919e-01 3.536865e-01 6.352808e-01 -2.125136e-01 -9.060476e-01 3.306174e-01 -1.855649e-01 2.434192e-01 -2.893352e-01 -2.788570e-03 
1.532199e+01 1.705984e+00 -2.212754e+00 -1.407376e+01 -7.997579e+00 4.647340e+00 5.039973e+00 3.764421e+00 -7.766638e+00 1.206244e+00 8.131668e-01 -2.270802e+00 9.429044e-01 -7.831308e-01 -1.288221e+00 -1.434642e+00 -8.229749e-01 2.208736e+00 2.356450e+00 1.478431e+00 -1.588895e+00 6.882055e-01 -2.129882e+00 1.835608e+00 2.307042e-01 1.197166e-02 -1.904088e-01 -1.265431e-01 -6.968819e-03 5.176067e-01 2.233748e-01 3.555511e-01 -7.228931e-01 -7.054338e-01 4.504320e-01 4.087289e-01 -1.217145e-02 -4.702060e-01 -2.611457e-03 
1.450535e+01 3.785746e-01 -3.239736e+00 -1.478859e+01 -4.756524e+00 6.948437e+00 7.124462e+00 8.554528e-01 -5.848661e+00 -2.896268e+00 2.850177e+00 -3.509812e+00 9.426936e-01 -9.848883e-01 -1.291986e+00 -1.349342e+00 -6.864057e-02 2.163296e+00 2.534515e+00 1.557244e-01 -2.188348e+00 1.112974e+00 -1.131499e+00 1.591695e+00 -3.350994e-01 1.042965e-02 -1.450905e-01 3.395446e-02 1.076542e-01 5.943822e-01 -2.103233e-02 -8.975414e-02 -9.564837e-01 -2.072579e-01 3.238088e-01 9.088915e-01 -3.539480e-01 -3.366408e-01 -1.114234e-03 
1.323155e+01 -8.639148e-01 -5.377758e+00 -1.356474e+01 -2.809032e+00 1.066041e+01 5.781144e+00 -2.406000e+00 -3.474640e+00 -3.155754e+00 5.448947e+00 -4.209688e+00 9.534276e-01 -1.053568e+00 -1.192440e+00 -1.160632e+00 4.582438e-01 2.022763e+00 2.060383e+00 -8.953484e-01 -2.035745e+00 1.211794e+00 7.737569e-02 1.002650e+00 -6.343318e-01 9.092804e-03 -5.672246e-02 1.423642e-01 2.296139e-01 4.240974e-01 -1.621997e-01 -5.689940e-01 -7.808107e-01 2.633374e-01 1.804496e-01 8.444026e-01 -6.229388e-01 -1.796593e-01 -4.243165e-04 
1.198384e+01 -2.218631e+00 -6.252345e+00 -1.338603e+01 -1.202596e+00 1.175997e+01 3.735137e+00 -4.030403e+00 -4.025520e+00 -7.961936e-01 5.065914e+00 -4.372178e+00 9.673764e-01 -1.055710e+00 -9.580089e-01 -8.728327e-01 8.479953e-01 1.814291e+00 1.233378e+00 -1.462504e+00 -1.319948e+00 1.332948e+00 1.152227e+00 2.421133e-01 -4.888668e-01 1.089954e-02 1.371741e-02 1.757516e-01 2.808274e-01 2.262876e-01 -2.093746e-01 -7.653300e-01 -4.357046e-01 5.240461e-01 1.170049e-01 4.098151e-01 -6.411352e-01 -5.914180e-02 -6.261431e-04 
1.131516e+01 -2.957598e+00 -6.509652e+00 -1.248371e+01 3.397134e-01 1.254391e+01 2.258132e+00 -3.971564e+00 -2.618520e+00 5.425766e-01 4.718558e+00 -5.011151e+00 9.760374e-01 -1.031389e+00 -7.433712e-01 -5.247398e-01 8.392950e-01 1.572127e+00 1.621543e-01 -1.616668e+00 -7.063506e-01 1.480523e+00 9.503227e-01 -6.043838e-01 -5.906237e-01 9.615631e-03 7.469520e-02 1.789272e-01 2.410000e-01 8.647531e-02 -2.134398e-01 -6.725869e-01 -1.915544e-01 5.431268e-01 -7.313906e-02 4.125515e-02 -4.252998e-01 1.583494e-02 -1.342833e-03 
1.018506e+01 -3.364545e+00 -7.037740e+00 -1.108955e+01 2.740586e+00 1.217379e+01 1.573683e+00 -4.961933e+00 3.877443e-01 1.015368e+00 4.426066e+00 -5.553530e+00 9.858754e-01 -9.272214e-01 -6.378385e-01 -2.629983e-01 8.722317e-01 1.341821e+00 -3.431428e-01 -1.662063e+00 -2.330040e-01 1.563579e+00 4.811848e-01 -8.104743e-01 -6.527207e-01 7.041204e-03 1.191282e-01 1.780892e-01 1.311410e-01 5.516360e-03 -2.045052e-01 -4.271958e-01 -6.991932e-02 4.369055e-01 -3.616832e-01 -1.212117e-01 -1.521060e-01 5.097537e-02 -2.125426e-03 
8.973856e+00 -4.007603e+00 -7.608820e+00 -1.051676e+01 3.080008e+00 1.126414e+01 -1.221281e+00 -5.471689e+00 1.721155e+00 6.899117e-01 2.746845e+00 -6.572394e+00 9.922525e-01 -7.442783e-01 -4.577668e-01 -2.606613e-01 8.785498e-01 1.191868e+00 -5.142667e-01 -1.753347e+00 1.361506e-01 7.308283e-01 6.190368e-01 -5.975069e-01 -4.732225e-01 4.307943e-03 1.466844e-01 1.943198e-01 1.970986e-02 2.568941e-03 -1.122103e-01 -2.183940e-01 9.819392e-02 3.275338e-01 -5.700466e-01 2.969090e-03 1.220584e-02 2.222337e-01 -1.948313e-03 
8.518114e+00 -4.882441e+00 -7.018170e+00 -1.000813e+01 4.136670e+00 1.068469e+01 -2.835531e+00 -4.445027e+00 1.622173e+00 1.536099e+00 1.999628e+00 -6.854940e+00 9.944836e-01 -6.035529e-01 -2.103976e-01 -3.491159e-01 8.558670e-01 9.819552e-01 -5.642723e-01 -1.743578e+00 4.431486e-01 -1.006084e-01 7.117504e-01 -5.217541e-01 -2.926950e-01 2.924768e-03 1.340130e-01 1.641520e-01 1.504109e-02 -4.782242e-02 -4.994652e-03 -2.314369e-01 3.033857e-01 1.864801e-01 -5.484039e-01 9.691928e-02 -1.105212e-01 4.082731e-01 -1.472579e-03 
8.426586e+00 -4.487482e+00 -7.823136e+00 -8.631155e+00 5.600965e+00 1.071706e+01 -4.304306e+00 -3.548691e+00 4.183200e-01 3.377568e+00 2.944421e+00 -6.726397e+00 9.932891e-01 -4.597682e-01 1.447477e-02 -3.830021e-01 8.603206e-01 1.190981e+00 -8.192582e-01 -1.084893e+00 5.933605e-01 -5.376381e-01 8.499506e-01 -6.876581e-01 3.404891e-01 1.938676e-03 9.577736e-02 2.685358e-02 1.268057e-01 -8.970430e-02 2.404293e-02 -3.310477e-01 4.576195e-01 6.230759e-02 -2.688363e-01 5.999088e-02 -3.628979e-01 5.101961e-01 -1.134828e-03 
7.441596e+00 -4.176776e+00 -8.676228e+00 -7.752503e+00 6.389683e+00 9.625587e+00 -5.602912e+00 -3.707612e+00 5.364769e-01 3.230232e+00 1.718243e+00 -6.940053e+00 9.999999e-01 -3.995010e-01 -5.320901e-02 -1.265187e-01 6.421924e-01 1.317328e+00 -1.347929e+00 -4.794014e-01 4.708402e-01 -5.442067e-01 8.504148e-01 -1.317857e+00 9.818385e-01 8.665496e-04 9.776938e-02 -1.287484e-01 2.463833e-01 -1.073888e-01 4.847917e-02 -4.137489e-01 4.967379e-01 -7.446641e-02 2.541327e-02 4.926535e-02 -4.455235e-01 5.479208e-01 -1.025677e-03 
7.213014e+00 -4.288337e+00 -8.694836e+00 -7.342771e+00 7.908302e+00 7.697306e+00 -5.262134e+00 -2.874515e+00 -4.238072e-01 4.092692e+00 -5.510107e-01 -4.827197e+00 9.991918e-01 -3.675318e-01 -4.020557e-01 2.620039e-01 5.369605e-01 1.144322e+00 -1.777722e+00 -9.727518e-02 4.339845e-01 -3.915236e-01 8.496025e-01 -2.013815e+00 1.440533e+00 -3.313201e-04 7.154118e-02 -1.924358e-01 2.464310e-01 -7.568029e-02 -3.729338e-02 -3.744471e-01 3.813025e-01 -2.389400e-01 2.666021e-01 -2.730677e-02 -3.357516e-01 3.870943e-01 -6.302620e-04 
7.127651e+00 -5.248094e+00 -7.214839e+00 -7.441672e+00 9.569470e+00 5.455017e+00 -4.753635e+00 -2.427446e+00 -6.782591e-01 5.430583e+00 -2.841806e+00 -2.895299e+00 9.958540e-01 -1.607266e-01 -6.458524e-01 5.603191e-01 4.807195e-01 1.247615e+00 -2.153826e+00 2.463511e-01 1.506937e-01 -4.674599e-02 9.582132e-01 -2.086237e+00 1.896895e+00 -1.059307e-03 3.452290e-02 -1.287484e-01 1.311410e-01 2.125178e-02 -9.952315e-02 -3.014992e-01 3.652632e-01 -3.962806e-01 4.555289e-01 -1.908597e-01 -1.864899e-02 1.459333e-01 -6.838078e-04 
6.745891e+00 -5.962084e+00 -7.243393e+00 -6.102119e+00 9.732442e+00 3.913579e+00 -5.215199e+00 -2.018871e+00 -9.316747e-01 6.525261e+00 -4.844484e+00 -1.545967e+00 9.936931e-01 -2.214527e-01 -6.514525e-01 5.056338e-01 5.626470e-01 1.039255e+00 -2.288685e+00 4.586343e-01 -4.413880e-01 5.467620e-01 6.596498e-01 -1.982117e+00 1.818536e+00 -2.452852e-04 1.781210e-02 1.529810e-02 3.276336e-02 8.947027e-02 -1.521482e-01 -2.490968e-01 4.085814e-01 -4.128647e-01 4.943261e-01 -3.502945e-01 3.159578e-01 -5.334284e-02 -8.959316e-04 
6.871563e+00 -6.568843e+00 -6.600447e+00 -5.969615e+00 1.171547e+01 7.481533e-01 -4.394616e+00 -3.382072e+00 5.566880e-01 6.804978e+00 -6.566451e+00 9.038489e-01 9.974350e-01 -2.999224e-01 -5.721824e-01 4.072471e-01 7.355132e-01 8.722332e-01 -2.599910e+00 1.068969e+00 -1.072915e+00 1.264343e+00 -8.955904e-03 -1.426919e+00 1.522529e+00 -2.601316e-03 -1.157012e-02 1.455839e-01 -4.717740e-02 1.809829e-01 -3.325832e-01 -1.303256e-01 3.509037e-01 -1.375334e-01 2.769100e-01 -4.004375e-01 4.280537e-01 -1.853322e-01 -1.544660e-03 
6.234189e+00 -6.884877e+00 -6.473719e+00 -5.265471e+00 1.203161e+01 -1.392704e+00 -3.148505e+00 -4.603398e+00 1.692134e+00 6.703822e+00 -8.599422e+00 2.365751e+00 9.971715e-01 -2.089098e-01 -3.623723e-01 5.023621e-01 8.569027e-01 5.712181e-01 -2.800074e+00 1.534334e+00 -1.018528e+00 1.424617e+00 -4.183348e-01 -7.638407e-01 1.360939e+00 -4.044055e-03 8.792703e-03 2.320735e-01 -3.488615e-02 2.039918e-01 -4.504312e-01 -7.623442e-04 1.895102e-01 3.086910e-01 -8.188742e-02 -2.288290e-01 3.990779e-01 -1.305887e-01 -2.543495e-03 
5.883728e+00 -7.647487e+00 -5.563519e+00 -4.182144e+00 1.278112e+01 -4.891559e+00 -4.422945e-01 -6.499451e+00 4.331491e+00 5.296443e+00 -8.098921e+00 2.761615e+00 9.811145e-01 -2.246649e-01 -6.238156e-02 3.259202e-01 1.238575e+00 -1.814306e-01 -2.549763e+00 1.462998e+00 -2.485431e-01 8.988380e-01 -5.051305e-01 -5.551713e-01 1.199007e+00 -6.889822e-03 6.856022e-03 2.667840e-01 1.642267e-02 9.217999e-02 -5.186025e-01 1.389005e-01 -4.336039e-02 6.597502e-01 -4.440701e-01 -2.979581e-02 2.180530e-01 -3.597748e-02 -2.625873e-03 
6.195302e+00 -7.234545e+00 -5.249746e+00 -2.710851e+00 1.205571e+01 -7.267111e+00 4.801660e-01 -5.552525e+00 4.304024e+00 5.187370e+00 -7.897307e+00 4.329846e+00 9.816415e-01 -2.150283e-01 2.540232e-01 3.718418e-01 1.331068e+00 -6.859303e-01 -2.317442e+00 1.209178e+00 6.899822e-01 3.200729e-01 -2.363886e-01 -4.226845e-01 1.327249e+00 -1.082095e-02 -6.424078e-03 2.141670e-01 1.042241e-01 -1.076740e-01 -4.061600e-01 1.342836e-01 -1.142775e-01 6.407885e-01 -5.133724e-01 -5.970963e-02 2.202781e-01 -1.241910e-01 -2.434344e-03 
5.767540e+00 -6.706046e+00 -5.582769e+00 -1.053975e+00 1.079646e+01 -9.063747e+00 1.105891e+00 -4.150281e+00 3.745888e+00 5.037836e+00 -9.693322e+00 5.916798e+00 9.707495e-01 -2.624466e-01 4.535021e-01 5.548272e-01 9.594416e-01 -1.092123e+00 -2.146743e+00 1.014790e+00 1.371713e+00 -4.036390e-01 -2.489206e-01 -5.071408e-01 1.359567e+00 -1.233649e-02 -9.135433e-03 1.784861e-01 2.115105e-01 -3.171310e-01 -1.485297e-01 5.239697e-03 -1.049579e-01 4.518846e-01 -3.940141e-01 -2.692421e-01 4.888239e-01 -2.868139e-01 -1.062747e-03 
5.216476e+00 -6.085634e+00 -4.604875e+00 -1.741777e-01 9.593977e+00 -1.089384e+01 2.123556e+00 -2.328465e+00 3.585236e+00 5.651366e+00 -9.915132e+00 7.424626e+00 9.482626e-01 -2.220646e-01 4.504124e-01 9.092300e-01 4.580366e-01 -1.004124e+00 -2.330191e+00 1.186931e+00 1.375299e+00 -4.910741e-01 -8.450031e-01 3.134606e-01 6.596199e-01 -1.348803e-02 5.068035e-02 1.308528e-01 2.831142e-01 -4.657855e-01 1.728047e-01 -1.505825e-01 -8.703863e-02 1.597316e-01 -1.690288e-01 -5.382854e-01 6.506140e-01 -3.394142e-01 -3.192843e-04 
5.060452e+00 -5.954758e+00 -3.112045e+00 -6.530258e-01 8.551612e+00 -1.381215e+01 3.810099e+00 -1.252861e+00 2.672111e+00 3.819573e+00 -9.625669e+00 8.011932e+00 9.361056e-01 -2.670355e-01 7.317684e-01 1.114884e+00 8.931080e-02 -7.649522e-01 -2.517040e+00 9.493647e-01 1.668351e+00 -6.656525e-01 -1.547027e+00 1.520777e+00 9.868795e-02 -1.086728e-02 1.179109e-01 1.537874e-01 5.129319e-01 -3.921951e-01 3.965728e-01 7.980351e-02 -2.899505e-01 -2.589716e-01 1.943329e-01 -6.103773e-01 4.682540e-01 -2.475134e-01 -4.778623e-04 
5.438894e+00 -5.357990e+00 -1.939085e+00 -6.213317e-01 8.157456e+00 -1.654380e+01 5.062884e+00 -1.244679e-01 2.385529e+00 1.571283e+00 -6.363491e+00 6.580232e+00 9.315029e-01 4.072490e-02 7.690379e-01 1.507263e+00 -5.627953e-01 1.440653e-02 -2.885069e+00 8.068575e-01 1.340236e+00 -3.941511e-01 -2.278757e+00 1.816482e+00 2.606206e-01 -1.314389e-02 2.116462e-01 2.280159e-01 6.866768e-01 4.708197e-03 -1.504059e-01 1.028588e+00 -7.680512e-01 -1.040503e+00 6.893387e-01 -6.259903e-01 -3.506534e-02 -4.666143e-02 -7.311752e-04 
4.321117e+00 -3.411168e+00 -1.341376e+00 -3.838169e-01 7.689781e+00 -1.882439e+01 4.382884e+00 3.089144e+00 1.017396e+00 -6.576546e-01 -3.865360e+00 6.832327e+00 9.247919e-01 1.955229e-01 1.063042e+00 2.820528e+00 -4.910181e-01 3.814766e-01 -1.470322e+00 -2.449540e-01 9.431445e-02 5.196118e-01 -2.583935e+00 1.082701e+00 3.215512e-01 -1.489768e-02 2.930422e-01 1.940992e-01 6.219810e-01 4.177747e-01 -8.734864e-01 1.991280e+00 -9.665232e-01 -1.952746e+00 1.170043e+00 -4.587717e-01 -4.393427e-01 -1.057856e-01 2.573629e-04 
5.789355e+00 -3.512072e+00 2.046285e+00 -3.122492e+00 1.009678e+01 -2.281368e+01 5.871233e+00 2.201607e+00 2.441498e+00 -3.504081e+00 -3.713223e+00 9.317586e+00 8.881981e-01 6.050034e-01 1.424827e+00 3.489721e+00 7.716607e-01 -2.329433e+00 2.289304e+00 -2.056093e+00 -3.040013e+00 2.363048e+00 -3.456534e+00 3.571931e-01 3.149641e-01 -1.512931e-02 2.015755e-01 1.178860e-01 1.208030e-01 6.590353e-01 -1.322765e+00 2.316199e+00 -7.907703e-01 -2.169884e+00 1.171945e+00 -6.459721e-02 -4.139270e-01 -3.788093e-01 3.047924e-03 
5.862862e+00 -1.562253e+00 8.997743e+00 -1.857401e+00 9.489414e+00 -1.802913e+01 2.180946e+00 -1.944635e+00 5.242024e+00 -6.562493e+00 -5.537512e+00 8.250799e+00 8.832791e-01 9.159760e-01 1.374330e+00 3.233588e+00 1.511080e+00 -3.960523e+00 4.852054e+00 -2.451681e+00 -5.905394e+00 3.805947e+00 -3.252076e+00 5.364467e-02 -4.573037e-01 -8.590665e-03 7.502721e-02 -1.193100e-01 -6.433982e-01 3.702833e-01 -9.051597e-01 1.340405e+00 -6.031970e-02 -1.326177e+00 5.796797e-01 5.041726e-01 -1.119057e-01 -4.082769e-01 4.135316e-03 
7.692942e+00 8.414693e-01 1.033978e+01 3.973548e+00 -4.389327e+00 -5.494753e+00 -4.116566e+00 -1.280790e+01 1.208839e+01 -1.275892e+01 -3.741496e+00 7.445842e+00 8.766032e-01 6.883678e-01 1.202948e+00 1.904899e+00 1.731384e+00 -4.428449e+00 5.534708e+00 -2.043697e+00 -6.509429e+00 3.822295e+00 -2.267618e+00 2.613470e-01 -1.244049e+00 -1.052689e-03 -1.366797e-01 -3.743243e-01 -9.275738e-01 -3.137082e-01 4.574177e-01 -3.954543e-01 7.204089e-01 3.236107e-01 -3.975896e-01 1.116840e+00 7.515166e-02 -2.478601e-01 3.323891e-03 
7.949030e+00 1.284050e+00 1.067954e+01 3.623004e+00 -4.869665e+00 -3.223330e+00 -2.881576e+00 -1.893268e+01 1.522369e+01 -1.229053e+01 -3.582965e+00 5.481996e+00 8.876183e-01 5.289810e-01 5.774764e-01 3.959127e-01 8.805177e-01 -3.094827e+00 3.608997e+00 -5.528714e-01 -4.802114e+00 2.688412e+00 -6.574872e-01 5.711275e-01 -9.402884e-01 -1.264467e-03 -2.454106e-01 -3.874676e-01 -7.564015e-01 -6.118253e-01 1.044513e+00 -1.357743e+00 8.311644e-01 1.576213e+00 -1.053641e+00 1.109463e+00 1.710291e-01 1.636453e-01 -6.888312e-08 
8.188046e+00 1.079244e+00 1.072991e+01 2.793993e+00 -4.865989e+00 -2.542983e+00 -1.815864e+00 -2.185154e+01 1.656229e+01 -1.197827e+01 -3.383707e+00 4.481603e+00 8.807669e-01 1.149117e-01 -4.847790e-02 2.706507e-01 -4.817999e-01 -4.751310e-01 9.336283e-01 5.964624e-01 -1.973589e+00 9.338705e-01 8.302243e-01 4.743144e-01 -6.827744e-01 -2.171142e-03 -2.093329e-01 -2.614599e-01 -3.390231e-01 -5.103771e-01 9.355550e-01 -1.462779e+00 5.875742e-01 1.722141e+00 -1.112484e+00 6.155460e-01 2.038123e-01 4.248821e-01 -2.168674e-03 
8.260603e+00 1.205791e+00 1.078285e+01 3.135373e+00 -5.746200e+00 -1.460145e+00 -1.733784e+00 -2.143307e+01 1.644724e+01 -1.023971e+01 -2.860654e+00 5.031470e+00 8.748816e-01 -2.428413e-02 6.265482e-02 2.686643e-01 -4.414058e-01 -7.145244e-01 3.638765e-01 3.840150e-01 -2.921723e-01 -1.813616e-02 7.462134e-01 8.022541e-01 8.023037e-02 -8.034747e-03 -1.148229e-01 -5.659283e-02 -1.573467e-02 -1.608227e-01 3.954560e-01 -8.549566e-01 1.699910e-01 1.031257e+00 -8.332966e-01 -1.047840e-01 2.762519e-01 3.757800e-01 -3.027467e-03 
8.111693e+00 6.383284e-01 1.164139e+01 1.808803e+00 -6.326608e+00 -1.708329e+00 -1.707981e+00 -2.142537e+01 1.614563e+01 -9.632781e+00 -1.731413e+00 4.257213e+00 8.721235e-01 -8.164504e-02 1.531252e-01 2.735719e-01 -1.595791e-01 -9.407291e-01 -1.567198e-01 4.257985e-01 -1.537144e-01 -3.868526e-01 1.082416e-01 1.164793e+00 3.701310e-01 -8.504630e-03 5.477505e-02 5.486017e-02 -2.650142e-02 2.081752e-01 -1.709556e-01 -8.409838e-02 -1.769950e-01 3.233135e-01 -6.263405e-01 -5.253876e-01 2.062352e-01 2.570274e-01 -3.078953e-03 
7.866038e+00 1.817878e+00 1.156728e+01 1.908468e+00 -7.712072e+00 -1.822170e+00 -1.015301e+00 -2.060657e+01 1.534133e+01 -9.732616e+00 -3.978647e-01 5.995172e+00 8.517799e-01 5.326783e-02 1.936775e-01 3.159881e-01 -8.469465e-02 -8.848706e-01 -1.207384e-01 3.824553e-01 -5.555411e-01 -8.177517e-01 -8.204032e-01 1.607060e+00 4.121237e-01 -1.322993e-02 1.308590e-01 4.705361e-02 -1.250220e-01 1.991428e-01 -7.088763e-02 2.942033e-01 -3.735471e-01 9.434635e-02 -5.153123e-01 -5.600985e-01 -1.284704e-01 -1.379005e-01 -2.038929e-03 
7.977010e+00 1.538809e+00 1.170524e+01 2.609557e+00 -8.586565e+00 -3.145638e+00 -4.612806e-02 -2.303328e+01 1.518120e+01 -1.169063e+01 1.208990e+00 5.850404e+00 8.497772e-01 3.500150e-01 1.602701e-01 1.144237e-01 3.807699e-01 -1.244848e+00 7.554215e-01 -2.876405e-01 -2.252344e-01 -1.798076e+00 -1.013489e+00 1.103224e+00 4.364136e-01 -1.497048e-02 7.884523e-02 2.389539e-01 -3.567930e-01 1.513185e-01 2.281548e-01 3.502416e-01 -4.363046e-01 4.017164e-01 -5.299943e-01 -4.292199e-01 -4.671318e-01 -4.694496e-01 -1.606443e-03 
8.593992e+00 1.723966e+00 1.233054e+01 2.311708e+00 -9.040762e+00 -1.345225e+00 -6.527231e-01 -2.340721e+01 1.284086e+01 -1.331264e+01 3.704092e+00 6.295440e+00 8.198942e-01 4.142592e-01 2.943825e-01 -2.767864e-01 2.840312e-01 -9.169006e-01 1.378862e+00 -1.127005e+00 2.152410e-01 -1.889015e+00 -1.493418e+00 1.906444e-01 -6.424970e-01 -1.499033e-02 -4.222501e-02 3.629768e-01 -4.774187e-01 3.850844e-02 5.095960e-01 -1.168210e-01 1.535725e-02 9.010217e-01 -8.129851e-01 -1.604934e-01 -9.388052e-01 -6.004304e-01 -2.684179e-05 
9.497888e+00 1.486858e+00 1.183229e+01 3.511502e+00 -1.188644e+01 1.830451e+00 -3.327792e+00 -2.115152e+01 8.405313e+00 -1.290978e+01 1.733389e+00 6.289199e+00 8.132008e-01 1.321964e-01 1.297473e+00 -1.214148e+00 4.125673e-01 2.161177e-01 8.446666e-01 -1.000997e+00 1.469530e+00 -2.501207e+00 -1.701241e+00 -4.626562e-01 -1.449896e+00 -1.565876e-02 -7.492726e-02 2.296919e-01 -4.306834e-01 -1.459430e-01 8.459405e-01 -1.075763e+00 7.681270e-01 1.546314e+00 -9.504107e-01 4.080954e-01 -1.210664e+00 -5.414953e-01 4.756651e-04 
9.176355e+00 3.315459e+00 1.011969e+01 2.877620e+00 -1.064638e+01 2.583636e+00 -5.009664e+00 -2.047184e+01 9.284235e+00 -1.659008e+01 2.931435e-01 2.563433e+00 7.951059e-01 -4.906405e-02 1.439986e+00 -1.406949e+00 9.200374e-02 9.326357e-01 -7.492787e-01 8.158053e-01 3.102138e+00 -4.531191e+00 -1.278866e+00 -2.304147e+00 -1.646823e+00 -1.301815e-02 -1.776043e-03 -2.214568e-01 -1.843344e-01 9.474710e-02 8.468340e-01 -1.465895e+00 9.838783e-01 1.725529e+00 -1.043714e+00 1.027506e+00 -9.855325e-01 -2.336148e-01 3.809302e-04 
8.346440e+00 7.230416e+00 6.740051e+00 4.389390e+00 -6.702791e+00 -8.871635e-01 -2.872679e+00 -1.715320e+01 4.453275e+00 -1.855865e+01 6.014550e-01 4.670504e-01 7.838625e-01 2.069951e-01 7.358236e-01 -1.473903e+00 -2.528999e-01 2.060112e+00 -3.559223e+00 2.581630e+00 6.062746e+00 -5.229212e+00 9.196889e-01 -3.702726e+00 -1.768890e+00 -1.358069e-02 -5.915714e-02 -5.598735e-01 1.930260e-01 8.832933e-02 5.706196e-01 -9.166507e-01 5.087774e-01 8.632171e-01 -2.474979e-01 1.059094e+00 -1.015219e-01 1.004241e-01 -9.247640e-04 
8.924535e+00 6.052199e+00 7.842107e+00 2.332329e+00 -6.969509e+00 -3.732647e+00 3.199055e+00 -9.895630e+00 -7.838672e+00 -1.688299e+01 -7.250391e+00 9.722390e-01 7.694744e-01 3.679115e-01 -5.322093e-01 -1.068555e+00 1.090360e+00 2.395374e+00 -3.748763e+00 2.001012e+00 6.546252e+00 -5.743605e+00 2.333717e+00 -3.116905e+00 -1.651077e+00 -1.412999e-02 -2.606827e-01 -3.486553e-01 3.073632e-01 1.312571e-01 1.936671e-01 6.122027e-02 -3.685873e-01 -5.520757e-01 1.112722e+00 5.014572e-01 1.394245e+00 4.454621e-01 -5.704758e-03 
1.065882e+01 3.797668e+00 5.601420e+00 2.519820e+00 -3.424567e+00 -1.280701e+01 5.475956e+00 3.874400e+00 -9.179338e+00 -8.164707e+00 -1.300834e+01 -1.759623e+00 7.581080e-01 -3.721207e-01 -5.156987e-01 -4.180567e-01 3.550834e-01 2.337853e+00 -2.239105e+00 9.503498e-01 4.063772e+00 -3.132520e+00 1.787878e+00 -5.637674e-01 -9.455718e-01 -1.973549e-02 -4.759310e-01 -4.009761e-02 4.800600e-01 5.329308e-02 -5.806535e-01 1.076892e+00 -1.034721e+00 -1.912326e+00 1.380194e+00 -2.899691e-01 2.029785e+00 9.351588e-01 -1.230531e-02 
9.859731e+00 2.371020e+00 5.346038e+00 9.264171e+00 -3.084976e-01 -1.020000e+01 8.209448e-01 1.745740e+00 -1.261781e+01 -1.011833e+01 -8.486667e+00 -4.578596e+00 7.373604e-01 -1.063052e+00 3.225760e-01 -3.979587e-01 4.444683e-01 1.761979e+00 -1.103426e+00 -2.115436e-01 1.341431e+00 -1.580066e-02 7.942528e-01 3.097617e+00 1.688130e-01 -3.845799e-02 -5.146093e-01 -5.828131e-03 4.020249e-01 -1.029677e-01 -9.758774e-01 1.161844e+00 -1.100398e+00 -1.829881e+00 1.105077e+00 -2.823662e-01 1.544464e+00 1.110577e+00 -1.985939e-02 
6.017937e+00 6.492115e+00 5.897547e+00 2.698529e+00 1.655741e+00 -8.849014e+00 3.067816e+00 -2.655105e+00 -8.819685e+00 -1.300170e+01 -1.599472e+00 -1.485564e+00 7.012584e-01 -1.457236e+00 1.081314e-01 5.911673e-01 3.366471e-01 -5.265563e-01 5.025605e-01 -1.485653e+00 -8.966057e-01 -1.192015e+00 2.394795e-01 3.338952e+00 1.996937e+00 -6.294483e-02 -3.535880e-01 -4.856009e-01 9.467153e-03 3.475596e-01 -9.572487e-01 9.259182e-01 -9.254449e-01 -7.398502e-01 2.042224e-01 1.591454e-01 4.349763e-01 6.170356e-01 -2.747525e-02 
5.929255e+00 6.317614e+00 5.704407e+00 4.464998e+00 -7.002017e-01 -1.122888e+01 3.345199e+00 7.624537e-02 -8.097270e+00 -1.049304e+01 2.533114e+00 1.679353e+00 6.056014e-01 -1.662512e+00 -8.731387e-01 4.369267e-01 5.847085e-01 -1.051670e+00 6.896918e-01 -2.282988e+00 -1.228353e-01 -1.188512e+00 1.696209e+00 2.653953e+00 2.430518e+00 -9.181944e-02 -3.968590e-01 -8.242822e-01 -6.462566e-01 2.370789e-01 -3.413392e-01 6.022696e-01 -2.279930e-01 1.905221e-01 -6.526552e-02 2.702927e-01 -5.876832e-01 -1.631448e-01 -3.208431e-02 
5.337881e+00 2.365026e+00 8.378217e+00 6.602631e+00 -5.861791e+00 -9.779704e+00 -3.214347e+00 2.263679e-01 -1.739954e+01 -6.779757e+00 -1.823301e+00 5.096116e+00 5.092767e-01 -1.840254e+00 -2.345864e+00 -7.881172e-01 2.022739e+00 -1.041585e+00 1.494172e+00 -2.641226e+00 1.096789e+00 -1.525115e+00 2.132625e+00 1.832814e+00 1.008736e+00 -1.304292e-01 -4.668009e-01 -5.807792e-01 -1.289451e+00 -8.000634e-02 6.536224e-01 3.491451e-01 9.529595e-01 9.269974e-01 9.034456e-01 -4.151696e-02 -8.098973e-01 -9.547971e-01 -2.960679e-02 
1.887333e+00 6.886802e-02 6.290566e+00 1.023600e+01 -1.808328e+00 -6.286245e+00 -7.452950e+00 -3.092341e-01 -1.427045e+01 -4.748292e+00 4.895265e+00 4.283172e+00 3.742326e-01 -2.855772e+00 -2.571895e+00 -2.939422e+00 7.868862e-01 3.128726e-01 1.412152e+00 -7.736919e-01 1.297404e+00 -1.756362e-01 1.199106e+00 9.121762e-01 -1.527880e-01 -1.651344e-01 -3.321185e-01 4.392216e-02 -1.136191e+00 -7.272501e-01 8.365592e-01 3.704408e-01 1.520857e+00 7.081352e-01 1.281756e+00 -5.420868e-01 -1.093524e+00 -8.236588e-01 -1.336593e-02 
-1.162010e+00 -2.112399e+00 1.663854e+00 9.926692e+00 -2.997736e+00 -3.849186e+00 -4.739176e+00 3.021506e+00 -1.335940e+01 -5.210529e+00 6.383642e+00 2.256177e+00 1.647709e-01 -3.194584e+00 -1.946327e+00 -4.167855e+00 -1.645507e-01 2.059226e+00 1.886992e+00 2.524496e+00 3.028227e+00 2.818616e+00 2.804406e-01 1.603433e-01 -1.485370e+00 -1.743202e-01 -5.240643e-02 7.686092e-01 -2.315938e-01 -1.261731e+00 4.028717e-01 3.002631e-01 1.053316e+00 4.768596e-03 1.365550e+00 -1.348788e-01 -7.803775e-01 -4.211985e-01 1.421840e-02 
-5.099599e+00 -4.302989e+00 -5.635706e+00 6.737426e+00 -5.678637e-01 -7.133307e+00 2.390406e-01 5.165564e+00 -1.099626e+01 -5.281777e+00 2.990533e+00 2.335549e+00 -4.783541e-02 -2.645907e+00 -8.533452e-01 -3.554048e+00 -1.957946e+00 1.580661e+00 2.345259e+00 2.738421e+00 2.452083e+00 3.048224e+00 -8.809320e-02 -1.977389e+00 -4.407673e-01 -1.367098e-01 3.613240e-01 1.097720e+00 1.058702e+00 -8.592660e-01 -2.941643e-01 1.892253e-01 -5.236002e-02 -5.486282e-01 6.754934e-01 7.718582e-01 -4.317462e-02 -9.973450e-02 3.896481e-02 
-7.141664e+00 -5.180491e+00 -6.497781e+00 7.529397e+00 3.813994e+00 7.859600e-02 5.561818e+00 1.262990e+01 -4.943309e+00 -5.111133e+00 -6.935813e-02 -1.357020e+00 -1.512926e-01 -2.207211e+00 6.379187e-01 -1.638777e+00 -2.913526e+00 3.390285e-01 2.528707e+00 8.694097e-01 5.433562e-01 3.690632e+00 2.101759e+00 -6.243696e-01 -9.533254e-01 -7.356021e-02 5.454748e-01 9.054225e-01 1.832621e+00 -2.799079e-01 -8.962697e-01 -5.278454e-01 -1.063359e+00 -1.154155e+00 -3.949270e-01 1.006281e+00 6.232699e-01 1.815780e-01 4.646534e-02 
-8.352390e+00 -2.663876e+00 -7.398997e+00 1.644605e+00 2.689121e+00 3.476019e+00 1.088541e+00 7.146852e+00 -3.237289e+00 -5.238677e+00 -1.764735e+00 3.886059e+00 -1.512926e-01 -1.542895e+00 1.624596e+00 1.089645e+00 -2.134955e+00 -2.979133e-01 2.037292e+00 -2.079317e-01 -2.033202e-01 2.765775e+00 4.147840e+00 1.088503e+00 -9.174395e-01 -2.068849e-02 5.087332e-01 3.330737e-01 1.639773e+00 6.512389e-01 -8.122395e-01 -1.000448e+00 -8.203691e-01 -5.518380e-01 -7.728567e-01 2.272096e-01 8.124534e-01 1.967372e-01 3.469762e-02 
-1.057135e+01 2.573561e-01 -5.648540e+00 -2.094152e+00 -2.931567e+00 3.489507e+00 -8.171066e-01 4.747091e+00 1.214324e+00 5.276651e+00 5.639791e+00 -3.285672e+00 -1.512926e-01 -1.018693e+00 1.341791e+00 2.673415e+00 -1.475599e+00 -1.482911e+00 -5.984120e-01 -1.319094e+00 -1.414976e+00 9.852514e-01 3.193900e+00 1.743630e+00 -3.392164e-01 -4.168605e-07 4.911370e-01 -2.713835e-01 6.868674e-01 1.226936e+00 -2.854530e-01 -9.659944e-01 -2.141535e-01 3.368661e-01 -1.090194e+00 -1.359490e+00 -1.538861e-01 5.363860e-01 1.678037e-02 
-1.109870e+01 1.100890e+00 -6.124464e-01 8.747823e-01 1.315093e+00 1.347572e+00 2.389150e+00 8.089929e+00 -2.460536e-01 1.026361e+01 5.578532e+00 -1.287631e+00 -1.512926e-01 -6.964011e-01 4.600677e-01 2.488560e+00 5.793226e-01 -1.569580e+00 -1.093226e+00 -2.691704e-01 6.718531e-01 5.365442e-01 5.019554e-01 9.008939e-01 2.358504e-01 -4.168605e-07 3.733868e-01 -5.323961e-01 -4.586007e-01 1.016386e+00 -3.278138e-02 -4.684021e-01 3.371651e-02 4.326257e-01 -6.410986e-01 -1.734340e+00 -7.421551e-01 2.492115e-01 4.137375e-03 
-1.086205e+01 -3.543976e-01 3.475910e+00 5.360755e-01 -2.913595e+00 -1.848607e+00 -1.683957e+00 5.083079e+00 -1.512613e+00 3.107527e+00 4.977055e+00 -4.664503e-01 -1.512926e-01 -1.746462e-01 -1.367275e-01 1.095955e+00 1.864063e+00 -4.524108e-01 -7.358211e-01 -1.708273e-01 1.790075e+00 -6.458008e-01 -2.872635e+00 -1.299912e+00 1.152005e+00 -4.168605e-07 2.837461e-01 -3.253238e-01 -1.051582e+00 4.748216e-01 4.507614e-01 3.150951e-01 2.185091e-01 2.187566e-01 -4.818717e-02 -6.922895e-01 -6.661059e-01 -1.940621e-01 -6.888312e-08 
-1.168912e+01 -5.767875e-02 4.815893e-01 3.225873e+00 -5.167425e+00 6.790934e-01 1.760899e-01 1.033847e+01 8.090670e-01 -1.644140e+00 3.070976e+00 3.655679e+00 -1.512926e-01 -9.816499e-02 -2.980679e-01 -4.145513e-01 1.277105e+00 -9.771923e-01 -2.360487e-01 -6.135355e-01 3.570856e-01 3.756869e-01 -1.490633e+00 -1.100376e+00 -4.170264e-01 -4.168605e-07 2.273610e-01 1.449172e-03 -8.326739e-01 -2.519550e-01 7.194260e-01 3.549740e-01 -2.956094e-02 -5.767438e-01 -2.695635e-03 6.199359e-01 7.510221e-02 -4.866889e-01 -6.888312e-08 
-1.114944e+01 1.531215e-01 -7.157541e-01 6.050466e+00 -1.952103e+00 1.444187e-01 -5.644143e-01 1.257326e+01 -2.542340e+00 -3.132444e+00 3.937823e-01 2.796046e-03 -1.512926e-01 1.008391e-01 9.413115e-02 -1.132938e+00 5.494931e-01 4.746849e-01 5.484579e-01 -5.442451e-02 -1.638746e-01 8.246861e-01 7.285758e-01 -5.862246e-01 -9.831731e-01 -4.168605e-07 1.259343e-01 2.329997e-01 -2.908585e-01 -5.272059e-01 6.307051e-01 2.062504e-01 -7.139926e-02 -6.581187e-01 1.919366e-01 1.231427e+00 7.189000e-01 -2.769179e-01 -6.888312e-08 
-1.144536e+01 -6.431240e-01 -5.896673e-01 4.503183e+00 -4.051538e+00 -8.294337e-01 -1.238409e+00 6.130638e+00 2.147142e+00 5.930643e+00 2.368188e+00 -3.607156e+00 -1.512926e-01 3.027496e-01 3.518316e-01 -5.602618e-01 -2.306772e-02 1.564036e+00 3.933606e-02 -4.752148e-01 -1.234881e+00 -2.121283e-01 1.801107e+00 9.196978e-01 -1.130010e+00 -4.168605e-07 3.452290e-02 2.606094e-01 1.789244e-01 -3.805956e-01 5.003933e-01 -5.321587e-03 5.578487e-04 4.405917e-02 -6.378210e-02 3.477247e-01 3.601632e-01 3.424045e-01 -6.888312e-08 
-1.047982e+01 4.092122e-01 -1.653224e+00 2.645069e+00 -1.098441e+00 1.648090e+00 -1.248863e+00 6.367094e+00 1.941922e+00 2.963270e+00 2.397134e+00 -1.750638e+00 -1.512926e-01 2.545664e-01 7.032852e-01 -2.855501e-01 -1.218780e-01 1.430485e+00 1.574795e-01 -5.968713e-01 -7.045577e-01 6.077768e-01 1.638655e+00 1.284708e+00 1.240071e-01 -4.168605e-07 -1.170362e-01 8.153112e-03 2.524337e-01 -1.385744e-01 -1.090385e-01 -1.309605e-01 1.501918e-01 4.917102e-01 4.576274e-02 -3.912054e-01 -3.353560e-01 3.378032e-01 -6.888312e-08 
-1.051017e+01 1.573442e+00 -1.851177e+00 4.813251e+00 2.225529e+00 1.239166e-01 -1.857683e+00 7.267829e+00 -2.493108e+00 4.313475e+00 6.667720e+00 -1.117654e+00 -1.512926e-01 -2.257540e-03 7.003886e-01 5.623297e-02 -2.901868e-01 1.046791e+00 -6.733305e-02 -3.396031e-01 8.477644e-01 1.652003e-01 -2.069152e-01 -2.350755e-01 7.414783e-01 -4.168605e-07 -2.407625e-01 -1.521681e-01 2.196094e-01 -1.264355e-02 -3.443770e-01 1.831656e-01 4.472599e-01 6.129701e-01 2.993134e-01 -5.520883e-01 -8.354613e-01 5.504094e-02 -6.888312e-08 
-1.034466e+01 2.561173e+00 -1.513021e+00 5.285989e+00 2.061741e+00 4.551882e-01 -3.239483e+00 8.482007e+00 2.816698e+00 5.869510e+00 4.667397e+00 -6.217009e-01 -1.512926e-01 -3.317386e-01 -3.940190e-02 -1.789839e-01 -9.913735e-03 1.879668e-01 -5.316716e-02 6.287235e-01 1.253376e+00 8.648274e-01 -2.233924e-01 -1.685768e+00 -2.298432e-01 -4.168605e-07 -2.167477e-01 -3.035360e-01 1.526268e-01 9.393894e-02 -2.122783e-01 2.569214e-01 5.303766e-01 1.288222e-01 -1.801355e-01 -2.527239e-01 -4.343486e-01 -2.066370e-01 -6.888312e-08 
-1.152456e+01 1.782911e+00 -3.785601e-01 1.731668e+00 -3.971314e-01 -5.699196e-01 -1.941321e+00 9.312355e+00 2.536335e+00 3.442659e+00 5.787086e-02 -4.642039e-01 -1.512926e-01 -6.078358e-01 -3.776050e-02 4.846011e-01 -1.422822e-01 4.632693e-01 1.060555e+00 1.148267e+00 8.511511e-01 1.156035e+00 -2.833410e-02 -1.772373e+00 -6.778340e-01 -4.168605e-07 -5.141042e-02 -3.266469e-01 -2.983626e-02 2.046573e-01 -1.284714e-01 1.902642e-01 2.991458e-01 -6.065238e-01 -4.459719e-01 1.456141e-01 4.958948e-01 -2.853969e-02 -6.888312e-08 
-1.163174e+01 1.074981e-01 -3.284652e+00 4.136219e+00 1.152938e+00 1.729020e+00 1.936706e+00 1.161203e+01 3.751589e+00 2.281570e+00 -2.726694e+00 -3.226767e+00 -1.512926e-01 -5.264598e-01 -4.454080e-01 2.632892e-01 2.737773e-01 6.608798e-01 8.780981e-01 1.310969e+00 -6.207323e-02 -7.882661e-01 2.857783e-01 -1.182765e-01 -1.995151e-01 -4.168605e-07 1.405977e-01 -1.134440e-01 -4.062748e-03 7.016943e-02 -3.095766e-01 -1.890187e-01 -2.315128e-01 -9.278030e-01 -7.402215e-01 1.596433e-01 8.934474e-01 2.844779e-01 -6.888312e-08 
-1.290601e+01 2.611792e+00 1.457559e+00 4.676546e+00 4.996049e+00 4.790316e+00 1.295410e+00 9.958487e+00 2.819289e+00 5.965827e+00 1.502829e+00 -3.204553e+00 -1.512926e-01 -1.617974e-01 -7.299502e-01 -3.140612e-01 5.912337e-01 1.680174e-01 4.182735e-01 8.149844e-01 -1.527137e+00 -1.237995e+00 2.664001e-01 1.460712e+00 5.835253e-01 -4.168605e-07 2.807028e-01 -7.661644e-02 -2.032953e-01 -2.723017e-01 -7.642158e-01 -4.831187e-01 -4.390645e-01 -4.171444e-01 -4.221991e-01 1.222623e-01 6.285607e-01 1.628889e-01 -6.888312e-08 
-1.228666e+01 -8.032396e-02 -1.114227e+00 5.182888e+00 2.669515e+00 2.166039e+00 1.696915e+00 7.849073e+00 -1.266453e+00 6.036636e+00 3.353371e+00 -2.490495e-01 -1.512926e-01 1.481045e-01 -2.605087e-01 1.999571e-01 -2.586423e-02 -1.212263e+00 -6.771744e-01 -3.622598e-01 -2.196516e+00 -1.639262e+00 4.275756e-01 1.164900e+00 5.617741e-01 -4.168605e-07 2.693594e-01 1.540961e-01 -1.163990e-01 -5.835872e-01 -5.780178e-01 -2.077750e-01 -4.145055e-01 3.167750e-01 5.186694e-01 7.949596e-02 -1.286188e-01 -1.703620e-01 -6.888312e-08 
-1.200639e+01 -1.772720e+00 -3.034083e+00 4.164476e+00 -3.154413e-01 1.303330e+00 2.253239e+00 3.558208e+00 -1.144668e+00 2.897299e+00 4.321388e+00 9.647511e-01 -1.512926e-01 4.583124e-01 -5.131884e-01 -5.002015e-01 -1.354002e+00 -2.421201e+00 -5.773049e-01 -2.105586e-01 -1.674606e-01 -5.294639e-01 5.121666e-01 7.288652e-01 -2.441152e-01 -4.168605e-07 1.341237e-01 3.736061e-01 2.038404e-01 -5.826364e-01 1.747597e-02 3.005583e-02 -3.221092e-01 7.621672e-01 8.536559e-01 -4.952716e-02 -6.359433e-01 -3.099467e-01 -6.888312e-08 
-1.134103e+01 9.973216e-01 -3.879947e-02 4.262614e+00 -2.252314e+00 8.614942e-02 -3.535407e-01 3.829309e+00 -2.463051e+00 5.953513e+00 1.688623e+00 -2.502430e+00 -1.512926e-01 5.103196e-01 2.167537e-01 -2.254898e-01 -1.671459e+00 -9.346335e-01 3.369613e-01 -2.488122e-01 8.419870e-01 1.450745e+00 5.603220e-01 -3.953920e-01 -6.374195e-01 -4.168605e-07 -2.374354e-02 3.458200e-01 3.161290e-01 -2.108813e-01 6.228873e-01 1.453643e-01 -1.624356e-01 4.662694e-01 7.646508e-01 -3.929251e-01 -5.750248e-01 -4.656688e-02 -6.888312e-08 
-1.108684e+01 -4.932660e-01 -1.581037e+00 -1.633252e+00 -4.649102e+00 2.944042e+00 1.268050e+00 1.113087e+01 7.701995e-01 8.568161e+00 5.979404e+00 -3.298402e+00 -1.512926e-01 3.278354e-01 8.995778e-01 9.177600e-01 -1.499214e+00 1.165921e-01 6.157650e-02 -8.524156e-01 7.644904e-01 1.485340e+00 -4.771229e-02 -9.388779e-01 -3.665940e-01 -4.168605e-07 -1.422684e-01 3.521711e-01 5.335603e-01 3.442794e-01 7.673157e-01 -1.152628e-01 -2.474722e-01 -3.849868e-01 9.924193e-02 -5.889262e-01 -4.321235e-01 2.216034e-01 -6.888312e-08 
-1.019480e+01 3.639218e-01 -2.968633e+00 -2.757515e-01 1.632627e-01 3.030907e+00 9.455114e-01 8.271946e+00 5.029549e+00 6.002771e+00 5.472649e-01 -1.304854e+00 -1.512926e-01 9.472065e-02 7.623757e-01 1.071767e+00 -1.007856e+00 6.332830e-01 -2.699052e-01 -8.534828e-01 -3.312194e-01 1.176470e+00 -1.257167e+00 -8.763416e-01 3.902353e-01 -4.168605e-07 -1.484105e-01 1.591241e-01 4.090280e-01 4.948830e-01 3.646761e-01 -3.285661e-01 -2.086737e-01 -6.965176e-01 -4.075551e-01 -5.643978e-01 -1.843948e-01 2.691612e-01 -6.888312e-08 
-1.094078e+01 3.041718e+00 3.019367e+00 -1.061994e+00 -9.403706e-01 1.395629e-01 -2.658024e+00 5.159515e+00 2.535816e+00 2.634295e+00 1.978901e-01 -1.466844e+00 -1.512926e-01 -4.523998e-02 9.747927e-01 1.518948e+00 3.565912e-02 6.313989e-01 -8.499982e-01 -1.145557e+00 -1.505621e+00 1.037475e-01 -1.523588e+00 -1.191280e+00 3.500952e-01 -4.168605e-07 -8.859470e-02 3.629202e-02 1.649657e-01 4.113094e-01 1.027571e-01 -2.403823e-01 -8.783860e-02 -5.714536e-01 -3.835922e-01 -3.218289e-01 -8.199039e-02 1.393149e-01 -6.888312e-08 
