-1.358583e+01 -2.976408e+00 -1.043707e+00 3.520773e+00 3.858478e+00 -3.178118e+00 -5.234284e+00 2.588274e+00 -4.053534e+00 3.636315e+00 -1.967698e+00 -6.222422e+00 -1.512926e-01 -6.275931e-02 -2.427215e-01 -3.463083e-01 1.215230e-01 -4.699500e-01 4.735007e-01 -9.931628e-01 -5.937853e-01 2.709423e-01 6.374807e-01 1.069512e+00 1.596804e+00 2.443561e-06 -6.533118e-02 -1.262277e-01 -1.411140e-01 5.053232e-02 -1.059625e-01 3.758051e-01 3.939717e-01 3.596730e-01 7.904977e-02 1.086453e-01 -1.157060e-02 7.505313e-02 -8.296836e-07 
-1.440222e+01 -1.759205e+00 1.465161e+00 2.939749e+00 6.403613e+00 -5.818727e-01 -1.145866e+01 -2.898188e+00 -6.137102e+00 5.005836e+00 1.825204e+00 -2.256533e+00 -1.512926e-01 -1.869265e-01 -5.690774e-01 -7.418373e-01 1.344480e-01 -8.784434e-01 1.333624e+00 -4.070375e-01 3.561575e-01 4.397849e-01 1.051074e+00 1.456465e+00 2.406382e+00 2.443561e-06 -2.043292e-02 -1.091162e-01 -1.660368e-01 4.751951e-02 -1.864842e-01 2.432867e-01 7.084852e-01 3.888269e-01 7.933604e-02 1.884461e-02 3.170617e-02 -2.138923e-01 -8.296836e-07 
-1.349087e+01 -4.798707e+00 -4.029288e+00 4.418801e+00 2.359929e-01 -2.108546e+00 -7.088065e+00 2.362875e+00 -1.657075e+00 6.139033e+00 1.483263e+00 -2.212086e-01 -1.512926e-01 -3.272176e-01 -7.106876e-01 -8.541468e-01 3.676156e-01 -7.954829e-01 1.922237e+00 6.837457e-01 7.296697e-01 5.816249e-01 9.739909e-01 8.182471e-01 1.567343e+00 2.443561e-06 -2.847773e-03 8.468169e-02 3.337866e-02 -9.111946e-03 9.893419e-02 -1.106788e-02 6.605719e-01 -3.722782e-02 -1.014614e-01 -1.928450e-01 -5.679234e-03 -3.825922e-01 -8.296836e-07 
-1.456779e+01 -4.910531e+00 -3.259738e+00 3.743484e+00 1.277338e+00 2.955583e+00 -6.342973e+00 4.481620e+00 -3.052733e+00 7.640582e+00 3.589483e+00 2.809543e+00 -1.512926e-01 -3.254275e-02 -5.543482e-01 -9.226258e-01 2.359871e-01 -1.239550e+00 9.653625e-01 1.710767e+00 6.886589e-01 5.121315e-01 5.635283e-01 1.353488e+00 5.420761e-01 2.443561e-06 5.439750e-02 2.088798e-01 1.752001e-01 2.360531e-02 3.785697e-01 -3.591289e-01 4.223725e-01 -3.114108e-01 -2.050488e-01 -6.106378e-01 -3.071300e-01 -4.383185e-01 -8.296836e-07 
-1.513907e+01 -4.954559e+00 -2.951918e+00 4.957169e+00 2.443577e+00 4.664631e+00 -4.373522e+00 2.546907e+00 -2.687444e+00 7.189041e+00 1.241090e+00 -9.186064e-01 -1.512926e-01 -1.541707e-01 1.733770e-01 -8.908013e-02 2.515398e-02 2.052790e-01 6.021805e-01 1.250777e+00 -9.462226e-01 -2.724720e-01 -8.304214e-02 1.092531e+00 6.160878e-01 2.443561e-06 7.406722e-02 1.892297e-01 1.702357e-01 -1.374389e-01 2.931414e-01 -2.430492e-01 6.930602e-03 -1.801501e-01 -8.902927e-02 -5.958172e-01 -2.818026e-01 -2.750354e-01 -8.296836e-07 
-1.374096e+01 -4.453105e+00 -3.686963e+00 3.850349e+00 -8.976160e-01 8.584486e-01 -4.262217e+00 4.530881e-01 -3.060967e+00 7.298719e+00 8.713908e+00 8.028674e-01 -1.512926e-01 -1.437478e-03 3.323968e-02 -2.483851e-01 4.237619e-01 5.140318e-01 1.981210e-01 1.421118e+00 -3.628144e-01 -1.583478e-01 -1.473563e+00 -2.162526e-01 6.905786e-01 2.443561e-06 2.040311e-02 7.047160e-02 1.218661e-01 -3.169837e-01 1.226351e-01 1.050118e-01 -3.206789e-01 9.016825e-02 6.048338e-02 -2.893866e-01 -3.158294e-01 -1.830982e-01 -8.296836e-07 
-1.467519e+01 -4.160493e+00 -4.260834e+00 4.491092e+00 2.350188e+00 1.951026e+00 -1.874607e+00 -3.541034e-01 -3.015306e+00 5.894432e+00 4.383792e+00 3.862267e+00 -1.512926e-01 2.750947e-02 -5.850188e-02 -3.400742e-01 -4.133664e-01 -2.065704e-01 1.090656e+00 8.631128e-01 3.545911e-01 4.717804e-01 -9.864486e-01 1.940824e-01 1.178856e-01 2.443561e-06 9.753190e-02 8.158250e-02 1.232749e-01 -5.653054e-01 -3.715352e-01 -6.916708e-02 -6.604378e-01 2.274631e-01 2.297484e-01 2.860768e-01 1.371451e-01 -1.197661e-01 -8.296836e-07 
-1.480694e+01 -5.141191e+00 -3.847229e+00 6.095419e+00 3.893921e+00 5.302773e+00 -4.865626e-01 4.117801e+00 -3.680011e+00 9.196210e-01 9.366686e-01 3.871674e+00 -1.512926e-01 -2.149721e-02 -8.606643e-02 -1.877706e-01 -1.129723e+00 -4.204153e-01 1.246063e+00 3.012889e-01 4.891581e-01 4.424342e-01 -4.316439e-01 2.237641e-01 -1.242694e-01 2.443561e-06 2.053946e-01 3.003387e-01 2.448362e-01 -7.023883e-01 -5.411214e-01 -4.012049e-01 -6.974642e-01 -2.168976e-01 1.646842e-01 5.385808e-01 1.137999e-01 3.743234e-02 -8.296836e-07 
-1.446835e+01 -4.902738e+00 -4.571832e+00 1.767823e+00 -9.848167e-01 7.895685e+00 -1.945755e+00 2.487508e+00 -1.851583e-02 5.445788e+00 6.100319e+00 -1.863151e+00 -1.512926e-01 3.436407e-01 6.409224e-01 4.970202e-01 -2.024756e+00 -1.185183e+00 -2.677388e-01 -1.491572e+00 -2.350826e-01 5.759187e-01 8.264101e-01 1.558110e+00 4.245913e-01 2.443561e-06 2.418477e-01 2.668082e-01 1.584284e-01 -1.548567e-01 -3.091944e-01 -6.933625e-01 -9.625931e-02 -1.095704e-01 -2.028814e-01 -5.590469e-02 -5.126671e-01 2.282447e-01 -8.296836e-07 
-1.395177e+01 -4.512329e+00 -4.470133e+00 -4.363858e-01 -1.332494e+00 4.116842e+00 -2.720091e+00 1.478783e+00 -2.347231e+00 5.365082e+00 8.973989e+00 3.044289e+00 -1.512926e-01 8.674789e-01 1.185270e+00 5.572510e-01 -2.282636e+00 -1.702411e+00 -1.128709e+00 -8.890141e-01 -1.152559e+00 6.131109e-01 3.128459e-01 -3.292856e-01 7.244707e-01 2.443561e-06 1.361230e-01 -3.315324e-02 -2.055509e-01 5.314054e-01 1.877359e-01 -2.839976e-01 5.420245e-01 2.552611e-01 -1.877501e-01 -4.843627e-01 -8.790881e-01 2.148944e-03 -8.296836e-07 
-1.338496e+01 -1.270220e+00 -1.464122e+00 -2.366696e+00 -9.623132e-01 1.205526e+00 -8.215524e+00 -2.103788e-01 -8.022398e-01 7.803650e+00 8.155376e+00 6.398726e+00 -1.512926e-01 7.921914e-01 6.399755e-01 7.962392e-02 -6.112745e-01 -1.111619e+00 -1.188695e+00 9.770977e-01 6.274274e-01 -6.278871e-01 -1.638309e+00 -2.092745e+00 8.347698e-01 2.443561e-06 -4.550112e-02 -3.742943e-01 -5.848930e-01 8.339577e-01 5.957769e-01 2.698141e-01 9.650400e-01 5.689714e-01 -3.829018e-01 -6.355696e-01 -5.869974e-01 -2.249485e-01 -8.296836e-07 
-1.101135e+01 -1.030987e+00 -2.614588e+00 -3.250805e+00 -4.629242e+00 3.003927e+00 -1.796475e+00 -2.957650e-01 -2.224936e-01 1.305355e+00 -1.737464e+00 3.363271e+00 -1.512926e-01 4.347982e-01 -2.513486e-01 -1.006834e+00 8.206120e-01 4.815457e-01 2.867698e-01 1.777075e+00 1.334295e+00 1.054623e-01 -1.621035e+00 -2.346433e+00 -3.185203e-01 2.443561e-06 -2.241320e-01 -3.623921e-01 -4.970429e-01 5.432684e-01 6.939976e-01 3.290409e-01 2.148883e-01 2.665837e-01 -3.393484e-01 2.471093e-01 5.706836e-01 -4.355730e-01 -8.296836e-07 
-1.197790e+01 -3.443185e+00 -5.101664e+00 1.185953e-01 -4.894783e+00 2.508817e+00 2.477653e+00 6.512328e+00 -4.220459e+00 -7.156100e-01 9.925219e-01 2.151056e+00 -1.512926e-01 3.324682e-01 -5.121597e-01 -1.645397e+00 5.934417e-01 7.016999e-01 3.734835e-01 2.000647e+00 1.366478e+00 -1.084689e+00 -1.384604e+00 -3.682958e-01 -1.786405e-01 2.443561e-06 -1.800890e-01 -5.029799e-03 7.443577e-02 -6.475482e-02 1.760826e-01 9.050224e-03 -5.938009e-01 -6.057302e-01 -3.999599e-02 9.421070e-01 1.149524e+00 -4.012542e-01 -8.296836e-07 
-1.248106e+01 -4.682597e+00 -7.685444e+00 2.423832e+00 3.041605e+00 4.898683e+00 8.185479e-01 4.788692e+00 -1.109608e-01 1.519330e+00 8.236831e-01 3.575355e+00 -1.512926e-01 -2.327465e-02 -5.071647e-02 -1.065434e+00 -1.686181e-01 8.609089e-01 -2.645943e-01 -3.262644e-01 -1.892302e-01 -8.551164e-01 1.421484e+00 1.661936e+00 -9.466623e-01 2.443561e-06 -8.542850e-02 3.206483e-01 7.547963e-01 -3.035202e-01 -5.826966e-01 -4.321832e-01 -7.552126e-01 -7.576021e-01 5.308136e-02 7.364656e-01 6.695705e-01 -2.300314e-01 -8.296836e-07 
-1.098749e+01 -2.005841e+00 -7.155612e+00 -2.236931e+00 -1.289738e+00 2.126065e+00 4.802667e-01 4.079616e+00 -6.281945e+00 7.735222e-01 5.033566e+00 5.399878e+00 -1.512926e-01 1.208253e-01 5.144621e-01 4.810993e-01 -4.405607e-01 -4.208180e-01 -8.675997e-01 -9.402784e-01 -1.639563e+00 -3.476716e-01 1.551143e+00 1.650669e+00 -8.574410e-01 2.443561e-06 9.293517e-02 5.009944e-01 1.019890e+00 -7.464061e-02 -7.505743e-01 -3.820363e-01 -5.959573e-01 -5.562363e-01 6.091735e-01 5.970510e-02 -5.127222e-01 -9.390649e-02 -8.296836e-07 
-1.162290e+01 -2.003113e+00 -6.914532e+00 -2.916289e+00 -2.126864e+00 1.872675e+00 -2.429388e+00 -2.581723e-02 -3.467799e+00 7.667898e+00 4.551778e+00 -2.994551e+00 -1.512926e-01 1.135886e-01 8.386086e-01 1.703940e+00 -1.800955e-01 -1.870614e+00 -1.253518e+00 -5.286599e-01 -9.507794e-01 2.343011e-03 5.934331e-01 -8.116961e-03 -1.129297e+00 2.443561e-06 5.581666e-01 6.819010e-01 8.659926e-01 1.025975e-01 -4.938949e-01 -3.412320e-03 -5.733957e-02 4.786109e-02 8.479602e-01 -7.572739e-01 -1.290162e+00 3.004068e-01 8.563098e-03 
-1.180239e+01 -2.210786e+00 -3.081766e+00 5.855697e-01 -4.414898e+00 -3.161468e-01 -5.996140e-01 7.214448e-01 -4.280342e+00 3.965348e+00 7.381532e+00 1.149215e+00 -1.512926e-01 7.285843e-01 1.548238e+00 2.069449e+00 2.259572e-01 -1.685362e+00 -1.042237e+00 -8.780207e-01 -1.034083e+00 1.532422e+00 -6.720701e-01 -2.096985e+00 -5.567233e-01 2.443561e-06 1.195241e+00 8.397616e-01 2.817004e-01 -1.002024e-01 6.147714e-02 5.229818e-01 -3.051650e-02 2.278021e-01 8.733971e-01 -4.108600e-01 -1.188357e+00 3.509760e-01 3.728183e-02 
-1.150556e+01 -3.869288e-01 -1.203066e+00 1.118601e-01 -4.749073e+00 -1.477759e-01 -1.284906e+00 1.713728e+00 -1.100160e+00 2.890507e+00 -3.910176e-01 5.415881e-02 -1.512926e-01 2.463751e+00 2.841984e+00 2.470349e+00 1.109154e-02 -9.763046e-01 -1.943284e-01 -6.441492e-01 -2.525977e-01 2.444701e+00 -1.253325e+00 -2.914990e+00 4.050704e-01 4.280949e-02 1.764487e+00 6.168182e-01 -2.837741e-01 -4.474761e-01 1.993892e-01 6.298630e-01 1.604532e-01 3.248736e-03 5.967823e-01 1.473359e-01 -3.270615e-01 5.789268e-01 6.504136e-02 
-7.403204e+00 4.927232e+00 3.355799e-01 -2.620838e+00 -8.405313e+00 -2.075206e+00 -4.482209e+00 -1.960531e+00 1.966901e-01 -1.982628e-01 -2.979878e+00 1.091918e+00 -1.512926e-01 4.922083e+00 3.711529e+00 1.506367e+00 -1.037284e+00 -5.606965e-01 1.217764e+00 -1.035169e+00 -8.496761e-01 2.798079e+00 4.200499e-01 -2.837817e+00 1.303407e-01 1.650006e-01 1.546837e+00 -3.018626e-03 -4.246899e-01 -7.050716e-01 -9.724440e-02 4.740812e-01 2.272479e-01 -2.732903e-02 -4.580795e-03 4.916259e-01 3.315051e-01 4.412436e-01 6.967083e-02 
-1.503482e+00 8.637676e+00 3.728409e+00 -1.257632e+00 -5.012926e+00 1.780654e+00 -3.708745e+00 5.267445e-02 6.517383e+00 3.483180e+00 -4.842220e+00 -9.408410e-01 6.277187e-02 6.839311e+00 2.840931e+00 5.665542e-01 -1.785798e+00 -1.435944e+00 7.655700e-01 3.520903e-01 -1.026820e+00 2.353504e+00 7.840899e-01 -1.272923e+00 1.421714e+00 2.427063e-01 5.064802e-01 -6.627492e-01 -4.735961e-01 -9.750478e-01 -2.446631e-01 -1.888075e-01 9.854978e-02 5.830228e-02 -6.684316e-01 2.119739e-01 5.759143e-01 2.605228e-01 3.454589e-02 
7.807001e+00 1.183459e+01 1.984550e+00 -3.915794e+00 -7.086051e+00 4.808663e+00 -4.563396e+00 -2.695595e+00 5.901332e+00 5.769441e+00 -4.581714e+00 2.298146e+00 5.666885e-01 6.274972e+00 1.533719e+00 8.979201e-01 -2.400822e+00 -1.941761e+00 8.480510e-01 -2.398211e-01 -7.837455e-01 1.555145e+00 7.673561e-01 -1.260566e+00 1.141116e+00 2.484074e-01 -9.055166e-01 -9.547319e-01 -3.045374e-01 -8.185698e-01 5.858571e-02 -7.864755e-01 1.370488e-01 5.073412e-01 -8.505786e-01 -4.239723e-01 5.750333e-01 -1.007331e-01 -2.522737e-02 
1.508594e+01 1.036374e+01 8.054820e-01 -8.169751e+00 -1.258870e+01 2.383102e-01 5.160591e-01 -3.052520e+00 7.814981e+00 3.827112e+00 -5.954595e+00 6.559927e+00 7.032436e-01 4.319784e+00 6.170401e-01 4.065779e-01 -4.182305e+00 -1.509105e+00 -9.534669e-01 -5.491425e-01 5.856293e-03 -2.760383e-01 -3.671920e-01 -8.239409e-01 1.202194e+00 1.738397e-01 -1.738326e+00 -7.759683e-01 -4.772188e-01 -2.130417e-01 6.158854e-01 -5.633960e-01 5.915669e-02 6.999608e-01 -7.689110e-01 -5.125726e-01 4.808265e-01 -6.008224e-01 -5.579942e-02 
1.567661e+01 1.173290e+01 6.286765e+00 -1.116916e+01 -1.432652e+01 2.935912e+00 -7.793436e+00 -4.326949e+00 7.323937e+00 3.467039e+00 -8.726363e+00 3.047282e+00 7.705109e-01 1.654252e+00 4.986258e-02 6.370301e-02 -3.931870e+00 -2.311364e-01 -1.854952e+00 1.007449e-01 1.170964e+00 -1.401084e-01 -1.124205e+00 -1.871766e-01 -2.635504e-01 7.329369e-02 -1.546279e+00 -6.057770e-01 -1.042056e+00 4.879550e-01 9.566789e-01 -1.789562e-01 5.491247e-01 7.908806e-01 -6.534231e-01 -3.777099e-01 7.007892e-01 -5.321849e-01 -5.302519e-02 
1.616038e+01 1.177420e+01 3.609912e+00 -1.854242e+01 -8.938082e+00 -2.050200e+00 -4.839259e+00 8.975207e-01 4.425955e+00 2.798626e+00 -6.889603e+00 4.695639e+00 8.300484e-01 4.580319e-01 -2.970089e-01 -1.402459e+00 -2.085452e+00 7.881506e-01 -6.998563e-01 4.775315e-01 1.495776e+00 -6.433754e-01 -8.330379e-01 5.944831e-01 -8.800756e-01 5.126207e-02 -9.108081e-01 -5.356826e-01 -1.178343e+00 1.259282e+00 8.140792e-01 7.722327e-01 3.744066e-01 6.409071e-01 -5.384260e-01 4.116368e-03 5.951300e-01 -3.845586e-01 -3.002723e-02 
1.554088e+01 1.137872e+01 9.008244e-01 -1.838931e+01 -1.006719e+01 -3.321817e+00 -1.382244e+00 1.183379e+00 6.895397e+00 6.630168e-01 -5.050284e+00 1.912461e+00 8.697518e-01 4.744098e-01 -1.038201e+00 -3.407917e+00 -1.009469e+00 1.692931e+00 -1.735267e-01 1.992547e+00 2.425783e+00 -1.528245e+00 -8.882053e-01 1.534365e+00 -4.786397e-01 4.457426e-02 -3.379277e-01 -5.200548e-01 -9.551450e-01 1.263472e+00 5.662055e-01 1.388060e+00 -1.773596e-01 1.652906e-01 -7.701379e-01 4.409773e-01 4.004947e-01 -6.347268e-03 -9.533536e-03 
1.744414e+01 9.056139e+00 -3.513985e+00 -1.498713e+01 -1.077773e+01 -1.321057e-01 -3.014901e-01 1.670770e+00 4.812203e+00 1.064064e+00 -4.820476e+00 2.727018e+00 9.099295e-01 3.557019e-01 -1.517319e+00 -3.749354e+00 6.527935e-01 1.599231e+00 2.067123e+00 3.769702e-01 2.582991e+00 -2.274026e+00 -4.646796e-01 1.290974e+00 -6.131303e-01 3.805937e-02 -2.702062e-01 -4.599504e-01 -2.336267e-01 7.984159e-01 4.388953e-01 1.202190e+00 -3.960991e-01 -5.998316e-01 -6.353066e-01 7.707700e-01 2.226525e-01 9.230527e-02 -7.021604e-03 
1.740685e+01 7.900887e+00 -7.191025e+00 -1.799417e+01 -4.942040e+00 1.109171e+00 -9.939439e-02 7.414982e+00 -5.106825e-01 -1.067958e-01 -2.089211e+00 1.638376e+00 9.534276e-01 1.582912e-02 -1.940256e+00 -3.538546e+00 1.016452e+00 2.194318e+00 3.701865e+00 -7.358000e-01 1.453626e+00 -3.175301e+00 8.964759e-01 1.467126e+00 -4.288194e-01 3.222598e-02 -3.485109e-01 -2.771645e-01 5.032209e-01 4.494475e-01 2.978728e-01 6.181719e-01 -2.515701e-01 -1.427804e+00 -2.791508e-01 9.943253e-01 3.594575e-02 -9.817315e-02 -8.419249e-03 
1.700611e+01 5.926243e+00 -1.109099e+01 -1.547610e+01 -3.504072e+00 6.069944e+00 -3.596130e+00 1.069678e+01 -3.241365e+00 8.596088e-01 -1.915256e+00 1.767081e+00 9.785145e-01 -6.635355e-01 -2.145833e+00 -2.505221e+00 8.936126e-01 2.731817e+00 3.373393e+00 -1.386812e-01 -1.017422e+00 -2.996371e+00 2.128619e+00 1.741289e+00 -4.434302e-01 2.232904e-02 -3.304982e-01 -6.645299e-02 8.625377e-01 1.715348e-03 3.057585e-01 -4.897483e-01 3.608373e-01 -1.412753e+00 1.804288e-01 6.571917e-01 -3.311676e-03 -4.213631e-01 -9.644582e-03 
1.583870e+01 3.242473e+00 -1.300374e+01 -1.306266e+01 -2.732206e+00 1.208629e+01 -3.413677e+00 3.938543e+00 -4.954031e+00 5.247541e+00 8.330631e-01 2.487119e-01 9.966094e-01 -7.586288e-01 -2.109746e+00 -1.514001e+00 1.117267e+00 2.616102e+00 2.264134e+00 9.926043e-01 -2.913178e+00 -2.562801e+00 2.786742e+00 1.488812e+00 -1.054207e+00 1.034184e-02 -2.390981e-01 1.704038e-01 9.473689e-01 -1.656370e-01 1.819092e-01 -1.283553e+00 4.464607e-01 -6.120356e-01 7.554554e-01 -1.328702e-01 -2.287803e-01 -7.410285e-01 -9.744139e-03 
1.491043e+01 6.564999e-01 -1.313358e+01 -1.298498e+01 1.776351e+00 1.124610e+01 6.622838e-01 -1.678385e+00 -7.947826e+00 9.029969e+00 2.424666e+00 1.204801e+00 9.999999e-01 -9.095846e-01 -1.764769e+00 -4.490269e-01 6.110197e-01 2.917068e+00 3.373226e-01 1.317085e+00 -2.297303e+00 -1.678237e+00 1.875994e+00 1.263594e+00 -2.407257e+00 7.805686e-04 -6.613293e-02 2.690172e-01 7.221251e-01 -1.574459e-01 1.107753e-03 -1.272811e+00 -2.341628e-02 1.564088e-01 1.233847e+00 -7.978573e-01 -3.940139e-01 -8.065124e-01 -6.872266e-03 
1.466184e+01 -1.288416e-02 -1.373969e+01 -1.365311e+01 5.497851e+00 9.841785e+00 2.734311e+00 -9.634746e-01 -1.097156e+01 9.741839e+00 3.184867e+00 -3.351588e+00 9.943958e-01 -1.056859e+00 -1.278707e+00 1.701621e-01 3.296677e-01 3.011305e+00 -1.198007e+00 7.686847e-01 -9.665856e-01 -5.706268e-02 3.584049e-01 5.621360e-01 -3.152045e+00 -5.719064e-03 -1.845526e-02 2.037365e-01 4.879251e-01 -1.549509e-01 -4.937947e-03 -8.423195e-01 -6.479729e-01 4.028615e-01 1.501505e+00 -9.991125e-01 -3.962163e-01 -4.432530e-01 -2.665929e-03 
1.304694e+01 -1.269440e+00 -1.296832e+01 -1.212556e+01 6.966198e+00 8.878904e+00 -8.499016e-02 1.661224e+00 -8.623760e+00 7.992378e+00 3.226650e+00 -8.468975e+00 9.835389e-01 -8.449618e-01 -1.216318e+00 2.632898e-01 5.000713e-01 2.539853e+00 -1.259444e+00 -1.438886e-01 -1.208806e+00 1.920036e+00 -6.464837e-01 2.344253e-01 -3.427134e+00 -4.000069e-03 7.994675e-02 1.330817e-01 1.632922e-01 -5.176207e-02 6.270380e-02 -3.829265e-01 -8.290024e-01 1.202714e-01 1.356410e+00 -7.346967e-01 -4.515511e-01 2.441241e-01 2.576390e-04 
1.148625e+01 -2.187798e+00 -1.223555e+01 -1.184403e+01 9.729053e+00 7.279881e+00 8.028342e-01 -2.563538e+00 -4.901633e+00 7.557806e+00 3.242426e+00 -1.067448e+01 9.762306e-01 -8.831769e-01 -1.365398e+00 5.694315e-01 3.979118e-01 2.780143e+00 -1.149147e+00 -1.516683e+00 -1.443195e+00 3.145648e+00 -9.475831e-01 2.217054e-02 -2.760549e+00 -5.925933e-04 1.620464e-01 9.163836e-02 6.510406e-03 3.353818e-02 6.016285e-02 -2.710603e-01 -5.995337e-01 8.386286e-02 8.194155e-01 -4.640017e-01 -4.942222e-01 7.458459e-01 6.235154e-05 
1.227281e+01 -4.337775e+00 -1.256879e+01 -1.138918e+01 1.235970e+01 6.229647e+00 9.084652e-01 -6.922478e+00 -1.382734e+00 6.889394e+00 3.567739e+00 -1.226939e+01 9.890727e-01 -5.967544e-01 -1.056086e+00 1.677644e-01 3.181903e-01 3.346101e+00 -1.601825e+00 -1.685288e+00 -1.457862e+00 3.502388e+00 -1.144502e+00 -7.242345e-01 -1.382230e+00 -4.959634e-04 1.132463e-01 1.636779e-01 -8.919552e-03 1.329610e-01 -1.483888e-02 -5.846416e-01 -1.295515e-01 5.961592e-01 -2.127087e-03 -2.222554e-01 -6.130406e-01 8.880925e-01 -2.776974e-03 
1.063306e+01 -5.305615e+00 -1.109189e+01 -1.203172e+01 1.670173e+01 5.420466e+00 -5.346026e+00 -3.887820e+00 1.136111e+00 5.555466e+00 3.125177e+00 -1.525439e+01 9.886511e-01 -3.706381e-01 -9.006937e-01 2.505339e-01 5.883751e-01 2.909014e+00 -2.382007e+00 -1.458476e+00 -4.227643e-01 3.248869e+00 -1.712693e+00 -1.429691e+00 -4.451068e-01 -7.163427e-03 1.330764e-01 1.420825e-01 -3.605615e-02 3.580275e-01 -4.233179e-01 -6.744313e-01 2.403965e-01 1.100387e+00 -7.117805e-01 -3.249648e-02 -6.631447e-01 8.173401e-01 -4.172705e-03 
1.048987e+01 -4.991184e+00 -1.270091e+01 -1.044086e+01 2.021114e+01 1.799325e+00 -5.436816e+00 -4.965489e+00 5.869519e+00 3.271274e+00 -3.355908e-01 -1.309036e+01 9.748252e-01 -5.351787e-01 -6.302034e-01 3.782848e-01 1.069703e+00 2.401183e+00 -3.566127e+00 -8.206232e-01 1.261672e+00 1.857675e+00 -1.375211e+00 -2.104981e+00 -1.445089e-01 -1.460393e-02 7.796909e-02 -9.556554e-02 2.395363e-01 4.067503e-01 -9.870138e-01 -1.406783e-01 1.095420e-01 1.283922e+00 -9.935071e-01 3.648157e-02 -4.844216e-01 7.145323e-01 -2.526164e-03 
1.052467e+01 -6.364629e+00 -1.091710e+01 -9.376700e+00 2.034841e+01 -2.414948e+00 -3.316776e+00 -5.656004e+00 7.716547e+00 8.037353e-01 -1.954055e+00 -1.248960e+01 9.475247e-01 -2.485023e-01 -8.679739e-01 2.839102e-01 1.812324e+00 1.136102e+00 -3.539279e+00 -7.471406e-01 2.699189e+00 4.090121e-01 -9.948695e-01 -2.603271e+00 7.072253e-01 -1.441067e-02 1.655469e-02 -1.968165e-01 3.451644e-01 3.074687e-01 -1.253901e+00 5.831581e-01 -6.864733e-02 9.502104e-01 -8.309898e-01 1.644377e-02 -3.619142e-01 9.164750e-01 9.047678e-04 
9.651596e+00 -6.959204e+00 -1.076546e+01 -7.368262e+00 2.254193e+01 -7.683457e+00 -4.208965e+00 2.701176e-01 4.615336e+00 2.388887e+00 -4.417565e+00 -1.437398e+01 9.366151e-01 -2.679272e-01 -1.550354e+00 1.348789e+00 1.739840e+00 -7.024543e-01 -1.726755e+00 -1.493076e+00 3.400930e+00 -4.524268e-02 -1.321124e+00 -2.559536e+00 1.614169e+00 -9.513060e-03 6.107879e-02 -1.985639e-01 4.189264e-01 8.541504e-02 -1.353217e+00 1.140709e+00 7.914250e-02 1.098980e-01 -2.638560e-01 -3.039302e-01 -5.693963e-02 1.168208e+00 2.470896e-03 
9.810202e+00 -8.661107e+00 -1.064061e+01 -4.506248e+00 2.121648e+01 -7.534423e+00 -9.695230e+00 6.990172e+00 3.808033e+00 1.022263e+00 -7.850193e+00 -1.107641e+01 9.357191e-01 -4.212952e-01 -1.424631e+00 1.491118e+00 1.790713e+00 -1.808729e+00 -3.857759e-01 -1.465419e+00 3.258674e+00 4.544525e-02 -1.657418e+00 -3.012031e+00 3.257877e+00 -5.185057e-03 2.523451e-04 1.334114e-01 3.634121e-01 -2.579985e-01 -9.945490e-01 9.102702e-01 8.135686e-01 -8.403858e-01 8.166707e-02 -2.962660e-01 4.042938e-01 8.931754e-01 7.764908e-04 
9.507907e+00 -1.159424e+01 -6.095041e+00 -4.176671e+00 1.626460e+01 -4.274363e+00 -9.712690e+00 5.715743e+00 7.597529e+00 -3.443892e+00 -1.018537e+01 -5.726418e+00 9.331718e-01 -1.433791e-01 -1.344567e+00 1.869191e+00 1.507500e+00 -2.892586e+00 5.606982e-01 -6.577715e-02 1.531375e+00 7.203061e-01 -2.563739e+00 -2.185303e+00 4.421227e+00 -6.858280e-03 -6.030685e-02 6.818022e-01 1.499688e-02 -5.310346e-01 -4.038665e-01 1.775913e-01 1.580340e+00 -1.470315e+00 1.713453e-02 8.846904e-02 1.057189e+00 1.039922e-01 -2.126016e-03 
8.490148e+00 -1.117032e+01 -5.796301e+00 -2.019160e+00 1.444408e+01 -6.048425e+00 -7.891646e+00 7.914041e+00 6.452260e+00 -4.566742e+00 -1.413006e+01 -5.235140e-01 9.233338e-01 -3.094432e-01 -3.037422e-01 1.840706e+00 6.385242e-01 -2.741699e+00 -1.318025e-01 2.607139e+00 -5.681536e-01 4.346901e-01 -1.854984e+00 -7.690600e-01 3.769612e+00 -1.185761e-02 -8.003002e-02 9.829175e-01 3.106417e-02 -8.922426e-01 -1.555547e-01 -5.961246e-02 1.584653e+00 -1.725311e+00 3.840000e-02 4.990131e-01 1.685308e+00 -9.216009e-01 -4.165046e-03 
9.594419e+00 -1.242766e+01 -3.841327e+00 -1.074435e+00 1.146519e+01 -5.622997e+00 -5.439872e+00 7.464835e+00 6.894648e+00 -7.635232e+00 -1.220419e+01 2.455927e+00 9.085241e-01 -6.253204e-01 1.298263e+00 1.248947e+00 -3.391251e-01 -2.255213e+00 -9.659237e-01 4.372343e+00 -2.037283e+00 -1.540682e-01 -7.799218e-01 1.604995e+00 1.878240e+00 -1.680608e-02 -6.613293e-02 1.205927e+00 8.590097e-03 -8.455910e-01 -2.430171e-02 -1.917748e-01 7.937931e-01 -1.162029e+00 -2.768655e-02 8.207721e-01 1.492765e+00 -1.263193e+00 -4.902161e-03 
8.219673e+00 -9.763370e+00 -2.563739e+00 -2.865102e+00 9.907393e+00 -7.519087e+00 1.203970e+00 3.274546e+00 6.333241e+00 -6.156861e+00 -1.068634e+01 3.680969e+00 8.887602e-01 -5.803765e-01 2.168441e+00 1.956564e+00 -1.747126e+00 -2.905070e+00 7.947912e-02 4.238801e+00 -3.583592e+00 6.745545e-01 -5.421692e-02 3.519407e+00 -7.864078e-02 -2.103745e-02 1.655207e-01 1.105764e+00 1.076773e-01 -3.040380e-01 -5.781592e-02 4.536964e-02 -6.117881e-01 -3.579893e-01 3.799105e-02 7.292169e-01 5.429336e-01 -6.569939e-01 -5.152971e-03 
6.516282e+00 -5.806290e+00 -1.466392e+00 -5.449176e+00 7.256492e+00 -8.368609e+00 7.601194e+00 -2.150926e+00 6.886788e+00 -6.548389e+00 -3.882056e+00 1.562693e+00 8.664315e-01 -3.383901e-01 3.448930e+00 1.854229e+00 -1.527607e+00 -2.932455e+00 -5.039340e-01 3.087380e+00 -2.771064e+00 4.619983e-01 6.397478e-01 3.134392e+00 2.938287e-02 -2.677930e-02 3.838117e-01 7.800199e-01 2.693899e-01 5.707603e-01 -2.925030e-01 6.369250e-01 -1.630065e+00 -1.029938e-01 1.893391e-02 2.791975e-01 -4.854677e-01 3.609934e-01 -5.419098e-03 
7.126838e+00 -3.639169e+00 2.799047e+00 -8.567577e+00 2.022763e+00 -4.278030e+00 6.781899e+00 -5.195661e+00 9.828935e+00 -5.381254e+00 -6.941599e-01 -4.704930e-01 8.391837e-01 3.747459e-01 4.149827e+00 2.076451e+00 -2.873216e-01 -2.692165e+00 -1.360354e-01 1.905442e-01 -1.991003e+00 3.165920e-01 1.081303e+00 1.180849e+00 1.409140e+00 -3.263813e-02 3.463965e-01 3.746862e-01 1.281387e-01 1.173841e+00 -2.341926e-01 9.733544e-01 -1.627015e+00 -3.718205e-01 -1.893042e-01 -8.702330e-02 -8.138426e-01 7.077798e-01 -3.682572e-03 
8.448880e+00 1.754866e+00 2.748198e+00 -5.861820e+00 7.456949e-01 -9.763254e+00 7.208352e+00 -2.155169e+00 7.456429e+00 -4.824174e+00 -1.528547e+00 4.678535e+00 7.994100e-01 8.160600e-01 4.207691e+00 2.535951e+00 1.784716e+00 -3.824348e+00 2.326418e+00 -1.753795e+00 -3.348492e+00 1.195240e-01 4.823681e-02 3.468525e-01 2.939315e+00 -3.810026e-02 1.471872e-01 -3.226961e-01 1.430991e-01 9.266016e-01 -2.091337e-01 1.339397e+00 -1.019288e+00 -7.002434e-01 -2.363745e-01 -2.998672e-01 -2.944112e-01 5.208738e-02 -6.573431e-06 
9.127055e+00 7.205008e+00 5.711078e+00 -4.095849e+00 -2.973377e-01 -7.501750e+00 2.353690e+00 -6.678517e+00 7.631214e+00 -1.612483e+00 -5.958858e+00 9.168221e+00 7.590918e-01 5.744545e-01 3.662397e+00 2.256472e+00 2.465917e+00 -3.630102e+00 3.531098e+00 -1.475602e+00 -5.153967e+00 -1.008782e-01 -1.937008e-01 8.439309e-01 2.005425e+00 -3.378751e-02 -1.200643e-01 -8.450076e-01 -6.580914e-02 4.212494e-01 6.244094e-02 4.203735e-01 -8.174330e-02 2.154625e-01 -1.941707e-01 -3.115021e-01 1.266287e-01 -8.646502e-01 4.578852e-03 
9.596408e+00 9.810073e+00 9.757230e+00 1.237987e+00 -1.070516e+01 4.875678e+00 1.045960e+00 -1.815209e+01 8.583360e+00 -8.191483e+00 4.843003e-01 1.143957e+01 7.159627e-01 2.975541e-01 2.079224e+00 2.479652e+00 1.728776e+00 -3.509152e+00 4.359535e+00 -1.176001e+00 -4.690743e+00 -5.112156e-01 -2.220942e-01 1.830819e+00 -8.341575e-03 -2.624021e-02 -2.343411e-01 -9.531493e-01 -5.293452e-01 -5.129132e-02 7.567326e-01 -1.292395e+00 3.366439e-01 1.977854e+00 -9.127850e-02 4.811642e-02 -2.615958e-01 -1.218783e+00 7.280327e-03 
9.425372e+00 1.064544e+01 1.057672e+01 2.119902e-01 -1.040249e+01 6.058275e+00 2.484637e+00 -2.296713e+01 8.761139e+00 -4.666487e+00 2.519318e+00 6.175952e+00 7.119572e-01 3.360357e-02 9.890563e-01 1.775584e+00 1.846963e+00 -2.537520e+00 9.492775e-01 -5.071359e-01 -2.426298e-01 -3.389085e-01 -3.409578e-01 1.072056e+00 -1.440433e+00 -1.567195e-02 -2.232768e-01 -7.454710e-01 -6.812297e-01 -1.175261e-01 9.052027e-01 -2.138839e+00 2.900980e-01 2.717890e+00 2.443888e-01 -1.892249e-02 -9.189512e-01 -4.666639e-01 5.670164e-03 
9.787331e+00 1.043036e+01 1.271330e+01 6.282260e-01 -1.174763e+01 5.254429e+00 1.262897e+00 -1.746423e+01 4.335756e+00 -4.407814e+00 3.386535e+00 6.133193e+00 6.917717e-01 -8.535825e-02 7.786399e-01 1.296884e-01 1.837553e+00 -5.868734e-01 -2.844722e+00 -5.548128e-01 4.085014e+00 -2.177535e-01 3.623994e-01 -1.075206e+00 -1.431691e+00 -1.075399e-02 -2.390447e-01 -4.432346e-01 -6.672086e-01 -6.579047e-02 8.419858e-01 -1.782292e+00 3.262303e-01 1.544341e+00 5.211672e-01 -1.011975e-01 -9.053515e-01 3.133552e-01 2.248805e-03 
9.199646e+00 1.183965e+01 1.311101e+01 5.443900e+00 -1.246380e+01 -2.944733e+00 -2.910143e-01 -8.235622e+00 8.060503e+00 -5.209495e+00 -2.049560e+00 4.619528e+00 6.928083e-01 -3.505783e-01 5.852672e-01 2.524347e-02 1.823801e+00 -5.652606e-01 -3.560927e+00 -3.357535e-01 4.047564e+00 9.743342e-01 -5.806282e-01 -2.297730e+00 3.836334e-01 -1.317991e-02 -1.818528e-01 -4.714570e-01 -2.715978e-01 -2.696731e-01 5.235789e-01 -2.167592e-01 2.644320e-01 -5.539989e-01 2.908457e-01 4.624238e-03 -1.315452e-01 6.819202e-01 -1.488460e-03 
9.282678e+00 1.310634e+01 9.138412e+00 7.810203e+00 -1.260839e+01 -4.846157e+00 -3.403379e-01 -5.092773e+00 7.844923e+00 -6.108023e+00 -2.607665e+00 5.059517e+00 6.717619e-01 -7.055594e-01 6.480215e-02 1.872166e-02 1.411338e+00 -2.853695e-01 -2.296744e+00 3.694484e-01 8.858814e-01 1.437963e+00 -6.083739e-01 -1.011118e+00 6.465069e-01 -1.624664e-02 -1.044568e-01 -6.062715e-01 2.483582e-01 -3.514898e-01 1.982063e-01 8.662952e-01 2.048953e-01 -1.660968e+00 8.914602e-03 3.204925e-02 7.076166e-01 4.924435e-01 -2.244720e-03 
7.924339e+00 1.223396e+01 1.249038e+01 5.740249e+00 -1.279854e+01 -6.696237e+00 1.607289e+00 -8.915000e+00 1.187807e+01 -6.719321e+00 -5.972502e+00 8.631168e+00 6.560739e-01 -5.655221e-01 -1.011268e+00 4.730429e-01 7.118350e-01 -7.058493e-02 -4.086335e-01 3.529003e-01 -1.412864e+00 2.875515e-01 1.674243e-01 3.822283e-01 9.300989e-01 -2.036612e-02 5.648207e-02 -5.060756e-01 1.961312e-01 -2.738628e-01 3.101394e-01 9.062940e-01 -1.705237e-02 -1.092398e+00 -4.403594e-01 2.040788e-01 1.028834e+00 -2.467534e-02 -1.271921e-04 
6.897133e+00 1.055777e+01 1.311737e+01 7.537202e+00 -1.300726e+01 -4.353381e+00 2.161197e+00 -1.269533e+01 9.616348e+00 -6.694488e+00 2.924381e-01 7.359519e+00 6.289139e-01 -5.002645e-01 -1.454404e+00 1.147475e+00 6.362494e-01 1.566840e-01 -8.935271e-02 1.251620e-01 -1.489617e+00 1.701666e-01 1.486393e-01 1.122697e+00 7.574048e-01 -1.838776e-02 1.972167e-01 -2.343694e-01 5.571856e-02 -1.437941e-01 3.367317e-01 4.212637e-01 -3.583364e-01 1.063724e-01 -4.105060e-01 1.548154e-01 6.003607e-01 -1.592791e-01 2.934225e-03 
7.564867e+00 8.057518e+00 1.348694e+01 9.139283e+00 -1.261739e+01 -5.234244e+00 2.227366e-01 -1.149886e+01 8.612179e+00 -4.079195e+00 -1.588238e+00 8.120199e+00 6.124001e-01 -1.709295e-01 -1.185492e+00 4.415847e-01 8.421193e-01 7.643901e-01 -1.331329e-01 -2.989543e-01 -2.265387e-01 -5.935480e-01 6.140788e-02 1.779572e+00 2.048315e-01 -1.274253e-02 1.414146e-01 1.175198e-01 -7.671074e-02 -1.573988e-01 1.410351e-01 3.012079e-01 -3.076882e-01 5.537164e-01 -1.120123e-01 -2.132333e-02 5.328949e-02 -1.252200e-01 5.132166e-03 
6.961769e+00 7.922706e+00 1.437771e+01 9.291499e+00 -1.191584e+01 -6.024086e+00 9.783039e-01 -1.124907e+01 1.032896e+01 -6.684555e+00 8.143032e-01 9.101944e+00 6.016662e-01 8.311809e-02 -1.019895e+00 3.131625e-01 6.272536e-01 9.809198e-01 -3.280877e-01 -1.096270e+00 8.245074e-01 -1.741418e-01 2.189210e-01 1.291944e+00 2.127357e-01 -5.388489e-03 8.908676e-02 2.672368e-01 -1.890811e-01 -4.118402e-01 -7.901968e-02 5.111721e-01 2.077354e-01 2.505829e-01 -2.386646e-01 5.024024e-02 -3.115348e-01 8.677716e-02 4.622887e-03 
7.037343e+00 7.623860e+00 1.406807e+01 9.073278e+00 -9.522607e+00 -6.526199e+00 7.041870e-01 -1.077122e+01 8.554167e+00 -6.417604e+00 2.664281e+00 8.783818e+00 6.059878e-01 -1.502350e-01 -6.409346e-01 5.067070e-01 -7.080144e-02 2.224618e-01 1.216796e+00 -5.749482e-01 1.988068e-01 -1.003687e-01 2.578119e-02 5.640744e-01 5.764472e-01 -1.207973e-03 -7.463153e-02 1.672057e-01 -1.239063e-01 -7.302097e-01 1.679340e-01 4.437556e-01 5.178837e-01 9.152425e-02 -4.275184e-01 2.973885e-01 -6.677697e-01 -5.543238e-02 1.728038e-03 
7.576303e+00 5.674932e+00 1.439223e+01 1.070634e+01 -9.650314e+00 -5.347936e+00 -3.561211e+00 -8.936745e+00 8.774612e+00 -4.430577e+00 4.625965e+00 8.091551e+00 6.051621e-01 -6.504460e-02 -3.904338e-01 1.695866e-01 -9.664543e-01 3.264590e-02 1.791502e+00 1.301926e+00 -4.495353e-01 -1.269734e+00 4.177827e-01 1.726388e-01 1.005428e+00 -1.035057e-03 -2.469553e-01 -2.006740e-01 -3.622321e-01 -1.007953e+00 9.525608e-01 -5.563631e-02 7.103786e-01 3.878778e-01 -7.614272e-01 4.837770e-01 -6.954647e-01 -5.552991e-01 -2.020714e-03 
6.505840e+00 5.976505e+00 1.601351e+01 8.077815e+00 -1.263764e+01 5.117046e-01 -3.822411e-01 -1.166115e+01 8.887268e+00 -5.077054e+00 -6.736946e-01 1.150756e+01 6.046176e-01 -4.700480e-01 -6.642908e-01 -1.061519e-01 -2.012038e+00 2.078200e+00 1.025832e+00 1.091430e+00 8.680815e-01 -2.183236e+00 1.449013e+00 -9.996084e-01 -4.686996e-01 -6.278501e-03 -2.374412e-01 -5.713233e-01 -8.210385e-01 -7.152869e-01 1.428419e+00 -9.634436e-01 5.556464e-01 1.083708e+00 -4.592530e-01 2.910170e-01 -3.656761e-02 -8.879870e-01 -4.094207e-03 
6.902105e+00 6.793948e+00 1.425331e+01 4.956719e+00 -1.019490e+01 -5.852068e-01 8.031138e+00 -1.305119e+01 3.813273e+00 -5.265782e+00 3.346458e+00 1.276724e+01 5.971688e-01 -9.917279e-01 -2.011693e+00 -1.191555e+00 -3.441753e+00 4.815898e+00 -5.108276e-01 1.622472e+00 2.429058e+00 -2.939818e+00 1.926303e+00 -1.403522e+00 -2.041270e+00 -1.296122e-02 -2.175042e-01 -6.589576e-01 -8.858108e-01 3.537907e-01 9.139208e-01 -8.948403e-01 4.272638e-01 1.079505e+00 4.907363e-02 -7.118425e-01 3.794620e-01 -9.374431e-01 -4.636034e-03 
5.024695e+00 3.742758e+00 1.360725e+01 1.888159e+00 1.141192e+00 -3.778252e+00 3.650329e-01 -4.373620e+00 1.184674e-01 1.244929e+00 -1.693975e+00 4.102572e+00 5.785820e-01 -8.742896e-01 -2.687024e+00 -2.917822e+00 -2.409508e+00 4.972960e+00 -2.449249e+00 2.043001e+00 4.178001e+00 -1.561667e+00 7.265474e-01 1.169461e+00 -2.340311e+00 -1.571772e-02 -1.385581e-01 -3.337082e-01 -4.853027e-01 1.365484e+00 -5.255691e-01 9.643679e-03 7.965280e-01 1.128812e-01 6.640957e-01 -1.550660e+00 9.304975e-01 -3.942792e-01 -4.546049e-03 
3.358593e+00 -3.266683e+00 9.637370e+00 -3.407511e+00 7.540034e+00 -5.757360e+00 4.177352e+00 -4.347165e-01 -1.539554e+00 2.039574e+00 -1.881147e+00 1.587493e+00 5.533721e-01 -9.504658e-01 -2.673768e+00 -2.853659e+00 1.001356e+00 3.154942e+00 -9.450011e-01 2.962517e+00 3.292992e+00 -1.335151e+00 -2.780091e+00 9.854341e-01 -2.745939e+00 -1.949646e-02 -1.287767e-01 2.201556e-01 1.786551e-01 1.694869e+00 -1.442588e+00 8.464145e-01 3.545260e-01 -5.567787e-01 7.292008e-01 -1.522173e+00 1.039405e+00 2.646782e-01 -9.604375e-03 
3.906502e+00 -2.428199e+00 3.732495e+00 2.124392e-01 3.360028e+00 -9.148450e+00 1.175965e+01 2.920803e+00 3.755635e+00 -5.097334e+00 7.787001e+00 5.395602e+00 5.479261e-01 -1.183438e+00 -2.001698e+00 -1.701695e+00 2.593926e+00 2.807221e-01 1.291174e+00 4.403934e+00 1.000512e+00 3.349333e-01 -3.951129e+00 2.458497e+00 -2.087737e+00 -2.574180e-02 -1.641608e-01 2.514442e-01 6.339059e-01 6.094090e-01 -1.277426e+00 1.193526e+00 -5.901719e-01 -6.613940e-01 -4.294529e-03 -3.739702e-01 4.005498e-01 5.628619e-01 -1.566594e-02 
2.708758e+00 -3.489161e+00 4.922460e+00 1.080153e+01 4.470571e+00 -2.625329e+00 1.714640e+01 -2.337141e-01 -4.681187e+00 -1.599556e+01 3.533203e+00 -1.609163e+00 5.150214e-01 -1.480906e+00 -1.253457e+00 -9.063213e-01 2.530852e+00 -5.098584e-02 1.850883e+00 2.214499e+00 1.233904e+00 -2.421068e-01 -3.345907e+00 3.148931e+00 -8.441476e-01 -5.597170e-02 1.153036e-02 1.152449e-01 3.048453e-01 -1.044484e+00 -6.878392e-01 5.619124e-01 -1.634010e+00 -2.167620e-01 -4.008138e-01 1.132928e+00 -7.496198e-03 9.034525e-01 -1.808406e-02 
-5.677600e-01 -6.154229e+00 7.456753e+00 7.753178e+00 4.079574e+00 1.111505e+00 1.590021e+01 5.283977e-01 3.363773e+00 -9.493130e+00 7.891459e+00 -4.737405e+00 4.690464e-01 -1.429741e+00 -2.139941e+00 -7.218881e-01 -1.272580e-01 1.889017e-01 2.120458e+00 -5.337516e-01 1.900473e+00 -2.129638e+00 -8.604597e-01 2.090322e+00 -4.768433e-01 -7.580627e-02 3.098365e-01 9.473755e-02 -1.557390e-01 -1.390157e+00 -3.332019e-01 -2.777663e-01 -1.862059e+00 2.523457e-01 -6.397642e-01 1.378229e+00 -1.093710e+00 5.171901e-01 -1.334547e-02 
-1.808760e+00 -7.671058e+00 3.243979e+00 5.476229e+00 6.925129e+00 -1.633107e+00 1.317956e+01 6.930773e+00 -2.554204e+00 -1.249167e+01 1.381105e+01 2.433692e+00 3.129383e-01 -7.695474e-01 -2.028315e+00 -1.819280e+00 -2.860643e+00 -2.383854e-01 1.449968e+00 -2.738694e+00 1.759214e+00 -2.107119e+00 1.339110e+00 1.131904e+00 9.657874e-01 -8.488439e-02 4.685839e-01 3.287919e-01 -4.652169e-02 -7.631153e-01 -5.702547e-01 -6.543725e-01 -1.268427e+00 -3.586673e-01 1.957645e-01 1.134544e+00 -1.922961e+00 -2.946620e-01 -8.279293e-04 
-9.829183e-01 -1.103707e+01 9.621159e-01 2.238839e+00 3.076485e+00 9.574707e-01 1.107436e+01 8.840561e+00 -7.955686e+00 -1.115112e+01 1.309988e+01 9.901513e-01 2.699322e-01 9.988950e-03 -1.140674e+00 -2.023950e+00 -1.661097e+00 -1.291635e+00 1.028205e-01 -2.429719e+00 1.999725e+00 -1.931348e+00 5.975356e-01 -2.001398e+00 -4.066638e-01 -7.801858e-02 2.919841e-01 7.759316e-01 2.934406e-01 3.623584e-01 -5.063806e-01 -8.258215e-01 -3.650159e-01 -7.469575e-01 9.530199e-01 7.138423e-01 -1.528460e+00 -5.811216e-01 4.341444e-03 
-9.317071e-01 -1.118941e+01 -9.265725e-01 -7.444093e-01 3.780279e+00 4.701639e+00 5.865703e+00 4.406311e+00 -9.556818e+00 -8.470852e+00 6.588502e+00 3.560367e-01 1.901565e-01 1.421546e-01 -1.092122e-01 -4.878700e-01 -5.176973e-01 -2.161916e+00 -4.121408e-01 -3.179705e+00 -6.091645e-01 6.374642e-01 1.597890e+00 -4.420036e+00 -2.352646e+00 -5.900792e-02 -2.845047e-02 7.945267e-01 6.430297e-01 1.020799e+00 -1.149434e-01 -5.630993e-01 6.211788e-01 -5.028778e-01 8.139764e-01 2.608680e-01 -3.475437e-01 -3.928322e-01 5.120678e-03 
-9.565669e-01 -1.009806e+01 -5.778915e-01 2.557639e+00 -8.064772e-01 -1.541754e+00 7.408265e+00 1.178877e+01 -2.791866e+00 -8.515965e+00 1.495627e+00 -5.731977e+00 1.403516e-01 -4.256119e-01 7.801128e-01 7.962392e-02 5.130997e-01 -1.381173e+00 -1.077551e+00 -2.138335e+00 -6.503177e-01 1.263109e+00 2.579567e+00 -2.776152e+00 -1.723187e+00 -6.703837e-02 -2.062262e-01 5.123361e-01 4.819208e-01 8.736891e-01 4.579524e-01 -9.812766e-02 8.789958e-01 -4.096529e-01 -8.302254e-03 -3.226563e-02 7.978041e-01 2.326226e-01 2.966773e-03 
-1.111195e+00 -8.686823e+00 1.574578e+00 2.727815e+00 -1.942899e+00 -2.444288e+00 -8.859527e-01 2.410607e+00 -1.948633e+00 -5.819964e+00 -2.487005e+00 -5.968434e+00 8.269383e-02 -6.941329e-01 9.839011e-01 3.441411e-01 1.156146e+00 -7.683663e-01 -7.754437e-01 2.214416e-01 5.697559e-01 3.656042e-01 1.652517e+00 -2.185545e-01 -3.399574e-01 -6.477011e-02 -1.682230e-01 2.559611e-01 -3.981301e-02 5.243912e-01 4.815657e-01 4.302588e-03 9.124984e-01 1.442048e-01 -9.063187e-01 -7.437922e-01 1.182945e+00 6.311284e-01 2.882532e-03 
-3.020923e+00 -8.388367e+00 1.099361e-01 3.068167e+00 -9.673765e-01 -8.572675e-01 3.758757e+00 6.586576e+00 -5.443952e+00 4.208983e-01 3.757043e+00 -4.463320e+00 -1.150507e-02 -6.028485e-01 8.744846e-01 -3.038379e-02 1.870435e+00 3.013951e-01 -2.063014e-01 2.646054e-01 -6.380714e-01 -1.836992e+00 4.089300e-01 -1.130328e-01 -2.497780e-01 -6.029971e-02 6.487376e-02 2.883376e-01 -2.202093e-01 2.661812e-02 8.478375e-02 -4.424199e-02 1.917994e-01 1.694432e-02 -7.497312e-01 -9.237630e-01 4.282447e-01 4.952632e-01 8.302715e-03 
-3.369954e+00 -7.124797e+00 4.499908e-01 4.781155e+00 1.939765e-02 4.820313e-01 8.797619e+00 9.856179e+00 -6.402834e+00 -4.676834e+00 4.365033e+00 -1.977745e+00 -5.774369e-02 -6.104661e-01 1.123302e+00 -6.320214e-01 1.425607e+00 -5.954647e-01 -8.261174e-01 1.812865e-01 1.056779e-01 -2.343927e+00 -1.035678e+00 1.630680e-01 6.626900e-02 -4.796668e-02 1.155447e-01 2.846780e-01 -2.918916e-01 -4.782633e-01 -1.386881e-01 6.186767e-02 -4.519542e-01 -3.011052e-01 3.107977e-02 -8.766969e-02 -3.297044e-01 3.283071e-01 1.064233e-02 
-2.840938e+00 -6.506844e+00 -1.674650e-01 1.088325e+01 -2.804602e-01 -4.036644e+00 3.889268e+00 4.875670e+00 -9.749193e+00 -7.042973e+00 -2.495959e+00 -8.976523e+00 -9.091182e-02 -1.429982e-01 2.152028e+00 -5.333309e-01 5.115487e-01 -1.043693e+00 -1.273473e+00 -1.159338e+00 -3.336226e-01 -1.130849e+00 -6.951734e-01 -8.257582e-01 5.499802e-01 -3.392483e-02 1.097720e-01 2.422785e-01 1.382286e-02 -7.474393e-01 1.217589e-01 5.715857e-01 -2.753953e-01 -1.041464e-01 6.095416e-01 5.514161e-01 -2.693041e-01 4.895496e-01 1.128946e-02 
-4.253470e+00 -4.010876e+00 -1.446870e+00 5.948142e+00 -5.263838e+00 -4.985188e+00 -4.483291e-02 3.794288e+00 -1.151575e+01 -7.266467e+00 1.454697e+00 -3.380237e+00 -1.174393e-01 -3.462617e-01 1.768544e+00 -8.638335e-01 -5.558520e-01 -7.891735e-01 6.762703e-02 -1.326438e+00 -1.088194e+00 1.678230e-01 1.766307e+00 -1.510619e+00 9.017158e-01 -2.474499e-02 2.377048e-02 -4.647314e-02 4.223813e-01 -1.918108e-01 8.801438e-01 1.111867e+00 4.932157e-02 -4.570282e-02 6.274536e-01 7.433912e-01 -2.871200e-03 3.353563e-01 1.008519e-02 
-3.294380e+00 8.150792e-01 -1.608498e+00 5.042481e+00 -3.544579e+00 -4.491078e+00 2.382935e+00 7.949574e+00 -8.541795e+00 -1.760237e+00 1.083763e+00 -1.012248e+00 -1.512926e-01 -1.860378e-01 1.763178e+00 1.547207e-01 -8.760825e-01 1.007097e+00 2.204753e+00 -3.585505e-01 -5.620304e-01 -4.514078e-02 1.765011e+00 -6.228320e-01 1.780156e+00 -1.546343e-02 -1.769889e-01 -4.064071e-01 4.692750e-01 3.830244e-01 1.043334e+00 9.941847e-01 1.130658e-01 5.152229e-02 2.823395e-01 1.045362e-01 6.982565e-01 1.235446e-01 8.582244e-03 
-4.874965e+00 -1.943110e+00 -3.148505e+00 4.922595e+00 -2.294515e+00 1.047157e+00 2.918947e+00 2.878375e+00 -6.167418e+00 1.513536e+00 -4.977803e+00 -1.451810e+00 -1.512926e-01 -4.699210e-01 1.085427e+00 1.135870e+00 1.160282e+00 2.779741e+00 2.994126e+00 2.749372e-02 -8.525994e-03 2.505630e-01 1.451065e+00 4.712743e-02 1.128062e+00 -6.771822e-03 -2.489330e-01 -4.303763e-01 3.140362e-01 5.258034e-01 5.177960e-01 -4.068126e-02 -1.087767e-01 2.391247e-01 1.161368e-02 -9.737191e-01 1.013417e+00 -1.972709e-01 6.495349e-03 
-3.460443e+00 1.275232e+00 1.456989e+00 7.015897e+00 3.270577e+00 3.970809e+00 6.142697e-01 2.523571e+00 -1.264942e+01 -2.607445e+00 -2.393632e+00 -1.040042e+00 -1.512926e-01 -9.659550e-01 4.615423e-01 8.131365e-01 1.568713e+00 2.388430e+00 2.234020e+00 -1.270892e+00 -6.158572e-01 2.395582e-01 -1.502756e-02 1.886669e+00 1.054649e+00 2.443561e-06 -2.567902e-01 -3.433354e-01 -6.369591e-02 2.351612e-01 -4.225731e-01 -1.047180e+00 -2.582496e-01 -1.676071e-01 6.608602e-02 -1.162924e+00 3.181257e-01 -4.216971e-01 3.768983e-03 
-6.519687e+00 1.186396e+00 2.700073e+00 1.076292e+01 5.227810e+00 5.754541e+00 9.765580e-01 6.464596e+00 -8.209442e+00 4.126208e-01 3.429172e+00 2.273774e+00 -1.512926e-01 -1.200958e+00 2.674332e-01 3.771338e-01 8.507015e-01 1.109119e+00 -1.505482e-01 -1.414155e+00 1.344425e-01 8.355456e-02 -2.212331e+00 2.301729e+00 2.781247e-01 2.443561e-06 -4.397831e-03 -9.005954e-02 -2.718662e-01 -4.350483e-01 -8.262331e-01 -1.302069e+00 -1.260277e-01 -5.972553e-01 -1.483272e-01 -5.869064e-01 -6.923262e-01 -5.585640e-01 1.354695e-03 
-7.301776e+00 1.558103e+00 -4.666587e-01 9.965919e+00 4.637096e+00 4.325555e+00 -3.000319e+00 3.077256e+00 -6.323115e+00 -1.284692e+00 6.313499e+00 2.398202e+00 -1.512926e-01 -1.104596e+00 4.554403e-01 2.157189e-01 4.545752e-01 -2.704688e-01 -1.458995e+00 -9.291692e-01 -1.471674e+00 3.686611e-01 -2.217944e+00 -1.594333e-01 9.668807e-02 2.443561e-06 1.457441e-01 7.973618e-02 -9.774245e-02 -7.741780e-01 -7.202144e-01 -7.506902e-01 2.687448e-01 -4.355524e-01 5.312225e-02 5.580184e-01 -1.263293e+00 -5.171589e-01 -8.296836e-07 
-8.958928e+00 -7.473363e-01 -3.009444e-01 7.701092e+00 2.567908e+00 1.172832e-01 -2.344272e+00 3.274015e+00 -8.912697e+00 -1.020955e+01 2.177377e+00 -1.780198e+00 -1.512926e-01 -4.224379e-01 6.381869e-01 7.530800e-02 -4.579320e-01 -2.185568e-02 -1.669551e+00 -7.736406e-01 -2.566864e+00 -5.555406e-01 -3.819824e-01 -2.391379e+00 -1.185704e+00 2.443561e-06 1.699571e-01 5.190914e-03 -9.861457e-02 -8.417779e-01 -4.127598e-01 3.789504e-01 4.296831e-01 -6.122900e-02 1.950693e-01 1.475048e+00 -6.874810e-01 -9.783924e-02 -8.296836e-07 
-7.764168e+00 4.519289e+00 4.036229e+00 1.081949e+01 3.247511e+00 -5.051889e-01 -2.370898e+00 -3.239203e+00 -1.045469e+01 -8.386420e+00 -2.564603e+00 1.470762e+00 -1.512926e-01 -6.263362e-01 6.747994e-01 4.754406e-01 -1.647758e+00 -6.470130e-01 -7.599634e-01 -2.473429e-01 -1.443052e+00 8.247501e-01 1.860016e+00 -2.083053e+00 -7.993573e-01 2.443561e-06 5.183189e-02 -3.089147e-01 -2.051484e-01 -7.545476e-01 -2.416840e-01 8.404800e-01 4.745986e-01 8.070169e-01 2.899051e-01 1.214002e+00 3.263846e-01 8.425426e-02 -8.296836e-07 
-8.401075e+00 2.896482e+00 8.250045e-01 8.046833e+00 5.813461e+00 -1.781160e-01 -3.206343e+00 -3.211625e+00 -8.921679e+00 2.053646e+00 -4.088841e+00 -3.190815e+00 -1.512926e-01 -5.904064e-01 1.837926e-01 -2.458915e-01 -2.307039e+00 -7.664869e-01 1.394698e+00 3.932868e-01 -1.860974e-01 8.308638e-01 3.123900e+00 -1.737290e-01 2.369272e-01 2.443561e-06 -4.699773e-02 -4.160673e-01 -9.029581e-02 -2.515492e-01 -3.378019e-01 5.281448e-01 4.069099e-01 1.223444e+00 5.602220e-01 2.387525e-01 8.169647e-01 3.212207e-01 -8.296836e-07 
-1.071254e+01 3.110388e+00 1.347572e+00 1.554542e+00 -2.208262e-01 6.734073e-01 -3.806083e+00 -8.955899e-01 -2.194903e+00 1.883956e+00 -9.683096e-01 -8.933786e-01 -1.512926e-01 -7.615489e-01 -8.619770e-01 -6.494768e-01 -2.393791e+00 -1.106518e+00 1.211475e+00 8.602198e-01 1.372885e+00 1.125039e+00 2.099147e+00 3.636923e-01 -1.933710e-01 2.443561e-06 1.136204e-01 -3.144866e-01 -1.201830e-01 4.950163e-01 3.186197e-02 -3.997806e-01 2.138890e-01 8.519005e-01 3.599176e-01 -2.919721e-01 6.728190e-01 1.043261e-01 -8.296836e-07 
-1.043709e+01 8.762510e-01 -1.860795e-01 7.984023e-01 4.700283e-01 6.501374e+00 3.397164e-01 1.171181e+00 -8.887996e+00 2.747995e-01 5.103083e-01 5.860797e-01 -1.512926e-01 -5.900255e-01 -6.737595e-01 1.861789e-01 -1.342521e+00 -1.481048e+00 -1.449103e-02 7.070056e-01 2.142409e+00 2.095502e+00 6.923242e-01 4.699409e-01 1.172868e-01 2.443561e-06 2.219108e-01 9.734219e-02 1.055976e-01 1.011949e+00 1.786235e-01 -1.288775e+00 -1.505366e-01 2.168863e-01 5.811604e-01 -4.101213e-01 3.924932e-02 -2.364870e-01 -8.296836e-07 
-1.055393e+01 1.219905e+00 1.294453e+00 2.474571e+00 3.867657e-01 2.212084e+00 1.572628e-01 1.433173e+00 -4.846241e+00 2.998943e+00 -3.045964e+00 -1.384678e+00 -1.512926e-01 -5.831570e-02 -4.689191e-01 -3.416087e-01 3.450743e-01 -1.304561e-01 -2.054139e+00 6.651147e-01 1.652130e+00 1.992179e+00 1.615919e+00 9.591445e-01 -2.179218e-01 2.443561e-06 2.654728e-01 2.941074e-01 -2.441660e-02 9.477855e-01 1.701683e-01 -1.010327e+00 -2.235374e-01 -3.636845e-01 9.810691e-02 -2.570676e-01 -4.335466e-01 -3.948357e-01 -8.296836e-07 
-1.143049e+01 4.729842e-01 1.782515e+00 8.738366e-01 -1.895642e+00 -1.019970e+00 -1.652869e+00 6.335721e+00 2.881338e+00 4.957412e+00 -7.001289e-01 -2.358727e+00 -1.512926e-01 1.674197e-01 4.739569e-01 1.281539e-01 1.383316e+00 -3.613496e-01 -3.416283e+00 -2.618080e-01 7.585768e-01 3.303180e+00 1.315035e+00 -2.753738e-01 -9.332492e-01 2.443561e-06 2.203607e-01 1.711291e-01 -1.776092e-01 4.765157e-01 1.200065e-01 -5.593304e-02 -1.394918e-01 -6.069506e-01 -8.009319e-01 -2.965430e-01 -6.846179e-01 -4.688158e-01 -8.296836e-07 
-1.050769e+01 9.674244e-01 -1.344717e+00 3.241936e+00 3.102541e-01 -5.836378e+00 5.156226e-01 4.782859e+00 1.880911e+00 7.622371e+00 4.432824e+00 -5.106864e-01 -1.512926e-01 1.870986e-01 3.481781e-02 -7.424127e-01 9.823300e-01 -8.156189e-01 -2.139402e+00 2.269962e-01 2.462256e-01 1.011730e+00 5.024231e-01 -1.431508e+00 -1.642229e+00 2.443561e-06 -1.054462e-02 -5.003391e-02 -5.330409e-03 -2.652010e-01 2.038390e-02 1.149848e+00 -5.565655e-02 -3.813803e-01 -1.178517e+00 -5.755485e-01 -6.219051e-01 -1.389847e-01 -8.296836e-07 
-9.622684e+00 3.372220e+00 1.773889e+00 7.331105e+00 -1.298177e+00 -6.555872e+00 -1.148284e+00 3.289926e+00 4.263896e+00 4.538154e+00 -4.606017e+00 -4.517196e+00 -1.512926e-01 3.890924e-01 -6.986437e-02 -5.014891e-01 7.213478e-01 -5.382783e-01 -2.514119e-01 2.287320e-01 -1.895150e-01 -1.418910e+00 -2.336459e-01 -1.757765e+00 -1.514685e+00 2.443561e-06 -1.633590e-01 -3.801959e-01 -4.390531e-02 -6.037187e-01 3.532041e-01 1.750305e+00 7.693355e-02 -1.176385e-01 -1.164735e+00 -1.111702e-01 3.526480e-01 1.368269e-01 -8.296836e-07 
-1.052211e+01 -5.574343e-02 -2.413461e+00 4.157475e+00 -3.990146e+00 -5.717018e+00 1.039849e+00 4.187807e+00 -4.792437e-01 5.721017e+00 -8.250546e+00 -8.516438e+00 -1.512926e-01 -2.217136e-01 -4.472463e-01 -5.340196e-02 -6.500496e-01 5.989670e-02 2.112839e+00 1.414786e-01 2.193122e-01 -1.539352e+00 -4.875670e-01 -1.409095e+00 -6.221123e-01 2.443561e-06 -1.318768e-01 -3.572158e-01 1.650029e-01 -2.883620e-01 6.493120e-01 1.434469e+00 4.427252e-02 -9.363737e-02 -1.120941e-01 3.023749e-01 1.089289e+00 4.458071e-01 -8.296836e-07 
-9.478001e+00 6.350702e-01 -1.901656e-01 4.022771e+00 -2.436849e+00 -2.336597e+00 -7.711553e-01 5.685513e+00 -3.032896e+00 4.739713e+00 -3.147438e+00 -5.929095e+00 -1.512926e-01 -4.447829e-01 -1.186124e+00 -4.358873e-01 -8.191090e-01 9.668245e-01 3.209036e+00 1.656642e-01 1.838549e-01 -1.245075e+00 1.254146e+00 1.476697e+00 -7.592376e-01 2.443561e-06 -1.006356e-02 -1.716604e-01 1.064697e-01 -4.027825e-03 4.795943e-01 5.249402e-01 6.194418e-02 -2.204064e-02 6.050022e-01 4.292040e-01 9.382058e-01 4.606847e-01 -8.296836e-07 
-1.168903e+01 1.001085e-01 -6.291949e-01 1.645692e+00 1.179448e+00 2.617841e+00 1.034611e+00 4.681562e+00 -2.167207e+00 5.083231e+00 -3.341858e+00 -2.915447e+00 -1.512926e-01 -5.526865e-02 -1.193172e+00 4.979619e-02 3.107454e-01 1.678298e+00 3.302643e+00 4.798459e-01 -4.085244e-01 3.642796e-01 1.270340e+00 2.397800e+00 2.090231e-01 2.443561e-06 2.616778e-01 2.073632e-01 1.151574e-01 2.710796e-01 5.324097e-02 -5.139612e-01 -4.382285e-02 6.826887e-02 5.446001e-01 1.300683e-01 3.240721e-01 3.916762e-01 -8.296836e-07 
-1.126343e+01 -2.636262e+00 -1.297500e+00 4.491092e+00 9.510385e-01 5.322111e+00 -3.172038e-01 3.961878e+00 -1.117002e+00 1.112750e+01 3.227097e-01 -1.111361e+01 -1.512926e-01 2.555302e-01 -5.551899e-01 -2.069697e-02 2.208906e-01 1.050322e+00 1.778319e+00 3.692169e-01 1.411543e-02 6.542771e-01 1.033261e+00 1.029775e+00 3.732142e-01 2.443561e-06 2.712454e-01 5.832217e-01 2.096492e-01 5.481616e-02 -3.019220e-01 -1.035667e+00 -1.514833e-01 2.456335e-01 2.107321e-01 -4.927195e-01 -5.849051e-01 5.651993e-01 -8.296836e-07 
-9.905589e+00 -4.386089e+00 -1.611222e+00 5.477127e+00 2.706867e+00 6.966811e+00 3.212269e+00 3.006719e+00 3.845743e-01 8.879318e+00 2.002996e+00 -4.878937e+00 -1.512926e-01 7.364559e-01 2.741665e-01 3.147929e-01 1.852176e-01 2.842123e-01 2.583489e-01 -1.794149e-01 6.456544e-01 2.339539e-01 2.731168e-01 4.346862e-01 7.700993e-01 2.443561e-06 1.401853e-01 5.930797e-01 1.360550e-01 -2.289531e-01 -3.944037e-01 -9.724641e-01 -2.114933e-01 3.457740e-01 -1.761768e-01 -5.707007e-01 -7.224438e-01 4.567520e-01 -8.296836e-07 
-9.092177e+00 1.016670e-01 1.971063e-01 3.211852e+00 2.050892e+00 4.380234e+00 -1.384199e-02 6.593471e+00 -1.037282e+00 8.008519e+00 -6.715628e-01 -3.081352e+00 -1.512926e-01 5.156719e-01 9.964209e-01 4.797565e-01 -4.824378e-01 1.542677e-01 -4.469714e-01 -2.619237e-01 8.850269e-01 -1.262504e-01 -7.109355e-01 -4.663062e-01 1.786264e+00 2.443561e-06 2.991726e-02 3.825330e-01 1.165998e-01 -2.074397e-01 -1.922232e-01 -5.155635e-01 -1.344953e-01 1.981057e-01 -1.921259e-01 -4.472420e-01 -3.892788e-01 3.842188e-01 -8.296836e-07 
