-8.826421e+00 2.288932e+00 -9.928469e-03 4.316854e+00 5.156806e-01 9.607832e+00 7.767342e+00 4.076770e+00 5.756926e+00 1.464095e+00 3.026408e+00 -5.093346e+00 -1.512926e-01 -1.190693e+00 -4.851413e+00 1.366505e+00 3.656125e-01 3.102134e+00 -1.645015e+00 -1.180315e+00 2.483888e+00 -1.838261e+00 -6.250642e-01 -7.256364e-01 -9.352617e-01 4.304563e-02 1.169985e-01 8.917018e-01 -1.901975e-01 -1.247918e-01 -3.699191e-01 2.047137e-02 -1.691835e-01 -2.082944e-01 2.645812e-01 3.013450e-01 -2.092781e-02 -4.913535e-02 -8.380215e-03 
-1.140794e+01 -9.110171e+00 3.826455e+00 7.177106e+00 7.921468e+00 6.455439e+00 3.787390e+00 1.346433e+01 1.634809e-01 6.066722e-01 -1.120962e+00 -9.716049e+00 -9.836118e-03 -1.143903e+00 -4.113747e+00 1.270107e+00 4.896525e-01 2.695340e+00 -2.210231e+00 -1.559271e+00 2.877463e+00 -1.617437e+00 -3.345911e-01 -9.644666e-01 -9.251307e-01 4.403696e-02 3.318405e-01 2.065562e+00 -5.821506e-01 -3.464961e-01 -1.035595e+00 3.992388e-01 1.286513e-01 -1.140640e+00 6.199965e-01 6.277912e-01 2.766347e-01 -2.578778e-03 -2.139811e-02 
-1.348880e+01 -1.626900e+01 4.904276e+00 4.714470e+00 1.232374e+01 2.958651e+00 3.855934e+00 1.180270e+01 -6.376252e-01 -1.232771e+00 1.472258e+00 -7.458551e+00 -6.779309e-03 -6.290795e-01 -7.616193e-01 4.637550e-01 -3.203822e-01 1.455980e+00 -1.259993e+00 -1.836678e+00 1.245666e+00 -6.258036e-01 7.363597e-01 -7.108926e-01 -1.186214e+00 6.457142e-04 5.117970e-01 2.626438e+00 -8.468177e-01 -4.255988e-01 -1.483926e+00 9.134853e-01 6.216123e-01 -1.597299e+00 8.189223e-01 8.808756e-01 6.187669e-01 2.145793e-01 -2.602633e-02 
-1.221476e+01 -9.000870e+00 3.883455e+00 6.565702e+00 8.088568e+00 1.880969e+00 1.926482e+00 1.460100e+01 8.669509e-01 1.139275e+00 -1.018456e+00 -8.536417e+00 -3.353575e-03 1.879176e-01 3.431576e+00 -1.092904e+00 -1.023769e+00 -1.252729e+00 1.586753e-01 -2.088864e-01 -2.600096e+00 6.554534e-01 1.833160e+00 6.501464e-01 -8.226601e-01 -4.273922e-02 4.462337e-01 1.914137e+00 -7.109106e-01 -3.365529e-01 -1.349716e+00 1.115458e+00 8.786061e-01 -1.532663e+00 6.242223e-01 4.995204e-01 8.927513e-01 5.657927e-01 -1.915941e-02 
-1.156855e+01 -1.573840e+00 2.280136e+00 3.020514e+00 7.711852e+00 5.594684e+00 -4.853339e-01 9.736803e+00 2.276342e+00 4.879381e+00 -5.791427e-01 -1.161400e+01 -1.512926e-01 7.024520e-01 4.508153e+00 -1.686074e+00 -1.005703e+00 -2.343482e+00 1.738030e+00 1.252604e+00 -2.763968e+00 1.119931e+00 2.695340e+00 1.560881e+00 8.648957e-02 -4.369897e-02 1.455723e-01 2.436938e-01 -2.680096e-01 1.199985e-01 -7.977477e-01 3.955567e-01 6.199797e-01 -3.797145e-01 1.426102e-01 -3.184134e-01 4.857874e-01 6.596473e-01 1.185140e-03 
-1.142867e+01 6.999189e-01 -3.260202e-01 2.905451e+00 3.963805e+00 5.930736e+00 4.913633e+00 1.496552e+00 1.983434e+00 6.716664e+00 3.155019e+00 -1.175180e+01 -1.512926e-01 4.214282e-01 2.822163e+00 -1.209478e+00 -8.506529e-01 -2.153594e+00 1.868204e+00 1.289113e+00 -2.781061e+00 6.307560e-01 1.183385e+00 2.363347e+00 1.267487e+00 -2.958672e-02 -2.244198e-01 -9.456577e-01 1.689677e-01 3.626722e-01 2.381808e-01 -2.775609e-01 1.824545e-01 7.484985e-01 -5.028755e-01 -1.124584e+00 -4.006657e-01 4.502752e-01 1.291833e-02 
-1.036940e+01 1.421404e+00 -1.421215e+00 1.516516e+00 2.668533e+00 9.623592e+00 8.625606e+00 4.535039e+00 4.403910e+00 9.455302e+00 7.189696e+00 -5.418448e+00 -1.512926e-01 -1.792507e-02 7.614131e-01 -8.179318e-01 1.930352e-01 -2.082400e+00 -1.369378e-01 5.142411e-01 -5.624340e-01 9.965741e-02 -5.308006e-01 8.614432e-01 1.067084e+00 1.664879e-06 -3.466414e-01 -9.917646e-01 1.362355e-01 2.252391e-01 7.184097e-01 -7.491386e-01 -2.094307e-01 4.906476e-01 -7.573599e-01 -1.318674e+00 -9.436933e-01 -1.376935e-01 1.169722e-02 
-1.070663e+01 3.612498e+00 -3.132180e-01 3.064089e+00 -1.579923e-01 9.207352e+00 3.816558e+00 3.296895e+00 2.957344e+00 4.768467e+00 6.914011e+00 -5.296881e+00 -1.512926e-01 -5.738887e-01 5.767469e-01 -6.820919e-01 1.903387e-01 -1.924265e-01 -2.916220e-01 1.072649e+00 4.163168e-02 -1.348878e+00 -2.176676e+00 -1.003457e+00 9.384414e-01 1.664879e-06 -1.249495e-01 -6.692608e-01 -6.310610e-02 -1.861590e-02 6.307817e-01 -4.043221e-01 -3.146129e-01 1.633177e-01 -5.135958e-01 -5.635960e-01 -9.596111e-01 -4.104122e-01 5.916938e-03 
-1.201929e+01 7.770733e-01 -1.815949e+00 3.905620e+00 -6.391873e-01 3.271990e+00 2.634166e+00 6.024823e+00 2.287781e+00 3.199466e+00 1.848858e+00 -9.506179e+00 -1.512926e-01 -5.330389e-01 6.721506e-01 -1.268676e+00 -3.999296e-01 2.680850e-01 -9.278654e-01 3.136598e-01 -1.722251e+00 -1.677001e+00 -2.217994e+00 -1.474101e+00 -4.374719e-01 1.664879e-06 1.341233e-01 -3.602890e-01 -4.669825e-02 -1.441368e-01 1.003192e-01 2.977107e-01 -2.821826e-01 -3.910156e-01 6.787958e-02 5.424419e-01 -1.308266e-01 -1.858920e-01 3.734293e-07 
-1.347325e+01 3.905501e+00 -3.539060e+00 2.662387e+00 4.655605e+00 7.648537e+00 1.327241e+01 9.601312e-01 -3.702745e+00 -1.039032e+00 8.081954e-01 -5.015733e+00 -1.512926e-01 5.421403e-02 -4.794070e-01 -1.299641e+00 -6.473353e-01 -1.749496e-01 2.422072e-01 -1.837329e-01 -1.384619e+00 -1.048981e+00 -7.910636e-01 -1.266890e+00 -3.233835e-02 1.664879e-06 3.331616e-01 -4.640144e-01 1.818994e-01 -2.609793e-02 -6.384605e-01 2.009477e-01 -5.945380e-01 -5.290345e-02 4.971803e-01 1.386820e+00 7.582131e-01 8.211286e-02 3.734293e-07 
-1.165145e+01 4.635252e+00 -6.151617e+00 -2.822909e-01 1.601995e+00 5.763405e+00 5.465635e+00 -2.907742e+00 -6.511064e-01 1.268915e+00 2.872012e+00 -7.746035e+00 -1.512926e-01 3.385696e-01 -5.121127e-01 -7.426208e-01 -1.089750e-01 -1.589615e+00 1.084780e+00 -2.684643e-01 -1.804470e+00 2.891427e-01 1.488496e+00 3.389300e-01 6.230092e-01 1.664879e-06 3.325745e-01 -2.967312e-01 4.706498e-01 3.587492e-02 -3.961995e-01 2.541213e-01 -6.692027e-02 5.519391e-01 2.295735e-01 1.173290e+00 1.059291e+00 7.738937e-01 3.734293e-07 
-1.061950e+01 -7.132007e-01 -4.643704e+00 1.921622e+00 -2.153303e+00 9.172587e+00 1.482401e+00 8.394264e-01 -8.177822e-01 1.778111e+00 6.804827e-02 -6.338712e+00 -1.512926e-01 6.560975e-01 -1.151375e+00 -3.560897e-02 -8.565015e-02 -2.455849e+00 -2.932476e-01 -1.609003e+00 -1.817144e-01 1.539295e-01 2.904215e+00 1.881068e+00 8.188748e-01 1.664879e-06 2.836466e-01 2.895558e-01 4.410045e-01 -1.388698e-01 9.546431e-02 -7.309692e-02 3.352803e-01 4.233596e-01 -7.713340e-02 4.100855e-01 8.446996e-01 7.937027e-01 3.734293e-07 
-1.175318e+01 5.263215e-01 -4.977170e+00 3.730641e+00 -5.182854e+00 7.934065e+00 7.186902e+00 -2.937611e+00 2.291049e+00 9.233475e+00 3.913630e+00 -5.730086e+00 -1.512926e-01 8.287678e-01 -4.755509e-01 4.525459e-01 -5.014536e-01 -5.725228e-01 6.103481e-01 6.916811e-01 4.360543e-01 -1.130544e+00 1.800874e+00 2.248328e+00 3.006427e+00 1.664879e-06 2.475868e-01 4.912508e-01 3.860242e-01 -2.757122e-01 5.361322e-01 -1.606547e-01 1.614032e-01 1.303367e-01 -1.777084e-01 -4.580880e-01 -1.010803e-01 1.439235e-01 3.734293e-07 
-1.014144e+01 2.030078e-01 -4.304447e+00 2.276660e-01 -4.231010e+00 5.096865e+00 4.366736e+00 6.691559e-02 -4.404581e+00 9.499956e+00 9.692825e+00 -1.929443e+00 -1.512926e-01 1.227271e+00 9.503640e-01 3.077388e-01 -1.145383e+00 -2.061507e-01 1.139081e-01 1.012568e+00 -3.882494e-01 -7.248009e-01 1.103240e+00 2.001860e+00 2.744499e+00 1.664879e-06 8.959894e-02 5.536453e-01 2.916929e-01 -1.291235e-01 5.388605e-01 1.839993e-01 1.810197e-01 -1.819442e-01 3.321057e-01 -9.347596e-01 -9.670061e-01 -7.932460e-01 1.090649e-03 
-7.745959e+00 1.798910e+00 -4.058462e+00 -1.942204e+00 -2.216024e-01 1.085331e+01 7.481862e+00 -3.406166e-01 -4.510387e+00 6.412370e+00 9.301582e+00 5.081432e+00 -1.512926e-01 1.291009e+00 8.935216e-01 1.015872e+00 -9.575700e-01 -3.374036e-02 7.776932e-02 -7.722532e-01 -1.049388e+00 -1.599769e-01 9.862695e-02 -2.268374e-01 3.797602e-01 1.664879e-06 -1.043509e-01 1.909739e-01 1.065901e-01 3.844291e-01 2.288322e-01 -6.221310e-02 -2.618487e-01 -3.183077e-01 5.745354e-01 -6.400107e-01 -1.029848e+00 -1.288790e+00 3.193065e-03 
-6.486519e+00 3.401701e+00 -3.564055e+00 -9.685881e-01 -5.664378e+00 8.282631e+00 6.397547e+00 -2.399963e+00 -1.041242e+00 8.704833e+00 7.383566e+00 1.978115e+00 -1.512926e-01 8.730943e-01 9.322258e-01 1.141203e+00 -5.032063e-01 -3.095263e-02 8.928312e-01 2.805967e-02 -3.486941e-01 1.329237e+00 -9.185479e-01 -1.716395e+00 -1.834069e+00 5.457141e-03 -1.952099e-01 -2.172534e-01 -1.435880e-01 6.474815e-01 2.868497e-01 -1.518827e-01 -3.047923e-01 -2.746022e-01 1.158317e-01 -4.430475e-01 -4.002346e-01 -4.913433e-01 5.578952e-03 
-7.126130e+00 3.394353e+00 -2.678007e-01 -4.593121e-01 -4.635083e+00 6.730306e+00 2.310039e+00 -6.951149e+00 -1.907053e-01 1.012403e+01 3.934322e+00 -5.784732e+00 -1.512926e-01 4.841515e-01 4.883413e-01 5.686998e-01 1.099605e+00 4.840268e-01 -9.016994e-02 -1.253049e-01 -1.175258e+00 7.152253e-01 -3.882632e-01 -1.041738e+00 -1.148329e+00 1.323625e-02 -2.288610e-02 -2.060481e-01 -4.511380e-01 4.248911e-01 3.532036e-02 -2.875242e-01 -4.636374e-02 -3.952657e-02 -2.801961e-01 -4.875853e-01 1.298597e-01 4.836964e-01 8.980613e-03 
-6.086173e+00 4.066698e+00 -4.936676e-01 -3.029522e+00 -2.179341e+00 1.162275e+01 7.093200e+00 1.628713e+00 8.177704e-02 3.051461e+00 3.794569e+00 -5.666729e+00 -1.240097e-01 6.546490e-01 6.645103e-02 -1.865811e-01 1.063337e+00 9.691991e-01 -5.614753e-01 -8.348495e-01 -1.698377e+00 -5.832577e-01 -8.686131e-01 4.081188e-01 1.051887e+00 2.128055e-02 2.799281e-01 4.720344e-02 -3.490756e-01 2.937737e-02 -1.784936e-01 -4.056758e-01 -3.445695e-01 1.176518e-01 -7.159023e-01 -5.912974e-01 2.364092e-01 5.763328e-01 2.108449e-02 
-5.525218e+00 3.908256e+00 -2.750202e+00 4.586470e+00 4.560255e-01 8.732708e+00 6.507656e+00 -8.231438e+00 -1.496333e+00 7.297882e+00 5.887355e+00 3.161708e+00 -9.876466e-02 1.285649e+00 2.959628e-01 -5.759560e-01 3.835444e-01 -3.572243e-01 -6.326275e-01 -5.726061e-01 -5.721815e-01 -6.047382e-01 -2.364269e+00 -6.397498e-01 1.355183e+00 3.699030e-02 8.070275e-01 5.390723e-01 1.473388e-02 -7.422560e-01 -4.800560e-01 -2.854666e-01 -3.279957e-01 6.961442e-01 -7.692367e-01 -9.040051e-01 -3.750978e-01 -3.393856e-01 4.482344e-02 
-4.013325e+00 3.477477e+00 -3.255888e+00 1.825622e+00 -3.364201e+00 4.473895e+00 1.242740e-01 -1.025150e+01 -3.304847e+00 5.774975e+00 8.447468e+00 2.763745e+00 -7.114797e-02 1.871888e+00 1.264282e+00 -3.189597e-02 1.717114e-03 -5.027223e-01 -8.640910e-01 -1.471161e+00 -6.191839e-02 -1.590353e+00 -2.886975e+00 -7.354063e-01 -2.042484e-01 9.900215e-02 1.248552e+00 8.000389e-01 4.190418e-02 -1.160856e+00 -3.308396e-01 -4.664844e-01 3.017287e-02 8.378699e-01 -7.994404e-01 -3.640736e-01 -7.750977e-01 -6.969019e-01 6.133385e-02 
-1.734182e+00 5.168445e+00 -1.766569e+00 -9.692690e-01 -5.828512e+00 7.141911e+00 2.931679e+00 -3.871744e+00 -1.521252e+00 -3.059251e+00 -1.590836e+00 -3.223911e+00 7.222280e-03 3.910759e+00 2.584653e+00 5.650569e-01 -2.080806e+00 -1.180248e+00 -1.366033e+00 -1.447086e+00 1.487236e+00 -2.627437e+00 -3.899167e+00 -2.345401e+00 -2.217252e+00 1.984951e-01 1.162635e+00 2.567360e-01 -1.570480e-01 -1.222189e+00 2.649336e-02 -8.687522e-01 1.482431e-01 3.726197e-01 -5.583452e-01 7.736166e-01 -2.471257e-01 5.769582e-02 5.214464e-02 
1.377209e+00 9.757754e+00 -1.145054e+00 -2.434825e-01 -1.550491e+00 8.097223e+00 1.525424e+00 -8.610794e-01 -7.856976e+00 -6.204454e+00 3.856646e+00 -3.495159e+00 3.179978e-01 5.584879e+00 2.922280e+00 -5.475130e-01 -3.508613e+00 -2.735924e-01 -2.527227e+00 -2.467604e-01 1.461525e+00 -3.569156e+00 -1.921708e+00 -2.614518e+00 -6.465288e-01 2.471966e-01 3.594358e-01 -7.263281e-01 -2.649505e-01 -1.095880e+00 1.174516e-01 -8.511540e-01 4.106048e-01 2.245682e-02 4.010980e-01 1.522589e+00 -9.670296e-02 1.119281e+00 1.043977e-02 
1.133310e+01 1.369125e+01 -9.804549e-01 -4.783393e+00 -6.352223e+00 9.039482e-02 -1.428184e+00 -5.490825e+00 -1.235763e+01 -6.208055e+00 -3.544188e+00 -4.794775e+00 6.991327e-01 5.242435e+00 7.507016e-01 -1.103343e+00 -3.972280e+00 -3.393185e-01 -4.144846e+00 -4.435327e-01 5.292917e-01 -2.407132e+00 1.021123e+00 -9.358673e-01 1.864793e+00 2.236131e-01 -1.055459e+00 -1.386276e+00 -9.127755e-02 -4.448946e-01 4.005575e-01 -4.407342e-02 3.138827e-01 -1.885750e-01 1.280606e+00 1.623607e+00 3.613304e-01 1.624730e+00 -3.841913e-02 
1.737737e+01 1.382765e+01 -6.386628e+00 -1.381079e+01 -4.470290e+00 -4.636109e+00 1.070406e+00 -2.134413e+00 -1.573241e+01 -2.259085e+00 -3.648604e+00 3.165713e-01 8.188753e-01 3.003226e+00 -1.450297e+00 -5.225028e-01 -4.532077e+00 -3.359946e-01 -3.730438e+00 8.016337e-02 5.294330e-01 3.049159e-01 2.265859e+00 -1.923784e+00 3.350986e+00 1.386491e-01 -1.957883e+00 -1.211339e+00 4.120543e-01 2.318844e-01 2.824362e-01 1.062826e+00 -5.581331e-02 -2.890169e-01 1.421883e+00 8.235870e-01 3.268420e-01 9.489972e-01 -5.774973e-02 
1.647777e+01 6.886967e+00 -4.662298e+00 -1.404704e+01 -6.065154e+00 -7.215129e+00 9.417027e-01 -5.885729e-01 -9.619328e+00 7.370902e-02 -2.517532e+00 4.194035e+00 8.748289e-01 -7.572328e-02 -2.160398e+00 9.609757e-02 -3.793635e+00 8.538300e-01 -9.847623e-01 -4.107656e-02 1.010453e+00 1.838543e+00 2.125087e+00 -8.840867e-01 3.907556e+00 6.066858e-02 -1.756545e+00 -2.715653e-01 3.533475e-01 4.815478e-01 3.019358e-01 1.816354e+00 -8.807050e-02 -2.752941e-01 6.044276e-01 -7.076146e-02 7.656843e-02 4.630827e-02 -4.844059e-02 
1.382089e+01 5.908300e+00 -1.916537e+00 -1.827172e+01 -3.374088e+00 -6.902254e+00 7.411738e-01 -6.646783e-01 -7.701330e+00 1.984094e+00 -6.275569e+00 8.764865e+00 9.233865e-01 -1.545449e+00 -1.678666e+00 9.129583e-01 -2.438499e+00 5.420331e-01 1.206826e+00 -7.270488e-01 -2.242363e-01 1.417338e+00 1.644322e+00 -1.006122e+00 3.077133e+00 3.992009e-02 -8.870002e-01 2.644511e-01 -8.374107e-02 6.416239e-01 1.527997e-01 1.642376e+00 -8.623995e-02 -2.769085e-01 -2.507931e-01 -4.951729e-01 2.180375e-01 -5.624228e-01 -2.681315e-02 
1.273289e+01 6.848849e+00 -2.735267e+00 -2.152074e+01 -2.631532e+00 -3.700728e+00 -1.469019e+00 -1.173684e+00 -7.180060e+00 2.295589e+00 -6.651214e+00 1.051867e+01 9.502478e-01 -1.266019e+00 -4.928321e-01 -5.431410e-02 -2.611346e+00 7.313843e-01 2.468309e+00 -4.802569e-01 -4.704679e-01 5.877175e-02 9.780399e-01 -1.011717e+00 2.233307e+00 3.077080e-02 -6.007124e-02 1.824628e-01 -3.701833e-01 6.252323e-01 8.017755e-02 8.865194e-01 1.243470e-01 -2.358553e-01 -4.105743e-01 -5.600042e-01 6.366842e-02 -8.430864e-01 -1.213803e-02 
1.152244e+01 5.453181e+00 -2.785256e+00 -2.226627e+01 -3.477248e+00 -3.592187e-01 -1.359275e+00 -2.963389e+00 -9.865256e+00 4.851653e+00 -6.612058e+00 1.254016e+01 9.807631e-01 -8.365156e-01 -9.617101e-01 -8.659205e-01 -1.915104e+00 4.891734e-01 2.754919e+00 -1.314136e-01 -1.146117e-01 -5.911179e-02 3.635617e-01 -7.696898e-01 1.375973e+00 1.953151e-02 2.071725e-01 -1.138954e-01 -4.229109e-01 6.648575e-01 3.405740e-01 2.071747e-01 3.230602e-01 -1.347792e-01 3.046979e-02 -5.026258e-01 1.755901e-01 -8.464232e-01 -1.050807e-02 
1.129730e+01 4.650408e+00 -4.499527e+00 -2.510678e+01 -2.356658e+00 1.855012e+00 -4.094975e-01 -1.791529e+00 -8.243435e+00 3.530048e+00 -7.407915e+00 1.347270e+01 9.999999e-01 -7.304798e-01 -1.606685e+00 -8.653601e-01 -9.291217e-01 1.281103e+00 2.673763e+00 2.827569e-01 -2.236712e-01 5.238721e-01 -3.456710e-02 -6.838921e-01 5.425946e-01 1.017386e-02 8.020480e-02 -3.218972e-01 -4.639234e-02 8.602763e-01 4.954477e-01 -3.081547e-01 2.626027e-01 -4.258416e-01 4.816559e-01 -2.587003e-01 3.242553e-01 -8.233303e-01 -9.942943e-03 
1.035625e+01 2.198919e+00 -5.363674e+00 -2.605452e+01 -1.065671e+00 4.094736e+00 -4.459573e-01 -9.290014e-01 -7.465615e+00 3.184342e+00 -9.745506e+00 1.416765e+01 9.961702e-01 -7.774137e-01 -1.691235e+00 -7.961441e-01 4.472661e-02 1.969994e+00 2.140059e+00 5.066950e-01 -1.021699e+00 1.337331e+00 -3.624134e-01 -2.921182e-01 -3.095683e-01 -2.328278e-03 -5.957081e-03 -1.143852e-01 2.263118e-01 6.805599e-01 5.328822e-01 -6.674288e-01 1.861898e-01 -6.067755e-01 6.096765e-01 -3.668463e-02 4.738159e-01 -8.161799e-01 -7.028272e-03 
9.663420e+00 4.422783e-01 -5.772734e+00 -2.427205e+01 2.568010e+00 7.440881e+00 -5.119495e-01 -3.309546e+00 -5.760456e+00 2.956392e+00 -8.503969e+00 1.241820e+01 9.934120e-01 -8.944587e-01 -1.737651e+00 -3.212300e-01 7.099581e-01 2.468247e+00 1.235087e+00 5.135943e-01 -2.146058e+00 1.769017e+00 4.765401e-02 3.707266e-01 -1.040582e+00 -8.011066e-03 5.094596e-02 4.420312e-02 3.294032e-01 2.525092e-01 2.455634e-01 -9.930767e-01 7.610967e-02 -2.756977e-01 5.353907e-01 3.910153e-02 4.593241e-01 -7.688819e-01 -3.214124e-03 
8.452021e+00 -8.987387e-01 -6.129365e+00 -2.245963e+01 3.910412e+00 7.547954e+00 1.225360e+00 -7.312854e+00 -4.420105e+00 3.326225e+00 -7.524746e+00 1.152011e+01 9.724008e-01 -7.843668e-01 -1.468150e+00 -6.325282e-03 6.681621e-01 2.560028e+00 1.370420e-01 6.841351e-01 -2.187449e+00 2.366632e+00 1.390108e-01 1.072118e+00 -1.913218e+00 -6.514599e-03 1.735101e-01 5.479609e-02 3.084345e-01 -5.720741e-02 -5.130460e-02 -9.758576e-01 -1.291341e-01 3.651240e-01 3.005231e-01 1.170427e-01 1.519788e-01 -5.930368e-01 7.072357e-04 
7.777086e+00 -2.489130e+00 -5.723049e+00 -2.335427e+01 7.496962e+00 6.303405e+00 1.322708e+00 -9.330465e+00 -9.211376e-01 3.697139e+00 -6.664584e+00 9.593657e+00 9.718211e-01 -4.723435e-01 -1.497285e+00 3.866926e-01 2.180619e-02 2.213921e+00 -1.290004e+00 5.746095e-01 -1.019439e+00 2.686142e+00 -8.969261e-02 9.305432e-01 -2.499864e+00 -3.805803e-03 2.221444e-01 4.848929e-02 1.649631e-01 2.066475e-02 -4.157393e-01 -6.791790e-01 -3.078102e-01 9.563590e-01 -8.562956e-02 6.024802e-02 -2.672882e-01 -2.107857e-01 7.181385e-04 
7.378153e+00 -3.676297e+00 -5.420369e+00 -2.317316e+01 9.270462e+00 5.348556e+00 2.057373e+00 -8.855829e+00 1.947893e+00 3.509161e+00 -5.304624e+00 6.013576e+00 9.744036e-01 -1.207740e-01 -1.537560e+00 3.920169e-01 1.029714e-01 1.840686e+00 -1.476700e+00 -1.694313e-01 2.405382e-01 2.381368e+00 2.914105e-01 1.879403e-01 -2.545137e+00 -8.886385e-04 1.845678e-01 3.011998e-02 4.696559e-02 3.172878e-01 -5.812054e-01 -2.870369e-01 -4.862884e-01 1.125819e+00 -5.492707e-01 3.964029e-02 -5.919441e-01 3.130949e-01 -1.355203e-03 
7.839257e+00 -5.655216e+00 -4.193495e+00 -2.380635e+01 1.095761e+01 2.090943e+00 1.944712e+00 -7.634870e+00 4.486022e+00 2.416947e+00 -4.961132e+00 2.671877e+00 9.733846e-01 -1.154143e-01 -1.460438e+00 3.043760e-01 1.096100e+00 7.491829e-01 -1.354029e+00 -5.986221e-01 1.421687e+00 1.333387e+00 2.727239e-01 -5.236654e-01 -1.778560e+00 -7.228104e-03 1.118611e-01 1.212930e-01 -7.219995e-02 5.886590e-01 -5.817270e-01 1.178300e-01 -4.663503e-01 8.558595e-01 -7.472624e-01 -3.565200e-02 -6.096857e-01 7.115534e-01 -3.063302e-03 
7.816649e+00 -7.003581e+00 -4.934192e+00 -2.171886e+01 1.138343e+01 2.270789e+00 6.703209e-02 -6.957695e+00 4.783424e+00 5.423868e+00 -7.436565e+00 2.255303e+00 9.671656e-01 -3.979858e-02 -1.335899e+00 2.696279e-01 1.717513e+00 3.863491e-01 -1.265995e+00 -1.160623e+00 2.221128e+00 2.966142e-01 1.559326e-01 -1.160576e+00 -7.084755e-01 -1.157228e-02 7.506738e-02 2.149764e-01 -2.550708e-02 4.885868e-01 -6.078870e-01 2.783798e-01 -2.343410e-01 5.228213e-01 -6.059415e-01 -3.429720e-01 -3.296328e-01 7.724636e-01 -3.357677e-03 
6.980634e+00 -8.128290e+00 -4.444051e+00 -1.860057e+01 1.018605e+01 1.072128e+00 -6.752895e-01 -3.171247e+00 4.327925e+00 4.103343e+00 -8.216824e+00 2.580405e+00 9.393030e-01 4.653658e-02 -9.917023e-01 8.699020e-02 2.157855e+00 3.241461e-02 -8.060688e-01 -1.261525e+00 2.269583e+00 -7.849053e-03 -2.001513e-01 -1.443637e+00 1.395717e-01 -1.378225e-02 1.229188e-01 2.472452e-01 4.543604e-02 1.923576e-01 -6.097727e-01 3.449281e-01 -1.237495e-02 1.680457e-01 -2.433645e-01 -5.321231e-01 -2.709594e-02 6.093302e-01 -2.058431e-03 
7.607998e+00 -9.118897e+00 -3.946901e+00 -1.718849e+01 1.158811e+01 -4.723173e-01 -2.435569e+00 1.822450e-02 3.509661e+00 3.445422e+00 -9.479690e+00 2.517048e+00 9.335759e-01 1.735767e-01 -6.970646e-01 3.731717e-01 2.015074e+00 -8.402521e-01 -3.587727e-01 -1.009702e+00 2.430629e+00 2.224445e-02 -1.187012e+00 -1.000260e+00 3.582319e-01 -1.440736e-02 1.478720e-01 2.077512e-01 6.751712e-02 6.772277e-02 -8.257533e-01 4.028126e-01 1.367156e-01 4.033109e-02 -6.396658e-02 -5.808364e-01 3.058172e-01 3.780304e-01 -1.286152e-03 
8.176018e+00 -9.555646e+00 -4.252324e+00 -1.528211e+01 1.101727e+01 -5.682658e-01 -3.111533e+00 2.252639e-01 5.083686e+00 2.405063e+00 -1.115767e+01 3.238925e+00 9.212784e-01 3.926015e-01 -5.436760e-01 4.797279e-01 1.908966e+00 -1.686435e+00 -8.291716e-02 -7.359602e-01 2.157133e+00 2.536532e-01 -1.716466e+00 -7.393143e-01 7.348721e-01 -1.610588e-02 1.439577e-01 1.157210e-01 1.027523e-01 3.454588e-02 -9.278656e-01 3.792039e-01 9.583454e-04 2.104827e-01 -2.388273e-01 -3.778121e-01 5.576162e-01 2.175453e-01 -4.393712e-04 
8.087000e+00 -9.775169e+00 -3.164444e+00 -1.330355e+01 6.766600e+00 1.296935e+00 -3.763434e+00 3.497387e+00 4.516661e+00 3.380300e-01 -1.096731e+01 3.717272e+00 9.041672e-01 5.264500e-01 -5.209676e-01 4.107921e-01 2.180506e+00 -2.882908e+00 3.863874e-01 -7.398411e-01 2.479084e+00 -1.539582e-01 -1.990018e+00 1.643371e-02 8.839874e-01 -1.683833e-02 1.164603e-01 4.934653e-02 1.369585e-01 -3.830545e-02 -6.273063e-01 1.786386e-01 -2.057202e-01 1.860353e-01 -2.830874e-01 -1.281398e-01 7.281683e-01 1.442413e-01 5.909396e-04 
8.703532e+00 -1.051824e+01 -2.436854e+00 -1.099819e+01 4.164522e+00 -2.266522e-01 -3.691244e+00 5.874659e+00 5.093082e+00 -2.925289e+00 -1.116945e+01 5.654420e+00 8.734586e-01 5.898976e-01 -5.012584e-01 5.818705e-01 2.247784e+00 -3.585523e+00 7.172640e-01 -1.391605e+00 3.297738e+00 -1.113837e+00 -1.687710e+00 8.362191e-01 9.644020e-01 -1.476096e-02 6.895140e-02 1.225788e-01 1.900755e-01 -1.212477e-01 -2.418073e-01 -6.990217e-02 -2.777051e-01 -2.274371e-01 5.978376e-02 -9.460177e-02 9.727048e-01 -1.348965e-02 3.274562e-04 
9.976631e+00 -1.124294e+01 -2.801106e+00 -8.427985e+00 5.997248e-01 1.289055e+00 -5.844924e+00 9.588684e+00 2.735518e+00 -3.839610e+00 -9.391509e+00 5.729260e+00 8.732830e-01 6.572564e-01 -4.715519e-01 1.006904e+00 1.654010e+00 -3.027333e+00 1.342909e-01 -1.710407e+00 2.790582e+00 -7.094429e-01 -1.841978e+00 1.852913e+00 9.647186e-01 -1.212162e-02 -1.510658e-02 4.734326e-01 2.307336e-01 -9.195946e-02 3.160991e-01 -5.792212e-01 -9.629136e-03 -1.193340e+00 6.163489e-01 3.640771e-02 7.258801e-01 -5.946359e-02 -1.971209e-03 
1.018057e+01 -1.132836e+01 -1.524547e+00 -6.480753e+00 -3.826939e+00 3.022153e+00 -9.028594e+00 1.366810e+01 4.053242e-01 -3.944402e+00 -7.764459e+00 7.055011e+00 8.629003e-01 6.720319e-01 4.445675e-02 1.132025e+00 1.566103e+00 -2.823293e+00 -3.063777e-01 -1.639259e+00 8.642402e-01 8.303070e-01 -2.263465e+00 3.206047e+00 6.269138e-01 -1.683202e-02 -1.143700e-02 1.043187e+00 -3.207022e-02 3.786207e-01 9.067858e-01 -1.365509e+00 5.976421e-01 -2.337121e+00 6.614542e-01 5.194098e-01 2.177390e-01 -3.763025e-01 -4.417061e-03 
1.063461e+01 -1.172791e+01 1.414160e+00 -7.291646e+00 -4.374051e+00 3.434762e-01 -9.646587e+00 1.355353e+01 3.313572e+00 -8.362595e+00 -3.405072e+00 7.840641e+00 8.488285e-01 4.099844e-01 1.573202e+00 1.289373e+00 2.061454e+00 -1.683648e+00 -1.998025e+00 -6.640931e-01 -2.270939e+00 1.955701e+00 -1.520153e+00 2.460868e+00 7.553451e-01 -2.565928e-02 -1.451945e-02 1.353690e+00 -2.933167e-01 7.670463e-01 1.145476e+00 -1.397348e+00 8.148091e-01 -2.422283e+00 -1.009826e-02 1.116181e+00 -5.443898e-01 -6.574427e-01 -4.326205e-03 
1.173485e+01 -1.005348e+01 1.115748e+00 -3.735564e+00 -7.465234e+00 -1.286257e+00 -9.986393e+00 8.213058e+00 8.955630e+00 -1.198170e+01 1.867640e+00 7.733726e+00 8.015358e-01 6.563873e-01 3.692365e+00 2.803466e-01 3.937154e+00 2.766626e-01 -5.044190e+00 1.073440e+00 -5.857191e+00 8.609194e-01 7.484021e-01 1.620833e+00 -8.123180e-01 -3.007923e-02 -3.267167e-02 1.037983e+00 -3.163433e-01 4.813017e-01 1.097048e+00 -5.670378e-01 4.926578e-01 -1.347001e+00 -7.482410e-01 1.244586e+00 -1.113947e+00 -6.912346e-01 -6.537922e-04 
1.124926e+01 -4.014307e+00 2.325553e+00 5.068147e-01 -5.999237e+00 -6.546735e+00 -8.686602e+00 9.613587e-01 8.239088e+00 -7.421987e+00 -1.903131e+00 9.167183e+00 7.756583e-01 5.923602e-01 4.473162e+00 -3.378750e-02 4.303611e+00 1.150080e+00 -4.483601e+00 1.007250e+00 -5.960176e+00 -7.752335e-01 2.232950e+00 -7.638056e-02 -1.602956e+00 -2.713049e-02 -1.013174e-01 1.178640e-01 -1.184757e-01 -3.095782e-01 4.112301e-01 8.419012e-01 -4.505267e-02 1.892642e-01 -7.361863e-01 5.797963e-01 -8.789279e-01 -5.068622e-01 3.523782e-03 
1.315490e+01 3.276325e+00 -5.784058e-01 9.305444e+00 -1.631240e+00 -1.875351e+01 -4.141522e+00 -9.321873e+00 2.246929e+00 -6.727996e-01 -4.113760e-01 2.330144e+00 7.490957e-01 4.175170e-01 3.784341e+00 2.118312e-01 2.851669e+00 1.245184e+00 -1.898737e+00 -1.153915e-02 -4.026205e+00 -1.545316e+00 2.082730e+00 -1.095028e+00 -1.650129e+00 -1.936401e-02 -3.020682e-01 -8.085002e-01 3.296257e-01 -1.223567e+00 -5.682457e-01 2.151207e+00 -4.026523e-01 1.356339e+00 -9.777329e-02 -3.730081e-01 -3.928395e-01 3.211354e-02 5.751579e-03 
1.288644e+01 3.973011e+00 2.092371e+00 7.705446e+00 -1.540274e+00 -1.334053e+01 -7.533013e+00 -7.479795e+00 2.791893e+00 -2.852187e+00 -2.647734e+00 2.527343e+00 7.394158e-01 2.292478e-02 2.116489e+00 7.311612e-01 1.056461e+00 -1.117968e-01 6.387340e-01 -3.468714e-01 -2.240143e+00 -5.220330e-01 7.116518e-01 -5.758013e-01 -1.360024e+00 -1.340340e-02 -3.643044e-01 -1.081529e+00 4.180335e-01 -1.099818e+00 -9.729636e-01 1.642701e+00 -1.789133e-02 1.239465e+00 3.463401e-01 -7.615020e-01 3.469713e-01 1.186060e-01 5.235515e-03 
1.300371e+01 4.874064e+00 2.291719e+00 6.923830e+00 -3.469009e+00 -7.382924e+00 -1.062116e+01 -7.697063e+00 3.952905e+00 -3.852934e+00 -3.235395e+00 2.802948e+00 7.228142e-01 -5.692533e-01 8.281100e-01 1.545990e+00 -5.571367e-01 -1.933793e+00 3.150695e+00 -2.627149e-01 -9.355250e-01 2.454553e-01 -3.559769e-01 -9.369997e-02 -7.731661e-01 -8.187864e-03 -2.699715e-01 -8.880392e-01 2.342933e-01 -2.792563e-01 -7.481560e-01 3.016635e-01 5.728307e-01 7.938184e-01 1.738814e-01 -5.136705e-01 5.452468e-01 3.979352e-02 3.447463e-03 
1.143907e+01 5.769147e+00 4.546425e+00 6.980340e+00 -5.639000e+00 -9.038613e+00 -7.181540e+00 -1.105184e+01 4.776071e+00 -2.273850e+00 -3.370054e+00 2.130569e+00 7.217777e-01 -7.358395e-01 5.436126e-01 1.389414e+00 5.087978e-01 -2.125181e+00 1.205201e+00 1.043255e+00 -1.308192e+00 6.105470e-02 -3.550426e-01 1.157916e+00 -1.448459e+00 -6.539856e-03 -4.945391e-02 -4.847105e-01 -1.924985e-02 3.641981e-01 3.977398e-02 -6.595773e-01 5.541047e-01 7.344297e-01 -3.764562e-01 -2.999607e-01 3.069448e-01 4.445448e-02 1.501320e-03 
1.103260e+01 6.518647e+00 5.924487e+00 6.882978e+00 -9.250599e+00 -5.151079e+00 -5.630906e+00 -1.221347e+01 2.481827e+00 -2.741273e+00 -5.183392e-01 -1.337449e+00 7.169641e-01 -5.528843e-01 1.304344e-01 1.054193e+00 1.729243e+00 -1.488935e+00 -6.737682e-01 2.157412e+00 -5.231612e-01 -9.675207e-01 4.775783e-02 7.642769e-01 -1.406880e+00 -5.567467e-03 1.044730e-01 -1.655744e-01 -2.717362e-01 6.011126e-01 9.611120e-01 -1.043814e+00 1.296655e-01 7.899553e-01 -4.954469e-01 -3.107809e-01 -1.484357e-01 2.435513e-01 -4.193828e-04 
1.019282e+01 5.868804e+00 7.222993e+00 1.026953e+01 -9.275317e+00 -8.430476e+00 -4.811654e+00 -1.176257e+01 3.832392e+00 -5.183181e+00 1.783279e+00 -2.644588e+00 7.096558e-01 -2.324592e-01 4.174317e-02 8.808023e-01 1.734231e+00 -1.353853e-01 -7.469212e-01 1.213509e+00 1.225888e+00 -1.797790e+00 -9.900761e-01 5.298876e-01 -8.209716e-01 -7.209162e-03 1.547330e-02 7.861496e-02 -1.478151e-01 1.537661e-01 9.909232e-01 -2.055437e-01 -3.629740e-01 7.969320e-01 -2.128495e-01 -5.722611e-01 -3.531778e-01 5.619792e-01 -2.483639e-03 
1.086210e+01 5.476603e+00 6.224423e+00 1.392569e+01 -9.095694e+00 -1.105585e+01 -1.018741e+00 -9.956903e+00 -4.133482e-01 -2.158975e+00 -1.990675e+00 -1.843911e+00 7.010652e-01 -2.986592e-01 2.512601e-01 4.416871e-01 1.835755e+00 1.876927e+00 -1.092428e+00 3.005800e-01 1.747171e+00 -1.302389e+00 -1.592304e+00 -5.219778e-01 1.308126e-01 -9.949529e-03 -1.933506e-01 2.323048e-01 1.442169e-01 -3.210966e-01 5.685914e-01 4.482430e-01 -7.425154e-01 3.229177e-01 1.966564e-01 -3.495719e-01 2.632802e-02 3.050441e-01 -5.069410e-03 
1.036238e+01 6.498899e+00 8.800403e+00 1.213029e+01 -6.393422e+00 -9.821033e+00 -3.419983e+00 -6.050568e+00 -2.765602e+00 -7.515255e+00 1.552170e-02 -1.721156e+00 6.936867e-01 -7.856706e-01 8.760976e-01 9.565336e-01 1.224319e+00 1.146649e+00 3.867626e-01 1.568456e-01 1.541201e+00 -8.358356e-01 -2.396244e+00 3.508538e-02 5.926163e-01 -1.676256e-02 -3.977221e-01 9.502487e-02 2.258947e-01 -2.580408e-01 -3.710115e-02 7.679346e-01 -2.216261e-01 -2.540179e-01 3.176934e-01 3.460624e-01 3.426934e-01 -2.821830e-01 -8.198502e-03 
9.454769e+00 7.460114e+00 7.344004e+00 1.513148e+01 -1.307257e+00 -9.917910e+00 -4.824050e+00 -6.333713e+00 -7.307676e-01 -9.537274e+00 -2.244394e+00 -1.145397e+00 6.751877e-01 -1.242986e+00 8.749550e-01 1.737455e+00 3.786907e-01 7.130496e-01 1.000497e+00 -1.026807e+00 9.336032e-01 -4.652704e-01 -9.969279e-01 1.143261e+00 -5.884868e-01 -2.613916e-02 -5.439184e-01 -3.337148e-01 1.144047e-01 -1.959203e-01 -5.086325e-02 8.451501e-01 3.609822e-01 -3.308773e-01 2.637361e-01 1.003983e+00 4.923534e-01 -8.743359e-01 -1.352813e-02 
6.968388e+00 9.257628e+00 1.144588e+01 1.578850e+01 -7.436560e+00 -7.065876e+00 -2.124567e+00 -5.868079e+00 -1.878456e-01 -1.347544e+01 2.085705e+00 -3.110167e-02 6.387871e-01 -1.748829e+00 2.049864e-01 1.362372e+00 1.172546e+00 2.611157e-01 2.046398e+00 7.690102e-01 3.624533e-01 -6.277753e-01 4.426683e-01 1.410691e+00 -1.872272e+00 -4.010619e-02 -6.281720e-01 -8.149294e-01 -5.228598e-01 -3.403431e-01 5.941095e-01 1.786386e-01 7.338446e-01 -4.592672e-02 5.991787e-01 1.263847e+00 5.126584e-02 -8.420271e-01 -2.069125e-02 
6.343849e+00 8.471388e+00 1.358902e+01 1.398969e+01 -5.008832e+00 -7.430666e+00 -6.800536e+00 -5.380350e+00 -4.028335e+00 -4.163349e+00 2.690557e+00 -5.631487e+00 5.978188e-01 -2.536565e+00 -1.081679e+00 8.106756e-01 8.819962e-01 2.065313e+00 2.303621e+00 1.799370e+00 6.821446e-01 -8.775251e-02 2.008192e+00 1.252062e+00 -3.008313e+00 -6.591868e-02 -6.861515e-01 -1.033034e+00 -1.173890e+00 -8.425742e-01 6.297786e-01 -3.699380e-01 8.585938e-01 1.226681e-01 9.992543e-01 4.177629e-01 -4.417203e-01 2.448225e-01 -3.118879e-02 
3.173583e+00 7.017854e+00 1.248987e+01 1.856433e+01 -3.237310e+00 -8.329352e-01 1.413492e+00 -4.715450e+00 -4.255879e+00 -7.988801e+00 4.601568e+00 -8.839740e+00 5.318339e-01 -3.279685e+00 -2.220240e+00 -1.194346e+00 -7.291747e-01 3.441058e+00 6.283550e-01 2.413044e+00 1.437368e+00 1.971266e+00 2.420439e+00 2.370563e-01 -2.407525e+00 -1.003311e-01 -4.804101e-01 -8.521579e-01 -1.087735e+00 -1.503306e+00 -6.606976e-02 -8.522911e-01 -7.773039e-02 1.672961e-01 8.903612e-01 -2.293518e-03 -4.768720e-01 1.374362e+00 -3.390358e-02 
-1.331010e+00 3.171156e+00 1.087557e+01 1.815378e+01 6.919528e+00 -1.516162e+00 2.403741e+00 -3.499809e+00 8.649083e-01 -2.240000e+00 2.758045e+00 -1.178268e+01 3.990735e-01 -3.908222e+00 -3.077731e+00 -2.853638e+00 -2.883425e+00 2.271927e+00 -1.403141e-01 2.444162e+00 1.009606e+00 3.231354e+00 1.030910e-01 -4.784573e-01 9.030885e-01 -1.519687e-01 1.556515e-01 -1.631864e-01 -6.713092e-01 -1.176706e+00 -1.213178e+00 -6.973186e-01 -5.136229e-01 1.136156e-01 1.263230e-02 -3.757469e-01 -3.462469e-01 1.859260e+00 -1.985900e-02 
-5.593042e+00 8.064655e-01 6.831002e+00 1.006051e+01 3.804615e+00 -6.881396e+00 5.338390e+00 3.787023e-01 7.221875e+00 -2.335069e+00 3.237469e+00 -8.992985e+00 2.365181e-01 -3.464958e+00 -3.057736e+00 -2.244145e+00 -4.461159e+00 -1.724835e-01 -9.932655e-01 5.802828e-02 1.035317e+00 2.164383e+00 1.383747e+00 -1.084437e-01 3.043679e+00 -1.665987e-01 8.697529e-01 5.857915e-01 1.294220e-01 8.460655e-02 -1.460856e+00 -2.425514e-02 -6.964054e-01 2.176491e-02 -1.262770e+00 -4.944994e-01 1.240896e-01 1.443270e+00 7.708624e-03 
-8.814175e+00 -3.811777e+00 2.150285e+00 3.823918e+00 2.830030e+00 -5.107508e+00 3.457793e+00 -2.879100e+00 6.389313e+00 -6.474536e+00 9.804188e-01 -1.038878e+00 -1.436863e-02 -1.665681e+00 -1.479004e+00 -2.021015e+00 -3.135415e+00 -2.193802e+00 -3.722779e-01 4.087401e-01 1.451354e+00 -1.212704e-01 6.478059e-01 -3.065067e-01 3.562364e+00 -1.320726e-01 1.227758e+00 1.013551e+00 6.486055e-01 1.280845e+00 -8.320125e-01 1.775015e-01 -5.493680e-01 3.082146e-01 -1.493234e+00 -2.448721e-01 4.789560e-01 2.647904e-01 3.710428e-02 
-1.040990e+01 -4.779421e+00 5.631866e+00 3.423578e+00 -2.055087e+00 -4.003406e+00 1.176504e+00 1.507952e-01 3.803795e+00 1.047087e+00 4.948244e+00 1.007165e+00 -9.444296e-02 -5.225633e-02 -9.079378e-02 -9.635095e-01 -1.801632e-01 -1.630252e+00 6.231030e-01 -5.128169e-02 1.325342e+00 -2.666351e+00 -3.244173e-01 7.715599e-01 3.479311e+00 -7.173406e-02 1.016536e+00 8.644540e-01 4.882535e-01 1.722531e+00 2.175979e-01 2.955448e-01 -1.212924e-01 1.935310e-01 -5.939757e-01 -3.736367e-01 3.152353e-01 -7.681933e-01 4.438733e-02 
-7.250472e+00 -1.431012e+00 1.369963e+00 5.795660e+00 -1.119393e+00 -4.816882e+00 6.528073e+00 3.870959e+00 1.967502e+00 -6.922456e-01 3.701556e-01 1.029340e+00 -9.583082e-02 5.241323e-01 5.066223e-01 -2.508931e-01 1.380313e+00 -1.159233e+00 -6.103379e-02 -2.479821e-01 2.405483e+00 -1.819478e+00 -2.672155e-01 1.476238e+00 2.009370e+00 -1.388328e-02 4.346868e-01 2.273451e-01 3.477578e-01 1.082719e+00 8.333211e-01 2.008394e-01 -5.517428e-01 -3.569392e-01 3.967833e-01 -2.106047e-02 1.720750e-01 -1.294722e+00 3.168198e-02 
-6.635824e+00 -8.381174e-01 2.403280e+00 8.173871e+00 -2.372148e+00 -3.911629e+00 3.546755e+00 3.630776e+00 -3.898834e+00 -6.848691e+00 7.400439e+00 7.369421e+00 -8.144274e-02 5.226837e-01 2.716834e-01 -6.879066e-01 1.893596e+00 3.983578e-01 3.288654e-01 -2.200258e-01 1.525661e+00 4.362122e-02 -2.688482e-02 5.763391e-01 -2.083547e-02 -3.761603e-03 4.566176e-02 -2.336020e-01 -1.432749e-02 2.076662e-01 7.823653e-01 1.844347e-03 -5.143898e-01 -5.239772e-01 1.205564e+00 2.868432e-01 -4.806525e-01 -1.611773e+00 1.329992e-02 
-8.079894e+00 -3.249652e+00 2.509965e+00 8.350211e+00 -2.807860e+00 -5.458856e+00 1.032488e+00 7.408632e+00 1.143518e+00 -3.862657e+00 7.135577e+00 5.827068e+00 -9.027938e-02 2.203657e-01 -5.233955e-01 -4.200099e-01 1.241307e+00 9.585842e-01 7.790377e-01 -2.265581e+00 -4.334555e-01 5.076839e-01 3.936678e-01 6.514787e-01 -1.161204e+00 -7.651156e-03 -9.265716e-02 -3.314492e-01 -1.633053e-01 -1.971017e-01 5.671871e-01 3.909839e-02 -1.962459e-01 -3.846155e-01 1.036308e+00 1.796292e-01 -5.294006e-01 -1.089110e+00 1.228751e-03 
-7.381880e+00 -2.511633e+00 1.622348e+00 1.161421e+01 7.806673e-01 -2.038085e+00 2.824122e+00 6.010502e+00 4.434140e+00 2.497972e+00 4.447172e+00 -1.496238e+00 -1.160163e-01 3.279950e-01 -7.440524e-01 -9.506191e-01 9.275674e-01 1.222561e+00 2.123208e-01 -1.614393e+00 1.251216e-01 2.197901e+00 7.793388e-01 -1.219195e+00 -2.994277e+00 -8.358347e-03 -1.726052e-01 -1.683910e-01 -2.775968e-02 -4.221039e-01 -4.412263e-02 -2.491872e-01 3.707452e-02 1.824771e-02 1.729028e-01 -2.211664e-01 -3.142788e-01 -2.478085e-01 -2.358530e-04 
-5.775788e+00 -3.211074e+00 -3.394319e-01 1.028246e+01 2.097032e+00 -1.858703e+00 -4.438305e+00 5.137280e-01 3.395526e-01 -3.397394e+00 5.103913e+00 -3.439281e-01 -1.167893e-01 1.582218e-01 -6.429359e-01 -9.360473e-01 8.779514e-01 1.264591e+00 1.928133e-01 -5.320731e-01 1.182801e+00 2.285069e+00 2.277722e-01 -2.729336e-01 -1.949520e+00 -5.441183e-03 -2.067568e-01 2.122823e-01 2.802909e-01 -3.066247e-01 -3.925884e-01 -2.413899e-01 5.864114e-01 3.410226e-01 -4.594606e-01 -2.632349e-01 -3.309924e-01 2.770255e-01 -3.085381e-04 
-6.148345e+00 -4.577350e+00 -9.252836e-01 1.184570e+01 1.288229e+00 -4.650015e+00 -1.789865e+00 7.703643e+00 7.492723e+00 -3.184569e+00 2.320005e+00 -4.516795e+00 -1.099730e-01 -3.092338e-01 -5.105417e-01 -5.686702e-01 -3.509039e-02 2.469474e-02 -6.238741e-01 -9.013985e-01 8.088628e-01 1.954642e-02 -1.049873e+00 -5.328136e-01 -8.657168e-01 -6.047347e-03 -1.863050e-01 3.889338e-01 4.643648e-01 -4.058109e-01 -4.826238e-01 -2.674366e-04 4.949583e-01 -1.293592e-01 -1.275626e+00 -7.031249e-02 7.401496e-02 6.878249e-01 -1.088085e-03 
-7.906097e+00 -5.431560e+00 -8.966311e-01 1.262391e+01 3.261128e+00 -3.189003e+00 6.795567e-01 1.247660e+01 1.103949e+01 1.176425e-01 6.834743e+00 -2.410563e+00 -1.205137e-01 -4.946516e-01 4.212159e-01 7.904992e-01 1.896646e-01 -4.053662e-01 -9.889221e-03 3.099227e-01 9.297889e-01 -7.004148e-01 -7.990576e-03 -1.346648e+00 -8.402838e-01 -1.034101e-02 -4.945391e-02 3.557466e-01 2.587382e-01 -4.870794e-01 -4.419795e-01 -1.198269e-01 1.831224e-01 -5.999140e-01 -1.062510e+00 2.610724e-01 7.696638e-02 5.741612e-01 -8.100651e-04 
-7.863236e+00 -3.954145e+00 -9.423532e-01 1.026817e+01 3.218842e-01 -4.491955e+00 -4.241787e+00 4.073497e+00 -8.181907e-01 -4.509055e+00 9.177053e-01 -4.791607e+00 -1.443884e-01 -2.770754e-01 6.684373e-01 5.079607e-01 -7.572185e-01 -3.556159e-01 3.122340e-01 4.393555e-01 -3.951716e-01 -2.687417e+00 5.456523e-01 -3.122798e-01 -1.099036e-01 -1.134497e-02 8.578257e-02 1.874837e-01 -1.351338e-01 -1.777074e-01 8.033805e-02 4.944071e-02 8.217026e-02 -4.811366e-01 9.852803e-02 6.112242e-01 3.855055e-01 5.346491e-01 1.283265e-03 
-7.392241e+00 -1.416316e+00 3.621620e+00 1.201931e+01 5.539125e-01 -1.987098e+00 -1.662621e+00 6.978187e+00 9.927748e-01 -2.774763e+00 -9.283648e-01 -4.407900e+00 -1.512926e-01 -1.049845e-01 5.461834e-01 -1.806963e-01 -1.196347e+00 -7.552263e-01 -8.744701e-01 -2.867904e-01 -1.214672e+00 -1.674096e+00 7.354253e-01 1.690004e-03 5.433333e-01 -6.842937e-03 1.173899e-01 -4.329602e-02 -4.075599e-01 7.116844e-02 4.005575e-01 1.162056e-01 -1.621334e-01 -2.773121e-01 6.074079e-01 1.898657e-01 4.281850e-01 4.741626e-01 3.064049e-03 
-7.790703e+00 -3.242763e+00 -6.442455e-01 8.361786e+00 8.640525e-01 -3.689603e+00 1.577926e+00 8.476973e+00 -9.207290e-01 9.901897e-01 4.639770e+00 -4.067355e+00 -1.512926e-01 -7.514384e-02 3.643735e-01 -7.587339e-01 -2.307229e-01 6.012188e-01 5.563585e-02 -1.921414e-01 -5.245739e-01 9.989344e-01 1.634563e+00 7.205787e-01 1.115628e+00 -1.381147e-03 4.262824e-02 -2.664118e-02 -6.919648e-02 4.570343e-01 4.078999e-01 3.340984e-01 -2.222032e-02 2.174594e-01 8.248385e-01 -1.937793e-01 -3.774094e-02 3.031374e-01 2.953204e-03 
-8.467523e+00 -3.056766e+00 -1.948848e+00 7.595829e+00 -7.855232e-01 -7.962786e+00 -3.664629e+00 4.201976e+00 2.719994e+00 1.044927e+00 4.982306e+00 -5.604858e-02 -1.512926e-01 -8.943899e-03 3.568041e-01 -6.139968e-01 2.822900e-01 1.119093e+00 6.995072e-01 -1.849546e-01 -3.919224e-01 4.933635e-01 3.969899e-01 2.778235e-01 9.176518e-01 1.664879e-06 -2.484322e-02 -6.190014e-03 2.301218e-01 2.721987e-01 1.103498e-01 6.201097e-01 3.097516e-01 3.302980e-01 2.806773e-02 -4.437658e-01 -2.781322e-01 4.842688e-02 1.506771e-03 
-7.700743e+00 -1.312525e+00 -1.950676e+00 1.132621e+01 3.997752e+00 -1.225536e+00 -4.201681e+00 2.839035e+00 3.312755e+00 1.753984e+00 1.565215e+00 -1.389719e+00 -1.512926e-01 -1.119377e-01 6.297331e-01 3.786361e-01 7.886965e-01 7.467168e-01 1.195822e+00 2.772232e-01 2.806586e-01 3.529617e-01 -2.540310e-01 -6.390393e-01 1.218521e+00 1.664879e-06 -5.933732e-02 -1.800760e-02 2.967822e-01 -2.541029e-01 -4.960649e-01 1.415470e-01 1.872288e-01 -5.722787e-02 -6.272486e-01 -5.288008e-01 -3.512875e-01 -2.401285e-01 2.765767e-04 
-7.481730e+00 -5.970098e-01 1.204754e+00 1.194851e+01 4.582437e+00 2.790471e-01 3.025624e-01 7.837441e+00 1.342876e+00 -1.171552e+00 1.998161e+00 -1.158465e+00 -1.512926e-01 -2.107306e-01 3.823689e-01 4.011943e-01 -3.449206e-01 -2.761656e-01 1.655998e+00 1.027301e+00 3.442697e-02 -1.210759e+00 -5.392095e-01 -7.091163e-01 7.340279e-01 1.664879e-06 -1.373660e-02 -1.788514e-02 5.275005e-02 -5.365987e-01 -6.624137e-01 -2.621828e-01 -1.338341e-01 -5.832506e-01 -5.425539e-01 9.598604e-02 -4.573298e-02 -5.120528e-01 3.734293e-07 
-8.843847e+00 -1.323547e+00 -3.281538e-01 1.012859e+01 1.913453e+00 -1.831355e+00 9.807147e-01 8.062484e+00 1.532837e+00 8.281401e-01 2.936954e+00 2.576445e+00 -1.512926e-01 -2.708465e-01 2.616860e-01 2.175758e-01 -1.187448e+00 -1.181535e+00 2.852237e-01 1.378727e-01 -1.023677e+00 -1.285267e+00 -5.412859e-01 -5.424947e-01 6.813655e-03 1.664879e-06 1.559940e-01 1.407746e-02 -2.270734e-01 -5.617521e-01 -5.687272e-01 -3.153023e-01 -2.363447e-01 -9.039497e-01 -3.266803e-01 3.550418e-01 4.936136e-01 -7.215308e-01 3.734293e-07 
-8.949821e+00 -1.139387e+00 -7.542832e-01 6.469702e+00 -1.124337e+00 6.201971e-01 -1.119005e+00 1.762102e+00 -2.443689e+00 -1.188478e+00 7.512120e-01 1.630838e+00 -1.512926e-01 1.775567e-03 4.514937e-01 -2.695982e-01 -1.412608e+00 -1.228819e+00 -1.560702e-01 -7.844706e-01 -2.656038e+00 -1.400348e+00 1.020604e+00 8.906468e-04 -1.036677e+00 1.664879e-06 2.559046e-01 1.925659e-01 -1.240098e-01 -1.492068e-01 -3.215712e-01 -1.647159e-01 -3.894261e-02 -5.149824e-01 5.257759e-02 4.519745e-01 8.180705e-01 -4.903899e-01 3.734293e-07 
-8.320572e+00 2.668439e-01 1.165692e-01 8.128254e+00 9.434826e-01 2.967382e-02 -2.801260e+00 7.580018e-01 -1.220174e+00 -9.443228e-01 -5.237510e-01 -2.750316e+00 -1.512926e-01 5.616504e-01 6.655809e-01 -4.212709e-01 -1.486358e+00 -1.620602e+00 5.254406e-01 1.325077e-03 -2.893794e+00 -1.185543e+00 7.411351e-01 1.473929e+00 -1.503863e+00 1.664879e-06 2.151966e-01 2.414283e-01 6.345688e-02 1.016380e-01 -1.756048e-01 2.543921e-01 3.678838e-01 1.010460e-01 5.351173e-02 2.337750e-01 7.687586e-01 -1.518454e-02 3.734293e-07 
-7.734184e+00 8.657091e-01 -3.656459e-01 5.885533e+00 -1.076877e+00 -1.432265e+00 -1.728978e+00 -1.790711e+00 -4.282434e+00 4.817802e+00 3.732811e+00 -3.678895e+00 -1.512926e-01 6.526210e-01 1.143171e+00 1.005812e-01 -9.415257e-01 -1.664562e+00 7.122621e-01 9.008147e-01 -1.605422e+00 -9.976141e-01 1.079363e+00 2.372939e+00 -9.626997e-01 1.664879e-06 4.213896e-02 1.533168e-01 2.655238e-01 3.043911e-01 3.885115e-02 3.089736e-01 3.938330e-01 6.661615e-01 1.392740e-01 -2.635043e-01 2.150861e-01 3.351814e-01 3.734293e-07 
-6.643360e+00 1.001648e+00 -2.628582e+00 2.989195e+00 -6.213468e+00 1.822102e+00 1.292446e+00 -4.630343e+00 -3.475199e+00 1.531075e+00 8.815791e+00 -2.287808e+00 -1.512926e-01 4.798058e-01 1.122890e+00 3.497027e-01 -9.146953e-01 -1.841690e+00 1.122919e+00 1.134670e+00 -1.043737e+00 -1.218957e+00 5.981825e-01 2.115368e+00 -1.061045e-01 1.664879e-06 -1.015620e-01 4.940776e-02 2.759247e-01 3.384540e-01 2.133850e-01 1.506439e-01 9.505829e-02 6.642587e-01 1.306889e-01 -3.238010e-01 -3.053582e-01 3.791957e-01 3.734293e-07 
-6.525611e+00 4.209066e+00 1.121539e+00 4.331832e+00 -5.868721e+00 3.285432e+00 1.338385e+00 -3.571005e+00 -6.304195e+00 2.970436e+00 7.946078e+00 -3.413587e+00 -1.512926e-01 2.533933e-01 9.894966e-01 6.724538e-01 -1.765229e-01 -9.239912e-01 1.089907e+00 6.180173e-01 -2.500885e-01 -6.872360e-01 -2.254820e-01 7.556616e-01 -5.956535e-02 1.664879e-06 -1.024427e-01 -4.409202e-02 1.466364e-01 2.268143e-01 2.399061e-01 7.223715e-02 -1.082312e-01 3.504210e-01 1.152534e-01 -3.433312e-01 -4.594288e-01 1.852894e-01 3.734293e-07 
