-4.522657e+00 6.310405e-01 -1.192706e+00 6.853889e-01 -7.576916e+00 -1.879230e+00 3.979416e+00 9.796904e+00 5.457478e+00 2.477196e+00 6.935497e+00 5.299601e+00 -1.512926e-01 -9.685271e-01 2.954128e-01 4.978352e-01 1.543714e-02 6.174261e-02 1.271386e-01 -8.902382e-01 -1.364023e+00 2.534801e-01 4.169177e-01 2.889413e-01 6.772279e-02 -2.876015e-06 -4.022069e-01 5.052832e-01 -4.205075e-01 2.143160e-01 1.372344e-01 -6.069257e-02 2.726494e-01 6.848755e-01 4.419613e-01 2.243069e-02 2.297693e-02 4.482599e-02 7.340279e-03 
-6.424931e+00 1.682830e+00 7.371821e-01 -2.995447e-01 -8.540989e+00 -2.980111e+00 2.393849e+00 4.673764e+00 4.630758e+00 -3.003231e+00 6.569771e+00 6.201136e+00 -1.512926e-01 -1.974823e+00 1.197121e+00 -6.415211e-01 5.206226e-01 1.058939e-01 -5.421213e-01 -7.718359e-01 -3.164913e-02 1.208302e+00 3.359248e-01 -6.256597e-02 -4.815274e-01 1.563875e-02 -1.114960e-01 1.286930e-01 -5.940048e-01 -8.049018e-02 1.984514e-01 1.230975e-01 3.255583e-01 6.332105e-01 2.333607e-01 -1.467026e-01 8.617343e-02 1.820598e-02 9.867966e-03 
-8.414063e+00 1.582002e+00 3.316140e-01 1.255251e+00 -6.785728e+00 -6.928354e-01 3.215275e-01 5.537877e+00 7.138359e+00 7.301704e+00 8.563110e+00 5.187176e+00 -1.512926e-01 -2.476460e+00 2.370887e+00 -1.034891e+00 8.346030e-01 7.259557e-01 1.583367e-01 4.137237e-01 1.394145e+00 1.985914e+00 5.695332e-01 5.795885e-01 5.663366e-01 2.887808e-02 4.624983e-01 -5.054057e-01 -3.898284e-01 -6.161613e-01 3.158113e-01 5.716440e-02 4.078831e-01 -1.405448e-01 -2.088288e-01 -6.921920e-01 1.233993e-01 5.769232e-02 1.038125e-02 
-1.245113e+01 6.141022e+00 -5.162540e+00 3.003263e+00 -7.442851e+00 -5.183143e+00 1.949505e+00 1.176833e+01 1.065890e+01 1.744577e+00 5.808520e+00 2.947725e+00 -7.311557e-02 -7.721688e-01 -9.893943e-02 -1.705950e+00 -7.965337e-01 7.218536e-01 7.270026e-01 8.569489e-02 4.230140e-01 5.540292e-01 -3.930110e-01 5.744928e-01 -9.064522e-02 3.489865e-02 8.246759e-01 -1.137386e+00 5.745489e-02 -9.098792e-01 7.102356e-01 -8.640145e-03 6.364416e-01 -1.451616e+00 -8.574368e-01 -9.416425e-01 5.040102e-03 9.274200e-02 4.220217e-03 
-1.389160e+01 1.025598e+01 -3.417552e+00 3.206630e+00 -4.495806e+00 1.385161e-02 6.270537e+00 1.322019e+01 1.237359e+01 2.950952e+00 1.021402e+01 9.757723e+00 -4.599079e-02 7.426727e-01 -1.583643e+00 -9.192092e-01 -2.406851e+00 1.332848e+00 -2.216405e-01 7.204827e-01 -2.294210e+00 -4.636256e-01 -2.679659e+00 5.873763e-01 1.605993e-01 4.227756e-02 5.486588e-01 -9.313231e-01 1.594601e-01 -6.328267e-01 7.117323e-01 -4.841808e-01 7.141376e-01 -1.824438e+00 -8.969607e-01 -8.720046e-01 -6.046530e-01 -1.427958e-01 -2.079631e-03 
-7.547089e+00 -3.148979e+00 -5.918097e+00 -5.258288e+00 -6.076180e+00 3.012313e-01 -1.522150e-01 2.948118e+00 4.783655e+00 -2.792966e+00 8.616750e+00 3.462431e+00 -2.945942e-02 5.390818e-01 -2.512415e+00 -4.120551e-01 -2.408228e+00 3.353554e+00 -3.954301e-01 2.257114e+00 -5.445366e+00 -1.853971e+00 -2.747620e+00 -4.122172e-02 1.851425e-01 3.004068e-02 -1.087833e-01 3.943912e-01 4.779355e-01 4.589222e-01 3.070869e-01 -1.620127e-01 6.078718e-01 -5.290269e-01 -7.001986e-02 1.062631e-01 -7.003028e-01 8.682644e-02 -1.386420e-02 
-7.152715e+00 -1.691114e+00 -3.886404e+00 -6.648143e+00 -8.047958e-01 -4.542897e+00 4.974613e+00 -1.522792e+00 7.758276e+00 -3.827758e+00 1.009591e+01 5.732785e+00 3.828227e-02 -3.887357e-01 -1.079114e+00 -8.844032e-01 -1.523848e+00 2.968822e+00 -1.701352e+00 2.898755e+00 -4.793886e+00 -1.294877e+00 -2.613206e+00 -2.135747e+00 -2.854404e-01 2.091194e-02 -3.786968e-01 7.422701e-01 7.460175e-01 9.432370e-01 -4.062717e-01 7.338030e-01 -1.008984e-01 1.313969e+00 1.556150e-01 1.351958e+00 -6.243398e-01 6.040362e-02 -2.495955e-02 
-1.312497e+01 -4.473371e-01 -6.988422e+00 -4.110589e+00 7.479266e+00 -4.882093e+00 1.388319e+01 -8.087102e+00 3.696717e+00 -8.604328e+00 5.661688e+00 5.885705e+00 3.496194e-02 -7.504711e-01 1.620860e+00 6.664225e-01 1.056732e+00 1.439394e+00 6.567068e-01 2.035907e+00 -9.722019e-01 6.196544e-01 1.050090e-01 -1.565413e+00 5.664658e-01 -2.374114e-02 -1.591620e-01 4.140186e-01 1.153484e+00 4.984428e-01 -1.156317e+00 1.269322e+00 -1.039123e+00 2.381541e+00 2.014037e-01 1.817175e+00 -1.538858e-01 1.189605e-02 -2.175556e-02 
-1.304674e+01 3.509822e+00 -7.304292e+00 -4.986407e+00 3.570549e+00 -5.901274e+00 1.374680e+01 -5.231660e+00 6.442974e+00 -7.209508e+00 1.012370e+00 7.119188e+00 2.635369e-02 -5.060757e-01 6.102315e-02 2.271672e+00 5.769585e-01 2.586424e-01 2.921271e+00 3.266354e-01 2.039018e+00 -9.221870e-01 2.653915e+00 -1.772222e+00 2.719478e-01 -5.562941e-02 -1.879037e-01 -3.121449e-01 1.340605e+00 -1.371523e-01 -9.358333e-01 1.315976e+00 -1.107262e+00 1.793587e+00 -1.409377e-01 1.494260e+00 3.273860e-01 -2.941847e-01 -9.670761e-03 
-8.352560e+00 2.355133e+00 -8.773862e-01 -8.059680e-01 -1.066924e+00 4.264146e+00 5.641611e+00 -5.840584e-02 8.539420e+00 -5.769259e-01 5.331181e+00 5.601711e+00 -1.421924e-01 -1.980986e-01 -1.012362e+00 3.777060e+00 -9.664597e-01 -1.072914e+00 3.639828e+00 -1.652409e+00 3.045911e+00 -1.033191e+00 3.704668e+00 -9.925795e-01 -3.406676e-02 -4.046825e-02 -1.620684e-01 -3.997853e-01 2.956331e-01 -3.835950e-01 -5.567771e-01 1.269492e-02 -3.439906e-01 5.063906e-01 -3.268727e-01 1.102679e-01 3.747536e-01 -6.132304e-01 1.070891e-02 
-1.206971e+01 -2.787102e+00 4.416461e+00 -5.415979e+00 4.761934e+00 5.490278e+00 1.072892e+01 4.657550e+00 7.255266e-01 5.428170e+00 1.399768e+00 7.234811e+00 -1.512926e-01 -1.604452e+00 -1.323199e+00 4.263204e+00 -1.197927e+00 -4.541479e-01 3.386943e+00 -7.934603e-01 2.164961e+00 -1.173052e+00 3.058125e+00 -7.853864e-01 -1.456149e+00 -1.907297e-02 2.257507e-01 3.948148e-01 -1.020688e+00 4.525962e-01 -4.007961e-01 -1.049432e+00 1.759899e-01 -4.653602e-01 4.736367e-01 -9.366589e-01 7.016732e-01 -5.823709e-01 1.570134e-02 
-1.460427e+01 -2.360655e+00 6.036532e+00 -8.727850e+00 1.518744e+00 7.621466e+00 7.129827e+00 2.197869e+00 1.389058e+00 3.599928e+00 5.046884e-01 5.657658e+00 -7.857918e-02 -1.011706e+00 3.140953e-01 1.148643e+00 2.615320e-02 -9.879580e-01 4.873170e-01 8.761074e-01 1.496765e+00 -8.893744e-01 4.542907e-01 -1.849589e-01 -1.635702e+00 1.152815e-02 6.858439e-01 7.029213e-01 -1.861760e+00 1.089212e+00 -6.455899e-02 -1.350993e+00 3.833947e-01 -8.301599e-01 7.827541e-01 -1.098895e+00 8.568208e-01 -4.587922e-02 5.771371e-03 
-1.794323e+01 -7.484403e-01 1.055501e+01 -7.015363e+00 6.802164e-03 9.354962e+00 9.035399e+00 4.464829e+00 4.152956e+00 5.992511e+00 -5.009211e-01 -1.895313e-01 -1.008377e-01 1.029384e+00 1.371929e+00 -1.517491e+00 2.343730e+00 -1.787648e+00 -7.497088e-01 -5.764049e-02 4.866331e-01 1.373878e+00 -4.042121e-01 1.332310e+00 -1.839023e+00 -3.116966e-03 9.634112e-01 4.707354e-01 -1.698618e+00 7.931811e-01 -6.631118e-02 -1.056243e+00 -1.389486e-02 -7.202836e-01 7.344314e-01 -7.291246e-01 8.301343e-01 6.089236e-01 -2.145809e-03 
-1.047441e+01 2.906234e+00 1.796502e+00 1.249519e-01 -3.629781e+00 4.768332e+00 1.086868e+01 7.522204e+00 2.378965e+00 1.411989e+00 5.356646e+00 1.135064e+00 -1.097621e-01 1.914130e+00 1.154707e+00 -2.641407e+00 2.708841e+00 -7.288793e-01 -1.046691e+00 -1.033707e-01 -2.657831e-01 1.606940e+00 -5.859229e-02 2.232711e+00 -7.191491e-02 -1.958902e-02 3.285103e-01 -1.497607e-01 -2.444073e-01 -2.469242e-03 2.722622e-01 -2.015983e-01 -4.225327e-01 -5.309523e-01 4.319659e-01 -3.172223e-02 3.296928e-01 4.973661e-01 -5.080250e-03 
-8.987011e+00 1.439047e+00 -1.051280e+00 1.876227e+00 -1.602387e+00 3.168352e+00 8.571296e+00 4.428717e+00 7.100135e+00 4.501155e+00 5.635681e+00 3.006649e-01 -1.512926e-01 1.749616e+00 6.101876e-01 -2.334735e+00 1.426742e+00 -9.153080e-01 -1.127186e+00 -3.733801e-01 -5.553734e-01 1.250889e+00 -3.309739e-01 2.156564e+00 8.067304e-01 -1.424465e-02 -3.772436e-01 -4.393694e-01 8.011180e-01 -5.363719e-01 4.389023e-01 2.077951e-01 -2.345131e-02 2.468463e-01 -1.573386e-01 -2.468210e-01 -4.562267e-01 2.786384e-01 1.752252e-03 
-9.511404e+00 2.319221e+00 -1.367700e+00 3.707321e-01 -1.321049e+00 5.481059e+00 6.845486e+00 8.871438e-01 7.950377e+00 4.052526e+00 8.599954e+00 5.052905e+00 -1.512926e-01 2.708297e-01 -5.389946e-02 3.351966e-01 4.724004e-01 -6.283107e-02 -3.319339e-01 -1.078831e+00 -6.370028e-01 1.331990e+00 2.591324e-01 1.051277e+00 -4.718393e-01 -8.307115e-03 -5.505657e-01 -3.977144e-01 1.049707e+00 -3.878124e-01 5.730175e-01 4.630448e-01 1.434382e-01 6.855814e-01 -3.616101e-01 -3.460494e-01 -8.036286e-01 -1.622678e-01 5.342019e-03 
-9.676491e+00 2.596153e+00 4.631347e-01 -4.825884e-03 -5.724008e+00 3.362588e+00 9.180462e+00 5.005775e+00 7.621551e+00 3.017404e+00 8.660095e+00 1.885278e+00 -1.512926e-01 -3.520429e-02 -2.205272e-01 9.999266e-01 7.802573e-01 7.383295e-02 -6.814972e-02 3.128100e-01 1.906338e+00 7.247244e-01 -1.797246e+00 -3.582128e-01 -2.459130e-01 -2.876015e-06 -3.552836e-01 -1.499490e-01 5.355834e-01 -1.891889e-01 8.072264e-01 5.460287e-01 1.877363e-01 4.209027e-01 -5.232958e-01 1.075981e-01 -6.753265e-01 -2.099866e-01 3.679492e-03 
-8.775528e+00 2.057828e+00 2.715496e+00 3.427035e+00 -1.882924e+00 3.011629e+00 5.170279e+00 4.048434e+00 8.778565e+00 3.449173e+00 9.101133e+00 -2.016045e+00 -1.512926e-01 5.374528e-02 -4.185616e-01 9.398073e-01 1.093166e+00 1.641691e+00 7.390019e-01 2.708610e-01 1.931474e+00 6.207352e-02 -1.055817e+00 -5.280054e-01 -3.570032e-01 -2.876015e-06 -2.029759e-02 5.107802e-02 -2.965728e-01 -2.940104e-01 3.020858e-01 4.276966e-02 2.550297e-01 -5.826588e-02 -6.099106e-01 4.167636e-01 -1.756804e-01 1.700879e-01 1.660248e-03 
-9.530827e+00 4.670222e-01 1.907111e+00 4.249202e+00 -9.524682e-01 4.062281e+00 1.097278e+01 1.237966e+01 1.030949e+01 -4.183488e+00 3.593579e+00 2.605653e+00 -1.512926e-01 8.181190e-02 4.274460e-02 4.092829e-02 1.705138e-01 2.268553e+00 1.067382e+00 -1.095154e-01 2.649379e-01 -7.305477e-01 8.645325e-01 -4.305141e-01 -3.006831e-01 -2.876015e-06 -1.130784e-01 2.544113e-01 -6.672691e-01 -3.574067e-01 -2.816475e-01 -2.707016e-01 -2.529555e-01 -7.090521e-01 -5.667968e-01 7.746980e-01 2.666155e-01 2.441310e-01 -6.648672e-07 
-9.315566e+00 1.290912e+00 2.609289e+00 3.709429e+00 4.501806e+00 8.825981e+00 7.303806e+00 6.857077e+00 6.916855e+00 2.374378e+00 8.493217e+00 2.907763e+00 -1.512926e-01 1.107421e-01 6.980897e-02 -6.682267e-01 -6.927410e-01 3.502916e-01 -6.859127e-01 4.073428e-01 -1.077071e-01 -9.900229e-01 1.011978e+00 2.091407e-01 4.060310e-01 -2.876015e-06 -3.327101e-01 3.401220e-01 -6.988896e-01 -1.132086e-01 -9.172528e-01 -4.106219e-01 -2.859551e-01 -2.823828e-01 -3.388390e-01 -4.876460e-02 -4.288424e-02 4.562036e-01 -6.648672e-07 
-8.997262e+00 3.193525e+00 7.212235e-01 7.067768e-01 2.426389e+00 5.792281e+00 7.565979e+00 4.925812e+00 4.899307e+00 7.877617e+00 6.811421e+00 -2.079984e+00 -1.512926e-01 -6.290290e-01 8.073133e-01 -1.532553e+00 -1.139209e-01 -6.887221e-01 -7.092113e-01 -1.020103e+00 -6.192517e-01 -1.583325e+00 1.042351e+00 6.062208e-01 5.932049e-01 -2.876015e-06 -2.153859e-01 5.460811e-02 -3.446958e-01 2.346545e-01 -5.655746e-01 2.039394e-01 -2.829189e-01 2.705216e-03 -2.342173e-02 -8.677774e-01 -1.795780e-01 4.117877e-01 -6.648672e-07 
-8.488514e+00 1.043676e+00 -3.213159e-02 1.734849e+00 -1.820894e+00 -1.283172e+00 8.910096e+00 7.236992e+00 6.533634e+00 2.478519e+00 8.537645e+00 2.356825e+00 -1.512926e-01 -1.254483e+00 8.996149e-01 -1.767968e+00 6.692696e-01 -1.465958e+00 -4.259283e-01 -7.036541e-01 9.613797e-01 -1.205748e+00 -1.388620e+00 -1.260921e+00 1.477017e+00 -2.876015e-06 2.032740e-01 -2.329297e-01 9.001680e-02 2.347906e-01 4.645281e-01 1.014286e+00 -1.695356e-01 -2.689050e-01 3.674535e-01 -7.924884e-01 -2.442858e-01 -6.342870e-02 -6.648672e-07 
-1.308936e+01 4.627219e+00 -4.435049e+00 4.666449e+00 -1.235007e+00 5.570706e+00 5.068590e+00 9.093822e+00 2.584787e+00 9.762529e-01 6.602280e+00 5.847342e+00 -1.512926e-01 -3.124160e-01 -9.924240e-02 -1.132601e+00 6.628399e-01 3.487802e-01 1.957129e+00 -9.685823e-01 -2.560653e-01 -7.397398e-01 -2.274264e+00 -5.933842e-01 1.222802e+00 -2.876015e-06 7.573752e-01 -6.852992e-01 4.197892e-01 -9.042135e-02 8.643184e-01 6.386949e-01 2.467175e-01 -5.348673e-01 6.954002e-01 -2.538515e-01 -8.004866e-03 -2.997059e-01 -6.648672e-07 
-1.354200e+01 5.072313e+00 -3.651978e+00 5.076083e+00 -9.972902e-01 6.807011e+00 5.033891e+00 9.580231e+00 2.045729e+00 -1.117795e+00 2.292680e+00 6.329013e+00 -1.512926e-01 9.689327e-01 -6.415398e-01 -4.180037e-01 9.274583e-02 2.154235e+00 3.052363e+00 -4.662586e-01 -1.633789e+00 4.255715e-01 -1.292226e+00 -4.124388e-01 -2.258910e-01 -2.876015e-06 8.515446e-01 -6.930183e-01 4.099874e-01 -2.682982e-01 4.442684e-01 -2.161644e-01 3.442730e-01 -7.612947e-01 3.833617e-01 4.177870e-01 3.226134e-01 -4.598696e-01 -6.648672e-07 
-8.033177e+00 6.828358e-01 -3.131948e+00 2.350387e+00 3.758242e+00 1.153256e+01 4.661355e+00 2.474237e+00 3.444340e+00 -1.695360e+00 6.966922e+00 2.048321e+00 -1.512926e-01 2.046259e+00 -1.848530e+00 -1.085474e-01 -2.777235e-01 1.822722e+00 7.450015e-01 9.479367e-02 -1.995939e+00 1.078099e+00 -2.751836e-01 1.419351e-01 -5.395965e-02 -2.876015e-06 2.039522e-01 -2.825392e-01 3.527272e-01 -1.085151e-01 -6.479273e-01 -1.348037e+00 2.766810e-01 -3.368490e-02 -1.715573e-01 5.791334e-01 1.521142e-01 -2.681563e-01 -6.648672e-07 
-6.171906e+00 -1.921590e-01 -2.773706e+00 3.356709e+00 6.453963e+00 1.099786e+01 6.782834e+00 2.378061e+00 8.231667e+00 -2.647170e+00 6.293445e+00 3.126753e+00 -1.512926e-01 1.823885e+00 -1.690789e+00 -2.299251e-01 -2.017926e-01 1.834693e-02 -9.007998e-01 4.860413e-01 -1.975208e+00 -1.978671e-01 -2.990937e-01 -1.555092e-02 -1.839093e-01 -2.876015e-06 -4.713162e-01 1.115132e-01 4.284281e-01 1.337103e-01 -1.147191e+00 -1.437790e+00 -4.037420e-02 4.864306e-01 -4.012749e-01 3.291489e-01 1.405805e-01 -1.505846e-01 -6.648672e-07 
-6.543081e+00 -1.983240e+00 -5.416777e+00 4.137913e+00 4.153235e+00 7.200569e+00 4.668102e+00 2.715599e+00 4.882645e+00 3.652962e-01 5.311676e+00 7.178864e+00 -1.512926e-01 2.797895e-01 -9.874185e-01 5.370710e-01 2.674175e-01 -1.822947e+00 -2.806586e+00 -6.130364e-02 -2.538626e-01 -1.285801e+00 1.248264e-01 -3.122261e-02 -1.389565e-01 -2.876015e-06 -7.668066e-01 5.258989e-01 4.584980e-01 2.775082e-01 -6.024435e-01 -5.029882e-01 -2.831180e-01 5.311641e-01 1.106711e-01 4.476821e-02 -5.537241e-02 -4.879685e-01 -6.648672e-07 
-5.167359e+00 -2.048847e+00 -3.659682e+00 3.173280e+00 -1.102942e+00 4.468873e+00 7.460435e+00 -4.162112e-01 3.369147e-01 -3.643942e+00 3.042552e+00 2.844357e+00 -1.512926e-01 -5.044565e-01 -5.145998e-01 1.401271e+00 4.889337e-01 -1.758825e+00 -2.360812e+00 -5.899784e-01 -7.272300e-02 -3.989313e-01 1.533678e-01 3.771065e-01 -9.363511e-01 -2.876015e-06 -6.043353e-01 5.690131e-01 2.050910e-01 2.003036e-01 3.326396e-01 1.863315e-01 -5.544814e-01 4.989457e-01 8.429727e-01 1.203687e-01 -1.332843e-01 -4.364046e-01 -6.648672e-07 
-7.136530e+00 -3.326118e+00 -4.066502e-03 3.779392e+00 -1.577975e+00 7.640906e-01 4.016044e+00 2.602104e+00 9.632023e-01 -5.732893e-01 8.435783e+00 1.494719e+00 -1.512926e-01 -6.236316e-01 1.929115e-01 1.368237e+00 7.644894e-01 -3.008596e-01 -1.039891e+00 -7.828254e-01 -2.913086e-01 1.731907e+00 -2.776608e-01 -3.313883e-01 -2.117523e+00 -2.876015e-06 -1.913591e-01 4.516729e-01 -2.236408e-01 -1.165417e-01 6.725271e-01 7.772872e-01 -2.149288e-01 1.757348e-01 7.920456e-01 6.354597e-02 -3.289588e-01 -2.405503e-01 -6.648672e-07 
-8.397879e+00 -2.093391e+00 1.525756e+00 5.980539e+00 5.254565e-01 2.412073e+00 4.159178e+00 2.070739e+00 8.196383e+00 -1.411040e+00 6.616909e+00 1.287451e+00 -1.512926e-01 -7.461532e-01 5.641378e-01 3.798748e-01 5.512399e-01 9.204806e-01 -8.526027e-01 -1.925609e+00 5.382022e-01 2.508122e+00 5.038342e-01 -5.319474e-01 -1.376707e+00 -2.876015e-06 2.760352e-03 1.027016e-02 -3.096973e-01 -2.932622e-01 5.126402e-01 7.751879e-01 -2.110465e-01 9.717832e-02 1.949278e-01 1.151181e-01 -3.212829e-01 -1.635073e-02 -6.648672e-07 
-8.046125e+00 -9.960217e-01 -1.168493e+00 6.556564e+00 1.834899e+00 3.029749e+00 2.404452e+00 1.529249e-02 9.612636e+00 -2.139362e+00 1.867896e+00 -2.630922e+00 -1.512926e-01 -5.560558e-01 7.315734e-01 -7.057726e-02 -3.463063e-01 1.999179e-01 3.257267e-01 -4.682674e-01 3.193575e-01 1.220869e+00 2.674255e-01 -1.221501e+00 -1.121587e+00 -2.876015e-06 1.361347e-01 -5.589690e-01 2.201336e-02 -4.917496e-01 2.759126e-01 6.658564e-01 -4.717584e-01 9.403349e-02 -3.254297e-01 1.476009e-01 1.786813e-01 2.773074e-01 3.232385e-03 
-8.443196e+00 -3.934700e-01 -1.177848e+00 4.540658e+00 1.793278e+00 -9.264903e-01 -1.362355e+00 3.568289e+00 8.552651e+00 -3.415357e-01 3.666724e+00 -1.977149e+00 -1.512926e-01 -5.244269e-01 -7.325286e-01 5.720035e-01 -4.220841e-01 5.539922e-01 8.323963e-01 -1.802480e+00 1.077688e-01 8.311906e-01 4.565525e-01 -7.843288e-01 -1.516086e+00 -2.876015e-06 5.415218e-01 -7.349558e-01 1.592184e-02 -9.204226e-01 1.469090e-02 4.498924e-01 -4.014289e-01 7.003014e-02 -7.139821e-01 -8.618663e-02 2.841149e-01 3.106810e-01 1.372245e-02 
-9.894448e+00 -5.181240e-01 9.952709e-01 2.767633e+00 -1.212196e+00 4.062281e+00 4.434845e+00 3.450372e+00 6.889412e+00 2.290873e-01 3.803803e+00 -2.480666e+00 -1.512926e-01 -5.377143e-02 -1.953758e+00 1.382286e+00 -1.207724e+00 1.262033e+00 1.447059e+00 -3.203220e+00 3.941197e-01 9.432421e-01 4.840168e-01 6.881366e-01 -6.613384e-01 1.616073e-02 9.947687e-01 -4.175770e-01 -5.101081e-01 -1.344266e+00 8.959797e-03 -1.761076e-01 -3.958045e-01 2.657152e-01 -7.449889e-01 -1.651244e-01 1.078885e-01 5.063873e-01 2.588956e-02 
-1.009622e+01 -5.995302e+00 3.303762e+00 5.764485e+00 4.819162e+00 6.057726e+00 -5.868932e+00 8.923026e-01 1.371438e+01 -3.121119e-01 1.727024e+00 -6.368135e+00 -1.512926e-01 1.710431e+00 -1.768145e+00 -2.668827e-01 -3.620214e+00 4.629908e-01 8.362960e-01 -2.565242e+00 8.509856e-01 -9.228851e-01 -3.554379e-02 -6.621950e-02 -5.357212e-02 6.052909e-02 1.304049e+00 7.669807e-01 -5.626059e-01 -1.047759e+00 -1.140217e-01 -4.140064e-01 7.079159e-01 6.290615e-02 -1.099508e+00 -6.400860e-01 -1.676864e-01 3.821113e-01 4.508126e-02 
-7.488823e+00 -7.963522e+00 3.501869e+00 -9.400279e-02 6.632051e+00 6.772678e+00 -1.135817e+01 3.323611e+00 1.174780e+01 2.661150e-01 6.278275e+00 -3.741856e+00 -7.048039e-02 3.300297e+00 -8.384634e-01 -2.201586e+00 -5.468581e+00 2.902716e-01 -5.567204e-01 -2.065990e+00 1.276366e+00 -1.626959e+00 -3.122335e-01 -1.041133e+00 6.791060e-01 9.917939e-02 1.171934e+00 1.643150e+00 1.765717e-01 6.246912e-01 -1.411076e-01 -7.755887e-01 9.392617e-01 -8.740591e-01 -9.854761e-01 -9.439119e-01 -2.077360e-01 -3.607347e-01 5.313402e-02 
-1.094142e+00 -5.511189e+00 -3.765889e+00 -1.212926e+01 1.860901e-01 1.899622e+00 -6.292071e+00 7.886643e+00 1.509121e+00 -5.375840e-01 2.098168e+00 -1.614297e+00 1.109605e-01 4.318683e+00 2.544685e+00 -4.491392e-01 -3.530506e+00 4.697916e-01 -2.358397e-01 1.168450e+00 -1.869207e-02 -3.381267e+00 -2.345564e+00 -7.580811e-01 -2.756232e-01 1.839004e-01 4.841353e-01 1.576690e+00 1.351292e+00 2.370741e+00 1.846164e-01 -8.233569e-01 4.075610e-02 -1.576318e+00 -1.829957e-01 -7.538205e-01 3.489420e-01 -9.922697e-01 3.986124e-02 
2.106166e+00 -4.952490e+00 -6.477748e+00 -1.562818e+01 2.556052e+00 3.357819e+00 -5.683386e+00 6.335293e+00 4.857162e+00 -1.219290e+00 -1.587261e+00 -1.462443e+00 2.134690e-01 4.501656e+00 4.105633e+00 2.356219e+00 1.870692e+00 5.531286e-01 -1.894840e+00 -3.738528e-01 -3.541198e+00 -2.754920e+00 -3.080531e+00 -4.590357e-03 -2.353913e+00 2.201484e-01 -1.912622e-01 6.768928e-01 1.364029e+00 2.496650e+00 4.323806e-03 -6.836508e-01 -7.044978e-01 -1.284298e+00 3.151186e-01 -2.455306e-01 6.061824e-01 -9.127054e-01 1.159506e-02 
6.699999e+00 5.222519e+00 6.047538e+00 -4.120739e+00 9.206113e+00 6.586072e+00 -2.863583e+00 -7.069511e-01 2.531157e-01 -1.129743e+01 1.869522e+00 -8.885719e+00 6.262261e-01 3.530443e+00 3.643216e+00 4.210805e+00 4.563790e+00 1.254692e+00 -2.611497e+00 -3.207474e+00 -4.621816e+00 -1.273817e+00 -2.420418e+00 1.160210e+00 -3.498399e+00 1.993522e-01 -6.675024e-01 -7.888957e-01 -3.322359e-01 5.262637e-01 -5.629463e-01 -4.233887e-01 -8.776090e-01 5.096865e-02 1.023312e+00 7.984149e-01 1.685397e-01 1.527356e-01 -3.239250e-02 
1.112281e+01 7.197645e+00 1.037617e+01 5.255161e+00 4.887595e+00 -5.044858e+00 -1.494136e+01 -1.008543e+01 -1.398853e+00 -9.756814e+00 6.369841e+00 -1.187538e+01 7.726367e-01 2.738101e+00 1.996732e+00 2.288632e+00 2.967557e+00 -8.053478e-02 -2.787087e+00 -3.400439e+00 -2.843590e+00 -1.105100e+00 -1.502462e+00 1.030702e+00 -2.273049e+00 1.494260e-01 -8.123089e-01 -1.441398e+00 -1.875604e+00 -1.625196e+00 -8.545392e-01 7.510253e-01 5.959262e-01 1.630056e+00 9.908971e-01 1.164715e+00 -3.612530e-01 1.195106e+00 -5.264466e-02 
1.204967e+01 6.629624e+00 8.861200e+00 2.478420e-01 5.293395e+00 -6.956377e+00 -1.769996e+01 -7.012212e+00 -1.732089e+00 -8.370921e+00 3.920835e+00 -1.389957e+01 8.281335e-01 1.862962e+00 -3.454475e-01 -2.076411e+00 -1.447764e+00 -2.028159e+00 -1.906639e+00 -1.706293e+00 -1.126307e-01 9.103131e-01 8.574241e-01 -4.331100e-01 4.476252e-01 5.729637e-02 -6.501282e-01 -1.284521e+00 -2.265073e+00 -1.961087e+00 -9.351032e-01 1.290828e+00 1.550725e+00 1.745452e+00 5.176305e-01 9.580258e-01 -6.559181e-01 1.627484e+00 -4.781204e-02 
1.312166e+01 4.327497e+00 3.559100e+00 -2.974852e+00 4.110014e+00 -3.806645e+00 -1.526763e+01 -4.729774e+00 3.246634e-01 -1.019487e+01 2.540289e+00 -1.032114e+01 8.596503e-01 1.273887e+00 -1.107087e+00 -3.877966e+00 -3.249592e+00 -2.078140e+00 1.507956e+00 1.855113e+00 2.354522e+00 1.107538e+00 1.104065e+00 -1.014212e+00 1.648690e+00 2.795275e-02 -4.872048e-01 -7.345793e-01 -1.383797e+00 -9.278370e-01 -3.854645e-01 1.124218e+00 1.476862e+00 7.232552e-01 -1.495273e-03 5.266714e-01 -7.447671e-01 1.305825e+00 -2.919980e-02 
1.501530e+01 4.930394e+00 -9.258122e-01 -7.244468e+00 -5.454686e-01 -3.566314e+00 -1.123191e+01 -3.948204e+00 3.942724e+00 -6.791294e+00 1.618661e+00 -7.424722e+00 8.691720e-01 1.011788e+00 -1.227665e+00 -4.031239e+00 -2.133132e+00 -2.422067e+00 1.695145e+00 1.918450e+00 1.506613e+00 2.079847e-01 1.066476e+00 -1.096801e+00 2.678211e+00 2.103058e-02 -3.227959e-01 -2.150909e-01 -2.192660e-01 5.482348e-01 3.133290e-01 8.074476e-01 8.784886e-01 -3.024070e-01 -6.536580e-01 -2.847395e-02 -4.763112e-01 7.067274e-01 -6.970366e-03 
1.600905e+01 2.511900e+00 -4.120280e+00 -7.246643e+00 -2.584068e+00 8.000131e-01 -8.899823e+00 1.549508e-01 1.301339e+00 -5.026529e+00 2.449806e+00 -6.869521e+00 8.918697e-01 7.276678e-01 -1.234936e+00 -3.652930e+00 -1.328815e+00 -1.810749e+00 1.033084e+00 2.171561e+00 -3.696152e-02 -7.613822e-01 1.026303e+00 -2.361208e+00 3.140915e+00 2.156442e-02 -3.029350e-01 -4.462096e-03 1.721415e-01 8.755553e-01 6.767980e-01 1.928006e-01 2.024194e-01 -1.097534e+00 -7.380555e-01 -6.367112e-02 -4.318072e-01 7.450236e-02 -3.133284e-05 
1.566539e+01 1.399337e+00 -7.455073e+00 -8.281240e+00 -3.469702e+00 -7.840720e-01 -1.129167e+01 -1.921500e+00 -1.180289e+00 -5.622939e+00 -1.518451e+00 -2.234502e+00 9.171675e-01 5.220259e-01 -1.357029e+00 -3.285380e+00 3.330916e-01 -5.952379e-01 2.368004e+00 2.527950e+00 -4.289125e-01 -1.423568e+00 7.538135e-01 -2.141324e+00 3.235083e+00 2.563943e-02 -3.800532e-01 1.268573e-01 3.105850e-01 4.793968e-01 1.068631e+00 3.285653e-01 1.200448e-01 -8.567305e-01 -4.935561e-01 1.713178e-01 -4.737839e-02 -7.820702e-01 4.738817e-04 
1.643526e+01 -8.166245e-02 -1.144087e+01 -9.100508e+00 -3.482109e+00 -3.224358e-02 -4.379752e+00 -5.928478e+00 -9.205610e-01 -5.647734e+00 -7.696773e+00 2.788411e+00 9.434665e-01 4.088971e-03 -1.064673e+00 -3.390304e+00 -1.047358e-01 3.923918e-01 2.135618e+00 2.562455e+00 -2.165547e+00 -1.766936e+00 9.419711e-01 -2.650990e+00 1.742600e+00 2.549114e-02 -4.641146e-01 1.927053e-01 6.295588e-01 6.126713e-02 1.196029e+00 1.029620e-01 -2.618649e-01 -2.670437e-01 -3.035384e-01 4.458647e-01 6.567714e-01 -1.382894e+00 -2.108685e-03 
1.741229e+01 -5.578337e-01 -1.369268e+01 -4.652175e+00 -3.073108e+00 8.690238e+00 -8.519850e-01 -3.050927e+00 -2.064344e+00 -2.711638e+00 -4.014053e+00 3.921723e+00 9.715927e-01 -5.266939e-01 -6.785008e-01 -2.609512e+00 -3.479902e-01 1.819592e+00 2.786679e+00 2.323287e+00 -1.712957e+00 -1.757046e+00 1.965260e+00 -1.188812e+00 -5.330681e-01 2.143392e-02 -4.569453e-01 1.020996e-01 9.825897e-01 -2.666657e-01 1.040851e+00 -8.162024e-01 -7.289863e-01 1.230429e-01 -4.897328e-02 5.094955e-01 7.229110e-01 -1.330048e+00 -5.801754e-03 
1.515611e+01 -1.832688e+00 -1.795362e+01 -9.585543e+00 -8.204035e-01 6.740889e+00 -1.307414e+00 -1.010828e+01 -7.091797e+00 -1.772391e+00 -9.557367e+00 -1.234928e+00 9.921296e-01 -1.068487e+00 -6.105369e-01 -8.430158e-01 -6.818719e-01 2.961913e+00 1.338466e+00 9.646137e-01 -7.302936e-01 -2.112282e+00 2.649822e+00 4.465234e-01 -1.889401e+00 1.312375e-02 -2.713515e-01 -5.468354e-02 1.165834e+00 2.151323e-01 6.364613e-01 -1.272764e+00 -9.914402e-01 8.162521e-01 3.285279e-01 2.488317e-01 6.041143e-01 -4.513906e-01 -7.708011e-03 
1.367087e+01 -1.117913e+00 -1.724649e+01 -9.779122e+00 4.297306e+00 9.762826e+00 -1.211509e+00 -8.396267e+00 -6.879604e+00 2.265610e+00 -6.531869e+00 -2.888808e+00 9.999999e-01 -1.226308e+00 -1.073560e+00 3.539285e-01 -7.115707e-01 3.324191e+00 -1.314475e+00 -3.180784e-01 -5.311437e-01 -1.495825e+00 2.447448e+00 -7.535330e-02 -1.599146e+00 2.820565e-03 -5.016958e-02 -1.140832e-01 7.562069e-01 6.746871e-01 6.218244e-02 -1.491599e+00 -9.410200e-01 8.652216e-01 5.661995e-01 -1.445668e-01 -1.591754e-01 4.974154e-01 -7.086581e-03 
1.296304e+01 -2.854436e+00 -1.387868e+01 -9.946601e+00 7.642546e+00 6.123531e+00 6.227370e-01 -6.907192e+00 -9.074551e+00 5.113104e+00 -4.205855e+00 -3.253258e+00 9.948877e-01 -1.002855e+00 -1.140413e+00 9.570204e-01 1.152717e+00 2.822334e+00 -2.177723e+00 -1.073986e+00 1.324825e+00 -2.548819e-01 1.945012e+00 -1.872664e-01 1.876563e-02 -3.739784e-03 1.542840e-01 2.523775e-02 1.110602e-01 8.614749e-01 -3.280439e-01 -8.531318e-01 -5.996755e-01 6.629900e-01 7.581176e-01 -3.663401e-01 -7.580507e-01 9.334412e-01 -4.177966e-03 
1.237715e+01 -5.414849e+00 -1.396012e+01 -8.029297e+00 9.316567e+00 2.426378e+00 -3.408170e+00 -7.307742e+00 -8.552155e+00 6.082767e+00 -7.067183e+00 -3.065172e+00 9.843119e-01 -8.103825e-01 -9.840860e-01 2.715334e-01 2.107977e+00 2.200222e+00 -2.913179e+00 -1.362548e+00 1.585651e+00 1.452685e-01 1.594868e+00 -1.667808e+00 9.998464e-01 -5.566716e-03 2.181939e-01 1.964237e-01 -1.977796e-01 4.697377e-01 -5.011088e-01 -4.951094e-02 -1.237941e-01 2.188638e-01 5.236136e-01 -4.248537e-01 -7.209044e-01 7.472984e-01 -9.578285e-04 
1.078886e+01 -5.386535e+00 -1.481198e+01 -4.696764e+00 1.078169e+01 -4.795259e-01 -5.579288e+00 -4.028535e+00 -7.530395e+00 6.044086e+00 -1.022597e+01 -1.052703e+00 9.812551e-01 -5.051041e-01 -5.291418e-01 -2.465054e-01 2.215750e+00 1.883714e+00 -2.127926e+00 -1.511673e+00 1.526178e+00 8.577200e-01 1.244402e+00 -2.547441e+00 1.478180e+00 -3.567767e-03 2.535881e-01 1.792439e-01 -1.561357e-01 -1.924540e-01 -5.153453e-01 4.554618e-01 2.261612e-01 -3.904621e-01 2.248435e-01 -3.491197e-01 -4.485111e-01 2.156870e-01 7.030844e-04 
1.070632e+01 -4.772243e+00 -1.542226e+01 -1.864491e+00 1.372873e+01 -1.501250e+00 -4.922893e+00 -1.907128e+00 -6.925179e+00 9.774624e+00 -1.186063e+01 1.010384e+00 9.789712e-01 -3.843098e-01 -3.971525e-01 -3.323999e-02 1.105566e+00 1.288049e+00 -1.586959e+00 -7.181885e-01 4.624034e-01 5.660140e-01 6.733592e-01 -2.499753e+00 1.407650e+00 -2.055209e-03 2.145124e-01 6.336274e-02 1.025875e-01 -4.223674e-01 -6.326322e-01 7.345742e-01 3.666212e-01 -5.437883e-01 1.193290e-01 -4.433645e-01 1.189449e-01 -1.091757e-01 8.354409e-04 
1.127333e+01 -5.821615e+00 -1.438055e+01 -1.950042e+00 1.485488e+01 -2.552220e+00 -6.177852e+00 -1.976405e+00 -5.599586e+00 9.489312e+00 -1.454586e+01 2.100005e+00 9.797091e-01 5.201811e-02 -5.378267e-01 3.287417e-01 6.917734e-01 7.016671e-01 -5.636200e-01 -2.652582e-01 -6.572619e-02 6.588665e-01 6.601117e-01 -2.013739e+00 8.931482e-01 -1.984030e-03 1.347461e-01 -7.200453e-02 1.692619e-01 -2.566665e-01 -6.865849e-01 6.132899e-01 3.250605e-01 -4.624721e-01 6.396736e-02 -5.178081e-01 4.792326e-01 -2.821564e-01 2.882597e-04 
1.021322e+01 -7.182795e+00 -1.434203e+01 -3.874596e+00 1.372033e+01 -4.472005e+00 -6.699788e+00 -6.021338e+00 -6.687013e+00 7.726531e+00 -1.740557e+01 2.396787e+00 9.748252e-01 -1.642125e-02 -6.629490e-01 4.966961e-01 7.580598e-01 -3.718904e-01 -2.255246e-02 -1.526460e-01 -3.374357e-01 8.413137e-01 -3.296814e-01 -1.339952e+00 7.466643e-01 -2.185705e-03 7.390412e-02 -1.817198e-01 -3.912329e-02 4.466982e-02 -7.017705e-01 3.074444e-01 -1.782694e-02 -3.709513e-01 5.675239e-02 -6.434678e-01 3.584871e-01 -3.289386e-01 2.721187e-04 
1.129491e+01 -6.870296e+00 -1.370809e+01 -2.324807e-01 1.429461e+01 -1.812154e+00 -6.016886e+00 -2.299572e+00 -4.354852e+00 1.036839e+01 -1.752205e+01 2.720210e+00 9.734198e-01 -1.534176e-02 -7.562605e-01 3.348169e-01 1.106179e+00 -7.192718e-01 1.564368e-01 -1.690710e-01 -3.862838e-01 1.039818e+00 -8.429953e-01 -7.312566e-01 3.980221e-01 -2.061141e-03 -5.078316e-02 -1.676936e-01 -2.177154e-01 7.459939e-02 -5.437087e-01 -8.823965e-02 -2.158744e-01 -3.211476e-01 -8.656150e-02 -6.332334e-01 9.814458e-02 -8.354159e-02 5.190766e-04 
1.061298e+01 -7.562972e+00 -1.327445e+01 1.067472e+00 1.214956e+01 -1.984137e+00 -5.766761e+00 -3.432684e+00 -3.340442e+00 7.686197e+00 -1.707235e+01 4.433765e+00 9.711887e-01 1.887792e-02 -1.196360e+00 -2.319502e-01 1.121640e+00 -1.510218e+00 -4.096293e-01 -8.554974e-01 -1.232120e+00 6.594483e-01 -1.792400e+00 -1.348606e+00 1.049846e-02 -6.553520e-04 -3.831767e-02 -3.529157e-02 -1.979457e-01 4.249313e-02 -1.375667e-01 -2.280743e-01 -8.412483e-02 7.133643e-03 -1.940117e-01 -1.797194e-01 7.026494e-02 2.078489e-01 5.303753e-04 
1.099657e+01 -9.412754e+00 -1.323978e+01 1.109885e+00 1.204350e+01 -3.014126e+00 -7.489680e+00 -5.202181e+00 -2.073655e+00 5.294606e+00 -1.836891e+01 3.071872e+00 9.712414e-01 -2.195803e-01 -1.109511e+00 -3.954748e-01 8.831314e-01 -1.447607e+00 -8.111052e-01 -9.931608e-01 -1.223957e+00 3.170108e-01 -1.774629e+00 -1.518687e+00 8.435452e-01 -1.511660e-04 -1.215949e-02 1.786791e-01 7.013632e-02 1.528443e-02 2.464540e-01 -1.617985e-01 3.931005e-01 5.237834e-01 -1.773645e-01 2.540824e-01 5.100951e-01 5.580991e-01 -2.718343e-04 
1.045707e+01 -1.189340e+01 -1.573593e+01 1.062397e+00 7.294375e+00 -5.919394e+00 -1.024105e+01 -1.073066e+01 -4.530781e+00 1.301568e+00 -2.372530e+01 2.273172e+00 9.726117e-01 -1.058026e-01 -6.627470e-01 -1.279121e-01 1.081991e+00 -6.956308e-01 -6.791131e-01 -1.612721e-01 1.170979e-01 2.325359e-01 -7.625409e-01 -5.949225e-01 1.562918e+00 -4.892672e-04 2.423589e-02 3.386629e-01 3.979152e-01 8.958410e-03 5.260006e-01 3.912414e-03 7.890959e-01 1.086643e+00 -4.943081e-02 3.418750e-01 1.193643e+00 6.472268e-01 -1.758424e-03 
1.027472e+01 -1.025253e+01 -1.445484e+01 4.186126e+00 9.483850e+00 -3.900425e+00 -8.745604e+00 -4.770308e+00 -2.174606e+00 4.687286e+00 -2.178885e+01 8.018059e+00 9.719265e-01 -1.383048e-02 -1.297403e-01 6.335151e-01 1.202623e+00 1.056780e-01 -5.178227e-01 1.449331e+00 1.558052e+00 3.663460e-01 -8.745677e-02 1.442493e+00 2.412499e+00 -3.502520e-03 2.717465e-02 1.895988e-01 4.372885e-01 -9.130564e-02 2.200617e-01 -8.819681e-02 7.596800e-01 8.248523e-01 -5.724410e-02 -2.058392e-01 1.231625e+00 2.681383e-01 -2.904438e-03 
1.044520e+01 -1.045695e+01 -1.330692e+01 4.939054e+00 9.951279e+00 -4.936454e+00 -5.944595e+00 -3.063087e+00 -2.127071e+00 4.177164e+00 -1.833694e+01 9.775306e+00 9.683778e-01 3.712121e-02 7.096371e-03 1.243189e+00 1.006825e+00 3.431669e-01 -5.367216e-01 1.868820e+00 2.810222e+00 3.875229e-01 -9.264653e-01 3.138977e+00 2.462232e+00 -7.779203e-03 -4.396912e-02 -8.039257e-03 3.414856e-01 -2.210911e-01 -1.530079e-01 -1.820625e-01 3.762771e-01 3.236699e-01 -7.082935e-02 -7.816311e-01 7.462965e-01 3.723435e-02 -3.409652e-03 
1.093345e+01 -1.077946e+01 -1.128623e+01 5.184473e+00 1.124351e+01 -6.094874e+00 -2.390805e+00 -1.245686e+00 -1.443447e+00 3.419418e+00 -1.385126e+01 1.138336e+01 9.558519e-01 -1.551351e-01 -4.965232e-01 1.105484e+00 4.642868e-01 -8.666228e-01 -1.323375e+00 1.790122e+00 1.553906e+00 -4.660355e-02 -2.721879e+00 2.772471e+00 1.734720e+00 -1.103565e-02 -9.596252e-02 -7.228693e-02 1.922435e-01 -3.133966e-01 -3.806825e-01 -8.408403e-02 -2.646120e-03 -1.381059e-01 -1.161253e-01 -7.707738e-01 3.272089e-02 -1.798173e-01 -3.035180e-03 
1.031356e+01 -1.159437e+01 -1.110409e+01 5.597006e+00 8.130385e+00 -7.505705e+00 -4.074204e+00 1.557799e+00 -2.958691e+00 -2.696760e+00 -1.199933e+01 1.290191e+01 9.417800e-01 -2.550954e-01 -5.194471e-01 1.343556e+00 3.456447e-01 -9.744643e-01 -1.186583e+00 1.549890e+00 1.737637e+00 8.499577e-02 -3.353559e+00 2.471440e+00 2.088142e+00 -1.377012e-02 -7.468075e-02 6.928334e-03 2.017130e-01 -3.831189e-01 -3.151945e-01 1.317086e-01 8.702166e-03 -3.391822e-01 -2.518018e-01 -1.266344e-01 -2.686656e-01 -4.022915e-01 -2.710745e-03 
9.564738e+00 -1.216619e+01 -1.002881e+01 6.178831e+00 6.061371e+00 -9.232526e+00 -7.300554e-01 6.892638e-01 -1.991327e+00 -5.485077e+00 -1.109504e+01 1.512857e+01 9.300799e-01 -3.476073e-01 -2.276972e-01 1.544671e+00 -3.370363e-02 -1.138979e+00 -6.133170e-01 1.595620e+00 1.403734e+00 -6.289347e-02 -2.727910e+00 1.939852e+00 1.700489e+00 -1.568602e-02 -4.671412e-02 1.889399e-01 2.132315e-01 -3.817585e-01 -2.258696e-01 4.217027e-01 -8.768222e-03 -2.333492e-01 -4.313314e-01 4.729634e-01 -1.148304e-01 -7.551544e-01 -2.542879e-03 
9.854449e+00 -1.236094e+01 -7.217896e+00 6.170131e+00 7.669760e+00 -9.300556e+00 9.740679e-01 4.657919e+00 -1.428256e+00 -8.138176e+00 -7.357596e+00 1.834362e+01 9.124066e-01 -2.400906e-01 -9.257729e-02 2.032207e+00 -6.596743e-01 -1.096663e+00 -2.331398e-01 2.009674e+00 1.189294e+00 -8.633105e-01 -1.556637e+00 2.211847e+00 4.677764e-01 -1.900772e-02 -9.683447e-02 3.360271e-01 2.788336e-02 -3.675419e-01 -5.085191e-01 5.065289e-01 -1.414373e-02 -5.903189e-01 -4.709961e-01 6.892191e-01 -1.169781e-01 -1.340449e+00 -1.919834e-03 
9.425009e+00 -1.153498e+01 -5.505925e+00 4.729163e+00 5.779233e+00 -8.263891e+00 3.062775e+00 4.223099e+00 -2.523524e+00 -7.499118e+00 -6.472270e+00 1.716501e+01 8.920981e-01 -3.961841e-01 2.348209e-01 1.827295e+00 -9.416597e-01 -1.934891e+00 3.085277e-01 1.516567e+00 6.611647e-01 -1.729004e+00 -1.255607e+00 2.328087e+00 -1.230869e+00 -2.113123e-02 -7.309835e-02 4.040402e-01 -1.234631e-01 -1.275612e-01 -7.185988e-01 5.850574e-01 -2.867750e-02 -7.258673e-01 -2.018250e-01 6.082789e-01 -6.535500e-02 -1.603100e+00 -1.082114e-03 
9.182774e+00 -1.237303e+01 -3.204037e+00 3.023201e+00 2.788166e+00 -9.155595e+00 4.077250e+00 5.737599e+00 -7.009958e+00 -9.473156e+00 -3.251177e+00 1.422224e+01 8.657287e-01 -7.149560e-01 9.294059e-01 1.341784e+00 -1.037951e+00 -3.118989e+00 8.851931e-01 1.518812e+00 -8.426313e-01 -1.437065e+00 -6.436365e-01 1.692374e+00 -3.148336e+00 -2.065077e-02 2.882164e-02 4.911628e-01 -1.360891e-01 1.096986e-01 -6.863294e-01 7.137532e-01 -2.146301e-01 -6.876159e-01 4.657882e-01 5.583087e-01 -3.455036e-01 -1.467190e+00 1.994840e-04 
7.919267e+00 -1.098595e+01 -2.899173e+00 3.043864e+00 -1.172576e+00 -7.762249e+00 5.300883e+00 3.455531e+00 -7.845988e+00 -1.109576e+01 -1.507614e+00 1.103490e+01 8.477393e-01 -4.757422e-01 1.281344e+00 1.272552e+00 -4.822471e-01 -3.720807e+00 1.752741e+00 1.697716e+00 -1.209446e+00 -7.851189e-01 -1.429240e-01 1.872743e+00 -4.506994e+00 -2.027708e-02 2.600793e-01 5.941945e-01 3.340650e-01 -1.565031e-04 -2.064860e-01 4.180612e-01 -7.023576e-01 -2.959889e-01 9.139609e-01 8.517668e-01 -8.109066e-01 -9.698892e-01 1.251880e-03 
7.032331e+00 -7.988384e+00 -1.812889e+00 1.822938e+00 -4.449383e+00 -5.125603e+00 7.449351e+00 8.285536e-01 -5.952424e+00 -9.558122e+00 -1.378120e+00 5.666716e+00 8.313485e-01 -5.614630e-02 1.839900e+00 1.629218e+00 -3.407952e-01 -3.635311e+00 2.613590e+00 8.459750e-01 -1.313232e+00 9.936244e-01 6.786366e-01 7.119806e-01 -5.230243e+00 -1.843235e-02 3.698467e-01 6.615486e-01 7.726540e-01 -2.765288e-01 4.859558e-01 -3.161993e-01 -1.388083e+00 2.490926e-01 9.019594e-01 9.282573e-01 -1.242663e+00 -2.393179e-01 2.501196e-03 
8.121579e+00 -7.320570e+00 1.610223e-01 2.918074e+00 -9.206115e+00 -1.515237e+00 9.865293e+00 6.303051e-01 -6.977615e+00 -8.171236e+00 1.954587e+00 -1.092132e+00 8.079129e-01 5.748128e-01 2.750495e+00 3.353947e+00 -1.290850e+00 -2.709212e+00 1.534754e+00 -1.658908e+00 -5.833606e-01 1.625557e+00 2.342221e+00 -1.236212e+00 -5.039452e+00 -1.597667e-02 2.204868e-01 5.561636e-01 7.706050e-01 -5.307941e-01 1.082831e+00 -1.098785e+00 -1.711111e+00 4.496554e-01 5.067200e-01 7.633067e-01 -1.374744e+00 4.610840e-01 3.973259e-03 
8.800808e+00 -5.006012e+00 3.411620e+00 1.382129e+00 -1.137158e+01 7.888866e-01 6.025232e+00 5.835066e-01 -2.475499e+00 -7.542097e+00 -1.422549e+00 -5.865685e+00 7.934721e-01 6.091404e-01 3.502642e+00 4.164229e+00 -2.016174e+00 -1.195005e+00 -5.867186e-01 -3.743357e+00 8.962892e-02 1.867346e+00 2.755156e+00 -2.966347e+00 -4.078651e+00 -1.028827e-02 -1.929648e-02 1.454962e-01 2.150590e-01 -3.595834e-01 1.178544e+00 -1.292600e+00 -1.173411e+00 4.396433e-01 -1.728595e-01 2.078499e-01 -7.240860e-01 9.720895e-01 4.241200e-03 
9.909478e+00 1.275374e+00 1.125884e+01 -3.190181e+00 -1.125752e+01 -3.045915e+00 -2.281887e+00 6.608899e-01 -1.456679e+00 -3.924487e-01 -7.666431e+00 -8.396589e+00 7.867787e-01 2.940387e-01 3.230888e+00 3.858190e+00 -2.298619e+00 4.732460e-01 -2.140925e+00 -4.563192e+00 3.373678e-01 1.311511e+00 2.635390e+00 -3.161810e+00 -2.777218e+00 -4.487165e-03 -2.192289e-01 -4.647861e-01 -7.146722e-01 1.402404e-01 7.762346e-01 -6.373392e-01 5.623556e-02 2.379895e-01 -6.655539e-01 -4.741565e-01 2.017884e-01 1.117760e+00 3.059676e-03 
9.183852e+00 5.226663e+00 1.345947e+01 -5.204275e+00 -9.399010e+00 -7.293985e+00 -5.193740e+00 1.261163e+00 6.235957e-01 3.279380e-01 -1.139900e+01 -1.107402e+01 7.904680e-01 -1.242715e-02 2.327362e+00 2.452283e+00 -1.634835e+00 6.661517e-01 -2.011733e+00 -3.569062e+00 4.244393e-01 2.864091e-01 1.571281e+00 -1.945668e+00 -1.500844e+00 -2.974607e-03 -1.811219e-01 -7.773169e-01 -1.112005e+00 5.077618e-01 1.765126e-01 3.119856e-01 9.102439e-01 6.367631e-02 -8.480397e-01 -5.436609e-01 8.657295e-01 9.411314e-01 8.273704e-04 
9.400191e+00 3.717348e+00 1.442799e+01 -5.281851e+00 -7.826639e+00 -8.178376e+00 -7.340762e+00 1.977879e+00 -1.969764e+00 1.070475e+00 -8.866552e+00 -1.237411e+01 7.869896e-01 -2.105127e-01 1.014235e+00 6.364262e-01 -7.803065e-01 2.413705e-01 -9.395975e-01 -1.464998e+00 4.392103e-01 -9.118313e-01 5.633941e-01 -7.376022e-01 -7.396182e-01 -4.338875e-03 -5.624086e-02 -6.159682e-01 -9.844155e-01 5.906803e-01 -1.117585e-01 6.724111e-01 1.169463e+00 -5.679688e-04 -6.004432e-01 -3.011964e-01 8.044818e-01 6.421493e-01 -6.285513e-04 
8.993409e+00 5.409673e+00 1.408901e+01 -5.746223e+00 -9.756385e+00 -6.703331e+00 -9.290191e+00 2.047524e+00 -7.872666e-01 -4.169134e-01 -1.055106e+01 -1.138093e+01 7.784867e-01 -4.416401e-02 7.245044e-01 2.149579e-01 -2.365432e-01 -1.964725e-01 3.726239e-01 -7.412309e-01 3.571921e-01 -1.261134e+00 1.072723e+00 1.502997e-01 -3.918803e-01 -6.225124e-03 3.130828e-02 -3.966789e-01 -5.933957e-01 4.743631e-01 8.886789e-03 4.168616e-01 8.403126e-01 -2.539510e-01 -1.290770e-01 -5.441573e-02 5.324067e-01 1.522426e-01 -7.060283e-04 
8.951868e+00 6.254972e+00 1.412643e+01 -6.820334e+00 -9.872042e+00 -8.038819e+00 -7.558597e+00 2.463183e+00 -5.309965e+00 2.796890e+00 -1.177881e+01 -1.194145e+01 7.710907e-01 2.870123e-02 9.524308e-01 5.485066e-02 -4.426659e-02 3.457577e-01 2.904445e-02 -1.297218e-01 3.682056e-01 -9.169509e-01 1.378600e+00 -1.874587e-01 -1.210012e-01 -5.999723e-03 1.851984e-02 -2.365539e-01 -7.761059e-02 4.345704e-01 1.292400e-01 6.106297e-02 3.509924e-01 -4.240924e-01 4.164449e-01 -2.526501e-01 5.388895e-01 -1.335773e-01 -1.217227e-04 
9.187629e+00 7.580240e+00 1.468498e+01 -5.617533e+00 -9.358190e+00 -5.500405e+00 -8.790905e+00 2.804406e+00 -4.011815e+00 4.828454e+00 -9.191100e+00 -1.324953e+01 7.672960e-01 2.449124e-02 3.747882e-01 -2.238499e-01 3.689139e-01 6.582714e-01 -4.118291e-01 -3.495262e-02 -8.097204e-01 -3.563448e-01 8.915660e-01 4.413316e-01 -1.048991e+00 -5.679416e-03 -6.499254e-02 -4.032684e-01 1.950677e-01 4.519160e-01 1.413593e-01 -2.244328e-01 1.630986e-01 -5.581005e-01 3.007591e-01 -6.717679e-01 5.797345e-01 -2.167473e-02 8.435115e-04 
9.447128e+00 7.394122e+00 1.440378e+01 -5.567870e+00 -6.296689e+00 -8.634878e+00 -8.239089e+00 3.440423e+00 -4.942425e+00 5.341221e+00 -1.048333e+01 -1.204429e+01 7.625878e-01 -1.523284e-01 6.288480e-03 4.678389e-01 1.089951e+00 4.600762e-01 -2.421393e-01 -6.319430e-02 -1.097756e+00 7.180920e-01 -6.094946e-01 1.811306e+00 -1.078831e+00 -5.222683e-03 -1.426920e-01 -5.054528e-01 3.193900e-01 3.988590e-01 1.637727e-01 5.463675e-02 -1.792649e-02 -7.477527e-01 -3.550639e-01 -8.530934e-01 3.726457e-01 3.914776e-01 1.755480e-03 
8.868785e+00 6.713878e+00 1.283104e+01 -4.527472e+00 -8.252448e+00 -8.464485e+00 -9.124887e+00 -2.489345e+00 -2.752869e+00 2.768789e+00 -8.991712e+00 -1.657434e+01 7.543660e-01 -2.786282e-01 -8.188721e-01 9.838526e-01 1.455981e+00 4.531674e-01 -6.140170e-01 4.102813e-02 -1.700259e+00 -5.749789e-01 -1.292010e+00 2.049554e+00 -2.127848e-02 -2.393311e-03 -1.744047e-01 -3.170871e-01 2.305646e-01 2.715904e-01 5.126767e-01 4.395676e-01 -4.843745e-02 -4.871173e-01 -9.489437e-01 -5.190985e-01 -3.581111e-01 8.203555e-01 1.887837e-03 
8.349787e+00 6.719748e+00 1.739244e+01 -1.915604e+00 -8.124785e+00 -7.767653e+00 -7.707515e+00 -3.786251e-01 -2.349555e+00 7.795434e-01 -2.822059e+00 -1.567334e+01 7.514498e-01 -5.331708e-01 -9.780267e-01 1.047896e+00 1.406381e+00 1.267214e+00 4.032220e-01 -2.573411e-01 -2.925219e+00 -2.582945e+00 -1.795092e+00 8.715818e-01 1.322654e+00 1.141923e-03 -1.515729e-01 -1.311689e-01 -2.879339e-01 -5.994761e-02 6.444556e-01 5.337761e-01 -9.850928e-02 -3.187729e-01 -1.130831e+00 -4.079963e-02 -9.961611e-01 5.079648e-01 -3.993485e-04 
8.342773e+00 3.823356e+00 1.810947e+01 -1.639668e-01 -6.178231e+00 -9.003639e+00 -8.851629e+00 -3.787541e+00 -8.183145e+00 6.492853e-01 -2.773837e+00 -1.154130e+01 7.608837e-01 -6.570957e-01 -7.184915e-01 6.390840e-01 1.568806e+00 2.818016e+00 1.463458e+00 -1.801787e-01 -2.331656e+00 -3.450500e+00 -1.111069e+00 -8.792242e-01 1.852140e+00 5.784207e-04 -7.309835e-02 1.698303e-01 -5.828186e-01 -2.416337e-01 4.829260e-01 6.069065e-01 2.930827e-02 1.276639e-01 -3.030809e-01 2.066040e-01 -5.630125e-01 -2.661844e-01 -5.517672e-03 
7.043660e+00 3.949391e+00 1.700393e+01 -7.175161e-01 -9.972902e-01 -6.349192e+00 -9.662726e+00 -1.053647e+01 -1.514239e+01 -2.574767e+00 -9.234446e+00 -7.947953e+00 7.650122e-01 -7.210011e-01 -6.996070e-01 -7.993502e-01 7.338721e-01 2.499997e+00 1.388063e+00 -4.452250e-01 -2.376099e+00 -3.498322e+00 -9.039553e-01 -1.705016e+00 5.243549e-01 -8.704532e-03 6.812349e-02 2.407616e-01 -5.764502e-01 -4.248842e-01 -2.797128e-01 2.276307e-01 2.564731e-01 6.605512e-01 5.331514e-01 2.682769e-01 5.039306e-01 -7.068441e-01 -1.098303e-02 
6.236030e+00 4.506708e+00 1.622031e+01 2.717607e+00 2.274314e+00 -1.856660e+00 -9.048259e+00 -9.068764e+00 -1.360901e+01 -1.108868e+00 -1.018208e+01 -1.117685e+01 7.504660e-01 -5.502266e-01 -1.089371e-01 -1.006540e+00 5.840004e-01 2.251498e+00 1.928131e+00 2.816142e-01 -1.336425e+00 -1.632660e+00 -7.044889e-01 5.227666e-01 -9.531438e-01 -2.506388e-02 7.619700e-02 2.228288e-01 -2.707669e-01 -4.576707e-01 -1.067685e+00 -3.703081e-01 3.356622e-01 7.089430e-01 9.549279e-01 2.679209e-01 1.218620e+00 -2.777690e-01 -1.498923e-02 
5.798497e+00 2.879991e+00 1.434050e+01 3.134559e-01 1.492720e-01 -4.400796e+00 -9.835259e+00 -9.618185e+00 -1.712808e+01 -2.861401e+00 -7.643133e+00 -1.323408e+01 7.131343e-01 -2.459198e-01 -7.884312e-02 -1.011603e+00 -2.255210e-01 1.519884e-01 1.309068e+00 7.942183e-01 -1.201458e-01 -8.261928e-01 -6.569917e-01 2.690266e+00 -8.091141e-01 -4.095464e-02 -5.882438e-02 2.441505e-01 1.229110e-01 8.820374e-02 -1.196215e+00 -4.059950e-01 5.152937e-01 7.261433e-01 8.916473e-01 2.291640e-01 9.088416e-01 5.642118e-01 -1.700848e-02 
6.214450e+00 3.813342e+00 1.440818e+01 2.240185e+00 4.505808e+00 -3.371077e-01 -7.357630e+00 -1.092854e+01 -1.535360e+01 -2.729490e+00 -9.555044e-01 -1.366407e+01 6.615199e-01 -5.136321e-01 8.525991e-02 -6.086137e-01 -2.397581e-01 -1.346458e+00 -3.487329e-01 8.784707e-01 8.509395e-02 -1.192928e-02 1.050090e-01 3.016199e+00 1.129925e+00 -5.824525e-02 -3.392012e-01 1.612169e-01 8.929689e-02 3.337622e-01 -1.175956e+00 -4.033389e-01 2.444777e-01 4.493987e-01 6.866719e-01 5.251070e-02 -1.347956e-01 1.087246e+00 -1.847570e-02 
5.824932e+00 3.901394e+00 1.285195e+01 -1.606748e+00 -1.353065e+00 -5.631331e-01 -6.536894e+00 -1.020740e+01 -1.840075e+01 -5.049671e+00 -3.963507e-01 -1.074900e+01 6.047230e-01 -1.033404e+00 4.240696e-01 -3.837041e-01 1.586870e+00 -1.682073e+00 4.965164e-01 1.832898e+00 5.437738e-01 1.494573e-01 -1.629568e-01 1.592479e+00 2.303864e+00 -7.716112e-02 -5.833442e-01 1.938820e-01 -1.342063e-01 4.461341e-01 -3.866326e-01 -1.981281e-01 -6.003461e-02 3.797633e-01 1.023312e+00 1.904516e-01 -6.297089e-01 7.843692e-01 -2.324053e-02 
3.655067e+00 4.422455e+00 1.392172e+01 2.479440e+00 -3.706619e+00 -5.519161e+00 -6.305083e+00 -8.348731e+00 -1.303222e+01 5.101009e-01 1.275150e+00 -6.768817e+00 5.134579e-01 -1.852517e+00 4.455797e-01 -8.740247e-01 1.346524e+00 -2.711263e+00 3.177271e-01 9.845838e-01 5.784987e-01 1.312907e+00 -6.889796e-01 3.975855e-01 2.926485e+00 -9.933344e-02 -5.577996e-01 4.976012e-02 -6.255146e-01 -1.972155e-01 2.067012e-01 1.094739e-01 -1.712777e-01 5.694796e-01 1.175635e+00 2.006859e-01 -3.601394e-01 -1.151969e-02 -2.801021e-02 
1.911407e+00 4.695934e+00 1.266485e+01 8.128398e+00 -4.154839e+00 6.725360e-01 -1.197051e+00 -8.189543e+00 -1.754119e+01 -5.295971e+00 -7.962106e-01 -5.162359e+00 4.013574e-01 -2.493300e+00 7.102652e-01 -1.550019e+00 1.211808e+00 -1.098822e+00 -1.465293e-02 4.409019e-01 1.531879e+00 3.628054e+00 6.922073e-01 8.511029e-01 2.214475e+00 -1.366135e-01 -3.083281e-01 -2.080778e-01 -7.583650e-01 -9.031451e-01 5.628330e-01 -3.957171e-02 -1.372328e-01 4.319417e-01 8.750353e-01 3.724000e-01 1.992033e-01 -3.036989e-01 -2.195409e-02 
-1.091444e+00 5.644478e+00 1.013183e+01 4.104924e+00 -7.649752e+00 6.337525e-01 -5.104100e+00 -9.045180e+00 -9.219116e+00 -6.051402e+00 1.232888e+00 -1.825295e+00 2.665415e-01 -2.572642e+00 1.908918e-01 -3.152991e+00 -1.038257e+00 -6.045215e-01 4.543189e-01 7.182376e-01 2.438484e+00 4.126991e+00 6.808984e-01 1.586230e+00 1.117137e+00 -1.685730e-01 7.671370e-02 -4.985809e-01 -3.496244e-01 -6.320785e-01 7.418479e-01 8.762471e-02 5.104657e-01 4.018413e-01 3.341813e-02 2.734831e-01 3.154149e-01 -3.530445e-01 -2.345958e-03 
-4.268554e+00 6.841985e+00 6.996798e+00 3.639464e+00 -4.875592e+00 -3.713183e+00 -4.933013e+00 -2.200079e+00 -2.167256e+00 1.692011e+00 3.880199e+00 -2.148718e+00 4.511617e-02 -2.215008e+00 -4.888482e-01 -3.035916e+00 -1.736485e+00 7.858273e-02 2.303324e-01 1.279881e+00 1.773528e+00 3.117714e+00 1.014025e+00 1.994271e+00 1.689897e+00 -1.523145e-01 3.729146e-01 -6.814396e-01 3.391044e-01 -1.272211e-01 3.471316e-01 3.101434e-01 7.879014e-01 -3.041171e-02 -6.039627e-01 -1.643235e-01 -1.412783e-01 -2.507547e-01 2.600255e-02 
-6.118495e+00 4.303671e+00 9.914188e-01 -4.677483e-01 -6.368724e+00 -1.054603e+00 -8.462018e-01 8.495576e-01 -8.453077e-02 4.205072e-01 6.868311e+00 -2.690065e+00 -1.512926e-01 -1.608122e+00 -1.447715e+00 -1.879093e+00 -3.397236e-01 4.092320e-01 6.334082e-01 3.117362e+00 2.466731e+00 1.735165e+00 5.175126e-01 1.403169e+00 1.423539e+00 -1.032068e-01 5.593158e-01 -2.891287e-01 1.084373e+00 4.991231e-01 1.166097e-01 6.290516e-02 2.886764e-01 -3.636348e-01 -6.728392e-01 -9.949125e-02 -5.470642e-01 -2.284727e-01 4.501831e-02 
-6.650441e+00 2.922118e+00 2.055691e+00 1.732311e+00 -4.402160e+00 2.668617e+00 3.073378e+00 -4.269160e+00 -6.520395e+00 -3.462109e+00 6.357379e+00 3.719784e+00 -1.512926e-01 -1.111019e+00 -1.877715e+00 -4.914126e-01 2.263903e-01 1.300746e-01 1.446459e+00 3.180699e+00 1.365769e+00 1.804048e+00 -4.782197e-02 2.361575e-01 8.075055e-01 -3.928193e-02 6.171544e-01 1.943998e-01 9.138664e-01 5.093943e-01 5.721791e-02 -1.482606e-01 -5.479612e-01 -1.643556e-01 -5.391687e-01 -6.193573e-02 -6.750481e-01 -5.848357e-01 4.078290e-02 
-7.940923e+00 3.658487e-01 3.206910e+00 3.360333e+00 -5.840465e+00 6.099101e-01 6.479215e+00 4.322591e+00 1.633105e+00 -8.867021e-01 7.009725e+00 2.358423e+00 -1.512926e-01 -3.279606e-01 -5.602457e-01 9.966359e-01 4.757683e-01 -4.707045e-02 1.608365e-01 1.211226e+00 8.244236e-01 1.419606e+00 7.142864e-01 -2.700475e-01 4.159774e-01 -2.876015e-06 5.434595e-01 5.366775e-01 3.278627e-01 1.609870e-01 3.109563e-01 -1.296674e-01 -1.204071e+00 -6.130387e-01 -7.926428e-01 -1.134258e-02 -4.086206e-01 -5.768990e-01 2.456922e-02 
-8.912560e+00 -5.778612e-01 3.431981e+00 2.857535e+00 -4.489402e+00 2.687055e+00 7.307662e+00 2.891738e+00 5.994085e+00 2.106589e+00 4.990379e+00 -6.360362e-01 -1.512926e-01 2.307808e-01 3.951303e-02 9.547868e-02 4.025929e-01 5.928540e-01 -2.745374e-01 -5.069077e-01 1.773010e+00 5.796277e-01 6.060447e-01 -5.444462e-01 -7.303177e-01 -2.876015e-06 3.836685e-01 5.036829e-01 -2.062523e-01 -1.001485e-01 3.804962e-01 -8.297414e-03 -1.014336e+00 -5.954533e-01 -8.265356e-01 5.771685e-02 -1.198018e-01 -2.189092e-01 7.856793e-03 
-6.627243e+00 3.252227e+00 5.286479e+00 1.348778e+00 -6.560818e+00 -2.598585e-01 3.093138e+00 1.390872e+00 7.564000e-01 1.207676e+00 6.201336e+00 1.567183e+00 -1.512926e-01 4.382579e-01 2.771342e-01 -5.331798e-01 3.771805e-01 1.732692e+00 8.454955e-01 -1.059216e+00 -8.022053e-01 -1.616021e+00 1.338735e-01 -2.496647e-01 -6.920820e-01 -2.876015e-06 7.997540e-02 3.705179e-02 -4.170741e-01 -2.494562e-01 2.310493e-01 2.774125e-01 -2.226436e-01 -5.888427e-01 -2.424048e-01 4.414525e-02 3.327768e-02 1.316368e-01 -6.648672e-07 
-6.153563e+00 1.676615e+00 1.492738e+00 4.751276e+00 -1.078130e+00 1.730818e+00 2.231919e+00 6.061872e+00 -3.184115e+00 -1.479145e+00 4.038951e+00 4.637085e-01 -1.512926e-01 4.242246e-01 2.218946e-01 -7.578362e-01 -2.250618e-01 1.142641e+00 1.062683e+00 -7.556472e-01 -7.983181e-01 -8.108337e-01 5.308678e-01 -3.730192e-01 2.669100e-01 -2.876015e-06 -9.270083e-02 -1.585624e-01 -6.542756e-02 -3.084990e-01 -3.844789e-01 2.113470e-02 2.245187e-01 -4.996324e-01 3.040322e-01 3.239803e-02 3.172046e-01 5.455285e-01 -6.648672e-07 
-7.129517e+00 6.244798e-01 1.509798e+00 4.299591e+00 1.116946e+00 5.315753e+00 3.721099e+00 -1.273691e+00 -1.858032e+00 1.575308e+00 6.237096e+00 -1.652128e+00 -1.512926e-01 -2.494918e-02 -4.662273e-01 -6.620250e-01 -4.574471e-01 8.332574e-01 8.791935e-01 2.224130e-01 -8.340796e-01 9.028663e-01 9.726666e-01 -1.892855e-01 5.756372e-01 -2.876015e-06 -1.565784e-01 -1.148363e-01 5.656885e-02 -2.298659e-01 -7.971916e-01 -3.692370e-01 3.647795e-01 1.464686e-01 5.556058e-01 -1.856375e-01 2.419574e-01 5.207325e-01 -6.648672e-07 
-6.539844e+00 1.845122e+00 1.530709e+00 2.565422e-01 -2.615283e+00 5.212436e+00 3.215549e+00 2.327026e-01 3.247339e+00 4.577195e+00 3.107570e+00 2.308338e+00 -1.512926e-01 -1.308454e-03 -3.814996e-01 -1.672745e-01 -7.224398e-01 -8.799006e-01 -1.858427e-01 -2.526301e-02 -7.093032e-01 8.402665e-01 3.485261e-01 1.011473e+00 1.363344e+00 -2.876015e-06 -1.238969e-01 3.338049e-02 6.061140e-02 1.895561e-01 -4.138280e-01 -3.371916e-01 2.980337e-01 2.005083e-01 7.396273e-02 -4.126615e-01 2.891659e-01 -9.206985e-02 -6.648672e-07 
-6.558726e+00 8.368404e-01 1.957738e+00 1.308540e+00 -1.625598e+00 2.395225e+00 3.713388e+00 1.350523e-01 2.055530e+00 3.042530e+00 5.720746e+00 3.523172e+00 -1.512926e-01 -1.319261e-01 4.571709e-03 -5.457098e-01 -5.234274e-01 -1.242071e+00 -3.764312e-01 3.994257e-01 -1.144447e-01 3.365588e-01 -7.031964e-01 2.677893e-01 1.363214e+00 -2.876015e-06 -3.340897e-02 2.766744e-01 1.226895e-01 4.118512e-01 3.907549e-02 -8.781124e-02 1.622524e-01 1.543628e-01 -2.890381e-01 -3.379065e-01 1.826982e-01 -5.459409e-01 -6.648672e-07 
-6.444892e+00 -3.375311e-01 4.328685e-01 2.634230e+00 -4.106415e+00 2.262025e+00 2.109989e+00 1.810952e+00 -9.391830e-01 -4.701407e-01 9.354161e+00 4.693250e+00 -1.512926e-01 -1.416415e-01 1.532238e-01 -5.130556e-01 7.556104e-01 1.111835e-01 4.545919e-03 6.460381e-01 -1.556482e-01 -1.578405e-01 -6.945801e-01 8.441804e-01 -5.873214e-01 -2.876015e-06 -6.224755e-02 3.955209e-01 3.776470e-01 4.900081e-01 5.691847e-01 1.488024e-01 1.962475e-01 2.862529e-01 2.100617e-01 2.605344e-01 -3.962300e-02 -7.353373e-01 -6.648672e-07 
-7.836800e+00 1.738769e+00 -6.693743e-01 4.936223e-01 -4.348133e+00 4.908843e+00 6.270537e+00 -2.635268e+00 1.917825e+00 5.828338e-01 4.452356e+00 3.971809e+00 -1.512926e-01 -1.217790e-01 6.497744e-01 1.244625e-01 8.626179e-01 5.331579e-01 3.450255e-01 6.980312e-01 -3.391201e-01 -4.322920e-02 -1.953755e-01 8.078375e-01 -1.178812e+00 -2.876015e-06 1.694649e-03 2.794044e-01 5.426717e-01 3.251915e-01 4.345219e-01 -6.994633e-02 1.236188e-03 3.503046e-01 3.290206e-01 5.204418e-01 -3.827078e-02 -3.714813e-01 -6.648672e-07 
-6.609439e+00 2.160382e+00 2.782353e-01 4.442419e+00 -6.983436e-01 3.978356e+00 5.166905e+00 8.392398e-01 2.526961e+00 2.334375e+00 7.962779e+00 -8.523619e-01 -1.512926e-01 -3.175976e-01 1.273366e+00 1.385829e+00 1.034534e+00 1.078303e+00 1.975344e-01 8.066258e-01 8.342710e-01 2.080512e+00 1.397448e+00 5.432456e-01 -1.042403e+00 -2.876015e-06 6.954443e-02 8.237817e-02 1.555836e-01 -2.860519e-01 3.794387e-02 -1.423056e-01 -2.117931e-01 6.207181e-02 2.718640e-01 3.889084e-01 -5.162018e-01 2.859342e-01 -6.648672e-07 
-7.085278e+00 2.837174e+00 2.656614e+00 4.717563e+00 -6.639267e-01 3.262132e+00 5.674865e+00 -1.074337e+00 1.060998e-01 6.635013e-01 1.045621e+01 4.019011e-01 -1.512926e-01 -3.552813e-02 8.415477e-01 1.218255e+00 9.630426e-01 4.470143e-01 -8.227045e-01 3.252174e-01 1.141871e+00 8.624906e-01 8.530083e-01 2.269275e-01 -2.667101e-01 -2.876015e-06 1.341325e-01 -1.425593e-01 -4.686858e-01 -6.659533e-01 -1.197163e-01 -1.121024e-01 -4.822606e-01 -4.032339e-01 -1.902107e-01 1.228160e-01 -6.542875e-01 1.857641e-01 -6.648672e-07 
-8.408669e+00 5.480459e+00 5.699201e+00 5.694883e+00 -5.570743e-01 4.073090e+00 6.440660e+00 5.202181e+00 1.036928e+01 6.476847e+00 9.068624e+00 1.266138e+00 -1.512926e-01 1.629892e-01 4.693115e-01 -2.820708e-01 -7.247361e-01 3.440305e-01 -1.230464e-01 -2.266179e-01 -5.858225e-01 7.486938e-01 7.258106e-01 -1.446289e+00 3.862672e-01 -2.876015e-06 1.550267e-01 -4.006326e-01 -7.840601e-01 -7.548577e-01 -2.398871e-01 -4.544099e-02 -5.947480e-01 -1.026102e+00 -1.039571e+00 -4.143969e-01 -3.455832e-01 2.811454e-02 -6.648672e-07 
-7.114950e+00 4.286751e+00 2.711644e+00 4.682762e+00 -2.183872e+00 7.478778e-01 7.259950e+00 8.926711e-01 2.308887e+00 2.776393e+00 5.033724e+00 1.578905e+00 -1.512926e-01 3.086117e-01 3.390389e-01 -1.384976e+00 -1.587532e+00 3.017143e-01 -5.515050e-02 -1.196643e+00 -1.645321e+00 -3.283029e-01 7.543520e-01 -1.468787e+00 -9.643819e-01 -2.876015e-06 -2.685328e-02 -3.582244e-01 -3.711662e-01 -3.657734e-01 -5.776927e-02 1.646497e-02 -3.775378e-01 -6.473108e-01 -6.329985e-01 -4.144414e-01 1.969363e-01 -4.844262e-02 -6.648672e-07 
-5.779690e+00 3.781920e+00 -1.159138e+00 8.358296e-01 1.781672e+00 4.620192e+00 3.241091e+00 -3.073405e+00 5.168836e+00 4.906807e+00 3.442412e+00 4.903496e-01 -1.512926e-01 2.855107e-01 -4.785476e-01 -1.232716e+00 -1.464297e+00 -4.847379e-02 -4.134290e-01 -1.406269e+00 -2.902544e+00 -2.521974e+00 -6.253269e-01 -3.368685e-01 -5.529610e-01 -2.876015e-06 -1.729515e-01 -2.149497e-01 2.126777e-01 3.148522e-01 -2.114506e-01 -1.685246e-01 8.759267e-02 4.143564e-01 -5.117518e-01 -5.045925e-01 7.635572e-01 1.350382e-01 -6.648672e-07 
-6.856530e+00 5.381703e+00 -8.388654e-01 -7.903802e-01 -3.245603e-01 2.713122e+00 1.291663e+00 -5.163121e+00 1.064643e+00 5.219889e+00 5.925011e+00 -4.031711e+00 -1.512926e-01 -2.310229e-01 -4.756190e-01 -1.623383e-01 -4.960249e-01 3.543936e-01 -5.951181e-01 -9.727181e-01 -9.364404e-01 -6.671333e-01 -5.436879e-01 6.568893e-01 -3.936292e-02 -2.876015e-06 -2.205206e-01 -7.562876e-02 3.917129e-01 5.514998e-01 -2.987678e-01 -9.723637e-02 4.816968e-01 1.107951e+00 3.350390e-01 -3.424452e-01 7.470919e-01 6.617693e-01 -6.648672e-07 
-7.110095e+00 2.540214e+00 1.310591e+00 1.109523e+00 -1.728849e+00 1.023177e+00 2.393849e+00 -6.282230e+00 -1.618396e+00 2.128409e+00 6.938206e+00 1.307166e+00 -1.512926e-01 -4.319151e-01 -1.982092e-01 1.701532e-01 3.036990e-01 -7.395663e-01 -6.957121e-01 9.928398e-02 1.131765e+00 -1.640689e+00 -1.148011e+00 1.308658e+00 5.988886e-01 -2.876015e-06 -8.217297e-02 2.012717e-01 1.791744e-01 4.674249e-01 -1.775385e-01 2.420683e-01 6.412199e-01 1.416208e+00 1.071458e+00 1.705169e-01 2.080325e-01 5.120071e-01 -6.648672e-07 
-7.604815e+00 2.529510e+00 6.650934e-01 2.066181e+00 1.343458e+00 -4.296159e-01 2.819880e+00 -2.184971e+00 2.367204e+00 1.447364e+00 6.570313e+00 9.736191e-01 -1.512926e-01 -4.353694e-01 -1.792237e-01 -1.279121e-01 2.857879e-01 -8.465442e-01 -4.001298e-01 4.589813e-01 1.877573e+00 9.062406e-01 -6.965188e-01 1.443839e+00 1.768564e+00 -2.876015e-06 1.280612e-01 1.451667e-01 3.074284e-03 1.733669e-01 -1.512557e-01 3.595825e-01 4.000687e-01 6.312851e-01 9.793180e-01 4.296232e-01 -1.330059e-01 3.787099e-01 -6.648672e-07 
-7.564892e+00 4.216655e+00 -1.060635e+00 9.260940e-01 -2.750150e+00 2.713122e+00 2.973135e+00 1.096079e+00 -3.685439e+00 1.053284e+00 9.662995e+00 9.816115e-01 -1.512926e-01 -2.311405e-02 3.797365e-01 -3.542140e-01 4.818917e-01 -3.356194e-01 6.995043e-01 1.083961e+00 2.771610e+00 2.048630e+00 3.036138e-01 3.098048e-01 1.103186e+00 -2.876015e-06 2.060836e-01 -3.764496e-02 8.071340e-02 -2.061112e-03 2.014447e-01 1.997837e-01 -5.383646e-03 -1.933650e-01 1.042915e+00 5.845175e-01 -3.241067e-01 1.485947e-01 -6.648672e-07 
-8.805739e+00 3.647252e+00 -2.935221e-01 7.299773e-01 -4.046385e+00 -1.326993e-01 3.296514e+00 5.352342e-01 6.629194e+00 2.275197e+00 1.178204e+01 4.973514e+00 -1.512926e-01 2.048732e-01 -3.875149e-02 1.152231e-01 2.819608e-01 -6.037658e-01 5.051159e-01 5.351984e-01 1.399976e+00 2.384784e+00 8.786416e-01 4.913271e-01 1.601929e+00 -2.876015e-06 1.789243e-01 -1.210493e-01 1.596816e-01 -7.804140e-02 2.319254e-01 -1.099643e-02 -2.884438e-01 -6.227298e-01 5.439433e-02 3.370249e-01 -2.371667e-01 -1.931273e-01 -6.648672e-07 
-6.625085e+00 3.880331e+00 1.849563e-02 4.187213e+00 -7.119502e-01 4.372550e+00 7.575618e+00 6.215902e+00 6.493449e+00 3.232627e+00 5.881665e+00 4.823258e+00 -1.512926e-01 2.783861e-01 -4.568355e-01 4.520180e-01 2.952793e-01 1.462670e-01 -1.493448e-01 3.417450e-02 4.037080e-01 2.834619e+00 9.870988e-01 1.644331e-01 1.425089e+00 -2.876015e-06 7.671370e-02 -1.819081e-01 1.395242e-01 -1.279013e-01 1.491347e-01 -1.996275e-01 -4.078496e-01 -7.100148e-01 -4.126428e-01 4.548016e-02 -1.186268e-02 -1.882962e-01 -6.648672e-07 
-7.050210e+00 2.504303e+00 7.019632e-01 1.845414e+00 -2.694522e+00 1.266369e+00 3.194826e+00 2.254985e+00 9.201482e+00 4.750762e+00 1.091784e+01 7.062709e+00 -1.512926e-01 3.085038e-01 -3.661497e-01 2.673567e-01 -1.119991e-02 7.210577e-02 -3.075196e-02 -4.584596e-01 -5.225085e-02 7.852298e-01 6.469719e-01 3.307645e-01 6.417745e-01 -2.876015e-06 2.375148e-02 -5.642505e-02 1.193467e-02 -8.926498e-02 1.277434e-01 -9.530850e-02 -2.479782e-01 -3.360373e-01 -5.248444e-01 -8.035751e-02 -1.548186e-02 -2.703746e-01 -6.648672e-07 
