-8.805899e+00 -7.198038e+00 1.613569e+00 3.795676e+00 -7.208881e+00 1.607216e+00 -7.055780e-01 -3.052282e+00 4.092165e+00 1.271740e+01 -4.014722e+00 -6.327006e+00 -9.229968e-02 -1.031714e-01 -1.248418e-01 -8.599702e-01 -9.290534e-01 1.754065e+00 -1.759400e-02 9.782742e-01 6.501219e-01 2.639829e-02 1.546728e+00 1.102820e+00 9.583182e-01 -1.200050e-03 -2.030452e-02 -9.870501e-02 -5.772975e-02 2.429566e-01 1.828598e-01 2.078516e-01 -2.997841e-01 -3.553602e-01 1.252210e-01 -2.508179e-01 -1.468413e-01 -4.140640e-02 -3.018543e-03 
-9.016857e+00 -8.270442e+00 1.437272e+00 1.676117e+00 -5.972494e+00 3.260087e+00 8.213024e-01 -2.915047e-02 3.634994e+00 2.042373e+01 -2.078022e+00 -8.078616e+00 -9.056047e-02 -3.022652e-01 -3.629760e-01 -1.206320e+00 -4.342681e-01 2.739868e+00 -4.478363e-02 -2.542932e-01 -6.479232e-01 -1.868678e-02 1.589415e+00 1.615524e+00 1.338801e+00 -9.494649e-03 1.016727e-01 7.317764e-02 1.294006e-01 3.976316e-01 -2.382570e-01 3.736259e-01 1.619536e-02 -8.485454e-02 1.681021e-01 -7.026147e-01 -4.877078e-01 3.159386e-02 -3.284753e-03 
-9.216762e+00 -7.286592e+00 -2.597967e+00 2.103481e-01 9.433132e-01 6.931415e-01 3.421936e+00 -1.313141e+00 4.452315e+00 1.659770e+01 5.316306e-01 -6.599181e-01 -9.918629e-02 -1.051671e-01 -4.992526e-01 -9.755170e-01 3.829892e-02 2.175507e+00 1.035295e+00 9.564863e-02 -4.775569e-01 6.749531e-01 2.713270e-01 1.124007e-01 5.610868e-01 -1.214647e-02 2.840532e-01 2.762310e-01 1.995931e-01 5.118539e-01 -8.316312e-01 3.087174e-01 5.023987e-01 4.800013e-01 1.388398e-02 -7.432883e-01 -2.232424e-01 -6.516502e-02 -1.992851e-03 
-1.011218e+01 -8.968713e+00 -2.312339e+00 3.417166e+00 2.414299e+00 1.840674e+00 -4.041001e+00 -7.161568e+00 3.818744e+00 1.872404e+01 1.789741e+00 -2.466206e+00 -1.363423e-01 4.061846e-01 4.283154e-01 -1.552601e-01 5.753900e-01 3.521782e-01 1.324127e+00 1.500394e+00 7.897227e-01 5.427442e-01 -1.328665e+00 -8.403499e-01 1.314789e+00 -1.215203e-02 2.798000e-01 3.664537e-01 1.127164e-01 5.110033e-01 -1.006605e+00 -4.481634e-02 9.089116e-01 9.329606e-01 -2.691056e-01 -5.111541e-01 3.160432e-01 1.278418e-01 1.162522e-03 
-8.784250e+00 -9.345389e+00 -1.389400e+00 3.117035e+00 -5.248961e-01 7.493809e+00 2.204046e+00 -1.873890e+00 7.374681e+00 1.492343e+01 -5.386803e+00 -6.327974e+00 -1.301584e-01 9.628490e-01 8.607138e-01 -3.875161e-01 1.125467e+00 -1.210248e+00 8.414885e-01 2.612752e+00 2.331231e+00 -1.848618e-01 -7.107581e-01 1.214723e+00 6.445350e-01 -9.839331e-03 3.803071e-02 2.994132e-01 -5.728385e-02 2.723037e-01 -5.202950e-01 -7.201142e-01 1.096074e-01 5.896334e-01 -3.980053e-01 3.125880e-03 1.009041e+00 2.341169e-01 2.006173e-03 
-7.202063e+00 -5.099836e+00 5.650768e-02 3.099352e+00 -3.477510e+00 6.480204e+00 8.932634e+00 4.199526e+00 4.887436e+00 1.461770e+01 -3.320425e+00 1.329272e+00 -1.358153e-01 5.627832e-01 7.894253e-01 -9.366786e-01 1.577135e+00 -6.002393e-01 -1.720348e-01 3.031784e+00 2.612399e+00 -9.342487e-01 -4.752042e-01 2.644715e+00 1.936278e+00 -4.835886e-03 -3.348855e-01 1.715392e-02 -6.248605e-02 -2.558977e-01 1.323739e-01 -7.546622e-01 -9.697890e-01 1.221134e-02 1.220802e-01 1.804227e-01 4.768214e-01 -4.734606e-02 2.164725e-03 
-5.858010e+00 -4.917642e+00 -5.720290e+00 5.996003e+00 -2.161998e+00 2.580935e+00 9.999335e+00 4.662866e+00 2.994073e+00 1.509724e+01 9.159994e+00 6.649185e-01 -1.486223e-01 6.705801e-03 8.173106e-01 -8.712053e-01 8.988215e-01 5.026504e-02 -1.817145e+00 -1.219418e-01 1.559320e+00 -5.766145e-01 -1.399062e-01 3.415112e+00 1.420915e+00 -5.775422e-03 -5.275673e-01 -1.657518e-02 3.506797e-01 -7.491282e-01 4.096000e-01 -2.474339e-01 -1.618108e+00 -4.544686e-01 6.431914e-01 -5.565972e-02 -8.090543e-01 1.705051e-01 2.008131e-03 
-8.761681e+00 -7.235748e+00 -4.830150e+00 9.862824e+00 2.316505e-01 3.436828e+00 7.220183e+00 2.632360e+00 1.337870e+00 1.626106e+01 7.740392e+00 3.719107e+00 -1.512926e-01 -7.902563e-01 5.357733e-01 -2.258667e-01 -5.909113e-01 3.838121e-01 -1.119827e+00 -1.981296e+00 1.236746e+00 1.348792e+00 -7.118852e-01 4.433810e-01 6.900387e-01 -3.362650e-03 -4.437909e-01 2.347160e-02 4.933684e-01 -8.321603e-01 2.955120e-01 5.003021e-01 -1.091556e+00 -3.803149e-01 6.481910e-01 -3.737788e-01 -1.556414e+00 1.620186e-02 1.491370e-03 
-7.970818e+00 -4.190983e+00 -3.302244e+00 4.229624e+00 -2.128220e+00 -7.017267e-02 2.450445e+00 6.706734e+00 6.266788e+00 1.340236e+01 6.158895e+00 -4.179830e-01 -1.512926e-01 -9.985065e-01 9.047003e-01 1.010378e+00 -1.536147e+00 3.456865e-01 7.825632e-02 -2.971381e+00 7.468131e-01 1.889661e+00 -8.707995e-01 -1.729899e+00 2.120072e+00 -5.329244e-04 -3.988006e-01 -1.808348e-01 3.099168e-01 -1.334525e-01 4.766559e-01 8.724790e-01 2.020120e-01 -4.647702e-01 2.119447e-01 -6.338643e-01 -1.684379e+00 1.194752e-01 1.491370e-03 
-1.009698e+01 -2.784273e+00 -2.281817e+00 1.028063e+00 -1.574807e+00 2.206597e+00 2.800429e+00 9.361348e+00 9.995205e+00 1.190602e+01 3.971207e-01 5.320718e+00 -1.512926e-01 -1.153696e+00 8.630473e-01 5.892569e-01 -1.366315e+00 7.296211e-01 1.381802e+00 -1.001532e+00 1.116923e+00 1.073712e+00 -1.978692e+00 -2.564600e+00 1.667850e+00 7.763591e-07 -2.365936e-01 -3.889528e-01 -1.159572e-01 4.907769e-01 5.419266e-01 4.012885e-01 7.730875e-01 -8.570300e-01 -2.205199e-01 -3.384949e-01 -6.684958e-01 1.229879e-01 7.260155e-04 
-1.018266e+01 -2.619874e+00 -1.942435e+00 2.732312e+00 4.699511e-01 3.587222e+00 -2.647678e+00 5.032245e+00 8.114092e+00 1.292144e+01 4.181922e+00 1.046474e+01 -1.512926e-01 -1.805447e+00 -2.506177e-01 2.708009e-01 6.192176e-01 2.260619e+00 1.294283e+00 3.982354e-01 -7.047119e-01 6.207291e-01 -2.675633e+00 -3.502692e+00 1.529412e+00 7.763591e-07 7.853369e-02 -2.984168e-01 -3.523226e-01 3.421981e-01 1.537945e-01 -2.007658e-01 6.711354e-01 -9.937481e-01 -2.730156e-01 1.203837e-01 2.485975e-01 -6.931639e-02 1.055111e-04 
-1.342395e+01 -3.706261e+00 -2.563801e+00 3.779905e+00 2.580878e+00 8.517294e+00 4.761483e+00 9.054035e+00 5.782668e+00 6.607700e+00 -4.094461e+00 6.617006e+00 -1.512926e-01 -1.569845e+00 -8.314270e-01 -4.359432e-01 7.851943e-01 2.136042e+00 2.786540e-01 1.994655e-01 -2.322671e+00 8.807299e-01 -1.501808e+00 -2.012651e+00 1.600410e+00 7.763591e-07 5.802947e-01 1.140598e-01 -1.833999e-01 -2.224863e-01 -5.318590e-01 -5.763249e-01 -2.146721e-01 -8.862474e-01 -4.660767e-01 8.985095e-01 1.450166e+00 -5.635134e-02 -1.899603e-07 
-1.533501e+01 -4.982893e+00 -1.807593e+00 5.949645e+00 7.096559e+00 3.246182e+00 3.461166e+00 3.336637e+00 1.147697e+01 2.673120e+00 -9.108779e+00 6.581200e+00 -1.512926e-01 -3.978208e-01 2.597197e-01 -2.386515e-01 -9.008495e-01 4.115304e-01 -3.739887e-01 -2.160448e-01 -2.502174e+00 6.208814e-01 -5.071843e-01 -7.629635e-01 1.807178e+00 7.763591e-07 9.240237e-01 5.247090e-01 1.131623e-01 -7.564532e-01 -1.259888e+00 -2.730027e-01 -6.778463e-01 5.839089e-02 -7.318242e-01 1.112908e+00 2.052560e+00 -2.239390e-01 -1.899603e-07 
-1.537002e+01 -5.759550e+00 -4.529033e+00 3.345479e+00 5.791689e+00 3.770183e+00 7.432835e-01 -1.403654e+00 1.271765e+01 9.520679e+00 -3.020396e+00 1.526522e+01 -1.512926e-01 1.043966e+00 1.178070e+00 -7.312787e-02 -1.718762e+00 -1.005194e+00 -6.656594e-01 -1.767712e+00 -2.415661e+00 -1.256851e+00 1.429655e+00 3.316290e+00 1.247200e+00 7.763591e-07 6.567353e-01 4.531260e-01 4.644220e-01 -5.497944e-01 -1.315225e+00 1.211190e-01 -4.769648e-01 1.058578e+00 -4.282593e-01 1.254601e-01 1.260982e+00 -5.024641e-01 -1.899603e-07 
-1.119876e+01 -2.945655e-01 -2.152898e+00 -1.554597e+00 9.220281e-01 4.090731e+00 -1.718943e+00 -2.249734e+00 7.751001e+00 8.929152e+00 -1.699148e-01 1.517667e+01 -1.512926e-01 1.507657e+00 1.368251e+00 6.551178e-01 -1.911116e+00 -2.468185e+00 4.014193e-01 -2.007402e+00 -3.664083e-01 -1.969378e+00 1.423033e+00 4.095670e+00 5.862843e-01 7.763591e-07 1.108034e-01 3.161045e-03 4.290099e-01 2.839291e-01 -4.799373e-01 2.727601e-01 2.559894e-02 1.091037e+00 1.074661e-01 -8.635544e-01 -2.487794e-01 -8.063445e-01 1.462008e-03 
-1.027247e+01 -1.598264e-01 -2.756498e+00 -1.061387e+00 6.420828e-01 4.766955e+00 -1.486650e+00 -2.308649e-01 1.360900e+00 1.062816e+01 8.017466e+00 8.555390e+00 -1.512926e-01 7.610552e-01 8.798485e-01 1.439442e+00 -1.458535e+00 -3.000191e+00 4.965372e-01 -1.289669e+00 1.902481e+00 3.447095e-02 -1.839642e+00 1.862814e+00 -3.012611e-01 7.763591e-07 -5.304248e-02 7.991302e-02 3.955672e-01 9.862759e-01 5.186046e-01 1.936780e-01 4.450177e-01 2.735254e-01 1.182344e-01 -1.673078e+00 -2.171541e+00 -8.262711e-01 1.740330e-02 
-1.034525e+01 -9.411437e-01 5.817539e-01 -1.402619e+00 -2.669601e+00 4.754880e+00 -5.460770e+00 9.182180e-01 7.308041e+00 9.234877e+00 5.850408e+00 1.286764e+01 -1.512926e-01 2.977161e-01 4.246985e-01 1.150236e+00 3.885140e-01 -9.905624e-01 4.087431e-01 -3.270257e-01 7.940021e-01 5.124336e-01 -3.190132e+00 -1.280238e+00 -1.450119e+00 7.305805e-03 4.684237e-01 6.527856e-01 3.030053e-01 1.348460e+00 1.227852e+00 -8.016972e-02 3.386038e-01 -7.783027e-01 -6.746494e-01 -1.291348e+00 -2.532487e+00 -1.144075e+00 4.527510e-02 
-1.199146e+01 -1.037325e+00 1.300608e+00 -4.023513e+00 -7.413403e+00 5.921075e+00 -3.834272e+00 6.524415e+00 1.311161e+01 1.696078e-01 3.283847e+00 1.491344e+01 -1.512926e-01 1.383693e+00 2.049518e+00 1.657170e+00 2.062789e+00 8.490468e-01 2.991606e-01 -3.826375e-01 -1.628252e+00 -1.906472e+00 -4.629096e+00 -4.853407e+00 -1.865879e+00 8.335815e-02 1.227718e+00 9.899200e-01 1.460105e-01 9.479969e-01 9.577659e-01 -4.226707e-01 -2.963297e-01 -1.439825e+00 -1.679375e+00 -3.293449e-01 -1.571526e+00 -1.000629e+00 6.675982e-02 
-8.850578e+00 2.267596e+00 1.569381e+00 1.868718e+00 -2.948369e-03 5.557348e+00 -2.180446e+00 -1.657521e+00 4.438106e+00 -1.792530e+00 -4.204002e+00 4.746848e+00 -1.147514e-01 3.538507e+00 4.047348e+00 2.061245e+00 3.070418e+00 1.746440e+00 9.931226e-02 -7.679135e-01 -2.492574e+00 -4.372138e+00 -3.638840e+00 -5.208660e+00 -4.351836e+00 1.847001e-01 1.356524e+00 6.694413e-01 -5.085543e-02 -3.527291e-01 -2.660805e-01 -5.983101e-01 -7.185792e-01 -4.235194e-01 -1.199350e+00 -2.844723e-01 -9.058989e-02 -2.682629e-01 6.122031e-02 
-4.101253e+00 8.483390e+00 5.035642e+00 7.616617e+00 3.553977e+00 5.861430e+00 -5.040261e+00 -7.083985e+00 -6.736364e+00 -7.003600e+00 -1.122227e+01 3.286527e+00 2.472345e-01 5.279287e+00 4.018062e+00 1.714023e+00 1.940539e+00 4.201859e-01 -1.461940e+00 -2.551014e+00 -3.653447e+00 -5.920109e+00 -3.261982e+00 -4.030685e+00 -3.853666e+00 2.451028e-01 7.061349e-01 -4.520251e-01 -6.041460e-01 -1.507617e+00 -9.851067e-01 -6.119199e-01 -5.096854e-01 7.536152e-01 5.435842e-01 -1.568737e-01 1.174227e+00 2.026304e-01 1.641480e-02 
3.402507e+00 1.453521e+01 9.020771e+00 8.129421e+00 5.786902e-01 5.281443e+00 -8.697457e+00 -4.740132e+00 -4.627891e+00 -5.372607e+00 -1.293989e+01 -3.078301e+00 5.729427e-01 5.132549e+00 2.787722e+00 8.675187e-01 -1.313864e+00 -2.106611e+00 -1.702161e+00 -2.835751e+00 -3.110075e-01 -3.477595e+00 -5.296029e+00 -2.144570e+00 -1.797401e+00 2.325386e-01 -3.688331e-01 -1.552763e+00 -9.862100e-01 -1.748538e+00 -8.219298e-01 -4.024572e-01 -4.051397e-02 1.303907e+00 1.857002e+00 1.647485e-02 1.383140e+00 6.128497e-01 -3.457814e-02 
8.278499e+00 1.291919e+01 6.144900e+00 2.549271e+00 -5.603706e+00 -1.251004e+00 -1.333055e+01 -1.020108e+01 -1.195585e+01 -1.435062e+01 -1.250133e+01 -4.421765e-01 7.303684e-01 4.117476e+00 4.190981e-01 -7.666029e-01 -3.283164e+00 -2.149991e+00 -1.859623e+00 -1.897150e+00 1.048915e+00 3.642317e-01 -4.584859e+00 -5.142554e-01 -2.129711e+00 1.415093e-01 -1.118451e+00 -1.849068e+00 -7.938403e-01 -6.742717e-01 3.598115e-02 1.108915e-01 6.591890e-01 1.470109e+00 2.521178e+00 1.150573e+00 1.231597e+00 2.444634e-01 -6.151821e-02 
1.062207e+01 1.398820e+01 5.352247e+00 -2.166808e+00 -5.957687e+00 6.027586e-01 -1.221404e+01 -1.654073e+00 -1.034032e+01 -2.459963e+01 -1.428701e+01 -2.375722e+00 8.063669e-01 2.275271e+00 -1.917207e+00 -1.629476e+00 -3.060374e+00 -1.078045e+00 -1.714245e+00 -1.297319e+00 1.675789e+00 1.770703e+00 -2.894845e+00 -5.119819e-02 -2.149573e+00 6.360011e-02 -1.200627e+00 -1.606699e+00 -3.999970e-01 6.929461e-01 6.371164e-01 2.372859e-01 8.031693e-01 3.780511e-01 1.667659e+00 2.434017e+00 9.553779e-01 2.801730e-02 -5.828063e-02 
1.287628e+01 1.085277e+01 3.036699e+00 -3.650738e+00 -3.927736e+00 -1.096951e+00 -1.276811e+01 -3.382438e+00 -2.059306e+00 -2.031467e+01 -1.311991e+01 -7.713294e+00 8.380769e-01 1.115808e+00 -2.874877e+00 -1.006704e+00 -5.575333e-01 8.581454e-02 -9.014859e-01 -2.407469e-02 2.703769e+00 4.061664e+00 1.290323e+00 1.080755e+00 -2.455056e+00 2.198257e-02 -9.443033e-01 -7.797613e-01 -2.629364e-02 1.088353e+00 6.142212e-01 3.239379e-01 7.594619e-01 -3.316931e-01 2.534797e-01 2.192419e+00 5.312537e-01 5.883886e-01 -3.572519e-02 
1.247970e+01 5.982666e+00 2.427177e+00 -4.072260e+00 -5.649053e+00 -3.366402e+00 -1.546527e+01 2.298889e-01 -7.230735e-01 -1.686444e+01 -1.288633e+01 -1.019071e+01 8.371107e-01 6.302825e-01 -3.598847e+00 -1.012515e+00 7.879336e-01 -3.907240e-02 -9.947729e-01 2.435421e-01 7.517864e-01 3.012065e+00 3.936501e+00 1.834917e+00 -1.494734e+00 9.013963e-04 -5.209339e-01 2.146728e-01 -5.720954e-02 4.562787e-01 4.863184e-01 3.908999e-01 7.185372e-01 -1.038818e+00 -4.979331e-01 1.060013e+00 8.243207e-02 9.826411e-01 -1.602761e-02 
1.292879e+01 2.547667e+00 2.573863e+00 7.140719e-01 -5.328388e+00 -3.774039e+00 -1.182527e+01 2.375907e+00 3.543854e+00 -1.176673e+01 -7.797106e+00 -8.810227e+00 8.249186e-01 2.183603e-01 -2.638726e+00 -1.206611e+00 2.343057e-01 4.015353e-01 -5.997451e-01 1.129689e+00 -1.475808e-01 1.010806e+00 2.961742e+00 1.199119e+00 4.847531e-01 -5.764303e-03 -2.462316e-01 1.029236e+00 -2.677869e-01 -6.540453e-01 2.269428e-01 4.156231e-01 6.161532e-01 -1.303817e+00 -8.712358e-01 -3.878171e-01 -2.752959e-01 1.348728e+00 -3.271051e-03 
1.374729e+01 1.465144e-01 5.211661e-01 -4.095094e-01 -5.452397e+00 -3.032681e+00 -1.146735e+01 -7.739424e-01 1.919011e+00 -9.191081e+00 -7.774151e+00 -9.301356e+00 8.174698e-01 1.191656e-01 -9.619866e-01 -1.815532e+00 -1.174975e+00 1.195577e+00 8.942512e-02 1.718592e+00 -2.092624e+00 8.064004e-01 1.569409e+00 3.016899e-01 1.293742e+00 -2.662168e-03 -7.649363e-02 1.572608e+00 -1.693540e-01 -1.075727e+00 1.560064e-01 4.930543e-01 8.325315e-01 -6.781286e-01 -4.355664e-01 -8.241341e-01 1.308474e-01 1.370635e+00 5.836858e-03 
1.333413e+01 5.770016e-01 -2.043566e+00 -4.310262e+00 -2.018555e+00 -4.262546e+00 -9.118848e+00 -3.618203e+00 1.674011e+00 -9.342913e+00 -9.680244e+00 -5.734265e+00 8.190510e-01 1.400611e-01 9.527705e-01 -1.944058e+00 -2.846207e+00 6.032916e-01 6.344994e-01 2.319030e+00 -2.393223e+00 8.083805e-01 5.347755e-01 4.709627e-01 2.894080e+00 7.411433e-03 5.734571e-02 1.358486e+00 5.690432e-02 -6.692151e-01 7.401049e-02 3.765250e-01 7.414224e-01 -7.153351e-02 -9.514555e-02 -1.845117e-01 9.292812e-01 1.092620e+00 1.127459e-02 
1.287306e+01 2.158279e+00 -4.341803e+00 -7.434879e+00 -1.325864e+00 -2.674808e+00 -8.225817e+00 -7.236564e+00 4.244065e+00 -1.022917e+01 -1.043656e+01 -5.260072e+00 8.267105e-01 2.869162e-01 2.468498e+00 -1.490587e+00 -3.050431e+00 6.402836e-01 8.534812e-01 3.811564e+00 -1.516062e+00 9.357154e-01 1.029129e+00 2.853390e+00 4.153659e+00 2.350029e-02 4.142547e-02 5.918539e-01 1.632892e-01 -1.282541e-01 1.928716e-01 1.375475e-01 3.212359e-01 3.808041e-01 -3.978131e-01 2.718600e-01 1.373555e+00 7.232124e-01 1.238641e-02 
1.406603e+01 6.305532e+00 -4.714897e+00 -1.000416e+01 -4.375648e+00 -7.800621e-01 -1.850738e+00 -6.359451e+00 6.423099e+00 -8.573447e+00 -4.110973e+00 3.639269e+00 8.573313e-01 4.212106e-01 2.438513e+00 -1.084575e+00 -2.173879e+00 1.049258e+00 9.009029e-01 3.790194e+00 -7.935383e-01 4.703948e-01 2.309319e+00 4.569918e+00 4.517986e+00 3.752661e-02 -1.390430e-01 -4.898268e-01 -8.663909e-02 3.436159e-01 5.958274e-01 -7.441171e-02 -6.367297e-01 1.463985e-01 -7.181073e-01 2.158947e-01 7.763390e-01 -3.837349e-01 7.886285e-03 
1.481544e+01 9.624435e+00 -5.595925e+00 -1.281526e+01 -1.072756e+00 -5.067181e-01 3.956609e+00 -6.983990e+00 4.222505e+00 -4.430698e+00 3.707916e+00 6.779586e+00 9.158148e-01 1.857259e-01 1.254493e+00 -1.428891e+00 -2.152270e+00 1.936965e+00 6.440204e-01 2.589196e+00 -9.884244e-01 -1.013909e+00 2.041644e+00 5.120133e+00 4.097780e+00 4.420343e-02 -3.849875e-01 -1.306687e+00 -4.062396e-01 4.949356e-01 4.651307e-01 -2.560105e-01 -1.592824e+00 -2.517670e-01 -7.090055e-01 -3.003281e-01 -6.475065e-01 -1.624676e+00 -7.596717e-04 
1.446907e+01 9.036329e+00 -6.839570e+00 -1.248980e+01 3.100975e+00 -8.422689e-01 3.741065e+00 -7.711972e+00 4.036795e+00 -6.960412e-01 6.096875e+00 1.083635e+01 9.621412e-01 -5.046459e-01 -8.894146e-01 -2.408085e+00 -1.577134e+00 2.933999e+00 3.671805e-01 -2.533218e-01 -1.925150e+00 -1.807467e+00 1.108163e+00 3.219360e+00 1.003229e+00 3.648700e-02 -4.787531e-01 -1.376025e+00 -3.691183e-01 5.247554e-01 1.550751e-01 -3.664596e-01 -1.652652e+00 -2.392896e-01 -1.619349e-01 -6.233982e-01 -1.636034e+00 -2.443837e+00 -8.526743e-03 
1.360036e+01 7.065240e+00 -1.042427e+01 -1.695306e+01 4.620083e+00 5.760463e-01 1.924588e+00 -1.150231e+01 3.681584e-01 -3.959401e+00 1.006008e+01 1.163087e+01 9.953445e-01 -1.175179e+00 -2.401175e+00 -2.860103e+00 -8.742689e-01 2.023520e+00 -1.596759e-01 -2.130889e+00 -2.209093e+00 -1.470548e+00 1.279096e-01 2.909724e-01 -2.212270e+00 2.022025e-02 -3.930646e-01 -9.230839e-01 1.086662e-01 7.463948e-01 -2.312720e-01 -3.931961e-01 -1.077498e+00 2.628686e-01 5.770429e-01 -3.230778e-01 -2.039658e+00 -2.343757e+00 -1.180935e-02 
1.215037e+01 3.138316e+00 -1.434107e+01 -1.582088e+01 7.448225e+00 5.142054e-01 -2.101545e+00 -1.372591e+01 -6.868135e-01 -3.267568e+00 8.809625e+00 6.229910e+00 9.999999e-01 -1.292099e+00 -2.613758e+00 -2.214668e+00 -1.890568e-01 1.781268e+00 -5.294365e-01 -2.113040e+00 -1.379584e+00 -1.109893e-01 1.491827e-01 -1.195444e+00 -4.546005e+00 6.883292e-03 -1.746295e-01 -2.563860e-01 6.617709e-01 6.489490e-01 -5.412888e-01 -4.115975e-01 -1.686617e-01 7.996171e-01 8.034987e-01 -1.271676e-01 -1.663250e+00 -1.081548e+00 -9.466308e-03 
1.009882e+01 5.681037e-01 -1.614549e+01 -1.552075e+01 6.871214e+00 -1.983215e+00 -3.776530e+00 -1.502283e+01 -7.681536e-01 -2.505660e+00 3.806180e+00 -1.978464e+00 9.979972e-01 -1.385894e+00 -2.498716e+00 -9.822000e-01 8.856326e-01 1.356838e+00 -8.736554e-01 -1.868251e+00 5.297255e-02 1.022992e+00 9.057165e-01 -2.870520e+00 -4.846448e+00 -3.813932e-05 3.810875e-02 1.904985e-01 8.860598e-01 4.686130e-01 -4.050040e-01 -3.462864e-01 4.282736e-01 1.019991e+00 4.779485e-01 -1.757378e-01 -8.629969e-01 4.427074e-01 -5.156054e-03 
9.759353e+00 -7.839481e-01 -1.505218e+01 -1.415152e+01 1.088207e+01 -2.209721e+00 -3.974001e+00 -1.285009e+01 4.050025e+00 -6.774916e-01 3.246394e+00 -5.089266e+00 9.952215e-01 -1.272378e+00 -2.122672e+00 -3.816357e-02 7.876292e-01 5.609413e-01 -1.333774e+00 -1.227865e+00 9.419304e-01 9.631320e-01 8.339106e-02 -3.516247e+00 -3.087513e+00 -7.163840e-04 1.364397e-01 3.726148e-01 7.798607e-01 2.887495e-01 -2.504807e-01 -2.396223e-01 5.584364e-01 8.490825e-01 -7.204031e-03 -3.962778e-01 -2.057513e-01 1.537073e+00 -2.131828e-03 
7.866255e+00 -3.466866e+00 -1.497975e+01 -1.335961e+01 9.687788e+00 -2.430372e+00 -6.480748e+00 -1.167558e+01 3.114613e+00 -7.262702e-01 -1.510986e+00 -6.941521e+00 9.975405e-01 -9.945152e-01 -1.694240e+00 4.819427e-01 9.804909e-01 6.085467e-01 -1.489038e+00 -4.321782e-01 1.730033e+00 3.822048e-01 -7.178022e-01 -2.863743e+00 -7.279884e-01 -1.755988e-03 2.174847e-01 4.398641e-01 6.212310e-01 1.547261e-01 6.124350e-02 -6.857317e-02 4.450177e-01 5.196980e-01 -1.664858e-01 -4.786904e-01 5.616183e-01 1.741639e+00 -8.497134e-04 
6.904967e+00 -5.457446e+00 -1.511459e+01 -1.296342e+01 8.844251e+00 -5.931152e+00 -6.888474e+00 -1.069028e+01 2.188022e+00 -3.740240e+00 -6.113317e+00 -6.726199e+00 9.966445e-01 -8.055170e-01 -1.152867e+00 9.525565e-01 1.207238e+00 9.030408e-01 -1.420011e+00 -3.888833e-02 2.027394e+00 1.735340e-01 -1.020416e+00 -2.227630e+00 1.080155e+00 -2.917900e-03 2.029302e-01 3.829006e-01 4.851936e-01 1.527885e-01 2.499156e-01 2.270181e-01 3.154814e-02 1.580322e-01 -8.226198e-02 -2.132151e-01 1.035137e+00 1.101562e+00 -5.580568e-04 
6.553524e+00 -5.566339e+00 -1.370467e+01 -1.121281e+01 1.093297e+01 -7.567557e+00 -4.480023e+00 -7.452933e+00 2.074341e+00 -4.563294e+00 -5.833021e+00 -4.800395e+00 9.885106e-01 -5.317631e-01 -7.841735e-01 1.628598e+00 1.449406e+00 1.491926e+00 -1.173382e+00 -2.376582e-01 2.108702e+00 5.852399e-01 -9.358868e-01 -7.068545e-01 1.777978e+00 -3.184750e-03 1.349179e-01 2.939309e-01 3.509769e-01 -2.041162e-02 6.062144e-03 4.158647e-01 -1.051396e-01 -3.195710e-01 -5.578979e-02 2.123786e-02 9.949078e-01 3.290237e-01 -7.652963e-05 
6.388626e+00 -5.498546e+00 -1.092674e+01 -9.188832e+00 1.477447e+01 -6.740938e+00 -5.168971e+00 -4.824611e+00 5.437707e+00 -3.861156e+00 -5.730729e+00 -7.595953e-01 9.851375e-01 -4.891504e-01 -6.630647e-01 1.814461e+00 1.317111e+00 1.368894e+00 -3.565947e-01 -1.167275e+00 1.542781e+00 4.501370e-01 -8.736172e-01 5.809742e-01 1.167161e+00 -2.795593e-03 4.825401e-02 1.612075e-01 1.294577e-02 -2.827401e-01 -5.445485e-01 3.758003e-01 3.274758e-02 -6.594791e-01 -4.096710e-01 -6.061075e-02 6.277346e-01 -3.160995e-01 -1.802733e-04 
5.465568e+00 -7.367521e+00 -8.930532e+00 -8.000255e+00 1.418218e+01 -7.892130e+00 -8.528636e+00 -4.064733e+00 4.416056e+00 -5.345126e+00 -5.236587e+00 -1.035401e+00 9.873686e-01 -4.781157e-01 -4.695005e-01 1.805938e+00 8.235435e-01 4.059661e-01 5.866514e-02 -3.936871e-01 3.743899e-01 -3.498442e-02 -6.852586e-01 7.062739e-01 8.733877e-01 -2.200739e-03 2.589542e-02 1.374509e-01 -3.454111e-01 -3.565570e-01 -8.809141e-01 2.248438e-01 5.409726e-01 -5.906094e-01 -6.899686e-01 -1.229059e-01 5.136788e-02 -4.129861e-01 -5.698013e-04 
5.003118e+00 -7.872581e+00 -8.429431e+00 -7.984005e+00 1.406419e+01 -7.551822e+00 -1.070039e+01 -4.670308e+00 3.267983e+00 -7.717416e+00 -3.506081e+00 -2.772496e+00 9.832402e-01 -5.909277e-01 -5.042697e-01 9.287304e-01 1.065767e-01 -1.276813e+00 -1.569294e-01 2.027439e-01 -4.028410e-01 -1.564678e+00 -1.448836e+00 2.046023e-01 -4.824844e-02 -4.313305e-03 2.117397e-02 5.751397e-02 -5.449896e-01 -2.097267e-01 -8.989198e-01 -1.768882e-01 8.796454e-01 -2.070971e-01 -6.992627e-01 -2.706220e-01 -4.060594e-01 -2.273878e-01 -4.993339e-04 
4.855724e+00 -6.726874e+00 -5.923920e+00 -7.697733e+00 1.331782e+01 -6.869011e+00 -3.682642e+00 -5.657760e+00 2.984273e+00 -6.061004e+00 -3.413857e+00 5.734671e-01 9.784442e-01 -3.513343e-01 -1.762956e-01 3.445068e-01 2.718432e-01 -1.589752e+00 -1.490563e-01 1.782096e+00 1.284981e-01 -1.856969e+00 -1.262732e+00 -2.617647e-01 3.205246e-01 -5.275078e-03 8.999666e-03 -6.628122e-02 -4.867250e-01 2.377450e-02 -5.791241e-01 -3.798278e-01 6.039670e-01 3.271204e-01 -4.214649e-01 -3.870024e-01 -2.740366e-01 -1.803177e-01 2.170845e-04 
3.738750e+00 -8.339931e+00 -7.786653e+00 -8.806977e+00 8.822503e+00 -8.037401e+00 -6.578161e+00 -6.041794e+00 -1.669265e+00 -1.074719e+01 -5.619577e+00 -1.805239e+00 9.680265e-01 -4.466552e-01 -5.222377e-01 -1.797642e-01 5.443454e-01 -2.127940e+00 -1.137313e+00 2.143209e+00 6.301128e-01 -2.134943e+00 -1.937977e+00 -9.651767e-01 3.068883e-01 -3.751807e-03 2.035455e-02 -5.918036e-02 -4.732537e-02 1.682419e-01 -3.026352e-01 -2.240797e-01 5.292181e-01 4.465656e-01 5.458578e-02 -8.430047e-02 1.844402e-01 -1.331836e-01 1.293669e-03 
4.341225e+00 -8.015370e+00 -7.529269e+00 -6.229574e+00 8.854430e+00 -8.394542e+00 -1.679273e+00 -2.736348e+00 -2.400347e+00 -1.014329e+01 -5.488692e+00 8.379041e-02 9.686062e-01 -5.051154e-01 -7.917574e-01 -7.341844e-02 7.236125e-01 -2.064157e+00 -1.350252e+00 1.655937e+00 1.493626e+00 -1.857122e+00 -2.375414e+00 -7.909510e-02 -2.058070e-01 -1.394629e-03 1.493074e-02 3.882200e-02 3.144873e-01 1.380913e-01 -4.074100e-01 1.816788e-01 3.617769e-01 1.272162e-01 3.336014e-01 2.665957e-01 7.132311e-01 -3.958696e-01 1.140990e-03 
3.027111e+00 -9.839433e+00 -8.525551e+00 -5.996351e+00 5.656575e+00 -1.247567e+01 -9.859174e-01 -2.980302e+00 -4.714621e+00 -1.536604e+01 -7.294507e+00 -9.933047e-01 9.693968e-01 -4.123772e-01 -4.923688e-01 9.010302e-01 7.218878e-01 -2.552783e+00 -6.766450e-01 2.911939e+00 1.147341e+00 -1.291731e+00 -1.313872e+00 1.035521e+00 -4.509640e-01 2.175923e-04 1.035457e-01 3.745466e-01 4.355126e-01 2.122389e-01 -4.731852e-01 6.695393e-01 4.814806e-01 -3.259651e-01 5.540320e-01 8.819016e-01 9.776266e-01 -5.769333e-01 -2.683575e-04 
2.685801e+00 -9.936038e+00 -5.921642e+00 -5.484981e+00 4.580289e+00 -1.140096e+01 1.801168e+00 2.798865e-01 -4.778811e+00 -1.562917e+01 -2.971264e+00 -8.612081e-01 9.708022e-01 -2.939305e-01 2.800861e-03 1.376487e+00 8.736612e-01 -3.414317e+00 5.290366e-01 3.206634e+00 5.058946e-01 -6.105806e-01 -2.419044e-01 2.303963e+00 -1.279814e+00 -1.555851e-03 1.638709e-01 6.084052e-01 2.403932e-01 2.281649e-01 -3.738044e-01 5.617477e-01 2.808389e-01 -6.589463e-01 5.495452e-01 1.094733e+00 6.687337e-01 -7.288097e-01 -2.272763e-03 
2.504782e+00 -9.841127e+00 -4.085330e+00 -5.569572e+00 -1.804316e+00 -9.917145e+00 6.241640e+00 -1.813117e+00 -6.938735e+00 -1.457322e+01 -1.700669e+00 -3.587333e+00 9.680265e-01 -3.473294e-02 9.531206e-01 1.272853e+00 1.530568e+00 -3.818757e+00 1.270664e+00 3.775380e+00 -5.058935e-01 1.192842e-02 1.404719e+00 2.731401e+00 -2.040631e+00 -5.013787e-03 1.534135e-01 6.421343e-01 -4.524449e-02 1.677220e-01 8.693271e-02 1.815937e-02 -5.250861e-01 -5.865688e-01 4.587193e-01 6.065870e-01 2.679077e-01 -7.686628e-01 -4.200829e-03 
3.132591e+00 -8.000116e+00 -2.867196e+00 -2.074570e+00 -4.487164e+00 -7.028553e+00 1.073985e+01 -7.907519e-01 -4.341240e+00 -1.174887e+01 3.233909e+00 -5.018621e+00 9.615088e-01 1.253873e-01 1.527629e+00 9.426774e-01 1.460058e+00 -3.300146e+00 4.848191e-01 2.628538e+00 -9.745452e-01 2.385723e-01 1.738890e+00 2.416812e+00 -3.055053e+00 -1.014510e-02 1.847467e-01 6.403069e-01 -2.833736e-02 -5.958841e-02 5.310999e-01 -5.276839e-01 -1.316762e+00 -3.808477e-01 2.446984e-01 -2.724395e-01 -3.749952e-01 -3.509710e-01 -4.376997e-03 
2.630068e+00 -6.042162e+00 -3.688548e+00 -4.868259e-02 -8.903823e+00 -8.308550e+00 1.342115e+01 -4.974603e+00 -4.873871e+00 -1.028276e+01 3.260086e+00 -9.117970e+00 9.489653e-01 1.451088e-01 1.956061e+00 8.917322e-01 1.267399e+00 -2.175133e+00 -5.637669e-01 5.755133e-01 -1.045329e+00 5.771672e-01 7.289102e-01 2.318621e+00 -3.406781e+00 -1.648835e-02 3.043047e-01 5.790619e-01 3.603781e-01 -5.185097e-01 8.784475e-01 -3.705667e-01 -1.889277e+00 2.339176e-01 2.176795e-02 -9.914663e-01 -9.193182e-01 5.753596e-01 -2.437187e-03 
3.250045e+00 -4.197339e+00 -1.406711e+00 -9.447757e-01 -8.371232e+00 -9.781021e+00 1.135387e+01 -3.012197e+00 -4.618090e+00 -9.079783e+00 6.632095e+00 -1.337119e+01 9.295880e-01 5.400095e-01 2.702782e+00 1.425398e+00 7.071772e-01 -1.580684e+00 -1.192058e+00 -1.777305e+00 -1.128603e+00 3.302656e-01 -1.266254e+00 6.353496e-01 -2.351746e+00 -1.770586e-02 4.103616e-01 3.373715e-01 6.566802e-01 -8.955804e-01 8.024276e-01 4.549226e-01 -1.751390e+00 8.496154e-01 -3.549961e-01 -8.793475e-01 -1.322453e+00 1.394904e+00 1.207543e-03 
3.171742e+00 -1.962280e+00 -3.571294e-01 2.022235e-01 -1.073758e+01 -1.135961e+01 8.811859e+00 -5.929299e+00 -3.914939e+00 -1.226413e+01 8.193859e+00 -1.644473e+01 9.015321e-01 1.279450e+00 3.260723e+00 2.833365e+00 -6.855667e-01 -2.862702e-01 2.563164e-01 -3.468124e+00 7.407988e-01 7.483427e-02 -2.049978e+00 -9.743181e-01 4.844567e-01 -1.342513e-02 3.461343e-01 -1.365067e-01 6.323042e-01 -1.180404e+00 5.998244e-01 1.103122e+00 -1.047656e+00 1.211636e+00 -6.468311e-01 -1.712254e-01 -1.320144e+00 1.515358e+00 3.769815e-03 
5.561835e+00 3.473892e+00 2.593907e+00 1.335841e+00 -1.147377e+01 -1.146317e+01 4.158048e+00 -5.956453e+00 -3.169158e+00 -1.708978e+01 3.943509e+00 -1.311425e+01 8.966833e-01 1.610021e+00 2.562072e+00 3.255262e+00 -2.041280e+00 -2.325853e-01 2.349369e+00 -4.106446e+00 2.380386e+00 -1.285334e+00 -1.268508e+00 -2.549154e+00 1.973926e+00 -5.641997e-03 1.988631e-02 -7.212314e-01 1.856586e-01 -9.919865e-01 3.640425e-01 1.120355e+00 -5.927315e-02 1.078648e+00 -6.234997e-01 6.277699e-01 -6.375016e-01 8.451349e-01 2.299787e-03 
7.871322e+00 6.426289e+00 8.478214e+00 -4.616607e+00 -8.783978e+00 -6.185834e+00 -3.216540e-01 2.014419e-01 -5.224711e+00 -1.652780e+01 -2.673740e-01 -6.823941e+00 8.982996e-01 1.340845e+00 1.343749e+00 3.138165e+00 -3.260337e+00 1.500097e-01 3.181079e+00 -3.498115e+00 3.258356e+00 -1.849354e+00 -1.262407e-01 -2.689899e+00 2.007128e+00 -3.668416e-03 -3.606779e-01 -9.345183e-01 -4.847556e-01 -1.696048e-01 -6.832791e-02 2.806119e-01 8.587752e-01 1.906243e-01 -2.048801e-01 6.483887e-01 1.304976e-01 -1.198993e-01 -1.848001e-03 
8.950065e+00 4.418761e+00 1.045210e+01 -8.741503e+00 -1.051085e+01 -6.212518e-01 -4.611818e+00 5.824449e+00 -1.038981e+01 -1.329055e+01 -1.882700e+00 -8.311842e+00 9.029902e-01 6.086828e-01 5.518804e-02 2.201199e+00 -2.965414e+00 2.131023e-02 2.947358e+00 -2.058643e+00 3.005872e+00 -1.825288e+00 9.107883e-01 -1.694279e+00 1.112616e+00 -1.108463e-02 -4.853475e-01 -6.223415e-01 -8.082950e-01 6.595348e-01 -2.225408e-01 -5.682315e-01 1.254877e+00 -6.667169e-01 4.756410e-01 1.862512e-01 6.081446e-01 -4.874553e-01 -5.608219e-03 
8.181771e+00 4.283598e+00 1.140511e+01 -1.106083e+01 -1.046920e+01 -8.752019e-01 -4.294452e+00 4.471927e+00 -9.551419e+00 -1.479513e+01 -2.342611e+00 -8.809744e+00 8.800290e-01 -2.322870e-02 -1.583276e-01 9.365756e-01 -1.071595e+00 -7.549053e-01 1.360289e+00 -1.981956e-01 1.381205e+00 -6.795790e-01 1.022692e-01 -7.490938e-01 3.156333e-01 -1.994629e-02 -3.041766e-01 -1.884578e-01 -8.508415e-01 1.114865e+00 -2.706595e-01 -8.010887e-01 1.039266e+00 -9.888193e-01 7.035069e-01 -1.167015e-01 5.616882e-01 -3.710253e-01 -5.181500e-03 
8.449845e+00 4.820859e+00 1.213672e+01 -1.026940e+01 -1.052473e+01 6.184933e-01 -4.148552e+00 6.937757e+00 -1.013207e+01 -1.340253e+01 -3.489972e+00 -6.558296e+00 8.503920e-01 -1.346320e-01 2.014988e-01 3.146757e-01 1.619699e-01 -8.927756e-01 4.186302e-01 5.179587e-01 -1.468817e-02 5.081688e-01 -4.515361e-01 -4.786356e-01 3.823326e-01 -2.554459e-02 -8.793552e-03 1.683605e-01 -6.429395e-01 9.418061e-01 -1.164079e-01 -5.501925e-01 5.511438e-01 -8.935740e-01 6.480628e-01 -2.052559e-01 3.247188e-01 -1.170891e-01 -1.548515e-03 
8.005359e+00 5.433541e+00 1.231893e+01 -9.210816e+00 -1.255144e+01 -4.306646e-03 -1.543952e+00 6.550707e+00 -8.751738e+00 -1.596032e+01 -3.209274e+00 -6.122813e+00 8.248484e-01 1.915954e-01 3.283247e-01 -1.726938e-01 7.503960e-01 -7.462498e-01 4.399608e-01 4.097706e-01 -1.754547e-01 5.014669e-01 -2.860975e-02 -4.893531e-01 5.170652e-01 -2.234794e-02 1.493554e-01 2.432329e-01 -4.108473e-01 4.287746e-01 7.494182e-02 -9.828933e-02 -4.679902e-02 -5.136139e-01 3.154618e-01 7.951563e-03 2.038203e-01 -8.138730e-02 1.972897e-03 
8.365093e+00 4.851790e+00 1.156819e+01 -8.856202e+00 -1.393359e+01 1.036377e+00 -3.397454e+00 4.711571e+00 -8.248997e+00 -1.496551e+01 -3.842758e+00 -7.743778e+00 8.028533e-01 4.573668e-01 6.537319e-01 -4.588976e-01 8.325728e-01 -5.651019e-01 6.566539e-01 3.930142e-01 -6.836619e-01 8.245258e-01 -5.002374e-02 -2.006122e-01 4.266506e-01 -1.762247e-02 1.070575e-01 2.196852e-01 -2.270240e-01 1.370044e-01 1.426961e-01 -1.017925e-01 -1.523494e-01 -1.814320e-01 4.074076e-02 3.621628e-02 3.529844e-01 -1.518967e-01 3.323522e-03 
9.182211e+00 5.910213e+00 1.082611e+01 -8.015070e+00 -1.249592e+01 1.115416e+00 -2.620790e+00 4.708123e+00 -7.985376e+00 -1.415620e+01 -4.613170e+00 -5.632168e+00 7.920491e-01 4.275497e-01 8.317783e-01 -7.307669e-01 7.370043e-01 -5.440813e-01 7.498494e-01 -3.698881e-01 -8.524089e-01 7.395344e-01 -5.861752e-02 1.309986e-01 -1.133173e-01 -1.404222e-02 -1.374912e-02 1.484677e-01 -4.996362e-02 9.069166e-02 1.085861e-01 -4.157047e-01 9.814362e-03 -4.156120e-02 -9.777353e-02 8.547585e-02 4.172117e-01 -1.584112e-01 2.178427e-03 
1.014857e+01 7.851642e+00 1.058877e+01 -6.704623e+00 -1.337786e+01 3.342054e+00 -1.644892e+00 4.440894e+00 -6.392384e+00 -1.455467e+01 -3.790807e+00 -4.670234e+00 7.786800e-01 2.825728e-01 1.048211e+00 -5.415140e-01 8.536749e-01 -2.804998e-01 -2.452728e-01 1.460393e-01 -5.833853e-01 5.927033e-01 -2.552881e-01 9.761017e-01 -6.188474e-02 -1.308045e-02 -1.930470e-01 -9.348379e-02 1.565263e-01 1.987704e-01 2.720347e-01 -8.289526e-01 4.353263e-01 -7.526340e-02 -4.092224e-01 4.529799e-01 5.092149e-01 -5.296638e-02 8.043126e-04 
9.251763e+00 8.092308e+00 9.154702e+00 -6.601871e+00 -1.554940e+01 2.592279e+00 -4.269768e+00 2.423749e+00 -5.982743e+00 -1.645841e+01 -2.580219e+00 -8.226196e+00 7.667338e-01 2.101430e-01 8.735481e-01 -3.812206e-01 1.193237e+00 -3.456224e-01 -1.187755e+00 5.823130e-01 -4.334907e-01 1.284489e-01 5.013866e-01 1.008412e+00 -3.075840e-02 -1.372534e-02 -4.366893e-01 -3.132973e-01 3.205070e-01 1.598772e-01 6.057616e-01 -8.670441e-01 9.285824e-01 -2.280111e-01 -3.623031e-01 8.436095e-01 6.646059e-01 -1.425083e-01 1.268223e-03 
9.743232e+00 9.001585e+00 9.696348e+00 -5.294770e+00 -1.380911e+01 -9.286267e-01 -1.842363e+00 2.937087e+00 -6.286543e+00 -1.509055e+01 2.097646e-02 -6.756199e+00 7.501146e-01 -3.989947e-01 1.655628e-01 1.489585e-01 1.598237e+00 6.960294e-01 -2.519315e+00 2.093668e+00 -1.269592e+00 -9.161233e-01 1.934715e+00 1.906787e+00 1.204267e-01 -1.375870e-02 -6.492714e-01 -4.837702e-01 1.804936e-01 -1.211182e-01 5.110375e-01 -4.155436e-01 5.868870e-01 -7.227096e-01 -4.014025e-01 8.614708e-01 6.257057e-01 -5.587311e-01 3.566243e-03 
1.043552e+01 9.703245e+00 9.366076e+00 -2.753689e+00 -1.400855e+01 -2.687982e+00 3.893328e-01 3.292673e+00 -7.396395e+00 -1.138131e+01 -1.476754e+00 -4.742815e+00 7.376941e-01 -1.415007e+00 -2.934375e-01 5.264956e-01 1.164120e+00 1.996420e+00 -2.448365e+00 3.299158e+00 -1.649302e+00 -3.176800e-01 3.064303e+00 2.988620e+00 -9.171180e-01 -7.359846e-03 -6.999977e-01 -5.010524e-01 -7.798116e-02 -2.903486e-01 3.364906e-01 1.704044e-01 -5.347296e-01 -9.521421e-01 -3.048078e-01 3.683737e-01 2.690271e-01 -6.796318e-01 5.560861e-03 
7.561333e+00 7.873675e+00 1.122790e+01 -6.374755e-01 -1.066864e+01 -6.614695e+00 6.494210e+00 -2.341540e+00 -1.026633e+01 -7.419249e+00 5.191148e+00 -5.809749e+00 7.243953e-01 -2.151278e+00 -7.870904e-01 -9.288611e-02 2.628140e-01 1.103767e+00 -1.692732e+00 1.722113e+00 -3.589025e+00 -1.191203e+00 2.770565e+00 3.114550e+00 -2.412368e+00 1.574082e-03 -3.234526e-01 -2.994088e-01 -1.181495e-01 -1.375167e-01 -1.749277e-02 7.878805e-01 -1.768374e+00 -2.887550e-01 -2.455819e-01 -5.177410e-02 -6.118247e-01 -1.712485e-01 3.889218e-03 
3.268009e+00 7.188963e+00 1.102154e+01 -3.110214e+00 -7.137622e+00 -6.806438e+00 8.058116e+00 -3.183310e+00 -5.580942e+00 -4.972760e+00 9.778175e+00 -1.328506e+01 7.427889e-01 -2.413763e+00 -1.155434e+00 -6.501843e-01 4.093118e-01 1.132928e+00 -7.488761e-01 -1.905406e+00 -4.034430e+00 -1.258069e+00 1.925135e+00 1.749650e+00 -2.162616e+00 6.410745e-03 2.426527e-01 -2.595709e-01 7.663550e-02 2.833148e-01 -1.469478e-01 8.735259e-01 -1.834151e+00 5.347952e-01 -5.445318e-01 -2.103949e-01 -1.302233e+00 4.939928e-01 -3.965938e-03 
2.570649e+00 6.322904e+00 8.404871e+00 -3.802715e+00 -1.172595e+01 -7.332634e+00 2.933546e+00 -1.177040e+01 -1.314999e+01 -4.442378e+00 9.965845e+00 -1.454699e+01 7.554377e-01 -1.516902e+00 -9.004987e-01 1.466340e-01 1.288096e+00 1.040396e+00 5.703246e-01 -4.145787e+00 -1.520689e+00 -1.673735e+00 2.245359e+00 -5.328534e-01 -1.130209e-01 -1.200050e-03 5.939518e-01 -3.581476e-01 2.158314e-01 7.864223e-01 1.394753e-01 6.498896e-01 -6.936309e-01 1.379215e+00 -5.220034e-02 -2.022477e-01 -1.362193e+00 8.660834e-01 -1.448907e-02 
8.617947e-01 4.701374e+00 7.526575e+00 8.751296e-01 -7.815043e+00 -6.073130e+00 -7.357470e+00 -1.216478e+01 -1.224495e+01 -3.244210e+00 4.883870e+00 -1.118700e+01 7.542255e-01 -5.188501e-01 -1.534512e+00 7.898417e-01 2.068065e+00 1.293467e+00 7.877501e-01 -2.937747e+00 -9.483503e-03 -2.799186e+00 2.274944e+00 -1.699007e+00 4.032317e-01 -2.580588e-02 5.662864e-01 -4.434101e-01 -9.585441e-02 7.577839e-01 2.797570e-01 2.859270e-01 7.666105e-01 1.181087e+00 1.659228e-01 -3.320398e-01 -3.910170e-01 6.963242e-01 -2.322702e-02 
1.179614e+00 4.615361e+00 1.370835e+01 3.810014e+00 -5.128031e+00 -4.129350e+00 -6.527030e+00 -5.454322e+00 -1.530305e+01 2.943120e+00 4.973677e+00 -7.423940e+00 7.126951e-01 -1.289973e-01 -2.388341e+00 2.662487e-01 3.365443e+00 1.720782e+00 7.882994e-01 -1.230050e+00 1.294460e+00 -6.817114e-01 1.584484e+00 -1.971987e+00 6.351971e-01 -5.476470e-02 8.399653e-02 -5.531603e-01 -8.099300e-01 4.593504e-01 2.923300e-01 -1.829683e-01 1.233383e+00 8.791917e-02 6.499216e-01 -5.361599e-01 5.134128e-01 5.791917e-01 -2.677779e-02 
1.369384e+00 3.702321e-01 1.231893e+01 3.423857e+00 -3.969381e+00 -4.469658e+00 -1.900547e+00 -6.388760e+00 -1.850031e+01 2.709532e+00 3.779198e+00 -1.483054e+01 6.351154e-01 -2.763220e-01 -2.628459e+00 -1.189274e+00 3.159392e+00 2.191478e+00 5.716978e-01 4.697537e-01 4.633320e-01 -9.246529e-01 5.954954e-01 5.139901e-01 9.451265e-01 -8.293965e-02 -3.460843e-01 -4.118218e-01 -1.094341e+00 -6.677160e-02 9.675049e-02 -2.545207e-01 8.153076e-01 -2.516338e-01 1.000213e+00 -4.097521e-01 7.697623e-01 1.001418e+00 -2.385927e-02 
1.672004e+00 -3.453308e+00 7.340256e+00 1.175012e+01 -5.044741e+00 -4.193020e+00 -5.945193e+00 -8.186088e+00 -1.343076e+01 5.035010e-01 6.580859e-01 -9.549582e+00 5.411624e-01 -1.218144e+00 -3.119312e+00 -2.913470e+00 3.039171e+00 2.052990e+00 -2.365758e-01 3.174889e-01 -1.317475e+00 6.385499e-01 4.044601e-01 9.275579e-01 2.511967e+00 -1.065226e-01 -4.396938e-01 -1.331651e-01 -7.712479e-01 -9.700115e-01 -3.598345e-01 -1.021549e-01 5.683197e-01 1.026611e-01 7.585025e-01 1.935837e-01 7.638853e-01 1.199087e+00 -1.637994e-02 
-7.655321e-01 -4.406227e+00 4.764591e+00 1.270212e+01 3.100512e+00 -3.182709e+00 -5.299884e+00 -8.482194e+00 -1.780450e+01 9.535010e-01 9.611448e+00 -5.398459e+00 4.253024e-01 -1.704726e+00 -3.228286e+00 -3.091972e+00 1.897421e+00 1.611146e+00 2.753896e-02 3.650868e-01 3.828381e-02 1.541927e+00 8.163977e-01 6.999695e-01 4.471889e+00 -1.192257e-01 -2.303113e-01 1.244501e-01 -3.451882e-01 -1.384180e+00 -8.163418e-01 1.815580e-01 4.272181e-01 9.501447e-01 9.506662e-01 6.137942e-01 -1.118030e-02 7.112691e-01 -4.950523e-03 
-3.843773e+00 -8.592884e+00 2.918257e+00 1.436671e+01 1.602226e+00 -5.955668e+00 -3.239653e+00 -1.099457e+01 -1.245810e+01 5.843044e+00 6.695323e+00 4.200802e-01 2.849703e-01 -1.613279e+00 -2.754351e+00 -2.638598e+00 -8.535725e-01 2.117319e-01 5.496348e-01 1.663951e+00 2.020223e+00 1.877475e+00 2.442030e+00 1.754221e+00 4.867045e+00 -1.185141e-01 1.482238e-01 6.350856e-01 -7.454259e-03 -1.344388e+00 -6.949584e-01 4.786391e-01 3.624965e-01 1.320203e+00 4.241709e-01 2.963645e-01 -8.961039e-02 -5.377188e-01 7.794286e-03 
-4.396502e+00 -1.320113e+01 -9.302081e-01 1.160244e+01 7.628526e-01 -3.450198e+00 -1.427144e+00 -4.792716e+00 -1.127720e+01 4.121364e+00 4.260856e+00 2.543787e+00 1.670899e-01 -1.230235e+00 -2.188593e+00 -3.052649e+00 -1.815041e+00 -9.697480e-01 1.086378e+00 1.932661e+00 3.545191e+00 3.209313e+00 2.645744e+00 4.478611e-02 3.324068e+00 -1.016970e-01 3.927635e-01 1.119772e+00 3.681071e-01 -5.867501e-01 -2.476091e-01 3.567948e-01 2.660139e-01 6.931378e-01 2.800801e-01 -1.171402e-01 -1.115092e-01 -1.446103e+00 1.713121e-02 
-4.579363e+00 -1.282784e+01 -3.005682e+00 8.032405e+00 -2.817209e+00 -1.311016e+00 4.382600e-01 7.041373e-02 -7.306725e+00 1.112969e+01 1.210512e+01 1.081458e+01 7.770456e-02 -7.143048e-01 -4.636667e-01 -2.970323e+00 -1.826606e+00 -1.313981e-01 1.627150e+00 1.346187e+00 3.530156e+00 1.925607e+00 9.716491e-01 8.071441e-01 3.974511e-01 -7.631843e-02 4.726769e-01 1.244246e+00 8.668860e-01 4.646906e-01 3.212400e-01 6.510931e-02 -1.652073e-01 -3.889700e-02 2.716193e-01 -7.392773e-01 -4.961036e-01 -1.462325e+00 2.072114e-02 
-6.548922e+00 -1.323206e+01 -7.537013e+00 6.794123e+00 4.616221e-01 -7.310006e-02 2.524497e+00 3.711188e+00 -4.333890e+00 1.153915e+01 7.130668e+00 6.024265e+00 2.046845e-02 -1.903923e-01 1.225324e+00 -1.085543e+00 -5.498229e-01 5.446607e-01 1.272678e+00 1.853979e+00 2.748992e+00 2.918240e+00 9.660138e-01 6.159636e-01 -5.240368e-01 -5.466463e-02 5.073659e-01 1.190989e+00 1.340806e+00 8.312227e-01 5.998632e-01 -1.511986e-01 -4.301388e-01 -4.985168e-01 8.753180e-02 -5.345305e-01 -2.755058e-01 -6.179361e-01 1.867367e-02 
-6.339345e+00 -1.089574e+01 -8.630327e+00 7.637646e+00 1.096011e+00 4.915182e-01 1.515099e+00 2.404354e+00 -6.301733e+00 6.992434e+00 9.296115e+00 6.668540e-01 -2.329310e-02 2.302167e-01 1.759813e+00 7.121648e-01 8.373411e-01 1.060798e+00 7.819826e-01 8.773715e-01 2.223899e+00 3.381123e+00 -4.143434e-01 -1.011672e+00 -5.206277e-01 -3.842011e-02 3.732534e-01 8.450832e-01 1.179575e+00 5.942717e-01 5.133270e-01 3.281613e-02 -4.016882e-01 -6.811925e-01 -7.495489e-02 -6.136280e-02 -3.671592e-01 5.295030e-01 1.393865e-02 
-4.468357e+00 -8.040369e+00 -3.545506e+00 9.051322e+00 1.529579e+00 2.011926e+00 7.304373e+00 7.785562e+00 2.811303e+00 1.101976e+01 8.744785e+00 4.997976e+00 -5.574095e-02 8.343067e-01 2.654595e+00 1.810102e+00 1.009202e+00 1.433501e+00 7.530535e-01 1.635925e-02 1.705745e+00 2.919306e+00 6.660771e-01 -4.233146e-01 6.934478e-01 -2.727911e-02 7.974332e-02 5.083144e-01 3.445857e-01 -2.592530e-01 1.170457e-01 3.167303e-01 -5.397193e-01 -8.817183e-01 -8.230346e-01 -2.293843e-01 -4.381030e-01 5.551776e-01 9.172315e-03 
-4.468357e+00 -6.624337e+00 -1.440877e+00 1.109059e+01 1.952967e+00 1.556352e+00 2.435018e+00 9.153169e+00 6.026198e+00 9.318007e+00 6.239842e+00 8.724745e+00 -7.631292e-02 6.395563e-01 3.047208e+00 1.479830e+00 3.652813e-01 1.990959e+00 2.051107e+00 2.565344e-01 6.458424e-01 1.550152e+00 8.145662e-01 -5.090543e-01 2.436226e+00 -2.031877e-02 -2.123620e-01 2.968026e-01 -2.115289e-01 -7.812635e-01 -3.390347e-01 9.442281e-02 -2.765602e-02 -8.721271e-01 -1.048785e+00 -2.046919e-01 -2.861404e-01 1.505786e-01 4.832698e-03 
-3.312692e+00 -2.094900e+00 -2.081377e+00 1.011373e+01 7.200671e+00 3.159458e+00 2.146303e+00 8.865252e+00 4.098535e+00 1.370671e+01 6.542288e+00 5.462976e+00 -8.943612e-02 3.653655e-03 3.123163e+00 2.536577e-01 -1.610106e+00 6.648077e-01 2.221843e+00 -5.341737e-01 -8.703361e-01 -2.815815e-01 -7.955688e-01 -1.825883e+00 7.734870e-01 -1.786152e-02 -3.947816e-01 -4.988658e-02 -1.686108e-01 -5.402011e-01 -7.301161e-01 -5.228520e-01 3.992952e-01 -4.445666e-01 -7.578477e-01 -4.445973e-01 -3.513472e-01 -4.018732e-01 2.250851e-03 
-3.719409e+00 1.367217e+00 -1.963390e+00 8.932798e+00 8.214952e+00 1.017309e+01 5.376819e+00 5.093880e+00 8.057292e-01 9.721976e+00 7.852349e+00 1.261555e+01 -1.080405e-01 -4.162511e-01 3.009638e+00 4.328377e-01 -1.759444e+00 -2.501025e-01 5.196987e-01 1.014337e+00 -8.485922e-01 -2.623898e-01 -7.069543e-01 -1.741089e+00 1.920173e-01 -1.897340e-02 -3.991908e-01 -5.781699e-01 2.558140e-01 1.095476e-01 -7.189401e-01 -1.305619e+00 1.358991e-01 -3.205887e-02 4.333485e-03 -5.390492e-02 -1.464215e-01 -6.092501e-01 2.021832e-03 
-4.824867e+00 3.579819e+00 -2.015778e+00 2.079479e+00 1.722996e+00 8.812593e+00 3.162754e+00 5.463259e+00 4.013765e+00 6.839914e+00 -1.190418e+00 6.919909e+00 -1.291571e-01 -6.114710e-01 2.423928e+00 1.490387e+00 -6.293619e-01 -1.096593e+00 -1.095475e+00 1.633960e+00 2.300470e-01 3.645104e-02 -7.961323e-01 -1.563936e+00 -1.939494e-01 -1.669961e-02 -1.742393e-01 -8.630920e-01 4.987564e-01 9.099071e-01 6.267930e-02 -9.478576e-01 -1.824313e-01 1.831645e-01 4.793587e-01 4.671435e-01 3.129648e-01 -1.886127e-02 3.666071e-03 
-5.793986e+00 5.586500e+00 6.906298e-01 6.310472e+00 3.441536e+00 1.328383e+00 6.998468e+00 6.611049e+00 4.756606e+00 9.216327e+00 1.400709e+00 8.956518e+00 -1.512926e-01 -1.048749e+00 5.059044e-01 2.140471e+00 4.226021e-01 -7.230654e-01 -2.818401e+00 -1.480478e-01 -6.476868e-02 1.412764e+00 5.453416e-01 -1.372125e+00 -1.262125e-01 -1.078998e-02 6.940296e-02 -8.067550e-01 6.924095e-02 8.700687e-01 4.887632e-01 2.459833e-01 -7.420881e-01 -3.880819e-02 4.707055e-01 4.492823e-01 5.292248e-01 1.946470e-01 6.210727e-03 
-5.332918e+00 7.915198e+00 4.043915e+00 8.278053e+00 4.104614e+00 2.104870e+00 9.505215e+00 9.257043e+00 2.305132e+00 9.978923e+00 1.948414e+00 6.322813e+00 -1.512926e-01 -5.513672e-01 5.973837e-02 1.893590e+00 1.848420e+00 1.214846e+00 -8.485714e-01 -8.650521e-01 -3.463992e-01 1.277661e+00 9.138877e-01 -4.453800e-01 8.382594e-01 -3.618382e-03 1.797912e-01 -4.526517e-01 -5.840061e-01 3.810914e-01 6.058781e-01 1.104692e+00 -4.468349e-01 -6.629390e-02 3.860330e-01 1.123618e-01 4.007701e-01 5.637436e-02 5.664605e-03 
-8.709171e+00 1.729063e+00 5.709396e+00 7.945902e+00 3.409146e+00 -5.648997e-01 1.465290e+00 2.873297e+00 8.724143e+00 1.087961e+01 -5.778742e-01 1.228313e+01 -1.509412e-01 -9.929755e-02 1.579789e-01 5.773439e-01 1.352011e+00 1.038129e+00 1.626234e+00 -1.446548e+00 -7.542142e-01 1.470644e+00 6.843917e-01 3.456630e-01 6.491298e-01 5.543481e-03 2.387897e-01 2.514239e-02 -8.634382e-01 -1.352955e-01 3.397114e-01 1.333160e+00 4.483761e-01 4.879940e-01 -2.908346e-01 -4.157685e-01 2.999514e-01 -5.202830e-01 2.867441e-03 
-6.123781e+00 5.806828e+00 4.942710e+00 1.050419e+01 7.813311e+00 5.516365e+00 1.604137e+00 5.599890e+00 8.417892e+00 1.057869e+01 -2.428391e+00 9.447647e+00 -1.474452e-01 -1.872228e-01 3.345085e-01 -6.480535e-01 8.114706e-01 1.052246e+00 2.205822e+00 4.902210e-02 2.433479e-01 1.937487e+00 -3.037514e-01 -4.189016e-01 -2.997789e-01 3.464272e-03 -2.284083e-02 -1.172404e-01 -6.490707e-01 -5.488020e-01 -1.229272e-01 5.076305e-01 7.019849e-01 6.229804e-01 -5.132523e-01 -1.524867e-01 2.808511e-01 -6.852522e-01 -4.993339e-04 
-5.895319e+00 7.430476e+00 3.128264e+00 1.195753e+01 6.777745e+00 7.753614e+00 3.716381e+00 4.668469e+00 9.053424e+00 1.233885e+01 5.317604e+00 1.063942e+01 -1.255029e-01 -3.684596e-02 4.942369e-01 -9.058790e-01 2.646401e-01 1.056780e+00 2.320257e+00 1.636874e+00 2.080250e+00 -3.712946e-01 -9.247572e-01 1.144496e-01 -2.158466e+00 6.335742e-06 -1.588653e-01 -3.656139e-01 -1.726983e-01 -6.592910e-01 -1.643326e-01 -3.402466e-01 5.500883e-01 5.750247e-01 -6.290761e-01 1.154954e-01 1.796826e-01 -2.971309e-01 -2.912842e-03 
-7.676489e+00 6.736866e+00 2.094627e+00 1.032975e+01 7.681436e+00 8.974697e+00 8.624966e+00 9.576424e+00 1.182781e+01 7.730296e+00 -3.094094e+00 5.646362e+00 -1.466898e-01 -6.968136e-01 -6.945670e-01 -6.100867e-01 -3.518885e-01 5.907205e-01 1.342528e+00 1.103340e+00 1.351249e+00 -3.676391e-01 9.561521e-01 1.074450e+00 -1.184212e+00 -3.345972e-03 -1.332290e-01 -4.612667e-01 1.522531e-01 -5.832530e-01 -3.496286e-01 -7.183425e-01 -4.171341e-02 -4.085075e-02 -5.043428e-01 4.920867e-01 4.374314e-01 3.522713e-01 -1.438899e-03 
-8.117290e+00 3.734896e+00 2.604385e+00 9.356710e+00 8.758647e+00 9.306954e+00 6.139378e+00 1.128669e+01 5.163307e+00 7.680143e+00 3.274495e-01 3.391527e+00 -1.512926e-01 -6.389403e-01 -1.155667e+00 -3.050933e-01 -1.362865e+00 4.470799e-01 3.565610e-01 7.768331e-01 1.566954e+00 -5.220859e-01 6.318429e-01 4.972835e-01 -3.944919e-01 -5.619759e-03 -7.489380e-02 -3.137672e-01 1.654072e-01 -2.204542e-01 -4.290246e-01 -7.573197e-01 -2.767549e-01 -4.998045e-01 1.673971e-01 2.968659e-01 -7.897580e-02 7.614688e-01 2.425310e-04 
-8.496831e+00 4.181908e+00 2.153848e+00 1.004491e+01 9.776630e+00 1.145199e+01 5.909287e+00 9.047139e+00 8.524713e+00 1.768869e+01 5.439226e+00 7.150715e+00 -1.512926e-01 -5.523064e-01 -1.146917e+00 -1.872219e-01 -1.291138e+00 -3.911670e-01 -4.040163e-01 2.703767e-01 2.958572e-01 -5.086823e-01 1.378233e+00 1.576752e+00 5.794661e-01 -9.220811e-04 7.837761e-02 -1.485217e-02 9.878199e-02 1.344997e-01 -3.378706e-01 -5.175772e-01 -1.748508e-01 -3.047847e-01 3.848792e-01 -3.345466e-01 -6.326041e-01 3.572530e-01 1.231032e-03 
-8.679692e+00 2.929851e+00 1.572570e+00 5.285341e+00 7.965546e+00 8.297741e+00 8.958641e+00 1.276722e+01 8.094982e+00 1.051892e+01 3.537160e+00 7.915230e+00 -1.512926e-01 -4.835157e-01 -8.484616e-01 -2.903715e-01 -3.679180e-01 -5.974571e-01 -5.931537e-01 6.696163e-01 1.089517e-01 5.363470e-01 3.485301e-01 -5.314349e-01 7.668170e-01 7.763591e-07 9.016172e-02 3.165911e-01 1.020891e-01 5.639794e-01 -1.287492e-02 2.274968e-02 -2.627455e-01 -4.010513e-01 2.649532e-01 -2.185422e-01 -7.229981e-01 -1.980728e-01 1.215372e-03 
-1.015686e+01 1.404927e+00 1.674157e+00 5.909978e+00 6.122071e+00 7.459413e+00 8.567664e+00 1.031475e+01 7.818131e+00 1.320243e+01 3.184777e+00 6.281684e+00 -1.512926e-01 -3.825601e-01 -9.225504e-01 -1.235888e-01 -1.767810e-01 -5.763335e-01 -7.703898e-01 2.827618e-01 5.563221e-01 1.027713e+00 -5.749483e-01 -1.574023e+00 2.141528e-02 7.763591e-07 5.773592e-02 4.189270e-01 -5.955052e-02 2.437599e-01 2.171638e-01 3.015501e-01 -2.193259e-01 -2.277447e-01 -1.266173e-01 -1.700347e-01 -4.652492e-01 -3.823937e-01 1.838082e-04 
-9.704545e+00 8.812238e-01 1.392173e+00 9.584677e+00 7.598609e+00 8.337626e+00 8.158175e+00 1.119747e+01 8.197882e+00 1.166625e+01 -1.202499e+00 7.660230e+00 -1.512926e-01 -2.729177e-01 3.150238e-01 1.734625e-01 8.998360e-01 4.753134e-01 6.534498e-01 -5.429162e-01 -5.685809e-01 3.447095e-02 5.158973e-01 -1.542501e+00 -1.105655e+00 7.763591e-07 -1.784624e-02 2.848982e-01 -1.084512e-01 -2.204070e-01 6.776281e-02 1.490635e-01 -4.700560e-01 -3.411067e-01 -6.182437e-01 -1.301758e-01 2.972228e-01 -2.096888e-02 -1.899603e-07 
-9.897079e+00 5.931025e-01 1.626324e+00 7.011575e+00 7.078513e+00 7.579801e+00 7.723119e+00 1.261378e+01 1.361141e+01 1.424053e+01 -6.117925e-02 7.384908e+00 -1.512926e-01 -3.688254e-01 3.660108e-01 -7.168199e-01 -7.061616e-01 1.581500e-01 4.805164e-01 -2.199304e-01 -5.041586e-01 -8.908391e-01 4.446113e-01 -2.439548e-01 -3.961224e-01 7.763591e-07 -3.989267e-02 8.111390e-02 -2.206328e-01 -2.819368e-01 -7.015293e-03 -3.986818e-03 -2.226843e-01 -1.587418e-01 -5.397245e-01 -2.406651e-01 3.955227e-01 3.163141e-01 -1.899603e-07 
-1.017436e+01 4.910262e+00 2.464076e+00 9.233886e+00 9.864084e+00 1.150468e+01 6.666116e+00 8.774738e+00 5.370577e+00 1.257862e+01 -2.552430e+00 1.834917e+00 -1.512926e-01 -5.795408e-01 -6.813768e-02 -5.360903e-01 -1.205309e+00 -6.258968e-01 -4.732263e-01 -1.429427e+00 -1.066263e+00 -1.595750e+00 -8.121928e-01 2.895539e-01 8.708680e-01 7.763591e-07 1.321385e-02 -2.744514e-01 -2.123836e-01 -2.192255e-01 -7.830091e-02 -2.640234e-01 1.850760e-01 4.275609e-01 2.682221e-01 -3.813620e-01 1.301478e-01 4.241220e-01 -1.899603e-07 
-1.176622e+01 1.220614e+00 -2.445815e+00 2.554528e+00 5.780121e+00 8.278347e+00 8.213714e+00 9.005331e+00 4.777186e+00 1.496877e+01 2.639891e+00 7.213618e+00 -1.512926e-01 -4.288118e-01 -3.252899e-01 -8.719801e-01 -5.338948e-01 -6.081427e-02 -2.269633e-01 -3.873731e-01 1.145084e-02 -8.558068e-01 -1.114384e+00 -5.123641e-01 6.147426e-01 7.763591e-07 1.403417e-01 -1.123846e-01 8.622240e-02 3.795791e-01 2.655930e-01 3.954052e-02 4.138804e-01 6.183624e-01 7.717065e-01 -1.321186e-01 -3.402229e-01 -1.679274e-01 -1.899603e-07 
-1.166765e+01 2.265952e-01 7.480288e-01 5.786198e+00 5.117970e+00 5.622482e+00 7.657635e-01 7.670481e+00 4.636066e+00 7.241136e+00 -1.105040e+00 1.210071e+01 -1.512926e-01 -1.768925e-01 -7.114848e-01 -8.108652e-01 -2.823933e-01 1.933904e-01 -3.128349e-01 4.662324e-01 1.311462e+00 1.358083e+00 -6.114367e-01 -7.574471e-01 5.093578e-01 7.763591e-07 1.982867e-01 8.388115e-02 1.499121e-01 5.135552e-01 4.541875e-01 2.967585e-01 5.950912e-01 6.317722e-01 8.519563e-01 1.789186e-01 -4.331356e-01 -5.521528e-01 -1.899603e-07 
-1.129456e+01 1.308745e+00 -1.875469e+00 6.066257e+00 9.147332e+00 9.386360e+00 8.736044e+00 1.322323e+01 9.699735e+00 1.133717e+01 -3.346602e+00 5.326040e+00 -1.512926e-01 1.316090e-01 1.257765e-01 -1.482866e-01 7.303084e-01 1.076357e+00 5.980635e-01 9.015347e-01 1.398901e+00 1.490901e+00 -3.165716e-01 -1.421457e+00 -1.054963e+00 7.763591e-07 1.429561e-01 1.739472e-01 2.110008e-01 3.541071e-01 3.157296e-01 2.560900e-01 3.013253e-01 2.862248e-01 4.826276e-01 1.890714e-01 -2.482197e-01 -4.903932e-01 -1.899603e-07 
