-7.163396e+00 1.429832e+00 -3.904821e+00 3.244476e+00 9.894926e-02 5.889981e+00 2.616645e+00 4.627891e+00 2.098199e+00 5.370930e+00 -4.200226e+00 8.109222e-01 -1.512926e-01 4.697297e-01 4.949845e-01 1.316375e+00 6.152475e-01 3.151501e-01 2.469209e-01 -5.607631e-01 -4.880538e-01 -1.865728e-01 -4.889211e-02 -1.077337e+00 -1.017636e+00 -9.664373e-07 -2.528291e-02 -1.384590e-01 -1.110354e-01 8.459294e-02 8.209570e-02 8.084833e-02 -1.809539e-02 8.920513e-02 4.449871e-02 -5.447047e-03 -6.258883e-02 1.621194e-01 -2.381459e-07 
-6.040570e+00 3.145559e+00 1.549172e-01 5.276747e+00 3.004210e+00 8.209738e+00 4.024627e+00 3.774030e+00 1.671087e+00 3.992230e+00 -6.699177e+00 -9.563102e-01 -1.512926e-01 3.790065e-01 4.409226e-01 9.850289e-01 1.336617e+00 1.329950e+00 7.869747e-01 -4.369952e-01 -1.462144e-01 9.107413e-02 -8.542142e-02 -2.043729e+00 -1.968642e+00 -9.664373e-07 -1.027701e-01 -3.697266e-01 -2.596179e-01 -1.679977e-01 -4.112830e-01 -2.448263e-01 1.379090e-01 2.703127e-01 -6.644804e-02 -7.911336e-02 4.086916e-01 8.780921e-01 -2.381459e-07 
-5.375888e+00 3.047453e+00 6.471269e-01 5.304146e+00 2.227800e-01 5.964417e+00 -8.909339e-01 2.614460e+00 1.379111e+00 5.816010e+00 -8.337765e+00 -3.393179e+00 -1.512926e-01 3.887577e-01 -1.702313e-01 9.268939e-01 6.775734e-01 2.183474e-01 3.811674e-01 -7.130722e-01 -2.128208e-01 -1.028021e-01 -5.785427e-02 -9.071710e-01 2.684388e-01 -9.664373e-07 -2.036594e-01 -6.371500e-01 -2.519124e-01 -1.712518e-01 -8.279079e-01 -6.446090e-01 5.812803e-01 2.209093e-01 -1.485822e-01 -2.322531e-02 6.909996e-01 1.275766e+00 -2.381459e-07 
-6.162095e+00 2.825779e+00 -1.255614e+00 8.897231e+00 6.687195e+00 9.787408e+00 2.185611e+00 4.903396e+00 2.913110e+00 4.721742e+00 -1.235044e+01 -6.929877e+00 -1.512926e-01 -3.635606e-03 -1.020960e+00 2.130510e-01 -2.558940e-01 -1.692809e+00 -1.044417e+00 2.049173e-01 7.259991e-01 -5.607408e-01 -4.400507e-01 8.811261e-01 2.729785e+00 -9.664373e-07 -2.194776e-01 -6.649596e-01 -1.003009e-01 -1.593557e-01 -1.012655e+00 -9.544244e-01 5.828874e-01 -1.658929e-01 -2.762707e-01 1.227834e-01 7.775919e-01 9.891614e-01 -2.381459e-07 
-5.158512e+00 7.385985e-01 1.435015e+00 4.822297e+00 -6.507593e-01 7.006515e+00 -2.933318e-02 2.998534e+00 9.630556e-01 4.716790e+00 -5.910995e+00 5.140105e+00 -1.512926e-01 -3.572710e-01 -1.959802e+00 4.428868e-01 5.551729e-01 -2.312952e+00 -2.060542e+00 2.024758e+00 1.804872e-01 -6.035199e-01 1.236823e-02 9.151312e-01 3.012048e+00 -9.664373e-07 -1.954687e-01 -4.935204e-02 -1.639108e-01 1.641748e-02 -6.166277e-02 -5.367780e-01 9.237544e-02 -2.890001e-01 -3.873759e-02 3.407562e-01 1.379970e-01 -3.802400e-01 -2.381459e-07 
-6.167230e+00 -8.048815e-01 8.260322e-01 4.238409e+00 -5.022938e+00 2.466400e+00 4.618641e+00 7.211516e+00 -9.247547e-01 2.341201e+00 -3.507041e+00 8.426192e+00 -1.512926e-01 -3.452980e-01 -1.989210e+00 7.256749e-01 6.009101e-01 -2.467813e+00 -2.764350e+00 1.108636e+00 -1.172421e+00 -1.039890e+00 4.933753e-01 9.330508e-01 1.605420e+00 -9.664373e-07 -2.549959e-02 5.932441e-01 -2.448978e-01 -6.023992e-02 9.286495e-01 2.964516e-01 -8.460314e-01 -2.387371e-01 1.926551e-01 3.756035e-01 -4.361987e-01 -1.432421e+00 -2.381459e-07 
-7.159402e+00 -4.936555e+00 1.821027e+00 1.040986e+01 -5.486884e+00 -6.780475e-01 8.016477e+00 2.363035e+00 2.804135e-01 7.068172e+00 -8.183447e+00 3.988456e+00 -1.512926e-01 -4.176297e-01 6.702203e-02 -1.489404e-01 3.313445e-01 2.976977e-01 -1.442920e+00 -7.032028e-01 -7.087907e-01 -5.704395e-02 1.179151e+00 -2.432971e-01 -1.070441e+00 -9.664373e-07 -2.592179e-01 8.622069e-01 1.210317e-01 -9.673790e-01 1.599881e+00 4.056976e-01 -7.736540e-01 3.702084e-01 -6.964944e-02 -3.037530e-01 5.753797e-03 -9.098001e-01 2.032916e-02 
-6.888395e+00 -4.282392e+00 2.179719e+00 9.107922e+00 -3.233836e+00 -1.924010e-01 3.706138e+00 -6.409901e-01 -1.945237e+00 6.012967e+00 -6.548593e+00 1.672649e+00 -1.512926e-01 -1.009008e-01 9.319021e-01 -7.155306e-01 -4.452416e-01 1.645257e+00 1.288892e-01 -2.661349e+00 -2.318522e-02 1.292059e-01 8.545844e-01 -7.206372e-01 -2.390960e+00 -9.664373e-07 -6.531978e-01 3.807557e-01 6.506889e-01 -1.438686e+00 1.451760e+00 -2.905764e-01 3.200430e-01 6.649666e-01 -5.090280e-01 -9.486879e-01 4.583029e-01 1.865463e-01 4.072015e-02 
-6.886113e+00 2.812673e+00 1.346751e-02 4.044251e+00 -5.681977e-02 1.121568e+00 -3.088600e+00 3.380976e+00 1.187873e+00 8.776968e+00 -5.606923e+00 3.165147e+00 -1.512926e-01 -1.775515e+00 8.905541e-01 1.768724e+00 -3.758707e+00 3.629946e+00 -1.478709e+00 4.153835e-02 1.457018e+00 -1.536318e+00 -1.686925e+00 1.770900e+00 4.611727e-01 1.016501e-01 -7.120932e-01 -4.343077e-01 1.005459e+00 -1.056306e+00 4.736746e-01 -1.113901e+00 1.228749e+00 3.292872e-01 -9.786885e-01 -9.267015e-01 8.612942e-01 1.172480e+00 4.587352e-02 
-6.808519e+00 -1.966131e-02 -1.847852e+00 5.195021e+00 4.889322e-01 2.211322e+00 -3.135766e+00 6.587039e+00 -7.326977e-01 5.759893e+00 -8.398746e+00 -3.117105e+00 -1.512926e-01 -2.932329e+00 -4.971456e-01 3.020427e+00 -4.547498e+00 3.124757e+00 -4.199575e+00 2.336579e+00 1.069490e+00 -2.845429e+00 -2.817065e+00 2.217340e+00 1.772194e+00 1.527811e-01 -5.667831e-01 -3.940813e-01 3.976842e-01 1.242286e-01 -6.857653e-01 -5.260479e-01 9.412628e-01 -5.602477e-02 -2.334455e-01 1.023100e-01 5.822508e-01 1.115984e+00 2.538718e-02 
-1.607755e+01 -2.614969e+00 1.267828e+01 -6.426997e+00 1.080163e+01 -9.273538e+00 1.164501e+01 6.034396e+00 -8.007114e+00 -1.239788e+00 1.596227e+00 8.689312e+00 3.569458e-01 -2.562400e+00 -1.389996e+00 3.010400e+00 -2.898941e+00 1.926358e+00 -4.848020e+00 2.941681e+00 3.911781e-01 -3.463283e+00 -1.618518e+00 2.594217e+00 2.710537e+00 1.529766e-01 1.263978e-01 5.244537e-02 -1.190969e+00 1.652895e+00 -1.929931e+00 1.279489e+00 -6.462792e-01 -2.945021e-01 1.054146e+00 1.322485e+00 -5.022936e-01 -2.430092e-01 -2.460293e-02 
-1.695447e+01 -4.054727e+00 1.094916e+01 -8.393604e+00 6.960631e+00 -1.599271e+01 8.022080e+00 3.380159e+00 -1.157512e+01 -3.064117e+00 9.370582e-01 7.771298e+00 3.584742e-01 -2.541417e+00 1.018472e-01 6.521050e-01 -2.539981e-01 -9.317670e-01 -8.165336e-01 5.947594e-01 2.297539e-01 -7.467989e-02 1.331961e+00 1.778943e+00 2.064334e+00 1.012652e-01 5.118402e-01 7.330788e-01 -2.077893e+00 2.057254e+00 -1.864757e+00 2.592446e+00 -9.726920e-01 -1.743178e-01 1.874543e+00 1.300877e+00 -6.675575e-01 -1.047828e+00 -4.366683e-02 
-1.462551e+01 -2.119947e+00 8.666575e+00 -3.656363e+00 6.339236e+00 -1.401608e+01 6.041100e+00 6.940501e+00 -1.070738e+01 5.096401e+00 2.695948e+00 1.127315e+01 3.587026e-01 -1.338933e+00 8.532968e-01 -3.001833e+00 2.359071e+00 -3.991409e+00 3.227077e+00 -2.318987e+00 4.045269e-01 2.349071e+00 2.851104e+00 -5.212634e-01 -8.999947e-01 4.385179e-03 5.098900e-01 8.364155e-01 -1.742839e+00 1.514784e+00 -1.067703e+00 2.029295e+00 -3.586146e-01 -2.693419e-01 1.379481e+00 9.238068e-02 -6.647745e-01 -1.476352e+00 -4.233577e-02 
-2.024136e+01 2.420787e-01 3.418395e+00 2.539653e+00 -1.938936e+00 5.002127e-01 2.640462e+00 7.282944e+00 2.443772e-01 9.251756e+00 -5.397642e-02 5.912488e+00 3.541701e-01 -9.849274e-01 2.046528e+00 -4.362935e+00 3.109708e+00 -3.240024e+00 4.725116e+00 1.034223e-01 1.913589e-01 3.621003e+00 1.452553e+00 4.373677e-01 -1.661560e+00 8.740781e-03 9.242817e-01 4.476629e-01 -3.771660e-01 5.340282e-01 3.171508e-01 -1.569225e-01 6.119931e-01 -4.961275e-01 -2.772154e-01 -1.095358e+00 -5.707967e-01 -1.079381e+00 -3.175487e-02 
-2.112855e+01 -4.967097e-01 1.434134e+00 -9.870836e-02 -4.705797e+00 -1.384277e+00 2.740865e+00 6.105415e+00 -2.171692e+00 6.857461e+00 -5.144404e-01 5.118663e+00 3.810313e-01 -7.912611e-01 1.819778e+00 -3.196405e+00 2.993113e+00 -2.258035e+00 2.527651e+00 1.394316e+00 -9.361331e-01 1.586435e+00 -1.216923e+00 -5.887981e-02 -2.808339e+00 -1.244467e-02 1.308467e+00 -4.456319e-02 8.903021e-01 -2.810900e-01 1.131064e+00 -1.271197e+00 3.605767e-01 -3.757713e-01 -1.081186e+00 -1.340850e+00 -6.943165e-01 -1.208752e-01 -3.256940e-02 
-1.862730e+01 5.366043e+00 -7.249380e+00 5.375951e+00 -3.717392e+00 1.317188e+00 1.018939e+01 4.754419e+00 2.262409e+00 3.318285e+00 4.729041e+00 2.540630e+00 3.910099e-01 1.806015e+00 1.856925e+00 -1.136558e+00 2.099103e+00 -2.126110e-01 -1.251557e+00 1.798028e+00 -1.580454e+00 -1.079452e+00 -2.110756e+00 -1.306060e+00 -2.378550e+00 -4.909159e-02 1.417374e+00 -6.665673e-01 1.404655e+00 -9.144070e-01 8.868523e-01 -1.077113e+00 -1.259523e+00 1.147665e-01 -8.050259e-01 -5.104726e-01 -1.283765e+00 7.239829e-01 -4.373835e-02 
-1.938897e+01 4.416814e+00 -1.981811e+00 9.891164e+00 -4.061989e+00 -1.786411e+00 9.238129e+00 3.524238e+00 -3.784317e+00 1.978096e+00 9.907770e-03 -1.082286e+00 2.780661e-01 3.807973e+00 7.253834e-01 -1.634741e-01 1.458781e+00 1.500502e-01 -1.404804e-01 -1.363520e+00 -5.885139e-01 -7.067139e-01 -2.071618e+00 -3.121166e+00 -1.146041e+00 -1.295450e-01 1.003372e+00 -8.119775e-01 8.165422e-01 -1.244349e+00 8.163466e-01 2.197494e-01 -1.842531e+00 4.478095e-01 5.690029e-01 5.794861e-01 -8.634872e-01 1.340467e+00 -3.114695e-02 
-1.208090e+01 7.070161e+00 -5.567378e-01 8.040295e+00 -3.324047e+00 -5.556299e+00 8.382132e+00 6.716385e-01 -4.346564e+00 1.137452e+00 -6.846442e+00 -2.879448e+00 1.602033e-01 3.802419e+00 -7.390422e-01 1.143886e+00 -6.951379e-01 -9.813918e-03 6.737635e-01 -4.815150e+00 5.915477e-01 7.422932e-01 -6.726131e-01 -4.450466e+00 1.127257e+00 -1.513963e-01 -2.070397e-01 -7.701434e-01 1.788492e-01 -9.587371e-01 6.393551e-01 1.181386e+00 -1.289998e+00 2.516861e-01 1.235838e+00 1.184656e+00 3.504104e-01 1.146131e+00 -1.388907e-03 
-5.361625e+00 2.278334e+00 -2.729158e+00 5.863469e+00 -4.152201e+00 1.349413e+00 -3.172658e+00 5.204615e+00 -2.400605e+00 -2.409977e+00 -1.033269e+01 2.098822e+00 -1.512926e-01 3.227345e+00 -9.420232e-01 -2.538311e-01 -1.831579e+00 1.722281e+00 2.663797e+00 -4.511732e+00 2.168180e-01 3.520550e+00 9.613363e-01 -2.804115e+00 2.141073e+00 -1.170219e-01 -1.050125e+00 -2.111470e-01 -2.070614e-01 -5.341608e-01 5.915253e-01 3.851808e-01 3.898610e-01 -2.256698e-01 7.889021e-01 1.395820e+00 1.642766e+00 3.372798e-01 3.481980e-02 
-6.628798e+00 2.740030e+00 -1.156026e+00 3.914341e+00 -3.721875e+00 3.117711e+00 -7.681002e+00 6.871931e+00 5.282087e+00 2.149195e+00 -1.235210e+01 6.586591e+00 -1.512926e-01 1.061220e+00 -1.160040e+00 -1.971608e-01 -1.049424e+00 2.197917e+00 3.253225e+00 -3.077999e+00 -7.247542e-01 2.986109e+00 2.296017e+00 2.873788e-01 1.708498e+00 -6.229890e-02 -1.020005e+00 1.939219e-01 -3.707890e-01 1.555957e-01 3.593788e-01 -3.048438e-01 1.627599e+00 -3.415557e-01 -3.332136e-01 8.820003e-01 2.012576e+00 -6.893493e-01 4.198167e-02 
-5.978381e+00 1.871682e+00 -2.951248e+00 2.796167e+00 4.748487e+00 7.195780e+00 -5.288600e+00 1.508358e+00 9.004472e+00 6.278694e+00 -1.125818e+01 4.889941e+00 -1.512926e-01 -7.214088e-02 -1.198177e-01 -5.281694e-01 -1.034731e+00 2.003963e+00 4.955472e-01 -2.826855e-01 -1.058612e+00 2.115990e+00 3.423094e+00 2.723747e+00 2.496973e-01 -9.664373e-07 -6.444870e-01 2.376373e-01 2.527147e-02 3.919160e-01 -5.723851e-01 -1.110718e+00 1.486236e+00 1.226183e-01 -1.360284e+00 8.708502e-02 1.263108e+00 -7.798363e-01 2.963464e-02 
-6.466764e+00 1.472894e+00 -1.431435e+00 4.326748e+00 3.214890e+00 7.786726e+00 -5.949861e+00 -1.104247e+00 4.881593e+00 8.273023e+00 -4.946925e+00 4.267210e+00 -1.512926e-01 3.519747e-01 -1.805130e-01 -5.728973e-01 -3.153762e-01 1.646188e+00 2.336278e-01 1.208397e+00 -4.784206e-01 -2.213680e-01 2.506572e+00 2.848620e+00 -1.373852e+00 -9.664373e-07 -8.274823e-02 1.849257e-01 1.110943e-01 -3.180680e-02 -1.080037e+00 -9.093819e-01 7.443081e-01 2.930084e-01 -1.122804e+00 -9.040058e-01 3.184928e-03 -2.713274e-01 1.246004e-02 
-5.803795e+00 2.312783e+00 -5.232510e+00 4.832901e-01 2.399064e+00 1.493292e+00 -5.452047e+00 3.899333e+00 8.379570e+00 1.164385e+01 -4.169548e-01 4.507100e+00 -1.512926e-01 3.595041e-01 -2.435300e-01 6.027782e-02 -2.389499e-01 -8.638190e-01 -1.380106e+00 7.762767e-01 7.068704e-01 -1.677048e+00 1.291461e+00 2.230886e+00 -2.169417e-01 -9.664373e-07 8.475062e-02 -7.586368e-03 3.364125e-01 3.215438e-02 -9.537840e-01 -7.632919e-02 -2.130264e-01 -1.113313e-01 -8.036614e-01 -1.548941e+00 -9.393759e-01 8.213454e-02 -2.381459e-07 
-4.956540e+00 1.617056e+00 -2.879862e+00 3.493432e+00 5.684222e+00 7.137230e+00 -1.557799e+00 3.284651e+00 4.487650e+00 1.199980e+01 -3.529442e+00 -9.145630e-02 -1.512926e-01 4.315889e-01 -1.735480e-01 6.399575e-02 -1.606329e+00 -1.768436e+00 -3.559468e-01 1.140919e-01 -1.424987e-01 -7.313804e-01 -1.158045e+00 5.496830e-01 5.852721e-01 -9.664373e-07 7.090093e-03 1.468885e-01 2.928900e-01 -3.388727e-02 -3.938316e-01 5.508442e-02 -6.587786e-01 -5.495428e-01 -2.373291e-01 -1.396974e+00 -1.078095e+00 8.265027e-02 1.211619e-03 
-4.936000e+00 5.817043e-01 -1.925407e+00 2.017650e+00 -8.054076e-01 6.200357e-01 -3.603225e+00 2.848333e+00 8.160439e-01 1.087253e+01 -8.118752e-01 5.984410e+00 -1.512926e-01 3.119824e-01 -1.612763e-01 8.355229e-01 -2.286412e-01 -1.057657e+00 4.087764e-01 -8.008300e-01 -1.783163e+00 -1.647377e+00 -2.489209e+00 -8.236399e-01 -3.190071e-01 -9.664373e-07 2.338744e-01 5.917733e-01 5.040726e-01 3.970905e-01 7.629690e-01 4.364138e-01 -3.534363e-01 -2.539822e-01 -2.577456e-02 -1.050156e+00 -1.009003e+00 -5.508526e-01 2.146354e-02 
-4.742587e+00 1.470647e+00 -2.764851e+00 -4.471728e+00 -4.025008e+00 6.443709e+00 -6.303374e+00 -1.290774e+00 5.006491e+00 2.868254e+00 -2.000785e+00 6.454808e+00 -1.512926e-01 4.110990e-01 5.127841e-01 5.039510e-01 -4.900310e-01 -2.261076e-01 -3.851626e-01 -1.296968e+00 -1.981055e+00 -1.422876e+00 -2.588020e+00 -1.014689e+00 -9.096187e-01 6.059001e-03 7.971299e-01 8.945317e-01 5.459478e-01 6.903304e-01 7.765424e-01 -1.987814e-01 -2.433821e-01 3.377122e-01 -3.100166e-01 -4.734031e-01 -4.290273e-01 -5.162519e-01 5.129310e-02 
-4.350624e+00 1.579612e+00 -1.112402e+00 3.322895e+00 1.965376e+00 3.883853e+00 -7.083251e+00 -2.729115e+00 -1.163952e-01 3.763364e+00 -5.299532e+00 -3.608297e-01 -1.512926e-01 1.539153e+00 2.372116e+00 2.360664e+00 1.188386e+00 2.179883e+00 8.164826e-01 -2.854863e-01 3.562235e-01 -1.460293e+00 -3.244299e+00 -2.031876e+00 -2.223806e+00 1.042830e-01 1.308207e+00 7.559627e-01 2.103087e-01 6.117430e-02 1.194531e-03 -7.503178e-01 -4.092074e-01 5.230035e-01 1.267903e-01 -3.329264e-01 1.680742e-01 2.670937e-01 6.961400e-02 
-3.194136e+00 3.681770e+00 -7.664888e-01 3.911719e-01 3.167823e+00 3.579302e+00 -6.302441e+00 -3.831951e+00 -2.160226e+00 2.614080e+00 -6.359014e+00 -1.466913e+00 -1.209880e-01 3.803653e+00 3.032467e+00 2.031232e+00 1.136842e+00 4.953755e-01 -1.553794e+00 -1.360586e+00 4.763627e-01 -2.374979e+00 -3.147417e+00 -9.912664e-01 -1.043595e+00 2.043213e-01 1.226776e+00 4.512526e-02 -1.832010e-01 -1.796803e-01 -5.415220e-01 -8.243669e-01 -7.440721e-01 -1.164895e-01 5.527860e-01 -1.927808e-01 6.285440e-01 9.374947e-01 5.651204e-02 
1.985245e+00 1.133701e+01 8.878531e+00 5.528537e+00 6.497807e+00 6.134166e+00 -5.031288e+00 5.900113e+00 -2.901837e+00 -5.222394e+00 -8.792006e+00 -1.173417e+00 3.549782e-01 5.156725e+00 2.358739e+00 1.123381e+00 -7.362541e-01 -1.412523e+00 -2.758507e+00 -2.814992e+00 -3.969517e-01 -5.373850e-01 -3.874146e+00 4.897236e-03 1.083442e+00 2.489403e-01 3.358906e-01 -9.332724e-01 -9.211181e-01 -7.619991e-01 -6.893740e-01 -5.261069e-01 -6.650283e-01 -1.034292e+00 1.042442e+00 1.501127e-01 9.730400e-01 1.180544e+00 1.312938e-03 
1.110764e+01 1.175452e+01 2.395639e+00 1.096206e-01 -3.814327e+00 -2.450430e+00 -1.413250e+01 -3.223391e+00 -5.475975e+00 -8.375908e+00 -5.211173e+00 1.642719e+00 6.171786e-01 4.736189e+00 7.450624e-01 2.067418e-01 -4.261647e-01 -1.137589e+00 -2.719650e+00 -3.752454e+00 -2.186792e+00 8.796867e-01 -3.237039e+00 1.109708e+00 2.124357e+00 2.162947e-01 -8.827990e-01 -1.191597e+00 -6.973410e-01 -7.016655e-01 2.522467e-01 7.921562e-01 4.534294e-01 -5.417483e-01 1.356231e+00 3.975427e-01 6.827043e-01 6.185866e-01 -4.567732e-02 
1.428214e+01 9.337077e+00 2.923101e+00 -2.177535e-01 -1.606105e+00 -6.893869e+00 -1.724267e+01 -5.018052e+00 -1.145477e+00 -1.011221e+01 -5.849185e+00 3.501082e+00 7.243250e-01 2.752375e+00 -1.150532e+00 -1.332707e+00 -1.840111e+00 -4.505457e-01 -1.230960e+00 -2.414747e+00 -3.483690e+00 2.124570e+00 -2.449049e+00 1.782894e+00 2.094979e+00 1.048572e-01 -1.422696e+00 -7.578635e-01 -3.891759e-01 -4.194681e-01 5.331386e-01 1.361792e+00 1.571113e+00 2.703700e-01 7.329039e-01 7.187807e-01 3.990583e-01 -1.304091e-02 -6.057919e-02 
1.433862e+01 8.407320e+00 3.244778e+00 1.133314e+00 1.532248e+00 -3.505237e+00 -1.895886e+01 -9.307360e+00 1.359864e+00 -1.112616e+01 -2.282456e+00 6.817100e+00 7.758164e-01 5.919282e-01 -1.170874e+00 -2.273549e-01 -1.819493e+00 1.275615e+00 1.643143e+00 7.063906e-01 -6.889739e-01 3.075123e+00 -1.872295e+00 1.533148e+00 1.543623e+00 4.797174e-02 -1.131469e+00 -1.882289e-01 -2.464920e-01 -4.206417e-01 2.664663e-01 9.891292e-01 2.058114e+00 7.351744e-01 1.097862e-01 1.117184e+00 2.550198e-02 -2.390240e-01 -4.411581e-02 
1.413151e+01 7.257761e+00 1.790622e+00 -4.184035e+00 1.572031e+00 5.065669e-01 -1.469196e+01 -8.476355e+00 4.302965e+00 -1.609245e+01 -1.342031e+00 6.713907e+00 7.999371e-01 1.153537e-01 -4.727127e-01 -6.054573e-01 -2.136811e+00 4.649922e-02 1.869127e+00 2.811111e+00 2.059463e-01 2.029360e+00 -9.625787e-01 1.788397e+00 1.308594e+00 3.020724e-02 -4.493389e-01 1.071752e-01 -4.849892e-01 -1.152391e-01 4.999378e-02 -5.180337e-02 1.310471e+00 3.544474e-01 -4.092074e-01 1.549678e+00 -4.451897e-01 -8.702460e-02 -1.400812e-02 
1.414235e+01 6.939853e+00 1.824993e+00 -7.004744e+00 9.747298e-01 2.065175e+00 -1.187599e+01 -4.939277e+00 7.175631e+00 -1.474731e+01 2.015603e-01 7.754769e+00 8.192266e-01 3.973980e-01 -5.350663e-01 -1.389490e+00 -2.381019e+00 -5.391036e-02 6.759547e-01 3.925155e+00 -3.556667e-01 1.476211e+00 1.605704e+00 1.234440e+00 1.322397e+00 3.304174e-02 -5.087703e-03 -1.370926e-02 -9.866942e-01 -1.361505e-01 -5.633041e-02 -9.473497e-01 2.121911e-01 -4.494752e-01 -7.709127e-01 1.477667e+00 -6.743543e-01 -3.476484e-03 7.467426e-04 
1.495652e+01 7.707100e+00 6.061462e-01 -6.832790e+00 -1.095093e+00 -3.335562e-01 -6.728805e+00 -6.172316e+00 6.093722e+00 -1.311443e+01 1.851349e+00 9.575162e+00 8.536596e-01 6.030372e-01 -9.326259e-01 -3.176576e+00 -2.135626e+00 4.640774e-01 -1.006582e+00 2.528099e+00 -1.878118e+00 8.778993e-01 3.560363e+00 -2.938107e-01 1.770421e+00 4.227830e-02 -6.034282e-02 -1.671237e-01 -8.283338e-01 -7.176253e-02 3.247454e-01 -7.624627e-01 -4.839657e-01 -2.402845e-01 -8.783432e-01 7.696568e-01 -6.250641e-01 -1.882950e-01 2.642008e-03 
1.591275e+01 5.507585e+00 -3.110324e+00 -9.447532e+00 2.595736e+00 2.950610e-01 -3.314624e+00 -1.223792e+01 7.845987e+00 -4.586409e+00 2.293145e+00 1.199818e+01 9.141809e-01 3.227211e-01 -1.009462e+00 -3.875322e+00 -2.500813e+00 7.850856e-01 -1.655611e+00 1.908859e+00 -1.894357e+00 -2.037321e-01 3.254628e+00 -7.975365e-01 1.295298e+00 4.567482e-02 -3.150364e-01 -1.327808e-01 -2.369798e-01 8.811374e-02 3.622874e-01 -2.743045e-01 -6.726470e-01 2.796546e-01 -1.146421e+00 -5.126004e-01 -2.121719e-01 -7.827432e-01 -3.236493e-03 
1.626135e+01 3.310316e+00 -1.162507e+01 -1.364151e+01 3.082094e+00 -3.640945e+00 -6.332328e+00 -1.421788e+01 8.357047e+00 -3.371106e+00 -3.856745e+00 1.344422e+01 9.638453e-01 -1.489162e-01 -1.071153e+00 -3.504092e+00 -2.435762e+00 1.250716e+00 -7.773845e-01 1.399517e+00 -2.261696e-01 -1.522376e+00 2.061300e+00 -3.207608e-01 3.806348e-01 3.709801e-02 -4.404114e-01 -7.962446e-02 6.479787e-01 4.832434e-01 4.778220e-01 2.877850e-01 -2.620717e-01 5.638101e-01 -9.620518e-01 -9.703433e-01 4.010920e-01 -1.341934e+00 -1.012620e-02 
1.510372e+01 4.091043e+00 -1.143647e+01 -1.610461e+01 2.812020e+00 -4.559589e+00 -2.529610e+00 -1.038856e+01 5.024919e+00 -3.345799e+00 -9.321766e-01 1.229659e+01 9.924809e-01 -8.017529e-01 -1.129747e+00 -2.410682e+00 -1.790463e+00 1.364273e+00 -8.099601e-01 1.126108e+00 2.165427e-01 -3.055869e+00 -2.077152e-01 1.871980e-01 -1.896462e+00 1.944957e-02 -3.905301e-01 -2.354676e-01 9.687383e-01 9.335856e-01 5.776827e-01 3.423196e-01 -4.221234e-01 1.121875e-01 -2.715473e-01 -5.770938e-01 2.039313e-01 -1.386521e+00 -1.308035e-02 
1.461704e+01 3.059435e+00 -1.275138e+01 -1.568323e+01 5.051060e+00 -1.793219e+00 -1.236656e-01 -8.227788e+00 -1.077956e-01 -3.428323e+00 1.860475e+00 1.132899e+01 9.999999e-01 -1.036893e+00 -1.270596e+00 -6.691128e-01 -7.472214e-02 2.563603e+00 9.396604e-03 1.609176e+00 -1.144250e-01 -2.506295e+00 4.397158e-01 1.219342e+00 -3.343359e+00 4.757818e-03 -2.519372e-01 -3.024089e-01 9.545496e-01 1.101410e+00 5.707884e-01 -1.055715e-01 -7.031812e-01 -2.409149e-01 6.184409e-01 1.352660e-01 -3.496599e-01 -8.623530e-01 -1.108178e-02 
1.272684e+01 -1.591682e-02 -1.460036e+01 -1.737868e+01 8.433153e+00 -4.678504e+00 -7.886626e-01 -1.415094e+01 -3.200774e+00 -5.596502e+00 3.703971e-01 3.573898e+00 9.933593e-01 -1.186000e+00 -2.087052e+00 -4.489662e-01 9.864779e-01 3.017134e+00 -3.373947e-01 -3.065588e-01 -1.389304e+00 -1.069561e+00 1.180058e+00 -5.479312e-01 -3.775301e+00 -3.562419e-03 -3.204353e-02 -1.722888e-01 8.435379e-01 9.840503e-01 3.371876e-01 -2.909891e-01 -8.096642e-01 3.388011e-01 1.255834e+00 5.453008e-01 -5.707967e-01 1.970015e-01 -6.504534e-03 
1.226527e+01 -9.891105e-01 -1.338856e+01 -1.337791e+01 1.308997e+01 -3.534285e+00 8.425414e-01 -1.290893e+01 -6.152178e-02 -4.704174e-02 1.588760e+00 1.089230e+00 9.872106e-01 -1.216488e+00 -2.104520e+00 2.878603e-01 1.682846e+00 3.278338e+00 -1.541523e+00 -1.400064e+00 -6.277345e-01 5.767775e-01 2.043829e+00 -1.701421e+00 -2.991829e+00 -6.806212e-03 5.237762e-02 -3.693522e-02 5.706584e-01 3.890887e-01 -3.402925e-01 -6.161332e-01 -7.794275e-01 8.284792e-01 9.726937e-01 -1.693759e-01 -6.778330e-01 7.173253e-01 -2.755723e-03 
1.034996e+01 -4.320211e+00 -1.336256e+01 -1.232493e+01 1.387835e+01 -5.375657e+00 -4.545616e+00 -1.499460e+01 -3.461266e-01 8.640226e-01 -3.536080e+00 -1.459766e+00 9.810794e-01 -8.721097e-01 -1.574293e+00 1.328431e+00 2.250889e+00 2.692868e+00 -1.489373e+00 -1.417535e+00 2.167119e+00 1.681765e+00 1.716880e+00 -1.206443e+00 -1.087283e+00 -7.288810e-03 1.104063e-01 2.255968e-01 4.788306e-01 -4.396956e-02 -8.099179e-01 -5.197986e-01 1.237932e-02 1.047356e+00 4.589483e-01 -9.419265e-01 -1.291654e-01 8.496801e-01 -4.969009e-04 
9.722935e+00 -5.310630e+00 -1.193044e+01 -9.796164e+00 1.872007e+01 -9.151898e+00 -5.245637e+00 -1.094488e+01 1.348808e+00 3.560355e+00 -4.693047e+00 -1.113110e+00 9.721197e-01 -9.320981e-01 -1.711715e+00 1.295307e+00 1.238507e+00 1.024184e+00 -2.495126e+00 -1.732557e+00 2.249689e+00 9.815701e-01 -6.755627e-01 -1.840404e+00 -1.100706e+00 -7.160525e-03 1.047291e-01 2.498147e-01 2.429373e-01 -3.602546e-01 -1.129375e+00 -1.448364e-01 6.209807e-01 4.565210e-01 -1.292689e-01 -1.376643e+00 2.220740e-01 6.778485e-01 6.215837e-04 
9.637354e+00 -5.726643e+00 -8.687231e+00 -7.915061e+00 1.908260e+01 -9.316201e+00 -4.832349e+00 -4.297248e+00 4.503211e+00 1.184216e+00 -2.520985e+00 -7.615393e-01 9.644426e-01 -7.760789e-01 -1.155507e+00 1.441321e+00 9.888477e-01 9.455155e-02 -2.459629e+00 -7.836177e-02 2.408774e+00 1.022919e+00 -2.169861e+00 -1.124182e+00 -4.726117e-01 -5.871560e-03 5.073080e-02 1.556110e-01 -6.570607e-02 -4.699862e-01 -1.091133e+00 5.726581e-02 8.203759e-01 -3.606408e-01 -5.600404e-01 -1.238672e+00 2.823889e-01 4.211092e-01 1.006994e-03 
7.961102e+00 -8.844682e+00 -9.249946e+00 -9.390371e+00 1.560861e+01 -1.403923e+01 -7.676799e+00 -7.009443e+00 2.422116e+00 -3.584568e+00 -8.120808e+00 -4.763275e+00 9.597169e-01 -7.407771e-01 -1.064851e+00 1.446052e+00 5.126348e-01 -1.069525e+00 -1.780362e+00 1.035282e+00 1.534083e+00 2.598072e-01 -2.896137e+00 -6.320266e-01 9.014093e-02 -4.405439e-03 8.813094e-02 1.798632e-01 -9.286117e-02 -2.596985e-01 -7.693057e-01 3.987997e-01 8.562670e-01 -3.662574e-01 -5.949408e-01 -7.233862e-01 6.095986e-01 5.673887e-01 1.130166e-03 
7.350051e+00 -8.330937e+00 -7.496146e+00 -7.583436e+00 1.590670e+01 -1.523020e+01 -3.721841e+00 -4.918461e+00 4.232121e+00 -6.412388e+00 -7.443386e+00 -1.997619e+00 9.579249e-01 -7.142389e-01 -1.119687e+00 9.245280e-01 2.638049e-01 -1.715846e+00 -1.560367e+00 1.300156e+00 7.218706e-01 -7.575960e-01 -3.366139e+00 -3.986478e-01 4.229298e-01 -3.629616e-03 1.002654e-01 7.413206e-02 -1.526449e-01 -1.803738e-01 -6.586725e-01 4.625315e-01 4.069435e-01 -3.384035e-01 -6.624851e-01 -4.058835e-01 7.353661e-01 2.506373e-01 1.028847e-03 
7.162913e+00 -9.332589e+00 -5.295523e+00 -7.398727e+00 1.496032e+01 -1.509721e+01 -6.242813e-01 -2.964212e+00 2.783707e+00 -7.121544e+00 -5.391210e+00 -4.455049e-02 9.533573e-01 -5.223008e-01 -8.303615e-01 1.089469e+00 3.024328e-01 -1.917131e+00 -9.507802e-01 1.859512e+00 1.261878e+00 -1.102927e+00 -3.694222e+00 8.448635e-01 1.288460e+00 -2.633876e-03 1.091929e-01 9.195345e-02 -1.065184e-01 -1.319362e-01 -6.157981e-01 4.806311e-01 -4.584143e-03 -8.296165e-02 -7.345952e-01 -5.112205e-02 7.680122e-01 -1.678534e-01 8.381286e-04 
6.465140e+00 -1.108089e+01 -6.041549e+00 -7.591466e+00 1.082740e+01 -1.658910e+01 -1.857608e+00 -2.710747e+00 5.347151e-01 -1.387860e+01 -5.878638e+00 -1.006343e+00 9.494748e-01 -3.839324e-01 -9.021124e-01 8.564786e-01 1.919998e-01 -2.775092e+00 -5.617720e-01 1.544224e+00 8.527439e-01 -1.608054e+00 -3.800067e+00 1.814077e+00 1.815692e-01 -1.613700e-03 1.036024e-01 1.845494e-01 5.433964e-02 -1.996849e-01 -5.654907e-01 6.379265e-01 -1.214832e-01 -2.524795e-02 -7.048904e-01 6.183051e-01 7.364365e-01 -6.667041e-01 3.573590e-04 
5.791901e+00 -1.162160e+01 -4.530108e+00 -7.873962e+00 8.562587e+00 -1.811367e+01 6.884339e-01 -1.803826e+00 -1.243758e+00 -1.832335e+01 -4.678528e+00 1.183488e+00 9.507748e-01 -3.598630e-01 -7.138355e-01 9.475116e-01 -1.109802e-01 -3.618858e+00 1.234842e-01 8.903085e-01 1.053802e+00 -2.987947e+00 -2.934821e+00 2.101920e+00 -6.283690e-01 -1.228843e-03 6.282192e-02 2.759140e-01 8.112275e-02 -2.896786e-01 -5.073195e-01 7.636213e-01 -7.809249e-02 -4.368664e-01 -3.849083e-01 1.241348e+00 3.673756e-01 -1.099401e+00 -8.763513e-04 
6.115398e+00 -1.169686e+01 -3.596805e+00 -6.385898e+00 5.230362e+00 -1.653055e+01 3.342818e+00 -1.234857e+00 -1.794949e+00 -1.981208e+01 1.270169e+00 -1.703676e+00 9.511613e-01 -2.772864e-01 -2.551383e-01 1.267254e+00 -5.278295e-01 -3.692507e+00 1.092134e+00 1.177455e+00 6.997143e-01 -3.339593e+00 -6.543484e-01 2.655172e+00 -1.952180e+00 -2.542243e-03 1.029706e-02 5.266790e-01 1.435635e-01 -3.406769e-01 -7.211206e-02 6.649874e-01 1.417183e-01 -7.230278e-01 4.234181e-01 1.541356e+00 -5.643424e-02 -9.332423e-01 -2.570965e-03 
5.538580e+00 -1.259367e+01 -1.779991e+00 -8.556582e+00 -3.352990e-01 -1.450899e+01 1.227343e+00 1.566724e+00 -1.099158e+01 -1.882894e+01 1.543543e+00 -2.837903e+00 9.463828e-01 -2.614870e-01 2.257805e-01 1.289561e+00 -7.861385e-01 -3.994899e+00 2.040332e+00 1.652521e+00 -8.459944e-01 -2.161798e+00 9.395548e-01 2.261363e+00 -3.141634e+00 -6.549641e-03 2.165144e-02 8.246143e-01 8.574602e-02 -1.380176e-01 4.371560e-01 1.883846e-01 3.311734e-01 -1.061573e+00 1.592400e+00 1.162434e+00 -9.994446e-02 -6.217419e-01 -4.339084e-03 
5.205384e+00 -1.187098e+01 -1.080675e+00 -9.889227e+00 -3.186208e+00 -1.293086e+01 3.760309e+00 -8.977200e-01 -1.128969e+01 -1.689733e+01 4.286000e+00 -8.756970e+00 9.389692e-01 -3.817107e-01 1.261470e+00 1.403352e+00 -1.173958e+00 -2.947521e+00 1.804853e+00 1.871782e+00 -1.812613e+00 9.595977e-02 1.969636e+00 1.452156e+00 -3.227998e+00 -1.180324e-02 1.854233e-01 1.030398e+00 1.713032e-01 3.434250e-01 5.874318e-01 -2.793158e-01 -1.918965e-01 -6.848003e-01 1.981658e+00 3.629318e-01 9.393028e-03 4.804954e-02 -5.413862e-03 
4.939511e+00 -1.040576e+01 6.594652e-01 -1.005268e+01 -7.203705e+00 -9.711981e+00 8.742650e+00 -6.202519e+00 -7.306045e+00 -1.508290e+01 5.120228e+00 -1.099817e+01 9.241244e-01 -1.994002e-01 2.650938e+00 1.308151e+00 -4.780635e-01 -1.805435e+00 7.089685e-01 2.199207e+00 -2.997904e+00 3.256249e+00 1.565318e+00 2.203653e+00 -3.099339e+00 -1.829694e-02 4.752201e-01 1.050067e+00 3.795099e-01 7.651207e-01 5.004442e-01 -2.823815e-01 -1.154112e+00 3.084255e-01 1.415116e+00 -3.342503e-01 3.342266e-02 7.245923e-01 -4.933093e-03 
4.506470e+00 -6.483779e+00 2.199989e+00 -1.150720e+01 -6.072978e+00 -9.905332e+00 8.943923e+00 -6.413536e+00 -3.157776e+00 -1.183696e+01 6.742638e+00 -1.376383e+01 9.032713e-01 6.187132e-01 3.684195e+00 2.114491e+00 1.035296e+00 -1.850113e+00 3.613007e-01 -5.528867e-02 -1.648161e+00 3.859684e+00 8.474374e-01 2.730802e+00 -1.733233e+00 -2.373991e-02 5.916243e-01 5.774409e-01 3.296636e-01 7.698684e-01 -2.643683e-02 1.124489e-01 -1.720691e+00 9.193196e-01 4.297674e-02 -8.907194e-01 -3.522823e-01 9.952564e-01 -2.972268e-03 
4.891015e+00 -2.032701e+00 3.120514e+00 -1.013771e+01 -7.919234e+00 -1.247699e+01 9.631336e+00 -1.066529e+01 1.223909e+00 -1.353255e+01 1.133359e+01 -1.583126e+01 8.727735e-01 1.614447e+00 4.264725e+00 2.831602e+00 1.934875e+00 -2.041392e+00 1.350109e+00 -3.154553e+00 6.138416e-01 3.031748e+00 -1.706187e-01 1.789102e+00 -2.659483e-01 -2.525490e-02 3.998131e-01 -1.734861e-01 1.114663e-01 2.317730e-01 -1.701953e-01 6.951731e-01 -1.496000e+00 1.235799e+00 -1.109264e+00 -8.419710e-01 -9.746979e-01 9.924433e-01 -2.962491e-04 
8.323396e+00 2.363334e+00 8.261175e+00 -4.670136e+00 -1.207905e+01 -9.741937e+00 3.039273e+00 -6.907404e+00 3.743993e+00 -1.343573e+01 1.483353e+01 -1.500616e+01 8.459473e-01 1.669498e+00 3.341803e+00 2.289910e+00 1.469089e+00 -2.961716e+00 2.046467e+00 -4.054805e+00 9.779749e-01 4.230588e-01 -1.616136e+00 -1.020563e-01 3.316282e-01 -2.319012e-02 -1.050236e-01 -8.203580e-01 -4.231862e-01 -4.990061e-01 2.748689e-01 7.547190e-01 -3.089146e-01 6.657690e-01 -1.140805e+00 -5.004960e-01 -1.187968e+00 6.146014e-01 1.310952e-03 
1.110365e+01 6.494258e+00 1.178728e+01 -3.797139e+00 -1.440774e+01 -3.043191e+00 -4.078156e+00 -2.886254e+00 4.402064e+00 -1.513682e+01 1.002023e+01 -1.170668e+01 8.265173e-01 1.274266e+00 1.954656e+00 1.777737e+00 4.640537e-01 -2.100730e+00 3.342187e+00 -3.281122e+00 1.867941e+00 -5.718228e-01 -1.412729e+00 -1.253571e+00 8.304316e-01 -2.005017e-02 -5.241391e-01 -1.148190e+00 -7.537237e-01 -6.828879e-01 7.197715e-01 1.629745e-01 7.794254e-01 7.567938e-02 -5.121769e-01 2.845459e-02 -8.452911e-01 3.003348e-01 1.112286e-03 
9.747468e+00 5.961792e+00 9.316099e+00 -7.332591e+00 -1.763743e+01 -4.389839e+00 -4.475567e+00 -5.413146e+00 -2.631155e+00 -1.911557e+01 6.889073e+00 -1.416767e+01 8.104427e-01 2.635967e-01 7.373235e-01 5.253573e-01 -7.244051e-01 -4.460081e-01 3.138699e+00 -1.536502e+00 1.053664e+00 -4.262538e-02 -1.033936e+00 -1.687734e+00 7.915556e-01 -1.978749e-02 -4.881691e-01 -8.312698e-01 -6.337842e-01 -3.310747e-01 9.673765e-01 -4.112010e-01 9.906652e-01 -1.049123e-01 4.809383e-01 4.673791e-01 -2.414998e-01 2.241945e-01 -4.015416e-04 
1.055022e+01 5.941571e+00 1.148191e+01 -6.486047e+00 -1.564325e+01 1.557742e+00 -3.016683e+00 -2.072800e+00 1.552740e+00 -1.775668e+01 9.038321e+00 -1.209845e+01 7.902572e-01 -3.032073e-01 -1.739902e-01 -5.464008e-02 -3.829157e-01 2.994429e-01 1.618894e+00 -5.166174e-01 9.545801e-01 7.038040e-01 -3.194586e-01 -1.644558e+00 1.005690e+00 -2.139412e-02 -2.344723e-01 -2.942679e-01 -5.023132e-01 1.263091e-01 5.442342e-01 -1.049639e+00 5.786614e-01 -2.904329e-01 8.095275e-01 5.102644e-01 -5.359778e-02 8.701053e-02 -2.175621e-03 
9.918060e+00 6.326505e+00 1.104082e+01 -6.947583e+00 -1.369109e+01 3.650561e+00 -5.174187e+00 -2.045862e+00 4.955713e+00 -1.729565e+01 6.885755e+00 -1.085254e+01 7.651352e-01 1.747143e-02 2.497712e-01 3.729424e-02 2.370261e-01 6.751354e-01 8.519798e-01 -4.836749e-01 9.101300e-01 2.189990e+00 1.740274e-01 -1.114023e+00 1.364945e+00 -2.452795e-02 1.042091e-01 2.387661e-01 -2.667388e-01 5.693963e-01 1.614349e-01 -1.002061e+00 2.873065e-01 -1.027345e-01 3.829545e-01 6.396296e-01 5.434824e-02 4.242340e-02 -2.592818e-03 
9.502706e+00 5.441681e+00 1.065172e+01 -5.904049e+00 -1.488345e+01 1.030339e+00 -6.311780e+00 2.030758e-01 4.127288e+00 -1.764445e+01 1.799495e+00 -8.336158e+00 7.422091e-01 2.249622e-01 7.271523e-01 -4.897508e-01 6.148920e-01 5.999576e-02 -7.624844e-01 -9.141950e-01 4.875097e-01 2.359557e+00 5.346693e-01 -1.808374e+00 9.787177e-01 -2.856589e-02 2.674176e-01 4.908994e-01 -1.607223e-01 4.103735e-01 1.285250e-01 -4.281215e-01 3.094482e-01 1.187211e-01 -3.433951e-01 6.430812e-01 1.881970e-01 -1.588516e-01 -2.429912e-03 
1.035909e+01 7.460338e+00 9.917590e+00 -6.438335e+00 -1.464196e+01 1.334814e-01 -5.246571e+00 -2.000557e+00 7.031075e+00 -1.830134e+01 4.938117e+00 -9.223795e+00 7.118343e-01 5.205840e-01 1.480702e+00 -5.908109e-01 1.623601e+00 4.808318e-01 -6.809723e-01 9.875432e-02 7.736144e-01 1.044249e+00 1.737074e+00 -1.333997e+00 1.017214e+00 -2.916456e-02 1.510568e-01 2.481728e-01 -1.442492e-02 1.333507e-01 1.937523e-01 7.324297e-02 2.647480e-01 2.205081e-01 -1.223202e+00 6.807655e-01 1.610098e-01 -2.118310e-01 3.735156e-06 
1.145453e+01 9.010183e+00 9.594592e+00 -3.666284e+00 -1.486833e+01 -4.964974e-01 -7.551645e+00 3.418487e-01 1.231244e+01 -1.458061e+01 9.698300e-01 -8.018985e+00 6.740985e-01 7.823853e-01 1.664999e+00 -5.440551e-01 9.756953e-01 1.039193e+00 2.445837e-01 7.395998e-01 1.616516e+00 -4.401490e-01 2.114505e+00 -5.935064e-01 3.853201e-01 -3.122935e-02 -8.972555e-02 -1.065447e-01 3.789785e-01 -2.271044e-01 2.163206e-01 2.112597e-01 2.234405e-01 -1.955234e-01 -1.457691e+00 5.932454e-01 3.082381e-01 -4.778230e-02 3.061191e-03 
1.154525e+01 1.194549e+01 8.615020e+00 5.151528e-02 -1.129460e+01 1.009007e+00 -4.060410e+00 1.753251e+00 6.084304e+00 -1.014247e+01 6.304970e-01 -5.925199e+00 6.533684e-01 4.939225e-01 1.021784e+00 -7.658937e-03 7.233107e-01 1.154379e+00 7.146657e-01 1.313042e-02 1.448073e+00 -2.526195e+00 2.787802e+00 -9.166246e-01 6.024940e-01 -2.317790e-02 -5.016471e-01 -5.861829e-01 4.705938e-01 -4.632113e-01 1.335881e-01 -4.519399e-01 1.458252e-01 -9.355426e-01 -9.199088e-01 3.645867e-01 1.116661e-01 -4.834491e-02 6.196126e-03 
1.282155e+01 1.152424e+01 8.582411e+00 -4.270485e+00 -1.136128e+01 1.815543e+00 -3.207216e+00 6.409082e+00 2.400003e+00 -1.115146e+01 9.860084e-01 -8.058297e+00 6.152988e-01 -2.102623e-01 4.238970e-01 1.113579e+00 -7.045649e-02 8.047487e-01 -4.040067e-01 2.458620e-01 -8.275537e-01 -3.143691e+00 2.975440e+00 -4.759704e-01 9.470597e-01 -1.625658e-02 -8.166662e-01 -9.496914e-01 1.864484e-01 -1.888024e-01 3.658206e-02 -1.073516e+00 1.764785e-01 -1.775687e+00 -6.145166e-01 -5.730743e-03 1.334480e-01 -2.436187e-01 8.601961e-03 
1.214489e+01 1.131192e+01 1.038512e+01 -2.519765e+00 -1.062334e+01 2.551275e+00 -7.353640e+00 2.206712e+00 -6.434260e-01 -6.076791e+00 3.471665e-01 -6.191445e+00 6.253125e-01 -1.491249e+00 -8.295876e-01 9.333158e-01 -1.692775e-01 1.265958e+00 -2.616372e+00 1.074760e+00 -2.681936e+00 -2.203624e+00 3.129612e+00 -8.345046e-01 4.944769e-01 -5.669968e-03 -7.553872e-01 -1.027681e+00 -1.901093e-01 1.802413e-01 8.688945e-02 -7.753152e-01 2.193931e-01 -1.507006e+00 -3.376745e-01 -5.790324e-01 5.602013e-01 -8.084359e-01 6.891455e-03 
1.010292e+01 1.144598e+01 1.427741e+01 -2.732818e+00 -1.117974e+01 -3.287376e+00 -4.675439e+00 -4.022968e+00 -4.227512e-02 -1.736032e+00 -1.268191e+00 -3.150162e+00 6.068487e-01 -2.308375e+00 -2.157698e+00 -8.224291e-02 4.779171e-01 1.166479e+00 -3.457348e+00 1.091165e+00 -5.196878e+00 -3.673961e+00 1.914842e+00 3.283497e-02 -7.786812e-01 3.029017e-03 -3.194135e-01 -8.686913e-01 -4.197320e-01 6.996658e-01 -3.381597e-02 4.259196e-01 -1.275544e-01 -3.974354e-01 -1.338873e-01 -8.361552e-01 7.135307e-01 -1.061237e+00 2.208918e-03 
5.447864e+00 7.836285e+00 1.043404e+01 -1.563625e+00 -5.055437e+00 -9.520899e+00 2.047848e+00 -6.440882e+00 -3.712653e+00 7.980034e-01 -2.414788e+00 -5.906437e+00 6.292477e-01 -2.233945e+00 -2.825898e+00 -3.604118e-01 1.350480e+00 1.408021e+00 -1.635306e+00 6.873186e-01 -3.902182e+00 -3.949463e+00 4.230394e-01 1.629942e+00 -2.576856e+00 1.636202e-03 2.453155e-01 -3.898740e-01 -2.207186e-01 8.964038e-01 -3.808508e-01 1.453587e+00 -5.566407e-01 5.694267e-01 3.322045e-01 -4.926944e-01 4.096014e-01 -6.540453e-01 -7.523686e-03 
4.627995e+00 2.473422e+00 8.147046e+00 -2.358676e+00 -8.313139e+00 -9.435117e+00 -2.452089e+00 -1.525174e+01 -1.443550e+01 -5.014433e+00 2.531259e+00 -1.209443e+01 6.284747e-01 -1.435828e+00 -2.921530e+00 -3.382169e-01 2.668094e+00 5.647197e-01 1.234999e+00 -1.982619e-01 -2.204682e+00 -2.940163e+00 1.480485e-01 1.859370e+00 -2.823535e+00 -8.858781e-03 4.282858e-01 6.684615e-02 -4.816951e-02 6.992391e-01 -1.912555e-01 1.586887e+00 -2.486795e-01 1.776887e+00 1.177163e+00 2.840730e-02 -5.817680e-01 4.245787e-01 -1.876614e-02 
3.712275e+00 1.668730e+00 1.164848e+01 4.045669e+00 -5.016775e+00 -2.551191e+00 -5.028485e+00 -1.169017e+01 -1.319429e+01 -2.322502e+00 6.597446e+00 -1.460322e+01 6.226949e-01 -7.009082e-01 -2.397162e+00 -4.235964e-02 3.217652e+00 -3.374540e-01 2.305319e+00 -1.063703e+00 -1.331093e+00 -9.095272e-01 1.549549e+00 3.002188e-01 -1.753368e+00 -3.733819e-02 1.949575e-01 5.743947e-02 -4.044273e-01 -2.817931e-02 5.284848e-02 8.239337e-01 3.937894e-01 1.980231e+00 1.229225e+00 1.795698e-01 -1.195835e+00 1.230757e+00 -2.822260e-02 
3.791010e+00 -7.770094e-02 1.197941e+01 7.803149e+00 -8.375335e+00 -5.972577e-01 -2.128464e+00 -1.242159e+01 -1.000181e+01 5.641856e-01 3.522294e+00 -1.291953e+01 5.658277e-01 -9.334558e-01 -2.037966e+00 -4.822022e-01 3.040509e+00 1.082940e+00 2.506762e+00 7.231952e-01 2.402030e+00 6.918878e-01 1.493734e+00 -2.211214e+00 9.323704e-01 -7.130943e-02 -1.162913e-01 -6.166625e-02 -8.166428e-01 -5.510713e-01 4.393105e-01 1.704030e-01 8.035910e-01 1.707940e+00 5.896283e-01 7.219100e-02 -4.710925e-01 1.596174e+00 -3.039401e-02 
2.361802e+00 -2.873714e+00 8.306562e+00 9.443327e+00 -6.711744e+00 -2.413213e+00 -3.432306e+00 -1.451134e+01 -1.047724e+01 5.756592e+00 -1.409234e+00 -1.426103e+01 4.738775e-01 -1.510381e+00 -2.980456e+00 -2.310411e+00 1.023328e+00 1.413140e+00 1.848384e+00 2.195740e+00 3.695626e+00 3.807564e-01 6.481144e-01 -2.313793e+00 1.699000e+00 -1.082496e-01 -2.022726e-01 -8.680964e-03 -9.029438e-01 -8.006212e-01 3.119262e-01 -2.155840e-01 6.725854e-01 8.882562e-01 -9.730740e-02 -1.577916e-01 1.046895e+00 1.505219e+00 -1.965219e-02 
6.359128e-01 -5.444683e+00 7.407189e+00 1.014484e+01 -2.051000e+00 3.029206e+00 3.652753e-01 -1.831172e+00 -1.233475e+01 -1.584738e+00 -4.521307e+00 -7.603981e+00 3.463348e-01 -1.612707e+00 -2.938223e+00 -3.287213e+00 1.010058e+00 1.885868e+00 2.315398e+00 2.190005e+00 3.821682e+00 -6.371235e-01 9.597480e-01 8.109996e-01 3.431200e+00 -1.253665e-01 1.138049e-02 2.525854e-01 -4.797283e-01 -6.555750e-01 -3.005959e-01 -4.524115e-01 6.541246e-02 -4.631729e-01 -1.268022e-01 2.533307e-01 2.035267e+00 7.305467e-01 -5.942468e-04 
-2.261870e+00 -1.054992e+01 2.382420e+00 7.991638e+00 -1.113584e+00 4.877386e+00 4.703166e+00 1.492440e+00 -1.012384e+01 1.992950e+00 -9.500144e-01 -8.766351e+00 1.911930e-01 -1.372630e+00 -1.990537e+00 -3.154494e+00 2.296797e-01 8.206885e-01 1.323084e+00 1.565964e+00 2.400379e+00 -7.317379e-01 1.027475e+00 4.023698e+00 4.523401e+00 -1.085733e-01 3.144819e-01 8.164049e-01 4.695309e-01 -1.469796e-01 -5.273562e-01 -6.256841e-01 -3.571861e-01 -8.299729e-01 2.668121e-01 2.961687e-01 1.337070e+00 1.926248e-02 1.909347e-02 
-1.960624e+00 -1.093111e+01 -1.494889e+00 1.357967e+01 -1.745065e+00 7.334212e+00 4.753602e+00 -1.315263e+00 -1.336424e+01 7.244774e+00 7.347463e+00 1.489046e+00 8.033974e-02 -9.454288e-01 -1.270043e+00 -2.458903e+00 1.592964e-01 -1.238364e-01 5.072336e-01 1.365108e+00 7.338432e-01 6.140751e-01 2.570668e+00 4.796360e+00 3.172997e+00 -7.411950e-02 4.023700e-01 8.406571e-01 7.543140e-01 -3.651091e-01 -4.305118e-01 -6.551033e-01 -2.414179e-01 -4.196727e-01 6.924403e-01 3.890404e-02 -3.047047e-01 -1.171509e+00 2.644606e-02 
-3.203264e+00 -1.008299e+01 -3.015142e+00 8.874556e+00 -2.760925e+00 2.049743e+00 2.203824e+00 -2.767481e+00 -1.362100e+01 6.478952e+00 1.277513e+01 3.809767e+00 6.400163e-02 -2.716085e-01 2.674602e-01 -3.769735e-01 7.139500e-01 -2.188939e-01 -3.759596e-01 8.220228e-01 1.089582e+00 1.089173e+00 1.323566e+00 2.378758e+00 1.924532e+00 -3.840723e-02 3.667468e-01 6.491712e-01 4.921159e-01 -3.326217e-01 1.655823e-01 -2.601550e-01 -4.351083e-02 7.802919e-02 6.186508e-01 6.231758e-03 -1.413600e+00 -1.471898e+00 1.925836e-02 
-3.620331e+00 -1.202825e+01 -2.188477e+00 1.050009e+01 -1.846483e+00 6.978828e+00 8.440972e+00 3.967495e+00 -7.516120e+00 9.025640e+00 1.259800e+01 1.972846e+00 3.931877e-02 -1.513848e-01 1.360090e-01 -9.043565e-01 -1.057600e+00 2.530195e-01 -1.106803e-01 1.354838e+00 2.378636e+00 1.914607e+00 1.006261e+00 1.100165e-01 -1.126793e+00 -2.822380e-02 2.340478e-01 5.645452e-01 2.280578e-01 -3.167248e-01 4.256833e-01 -2.982997e-01 -3.545672e-01 1.209563e-01 4.138664e-01 -3.005851e-01 -1.471988e+00 -7.968554e-01 6.549750e-03 
-2.790192e+00 -8.663823e+00 8.440989e-01 1.310066e+01 -2.157460e+00 3.175354e+00 6.969480e+00 4.299326e+00 -7.602525e+00 7.720662e+00 8.318172e+00 6.143645e-01 1.967790e-02 6.400564e-02 5.523632e-01 -1.471172e+00 -8.248849e-01 1.460378e+00 3.312085e-01 1.353504e+00 1.967988e+00 1.711317e+00 1.840876e+00 -7.011654e-01 -6.862399e-01 -3.523675e-02 3.456597e-02 3.567773e-01 7.076024e-02 -1.775465e-01 3.539387e-01 -1.186598e-01 -6.281254e-01 -5.587701e-01 1.155067e-01 -2.348623e-01 -5.300695e-01 1.167822e-01 -2.439846e-03 
-2.924840e+00 -1.096070e+01 -7.946493e+00 6.178561e+00 -7.824345e-01 6.218133e+00 9.144731e+00 7.045397e+00 -6.800308e+00 1.165540e+01 1.012643e+01 -2.547087e+00 -3.861228e-02 5.684653e-02 1.410278e+00 -7.714123e-01 -6.548511e-01 1.164967e+00 -1.337889e+00 -6.735945e-01 8.993959e-01 2.372426e+00 8.090929e-01 -1.023719e+00 4.939704e-01 -4.295832e-02 -1.226186e-01 4.300468e-01 6.034465e-01 3.938364e-01 1.006782e-01 -4.048755e-03 -9.388841e-01 -1.071316e+00 -2.269902e-01 -7.169558e-01 5.670303e-02 8.877972e-01 -1.224015e-03 
-3.231791e+00 -7.855012e+00 -7.491739e+00 6.910783e+00 4.008864e+00 4.086735e+00 8.619364e+00 5.533997e+00 -5.422330e+00 1.436879e+01 1.050517e+01 2.638462e+00 -7.320341e-02 -2.028563e-01 1.414369e+00 -8.956610e-02 -3.750953e-01 1.094924e+00 -3.555085e-01 -1.304437e+00 -9.644822e-01 1.437840e+00 2.478802e-01 2.951392e-01 1.697987e+00 -4.323321e-02 -3.867164e-01 -2.790480e-02 8.243539e-01 4.793492e-01 -2.208259e-01 1.758859e-01 -5.182497e-01 -8.827577e-01 -7.180109e-01 -1.152807e+00 1.252597e-01 6.206495e-01 4.739911e-03 
-3.115401e+00 -5.381401e+00 -1.877816e+00 1.032058e+01 8.951644e-01 -1.660762e-01 4.248316e+00 7.847015e+00 3.255865e+00 9.746900e+00 6.385882e+00 3.430500e+00 -1.290165e-01 -6.311686e-01 1.855156e+00 1.422055e+00 6.866972e-01 9.388996e-01 2.125924e-01 -2.010501e+00 -1.511508e+00 9.163886e-01 -1.782106e+00 -1.045961e-01 2.120052e+00 -3.034357e-02 -4.484721e-01 -4.880114e-01 5.025315e-01 3.657767e-01 -1.846304e-01 3.320612e-01 5.087838e-01 -3.608002e-02 -9.559639e-01 -7.301477e-01 -1.729967e-01 5.812970e-02 1.023896e-02 
-3.709335e+00 -4.381621e+00 -2.638384e+00 9.154218e+00 2.478629e+00 4.590083e+00 2.895906e+00 -9.242502e-01 -5.441167e+00 9.914148e+00 1.166379e+01 6.115299e+00 -1.512926e-01 -1.525564e+00 1.904026e-01 1.553872e+00 9.010463e-01 4.693132e-01 4.353627e-01 -5.691654e-01 -1.240403e+00 -1.150591e+00 -2.627612e+00 -5.343857e-01 1.604153e+00 -1.784488e-02 -2.159672e-01 -4.512398e-01 2.686505e-03 -1.228141e-01 -4.009953e-01 9.092986e-02 7.317492e-01 7.727141e-01 -2.684509e-01 -4.595960e-03 -7.700981e-01 -5.855002e-01 1.123626e-02 
-5.841451e+00 -3.421533e+00 -3.263230e+00 8.490494e+00 4.677326e+00 7.029208e+00 1.953983e+00 2.716498e+00 -2.208957e+00 4.972064e+00 9.024216e+00 6.314984e+00 -1.512926e-01 -1.524206e+00 -4.177663e-01 9.193454e-01 5.358589e-01 5.544810e-01 -7.299191e-02 1.502880e+00 8.567348e-01 -1.113056e+00 -1.403880e+00 -1.473968e+00 8.315713e-01 -4.454310e-03 1.919239e-01 -1.264869e-01 -6.261320e-01 -7.313255e-01 -4.607286e-01 7.330193e-02 5.606266e-01 9.019539e-01 4.973126e-01 9.679128e-01 -5.655520e-01 -7.551282e-01 7.852994e-03 
-9.496343e+00 -7.883096e+00 9.701258e-01 1.233064e+01 4.464405e+00 2.666105e+00 6.920913e+00 1.896922e+00 -8.442826e+00 3.617572e+00 6.514065e+00 9.216890e+00 -1.512926e-01 -8.360673e-01 2.946570e-01 1.751957e-01 -9.136342e-01 -7.179167e-01 2.418082e-01 5.978269e-01 1.714911e+00 1.110265e+00 3.573791e-02 -2.870573e+00 -5.853142e-01 -9.664373e-07 5.078098e-01 5.003746e-01 -9.181422e-01 -1.145393e+00 -3.654462e-01 3.078891e-01 -1.567791e-01 6.195178e-01 1.233739e+00 1.099642e+00 -8.720715e-02 -4.846048e-01 4.014784e-03 
-7.842912e+00 -5.719903e+00 9.146035e-01 1.141135e+01 2.674742e+00 4.307697e-01 9.749952e+00 1.072043e+01 -8.088653e-01 5.875427e+00 1.591249e+00 6.037570e+00 -1.512926e-01 -1.634920e-02 1.170703e+00 -1.019274e+00 -2.062517e+00 -7.709721e-01 6.759547e-01 2.091851e-01 1.520597e+00 2.272449e+00 1.725729e+00 -1.764069e+00 -5.608742e-01 -9.664373e-07 3.525321e-01 5.123467e-01 -5.622032e-01 -8.314549e-01 -2.213645e-01 5.132339e-01 -5.454508e-01 -5.080933e-02 8.201813e-01 5.706916e-01 3.786144e-01 -1.722606e-01 8.917682e-04 
-6.888966e+00 -1.759353e+00 -3.851502e+00 3.125431e+00 -1.100502e-01 9.098426e+00 1.986673e+00 3.648726e+00 -5.901905e-01 9.640719e+00 1.027492e+00 3.327754e+00 -1.512926e-01 2.596468e-01 1.897941e+00 -2.067393e+00 -3.526703e+00 -6.949959e-01 1.600342e+00 -7.061369e-01 1.525413e+00 3.325125e+00 1.305755e+00 -8.253331e-01 -1.227275e-01 -9.664373e-07 1.166036e-01 1.316326e-01 2.659999e-02 1.194809e-01 2.196600e-01 2.300667e-01 -1.654692e-01 -3.470004e-01 -8.560496e-03 1.852524e-02 4.926080e-01 -4.145290e-02 -2.381459e-07 
-7.226727e+00 -6.296392e-01 -5.948571e+00 2.780578e+00 3.109550e+00 7.192603e+00 5.466699e+00 9.443312e+00 5.226804e+00 1.058919e+01 2.947336e+00 6.454808e+00 -1.512926e-01 -3.093790e-01 1.342176e+00 -7.702856e-01 -2.315020e+00 -5.638701e-01 1.813910e+00 -5.724996e-01 6.976501e-01 1.880288e+00 8.146517e-01 -6.035245e-01 -2.610096e-01 -9.664373e-07 -1.622540e-02 -2.072817e-01 6.053596e-01 8.562347e-01 2.250462e-01 -2.686485e-02 -1.416701e-02 -5.754480e-01 -5.481270e-01 -2.963297e-01 2.902025e-01 -3.146955e-01 -2.381459e-07 
-8.506453e+00 -9.381854e-01 -5.935352e+00 -9.872953e-01 7.718939e-01 7.286555e+00 5.531611e+00 1.016207e+01 5.165379e+00 7.789982e+00 1.709476e+00 8.394922e+00 -1.512926e-01 -1.065787e-01 8.671163e-01 1.837582e-01 -1.901318e-01 2.768711e-01 8.232023e-01 1.611717e-01 3.914533e-01 1.263626e+00 5.839045e-01 -9.877388e-01 -9.424164e-01 -9.664373e-07 6.555218e-02 -3.387358e-01 7.281154e-01 1.239788e+00 2.972756e-01 -2.640461e-01 6.665312e-03 -7.222254e-01 -7.022663e-01 -1.294221e-01 3.329635e-01 -4.715241e-01 -2.381459e-07 
-8.581193e+00 5.805809e-01 -1.895002e+00 1.892463e+00 -5.857621e-01 1.040604e+01 5.115054e+00 1.095185e+01 5.714522e+00 1.087418e+01 -1.767649e+00 2.198888e+00 -1.512926e-01 8.560640e-02 6.498736e-01 8.819408e-01 5.503147e-01 -1.317482e-01 9.301320e-01 -2.954890e-01 -7.898468e-01 5.627164e-01 6.050053e-01 -2.318680e-01 -1.724496e+00 -9.664373e-07 2.218700e-01 -2.731969e-01 2.344879e-01 6.683521e-01 3.807083e-01 -4.265886e-01 -1.710047e-01 -6.155668e-01 -4.853061e-01 -4.502259e-02 3.809157e-01 1.633922e-03 -2.381459e-07 
-6.744618e+00 1.971286e+00 -4.959305e+00 2.619017e+00 3.122437e+00 1.160790e+01 2.967823e+00 4.851969e+00 5.483972e+00 1.241792e+01 -1.554010e+00 7.434672e-01 -1.512926e-01 3.898686e-01 5.504837e-01 7.469686e-01 1.239573e+00 5.754239e-01 7.221156e-01 -8.113663e-01 -1.341964e+00 4.726301e-01 7.634881e-01 6.535324e-01 -1.748556e+00 -9.664373e-07 5.324437e-02 -2.890343e-01 -3.637219e-02 -5.405185e-02 1.672520e-01 -2.925220e-01 -1.738021e-01 -1.192978e-01 -3.015670e-01 -2.060199e-01 1.658265e-01 4.655088e-01 -2.381459e-07 
-7.679737e+00 1.164722e+00 -2.026757e+00 3.729160e+00 1.275622e+00 9.683017e+00 5.271496e+00 8.149050e+00 7.880795e+00 1.130000e+01 3.419830e+00 1.658354e+00 -1.512926e-01 5.516891e-01 1.344612e-01 1.205534e-01 3.117936e-01 1.190331e+00 -2.685916e-01 -9.414026e-01 -1.513572e+00 -1.509434e-01 4.998417e-01 4.804031e-01 1.504178e-01 -9.664373e-07 -8.006132e-02 -2.701526e-01 -2.700335e-01 -4.382990e-01 9.168319e-02 -1.912940e-01 7.320970e-02 3.655087e-01 -1.228136e-01 -3.721237e-01 -4.239431e-01 6.015675e-01 -2.381459e-07 
-7.007638e+00 1.521946e+00 -2.134277e+00 4.292263e+00 2.718446e+00 1.125842e+01 1.396861e+00 4.854010e+00 6.445486e+00 1.139408e+01 2.383579e+00 -7.760791e-02 -1.512926e-01 -7.349864e-02 -3.203664e-01 3.824986e-01 -3.409701e-01 4.520935e-01 -3.997807e-02 -3.851140e-01 1.566796e-01 1.126424e-01 -3.936517e-01 -5.147728e-01 4.477497e-01 -9.664373e-07 -1.650892e-01 -2.176804e-01 -2.510622e-01 -3.905548e-01 -2.261044e-01 -5.899604e-02 4.553340e-01 6.979213e-01 -6.382395e-02 -2.687639e-01 -4.691659e-01 3.715523e-01 -2.381459e-07 
-5.690827e+00 1.477761e+00 -2.704482e+00 2.614765e+00 5.568235e+00 9.238219e+00 1.194187e+00 3.383017e+00 4.479461e+00 1.388520e+01 -1.334564e+00 3.361258e+00 -1.512926e-01 -8.300298e-02 -2.655306e-01 -2.859405e-01 -8.509528e-01 3.883339e-01 3.547272e-01 -1.425130e-01 2.883786e-01 1.284909e-01 -6.771509e-01 -1.767456e+00 1.851149e-01 -9.664373e-07 -1.766169e-01 -7.521187e-02 -1.221950e-01 1.573028e-01 -2.967179e-01 1.139780e-02 6.528840e-01 7.368938e-01 2.785155e-01 1.285519e-01 -4.722913e-02 -1.468023e-01 -2.381459e-07 
-8.105931e+00 2.124972e-01 -2.708007e+00 1.471554e+00 3.236182e+00 1.163060e+01 3.081302e+00 8.018848e+00 7.748116e+00 9.156579e+00 -1.751056e+00 2.130539e+00 -1.512926e-01 -1.181814e-01 -3.378343e-01 -3.050935e-01 -1.319530e-01 -1.542036e-01 1.155960e-01 1.065958e+00 1.246878e+00 1.373814e-02 8.170759e-03 -5.683907e-01 9.178714e-02 -9.664373e-07 2.901879e-02 1.223969e-01 -1.075281e-01 4.130941e-01 4.035242e-02 -2.105727e-01 3.998010e-01 2.783364e-01 1.589093e-01 6.083285e-01 5.165306e-01 5.086953e-04 -2.381459e-07 
-7.545660e+00 4.918364e-01 -3.169812e+00 8.848313e-01 2.958264e+00 1.127067e+01 3.716412e+00 8.008237e+00 7.872195e+00 9.032793e+00 -3.350650e+00 1.480112e+00 -1.512926e-01 -3.091321e-01 -2.328060e-01 -1.465744e-01 9.939428e-01 9.965491e-03 -2.891887e-01 1.597573e+00 1.626011e+00 1.291271e+00 9.418237e-01 2.710112e-01 -4.057500e-01 -9.664373e-07 4.349346e-02 1.965216e-01 9.913757e-02 3.257677e-01 1.218461e-01 -2.710029e-01 9.938963e-03 -5.224214e-02 -4.046950e-02 6.021345e-01 6.966725e-01 1.950323e-01 -2.381459e-07 
-6.671019e+00 3.252065e-01 -3.427153e+00 4.497284e+00 3.252432e+00 1.081997e+01 5.465298e+00 8.775569e+00 4.817301e+00 1.386154e+01 5.491899e-01 1.321972e+00 -1.512926e-01 1.847230e-01 2.751991e-01 -2.247636e-01 8.019884e-01 8.429113e-01 -7.708109e-01 7.440010e-01 8.797167e-01 3.258228e-01 1.838380e+00 1.048470e+00 7.455882e-01 -9.664373e-07 4.084989e-02 2.064755e-01 1.944195e-01 -1.669841e-01 -8.595467e-02 -1.278570e-01 -5.602120e-01 -3.443067e-01 -3.458092e-01 -2.054998e-01 4.289536e-02 2.533566e-01 -2.381459e-07 
-7.954167e+00 2.570567e-01 -3.078156e+00 6.071798e+00 5.610260e+00 8.197483e+00 7.989858e+00 1.113430e+01 1.240089e+01 1.624208e+01 -1.129637e+00 1.736977e+00 -1.512926e-01 -1.684293e-02 4.105197e-01 1.694498e-01 3.108456e-01 4.990986e-01 -5.570974e-01 6.821246e-02 2.107628e-01 -2.299477e-01 1.418520e+00 9.073706e-01 8.334708e-01 -9.664373e-07 6.247522e-02 9.540826e-02 2.210432e-01 -4.750540e-01 -5.215930e-01 8.279389e-02 -7.610951e-01 -3.625321e-01 -8.172017e-01 -9.714308e-01 -4.393563e-01 1.461787e-01 -2.381459e-07 
-6.978541e+00 1.705801e+00 -3.877942e+00 2.888285e+00 6.124633e+00 9.312654e+00 4.664406e+00 1.085431e+01 7.112977e+00 1.474400e+01 2.381090e+00 5.730225e+00 -1.512926e-01 -6.004445e-02 3.729306e-01 5.090209e-01 -6.252286e-01 -8.284487e-01 -3.898371e-01 -9.704774e-01 2.329191e-01 -9.548087e-01 -1.257649e+00 -6.719578e-01 7.388767e-01 -9.664373e-07 -2.662637e-02 -9.840362e-02 2.018593e-01 -2.715945e-01 -7.256234e-01 1.470563e-01 -4.237305e-01 -8.817709e-02 -4.462596e-01 -1.178576e+00 -7.182927e-01 -2.478852e-01 -2.381459e-07 
-7.476053e+00 1.854083e+00 -2.096821e+00 3.244004e+00 4.017269e+00 9.239127e+00 4.457995e+00 8.022522e+00 5.574882e+00 1.568422e+01 2.704225e-01 3.443455e+00 -1.512926e-01 1.257221e-01 1.953776e-01 5.916041e-01 -6.676481e-01 -1.762386e+00 -6.568796e-02 -1.350717e+00 1.365875e-01 -2.154529e+00 -2.367255e+00 -1.065485e+00 3.285890e-01 -9.664373e-07 3.493092e-03 -1.521414e-01 8.723397e-02 -1.964404e-02 -5.133520e-01 6.599134e-02 -1.161264e-01 7.728413e-02 -1.414447e-01 -8.064145e-01 -5.812328e-01 -3.130077e-01 -2.381459e-07 
-7.209610e+00 1.391264e+00 -1.372828e+00 2.784830e+00 -9.324059e-02 8.350439e+00 2.378946e+00 1.149634e+01 3.456521e+00 7.851600e+00 -3.510775e+00 4.163124e+00 -1.512926e-01 -1.968189e-02 -1.092043e-01 5.734650e-01 -6.654631e-02 -1.654646e+00 -2.813005e-01 -6.650588e-01 4.758123e-01 -9.431309e-01 -2.161693e+00 -1.556512e+00 -2.413816e-01 -9.664373e-07 -6.474498e-03 -1.268631e-01 1.108280e-02 1.718661e-01 -1.544675e-01 1.371425e-04 1.296355e-01 8.249957e-02 1.234840e-01 -1.602503e-01 -2.260331e-01 -2.530425e-01 -2.381459e-07 
