-7.228340e+00 -1.423689e+00 -3.456105e+00 1.275333e+00 5.460240e-01 2.777090e-01 -4.547596e+00 3.372305e+00 2.840667e+00 9.943731e+00 4.725336e+00 6.246322e+00 -1.512926e-01 4.002005e-01 -3.297916e-02 6.229926e-01 2.493988e-01 -1.120541e+00 2.395388e-01 8.847464e-01 1.346340e+00 9.019165e-01 -9.782622e-03 -5.498095e-01 -1.192098e-01 -1.995689e-06 -6.046125e-02 6.734012e-02 -1.087491e-01 -1.307994e-01 2.237812e-01 3.607328e-01 2.473120e-01 -3.231791e-01 -2.642599e-01 -1.221595e-01 4.914978e-02 4.214693e-02 -3.076531e-09 
-6.641829e+00 -2.089776e+00 -9.068712e-01 3.649254e+00 -1.627723e+00 2.021059e+00 -2.479491e+00 5.718930e+00 5.967242e+00 8.416979e+00 3.411038e+00 6.719923e+00 -1.512926e-01 4.154952e-01 8.140994e-02 3.058714e-01 -7.216045e-02 -1.126297e+00 4.718169e-01 1.869745e+00 9.487855e-01 2.308455e-01 -3.324994e-01 -3.916645e-01 -4.327741e-02 -1.995689e-06 -1.446413e-01 1.280500e-01 -2.027398e-01 -1.262621e-01 6.024956e-01 5.303298e-01 -1.305005e-01 -6.142836e-01 -2.536603e-01 6.513250e-02 3.137505e-01 -2.694043e-02 -3.076531e-09 
-5.520662e+00 -1.255370e+00 -1.615556e+00 1.334971e+00 -3.969982e+00 6.036817e-01 -1.158457e+00 8.930712e+00 5.786912e+00 1.065870e+01 2.632936e+00 5.413591e+00 -1.512926e-01 9.014506e-02 2.464873e-01 2.377433e-01 -2.438638e-01 1.249768e-03 1.927081e+00 1.628806e+00 -7.093090e-02 -8.382740e-02 -4.592489e-01 -3.832713e-01 5.344605e-02 -1.995689e-06 -1.899225e-01 2.026654e-01 -3.431908e-02 6.526507e-02 8.189636e-01 3.682166e-01 -6.318254e-01 -6.086966e-01 -7.776304e-03 2.448101e-02 4.651748e-01 -1.011288e-01 -3.076531e-09 
-6.004337e+00 -1.100357e+00 -2.846991e+00 8.846492e-01 -2.827683e+00 2.474041e+00 3.106710e+00 5.337128e+00 2.521785e+00 7.924197e+00 3.812639e+00 6.446767e+00 -1.512926e-01 -1.679082e-01 4.673975e-01 -1.981879e-01 -1.353953e-01 1.331154e+00 2.047343e+00 -1.397436e-01 -1.016616e+00 1.263647e-01 5.408136e-01 9.354868e-01 -3.402275e-01 -1.995689e-06 -1.656769e-01 1.853003e-01 1.864453e-01 2.003630e-01 4.840544e-01 -1.138305e-01 -9.436697e-01 -3.317341e-01 2.082915e-01 6.855366e-02 2.030195e-01 -1.083329e-01 -3.076531e-09 
-7.095874e+00 -6.860313e-01 -1.297537e+00 1.438581e+00 1.151969e+00 9.686971e+00 8.034239e-01 3.208344e+00 4.144331e+00 7.894185e+00 2.608200e+00 6.650160e+00 -1.512926e-01 -2.577190e-01 7.874146e-01 7.032666e-01 6.072680e-01 1.745590e+00 1.292905e+00 -1.269734e+00 -7.145852e-01 9.152283e-01 -3.238097e-01 1.112332e+00 -4.762731e-01 -1.995689e-06 -9.105158e-02 1.000227e-03 1.368253e-01 2.022801e-01 -2.275233e-01 -8.831800e-01 -7.021148e-01 -3.626479e-02 4.976487e-02 1.198041e-01 -4.057619e-02 8.895094e-02 -3.076531e-09 
-6.694118e+00 -3.720877e-02 -2.057532e+00 2.920450e+00 2.466756e+00 7.716165e+00 -4.158980e+00 3.496342e+00 7.420541e+00 1.250300e+01 8.101113e+00 4.400557e+00 -1.512926e-01 -2.388759e-01 7.374828e-01 1.005371e+00 5.043383e-01 4.218255e-01 2.198497e-01 -1.399327e+00 -3.879190e-01 7.726020e-01 -5.727623e-02 -1.242611e-01 -3.200014e-01 -1.995689e-06 -6.506868e-02 -2.375656e-01 -7.428249e-02 -7.417843e-02 -6.593432e-01 -9.084929e-01 2.780115e-02 6.796715e-02 -3.317519e-01 2.810342e-02 -4.940968e-01 2.429656e-01 -3.076531e-09 
-6.464482e+00 2.150230e+00 1.505705e+00 3.353588e+00 2.110347e+00 4.447262e+00 -3.874402e+00 6.277871e+00 7.913785e+00 6.750330e+00 6.050547e+00 4.055182e+00 -1.512926e-01 -3.295432e-01 1.165135e-01 3.200049e-01 4.478731e-01 -6.818021e-01 -1.575051e+00 -1.252055e+00 -5.666491e-01 -1.579931e-01 4.389345e-01 -5.623227e-02 4.880237e-01 -1.995689e-06 -8.927658e-02 -4.829147e-01 -4.680731e-01 -2.128551e-01 -4.207867e-01 -3.721880e-01 5.379875e-01 -6.361768e-02 -5.888484e-01 3.035408e-01 -2.458612e-01 1.507895e-01 -3.076531e-09 
-7.514623e+00 1.169083e+00 7.777159e-01 2.448395e+00 -1.197746e+00 6.192544e+00 -1.551008e+00 1.862543e+00 4.500301e+00 8.209798e+00 1.469966e+00 6.144135e+00 -1.512926e-01 -4.574074e-01 -3.850736e-01 -3.780592e-01 -4.264910e-01 -7.518981e-01 -1.061006e+00 -9.579450e-03 -7.509094e-01 -9.956293e-01 3.000495e-01 -9.507673e-01 3.924302e-01 -1.995689e-06 -5.419213e-02 -4.214588e-01 -4.168189e-01 -1.150785e-01 1.400771e-01 1.765534e-01 4.960873e-01 1.049808e-01 -4.517735e-01 -7.198243e-02 1.629532e-01 -8.139595e-02 -3.076531e-09 
-8.333385e+00 -7.065318e-01 -1.114650e+00 3.913585e+00 -4.247806e-01 2.573040e+00 -6.760832e+00 1.191968e+00 4.814494e+00 1.223531e+01 5.642398e+00 8.218348e+00 -1.512926e-01 -5.948156e-01 -1.065810e+00 -9.452778e-01 8.460131e-03 2.285500e-01 7.231457e-02 7.252134e-01 -8.510838e-01 -1.144968e+00 1.015450e+00 2.962808e-01 -7.864475e-02 -1.995689e-06 7.145480e-02 -1.645782e-01 1.188396e-02 -6.286702e-02 3.229240e-01 6.980007e-01 3.716450e-01 2.773040e-01 -8.637264e-02 -2.229833e-01 8.865178e-02 -2.926404e-01 -3.076531e-09 
-8.046665e+00 -5.338961e-01 -2.637180e+00 5.076116e-01 -2.562239e-02 3.348130e+00 -2.764069e+00 2.285044e+00 3.992137e+00 1.125991e+01 3.551453e+00 4.281175e+00 -1.512926e-01 -3.772629e-01 -7.786266e-01 -4.461873e-01 1.484692e-01 6.670334e-01 2.787840e-01 9.264144e-02 2.791135e-01 -9.928327e-01 -7.052568e-01 5.142087e-01 -4.436176e-01 -1.995689e-06 1.759529e-01 7.636181e-02 3.498645e-01 2.219223e-02 2.963425e-02 4.857569e-01 1.692005e-01 4.430508e-01 2.697625e-01 -1.603290e-01 -1.008951e-01 -3.204144e-02 -3.076531e-09 
-9.172626e+00 -2.327150e+00 -1.512936e+00 4.366434e+00 2.667080e+00 6.231661e+00 3.579791e-01 1.811378e+00 2.443344e+00 1.030194e+01 6.491435e+00 4.593142e+00 -1.512926e-01 -1.226867e-02 -5.097517e-01 4.135292e-01 -1.541657e-01 2.233056e-01 1.245146e+00 5.551304e-01 3.047541e-01 -5.913535e-01 -1.733883e-01 -3.457229e-01 -5.571773e-01 -1.995689e-06 1.766326e-01 3.205577e-01 4.052289e-01 -1.022333e-01 -2.261747e-01 1.085385e-01 2.020752e-01 3.924189e-01 4.135073e-01 -3.156638e-03 -5.887762e-01 -3.799262e-02 -3.076531e-09 
-8.981771e+00 -1.913543e+00 -1.254355e+00 2.964926e+00 5.917556e-01 5.757431e+00 -4.647264e+00 2.948642e+00 7.218943e-01 5.650043e+00 3.616568e+00 5.738331e+00 -1.512926e-01 1.310127e-01 -2.811248e-01 6.918935e-01 -2.343248e-01 -6.010894e-01 7.812550e-01 9.215289e-01 8.865694e-01 7.647344e-02 9.269569e-02 -1.134386e+00 4.715264e-01 -1.995689e-06 3.066770e-02 2.899654e-01 2.936486e-02 -1.493732e-02 -6.769498e-02 -1.256066e-01 4.931335e-01 1.833730e-01 4.874527e-01 5.135064e-01 -2.779644e-01 -2.791272e-01 -3.076531e-09 
-7.927272e+00 -2.565243e+00 2.615698e-01 1.914679e+00 3.834775e-01 7.594468e+00 -3.043401e+00 2.383886e+00 3.492499e+00 1.417401e+01 3.881756e+00 4.703681e+00 -1.512926e-01 3.422741e-02 2.882484e-01 5.118014e-01 -3.110990e-01 -2.682615e-01 3.639260e-01 1.321288e+00 8.071339e-01 3.879023e-01 6.005926e-01 -1.823362e+00 -7.262174e-01 -1.995689e-06 -1.760625e-01 2.549640e-01 -2.369588e-01 1.608050e-01 2.590764e-01 -1.732060e-01 2.997145e-01 1.270377e-01 3.416529e-01 2.235123e-01 4.482454e-01 -3.307637e-01 -3.076531e-09 
-8.014421e+00 -1.820032e+00 -6.457767e-02 5.616907e-01 -1.889189e+00 6.572604e+00 3.544286e+00 6.431367e+00 3.849749e+00 9.787862e+00 -8.155953e-01 6.583345e+00 -1.512926e-01 -2.471962e-01 2.720584e-01 -3.485776e-01 1.523156e-01 5.744249e-01 9.147152e-02 2.175125e+00 9.447635e-01 9.547163e-01 1.475404e+00 -1.369245e-01 -1.754921e+00 -1.995689e-06 -2.466090e-01 9.677930e-02 -3.479353e-01 1.710939e-01 4.504797e-01 -5.975210e-03 4.377354e-02 -7.962202e-02 2.058399e-01 1.565648e-01 8.149869e-01 -2.397957e-01 -3.076531e-09 
-9.485053e+00 -9.327565e-01 4.510604e-01 4.012140e+00 2.565675e+00 7.643243e+00 2.868469e+00 4.105674e+00 2.818925e+00 1.123571e+01 -4.092651e-01 5.400248e-01 -1.512926e-01 -7.034696e-01 4.885806e-01 -2.510782e-01 4.564891e-01 9.310445e-01 7.240502e-01 1.426931e+00 9.109531e-01 6.776296e-01 2.530053e-01 1.396816e+00 -1.097744e+00 -1.995689e-06 -9.180690e-02 -1.261852e-01 -2.687018e-01 9.951884e-02 8.287933e-02 -2.413452e-02 -1.692280e-01 -1.477714e-01 -9.185275e-02 -1.042487e-01 5.761566e-01 4.286603e-01 -3.076531e-09 
-9.438865e+00 -1.369381e+00 -3.091856e+00 2.677852e+00 2.372310e+00 6.190129e+00 3.271949e+00 6.811618e+00 5.832528e+00 1.449591e+01 5.077465e+00 -9.539786e-01 -1.512926e-01 -7.332026e-01 1.025931e-01 -6.662508e-01 2.372441e-01 1.051666e+00 5.713267e-01 1.087477e+00 4.366021e-01 9.608688e-01 1.049160e+00 1.330555e+00 -5.416970e-01 -1.995689e-06 1.465333e-01 -3.216097e-01 -4.714501e-02 -2.471088e-01 -3.501497e-01 -5.284681e-01 -2.365089e-01 -4.791487e-01 -6.075240e-01 -5.090195e-01 -2.942668e-01 7.458178e-01 9.572914e-03 
-1.073215e+01 -3.479531e-01 5.191348e-01 3.139293e+00 2.908166e+00 1.140569e+01 4.227098e+00 6.748436e+00 5.889654e+00 1.308534e+01 7.918865e+00 2.983686e+00 -1.512926e-01 -1.817346e-01 -2.578233e-01 -6.728759e-01 1.440073e-01 -9.250997e-02 3.269704e-03 1.018902e+00 3.223506e-01 -7.443084e-02 2.924086e-01 3.236690e-01 8.106235e-01 -1.995689e-06 3.497512e-01 -2.576440e-01 -8.176015e-02 -8.717927e-01 -5.805684e-01 -1.168776e+00 -1.864585e-01 -7.837551e-01 -6.747275e-01 -7.008060e-01 -8.885525e-01 4.278101e-01 1.943006e-02 
-1.105678e+01 -1.599562e+00 -3.430196e+00 2.184064e+00 3.197966e+00 7.547625e+00 8.302547e+00 7.293036e+00 7.118712e+00 1.410866e+01 1.672949e+00 2.653050e+00 -1.512926e-01 2.246166e-01 -9.629201e-01 -3.735321e-01 -9.268310e-01 -6.645339e-01 -2.190468e+00 1.196542e+00 -1.156634e+00 -1.706859e+00 -1.089401e+00 -1.071658e+00 1.020116e+00 4.786785e-02 2.689323e-01 4.882193e-02 4.398440e-01 -1.219635e+00 -7.194242e-01 -8.321688e-01 -4.842997e-01 -7.930085e-01 -1.779482e-01 -1.298504e+00 -8.085452e-01 3.946088e-01 2.474649e-02 
-9.585275e+00 -2.106679e+00 -2.743864e+00 4.978994e+00 1.690311e+00 6.981156e+00 5.447590e+00 5.476670e+00 1.803449e+00 1.289171e+01 2.911583e+00 2.789136e+00 -1.512926e-01 5.663628e-01 -2.670532e-01 -8.063716e-01 -3.320370e+00 -1.113634e+00 -3.738989e+00 4.402210e-01 -2.211167e+00 -1.362207e+00 -2.181753e+00 -1.844861e+00 2.605653e-01 7.321739e-02 -6.673038e-02 1.605898e-02 1.169535e+00 -9.983911e-01 -4.841692e-01 3.893475e-01 -8.692778e-01 -2.705684e-01 5.689333e-01 -1.430319e+00 -4.696431e-01 3.474021e-01 1.542420e-02 
-8.888957e+00 -5.304397e+00 -3.327576e+00 -2.876123e+00 -3.412706e-01 -2.549802e+00 8.644389e+00 1.664471e+00 -6.589316e-01 9.145502e+00 2.222605e+00 4.243836e+00 8.805203e-02 2.373419e-01 3.513440e-01 1.599752e+00 -4.128730e+00 -2.034859e+00 -1.718462e+00 -1.044619e+00 -2.261693e+00 7.149921e-01 -4.206299e+00 -1.628111e+00 1.706445e+00 8.712285e-02 -3.185907e-01 -6.122155e-03 1.401541e+00 3.043385e-01 -5.811552e-02 1.852493e+00 -1.340846e+00 3.785679e-01 1.059151e+00 -8.217542e-01 9.260198e-02 3.560380e-01 -1.083727e-02 
-8.984385e+00 1.692348e-01 -3.563804e+00 -1.093189e+01 -8.905481e-01 -2.240732e+00 6.257172e+00 -1.493045e+00 2.967282e+00 4.658185e+00 -1.580602e+00 3.491185e+00 9.513188e-02 -5.216454e-01 -8.347620e-01 4.188177e+00 -3.247134e+00 -1.828152e+00 1.713959e+00 -2.206972e+00 -4.779125e-01 1.559340e+00 -5.300750e+00 -1.746351e+00 2.204526e+00 5.749087e-02 -3.111131e-01 -4.530007e-01 7.294425e-01 1.697368e+00 2.601925e-01 2.111511e+00 -4.980840e-01 5.848203e-01 7.794129e-01 6.351255e-01 4.222869e-01 2.524965e-01 -3.159049e-02 
-1.017048e+01 -9.809507e-01 4.978515e+00 -1.050381e+01 -5.685418e+00 3.566411e+00 2.674379e+00 -5.302079e-01 1.011143e+01 -2.806154e+00 -4.221202e+00 1.083396e+01 1.611168e-01 -8.242370e-01 -7.096300e-01 4.136943e+00 5.581879e-01 -5.977637e-01 4.345646e+00 -4.184098e+00 -1.303819e-01 2.128056e+00 -3.638773e+00 -6.580371e-01 1.828254e+00 1.546588e-03 -2.764275e-02 -4.918686e-01 -8.082821e-01 1.818534e+00 3.895153e-01 1.060527e+00 9.468148e-01 4.477066e-01 3.511350e-01 2.160294e+00 4.683726e-01 -2.401090e-01 -4.062714e-02 
-1.155266e+01 -8.442051e+00 1.404409e+01 -7.442523e+00 -4.778240e+00 1.249275e+01 -2.602327e+00 4.184360e+00 4.215098e+00 -7.636675e+00 -2.598064e+00 1.051659e+01 9.962925e-02 -4.583863e-01 -2.001501e+00 1.572258e+00 2.823103e+00 -5.311214e-01 3.786503e+00 -4.804799e-01 -3.526004e-01 1.828373e+00 7.099627e-01 -2.185002e-01 1.462151e+00 -4.194999e-02 2.536750e-01 2.258640e-01 -1.843765e+00 1.085145e+00 3.879342e-01 -3.586510e-01 1.785693e+00 1.169696e-01 1.093971e-01 2.557887e+00 5.384102e-01 -5.842034e-01 -2.904499e-02 
-1.172608e+01 -4.546597e+00 8.552928e+00 -1.829920e+00 -1.386141e+00 1.181183e+01 -7.846249e+00 -1.826394e+00 9.357279e+00 -2.901515e+00 -5.591380e-01 9.872511e+00 9.353320e-02 6.750881e-02 -1.524425e+00 -1.133651e+00 1.928738e+00 -7.357811e-01 2.547952e+00 2.826373e+00 -8.588792e-02 2.336123e+00 3.589843e+00 -5.004783e-02 8.770644e-01 -6.629135e-02 3.201428e-01 5.515264e-01 -1.565854e+00 1.268068e-01 4.570366e-01 -1.227657e+00 1.572856e+00 6.967925e-01 -6.775036e-01 1.601839e+00 6.320865e-01 -5.680949e-01 -1.132452e-02 
-1.049859e+01 -8.055419e+00 2.510565e+00 -1.153173e+00 -5.695857e+00 1.256905e+01 9.115188e+00 -2.608215e+00 1.248641e+01 8.255784e+00 -4.504214e+00 1.128300e+01 -8.082786e-02 3.008457e-01 7.020767e-01 -2.395401e+00 1.493171e+00 1.804549e-01 8.195689e-01 3.216295e+00 8.454663e-02 2.002321e+00 3.874355e+00 6.415787e-01 -2.409051e-01 -5.381186e-02 9.313238e-02 8.908231e-01 -5.986599e-01 -1.261982e-01 9.061554e-01 -1.196621e+00 -5.509789e-01 1.159231e+00 -8.651974e-01 -1.949168e-03 5.385357e-01 -9.078043e-01 5.861081e-03 
-1.036046e+01 -8.796313e+00 5.077071e+00 -4.004204e+00 -8.905527e+00 1.626776e+01 1.094767e+01 2.436601e+00 1.765630e+01 7.197126e+00 -3.518400e+00 1.483647e+01 -8.010758e-02 3.967744e-01 6.963270e-01 -1.708489e+00 1.857195e+00 1.331794e+00 -3.089621e-01 1.831822e+00 3.134898e+00 -1.346434e+00 2.788145e+00 2.072246e+00 -1.606789e-01 -4.914341e-02 -4.886714e-02 5.830005e-01 1.000217e-02 1.971676e-01 9.416366e-01 -1.040175e+00 -1.617299e+00 5.828415e-01 -9.598736e-01 -9.194251e-01 -4.879010e-02 -1.109294e+00 1.229623e-02 
-1.073171e+01 -2.806573e+00 3.804994e+00 1.110568e+00 -1.155945e-01 1.436214e+01 4.082405e+00 2.475750e+00 1.007689e+01 6.685949e+00 2.089465e+00 6.830462e+00 -8.261979e-02 -1.575077e-01 1.342414e+00 -1.133541e+00 2.227988e+00 2.965874e+00 -7.680638e-01 -2.738036e+00 3.833227e+00 -6.563464e-01 1.101298e+00 1.413161e+00 -2.557862e+00 -2.121441e-02 -2.643424e-02 -9.647465e-02 3.715051e-01 -4.919108e-02 2.154108e-01 -3.882562e-01 -1.046068e+00 -4.208347e-01 -5.043032e-01 -1.160450e+00 -8.373880e-01 -5.486753e-01 1.081906e-02 
-9.625362e+00 -3.689893e+00 -6.371137e-01 6.323896e+00 2.482662e+00 9.370174e+00 3.828864e+00 1.130641e+01 3.830138e+00 1.182385e+01 6.505622e+00 1.129528e+01 -1.512926e-01 5.233641e-02 1.070361e+00 -1.714451e+00 2.547393e+00 2.579707e+00 -1.859079e+00 -2.282961e+00 9.538131e-01 -1.134005e+00 3.793054e-01 -6.798300e-01 -3.510859e+00 -2.110542e-02 4.362138e-02 -7.442918e-02 5.440856e-01 -5.947590e-01 -5.812660e-01 -1.549509e-02 -2.444951e-01 -1.940840e+00 -1.096992e-01 -1.318628e+00 -1.285140e+00 7.968858e-02 1.057683e-02 
-1.165375e+01 -3.897056e+00 -3.002979e-01 4.822316e+00 3.439548e+00 1.217740e+01 -1.015512e+00 1.212311e+01 1.611774e+01 1.144870e+01 -2.450374e+00 2.644129e-01 -1.512926e-01 3.408568e-01 3.283997e-02 -5.348531e-01 9.020563e-01 6.336483e-01 -3.467439e-01 4.345566e-02 -9.291368e-01 -6.254720e-01 -7.233853e-01 -2.169249e+00 -1.309157e+00 -1.373489e-02 2.104331e-01 3.050724e-02 6.024213e-01 -9.485442e-01 -9.375198e-01 3.469064e-02 4.123964e-01 -2.161584e+00 -8.865049e-01 -1.037623e+00 -5.089570e-01 9.370162e-01 6.352538e-03 
-9.637564e+00 -2.899365e+00 -1.442322e+00 6.876817e+00 2.215728e+00 8.064835e+00 2.082056e+00 2.382335e+00 8.965924e+00 6.712573e+00 -4.647539e+00 5.650804e-01 -1.512926e-01 3.656955e-01 9.788197e-01 7.126521e-01 -4.537235e-01 -4.083255e-01 -5.972477e-01 -7.815824e-01 -4.188132e+00 -1.910340e+00 -2.892659e+00 -2.562108e+00 -3.866683e-01 -1.995689e-06 3.946926e-01 -3.597993e-01 4.559879e-01 -1.174006e+00 -7.958739e-01 -1.170221e-01 1.179467e-01 -7.293403e-01 -6.687427e-01 -2.424369e-01 4.973407e-01 9.316020e-01 2.172073e-02 
-9.020988e+00 -3.037833e+00 1.533138e+00 5.344407e+00 3.186036e+00 1.328136e+01 5.173067e+00 2.292408e+00 4.381360e+00 5.624387e+00 -3.180458e+00 5.649408e+00 -1.512926e-01 7.379088e-01 1.540779e+00 6.649515e-01 -1.014221e+00 -2.274575e-01 -1.225569e+00 -1.426843e+00 -4.403689e+00 -4.700783e+00 -2.450834e+00 -1.905230e-01 5.650861e-01 -1.995689e-06 6.009696e-01 -9.186010e-01 -1.487620e-01 -8.822734e-01 -5.264398e-01 -7.290459e-01 -5.982814e-02 5.801644e-01 -1.327373e-01 6.885225e-01 9.486668e-01 2.030972e-01 3.698671e-02 
-9.112928e+00 7.745388e-01 2.009659e+00 3.794307e+00 5.673985e-01 5.831801e+00 -3.173231e+00 -4.718781e+00 1.463725e-01 2.725232e-01 -5.940011e+00 6.669320e+00 -1.512926e-01 1.827263e+00 -1.482816e+00 -3.443766e-02 -2.364308e+00 -9.690932e-01 -2.004885e+00 -9.579384e-01 -9.556571e-01 -2.440127e+00 3.081916e-02 8.173934e-01 2.099437e-01 8.063333e-02 9.387472e-01 -9.086297e-01 -2.211121e-01 -1.428777e-01 -3.436859e-01 -4.863165e-01 5.451531e-01 1.494565e+00 6.666019e-01 1.156350e+00 7.374251e-01 -1.306162e-01 5.103175e-02 
-8.226192e+00 1.970401e+00 1.298434e+00 1.292011e+00 3.125889e+00 7.165633e+00 -5.521980e+00 -6.344829e+00 -2.976366e+00 2.414527e+00 -2.757031e+00 3.743831e-02 -1.512926e-01 2.614882e+00 -3.329534e+00 -9.053063e-01 -2.553859e+00 -1.718276e+00 -3.288268e+00 -1.675442e-01 3.555326e-01 -1.024266e+00 1.257563e+00 8.843915e-01 -5.920927e-01 1.308874e-01 1.187209e+00 2.721934e-01 -2.760308e-01 3.007597e-01 -3.009503e-01 -1.481681e-01 4.489907e-01 9.910979e-01 1.217533e+00 5.145126e-01 -3.022299e-01 -2.392140e-01 5.080913e-02 
-8.987347e-01 -1.281729e+01 -1.497188e+00 -2.918578e+00 -2.599522e+00 1.098194e+00 2.639845e+00 1.922235e+00 4.443649e-01 8.471194e+00 -7.726705e-01 4.421191e+00 2.518724e-01 4.120988e+00 -1.129208e+00 3.921080e-01 -3.981815e-01 -1.381482e+00 -1.997568e+00 1.314730e+00 9.051714e-01 -4.155036e-01 1.034777e+00 5.873912e-01 -4.611318e-01 1.897154e-01 8.818340e-01 2.219249e+00 -2.621155e-01 4.693445e-01 -3.430636e-02 2.501261e-01 -9.975910e-02 -2.573576e-01 6.692699e-01 -4.994268e-01 -9.113131e-01 -3.934077e-01 1.852556e-02 
-5.382875e-02 -1.288958e+01 -1.239623e+00 -4.068391e+00 -3.821851e+00 -7.929302e-01 1.429407e+00 7.493109e-01 -8.887140e-01 7.812861e+00 -1.341969e+00 3.813469e+00 3.015543e-01 5.527127e+00 2.725069e+00 -9.284942e-01 -4.934184e-01 -1.526024e+00 -1.970030e+00 -3.182381e-01 -3.786181e-01 3.745905e-01 -3.802927e-01 -1.586881e+00 -2.954816e-01 1.995064e-01 3.736570e-01 2.523409e+00 -4.464324e-01 1.311754e-02 5.600103e-02 5.094741e-01 -2.207007e-01 -4.941055e-01 2.877171e-01 -1.010723e+00 -6.867161e-01 -2.797089e-01 -8.008937e-03 
7.405658e+00 2.558082e+00 5.239636e+00 4.483690e+00 -2.865959e+00 -1.762382e-01 -7.566296e-02 -3.740440e+00 -2.975513e+00 2.747566e+00 -3.710470e+00 2.475204e+00 5.708697e-01 4.780375e+00 6.586306e+00 -1.333508e+00 -1.047762e+00 -1.236814e+00 -1.413281e+00 -1.381364e+00 -1.875325e+00 2.067948e-01 -1.647338e+00 -2.503503e+00 -1.905430e+00 1.389527e-01 -5.548537e-01 8.319448e-01 -8.226431e-01 -7.933158e-01 1.026428e-01 2.729078e-01 -2.837568e-02 -1.560937e-01 -2.893963e-02 -9.507523e-01 7.567255e-02 -1.708426e-01 -3.444682e-02 
1.525731e+01 7.907990e+00 -6.711991e+00 -4.876040e+00 -4.371129e+00 -2.047080e+00 -5.755412e+00 -5.406411e+00 6.063637e-01 3.375404e+00 -9.222300e+00 -4.671133e-01 6.867474e-01 4.153535e+00 5.429706e+00 -2.274603e+00 -2.163526e+00 -1.510674e+00 -1.032935e+00 7.695902e-02 -7.247661e-01 1.032089e-01 -2.455029e+00 -1.003630e+00 -1.268592e+00 1.162190e-01 -1.287737e+00 -9.462087e-01 -1.006772e-01 -4.238736e-01 4.232294e-01 4.679828e-01 6.624298e-01 3.495854e-01 -1.726844e-01 -4.942615e-01 1.002277e+00 1.286851e-01 -4.072655e-02 
1.534751e+01 9.715631e+00 -5.428230e+00 -7.753857e+00 -8.508854e+00 -5.341094e+00 -6.745436e-01 -4.376129e+00 7.304206e-01 2.452769e+00 -9.349983e+00 -2.965798e+00 7.540498e-01 2.033436e+00 1.678167e+00 -3.047972e+00 -3.529768e+00 -8.758451e-01 -1.101581e+00 9.751343e-01 2.977155e-01 -4.246764e-01 -2.681560e+00 6.739733e-01 -8.288165e-01 5.912119e-02 -1.276823e+00 -1.921907e+00 4.084973e-01 1.619553e-01 6.220266e-01 5.656579e-01 6.087145e-01 3.460354e-01 -6.066659e-02 1.574369e-01 9.472246e-01 3.904922e-01 -3.086100e-02 
1.674276e+01 1.068023e+01 -7.278939e+00 -8.767209e+00 -8.553592e+00 -3.375117e+00 2.113967e+00 -2.556274e+00 -2.225630e+00 -4.314996e+00 -3.539862e+00 1.907198e-01 7.910653e-01 4.618690e-01 4.481813e-01 -5.744933e-01 -1.371937e+00 4.095459e-01 2.141293e-01 1.815570e+00 2.827585e-01 -1.729829e-01 -2.334422e+00 1.835617e+00 -1.902835e-01 3.578799e-02 -1.036142e+00 -1.493208e+00 8.705277e-01 7.788426e-01 5.261389e-01 4.100931e-01 7.024831e-02 4.474630e-02 -1.044425e-02 8.487135e-01 1.768729e-01 3.682220e-02 -2.232421e-02 
1.682991e+01 9.562776e+00 -9.716916e+00 -1.121947e+01 -5.154036e+00 -5.020434e+00 8.654976e-01 -3.676483e+00 -3.682339e+00 -6.814726e+00 -3.181186e+00 -1.997472e+00 8.143076e-01 2.421138e-01 -5.324479e-01 -1.409913e-01 -6.337352e-01 9.132647e-01 7.914987e-01 7.930756e-01 -6.487241e-01 4.168380e-02 -9.204013e-01 8.131232e-01 -4.919794e-01 2.486162e-02 -5.056826e-01 -5.737420e-01 8.627034e-01 1.047824e+00 1.993675e-01 1.621910e-01 -3.028053e-01 1.811033e-01 4.907985e-02 1.065857e+00 -2.844854e-01 1.811849e-02 -9.033857e-03 
1.682555e+01 1.022527e+01 -7.440488e+00 -1.000244e+01 -4.000801e+00 -1.136771e+00 2.552418e+00 -4.342019e+00 1.947543e+00 -3.663439e+00 -3.128076e+00 -1.903145e+00 8.355471e-01 -1.315678e-01 -9.309941e-01 6.245384e-01 2.826317e-01 2.253522e-01 7.098422e-02 5.193459e-01 -2.781950e-02 -1.820438e-01 9.078777e-01 -1.887560e-01 -1.252886e+00 2.173267e-02 -2.034049e-01 -1.284236e-01 2.003112e-01 4.535596e-01 7.622951e-02 -3.792316e-01 -6.709359e-01 5.170782e-01 -1.416425e-01 7.423890e-01 -2.125666e-01 2.782700e-01 -3.307189e-03 
1.651661e+01 7.280747e+00 -6.052584e+00 -1.030467e+01 -6.218789e+00 -2.502959e+00 3.071302e+00 -6.726630e+00 -1.147912e+00 -2.475051e+00 -5.490392e+00 -4.378739e+00 8.561016e-01 -1.982530e-01 -5.009758e-01 6.660557e-01 8.822088e-01 2.130726e-01 -2.191638e-01 1.091793e-01 1.358532e+00 -1.747727e-01 1.026387e+00 2.640333e-01 -2.067807e-01 2.098335e-02 -1.808210e-01 3.287655e-01 1.411241e-02 -1.284349e-01 2.491714e-01 -1.582933e-01 -7.294648e-01 4.983386e-01 1.423499e-01 3.614322e-01 3.781450e-01 7.730232e-01 1.399856e-05 
1.624122e+01 7.166017e+00 -5.988574e+00 -7.810969e+00 -6.894823e+00 -4.278665e+00 3.607671e+00 -1.170161e+00 -4.403660e+00 -1.945480e+00 -3.329240e+00 -4.882800e+00 8.788344e-01 -3.349270e-01 -2.097073e-01 2.342150e-02 1.380070e-01 1.140949e+00 -1.176746e+00 -1.197309e+00 1.864557e+00 -7.731322e-01 4.040260e-01 1.047396e+00 1.058308e+00 2.119225e-02 -1.595966e-01 3.192011e-01 -2.746443e-01 -7.780422e-01 5.445538e-01 3.957858e-01 -9.083336e-01 -3.011804e-01 4.347066e-01 7.184067e-02 7.098991e-01 8.713742e-01 1.856614e-03 
1.613054e+01 8.587744e+00 -7.112817e+00 -7.903965e+00 -2.641774e+00 -4.545238e+00 8.842946e-01 1.529969e+00 -1.380679e+00 -2.541368e+00 -1.761031e+00 -1.541558e+00 8.975969e-01 -5.601882e-01 7.506467e-01 2.300140e-01 -1.203464e+00 1.701333e+00 6.237422e-01 -1.996115e+00 8.966245e-01 1.048794e+00 1.138754e+00 2.085645e+00 2.217633e+00 2.520222e-02 -2.103538e-01 -4.248022e-02 -5.212586e-01 -1.032645e+00 5.805466e-01 6.786308e-01 -6.393740e-01 -1.012123e+00 3.066451e-01 -3.799548e-06 6.343437e-01 3.356340e-01 2.087641e-03 
1.534403e+01 8.523725e+00 -6.793273e+00 -1.051290e+01 -8.427827e-02 -5.999801e+00 -2.340481e+00 8.528043e-01 -1.801449e+00 -1.609536e+00 2.440642e-01 1.970161e+00 9.207689e-01 -7.486197e-01 3.919492e-02 -5.307677e-01 -2.564475e+00 2.203900e+00 1.628418e+00 -2.969566e+00 -1.302811e+00 1.379575e+00 1.211118e+00 2.449938e+00 1.891644e+00 2.890338e-02 -2.145836e-01 -4.578846e-01 -6.617000e-01 -4.764046e-01 6.762017e-01 6.182649e-01 4.530513e-02 -1.031968e+00 2.648953e-01 -1.497301e-01 1.364304e-01 -2.539801e-01 -5.516674e-04 
1.416447e+01 1.035510e+01 -4.500081e+00 -1.497064e+01 -1.117715e+00 1.476323e+00 -3.934727e+00 -3.254757e+00 2.795052e+00 3.051078e+00 3.150943e+00 3.282388e+00 9.611399e-01 -1.043136e+00 -8.377882e-01 -1.663107e+00 -2.929883e+00 2.584311e+00 1.771297e+00 -2.201555e+00 -2.118534e+00 2.821910e-01 6.229161e-01 2.734570e+00 1.054692e+00 2.756370e-02 -1.773843e-01 -8.113583e-01 -7.935743e-01 4.427595e-01 8.577930e-01 -3.907875e-01 7.205759e-01 -3.386014e-01 -1.100958e-01 -4.736004e-01 -6.448314e-01 -8.462342e-01 -5.802280e-03 
1.348166e+01 6.478351e+00 -9.948572e+00 -1.710045e+01 3.362998e+00 8.523868e-01 -8.831123e+00 -5.292065e+00 4.068494e-01 1.313755e+00 6.464880e+00 2.163237e+00 9.915850e-01 -1.166350e+00 -1.705088e+00 -2.338645e+00 -1.380860e+00 4.080374e+00 1.340931e+00 -8.681209e-01 -1.787720e+00 9.345807e-01 -8.679118e-02 1.405210e+00 3.697182e-01 1.725040e-02 -1.771577e-01 -6.754904e-01 -3.814610e-01 1.092686e+00 4.869840e-01 -1.062737e+00 1.054793e+00 3.272958e-01 -4.592076e-02 -5.000306e-01 -1.361448e+00 -1.231316e+00 -9.591122e-03 
1.184632e+01 5.421677e+00 -1.385066e+01 -1.926007e+01 8.556031e+00 8.857084e-01 -6.878422e+00 -5.990548e+00 -1.073734e+00 -8.882735e-01 8.801369e+00 3.635132e+00 9.999999e-01 -1.238297e+00 -2.434091e+00 -2.833982e+00 4.184866e-01 5.051996e+00 -1.186457e+00 5.559858e-01 -5.539545e-01 7.209209e-01 -5.804550e-01 -6.159241e-01 -1.252660e+00 2.014342e-03 -4.490173e-02 -3.848294e-01 2.657779e-01 1.356747e+00 -1.839041e-01 -1.121507e+00 9.249348e-01 8.332077e-01 1.234940e-01 -1.396678e-01 -1.552813e+00 -1.174623e+00 -8.700619e-03 
1.067112e+01 2.464930e+00 -1.381103e+01 -1.527288e+01 1.548041e+01 1.000161e+00 -5.208988e+00 -6.718102e+00 4.805967e+00 -7.358589e-02 4.444870e+00 3.642501e+00 9.875795e-01 -1.536728e+00 -2.540007e+00 -1.852695e+00 1.224846e+00 3.404997e+00 -2.206432e+00 9.255207e-01 -4.485013e-01 9.306655e-01 -6.874279e-01 -2.681969e+00 -3.111310e+00 -6.273531e-03 6.152238e-02 -6.628932e-02 6.104932e-01 8.531656e-01 -1.198165e+00 -7.519377e-01 4.747543e-01 9.370323e-01 -3.827313e-01 -5.782820e-02 -1.062926e+00 -7.761177e-01 -3.724438e-03 
9.377831e+00 1.911739e-01 -1.673874e+01 -1.379202e+01 1.808364e+01 -4.529302e+00 -2.966027e+00 -5.311446e+00 4.200177e+00 8.422721e-01 1.081097e+00 -3.720415e+00 9.732090e-01 -1.082535e+00 -2.344214e+00 -5.772538e-01 2.550932e+00 2.002438e+00 -2.062489e+00 1.526300e+00 1.377763e+00 9.015809e-01 2.251384e-01 -2.986037e+00 -3.077976e+00 -4.175451e-03 1.525758e-01 2.227437e-01 6.956198e-01 2.526383e-01 -1.555581e+00 4.685188e-02 -9.489080e-02 6.533771e-01 -5.881634e-01 -2.400891e-01 -3.750892e-01 1.512370e-01 1.183135e-03 
7.032662e+00 -3.606452e+00 -1.776798e+01 -1.371014e+01 1.562407e+01 -7.472231e+00 -6.159328e+00 -7.873972e+00 2.423307e+00 -2.988647e+00 -3.084423e+00 -9.715097e+00 9.735954e-01 -9.366841e-01 -2.081391e+00 -4.144973e-01 1.818731e+00 -3.856850e-01 -1.980673e+00 1.020613e+00 1.931424e+00 -1.069348e+00 -7.788194e-01 -2.724524e+00 -2.598201e+00 1.728240e-03 2.553744e-01 4.334984e-01 5.484435e-01 7.044148e-02 -8.487005e-01 3.360251e-01 -1.573034e-01 3.551724e-01 -4.549823e-01 -2.429736e-01 4.778405e-01 9.824331e-01 2.089041e-03 
8.252743e+00 -3.263698e+00 -1.475798e+01 -7.287362e+00 1.849622e+01 -5.190423e+00 1.228760e+00 1.476478e+00 4.625637e+00 1.694717e+00 -2.363797e+00 -5.075876e+00 9.861214e-01 -7.755385e-01 -1.549694e+00 -7.485074e-02 1.384857e+00 -8.304362e-01 -1.064997e+00 3.390364e-02 1.523059e+00 -1.219916e+00 -1.735284e+00 -2.470225e+00 -7.531101e-01 3.930770e-03 1.626970e-01 4.343123e-01 3.523405e-01 -6.018296e-02 -1.827881e-01 1.252671e-01 -3.580522e-01 -5.398488e-01 -6.063054e-02 -3.452061e-01 8.581883e-01 9.991680e-01 -4.172518e-04 
6.550294e+00 -6.214690e+00 -1.687387e+01 -9.431826e+00 1.334593e+01 -8.572812e+00 -2.203219e+00 -4.550105e-01 -7.539993e-01 -4.393415e+00 -7.455473e+00 -8.670622e+00 9.897579e-01 -4.133585e-01 -7.696994e-01 6.384511e-01 2.160137e+00 5.778785e-01 -1.024953e+00 8.850316e-01 1.254839e+00 -2.835043e-01 -9.220493e-01 -5.506929e-01 6.383066e-01 1.160781e-04 1.469865e-01 3.992431e-01 3.830930e-01 1.714773e-01 4.061631e-01 -2.908706e-02 -5.835124e-02 -7.673433e-01 4.957089e-01 3.078669e-02 1.062972e+00 7.989310e-01 -2.682716e-03 
5.741555e+00 -6.253533e+00 -1.756020e+01 -9.007279e+00 1.507031e+01 -9.303957e+00 -4.774035e+00 -1.405831e+00 -3.110607e-01 -7.131308e+00 -9.084432e+00 -8.007875e+00 9.847862e-01 -5.306999e-01 -8.284070e-01 6.581056e-01 2.079363e+00 6.066588e-01 -1.914155e+00 -1.962003e-01 -9.831831e-01 2.055643e-01 -1.429347e+00 2.182391e-01 2.995485e-01 -5.451556e-03 5.158997e-02 1.573535e-01 2.565175e-01 -1.845216e-02 -7.969257e-02 -1.838264e-01 2.347310e-01 -7.021038e-01 8.282580e-02 8.767194e-02 8.482188e-01 1.330702e-01 -2.786328e-03 
6.221308e+00 -5.960412e+00 -1.317499e+01 -2.049269e+00 2.022656e+01 -1.053975e+01 1.267228e+00 -1.584846e-01 3.474167e+00 -3.185179e+00 -2.477656e+00 -5.057207e+00 9.748604e-01 -3.242818e-01 -4.458996e-01 1.134450e+00 2.328764e+00 9.265676e-01 -1.701566e+00 8.438296e-01 -6.519921e-01 6.963108e-01 -7.779205e-01 1.246034e+00 8.700587e-01 -6.995598e-03 -3.897249e-02 -1.514384e-02 7.155671e-02 -4.550599e-01 -8.449338e-01 1.919613e-01 1.841883e-01 -1.801875e-01 -5.171743e-01 -2.114452e-01 3.449759e-01 -1.688291e-01 -1.016522e-03 
5.763778e+00 -7.533195e+00 -1.331724e+01 -5.815518e-01 1.808910e+01 -1.377727e+01 -1.488060e+00 -3.587332e+00 3.539393e+00 -6.055707e+00 -3.761761e+00 -5.384895e+00 9.663048e-01 -5.621459e-01 -9.249418e-01 9.597682e-01 1.208230e+00 -1.403228e+00 -1.645692e+00 1.228191e+00 -1.034087e+00 -1.295760e+00 -1.368819e+00 8.726116e-01 -2.036169e-01 -6.441560e-03 2.730654e-02 4.671913e-02 2.161579e-01 -4.100060e-01 -1.005506e+00 9.132161e-01 5.979386e-01 7.346792e-01 -5.899661e-01 -2.552903e-03 3.202087e-01 1.289983e-01 1.075322e-03 
4.917565e+00 -7.804378e+00 -1.332333e+01 -2.000244e+00 1.646960e+01 -1.484404e+01 3.728418e-01 -2.624107e+00 8.024673e-01 -8.821191e+00 -3.887262e+00 -5.632012e+00 9.640210e-01 -5.924908e-01 -7.970862e-01 8.453749e-01 3.203264e-01 -2.641803e+00 -1.993417e-01 1.093893e+00 3.792878e-01 -2.118742e+00 -2.009458e+00 8.469904e-01 4.576241e-02 -4.470635e-03 3.161184e-02 4.407368e-02 2.618162e-01 -3.080115e-01 -9.748146e-01 1.173995e+00 4.980018e-01 7.286266e-01 -3.191692e-01 4.138559e-02 2.659719e-01 1.324885e-01 1.921021e-03 
3.582448e+00 -9.956210e+00 -1.268679e+01 -2.990852e+00 9.932457e+00 -1.538009e+01 1.813653e+00 -5.344005e+00 -5.454520e+00 -1.115779e+01 -4.016764e+00 -8.738911e+00 9.579952e-01 -2.600438e-01 -4.191180e-01 1.883417e+00 1.033449e+00 -2.636686e+00 1.900873e+00 2.668266e+00 2.174632e+00 -1.336814e+00 -8.263130e-01 2.018795e+00 1.356614e+00 -1.337138e-03 8.508827e-02 2.366493e-01 3.470418e-01 -1.032558e-01 -3.422908e-01 1.173775e+00 4.097708e-01 5.767890e-01 3.267268e-01 3.663963e-01 3.879892e-01 1.132478e-01 1.565380e-03 
4.349356e+00 -8.734093e+00 -9.263256e+00 7.572852e-01 1.109563e+01 -1.073486e+01 5.085639e+00 2.615680e+00 -2.622953e+00 -1.068195e+01 1.885027e+00 -3.151505e+00 9.566600e-01 -3.173074e-01 -4.785822e-01 1.981799e+00 8.762084e-01 -3.330611e+00 2.395096e+00 2.613805e+00 1.386687e+00 -8.790672e-01 -8.423440e-01 2.002744e+00 7.525443e-01 5.704122e-05 -1.344279e-02 3.202864e-01 2.166036e-01 -2.310044e-01 -4.360681e-02 5.478837e-01 2.251585e-01 -2.446123e-01 3.499452e-01 5.548287e-01 1.692233e-01 -5.276448e-01 -3.934490e-04 
4.748061e+00 -9.163884e+00 -5.930151e+00 3.207019e+00 7.592683e+00 -6.327705e+00 9.497248e+00 4.665778e+00 -1.432262e+00 -9.256853e+00 3.446324e+00 1.578036e-01 9.633007e-01 -2.743597e-01 9.896170e-02 2.126779e+00 4.138709e-01 -2.770355e+00 2.925903e+00 2.517144e+00 1.345963e+00 -2.819382e-01 -1.203513e-01 2.234808e+00 9.152129e-03 -8.739253e-04 -1.773465e-01 3.916459e-01 -1.683228e-01 -5.645952e-01 1.067350e-01 -3.888615e-01 -2.478318e-01 -1.040232e+00 5.455996e-02 3.775989e-01 -2.293707e-01 -1.295034e+00 -3.335192e-03 
2.748435e+00 -1.059352e+01 -6.792766e+00 -7.185186e-01 9.864401e-01 -7.394964e+00 9.599975e+00 -6.949446e-01 -5.603729e+00 -1.398330e+01 2.395395e+00 -6.317358e+00 9.616669e-01 -6.526909e-01 5.453213e-01 1.806676e+00 -5.246512e-01 -2.792995e+00 2.027521e+00 2.295309e+00 -4.293965e-01 -8.964061e-01 4.118167e-01 1.585148e+00 -1.918763e+00 -6.668624e-03 -1.418844e-01 5.505767e-01 -1.559921e-01 -3.976081e-01 4.242989e-01 -8.666715e-01 -3.422986e-01 -1.037671e+00 1.396820e-01 4.965347e-01 -2.516297e-01 -1.096005e+00 -5.309423e-03 
3.011624e+00 -8.531606e+00 -3.287951e+00 -1.832870e-01 1.135565e+00 -2.420379e+00 1.214194e+01 3.041669e+00 -5.373521e+00 -1.010930e+01 6.902131e+00 -7.110294e+00 9.511262e-01 -9.791424e-01 1.027087e+00 1.129260e+00 -1.088995e+00 -2.371780e+00 1.404282e-01 1.588317e+00 -2.118534e+00 -1.055365e+00 4.345897e-01 1.080674e+00 -3.782837e+00 -1.465223e-02 7.224788e-02 6.074880e-01 2.302618e-02 -5.276983e-02 3.986297e-01 -1.209222e+00 -7.202205e-01 -8.804213e-01 3.037608e-01 2.017779e-01 -4.454404e-01 -3.900070e-01 -4.661147e-03 
1.954076e+00 -6.323667e+00 -1.550530e+00 -1.711571e-01 3.591204e-01 -2.550768e+00 1.523951e+01 1.280732e+00 -5.134359e+00 -8.196743e+00 8.082561e+00 -9.111306e+00 9.294123e-01 -6.743484e-01 1.810259e+00 1.700675e+00 -3.606406e-01 -1.408344e+00 -5.454973e-01 1.366625e+00 -2.069263e+00 2.060117e-01 1.363037e+00 1.321720e+00 -2.831535e+00 -1.959771e-02 5.829552e-01 6.862411e-01 4.337530e-01 2.551306e-01 2.672608e-01 -7.422527e-01 -1.427381e+00 1.211598e-01 7.287939e-01 -3.739841e-01 -6.598170e-01 6.841135e-01 -9.213106e-04 
2.494485e-01 -6.162899e+00 -2.904905e+00 -2.511216e+00 -3.952584e+00 -8.047875e+00 1.461877e+01 -6.914623e+00 -6.944056e+00 -9.977147e+00 6.006167e+00 -1.735952e+01 9.061700e-01 9.785362e-02 2.503856e+00 2.294835e+00 6.815629e-02 -1.469486e+00 -1.833803e+00 -6.196257e-01 -2.236053e+00 6.856838e-01 4.130153e-01 1.393138e-01 -1.484412e+00 -1.771761e-02 8.847420e-01 6.698936e-01 6.313416e-01 2.819713e-01 3.579402e-01 1.242766e-01 -1.794199e+00 1.156146e+00 8.420015e-01 -6.254062e-01 -9.689986e-01 1.627845e+00 3.709030e-03 
7.575250e-01 -2.726370e+00 1.518914e+00 -1.357865e+00 -3.511174e+00 -7.308521e+00 1.519448e+01 -6.063420e+00 -3.788918e+00 -7.233930e+00 9.451788e+00 -1.535065e+01 8.861602e-01 1.723626e+00 3.238004e+00 3.392613e+00 1.723169e-01 -1.907842e+00 -6.964914e-01 -3.737577e+00 2.352480e-01 1.877145e+00 -1.447176e+00 -1.243203e+00 3.525430e-01 -9.738543e-03 7.752211e-01 2.618829e-01 1.771354e-01 -1.110294e-02 3.202734e-01 9.674188e-01 -1.799013e+00 1.379043e+00 5.804343e-01 -8.045142e-01 -1.007560e+00 1.355344e+00 6.006698e-03 
4.099239e+00 2.189073e+00 6.651418e+00 7.507149e-01 -4.276683e+00 -9.210752e+00 9.066228e+00 -4.466444e+00 -2.617837e+00 -8.525909e+00 6.914135e+00 -1.141249e+01 8.841750e-01 2.245605e+00 3.662727e+00 3.440093e+00 5.446310e-02 -3.323456e-01 8.372625e-01 -4.830784e+00 2.509971e+00 2.319007e+00 -1.287316e+00 -2.481711e+00 2.764302e+00 -1.041953e-03 2.934801e-01 -3.361937e-01 -4.923879e-01 -1.443475e-01 3.196224e-01 1.684271e+00 -9.060909e-01 1.019848e+00 2.781990e-01 -3.792835e-01 -3.313234e-01 5.557381e-01 4.543527e-03 
8.647526e+00 5.690341e+00 1.063428e+01 -9.403945e-01 -9.017868e+00 -5.452167e+00 -6.719208e-01 1.233055e+00 2.088226e+00 -1.615870e+01 1.412491e+00 -1.032184e+01 8.917117e-01 2.127774e+00 2.540322e+00 2.013710e+00 -4.094130e-01 -3.754520e-01 2.955969e+00 -5.522950e+00 2.452782e+00 2.291489e+00 -1.809446e+00 -2.405730e+00 1.820796e+00 2.100626e-03 -2.943451e-01 -8.821073e-01 -1.061087e+00 -1.468169e-02 1.534233e-01 1.345903e+00 3.126237e-01 -9.393864e-02 -3.223419e-01 1.678345e-01 4.516313e-01 -3.700952e-01 8.456956e-04 
7.532895e+00 7.942158e+00 9.738134e+00 -2.447534e+00 -2.860988e+00 -4.789597e+00 -1.601279e+00 1.986967e+00 1.712644e+00 -1.195215e+01 -2.382349e+00 -6.052063e+00 8.981942e-01 1.363036e+00 1.171738e+00 5.224015e-01 -3.627946e-01 -6.374165e-01 4.761379e+00 -4.257521e+00 1.754579e+00 1.869427e+00 -1.302448e+00 -9.361897e-01 5.602273e-01 -9.147971e-04 -4.318505e-01 -1.087232e+00 -1.045933e+00 1.404189e-01 -4.709161e-01 4.863072e-01 8.559582e-01 -8.044735e-01 -8.708938e-01 1.656879e-01 7.614398e-01 -1.055823e+00 -2.213661e-03 
9.679802e+00 7.098401e+00 1.004396e+01 -1.805660e+00 -6.096506e+00 5.260503e+00 -7.086501e+00 2.973836e+00 5.502988e+00 -1.456854e+01 2.071640e+00 -8.926582e+00 8.896562e-01 6.931258e-01 7.308798e-02 -4.539165e-01 3.074025e-01 -9.881521e-01 4.070930e+00 -2.460885e+00 1.431178e-01 4.901458e-01 -6.003813e-01 2.420933e-01 -3.958209e-01 -5.569630e-03 -4.205962e-01 -6.862757e-01 -5.813275e-01 1.407384e-01 -2.962536e-01 -7.562849e-01 1.219767e+00 -7.912626e-01 -1.096047e+00 2.772447e-01 4.385266e-01 -6.677884e-01 -2.864737e-03 
1.039834e+01 7.344047e+00 9.558295e+00 -6.310822e-01 -8.924912e+00 9.239785e+00 -9.014284e+00 3.435874e+00 5.021681e+00 -1.583293e+01 1.903943e+00 -9.308804e+00 8.806087e-01 8.037375e-01 -5.397108e-01 -5.557222e-01 3.980237e-01 -2.380734e+00 2.711318e+00 -2.081798e+00 -3.575023e-01 -1.134788e+00 -1.063631e+00 1.636415e-03 -1.406559e+00 -8.276245e-03 -3.053727e-01 -1.565740e-01 -8.200776e-02 -1.008913e-01 2.582859e-01 -1.494709e+00 1.159926e+00 -4.858415e-01 -8.642240e-01 3.021320e-01 5.034111e-02 -1.829239e-01 -2.021839e-03 
1.068027e+01 6.355348e+00 8.454373e+00 -3.116617e-01 -1.092667e+01 7.888085e+00 -9.270011e+00 1.224528e+00 2.884577e+00 -1.722027e+01 4.794228e-01 -1.067262e+01 8.726505e-01 3.045164e-01 -3.524878e-02 -3.537672e-01 -8.600751e-02 -9.852101e-01 1.996285e-01 -5.118448e-01 -4.474957e-01 -1.686724e+00 -5.428497e-01 -6.818914e-01 -5.348043e-01 -8.544181e-03 -2.299165e-01 2.734144e-01 3.054937e-01 -3.055831e-01 7.527909e-01 -1.144124e+00 9.736724e-01 -4.610019e-02 -2.015271e-01 3.996688e-01 -1.537015e-02 2.375962e-01 -1.138336e-03 
1.105109e+01 5.615532e+00 7.754324e+00 -1.204220e+00 -1.234932e+01 7.452971e+00 -1.091890e+01 1.074133e+00 -2.651942e+00 -1.594378e+01 -1.578055e+00 -1.221182e+01 8.653247e-01 3.055667e-02 4.430369e-01 6.228872e-02 -6.705068e-01 6.524515e-01 -7.764450e-01 5.675338e-01 -3.792465e-01 -1.363326e+00 1.794427e-01 -2.224759e-01 -2.848601e-01 -9.538726e-03 -2.464957e-01 4.415704e-01 4.031490e-01 -2.129829e-01 9.019237e-01 -5.270374e-01 8.697973e-01 3.322317e-02 2.660129e-01 5.759594e-01 1.363050e-01 4.800731e-01 -8.667042e-04 
1.087548e+01 7.786067e+00 9.177282e+00 -1.949197e+00 -9.310650e+00 7.152111e+00 -8.693861e+00 1.917584e+00 9.069139e-01 -1.722704e+01 4.033951e-01 -1.014890e+01 8.545907e-01 -6.989934e-02 9.490119e-01 7.644383e-01 -6.863539e-01 1.259268e+00 9.413221e-02 1.082773e+00 -7.646123e-02 -4.033104e-01 7.764837e-01 2.771385e-01 2.315257e-01 -1.062864e-02 -1.577838e-01 2.129759e-01 3.665530e-01 1.407614e-02 2.926511e-01 6.281006e-02 4.367926e-01 -1.652889e-01 3.119449e-01 3.417773e-01 1.027596e-01 3.280272e-01 -1.159338e-03 
1.045325e+01 8.843460e+00 9.508510e+00 -3.164714e+00 -6.470314e+00 5.725075e+00 -6.464889e+00 1.193131e+00 -8.055831e-01 -1.493256e+01 8.297325e-01 -1.099490e+01 8.419419e-01 -2.415677e-01 1.176126e+00 9.009153e-01 -3.667949e-01 1.006769e+00 1.287212e-01 1.469986e+00 -3.768584e-01 -4.464899e-01 1.156582e+00 2.036614e-01 6.107359e-01 -1.156415e-02 -1.740231e-01 -4.621099e-02 3.028196e-01 1.533918e-01 2.010416e-01 7.299028e-02 1.918463e-01 -3.243430e-01 1.625398e-01 4.236169e-01 -3.327029e-01 4.453952e-01 -1.713803e-03 
1.063016e+01 9.485809e+00 1.139986e+01 -2.762406e+00 -7.569862e+00 9.222400e+00 -6.083266e+00 7.830335e-01 -5.527324e-02 -1.384389e+01 6.609436e-01 -1.012336e+01 8.311903e-01 -3.483864e-01 6.630391e-01 1.059586e+00 -1.675512e-01 3.009484e-01 6.113968e-02 1.220778e+00 -1.275159e+00 -5.853128e-01 6.776012e-01 -3.810626e-01 6.576287e-01 -1.332617e-02 -4.097952e-01 -5.942952e-01 -2.099795e-02 -1.463286e-01 7.358176e-01 -6.525567e-01 3.933608e-01 -3.171847e-01 -1.554148e-01 8.154410e-01 -9.067986e-01 2.435921e-01 -2.881539e-03 
9.965650e+00 1.064642e+01 1.114788e+01 -2.631504e+00 -8.185252e+00 7.061321e+00 -4.874139e+00 -2.429848e-01 -4.404086e+00 -1.185291e+01 -6.886398e-01 -9.171243e+00 8.191915e-01 -7.004106e-01 3.548241e-01 1.428825e+00 -1.629355e-01 2.136874e+00 -3.949023e-01 1.457725e+00 -1.401602e+00 -4.595779e-01 2.346919e+00 -1.556842e+00 1.729044e+00 -1.675485e-02 -6.041004e-01 -1.016551e+00 -3.743795e-01 -4.704613e-01 1.020039e+00 -1.113913e+00 6.535137e-01 -1.091282e-01 -2.496223e-01 1.030304e+00 -1.020916e+00 -2.480737e-01 -4.488927e-03 
9.377396e+00 1.020045e+01 1.365546e+01 -3.054029e+00 -6.948508e+00 6.789919e+00 -3.384806e+00 -3.740440e+00 -2.206825e-01 -1.537839e+01 -7.424777e-01 -7.772549e+00 7.993398e-01 -1.889487e+00 -1.611730e+00 3.956414e-01 -1.519946e+00 4.373293e+00 -2.906725e+00 3.055479e+00 -1.149973e+00 -1.173828e+00 4.258649e+00 -3.376687e+00 8.902848e-01 -2.244056e-02 -5.955653e-01 -9.278940e-01 -7.125085e-01 6.731007e-02 3.956071e-01 -1.141757e+00 4.419891e-01 8.757975e-02 -3.839211e-01 7.597632e-01 6.575400e-03 -7.625598e-01 -6.872005e-03 
7.577777e+00 1.026051e+01 1.552446e+01 -3.833880e+00 3.902831e+00 4.966887e+00 -5.254791e-01 -3.553609e+00 -3.020703e+00 -2.430516e+00 -6.252852e+00 -3.525374e+00 7.740948e-01 -2.491488e+00 -2.769088e+00 -6.389775e-01 -2.042749e+00 4.070781e+00 -3.956899e+00 3.820069e+00 -9.851941e-01 -1.400353e+00 4.517691e+00 -3.403045e+00 -7.461044e-01 -2.945687e-02 -3.187040e-01 -4.535434e-01 -7.504911e-01 1.119271e+00 -1.197839e+00 -5.943919e-01 -4.643342e-01 -1.931074e-01 -2.598975e-01 -6.285591e-01 1.583269e+00 -1.097884e+00 -9.651329e-03 
2.376747e+00 1.619734e+00 1.118954e+01 -9.761354e+00 8.252314e+00 -4.264177e+00 7.019980e+00 -3.311737e+00 -6.615795e+00 2.737885e+00 -1.344057e+01 -8.495233e+00 7.415415e-01 -2.430676e+00 -2.414572e+00 -1.469212e+00 1.108993e+00 1.311967e+00 -3.866835e+00 2.249688e+00 -1.045651e+00 -2.034621e+00 3.391179e+00 5.748751e-01 -1.917521e+00 -4.133691e-02 1.811645e-01 3.386689e-01 -3.000980e-01 2.110969e+00 -2.027440e+00 6.272345e-01 -1.455825e+00 -2.482787e-01 2.168001e-01 -1.756403e+00 2.556273e+00 -3.755094e-01 -1.146734e-02 
1.008949e+00 1.091038e+00 9.185919e+00 -9.491465e+00 4.568426e+00 -7.196483e+00 9.023826e+00 -5.383542e+00 -8.208072e+00 1.677291e+00 -1.135471e+01 -1.254049e+01 7.008016e-01 -2.023346e+00 -1.511413e+00 -1.391367e+00 4.118879e+00 -2.321766e+00 -2.887036e+00 -4.610907e-01 -2.419308e+00 -1.328648e+00 -3.623140e-01 4.383901e+00 -2.356505e+00 -5.556481e-02 3.511863e-01 4.625306e-01 7.591455e-02 1.796997e+00 -1.512427e+00 1.292250e+00 -1.299055e+00 2.579242e-01 4.077748e-01 -1.838243e+00 1.734130e+00 5.082629e-01 -1.224443e-02 
5.082799e-01 2.712375e+00 9.479045e+00 5.319642e+00 -7.215397e-01 -6.462440e+00 3.088787e+00 -8.053438e+00 -7.799665e+00 -4.763310e-01 4.682411e+00 -1.285295e+01 6.293004e-01 -1.217741e+00 -5.474275e-01 -7.287475e-01 5.954074e+00 -2.567614e+00 -3.055032e-01 -2.082938e+00 -1.674348e+00 -1.256645e-01 -2.083320e+00 5.511236e+00 -1.821479e-01 -6.672278e-02 2.380021e-01 1.415967e-02 1.177102e-01 -1.787291e-01 -2.023655e-01 1.509337e+00 9.464448e-02 1.026133e+00 4.242151e-01 -9.122474e-01 -4.063146e-01 1.099980e+00 -1.166056e-02 
-1.605074e+00 2.157423e+00 9.422655e+00 9.219403e+00 -3.218889e+00 -8.369019e+00 -8.651363e-01 -1.327888e+01 -9.071781e+00 -2.634793e+00 6.605295e+00 -1.312905e+01 5.523883e-01 -1.342057e+00 -1.389912e+00 -6.297024e-01 4.519828e+00 -1.551606e+00 7.236511e-01 -5.088508e-01 6.187257e-01 -3.159448e-01 -1.936195e+00 2.799506e+00 9.274601e-01 -7.798520e-02 7.187022e-02 -5.165595e-01 -2.249252e-01 -1.744241e+00 6.784338e-01 1.217577e+00 1.212930e+00 1.652339e+00 3.075464e-01 6.366683e-01 -1.376245e+00 1.330197e+00 -1.067905e-02 
-2.405099e+00 -1.650633e+00 7.427669e+00 1.065376e+01 -6.917146e-01 -5.204910e+00 1.549620e+00 -7.735981e+00 -6.811899e+00 -5.522747e+00 5.135668e+00 -9.111797e+00 4.821520e-01 -1.581389e+00 -2.404283e+00 -1.261405e+00 1.476823e-02 -8.496314e-02 1.874532e+00 2.746820e+00 2.565903e+00 -4.198663e-01 -3.829895e-01 -6.646633e-01 1.940345e+00 -8.843020e-02 9.896492e-03 -5.207651e-01 -4.857026e-01 -2.077065e+00 5.770589e-01 2.237676e-01 9.900824e-01 1.011525e+00 2.201170e-01 1.319962e+00 -1.084307e+00 8.298055e-01 -6.036107e-03 
-4.244806e+00 -3.677665e+00 7.063420e+00 1.044048e+01 -3.204473e+00 -4.206709e+00 7.248603e+00 -2.448517e+00 -1.028166e+01 -5.480633e+00 2.416493e+00 -9.774052e+00 3.844571e-01 -1.482279e+00 -3.165667e+00 -2.249648e+00 -1.632723e+00 -1.709202e-01 2.110934e+00 3.188637e+00 3.722369e+00 3.561330e-01 1.970865e+00 5.904834e-01 3.233230e+00 -9.810317e-02 2.355851e-01 3.552682e-02 -4.335570e-01 -1.202763e+00 4.861005e-01 -5.669328e-01 -3.164802e-01 -4.935926e-02 3.837993e-01 1.260461e+00 -2.499995e-01 6.263021e-01 2.051236e-03 
-6.078413e+00 -6.391282e+00 4.351621e+00 4.782894e+00 -1.153008e+00 8.287235e-01 1.276617e+01 -6.391279e-01 -9.294316e+00 -9.681448e-01 3.453599e+00 -4.828267e+00 2.711092e-01 -1.098197e+00 -2.263415e+00 -2.347258e+00 -1.355012e+00 -3.725101e-01 1.196748e-01 1.018617e+00 1.831501e+00 6.389247e-01 2.562813e+00 1.194350e+00 2.813907e+00 -8.684074e-02 4.448833e-01 6.522573e-01 2.565079e-02 2.685739e-02 3.342706e-01 -1.017009e+00 -1.254584e+00 -4.574992e-01 2.439483e-01 5.267215e-01 1.083911e-02 3.305330e-01 1.044382e-02 
-7.179536e+00 -1.130025e+01 -2.875975e-01 3.991418e+00 -3.842729e+00 -8.315640e-01 9.470145e+00 1.784244e+00 -6.050078e+00 4.942334e+00 1.039868e+01 8.957165e-01 1.673885e-01 -4.057723e-01 -1.282937e+00 -2.254617e+00 -8.092849e-01 1.022758e+00 -1.233684e+00 -1.227248e+00 7.392617e-01 1.073627e+00 2.893020e+00 6.202276e-01 3.622158e+00 -6.852113e-02 4.466961e-01 1.004239e+00 5.002101e-01 3.707371e-01 2.965107e-01 -6.533821e-01 -1.028126e+00 -3.305120e-01 1.863350e-01 -1.819293e-01 -7.302309e-01 -4.142592e-01 1.519317e-02 
-6.428751e+00 -9.156331e+00 -6.330496e-01 7.102736e+00 -2.235160e+00 -6.293900e+00 5.531958e+00 -6.949446e-01 -5.732902e+00 2.080036e+00 7.116027e+00 -3.767165e-01 1.564789e-01 1.048280e-01 -8.427268e-02 -1.130780e+00 -2.626343e-01 9.896284e-01 -1.538200e+00 -1.318206e+00 1.769913e+00 4.411495e-01 1.789581e+00 -6.252007e-01 3.398654e+00 -5.100080e-02 3.869883e-01 7.462049e-01 6.519423e-01 5.675684e-01 7.934517e-02 1.769936e-01 -1.397448e-01 1.401904e-01 4.295510e-01 -5.352485e-01 -1.343703e+00 -8.218926e-01 1.101928e-02 
-6.098894e+00 -8.709636e+00 -1.717160e+00 5.234227e+00 2.450352e+00 -6.813525e+00 4.729808e+00 1.275693e+00 -6.694237e+00 7.460459e+00 3.686048e+00 6.111218e+00 9.915493e-02 1.497335e-01 7.659288e-01 -3.567485e-01 -3.254076e-01 6.304505e-01 -3.269217e-01 -7.835784e-01 2.100601e+00 1.386734e+00 1.447986e+00 -2.150990e+00 8.696068e-01 -4.005627e-02 2.607749e-01 5.496271e-01 6.985910e-01 8.481170e-01 -2.175718e-01 4.839960e-01 1.000051e-01 -3.195126e-01 3.717575e-01 -1.230617e+00 -1.293229e+00 -1.304520e+00 7.171634e-03 
-6.094972e+00 -8.108288e+00 -5.873280e-01 2.848681e+00 6.484232e-01 -3.870595e+00 8.545158e+00 8.464798e+00 -6.766284e+00 6.720802e+00 3.683501e+00 9.557104e+00 5.021085e-02 5.590213e-01 4.431882e-01 -3.631477e-02 1.241001e+00 2.203636e-01 5.515046e-01 9.805901e-02 1.851862e+00 2.630100e+00 6.091325e-01 -4.138551e+00 8.079077e-02 -4.597812e-02 1.328998e-01 4.581893e-01 6.113351e-01 9.680052e-01 2.689062e-02 3.311827e-01 -3.318509e-01 -1.320628e+00 -5.875576e-02 -1.375379e+00 -5.771137e-01 -9.199304e-01 4.927172e-03 
-6.597819e+00 -7.994996e+00 -2.094109e+00 4.491776e+00 -2.132263e+00 -3.677909e+00 4.045685e+00 7.707785e+00 1.400157e+00 9.861924e+00 1.360472e+00 2.766950e-01 2.024007e-02 6.709790e-01 1.201394e+00 6.910102e-01 2.679556e+00 3.194956e-01 1.413594e-01 -1.435397e+00 -8.993484e-01 1.837881e+00 -2.669724e+00 -4.089223e+00 -1.241473e+00 -3.517891e-02 2.719324e-02 4.501173e-01 5.044689e-01 3.783419e-01 1.480003e-02 4.041357e-02 -4.640607e-01 -1.397856e+00 -9.480841e-01 -9.980448e-01 5.538976e-01 2.675758e-01 4.752151e-03 
-3.383778e+00 -7.297620e+00 -6.259373e-01 1.367866e+01 1.157934e+00 -5.104463e+00 6.364271e+00 5.348369e+00 3.370147e+00 3.924822e+00 -1.241365e+01 2.943892e+00 -3.395680e-02 5.087321e-01 1.988954e+00 1.401993e+00 3.075119e+00 1.279606e+00 -1.164613e-01 -2.651498e+00 -3.333068e+00 -7.823421e-02 -3.028548e+00 -2.541493e+00 -1.453116e-01 -2.880746e-02 -2.180958e-01 3.758410e-01 2.304695e-01 -9.801778e-01 -3.268056e-01 1.614206e-01 -2.630931e-01 -6.261559e-01 -1.145188e+00 -6.913212e-03 1.731935e+00 5.721598e-01 5.826076e-03 
-4.099268e+00 -3.107967e+00 1.757174e+00 1.321671e+01 3.792478e+00 -5.490317e+00 -1.356918e+00 -1.662821e+00 -2.573074e+00 -4.490229e+00 -8.711205e+00 3.210660e+00 -3.464194e-02 3.108791e-01 2.243757e+00 1.446492e+00 6.491169e-01 1.748268e-01 2.090740e-01 -1.729086e+00 -2.296132e+00 -1.999383e+00 -1.723448e+00 -1.799211e-01 2.320685e+00 -2.488378e-02 -2.576744e-01 -2.005971e-01 -1.653515e-01 -1.587863e+00 -6.784092e-01 5.828817e-01 4.957044e-01 8.100451e-01 -3.121749e-01 1.111204e+00 1.801722e+00 6.084038e-01 2.846529e-03 
-4.799943e+00 -6.065470e-01 4.496914e+00 1.386161e+01 4.083769e+00 -3.546554e+00 -2.010878e+00 -3.515623e+00 -5.171022e+00 -1.245516e+00 -3.988389e+00 7.364000e+00 -6.638708e-02 -3.513229e-01 1.801180e+00 7.384900e-01 -2.644942e+00 -1.341190e+00 1.324834e+00 -1.070567e+00 -5.806006e-01 -1.177184e+00 1.015352e-01 2.566559e+00 1.160455e+00 -2.199551e-02 -1.506461e-01 -6.143736e-01 -3.710120e-01 -1.182569e+00 -6.867796e-01 5.720962e-01 5.812004e-01 1.405698e+00 4.823331e-01 9.895179e-01 9.305460e-01 -2.222107e-01 2.567897e-03 
-4.335005e+00 -1.217283e-01 2.576607e+00 7.646054e+00 -2.720810e+00 -3.411819e+00 -4.118230e-01 6.589965e-01 -4.325645e+00 3.829944e+00 -3.751940e+00 9.670100e+00 -8.796042e-02 -1.872407e-01 2.923338e-01 1.958948e-01 -2.399849e+00 -1.762278e+00 2.335097e+00 2.526022e-01 1.774689e+00 8.265203e-01 1.321387e+00 2.365270e+00 1.147574e+00 -2.435245e-02 -6.153987e-03 -5.780155e-01 -1.782765e-01 6.794913e-02 -2.700551e-02 5.273990e-02 1.116562e-01 7.970670e-01 7.753388e-01 3.052849e-01 5.321369e-03 -8.237271e-01 6.485553e-03 
-5.022608e+00 2.149113e-01 2.656366e+00 3.239365e+00 -2.290833e+00 4.800535e-01 5.389547e-01 1.284220e+00 -1.639024e+00 2.730073e-01 -2.060413e+00 5.516270e+00 -1.172988e-01 4.616748e-03 -1.069689e-01 1.721549e-01 -1.313317e+00 -1.185777e+00 1.680967e+00 -7.362460e-01 1.659935e+00 9.203740e-01 3.966847e-01 8.385972e-01 -6.699460e-01 -1.623260e-02 2.525797e-01 -7.890611e-02 4.833139e-02 9.213536e-01 4.264381e-01 -6.804560e-01 -2.732673e-01 -1.065093e-01 2.889789e-01 -2.246603e-01 -6.242025e-01 -4.341263e-01 1.118870e-02 
-4.924566e+00 -2.056687e+00 3.657161e+00 6.528082e+00 -1.831031e+00 4.171513e+00 -1.368721e+00 4.810747e+00 -2.066142e-01 1.357805e+00 2.150942e+00 9.872511e+00 -1.309666e-01 1.021362e-01 3.076159e-01 8.381977e-01 3.229420e-01 -3.776349e-02 2.946151e-01 -1.337881e+00 5.689528e-01 8.285339e-01 -3.444852e-01 7.104910e-01 -8.829410e-01 4.666461e-03 2.062788e-01 3.505396e-01 6.110779e-02 7.086096e-01 4.607567e-01 -8.853811e-01 -2.408302e-01 -9.417034e-01 -3.447671e-01 -2.859730e-01 -5.643225e-01 -5.826242e-02 1.259727e-02 
-4.482286e+00 -1.738787e-01 4.817473e+00 7.854284e+00 -2.290336e+00 1.066804e+00 -5.214234e+00 2.708320e+00 -2.628921e+00 1.973541e+00 -2.746482e+00 3.913201e+00 -1.260476e-01 7.670301e-01 1.398852e+00 6.589889e-01 6.003445e-01 -7.114861e-02 -1.057414e+00 -1.641692e+00 -5.102146e-01 2.666419e-01 -1.886702e-01 2.728683e-01 4.971325e-03 1.943477e-02 2.247251e-02 4.210654e-02 -2.911347e-01 3.233825e-01 2.769333e-01 -4.268310e-01 4.316508e-01 -7.054211e-01 -5.467380e-01 -1.983643e-01 -3.043618e-01 3.965776e-01 5.333219e-03 
-4.094911e+00 1.610383e+00 5.687200e+00 6.953640e+00 -2.910697e+00 -2.231556e+00 -4.224551e+00 2.791270e+00 3.117818e-01 1.257119e+00 1.440277e-01 6.057177e+00 -6.025589e-02 4.628478e-01 1.292179e+00 2.580603e-01 1.864716e-01 -1.589048e-02 -7.226991e-01 -4.987285e-01 -1.848805e+00 -5.705469e-01 1.842370e-01 -1.735894e-01 5.187582e-01 2.080170e-02 -1.089526e-01 -3.937154e-01 -6.706138e-01 -1.570419e-02 7.288135e-02 -7.448534e-02 6.320714e-01 -2.408294e-01 -5.576982e-01 -2.096340e-01 -2.757699e-01 3.218076e-01 -4.246699e-03 
-1.602460e+00 5.375640e+00 4.936349e+00 6.028735e+00 -2.106912e+00 -1.604723e+00 -6.241074e+00 -2.573266e-01 -5.647166e-01 -6.200994e-01 3.073601e-01 7.448992e+00 -5.547743e-02 -6.341436e-02 -3.887050e-01 -9.935305e-01 3.718682e-01 1.878739e-01 5.541920e-02 1.002365e+00 -6.581509e-01 -1.113757e+00 -8.595735e-01 -2.410292e-01 6.120918e-01 2.364022e-03 -1.830114e-01 -5.518323e-01 -4.494037e-01 -2.049946e-01 -6.792750e-02 6.534135e-02 3.858123e-01 2.192810e-01 -2.357417e-01 -2.972427e-01 -2.745158e-01 -1.763463e-01 -6.255933e-03 
-4.050029e+00 1.629445e+00 4.888088e+00 8.372837e+00 -2.001530e+00 1.894051e+00 -3.348524e+00 -2.950479e+00 -4.091173e+00 3.575808e+00 -2.441140e-01 1.069836e+01 -6.224106e-02 -2.744107e-02 -7.671272e-01 -1.688613e+00 3.586366e-01 1.970835e-01 -6.340982e-01 5.003844e-01 -5.613701e-01 -1.269808e+00 -1.057339e+00 -4.113958e-01 4.227127e-01 -8.035555e-03 6.918885e-02 -6.595016e-02 6.040492e-03 -4.041266e-01 -1.968783e-01 -2.308755e-01 -2.511685e-01 3.657644e-01 5.531709e-02 -2.759778e-01 -2.580253e-01 -4.963676e-01 9.703101e-04 
-4.821730e+00 -2.127180e+00 2.493773e-01 9.003592e+00 -1.805182e+00 -7.185602e-01 -6.408839e-01 2.288532e+00 -5.996363e+00 -3.483366e+00 -3.757396e+00 4.653079e+00 -1.132406e-01 9.724183e-02 -3.306026e-01 -6.146855e-01 -5.106503e-01 -5.171789e-01 -7.749817e-01 -2.121679e-01 -5.748216e-02 -5.623808e-01 -1.054342e+00 -9.808060e-01 -8.287036e-01 2.572922e-03 2.393994e-01 6.180698e-01 5.467103e-01 -4.012508e-01 -1.109421e-01 -3.523778e-01 -9.064738e-01 -1.469567e-01 1.052510e-01 2.899232e-01 -3.480021e-01 -6.543646e-01 1.070845e-02 
-2.622535e+00 1.526583e+00 -4.125699e-01 7.259414e+00 -2.076093e+00 -5.845748e+00 -4.523117e+00 -1.287996e+00 -3.321679e+00 -2.597520e+00 1.192914e-01 9.568895e+00 -7.153446e-02 7.286096e-01 9.332758e-01 9.894758e-02 -1.393015e+00 -6.476495e-01 -1.461971e+00 -1.147411e+00 -3.202983e-01 -5.696520e-01 -1.098240e+00 -1.093893e+00 -1.242603e+00 2.554736e-02 1.041978e-01 5.811012e-01 6.052440e-01 -7.641516e-02 -1.101051e-01 -1.729308e-01 -6.725221e-01 -4.592560e-02 -3.167969e-02 5.554995e-01 -1.838493e-01 -5.866644e-01 1.086246e-02 
-1.829918e+00 3.774084e+00 4.513679e+00 4.032357e+00 -4.655460e+00 -1.610035e+00 -6.714932e+00 -1.375985e+00 -3.761633e+00 -2.804701e+00 -4.778132e+00 3.870459e+00 -3.796227e-02 7.555284e-01 1.851415e+00 8.461478e-01 -7.588202e-01 5.561251e-02 -1.292486e+00 -2.706101e+00 -1.513340e+00 -9.375720e-01 6.106307e-01 -1.639596e+00 -1.827125e+00 3.911677e-02 -1.100856e-01 1.477891e-01 1.952105e-01 4.626343e-01 1.432393e-01 -7.393505e-02 -1.972891e-01 6.732698e-02 3.884070e-02 6.865771e-01 6.552233e-01 1.932979e-01 1.779605e-03 
-1.902251e+00 3.344653e+00 3.250746e+00 3.893874e+00 -3.814892e+00 -4.970210e+00 -6.048732e+00 -2.719460e+00 -8.056731e+00 -2.254799e+00 -5.203015e+00 4.876614e+00 2.788209e-02 1.644164e-01 1.047665e+00 6.070923e-01 1.004661e-01 -6.399748e-01 -1.239937e+00 -1.615175e+00 -6.288679e-02 -1.240723e+00 8.876517e-01 -1.001126e+00 -2.011532e+00 2.800420e-02 -2.417750e-01 -1.965950e-01 7.740019e-02 5.767071e-01 2.134577e-01 5.039712e-01 2.240645e-01 1.854100e-01 3.827898e-01 4.590361e-01 1.276910e+00 6.489881e-01 -7.668698e-03 
-1.404197e+00 6.220836e+00 2.648746e+00 6.892485e+00 -6.579129e-01 -7.619040e+00 -1.340797e+01 -4.562572e+00 -8.316356e+00 -6.017048e-01 -9.294690e+00 -2.136506e+00 3.264298e-02 -1.712118e-01 3.510414e-01 1.072289e-01 1.055912e+00 1.952928e-01 -1.255502e+00 -9.647816e-01 1.505335e-01 -3.270563e-02 1.385660e+00 2.248944e+00 5.222611e-01 1.024318e-02 -1.368615e-01 -3.065510e-01 5.778989e-02 1.326223e-01 8.766907e-02 8.387079e-01 8.199657e-01 2.033930e-01 5.435517e-01 -2.317710e-01 1.052501e+00 7.499792e-01 -8.690817e-03 
-2.013366e+00 5.541442e+00 3.555557e+00 6.331983e+00 -7.274595e+00 -9.040764e+00 -9.252525e+00 -9.252665e-03 -7.248016e+00 7.391654e-01 -2.628257e+00 2.514507e+00 3.317002e-02 -1.691828e-02 7.002610e-01 8.553125e-01 5.832664e-01 3.499388e-01 1.039475e+00 -8.977749e-01 -2.251515e-01 8.919606e-01 8.094446e-01 3.346535e+00 8.276857e-01 1.641955e-03 8.304891e-02 -7.788863e-02 2.386804e-02 -2.481313e-01 2.528451e-01 7.688220e-01 6.629221e-01 -2.195873e-01 3.057798e-01 -5.059338e-01 -8.797859e-02 1.263583e-01 -3.451406e-03 
-2.630378e+00 4.431539e+00 4.897232e+00 8.092839e+00 -1.948839e+00 -5.852026e+00 -9.936648e+00 -1.978727e+00 -4.329482e+00 2.626549e+00 5.179320e+00 7.662211e+00 1.061288e-02 1.619693e-01 4.923634e-01 1.010892e+00 -3.371006e-01 -9.247412e-04 1.761320e+00 1.035013e+00 -4.151936e-01 7.137616e-01 -5.089898e-01 1.448943e+00 5.030519e-01 8.848999e-03 1.616018e-01 6.610659e-04 -1.492572e-01 -4.302003e-01 -6.597441e-02 2.047278e-01 5.539051e-01 -1.145988e-01 -2.291800e-01 -5.353826e-01 -1.330912e+00 -7.307008e-01 1.208338e-03 
-1.374130e+00 7.740750e+00 6.402997e+00 6.210178e+00 -1.419942e+00 -6.562632e-01 -1.227316e+01 -5.137019e+00 -5.590514e+00 1.776458e-01 4.292451e+00 4.115611e+00 4.711891e-02 4.131704e-01 5.876876e-01 2.745126e-01 -4.435690e-01 7.224195e-01 1.095615e+00 6.995513e-01 -8.779812e-01 -8.505790e-02 -6.946194e-01 -1.041031e+00 -1.370174e+00 1.144208e-02 5.427134e-02 -1.952384e-01 -4.344979e-01 -1.633277e-01 -1.439122e-01 -6.228415e-01 3.603221e-01 1.628293e-01 -4.066347e-01 -1.139085e-01 -1.246202e+00 -5.929288e-01 2.856303e-04 
-9.139857e-01 7.582500e+00 6.279549e+00 5.268090e+00 -3.590210e+00 -3.005198e+00 -6.722801e+00 -4.074564e+00 -5.576019e+00 -2.866178e+00 -5.510036e+00 -4.214236e-01 6.992199e-02 4.218579e-01 4.108082e-01 -3.485776e-01 -5.815780e-01 -3.208335e-01 -2.598724e-01 1.006071e+00 -9.594305e-02 -6.901293e-01 -5.392539e-01 -2.211804e+00 -2.032323e+00 1.138759e-02 -3.636665e-02 -2.277978e-01 -4.208301e-01 7.849367e-02 -1.349838e-01 -7.810476e-01 -1.463312e-03 2.997101e-01 -2.660266e-01 2.477288e-01 -5.019345e-01 -2.243585e-01 -2.373280e-03 
-8.054857e-01 6.903826e+00 4.237317e+00 5.526355e+00 -2.842099e+00 -4.986146e+00 -7.361898e+00 -3.351274e+00 -7.050208e+00 1.257834e-02 -2.488933e+00 -2.941803e-01 6.073400e-02 1.245277e-01 -2.352784e-01 -6.373212e-01 -1.109322e-01 -2.096777e-01 -1.064065e+00 9.183924e-01 4.295635e-01 -4.393306e-01 2.548032e-01 -1.054136e+00 -8.692687e-01 1.805442e-03 -8.746383e-02 -2.291545e-01 -2.112574e-01 1.135782e-01 -1.753012e-01 -5.123999e-01 3.496685e-02 3.140267e-01 -4.577655e-02 2.693291e-01 1.131681e-01 2.164762e-01 -2.885740e-03 
