-6.548206e+00 -1.091487e+01 4.265791e+00 4.170742e+00 -9.058537e-01 -8.738425e-01 1.134256e+00 7.648786e+00 5.512657e+00 3.991317e+00 -1.265440e+00 5.921324e+00 5.579743e-02 -1.214841e-01 1.650028e-01 -1.074661e+00 -1.302015e+00 -9.337829e-01 9.808463e-01 -3.482365e-01 1.523584e+00 6.036364e-01 -1.516704e+00 -1.356695e+00 6.745145e-01 -2.472330e-03 -1.039283e-01 -5.613505e-02 8.911055e-02 2.942282e-01 -2.632933e-01 6.759049e-02 2.305809e-01 -2.165393e-01 1.924604e-01 3.787385e-01 1.778507e-01 -1.326174e-01 -1.139887e-03 
-6.388903e+00 -9.556094e+00 2.114957e+00 -2.753096e-01 -2.274872e+00 -8.626015e-01 6.080640e-01 1.643358e+01 6.512715e+00 -3.513254e+00 -8.648339e-01 8.240217e+00 4.592429e-02 -4.056686e-01 7.895804e-02 -1.146707e+00 -7.158771e-01 -1.921978e+00 1.494763e+00 7.461650e-01 1.540099e+00 1.105023e+00 -9.204135e-01 -1.466104e+00 7.400515e-01 -6.967779e-03 -1.194876e-01 -6.984539e-02 3.986403e-01 7.385417e-01 1.083766e-01 -2.787969e-03 3.053615e-01 -6.668165e-01 -2.120939e-01 4.730545e-01 5.591171e-01 -3.895454e-01 -8.204734e-04 
-7.235659e+00 -1.076943e+01 -3.175151e-02 -1.165437e-01 -4.889821e+00 4.024437e+00 -3.441583e-01 1.087453e+01 8.030305e+00 1.601957e-01 -8.248680e+00 8.134332e+00 4.836622e-02 -4.989663e-01 -7.275243e-02 -5.932475e-01 -1.239914e-01 -1.756025e+00 1.061710e+00 2.573430e-01 4.327061e-01 1.315142e+00 7.880104e-02 -4.126614e-01 -2.143084e-02 -5.921747e-03 -7.576419e-02 -1.352391e-02 4.680779e-01 7.234198e-01 6.194365e-01 -2.265100e-01 3.756641e-01 -6.137129e-01 -6.793838e-01 2.912245e-01 9.351750e-01 -4.431181e-01 1.285048e-03 
-8.233130e+00 -1.059286e+01 6.816782e-01 2.734550e+00 -8.523874e+00 4.150899e+00 5.604275e+00 1.373616e+01 9.778751e+00 1.304678e+00 -5.103806e+00 8.515141e+00 2.466717e-02 -5.301117e-01 -6.534187e-02 6.778376e-01 1.801772e+00 1.933023e-02 9.264450e-01 8.756790e-01 -1.265085e+00 -8.125433e-01 5.078900e-02 9.668600e-01 -9.253893e-01 -4.857035e-03 9.348331e-02 6.460949e-02 3.035947e-01 1.875142e-01 6.785784e-01 -5.332509e-01 2.759808e-01 -2.697295e-01 -9.953873e-01 -2.742296e-02 8.224097e-01 -4.624232e-01 4.040261e-03 
-8.121489e+00 -1.076009e+01 2.016837e+00 2.045956e+00 -6.561453e+00 1.927985e+00 -7.741082e-02 1.116076e+01 1.045523e+01 1.976532e+00 -1.209542e+00 5.677031e+00 3.682413e-02 -4.381982e-01 1.695315e-01 3.534468e-01 1.056167e+00 1.192698e+00 1.324584e-01 1.465313e+00 -1.422771e-01 -1.834646e+00 -5.462103e-01 2.102673e+00 -7.083366e-01 2.888586e-03 2.087003e-01 1.418081e-01 -7.469238e-02 -4.011950e-01 9.350856e-03 -4.155785e-01 3.796689e-01 1.614184e-01 -4.289648e-01 -1.237933e-01 4.180303e-01 -2.645555e-01 4.248858e-03 
-8.596394e+00 -9.887005e+00 4.479912e+00 7.652640e+00 -1.342306e+00 4.818054e+00 4.853069e+00 9.965219e+00 1.237574e+00 -4.167243e+00 4.499461e-01 4.842048e+00 2.742533e-02 3.133600e-02 2.808956e-01 -1.019813e-01 -3.683659e-01 -3.549366e-03 -7.068437e-01 1.522097e+00 4.789495e-01 -2.297041e+00 -7.451314e-01 1.388201e+00 -1.228524e+00 8.828556e-03 1.952419e-01 5.300244e-02 -3.615783e-01 -9.004638e-01 -8.885341e-01 -4.149358e-01 -1.365141e-01 2.663273e-01 7.687672e-01 2.496360e-01 1.048006e-01 -2.401182e-01 2.282401e-03 
-9.244771e+00 -1.027440e+01 -1.633417e-01 2.705351e+00 -2.517286e+00 4.353799e+00 7.358130e+00 1.204800e+01 3.127939e+00 1.652443e-01 -5.119745e-01 6.428818e+00 6.143672e-02 2.636115e-01 4.631746e-01 -5.766216e-01 -1.044994e+00 -1.697961e+00 -1.995145e-01 1.832328e+00 3.677453e-01 -8.754059e-02 -1.422223e-01 1.466990e+00 -1.192571e+00 8.479878e-03 1.246017e-01 -2.415722e-02 -7.284589e-02 -2.903011e-01 -6.503401e-01 -1.079272e-01 -6.193845e-01 -3.067332e-01 9.661022e-01 4.107402e-01 6.358898e-03 -3.464741e-01 -1.772195e-03 
-7.514761e+00 -9.431113e+00 1.261684e+00 5.635335e-01 -1.056369e+01 -5.961890e-01 9.497327e+00 1.568718e+01 1.956632e+00 -1.515167e+00 1.488145e+00 1.996753e+00 5.651771e-02 9.528789e-02 5.291818e-02 -6.649239e-01 -1.649854e+00 -2.978100e+00 -9.823710e-01 9.477054e-03 -1.883981e-01 2.157618e+00 1.097045e+00 1.808826e+00 -1.883791e+00 3.766506e-03 -1.812288e-02 -6.984539e-02 9.066549e-02 1.368620e-01 3.899290e-01 2.796364e-01 -9.662734e-01 -5.017062e-01 5.393376e-01 1.094403e-01 -2.012021e-01 -7.738660e-02 -4.360097e-03 
-7.344294e+00 -8.671887e+00 7.426590e-01 3.658367e-01 -1.044061e+01 3.637746e+00 6.762383e+00 1.013786e+01 9.658593e+00 -6.116664e-02 5.606586e+00 1.136811e+00 6.468677e-02 1.527338e-01 1.627385e-01 2.706864e-01 2.455266e-01 -5.715734e-01 -2.692482e-01 -8.752395e-01 -1.342279e+00 7.685992e-01 5.864455e-01 1.923966e+00 -2.113068e+00 -3.431193e-03 -7.084039e-02 -7.860911e-02 8.750702e-02 1.525986e-01 9.151460e-01 3.954341e-01 -9.364194e-01 -1.735197e-01 -3.566939e-01 -3.083166e-01 -3.978252e-01 4.072550e-01 -5.450882e-03 
-9.070009e+00 -1.042384e+01 7.023108e-01 5.732663e-01 -1.227134e+01 2.643120e-01 5.198415e+00 9.978200e+00 8.760243e+00 1.430893e+00 6.435165e+00 -1.930843e+00 4.462427e-02 -3.823692e-03 8.183993e-02 -7.242405e-02 -3.292792e-01 1.383056e+00 7.262164e-01 -1.955379e+00 -1.174555e+00 -2.838730e-02 -5.624030e-01 1.537231e-01 -1.155180e+00 -7.005137e-03 2.927693e-02 5.993551e-02 -5.277748e-02 7.084198e-02 7.472200e-01 3.808657e-01 -5.181357e-01 -6.692293e-02 -6.012405e-01 -5.489001e-01 -3.525108e-01 1.051549e+00 -5.513896e-03 
-7.703263e+00 -8.964547e+00 1.469844e+00 3.928030e+00 -4.521094e+00 2.577154e+00 5.131294e+00 8.192035e+00 3.569308e+00 1.624682e+00 6.634885e+00 -2.172489e+00 5.022842e-02 -4.105975e-02 5.569714e-02 -4.354857e-01 -9.421862e-01 6.971764e-01 9.232650e-01 -1.867235e+00 -6.727855e-03 -7.778845e-01 -8.542247e-01 3.053917e-01 4.794444e-01 -1.338095e-02 7.845256e-04 8.591506e-02 -1.270743e-01 -2.040570e-01 -1.839323e-01 -6.550728e-02 2.848386e-02 2.468083e-01 -8.796001e-02 -1.819989e-01 -3.032899e-01 8.505624e-01 -4.533927e-03 
-7.354170e+00 -8.875592e+00 5.363330e-01 -2.864226e+00 -6.608216e+00 3.565241e+00 5.357257e-01 1.078756e+01 4.858882e+00 -5.169587e+00 1.742600e+00 -2.124462e+00 2.872535e-02 3.387757e-01 4.060516e-01 -5.756363e-01 -7.017533e-01 1.235595e-01 3.256455e-01 -2.085247e+00 -1.190704e+00 -7.537667e-02 -9.270324e-01 8.556603e-01 2.077602e+00 -1.883527e-02 -6.663875e-02 1.965326e-01 1.963526e-01 2.610337e-01 -2.956735e-01 -4.784585e-01 5.507833e-01 3.624937e-01 1.014677e-01 2.531968e-01 4.015047e-03 1.985701e-01 -8.617581e-04 
-8.407891e+00 -9.167363e+00 -1.351321e+00 -2.626382e+00 -9.785930e+00 6.603130e+00 -2.426064e-01 9.699760e+00 7.719502e+00 -1.032054e+00 9.479305e+00 3.631172e+00 5.746579e-03 -1.448234e-02 4.303417e-01 -1.130653e-01 -5.885986e-01 -8.615850e-01 -3.964496e-01 -6.679463e-01 -1.001932e-01 3.523599e-01 -1.411585e-01 5.649048e-02 5.233069e-01 -2.019262e-02 -1.343246e-01 1.797453e-01 5.106443e-01 6.322581e-01 2.610366e-01 -5.357146e-01 8.374181e-01 5.031513e-01 -1.098215e-01 1.352790e-01 -1.195580e-01 -4.224707e-01 4.952871e-03 
-7.024399e+00 -8.292497e+00 -7.653553e-01 3.415048e-01 -9.021064e+00 -1.206933e-01 -2.541086e+00 3.270993e+00 6.308351e+00 -1.875949e+00 9.290648e+00 5.555641e+00 -2.731615e-02 -3.502989e-01 8.772392e-01 7.482824e-01 7.989823e-01 6.839570e-01 -1.006108e+00 1.989643e-01 6.845977e-01 -8.637419e-02 3.471021e-01 2.982290e-01 -1.841434e-01 -7.914189e-03 -2.294525e-01 -5.442125e-02 3.910599e-01 4.313088e-01 5.564134e-01 -6.545372e-02 9.029149e-01 7.195042e-01 -4.872234e-01 6.541762e-03 5.082696e-02 -7.052178e-01 9.541996e-03 
-7.940716e+00 -7.104510e+00 1.555125e+00 -6.177814e-01 -7.622482e+00 2.437766e+00 3.329792e+00 1.144893e+01 4.606266e+00 -7.283604e-01 3.143557e+00 -3.395845e+00 -2.271336e-02 -3.682941e-01 7.187358e-01 1.455809e+00 1.468713e+00 1.722182e+00 -1.089470e+00 1.177671e+00 1.571418e+00 -1.321428e+00 -8.149842e-01 -1.352417e-02 -5.019670e-01 5.927061e-03 -1.619636e-01 -3.494664e-01 -7.420646e-02 1.551189e-01 6.602075e-01 6.675749e-01 4.579811e-01 -6.634948e-03 -3.983238e-01 -1.291801e-01 2.702374e-01 -1.282353e-01 9.857063e-03 
-9.339666e+00 -5.520676e+00 2.824260e+00 1.267755e-01 -4.270081e+00 6.178425e-01 -2.558221e-01 1.333635e+01 5.983829e+00 -3.585876e+00 6.401975e+00 4.685982e-01 3.374917e-03 -6.314381e-01 -1.027736e-02 5.953236e-01 4.260155e-01 1.613682e+00 3.447257e-01 1.506417e+00 1.571173e+00 -1.674682e+00 -5.573207e-01 1.145030e+00 -9.358671e-01 1.582078e-02 -7.576419e-02 -5.763103e-01 -5.024945e-01 -9.629810e-02 1.316267e-01 1.004202e+00 1.159342e-01 -4.801532e-01 -1.964278e-02 1.805653e-01 7.732550e-02 -9.365186e-02 5.411349e-03 
-9.091908e+00 -6.959514e+00 4.132826e+00 4.824662e+00 -3.550365e+00 7.870200e-01 4.503202e+00 1.252439e+01 1.274473e+00 -4.251904e+00 1.085581e+01 3.664828e+00 2.001169e-02 -6.839008e-01 -8.732979e-01 -4.076526e-01 3.734619e-01 1.974671e+00 2.265921e+00 9.681636e-01 -5.766953e-01 -8.452026e-01 -3.348790e-01 9.844084e-01 2.580772e-01 1.722795e-02 2.527224e-02 -2.969230e-01 -5.107551e-01 -9.199512e-02 -2.592273e-01 5.903942e-01 -2.128603e-01 -5.894765e-01 5.934681e-01 5.320818e-01 -6.923030e-02 -1.005607e-01 1.172058e-03 
-9.605887e+00 -8.416143e+00 9.223920e-01 -2.497610e-01 -2.988675e+00 2.428211e+00 4.404433e+00 1.058960e+01 -3.987557e-01 -2.900429e+00 1.115917e+01 -2.653890e+00 3.042943e-02 -5.713621e-01 -1.208317e+00 -8.324150e-01 8.650029e-01 1.215882e+00 2.337245e+00 8.833860e-01 -6.420231e-01 -4.227981e-01 1.009936e+00 1.857758e-01 -1.032324e+00 1.348589e-02 2.023322e-01 6.651803e-02 -6.400219e-02 2.921381e-01 -3.296801e-01 -5.527469e-01 -3.616206e-01 -3.505318e-01 7.234743e-01 4.626916e-01 -2.597984e-01 8.412113e-02 -9.508463e-04 
-1.122683e+01 -1.002310e+01 4.675576e-01 1.437658e+00 1.609657e+00 1.286214e+01 5.840417e+00 9.939258e+00 3.572147e+00 -2.745864e+00 5.686940e+00 -5.444992e-01 4.991220e-02 -2.722278e-01 -1.669282e-01 -3.841300e-01 7.892928e-01 6.248769e-01 8.663651e-01 4.249492e-01 -2.695074e-01 1.020042e+00 1.061823e+00 1.197006e-01 -9.564116e-01 1.295665e-02 2.851177e-01 2.995940e-01 2.709896e-01 2.142542e-01 -3.865302e-01 -1.484431e+00 -3.788777e-01 1.357105e-01 4.034008e-01 6.168878e-02 2.022668e-02 -1.797102e-02 -8.443751e-04 
-1.112893e+01 -1.003022e+01 4.946092e-01 6.145277e+00 -7.709406e-01 6.266461e+00 3.492553e+00 1.141843e+01 2.721577e+00 7.108830e-01 9.916013e+00 -2.588468e+00 5.586770e-02 1.743280e-01 -3.075930e-02 2.634203e-01 1.678928e+00 6.400282e-01 -1.719231e+00 -3.012125e-02 -3.350800e-01 1.010378e+00 1.057804e+00 2.781737e-01 9.207758e-02 1.320570e-02 2.515045e-01 1.774862e-01 1.170508e-01 -2.014752e-01 -1.895877e-01 -1.127986e+00 -3.292545e-01 2.097180e-01 3.533984e-01 -5.341547e-01 1.398282e-01 4.723161e-01 -5.206158e-04 
-9.691336e+00 -6.987090e+00 2.425821e+00 5.574085e+00 -1.534731e+00 3.199908e+00 7.083732e+00 1.076224e+01 4.814414e+00 -7.481665e-01 1.207626e+01 -1.150316e+00 7.206527e-02 3.690906e-01 3.593567e-02 3.993836e-01 1.037937e+00 3.298826e-01 -3.127986e+00 -4.694233e-01 -5.162548e-02 4.553366e-01 -5.038531e-02 1.039203e+00 -3.941083e-01 1.314967e-02 1.705572e-01 -3.486843e-02 -2.327615e-01 -4.188373e-01 -1.940973e-01 -1.648084e-01 -2.679446e-01 3.264854e-01 3.016517e-01 -5.565695e-01 -1.994442e-01 5.384825e-01 -2.450134e-03 
-9.502404e+00 -1.008849e+01 1.260767e+00 6.077147e+00 1.783808e+00 -1.336411e+00 3.631665e+00 8.502276e+00 4.031492e+00 1.389727e+00 9.355863e+00 -1.890380e+00 8.538172e-02 3.654915e-01 -4.222835e-01 -6.389381e-01 -2.667075e-01 4.155031e-01 -1.305485e+00 -3.158138e-01 2.976462e-01 1.626572e+00 -1.104797e+00 4.250075e-01 1.048014e+00 1.078364e-02 2.106698e-01 8.731726e-02 -4.318906e-01 -5.398125e-01 -1.637501e-01 6.885706e-01 -3.320943e-01 2.916889e-01 3.191526e-01 -2.720237e-01 -5.029730e-01 3.446811e-01 -4.464395e-03 
-1.019501e+01 -9.814507e+00 2.081486e+00 6.661722e+00 1.981609e+00 1.023644e+00 3.423693e+00 1.113934e+01 5.193811e+00 -3.336941e+00 1.116325e+01 -2.864527e+00 1.009117e-01 4.848130e-01 -1.455199e-01 -1.096829e+00 -3.320711e-01 -2.333622e-01 -1.646477e-01 -7.719473e-01 1.046715e+00 2.220104e+00 -6.397021e-01 -9.507536e-01 1.257876e+00 1.911044e-03 3.408552e-01 8.466867e-02 -5.280052e-01 -1.752271e-01 7.333500e-02 7.706252e-01 -5.079416e-01 -1.639117e-01 2.431282e-02 4.051250e-01 -6.303222e-01 1.961619e-01 -4.201476e-03 
-9.049399e+00 -1.072807e+01 -2.527380e+00 4.268069e+00 -4.516643e-01 8.269257e-01 3.743650e+00 1.271846e+01 1.066480e+01 -3.519079e+00 1.249783e+01 3.508647e+00 9.537783e-02 1.169735e+00 4.965221e-01 -1.148062e+00 -3.351914e-01 1.028153e-01 2.419425e-01 -1.539375e+00 5.742499e-01 1.723716e+00 -7.598983e-03 -1.241735e+00 9.895646e-01 -3.493457e-03 3.798517e-01 1.004823e-01 -3.918024e-01 1.834561e-02 4.263382e-01 4.523153e-01 -5.792636e-01 -3.560716e-01 -4.414072e-01 8.046213e-01 -5.210076e-01 -2.248004e-01 -1.261568e-03 
-7.493292e+00 -7.394946e+00 -1.163794e+00 4.817971e+00 -1.583644e+00 1.294553e+00 3.168074e+00 1.388738e+01 1.259869e+01 -1.492643e+00 5.750990e+00 2.439960e+00 7.661535e-02 1.671245e+00 1.507681e-05 -1.986133e+00 1.960933e-01 8.528593e-01 -4.857644e-02 -2.397250e+00 -1.009523e+00 5.284868e-01 1.426689e+00 -1.279160e+00 6.159626e-01 -7.227165e-04 1.856569e-01 -1.300619e-01 -4.570612e-01 -2.844613e-01 6.819052e-01 4.278382e-01 -4.162316e-01 -7.593908e-01 -6.930472e-01 5.154191e-01 -2.001604e-01 -2.392102e-01 2.543146e-03 
-5.004122e+00 -8.815548e+00 -2.856585e+00 5.323466e+00 4.081093e+00 -2.623303e-01 -3.937423e+00 9.999619e+00 8.947577e+00 4.301023e-01 5.853471e+00 4.050669e-01 8.005866e-02 1.671522e+00 7.322705e-03 -2.153378e+00 -4.389849e-01 2.004059e+00 8.981654e-01 -2.399464e+00 -4.547254e-01 2.652130e-01 1.885164e+00 -2.015657e+00 2.450315e-01 5.790080e-03 -1.032718e-01 -9.586389e-02 -1.655104e-01 -4.111534e-01 5.627712e-01 6.167995e-01 4.839867e-02 -8.547783e-01 -6.350793e-01 2.752688e-03 -1.119405e-01 7.152739e-02 2.419292e-03 
-3.861517e+00 -1.077077e+01 -7.684615e+00 7.114296e+00 3.980042e+00 1.325465e+00 -4.722363e+00 7.450828e+00 8.694961e+00 1.821966e+00 8.089412e+00 1.766830e+00 1.049348e-01 1.162260e+00 -5.511448e-01 -2.879501e+00 -1.702572e+00 2.225635e+00 1.646496e+00 -2.423117e+00 -2.235705e+00 -5.159437e-01 9.909064e-01 -1.564590e+00 4.341437e-01 9.986663e-03 -2.145498e-01 2.516467e-01 4.505363e-01 -4.427495e-01 4.927164e-02 5.217832e-01 4.066467e-01 -5.889572e-01 -4.052427e-01 -1.810859e-01 5.707723e-02 1.258897e-01 -2.015558e-03 
-2.507653e+00 -9.003687e+00 -1.003352e+01 9.248626e-01 6.786879e+00 5.302543e+00 -4.308853e+00 1.366282e+01 1.394266e+01 4.249573e+00 1.249994e+00 5.070458e+00 1.101700e-01 9.076983e-01 2.927319e-01 -1.528981e+00 -1.441610e+00 2.230414e+00 2.478529e+00 -1.284511e+00 -3.086558e+00 -9.293502e-01 2.240618e-01 -1.658600e+00 1.437949e+00 3.243490e-03 -2.752110e-01 4.040574e-01 6.295971e-01 -1.172598e-01 -7.027176e-01 1.477705e-01 4.198262e-01 -4.929638e-01 -8.080851e-02 3.598698e-02 6.167368e-01 -1.694117e-01 -8.760180e-03 
-2.930172e+00 -1.005691e+01 -1.197299e+01 -1.495556e+00 8.191373e+00 6.744767e+00 -8.761830e+00 8.766748e-01 7.520815e+00 1.552060e+00 2.304279e-01 2.278106e+00 1.115051e-01 9.805093e-01 1.115509e+00 -4.557621e-02 -1.516335e+00 9.859678e-01 1.770290e+00 -9.214818e-01 -2.638438e+00 -9.003568e-01 1.351635e+00 -1.172258e+00 6.488339e-01 -9.533050e-03 -3.962053e-01 6.269285e-01 6.087512e-01 2.377976e-01 -1.086622e+00 1.394151e-01 6.897501e-01 5.701908e-01 4.953238e-01 5.078866e-01 7.609487e-01 -3.205365e-01 -1.709101e-02 
-9.313647e-01 -7.708510e+00 -8.357238e+00 2.420059e+00 1.312672e+01 9.420694e+00 -8.340669e+00 -2.145917e+00 4.887739e+00 1.685265e+00 1.489892e+00 7.339434e+00 9.298860e-02 3.865320e-01 1.194143e+00 -4.223081e-01 -1.118405e+00 -8.897524e-01 1.575059e+00 -1.051173e+00 -2.718202e+00 5.342753e-02 1.884810e+00 8.717762e-01 -7.092611e-01 -2.824956e-02 -6.555255e-01 6.582831e-01 5.474283e-01 6.515600e-01 -1.000941e+00 1.213116e-01 8.607553e-01 8.779063e-01 2.722898e-01 4.228378e-01 4.880203e-01 -3.111405e-01 -1.948769e-02 
2.524616e-01 -5.840467e+00 -8.751092e+00 -1.215130e+00 5.739825e+00 8.117859e+00 -7.314022e+00 2.163077e+00 8.720507e+00 9.862467e+00 2.107687e+00 3.876221e+00 6.586382e-02 -5.582118e-01 2.132813e+00 -3.890562e-01 -6.751480e-01 -1.647423e+00 2.795283e+00 9.089876e-01 4.311157e-01 1.469274e+00 2.699996e+00 9.750970e-01 -9.498020e-02 -5.972393e-02 -6.276897e-01 8.099149e-01 9.904883e-01 1.244203e+00 -4.246767e-01 -1.073916e-01 9.954624e-01 8.708518e-01 -3.030285e-01 -4.758577e-01 -7.938699e-02 1.137302e-01 -1.372521e-02 
-2.166288e+00 -5.140841e+00 -1.375610e+01 -4.807739e+00 3.563478e+00 1.249118e+01 -1.028859e+01 -5.713392e-01 1.361010e+01 9.518384e+00 4.669703e+00 7.249925e-01 -8.237442e-03 -1.600544e+00 3.075497e+00 1.379946e+00 1.395466e+00 -1.457573e+00 2.572681e+00 2.104024e+00 -2.317053e-01 -7.527235e-01 1.664259e+00 -2.923293e-01 2.541738e-01 -6.909464e-02 -3.044912e-01 7.016343e-01 1.562219e+00 1.358724e+00 -7.829005e-02 -7.556875e-01 7.609992e-01 8.631048e-01 -7.332817e-01 -1.242255e+00 -6.778503e-01 3.526164e-01 -1.707820e-04 
-5.103741e+00 -6.771078e-01 -1.121875e+01 -1.257103e+00 4.735770e+00 1.918578e+01 -3.242906e+00 2.244857e+00 1.050632e+01 1.113511e+01 3.515631e+00 5.110544e+00 -1.364829e-01 -1.164509e+00 4.224442e+00 4.005738e+00 3.447687e+00 -8.534501e-01 7.345071e-01 2.478215e+00 4.725879e-01 -2.012605e+00 -9.174587e-01 -9.871039e-01 7.358398e-01 -5.773771e-02 2.428748e-02 -1.123397e-01 1.091948e+00 6.221768e-01 -4.731448e-02 -1.441154e+00 -5.335980e-02 4.243830e-01 -4.739669e-01 -1.682518e+00 -6.797384e-01 4.140508e-02 1.525233e-02 
-6.255363e+00 5.087139e+00 -2.234055e-01 9.418530e+00 6.340752e+00 1.674985e+01 1.441252e-01 -3.345347e+00 2.313660e-01 9.370032e+00 -6.750118e-01 7.993277e+00 -1.512926e-01 -8.327066e-01 3.656608e+00 5.191354e+00 3.613888e+00 -1.678132e+00 -1.173060e+00 1.969195e+00 1.576678e+00 -1.872137e+00 -2.517809e+00 -1.536656e+00 6.384588e-01 -3.009257e-02 1.312325e-01 -1.074518e+00 -4.745542e-01 -7.446958e-01 -9.207750e-02 -1.148500e+00 -5.707807e-01 5.238388e-01 4.579964e-01 -9.007819e-01 -9.559862e-02 -1.069957e-01 1.929606e-02 
-3.524876e+00 1.016777e+01 4.511090e+00 8.910601e+00 8.368804e-02 9.661253e+00 -1.389679e-01 5.913246e+00 5.346611e+00 5.349394e+00 -1.556213e-01 3.921601e+00 -1.512926e-01 -8.208021e-01 1.280497e+00 3.164958e+00 1.326654e+00 -1.773820e+00 -2.537635e+00 7.095787e-01 1.648857e+00 -3.409833e-01 -3.621626e+00 -1.801673e+00 -8.008543e-02 -2.957988e-03 1.581854e-02 -1.476519e+00 -1.622195e+00 -1.404035e+00 8.187361e-02 -3.469675e-01 -7.056698e-01 -2.858726e-01 3.231062e-01 3.849014e-01 2.176961e-01 -1.427635e-01 1.455700e-02 
-7.119294e+00 7.719745e+00 4.335484e+00 8.178209e+00 -2.501161e+00 1.138788e+01 -1.994375e+00 5.478387e+00 6.828722e+00 -1.776731e-01 -1.177516e+00 4.511912e+00 -1.512926e-01 -1.116060e+00 -8.250264e-01 -5.725574e-01 -1.267362e+00 -1.457776e+00 -1.533766e+00 1.344731e-01 1.799331e+00 7.016143e-01 -1.487628e+00 -3.630602e-01 1.272087e-01 -4.560339e-07 2.301681e-01 -8.789507e-01 -1.486624e+00 -1.099139e+00 5.654695e-01 1.915830e-01 -7.086188e-01 -1.173227e+00 -3.297740e-01 9.796492e-01 3.287686e-01 -2.813340e-01 6.313095e-03 
-8.776307e+00 4.409751e+00 2.326326e+00 5.996852e+00 2.879389e-01 9.178451e+00 1.374224e+00 6.077454e+00 5.502249e+00 -2.199060e+00 -5.241223e+00 6.450752e+00 -1.512926e-01 -9.437226e-01 -9.173495e-01 -1.223310e+00 -1.132036e+00 -5.543883e-01 -8.199621e-01 -1.326162e-01 -1.068245e+00 -1.683846e+00 4.918901e-01 -4.855411e-01 2.775945e-01 -4.560339e-07 8.815543e-01 3.388943e-01 -2.010796e-01 -1.886278e-01 5.703118e-01 4.654912e-01 -3.833922e-01 -1.284195e+00 -6.871167e-01 7.191161e-01 1.261557e-01 -4.683451e-01 2.010002e-02 
-9.210420e+00 3.841332e+00 -1.993683e+00 4.538762e+00 -1.049904e+00 9.322336e+00 5.961459e-02 5.568604e+00 3.661083e+00 5.705904e+00 5.225134e-02 7.364770e+00 -1.512926e-01 3.793339e-01 3.607649e-01 -4.766985e-02 -6.526484e-01 5.394597e-01 -1.074138e+00 -1.152782e+00 -2.930823e+00 -2.849583e+00 3.236996e-01 -5.509000e-01 -9.470638e-01 -4.560339e-07 1.811037e+00 1.076020e+00 5.857673e-01 -9.088864e-02 2.679772e-02 4.764057e-03 -1.915984e-01 -6.859893e-01 -3.253551e-01 -3.911741e-01 -4.105861e-01 -7.273654e-01 5.201095e-02 
-7.197872e+00 7.520487e+00 1.559252e+00 5.070414e+00 -3.413302e+00 6.594137e+00 -1.829180e+00 5.268409e-01 -1.488696e+00 4.867057e+00 -3.198597e+00 3.883028e+00 -1.512926e-01 2.839405e+00 2.382096e+00 1.897198e+00 7.620522e-02 7.922392e-02 -4.400615e-01 -5.637683e-01 -2.407222e+00 -2.000775e+00 -9.316419e-01 -1.076995e+00 -1.884715e+00 9.753584e-02 2.150582e+00 7.878693e-01 -5.400483e-03 -1.148438e+00 -5.873170e-01 -4.091513e-01 -3.002271e-02 5.337930e-01 5.011962e-01 -8.207548e-01 -2.322582e-01 -6.364852e-01 7.433078e-02 
-6.011469e+00 7.968373e+00 4.480829e+00 5.378213e+00 2.047184e+00 7.309067e+00 -6.156609e+00 -6.401040e+00 -3.923558e+00 -2.092651e+00 -4.952996e+00 1.060423e+00 -1.512926e-01 6.047658e+00 2.905363e+00 7.960666e-01 -2.325826e+00 -1.640712e+00 -1.699923e+00 -6.080617e-01 -9.611999e-01 -7.667203e-01 -2.731741e+00 -2.120410e+00 -2.428529e+00 2.112919e-01 1.453372e+00 1.032477e-01 -8.044439e-01 -1.899862e+00 -7.672932e-01 -6.146628e-01 1.692710e-01 1.134725e+00 7.967336e-01 -3.137492e-01 1.928253e-01 -2.219184e-01 6.497436e-02 
3.821116e+00 1.425656e+01 8.575255e+00 5.957313e+00 -8.639285e-01 7.984653e+00 1.663577e+00 2.642900e-02 -7.095590e-01 -2.957906e+00 -8.124073e+00 1.793039e-01 3.363914e-01 6.975099e+00 1.749729e+00 -1.672087e+00 -6.037592e+00 -2.400924e+00 -2.552854e+00 -5.551753e-01 6.158444e-01 -2.193441e-01 -2.084155e+00 -8.621161e-01 -2.164121e+00 2.660093e-01 -1.913751e-01 -6.861879e-01 -1.027043e+00 -1.658710e+00 -4.339632e-02 -5.046496e-01 -2.252024e-01 6.681318e-01 3.349673e-01 2.895354e-01 7.160900e-01 6.856649e-02 7.616823e-03 
1.551811e+01 1.499978e+01 -1.520967e+00 -7.533523e+00 -1.052822e+01 1.271714e-01 -4.726885e+00 1.013623e+00 -5.624360e-01 -4.040639e+00 -8.086807e+00 -2.925789e+00 6.613091e-01 5.578401e+00 1.193217e+00 -2.285154e+00 -7.095070e+00 -2.057019e+00 -3.091188e+00 -3.107643e-01 1.231199e+00 2.432179e-01 -6.687778e-01 3.057498e-01 -1.916970e+00 2.406430e-01 -1.817806e+00 -8.782106e-01 -5.870568e-02 7.723498e-02 1.055386e+00 2.376450e-01 -2.057973e-01 -1.248738e-01 -9.319282e-02 6.811796e-01 7.759884e-01 2.811598e-01 -4.711153e-02 
1.691277e+01 1.275323e+01 -3.800183e+00 -1.866112e+01 -9.130713e+00 -2.579669e+00 -5.320198e+00 -1.007834e-01 -4.266057e+00 -4.579676e+00 -5.942866e+00 -4.944420e+00 7.724609e-01 2.117109e+00 -1.927622e-01 -1.697211e+00 -5.832798e+00 7.037715e-02 -2.267673e+00 -1.838355e+00 -1.627073e-01 -8.308725e-01 -5.154799e-01 1.290252e+00 -1.797607e+00 1.209408e-01 -2.151771e+00 -5.880731e-01 7.645851e-01 1.834634e+00 1.335756e+00 8.499482e-01 -6.242523e-02 -6.963330e-01 -1.536027e-01 6.801297e-01 2.280481e-01 3.701055e-01 -6.806679e-02 
1.533476e+01 1.468577e+01 -7.575608e-01 -1.778760e+01 -4.105067e+00 -2.864067e+00 -4.218778e+00 -1.819137e-01 -9.295340e-01 -4.625502e+00 -4.515124e+00 -5.962812e+00 8.338782e-01 -6.123356e-01 -5.144008e-01 5.151496e-01 -2.042200e+00 2.400639e+00 -6.543731e-01 -9.953632e-01 -1.196331e+00 -9.268508e-01 -1.103098e-01 6.835783e-01 -1.205925e+00 4.826647e-02 -1.491850e+00 -3.301083e-01 6.751761e-01 2.128589e+00 7.486246e-01 9.840101e-01 1.892950e-01 -8.547783e-01 -1.669173e-01 4.224726e-01 -9.898418e-02 3.292844e-01 -5.559880e-02 
1.449831e+01 1.344975e+01 -2.926394e-01 -1.807898e+01 -3.723978e+00 -1.857995e+00 -7.782482e+00 -1.897022e-01 -4.680461e+00 -5.242598e+00 -3.458875e+00 -7.290163e+00 8.548191e-01 -6.883304e-01 -3.368563e-01 7.507455e-01 6.092964e-01 2.049005e+00 4.784008e-01 -5.249672e-01 -1.652036e+00 -4.023027e-01 1.037239e+00 8.925948e-02 -6.691993e-01 2.186038e-02 -4.917927e-01 5.210969e-03 1.181199e-01 1.393517e+00 -2.768220e-01 5.878233e-01 5.658196e-01 -5.524295e-01 1.926930e-01 7.953852e-02 -3.008158e-01 2.192176e-01 -2.543270e-02 
1.366315e+01 1.207985e+01 -6.993310e-01 -1.803579e+01 -1.228355e+00 -3.504806e+00 -8.472478e+00 -4.924468e+00 -4.989372e+00 -4.260448e+00 -5.911423e+00 -7.782908e+00 8.614598e-01 -4.782027e-01 -3.852307e-01 -1.332627e-01 3.268205e-01 6.966680e-01 4.557998e-01 -2.108540e-02 -2.298097e+00 -8.057115e-01 6.671723e-01 4.113985e-01 -8.348908e-01 1.219080e-02 1.235513e-01 4.688731e-02 -4.371871e-01 3.192469e-01 -9.803519e-01 7.728493e-02 5.376403e-01 2.192935e-02 3.403164e-01 -3.300011e-01 -1.217716e-01 1.883451e-01 -7.795421e-03 
1.430680e+01 1.237206e+01 -7.530924e-02 -1.549067e+01 -3.232012e-01 1.333540e-01 -5.817871e+00 -5.989547e+00 -4.248081e+00 4.238887e-01 -4.798110e+00 -7.380544e+00 8.679599e-01 -4.089907e-01 -2.314618e-01 -7.824140e-01 -4.975934e-02 -4.617514e-01 1.163311e-01 5.035257e-01 -2.373824e+00 7.208998e-02 -5.066153e-01 -7.798779e-02 -8.869711e-01 1.182345e-02 1.302477e-01 -2.466357e-02 -5.426799e-01 -3.622223e-01 -8.083599e-01 -3.436468e-01 4.534301e-01 4.709515e-01 2.433350e-01 -6.002123e-01 -2.462562e-01 1.719220e-01 -7.270395e-04 
1.303925e+01 1.329852e+01 -1.532888e+00 -1.744757e+01 -2.321635e+00 -1.580903e+00 -5.306286e+00 -8.771993e+00 -5.174341e+00 -4.122971e+00 -1.788906e+00 -1.009197e+01 8.882508e-01 -1.342191e-01 -3.325334e-01 -9.040914e-01 -1.162726e-01 -1.245759e+00 -8.673687e-02 1.178469e+00 -7.257015e-01 5.374847e-01 -9.884934e-01 1.580207e-01 -1.553811e-01 1.430777e-02 9.479633e-02 -1.001094e-01 -4.165356e-01 -4.328527e-01 -1.835626e-01 -4.257550e-01 2.732503e-01 8.259279e-01 1.887975e-01 -1.372148e-01 -5.440555e-01 2.798175e-01 1.828268e-03 
1.276573e+01 1.168311e+01 -3.788262e+00 -1.862219e+01 -5.485911e+00 -2.237942e+00 -6.847996e+00 -1.013498e+01 -4.227739e+00 -7.844965e+00 -5.909676e+00 -1.057034e+01 9.005307e-01 -2.089680e-01 -4.865083e-01 -1.577258e+00 -9.801234e-01 -1.021539e+00 -9.684016e-01 1.142325e+00 -8.343306e-02 1.427407e-01 -1.136000e+00 -1.015396e+00 -1.492177e-01 1.716568e-02 1.163298e-01 -6.232807e-02 -2.120128e-01 -2.213919e-01 5.864279e-01 -2.390968e-01 2.182752e-01 1.091965e+00 1.079215e-01 5.614358e-01 -3.295931e-01 4.053600e-01 2.627889e-03 
1.376234e+01 1.076154e+01 -3.363688e+00 -1.705156e+01 -4.875846e+00 -2.753343e+00 -2.064975e+00 -6.480223e+00 -2.312301e+00 -5.068227e+00 -4.565200e+00 -6.964943e+00 9.167107e-01 -1.043195e-01 -7.581256e-01 -1.818642e+00 -1.372305e+00 5.878482e-02 -1.130583e+00 1.025656e+00 6.863104e-01 1.029163e-01 2.958058e-01 -1.840172e+00 1.953138e-01 1.865379e-02 3.892758e-02 -6.844320e-02 -1.876197e-01 -1.642852e-01 8.216279e-01 -1.266733e-01 -6.286211e-02 7.853752e-01 -6.574965e-02 5.350492e-01 -1.146099e-01 3.040575e-01 2.075977e-03 
1.290012e+01 1.120765e+01 -7.045921e+00 -2.058943e+01 -4.153980e+00 -4.123063e+00 -1.726932e+00 -7.552442e+00 -4.964773e+00 -4.783174e+00 -8.486832e+00 -9.690361e+00 9.395489e-01 1.577171e-01 -3.302691e-01 -1.385259e+00 -5.286546e-01 1.818175e+00 -5.572684e-01 1.671277e+00 2.379819e+00 8.289188e-01 1.658350e+00 -7.267425e-01 9.643975e-01 2.278188e-02 3.085255e-02 -6.232807e-02 5.791462e-02 1.690729e-01 6.386576e-01 2.750838e-01 1.000607e-01 4.909898e-01 -2.105240e-01 2.115170e-01 7.242284e-01 5.275074e-01 1.173998e-05 
1.245012e+01 9.745237e+00 -8.996849e+00 -2.332494e+01 -2.693586e+00 -6.292020e+00 -2.738625e+00 -6.631450e+00 -4.290657e+00 -4.174622e+00 -9.701460e+00 -9.555357e+00 9.620183e-01 -1.230068e-01 -7.528765e-01 -1.938226e+00 -1.163568e+00 1.442543e+00 -9.258118e-01 5.996425e-01 1.969502e+00 -1.345300e-01 2.896596e-01 -5.593162e-01 8.080538e-01 2.187906e-02 -4.927085e-03 1.459788e-02 2.256535e-01 4.871861e-01 4.004636e-01 6.563272e-01 3.841834e-01 -1.717885e-01 -5.262950e-01 -1.356627e-01 1.438843e+00 5.356795e-01 -3.188914e-03 
1.421062e+01 1.054005e+01 -7.897360e+00 -1.812886e+01 2.514273e+00 -3.254693e+00 1.845118e+00 1.839854e+00 9.059558e-01 1.934427e-04 -6.975242e+00 -4.453187e+00 9.917782e-01 -4.562774e-02 -8.008392e-01 -1.227866e+00 -2.391168e-01 1.479964e+00 3.046346e-01 1.855626e+00 1.730088e+00 -7.912148e-01 -7.520612e-02 1.965330e+00 2.181865e+00 1.561531e-02 -1.553985e-01 -2.279818e-01 7.953797e-02 4.013109e-01 1.271172e-01 5.372623e-01 -9.853052e-03 -1.347339e+00 -9.845147e-01 -2.275591e-01 1.235513e+00 4.468182e-02 -6.622065e-03 
1.249220e+01 7.331459e+00 -1.262910e+01 -2.409991e+01 -9.966916e-01 -7.816304e+00 -8.529607e-01 -1.328772e+00 -5.919890e+00 -6.011929e+00 -8.117668e+00 -5.543430e+00 9.999999e-01 -2.749420e-02 -4.498672e-01 -7.689900e-01 9.188704e-01 2.230211e+00 1.720091e+00 2.854443e+00 1.521877e-01 -1.718505e+00 4.843256e-01 4.007931e+00 2.264968e+00 6.294418e-03 -1.580902e-01 -2.834074e-01 1.673919e-01 7.674331e-01 5.066603e-01 4.556896e-01 -3.449461e-01 -1.501284e+00 -5.194342e-01 4.361224e-01 7.920048e-01 -2.877296e-01 -7.471662e-03 
1.265108e+01 8.410477e+00 -1.136960e+01 -2.139725e+01 2.397098e+00 -1.837761e+00 6.608316e+00 -1.553990e+00 -8.106394e+00 -4.240643e+00 5.477685e-01 -7.869014e-01 9.986472e-01 -6.670130e-01 -1.621558e+00 -1.572085e+00 4.366905e-01 2.059987e+00 8.061715e-01 4.946671e-01 -3.448308e+00 -3.301814e+00 4.233374e-01 3.167218e+00 4.594135e-01 -2.534594e-03 -1.782449e-01 -3.777050e-01 1.299277e-01 6.819267e-01 5.184517e-01 -1.666294e-01 -1.103893e+00 -1.012358e+00 1.919953e-01 5.589250e-01 -3.593470e-01 -7.039545e-01 -6.391740e-03 
1.309249e+01 8.560809e+00 -1.110550e+01 -1.709597e+01 8.516025e+00 1.599747e+00 9.151980e+00 -4.173526e+00 -8.376987e+00 3.675772e-01 6.576658e+00 -6.347647e-02 9.900566e-01 -6.026459e-01 -1.759579e+00 -9.292150e-01 2.335849e+00 3.685862e+00 1.101801e+00 -4.446190e-01 -2.947706e+00 -1.476227e+00 2.221073e+00 2.799597e+00 2.307530e-01 -6.401178e-03 -1.622262e-01 -3.381320e-01 2.308042e-01 3.156816e-01 6.405711e-02 -7.353880e-01 -1.390455e+00 -5.125585e-02 7.662089e-01 8.136457e-02 -1.247601e+00 -7.488419e-01 -4.527408e-03 
1.057498e+01 1.817174e+00 -1.651996e+01 -1.944704e+01 8.057534e+00 -3.932527e+00 -6.842873e-01 -1.397926e+01 -1.437450e+01 -1.072831e+00 1.513765e+00 -4.896016e+00 9.840835e-01 -6.492948e-01 -2.034490e+00 -4.980485e-01 2.462142e+00 3.344396e+00 -2.193898e-01 -2.014466e+00 -1.781713e+00 4.776215e-02 1.851006e+00 7.725738e-01 -3.208671e-01 -1.000003e-02 -1.103260e-02 8.907000e-02 5.050563e-01 8.940627e-02 -2.953039e-01 -7.028233e-01 -7.813242e-01 9.384972e-01 1.092736e+00 -3.223317e-01 -1.223447e+00 -5.064816e-01 -2.634829e-03 
1.051658e+01 1.830073e+00 -1.469970e+01 -1.339569e+01 1.460216e+01 -1.260534e+00 5.701560e-01 -9.854596e+00 -1.016753e+01 3.509369e+00 5.397548e+00 -2.335099e+00 9.752820e-01 -8.473795e-01 -1.934036e+00 -1.521055e-01 1.484479e+00 1.908371e+00 -1.444044e+00 -2.843284e+00 -9.373443e-01 4.376740e-01 1.773751e-01 -1.032587e+00 -1.089129e+00 -1.260888e-02 1.483378e-02 2.378584e-01 3.473759e-01 -3.760533e-01 -7.656668e-01 -6.833808e-01 -4.126637e-01 8.207777e-01 6.587619e-01 -8.045028e-01 -8.746036e-01 -5.376698e-01 -1.181172e-03 
1.069263e+01 1.603239e+00 -1.206285e+01 -1.093695e+01 1.607599e+01 -1.503902e+00 8.271655e-01 -7.621890e+00 -6.972458e+00 3.443737e+00 5.000436e+00 -1.255445e+00 9.560452e-01 -6.000158e-01 -1.088924e+00 5.646580e-01 1.309574e+00 1.472134e+00 -1.435185e+00 -2.212546e+00 2.390469e-01 1.204834e+00 -1.665703e-01 -1.033840e+00 -1.413013e+00 -1.260888e-02 6.046101e-02 3.238207e-01 1.875089e-01 -2.372515e-01 -6.226173e-01 -2.717686e-01 1.376330e-01 5.909649e-01 2.964189e-01 -5.651063e-01 -6.141746e-02 -2.622658e-01 5.788619e-04 
8.796450e+00 -1.002681e+00 -1.409448e+01 -1.392856e+01 1.404854e+01 -6.834400e+00 -5.819958e+00 -1.203927e+01 -9.889373e+00 -1.004092e+00 -3.297220e-01 -7.329492e+00 9.410247e-01 -5.533670e-01 -1.042917e+00 2.763516e-01 1.032025e+00 7.935758e-01 -1.707192e+00 -2.408943e+00 1.458262e-01 1.238826e+00 -7.926455e-01 -6.701577e-01 -1.911423e+00 -1.100870e-02 1.041187e-01 3.072671e-01 1.613666e-01 4.096699e-02 -4.122570e-01 8.938960e-02 6.384885e-01 4.885229e-01 3.553429e-02 -1.737360e-01 5.695342e-01 2.221785e-01 1.639228e-03 
8.435333e+00 -2.210682e+00 -1.399957e+01 -1.263289e+01 1.569544e+01 -8.321026e+00 -8.551771e+00 -1.169204e+01 -8.489575e+00 3.512663e-01 -7.920493e-01 -9.464219e+00 9.381787e-01 -4.941215e-01 -8.610500e-01 2.251190e-01 1.502216e+00 7.885931e-01 -1.446656e+00 -1.543450e+00 6.315035e-01 1.129351e+00 -4.893589e-01 2.842619e-01 -1.221025e+00 -7.907963e-03 3.485724e-02 1.938451e-01 1.304622e-01 -2.867983e-02 -5.089909e-01 1.122599e-01 8.311925e-01 2.213601e-01 -3.064589e-01 -1.917684e-01 5.337905e-01 4.902789e-01 1.426285e-03 
8.878464e+00 -1.477698e+00 -1.234942e+01 -7.387531e+00 1.876028e+01 -6.387569e+00 -6.784700e+00 -7.090323e+00 -3.214435e+00 1.092247e+00 4.942791e+00 -7.788203e+00 9.291839e-01 -3.796448e-01 -5.117247e-01 8.245155e-01 1.592871e+00 1.889443e-01 -9.913433e-01 1.452650e-02 1.309005e+00 6.531252e-01 -5.298995e-01 1.155953e+00 -7.423024e-02 -6.762309e-03 -2.416274e-02 1.830170e-01 1.420756e-01 -1.722765e-01 -6.274226e-01 8.151621e-02 7.821518e-01 -1.697869e-02 -4.485587e-01 -1.497233e-01 3.819621e-02 5.396669e-01 5.614788e-04 
8.181135e+00 -2.464647e+00 -1.180976e+01 -6.696505e+00 1.766324e+01 -8.961203e+00 -6.407706e+00 -6.939096e+00 -4.662958e+00 -5.145776e-02 3.785225e+00 -7.131335e+00 9.224378e-01 -5.125319e-01 -3.853337e-01 9.429908e-01 8.856959e-01 -7.705751e-01 -1.231777e+00 7.316368e-01 7.643613e-01 -3.455257e-02 -1.256794e+00 7.220773e-01 1.198127e-01 -7.602870e-03 -7.159209e-03 1.546226e-01 1.141353e-01 -2.084830e-01 -4.713989e-01 1.079215e-01 4.294741e-01 -1.574198e-01 -1.391253e-01 -7.316576e-02 -2.846042e-01 2.919770e-01 -1.555718e-04 
7.025219e+00 -3.434695e+00 -1.106653e+01 -8.932609e+00 1.400930e+01 -1.147133e+01 -6.819130e+00 -7.870473e+00 -8.536882e+00 -3.451894e+00 3.161607e+00 -8.867101e+00 9.150945e-01 -6.649367e-01 -3.657780e-01 6.278366e-01 4.787334e-01 -1.564039e+00 -1.407019e+00 3.642673e-01 -5.504486e-03 -4.219649e-01 -1.157629e+00 -6.979129e-01 1.165256e-01 -8.356263e-03 -3.971870e-04 3.917524e-02 -7.372054e-02 -6.925079e-02 -1.226465e-01 4.755887e-02 -1.090994e-01 -1.797952e-01 1.833902e-01 6.661914e-02 -4.832456e-01 -1.240451e-02 4.571806e-04 
6.799360e+00 -3.158936e+00 -9.926233e+00 -7.432545e+00 1.421785e+01 -1.193839e+01 -4.876430e+00 -7.480398e+00 -6.001730e+00 -3.660440e+00 3.708364e+00 -8.325950e+00 9.071890e-01 -3.872581e-01 -1.608557e-01 8.942214e-01 1.016752e+00 -6.918693e-01 -6.992343e-01 4.291128e-01 5.015818e-01 9.715532e-01 -5.413644e-01 -2.119289e-01 1.434389e-01 -7.883058e-03 -1.733507e-02 -7.611632e-02 -1.842183e-01 3.027101e-02 8.372179e-02 -3.315676e-02 -4.056006e-01 4.326602e-02 5.280256e-02 2.027519e-01 -4.527755e-01 -9.388874e-02 1.730489e-03 
6.245019e+00 -2.959234e+00 -1.015182e+01 -4.625858e+00 1.266285e+01 -1.193446e+01 -5.729187e+00 -6.846932e+00 -4.655389e+00 -2.891109e+00 1.491639e+00 -6.608336e+00 8.950320e-01 -4.441504e-01 -4.281502e-01 4.804198e-01 1.180982e+00 -4.635818e-01 -1.019850e+00 -3.797734e-01 5.414636e-01 1.067032e+00 -5.543658e-01 -7.933549e-01 -1.481905e-01 -4.334019e-03 -2.760612e-03 -7.303928e-02 -9.952278e-02 2.000533e-02 2.298762e-01 -6.936363e-02 -1.483829e-01 2.616098e-01 -1.847670e-01 2.258972e-01 -5.399527e-02 2.992215e-03 2.369316e-03 
6.634904e+00 -3.506748e+00 -7.796031e+00 -3.766332e+00 1.487736e+01 -1.222616e+01 -4.807222e+00 -4.942641e+00 -1.746043e+00 -3.039072e+00 3.561049e+00 -7.543154e+00 8.930468e-01 -7.097861e-01 -7.346588e-01 9.555968e-02 6.858277e-01 -9.021582e-01 -1.591121e+00 -9.244937e-01 7.071077e-01 -5.152772e-01 -5.446739e-01 -1.494218e+00 -2.172200e-01 -9.593191e-04 -9.223926e-04 -2.150553e-03 -3.991322e-03 -1.230381e-01 5.174820e-02 1.751145e-02 1.657759e-01 1.753110e-01 -5.322837e-01 2.662075e-01 1.154782e-01 2.178753e-01 1.235072e-03 
4.886860e+00 -5.401922e+00 -9.729536e+00 -4.860053e+00 1.136156e+01 -1.642694e+01 -8.752789e+00 -6.432194e+00 -5.329033e+00 -6.534655e+00 -7.314926e-01 -9.999319e+00 9.004780e-01 -5.175151e-01 -4.440005e-01 5.294356e-01 7.444579e-01 -3.094241e-01 -1.307757e+00 2.991560e-01 1.199758e+00 -6.024241e-01 -2.651007e-02 -3.268890e-01 3.118011e-01 3.067588e-05 1.085173e-01 2.068543e-01 2.689488e-01 -9.113453e-02 1.162498e-01 4.999306e-01 6.118020e-01 1.612452e-01 -3.022726e-01 4.302334e-01 6.181691e-01 3.960036e-01 -6.661988e-04 
3.929752e+00 -5.610965e+00 -9.659385e+00 -3.885559e+00 1.035751e+01 -1.764771e+01 -7.986977e+00 -4.152108e+00 -8.240744e+00 -4.561812e+00 -2.651258e+00 -7.716730e+00 8.996699e-01 -3.554206e-01 -1.636346e-01 8.497623e-01 6.198072e-01 -5.101545e-01 -4.677732e-01 9.184664e-01 1.049039e+00 -8.552003e-01 5.256937e-01 1.322352e-01 1.002918e+00 -3.891946e-03 1.568362e-01 2.281989e-01 3.201159e-01 -9.875695e-02 5.233962e-02 7.482369e-01 5.303588e-01 -7.739651e-02 3.652271e-02 2.581272e-01 7.845826e-01 1.888584e-01 -1.459300e-03 
5.010095e+00 -4.127650e+00 -6.572747e+00 -8.440683e-01 1.337558e+01 -1.576259e+01 -2.643333e+00 -1.243747e+00 -4.420276e+00 -2.262362e+00 2.963051e+00 -4.962573e+00 8.918697e-01 -7.857265e-02 3.206244e-01 1.447927e+00 7.582532e-01 -7.828938e-02 9.180406e-01 1.757826e+00 1.176759e+00 -2.744983e-01 1.061468e+00 1.484181e+00 1.221615e+00 -6.195708e-03 5.074471e-02 7.652815e-02 7.025693e-02 -2.236049e-01 -2.460313e-01 5.608289e-01 6.129763e-03 -2.866517e-01 -1.170312e-01 -5.800946e-02 3.332610e-01 -1.348282e-01 -7.140022e-04 
4.795830e+00 -4.962042e+00 -5.125713e+00 -2.675654e+00 1.131964e+01 -1.489703e+01 -3.269338e+00 -2.291302e+00 -6.476214e+00 -2.546250e+00 2.374369e+00 -5.047281e+00 8.778857e-01 -1.448777e-01 2.399645e-02 1.236962e+00 1.850898e-01 -7.559322e-01 1.037065e+00 9.981059e-01 3.316559e-01 -4.964481e-01 2.019595e-01 1.523038e+00 2.721502e-01 -5.143449e-03 -1.792592e-02 -2.540361e-02 -6.482825e-02 -2.283996e-01 -2.372709e-01 1.641600e-01 -1.421209e-01 -2.942688e-01 -1.423231e-01 -2.337221e-01 6.970798e-02 -2.977572e-01 5.614788e-04 
4.060715e+00 -4.122757e+00 -4.757077e+00 -1.673787e+00 1.048973e+01 -1.321144e+01 -2.322680e+00 -1.478701e+00 -7.583657e+00 -2.234789e+00 4.176515e+00 -5.225773e+00 8.803979e-01 -3.691246e-01 -1.552978e-01 6.870743e-01 -1.561805e-01 -1.416695e+00 7.438201e-01 2.901201e-01 1.251513e-01 -1.366918e+00 -1.546327e-01 6.440047e-01 3.119847e-03 -2.920630e-03 -4.970086e-02 -1.037318e-01 -1.096299e-01 -1.892425e-01 -2.573052e-01 -1.634694e-01 -1.431403e-01 -2.770437e-01 -1.743014e-01 -1.791229e-01 -2.433915e-01 -2.098774e-01 7.983228e-04 
3.679847e+00 -5.493101e+00 -4.382481e+00 -2.545478e+00 8.020985e+00 -1.373752e+01 -3.157005e+00 -2.376327e+00 -9.141459e+00 -3.565681e+00 4.357603e+00 -6.224123e+00 8.796777e-01 -2.997742e-01 -5.268218e-02 9.060443e-01 -6.486852e-02 -1.027335e+00 4.400132e-01 9.416761e-01 1.034976e-01 -1.020496e+00 -3.490186e-02 9.006057e-01 1.234080e-01 -2.727612e-03 -3.722723e-02 -2.684476e-02 2.487220e-02 -8.345063e-02 -8.767882e-02 -1.650762e-01 1.148056e-01 -1.567706e-01 -6.638921e-02 1.537222e-01 -3.040712e-01 8.321312e-02 4.810822e-04 
3.722357e+00 -4.638693e+00 -3.509034e+00 -1.690211e+00 7.941434e+00 -1.262297e+01 -1.249082e+00 -5.758826e-01 -9.922488e+00 -2.526055e+00 5.191422e+00 -4.358269e+00 8.763749e-01 -2.495263e-01 -1.597235e-01 1.065284e+00 -6.289776e-02 -1.229082e+00 3.993542e-01 1.070304e+00 -9.444338e-02 -8.840271e-01 2.843409e-01 5.784667e-01 2.466750e-01 -3.412514e-03 -2.107716e-02 -1.870424e-02 1.339608e-01 -1.080391e-01 -5.710986e-02 -5.715184e-02 1.553634e-01 -1.714856e-01 9.914199e-02 2.087323e-01 -2.305654e-01 1.457475e-01 2.920416e-04 
3.466011e+00 -4.967380e+00 -1.219273e+00 -2.991361e+00 7.457145e+00 -1.299111e+01 9.022861e-01 -2.225749e+00 -1.040927e+01 -2.575377e+00 6.369950e+00 -4.863872e+00 8.662558e-01 -3.907188e-01 -1.079526e-01 1.172060e+00 -2.788605e-01 -1.288162e+00 3.840219e-01 1.182101e+00 -3.425425e-01 -1.069985e+00 7.509720e-01 3.536073e-02 5.663477e-01 -2.491009e-03 -2.875829e-02 4.404397e-02 8.642544e-03 -1.812512e-01 -1.376168e-01 7.294653e-02 -1.030922e-01 -2.160199e-01 1.555982e-01 1.125446e-01 -3.603236e-01 1.028341e-01 2.551026e-04 
2.919828e+00 -5.184429e+00 -1.012488e+00 -1.765640e+00 4.626120e+00 -1.158767e+01 9.993168e-01 -2.026493e+00 -1.136959e+01 -1.308174e+00 6.062508e+00 -4.672522e+00 8.700504e-01 -4.290622e-01 -2.211693e-01 1.223908e+00 -5.895840e-01 -1.571768e+00 4.860102e-01 9.467256e-01 -5.092877e-01 -8.463690e-01 4.961451e-01 -7.601807e-02 5.103638e-01 -1.581957e-03 -3.417119e-03 2.050627e-01 -7.133955e-02 -2.931288e-01 -1.064650e-02 1.370584e-01 -1.848630e-01 -2.892051e-01 3.433979e-01 -1.564487e-02 -2.742521e-01 -7.142530e-02 -7.300238e-05 
2.127605e+00 -5.759964e+00 2.295949e-01 -3.902591e+00 3.237751e+00 -1.233520e+01 1.629147e+00 -3.363521e+00 -1.376708e+01 -4.196182e-01 4.098490e+00 -3.235126e+00 8.704018e-01 -3.540364e-01 1.982474e-01 8.699598e-01 -7.076655e-01 -1.543905e+00 7.615375e-01 4.879344e-01 -7.692534e-01 -2.613346e-01 4.220373e-01 -5.738205e-01 5.056386e-01 -2.372708e-03 4.818433e-02 3.150570e-01 -1.016608e-01 -2.760398e-01 -1.331649e-03 1.498058e-01 -1.817320e-01 -3.657228e-01 4.713692e-01 -3.477285e-02 -5.191184e-02 -3.930590e-01 -2.381413e-04 
2.246546e+00 -5.348105e+00 1.886164e+00 -4.182408e+00 2.191772e+00 -1.052090e+01 3.121472e+00 -2.553515e+00 -1.247562e+01 -1.122929e+00 5.947217e+00 -2.620990e+00 8.663964e-01 -2.851012e-01 7.123544e-01 8.596147e-01 -1.314168e+00 -1.154342e+00 8.958939e-01 4.930725e-01 -1.326987e+00 4.288426e-01 3.706228e-01 -4.880480e-01 -7.998271e-02 -3.829682e-03 5.901670e-02 3.376869e-01 -3.042526e-02 -2.232360e-01 -4.886695e-02 7.144684e-02 -6.428200e-02 -2.719800e-01 3.282228e-01 1.645416e-01 1.447112e-01 -5.556722e-01 2.094721e-04 
2.032710e+00 -3.894145e+00 1.681213e+00 -5.321142e+00 9.544418e-01 -9.717162e+00 2.280887e+00 -5.808464e+00 -1.116334e+01 -5.578726e-01 3.558137e+00 -3.361432e+00 8.562070e-01 -2.218415e-01 1.000543e+00 8.458214e-01 -1.296595e+00 -1.503434e+00 9.280350e-01 5.002480e-01 -1.762262e+00 6.494594e-01 6.399875e-01 -1.835895e-02 -1.103716e+00 -2.559500e-03 1.279499e-01 2.019467e-01 1.001409e-01 -1.299228e-01 -2.287323e-01 -6.909583e-02 6.205141e-02 5.655275e-02 1.540284e-01 2.281342e-01 3.894483e-01 -5.326955e-01 6.136280e-04 
1.541488e+00 -2.555381e+00 2.560163e+00 -7.627201e+00 -3.924843e-03 -8.417699e+00 3.138861e+00 -7.438859e+00 -1.052754e+01 6.141826e-01 3.891782e+00 -5.009464e+00 8.579813e-01 -1.999705e-01 1.066208e+00 1.083757e+00 -1.411228e+00 -1.836357e+00 7.600610e-01 6.193087e-01 -1.372619e+00 3.391962e-01 1.210039e+00 3.698553e-01 -1.463245e+00 -4.363029e-04 3.095398e-01 1.003655e-01 1.368277e-01 1.048970e-01 -4.004655e-01 -2.932999e-01 -5.004673e-02 2.583639e-01 2.413000e-01 3.954780e-02 2.206260e-01 -2.031265e-01 2.811772e-04 
1.371021e+00 -2.153751e+00 4.121822e+00 -8.663133e+00 -3.181638e+00 -8.747062e+00 4.121687e+00 -9.731927e+00 -1.149401e+01 1.911288e+00 5.034208e+00 -7.559793e+00 8.617936e-01 2.431247e-01 1.031214e+00 1.258515e+00 -1.308748e+00 -2.346623e+00 4.839658e-01 7.350917e-01 -4.635337e-01 5.536478e-01 1.143022e+00 9.442977e-01 -1.466224e+00 -1.002904e-03 5.857323e-01 1.711763e-01 6.291958e-02 4.177852e-01 -3.243203e-01 -2.644309e-01 -1.094271e-01 3.097472e-02 8.935406e-01 -6.457269e-01 -6.947130e-01 3.222177e-01 -5.466904e-04 
1.577557e+00 -8.874850e-01 6.084212e+00 -9.567672e+00 -4.921534e+00 -7.205354e+00 5.297533e+00 -7.454436e+00 -1.061411e+01 3.692284e+00 7.058200e+00 -7.838120e+00 8.614246e-01 1.029927e+00 1.198878e+00 1.337334e+00 -7.837041e-01 -2.735068e+00 -3.484083e-01 1.255258e-01 -6.844740e-01 1.683392e+00 3.169625e-01 1.336678e-01 -9.143981e-01 -3.200817e-03 6.492822e-01 3.026320e-01 -1.772697e-01 6.936063e-01 -8.786364e-02 1.973675e-01 -1.700817e-01 -6.406759e-01 1.602179e+00 -1.322967e+00 -1.802703e+00 3.819886e-01 -2.359684e-04 
3.230706e+00 4.281510e-01 6.212134e+00 -1.089498e+01 -8.320161e+00 -7.903422e+00 4.877066e+00 -8.117758e+00 -8.351914e+00 3.618496e+00 6.696607e+00 -9.278163e+00 8.494961e-01 2.091916e+00 1.790178e+00 1.033633e+00 4.784050e-01 -2.675683e+00 1.601701e-01 2.000273e-01 -1.951394e+00 4.445268e+00 -2.142070e+00 -3.374048e+00 2.329102e-01 -3.910625e-03 3.499806e-01 3.026710e-01 -3.529776e-01 6.954504e-01 3.296782e-01 7.048529e-01 -1.281769e-01 -9.628466e-01 1.614796e+00 -1.423081e+00 -2.396088e+00 2.448788e-01 1.169886e-03 
5.761097e+00 2.148530e+00 8.201576e+00 -1.043024e+01 -1.111034e+01 -1.058160e+01 3.388567e+00 -1.166802e+01 -3.681823e+00 1.345455e+00 3.729326e+00 -8.722264e+00 8.481433e-01 2.121953e+00 2.199714e+00 3.098498e-01 1.163081e+00 -2.111116e+00 1.908735e+00 3.649603e-02 -3.832079e+00 6.404325e+00 -3.762277e+00 -6.484597e+00 -4.028397e-01 -1.561156e-04 -1.340620e-01 6.924453e-02 -4.353893e-01 3.969465e-01 7.406035e-01 9.070437e-01 1.906514e-03 -4.766476e-01 7.927218e-01 -7.867901e-01 -1.846065e+00 7.602797e-02 2.104224e-03 
9.738530e+00 5.278836e+00 8.231379e+00 -5.840021e+00 -1.346621e+01 -6.257735e+00 6.076212e+00 -1.738219e+01 7.266306e+00 -7.625544e+00 -1.017136e+01 -5.952980e+00 8.488812e-01 1.447275e+00 2.044195e+00 7.503690e-03 1.195270e+00 -1.010252e+00 2.879668e+00 1.386366e-01 -3.703992e+00 6.267022e+00 -3.932831e+00 -7.726954e+00 -4.976526e-01 3.330659e-03 -5.493683e-01 -2.994548e-01 -3.312570e-01 -9.205659e-02 8.657625e-01 2.637289e-01 -1.633463e-01 4.881766e-01 -6.398470e-01 3.067460e-01 -1.011978e-01 9.043773e-02 1.328506e-03 
8.933855e+00 7.685498e+00 6.623869e+00 -6.279820e+00 -1.290452e+01 1.515439e+00 4.880544e+00 -2.198261e+01 1.359875e+01 -9.497026e+00 -1.693100e+01 -1.151499e+01 8.609327e-01 6.820672e-01 1.418210e+00 -3.263701e-01 8.426676e-01 1.351518e-01 2.827084e+00 1.657442e-01 -2.191419e+00 4.735868e+00 -2.721576e+00 -6.920084e+00 -1.690432e-01 3.704242e-03 -5.139826e-01 -5.036299e-01 -6.021202e-02 -2.180725e-01 6.262009e-01 -7.113930e-01 -2.514521e-01 1.291180e+00 -1.540472e+00 8.558879e-01 1.298928e+00 6.042936e-01 -8.921785e-04 
8.880610e+00 7.879863e+00 7.038355e+00 -6.993962e+00 -1.247398e+01 4.469788e-01 4.824552e+00 -2.148090e+01 1.434288e+01 -1.062442e+01 -2.160785e+01 -1.036992e+01 8.597557e-01 6.497303e-02 6.837415e-01 -3.045717e-01 1.783564e-01 5.301045e-01 1.019688e+00 -6.813229e-01 -3.309205e-01 2.080302e+00 -1.128554e+00 -3.662344e+00 5.682994e-01 8.027474e-04 -2.866999e-01 -3.925449e-01 9.907187e-02 -4.023641e-02 8.956206e-02 -1.109561e+00 -3.141454e-01 1.275772e+00 -1.585009e+00 8.951483e-01 1.870632e+00 6.609852e-01 -2.765202e-03 
9.600266e+00 7.938573e+00 7.166277e+00 -5.640499e+00 -1.093081e+01 2.013623e-01 4.843331e+00 -2.057613e+01 1.645937e+01 -1.076306e+01 -2.515216e+01 -7.358988e+00 8.612138e-01 2.432631e-01 3.617941e-01 1.647729e-01 5.810488e-01 2.497532e-01 -7.183145e-01 -8.107483e-01 9.373456e-01 7.952598e-01 -8.848370e-01 -2.022461e+00 2.085614e+00 -3.356477e-03 -7.294121e-02 -1.234793e-01 1.208410e-01 2.058941e-01 -2.522412e-01 -9.615204e-01 -2.724955e-01 7.333536e-01 -1.211095e+00 7.586959e-01 1.741460e+00 2.709742e-01 -3.703886e-03 
9.729942e+00 8.571039e+00 6.437259e+00 -5.268220e+00 -1.180210e+01 -5.028884e-01 2.688485e+00 -1.974016e+01 1.623750e+01 -1.263571e+01 -2.437250e+01 -5.189470e+00 8.527461e-01 2.331582e-01 6.097388e-01 2.571394e-01 1.124815e+00 -6.196715e-01 -8.952608e-01 -9.438057e-01 1.110575e+00 3.123690e-01 -3.754196e-01 -8.225425e-01 1.679963e+00 -6.961553e-03 7.411636e-02 8.053998e-02 1.908978e-02 3.014818e-01 -1.690729e-01 -4.809758e-01 -2.327023e-01 -2.481223e-02 -5.840885e-01 8.505467e-01 1.179782e+00 -2.139437e-01 -3.982015e-03 
9.725219e+00 9.148798e+00 7.748117e+00 -4.237763e+00 -1.199130e+01 -1.601137e+00 1.894503e+00 -1.816624e+01 1.662730e+01 -1.291571e+01 -2.566107e+01 -3.677198e+00 8.476514e-01 2.334350e-01 8.378192e-01 -3.087661e-03 1.398915e+00 -5.512360e-01 -1.022916e+00 -1.065524e+00 7.546967e-01 -4.354619e-01 6.953025e-01 3.675274e-01 6.300356e-01 -1.093399e-02 -1.162346e-02 1.993370e-01 -1.120595e-01 1.373538e-01 1.532135e-01 4.916568e-02 -2.891700e-01 -4.537961e-01 -5.082127e-01 9.725732e-01 1.084140e+00 -6.055338e-01 -4.373134e-03 
9.983711e+00 1.032344e+01 8.033306e+00 -2.071006e+00 -1.504216e+01 -3.128232e+00 1.579762e+00 -1.713296e+01 1.582120e+01 -1.142482e+01 -2.546659e+01 -3.811067e+00 8.317174e-01 4.403789e-01 8.483174e-01 -1.252577e-01 1.276892e+00 8.522347e-02 -1.233026e+00 -1.717434e+00 -3.635845e-01 -2.248429e-01 2.334066e+00 1.041530e+00 2.263360e-01 -1.532359e-02 -3.696167e-01 3.020478e-01 -6.852122e-02 -9.500828e-03 2.193046e-01 4.404785e-01 -6.435481e-02 -4.774266e-01 -7.467707e-01 5.733052e-01 9.481313e-01 -7.026911e-01 -5.105394e-03 
1.064025e+01 1.125168e+01 6.352894e+00 -2.442863e-01 -1.206709e+01 -3.600917e+00 7.004800e-02 -1.810652e+01 1.449000e+01 -7.891567e+00 -2.276774e+01 -4.898285e+00 8.170658e-01 8.130706e-02 1.239224e+00 -2.044465e-01 1.191821e+00 6.633146e-01 -3.035471e-01 -1.869804e+00 -5.945565e-01 -1.477393e+00 2.623288e+00 2.466176e+00 -2.152683e-01 -2.104563e-02 -6.638632e-01 1.749544e-01 1.063120e-01 8.356650e-02 4.106570e-02 8.104742e-01 2.625465e-01 -2.373566e-01 -8.581133e-01 -3.756526e-01 4.479144e-01 -4.623838e-01 -6.018004e-03 
1.147455e+01 1.176095e+01 6.508785e+00 -8.799579e-01 -1.133877e+01 -5.668143e+00 -4.986676e+00 -2.158799e+01 1.618168e+01 -3.477137e+00 -2.061099e+01 -3.447275e+00 7.914167e-01 -1.538807e+00 1.919348e+00 1.538562e-02 1.180817e+00 -1.303532e-01 9.474559e-01 -8.634574e-01 -6.020190e-01 -2.900571e+00 1.527154e+00 2.868716e+00 -1.410753e+00 -2.743390e-02 -6.284775e-01 -3.494274e-01 3.848402e-01 1.879445e-01 9.876601e-02 8.870121e-01 4.478234e-01 -1.606982e-02 -8.984641e-01 -1.286948e+00 -4.162494e-02 9.375396e-02 -6.854564e-03 
9.386002e+00 1.462617e+01 7.488146e+00 1.126209e+00 -1.052661e+01 -1.849002e+00 -4.171480e+00 -1.891134e+01 9.060166e+00 -3.773063e+00 -1.575772e+01 -4.935723e+00 7.625878e-01 -2.096379e+00 1.177058e+00 4.582518e-01 1.864672e+00 -2.381415e-01 1.939173e+00 -1.796558e-01 -3.130593e-01 -3.388294e+00 -7.794077e-01 1.693508e+00 -8.633450e-01 -3.496782e-02 -1.837596e-01 -9.405304e-01 4.919851e-01 -5.830893e-02 4.049362e-01 3.472832e-01 1.537250e-01 -2.442272e-02 -5.117595e-01 -1.258142e+00 -5.073351e-01 1.000937e+00 -7.751964e-03 
2.916393e+00 1.823282e+01 7.542250e+00 3.147584e+00 -1.646440e+01 7.330631e-01 -6.168180e-01 -1.974016e+01 4.033384e+00 -5.848820e+00 -1.462810e+01 -1.084640e+01 7.217953e-01 -1.613003e+00 -8.678429e-01 1.467755e+00 1.880438e+00 1.029795e+00 2.080798e+00 -3.234322e-01 -5.846471e-01 -3.761876e+00 -2.399142e+00 1.219880e+00 1.019149e+00 -4.263251e-02 3.623229e-01 -1.212673e+00 4.079699e-01 -2.937435e-01 7.200516e-01 -2.638417e-01 -2.788668e-01 1.228133e-01 -8.668088e-02 -4.264627e-01 -4.451580e-01 1.416214e+00 -8.870997e-03 
4.437290e+00 1.390119e+01 8.127757e+00 7.065024e+00 -1.069538e+01 2.894151e+00 -3.013024e+00 -2.059560e+01 3.622765e+00 -1.060306e+01 -1.729143e+01 -5.515824e+00 6.770499e-01 -8.005922e-01 -2.069896e+00 1.529333e+00 5.503378e-01 2.107983e+00 8.662515e-01 -1.371148e+00 -7.253345e-01 -3.605245e+00 -1.704278e+00 7.539510e-01 3.574372e+00 -5.220246e-02 2.967379e-01 -7.219438e-01 -1.270181e-03 -5.447302e-01 2.834736e-01 -5.489976e-01 -2.321562e-01 4.461525e-01 2.401953e-01 7.392484e-01 -5.230144e-03 7.852644e-01 -1.117642e-02 
5.883903e+00 7.784682e+00 1.352754e+01 5.552186e+00 -6.105651e+00 2.364137e+00 -7.182909e+00 -2.366947e+01 9.086590e-02 -1.205823e+01 -1.374420e+01 1.938516e+00 6.210260e-01 -3.750768e-01 -2.520602e+00 1.519604e+00 3.691919e-01 2.296816e+00 1.645995e-01 -1.662068e+00 2.183720e-01 -3.225497e+00 -1.426951e-01 1.112440e+00 3.451413e+00 -6.317335e-02 -6.801741e-02 -2.267712e-02 -6.613896e-01 -4.492655e-01 -2.537936e-01 -2.270457e-01 3.088931e-01 9.590548e-01 9.192395e-01 1.309207e+00 6.996841e-02 -3.199048e-01 -1.595676e-02 
3.899694e+00 9.500613e+00 1.214195e+01 2.675545e+00 -5.166097e+00 1.666631e+00 -7.744226e+00 -2.057418e+01 -6.995165e+00 -9.189449e+00 -1.242942e+01 6.543780e+00 5.519667e-01 -1.231506e+00 -1.606325e+00 4.259852e-01 -1.034626e-01 5.455610e-01 1.523336e-01 -6.710469e-01 1.516121e+00 -2.455338e+00 1.788600e+00 1.721084e+00 1.846682e+00 -8.057608e-02 -2.801348e-01 1.952473e-01 -9.237368e-01 -1.017076e-01 -3.847190e-01 3.051847e-01 7.308175e-01 1.181597e+00 1.551944e+00 1.000603e+00 1.847520e-01 -1.028273e+00 -2.150195e-02 
1.309618e+00 7.830049e+00 1.313277e+01 7.187900e+00 -7.744495e+00 2.170229e+00 -6.561773e+00 -1.865951e+01 -6.785125e+00 -7.269034e+00 -1.149604e+01 3.808645e-01 4.684490e-01 -1.737723e+00 -1.213051e+00 -1.287597e+00 -3.908438e-02 5.419002e-01 1.302371e+00 8.708953e-01 3.089740e+00 2.593810e-01 2.400373e+00 1.086118e+00 2.835524e-01 -1.082337e-01 -1.392484e-01 1.837571e-01 -8.150855e-01 6.106806e-02 -3.397059e-02 5.368338e-01 8.797235e-01 9.913844e-01 1.944986e+00 6.545649e-01 2.963454e-01 -5.116928e-01 -2.143242e-02 
5.667746e-01 5.846810e+00 1.045512e+01 5.730418e+00 -7.147868e+00 3.752966e+00 -6.678627e+00 -1.551944e+01 -5.215971e+00 -4.054620e+00 -9.810346e+00 4.496786e+00 3.504457e-01 -1.519982e+00 -1.747434e+00 -1.685758e+00 2.456908e-01 1.061928e+00 1.823328e+00 1.016443e+00 3.746811e+00 2.412061e+00 2.027234e+00 1.691001e+00 1.698739e-02 -1.371801e-01 1.992466e-01 2.041668e-01 -9.364318e-02 3.279144e-01 2.557508e-01 3.050241e-01 6.888035e-01 2.690106e-01 1.716429e+00 4.658872e-01 4.948565e-01 5.921001e-02 -1.013779e-02 
-1.138330e+00 3.546448e+00 7.933352e+00 3.829486e+00 -2.405485e+00 7.832899e+00 -3.361152e+00 -1.074768e+01 4.986474e-01 -2.623533e+00 -9.623435e+00 4.379555e+00 1.806171e-01 -9.271117e-01 -1.531293e+00 -1.499793e+00 4.999191e-01 1.868815e+00 2.013222e+00 1.892833e+00 4.059994e+00 4.065687e+00 3.010729e+00 2.609429e+00 1.807750e+00 -1.420305e-01 4.217368e-01 4.863585e-01 6.041350e-01 3.698992e-01 -2.646696e-02 -1.446161e-01 3.976541e-01 -4.644861e-01 7.334167e-01 1.511657e-01 6.153044e-01 4.128610e-01 1.100217e-02 
-2.476737e+00 2.905532e+00 6.313004e+00 5.583210e+00 -2.526423e+00 7.952054e+00 -4.262598e+00 -5.795484e+00 1.423015e+00 -1.376136e+00 -4.911072e+00 4.629521e+00 9.962867e-03 -6.404356e-01 -4.264005e-01 6.378563e-02 1.266710e+00 1.160768e+00 1.321905e+00 2.261974e+00 2.376149e+00 4.223651e+00 3.812913e+00 3.433668e+00 1.380629e+00 -1.143667e-01 4.333570e-01 7.502826e-01 7.342638e-01 2.205857e-01 -1.178782e-01 -2.191723e-01 1.694530e-01 -9.586918e-01 -3.059937e-01 -4.278779e-01 -1.164980e-01 3.376144e-01 3.441062e-02 
-1.803884e+00 1.644158e+00 7.704559e+00 9.761001e+00 -7.112778e-01 1.013675e+01 1.694529e+00 -3.221380e+00 1.022390e+01 6.445332e+00 -8.986059e-01 9.353527e+00 -7.146420e-02 -6.874455e-02 5.582767e-01 8.582600e-01 1.299884e+00 3.600837e-01 8.299083e-01 2.236372e+00 1.452628e+00 3.020756e+00 2.263268e+00 3.291311e+00 1.665993e+00 -6.463031e-02 2.811130e-01 5.470034e-01 2.516015e-01 -4.673380e-01 -1.955475e-02 -6.349622e-01 9.187978e-03 -9.261025e-01 -1.355870e+00 -9.910349e-01 -1.032879e+00 -4.122062e-01 4.619198e-02 
-2.302405e+00 4.665940e+00 1.088840e+01 9.098564e+00 -2.191022e+00 9.210487e+00 2.103519e+00 -7.401864e+00 1.103994e+01 1.047529e+01 2.996241e+00 8.912968e+00 -9.535649e-02 2.173778e-01 9.592699e-01 8.064117e-01 9.487603e-01 1.226864e+00 1.319066e+00 1.691918e+00 2.570304e-01 1.404622e+00 2.615294e-01 7.673810e-01 1.776008e+00 -3.829682e-03 8.875646e-02 -7.553207e-02 -5.230002e-01 -1.176285e+00 1.912492e-01 -1.210844e+00 4.126283e-02 -3.491469e-01 -1.865313e+00 -1.001900e+00 -1.530101e+00 -8.872940e-01 4.120522e-02 
-1.568578e+00 5.457190e+00 9.937008e+00 8.571778e+00 -7.725531e-01 1.135303e+01 4.637445e+00 -2.681377e+00 1.079395e+01 2.767222e+00 2.879203e+00 1.056781e+01 -8.987532e-02 4.974639e-02 5.109315e-01 -6.130756e-01 -1.677938e+00 1.737944e+00 -1.160226e+00 2.223882e+00 4.888587e-01 -1.304265e+00 -1.686978e-01 -1.221680e+00 -4.510166e-01 3.365937e-02 -1.401675e-01 -4.716131e-01 -6.503593e-01 -1.035086e+00 1.288175e-01 -1.503499e+00 -8.630843e-02 1.530222e-01 -1.707922e+00 -1.123804e-01 -1.089977e+00 -1.169330e+00 2.181225e-02 
-1.507176e+00 5.795216e+00 9.229080e+00 1.092163e+01 3.638191e+00 1.393903e+01 2.725350e+00 -4.780381e+00 8.160872e+00 1.770704e+00 -2.963940e+00 1.290258e+01 3.702291e-05 -2.557554e-01 -7.803572e-01 -1.815440e+00 -3.125791e+00 1.428103e+00 -3.737303e+00 2.474494e+00 1.112165e+00 -2.940395e+00 1.934932e-02 -1.960146e+00 -1.997299e+00 4.250706e-02 -1.508686e-01 -5.687930e-01 -3.406353e-01 -1.820504e-01 -2.791877e-01 -9.647875e-01 -3.605648e-01 6.111763e-01 -1.388255e+00 5.638096e-01 -5.008885e-02 -1.170989e+00 -6.335245e-03 
-1.952882e+00 3.634068e+00 5.468902e+00 4.601229e-01 5.063647e+00 1.971263e+00 1.250284e+01 -2.088152e+00 5.142247e+00 9.954119e+00 -4.027177e+00 5.103358e+00 4.912164e-02 -5.330186e-01 -9.300092e-01 -1.082543e+00 -1.838226e+00 9.036012e-01 -4.159453e+00 1.413489e+00 1.790033e+00 -3.346470e+00 1.822403e+00 -7.949665e-01 -2.293962e+00 2.126887e-02 8.728260e-03 -3.412869e-01 1.736603e-01 1.343418e+00 -3.624299e-01 7.781237e-01 -9.732272e-01 5.683731e-01 -6.101944e-01 4.479005e-01 1.037523e+00 -1.606474e-01 -2.381607e-02 
-3.388760e+00 1.675737e+00 4.045252e+00 -2.474307e+00 2.031059e+00 -4.785160e+00 1.054310e+01 -2.138128e+00 -8.363403e-01 6.978931e+00 -3.351736e+00 1.658298e+00 4.769864e-02 -2.455120e-01 -1.164162e+00 -6.620913e-01 1.187408e-01 2.481262e-01 -2.005320e+00 2.942837e-01 2.662418e+00 -4.515539e+00 2.084913e+00 3.034219e-01 -3.157448e+00 -2.930804e-02 1.210566e-01 -5.492760e-02 3.012623e-01 1.884180e+00 -2.325395e-01 2.006533e+00 -9.872440e-01 2.484962e-01 2.094380e-01 -2.634190e-03 1.525435e+00 7.009377e-01 -2.542400e-02 
-3.293006e+00 2.867281e+00 7.115842e+00 6.078364e+00 4.549257e+00 -8.247380e-02 7.796333e+00 4.947470e+00 -1.439497e+00 9.275274e+00 -9.009351e-01 4.719902e+00 -7.376617e-03 8.822826e-02 -1.003600e+00 -3.213208e-01 3.416976e+00 5.157666e-01 1.864328e+00 -1.552220e+00 2.555740e+00 -3.567587e+00 1.038066e+00 2.833977e+00 -6.741300e-01 -4.951266e-02 6.853605e-02 -3.424523e-02 -2.561467e-02 9.488345e-01 -3.677897e-01 1.459895e+00 -6.027463e-01 -1.848589e-01 7.548712e-01 -7.847814e-01 1.152242e+00 8.812768e-01 -1.207165e-02 
-2.064523e+00 3.578770e-01 5.095222e+00 8.706212e+00 5.136209e+00 4.938895e+00 6.550237e+00 5.013673e+00 -1.112596e+01 1.253474e+01 -3.009940e+00 -2.692841e+00 -1.182474e-01 3.881090e-02 -1.018112e+00 -6.896781e-01 3.667591e+00 4.592286e-01 3.283419e+00 -9.788861e-01 1.971826e+00 -1.782657e+00 3.982802e-01 3.852323e+00 6.975244e-01 -4.922002e-02 -1.154172e-01 2.569859e-02 -7.658746e-02 -1.084079e-01 -3.010702e-01 -7.394169e-03 -1.331175e-02 -3.422222e-01 1.221580e+00 -8.188374e-01 3.211511e-01 1.085659e+00 6.087115e-03 
-2.174447e+00 -7.251432e-01 3.337324e+00 1.195452e+01 6.090276e+00 6.430580e+00 6.738386e+00 7.114624e+00 -7.550543e+00 1.236619e+01 9.971911e+00 3.908365e+00 -1.154717e-01 -3.325807e-01 -1.174249e+00 -1.196954e+00 1.131713e+00 -1.040961e+00 4.955502e-01 -9.635605e-01 1.211136e+00 -9.385148e-01 -1.258213e+00 3.191750e+00 1.849388e-01 -2.913371e-02 -1.820527e-01 1.344466e-01 1.986850e-01 -8.653023e-01 -3.353725e-01 -1.206399e+00 2.881773e-01 -5.648939e-01 7.981291e-01 -2.880017e-01 -9.266240e-01 3.992408e-01 1.234719e-02 
-3.754599e+00 -1.619135e+00 2.485885e+00 1.292537e+01 3.556490e+00 8.375278e+00 6.177764e+00 6.637577e+00 -6.693823e+00 7.425151e+00 1.047383e+01 5.551859e+00 -1.443708e-01 -6.121972e-01 -9.502853e-01 -6.071641e-01 7.194949e-01 -4.788348e-01 -1.357956e+00 -6.653044e-02 1.623533e+00 2.778768e-01 -8.610799e-01 1.730217e+00 1.841340e+00 -9.059844e-03 -1.192906e-01 2.785610e-01 3.060243e-01 -8.126830e-01 -3.200326e-01 -1.242713e+00 -7.975511e-02 -7.972169e-01 3.078148e-01 2.178626e-01 -1.445722e+00 -6.652994e-02 1.146934e-02 
-4.110992e+00 -2.015427e+00 2.435908e+00 9.627784e+00 1.342133e-01 6.774200e-01 3.164944e+00 1.019109e+01 -8.348129e+00 5.539300e+00 8.315917e+00 1.522159e+00 -1.399789e-01 -4.966131e-01 -3.651605e-01 6.307923e-01 5.644616e-01 -6.920727e-01 -1.846773e+00 -5.675775e-01 -9.456571e-02 -6.070898e-01 2.276077e-01 -7.382027e-01 7.501183e-01 -7.858153e-03 -1.173867e-01 1.562974e-01 1.229790e-01 -4.584247e-01 -2.527956e-01 -3.449858e-01 -2.580418e-01 -5.546367e-01 5.463147e-01 5.445904e-01 -8.512301e-01 2.892978e-02 6.028447e-03 
-4.156508e+00 -3.748259e+00 2.510644e+00 1.346675e+01 5.720475e+00 1.025892e+00 8.004306e+00 1.159302e+01 -9.338253e+00 1.164307e+01 6.468937e+00 7.706629e+00 -1.512926e-01 -4.757111e-01 -2.993591e-02 -7.353245e-02 -1.121668e-01 -1.315313e+00 -1.758867e+00 -1.575607e+00 -1.361486e+00 -4.093012e-01 7.445895e-01 -1.411310e+00 8.231894e-02 -2.515915e-03 -9.355553e-02 -6.707686e-03 -2.075423e-01 -4.435487e-01 -1.787943e-01 2.692457e-01 -5.498829e-01 2.690647e-02 6.461450e-01 -1.086826e-01 8.898069e-03 -4.617521e-01 2.371489e-03 
-4.456222e+00 -1.486148e+00 6.478982e+00 1.450573e+01 1.547844e+00 8.713278e-01 2.987228e+00 4.164076e+00 -9.264455e+00 1.139569e+01 8.283892e+00 6.581596e+00 -1.512926e-01 -9.876030e-01 -8.528160e-01 -8.487946e-01 -7.446173e-01 -1.886591e+00 -1.028822e+00 -1.499245e+00 -6.960899e-02 2.136456e+00 6.617353e-01 5.063033e-01 1.209083e+00 -2.260633e-03 2.593200e-04 -1.155725e-01 -2.798955e-01 -2.093436e-01 5.046642e-01 5.472245e-01 -4.411234e-02 1.166665e+00 6.514941e-01 -8.274655e-01 4.014280e-01 -2.442240e-01 1.821750e-03 
-5.960372e+00 -2.033218e+00 9.662916e-02 9.925850e+00 -3.727203e+00 -5.163776e-01 -1.611469e+00 2.843923e+00 -8.282846e+00 8.220114e+00 3.432948e+00 3.433771e+00 -1.512926e-01 -8.345061e-01 -7.400109e-01 -9.050766e-01 -8.436481e-01 -7.754561e-01 -4.208677e-01 -2.350121e+00 1.745625e+00 2.136790e+00 -1.621660e+00 1.152372e+00 -6.969344e-01 -4.560339e-07 1.208597e-01 1.066395e-02 2.229809e-01 3.196772e-01 1.109464e+00 6.450794e-01 6.744590e-01 1.334978e+00 -5.572337e-03 -8.964906e-01 2.759669e-01 -1.690564e-01 7.287907e-04 
-8.147252e+00 -7.137423e+00 -6.012115e-01 7.675147e+00 -4.575382e+00 -3.695342e+00 4.766031e-01 1.421775e+01 1.806670e+00 1.055956e+01 1.236565e+01 9.704084e+00 -1.512926e-01 -3.158314e-01 -5.879917e-01 -3.529717e-01 -1.164368e-01 1.561313e+00 2.202501e-01 -4.008571e-01 4.185144e+00 1.377295e+00 -2.726541e+00 -1.298698e-02 -8.131810e-02 -4.560339e-07 3.084894e-01 3.788569e-01 4.002924e-01 5.677748e-01 1.132751e+00 4.794705e-01 8.981091e-01 2.434758e-01 -8.700906e-01 -5.387654e-01 -6.000475e-01 -3.927037e-01 4.528348e-04 
-6.483798e+00 -4.622682e+00 1.525323e+00 1.266380e+01 4.904546e+00 1.205186e+00 -2.491006e+00 1.529386e+01 -4.189421e+00 3.952870e+00 1.018968e+01 2.661185e+00 -1.512926e-01 -2.071685e-01 -1.090847e-01 7.934804e-01 1.172278e+00 2.508020e+00 8.418334e-01 1.247478e+00 3.186142e+00 -5.754737e-02 -2.043496e+00 2.282144e-01 -1.176819e-01 -4.560339e-07 1.840813e-01 2.775094e-01 2.502409e-01 1.497709e-01 1.501825e-01 1.230791e-01 7.550284e-01 -8.616164e-01 -4.405932e-01 5.801985e-01 -7.119012e-01 -3.972384e-02 8.755713e-07 
-5.773588e+00 -3.131361e+00 3.999402e+00 1.255431e+01 5.038922e+00 1.111886e+00 1.422565e+00 1.886489e+01 -4.424533e+00 -1.034973e-01 4.840310e+00 6.561553e+00 -1.512926e-01 2.413252e-01 7.259404e-01 3.033226e-01 1.086221e+00 2.135337e+00 7.371193e-01 1.192465e+00 4.275680e-01 -1.116808e+00 -1.821172e+00 -2.031952e+00 -1.044034e+00 -4.560339e-07 -3.184387e-02 8.178638e-02 -2.206747e-02 -3.644353e-01 -8.163070e-01 -2.437284e-02 -2.805671e-02 -1.364954e+00 -1.365412e-02 9.983206e-01 -2.150048e-01 -8.034752e-02 8.755713e-07 
-8.182891e+00 -4.581317e+00 1.763744e+00 1.334753e+01 4.005842e+00 1.288932e+00 4.152988e+00 1.645110e+01 -5.454868e+00 3.333832e+00 8.336297e+00 4.416615e+00 -1.512926e-01 -1.926340e-01 -9.248113e-03 1.784873e-02 -6.963336e-01 -3.115596e-01 -6.390876e-02 6.284332e-01 -6.838623e-01 1.181006e+00 8.266163e-01 -1.397701e+00 -4.141392e-01 -4.560339e-07 -8.219796e-02 2.273840e-02 -1.058397e-01 -6.503991e-01 -1.083037e+00 -1.376786e-02 -6.262654e-01 -1.038369e+00 2.774064e-01 6.198697e-01 -9.136562e-03 3.160985e-01 8.755713e-07 
-6.091336e+00 -3.528097e+00 7.963038e-01 1.276417e+01 6.550378e+00 -5.156096e-02 3.116951e+00 1.577675e+01 -3.144894e+00 1.763325e+00 3.133075e+00 3.606213e+00 -1.512926e-01 -4.822170e-01 -2.289916e-01 -7.550294e-02 -1.004265e+00 -1.110515e+00 5.513144e-01 -2.315677e-01 -7.046596e-01 6.896170e-01 8.300440e-01 -2.751390e-01 -3.348374e-01 -4.560339e-07 -1.727303e-01 -1.449766e-02 -4.767534e-02 -3.019806e-01 -6.726661e-01 2.082403e-01 -4.207461e-01 -4.547482e-01 3.658085e-02 9.277745e-02 4.701810e-01 8.807636e-01 8.755713e-07 
-7.288044e+00 -4.470569e+00 3.216280e+00 9.077274e+00 2.591136e+00 1.467103e+00 -1.960039e-01 1.341877e+01 1.074840e+00 7.152526e+00 4.054819e+00 2.067848e+00 -1.512926e-01 -2.563091e-01 4.820097e-01 4.538183e-01 -1.034648e+00 -1.284298e+00 8.659108e-01 -1.171740e+00 -1.439659e+00 4.261766e-01 -2.697539e-01 -6.959432e-01 1.108312e+00 -4.560339e-07 -1.825418e-02 2.918040e-01 -1.977754e-01 2.630623e-01 1.930973e-01 1.055113e-01 -6.555626e-02 -2.771302e-01 -4.675713e-01 -5.954646e-01 3.109944e-01 7.887386e-01 8.755713e-07 
-8.632032e+00 -4.331356e+00 2.895786e+00 9.667932e+00 1.933385e-01 3.779383e+00 2.439127e+00 1.685805e+01 -4.241457e+00 2.137311e+00 5.605421e+00 6.061244e+00 -1.512926e-01 -5.906030e-01 4.078013e-01 -1.529676e-01 -2.545544e-01 -7.414926e-01 1.313387e+00 -1.116367e-02 -1.468164e+00 -5.566012e-01 -8.090745e-01 -3.178887e-02 2.598508e+00 -4.560339e-07 1.751528e-01 3.789348e-01 -2.187670e-01 3.552076e-01 4.610841e-01 -5.873469e-01 -1.193663e-01 -1.629596e-01 1.460629e-01 -2.565478e-01 -1.388937e-02 3.153538e-02 8.755713e-07 
-8.194056e+00 -1.769913e+00 2.982902e+00 9.722678e+00 7.630910e-01 3.703506e+00 -1.366980e+00 8.712566e+00 -2.774958e+00 1.798277e+00 3.620441e+00 8.730315e+00 -1.512926e-01 -2.295932e-01 1.131359e+00 -9.322939e-01 2.440485e-01 4.693973e-01 8.260000e-02 1.904599e-01 -1.687759e+00 -5.337730e-01 -1.331020e+00 3.571887e-02 2.062810e+00 -4.560339e-07 2.598422e-01 1.972337e-01 -1.901465e-01 5.326122e-02 5.984325e-02 -9.190469e-01 -1.568658e-01 3.202532e-01 3.602592e-01 3.983686e-01 1.396329e-01 -7.653440e-01 8.755713e-07 
-8.591241e+00 -2.839590e+00 1.479814e-01 1.116860e+01 3.756979e+00 5.396967e+00 3.646968e+00 1.078950e+01 -4.002560e+00 3.947620e-01 3.190721e+00 1.326751e+01 -1.512926e-01 3.803029e-01 1.341119e+00 -4.762501e-01 1.325362e-01 3.179852e-01 -1.993622e+00 -1.509610e+00 -1.395251e+00 1.900010e+00 7.797369e-02 -7.102684e-01 -6.545100e-01 -4.560339e-07 3.166957e-01 4.447242e-02 9.615636e-02 -2.431527e-01 -5.069949e-01 -6.091461e-01 -3.262327e-01 6.483099e-01 4.741600e-01 7.544960e-01 2.388421e-04 -1.027641e+00 8.755713e-07 
-8.456412e+00 4.401598e-01 -7.118272e-02 9.547488e+00 3.156589e+00 1.071418e+00 1.528197e-01 8.013548e+00 -1.712929e+00 1.368368e+00 5.440637e+00 8.779099e+00 -1.512926e-01 5.573472e-01 1.001572e+00 -3.352373e-01 -9.618939e-01 -1.514721e+00 -2.075735e+00 -1.206909e+00 1.251513e-01 9.992136e-01 1.278591e+00 3.415629e-01 -1.091903e+00 -4.560339e-07 1.462665e-01 -3.169043e-01 3.056842e-01 -1.302917e-01 -6.354067e-01 4.437992e-01 6.226986e-02 6.272761e-01 -9.679765e-02 5.316253e-01 -9.175731e-02 -4.718982e-01 8.755713e-07 
-6.598874e+00 1.269215e+00 2.042055e+00 1.041857e+01 5.862527e-01 -4.872839e+00 -5.868647e+00 1.023068e+01 4.727843e+00 2.742368e+00 1.144602e+00 2.764801e+00 -1.512926e-01 5.994281e-01 6.950631e-01 2.942532e-02 -8.672973e-01 -2.284492e+00 -6.532374e-01 -9.437171e-01 8.670020e-01 1.047536e+00 1.658468e+00 -1.836365e-01 -9.622667e-01 -4.560339e-07 -8.390488e-02 -5.092387e-01 1.256030e-01 2.984071e-02 -3.892372e-02 1.271737e+00 5.667661e-01 7.213328e-02 -8.160764e-01 -8.005914e-02 3.995410e-02 3.235995e-01 8.755713e-07 
-6.403932e+00 1.183374e+00 3.598095e-01 5.288185e+00 -5.225760e+00 -1.539874e+00 -2.643681e+00 9.617332e+00 -2.143890e+00 7.017379e+00 6.351317e+00 8.522326e+00 -1.512926e-01 3.923458e-01 -1.301842e-01 3.434712e-01 9.246401e-02 -1.406425e+00 1.631391e+00 2.188963e-01 3.173425e-01 -5.914266e-01 5.369221e-01 -6.864527e-01 -1.428489e-01 -4.560339e-07 -1.731242e-01 -5.323749e-01 6.855623e-02 6.236521e-01 8.327170e-01 1.055031e+00 3.017208e-01 -7.134283e-01 -6.461845e-01 -5.686672e-01 -5.060970e-02 1.073006e-02 8.755713e-07 
-6.620344e+00 2.640300e-01 7.920606e-02 8.961698e+00 -3.474040e+00 3.436531e+00 3.263620e-01 1.432224e+01 1.450926e+00 5.862411e+00 1.817131e+00 8.584345e+00 -1.512926e-01 4.351731e-02 -6.392480e-01 -1.875742e-01 -2.456860e-01 6.915691e-02 2.511465e+00 6.113359e-01 -1.130636e+00 -1.384747e+00 4.842511e-02 3.487058e-03 4.889975e-01 -4.560339e-07 -2.029296e-01 -4.352340e-01 -3.751966e-02 6.411714e-01 8.718985e-01 3.058020e-02 -7.560468e-02 -1.053733e+00 -2.313971e-01 -3.567072e-01 5.112635e-01 -2.734778e-01 8.755713e-07 
-6.484227e+00 2.916059e-01 2.627562e+00 1.073793e+01 -1.844870e+00 5.073788e+00 -1.850394e+00 7.554675e+00 -3.032305e+00 2.492655e+00 1.671562e+00 5.154788e+00 -1.512926e-01 -3.040110e-02 -9.931018e-01 1.160035e-01 1.845621e+00 1.472134e+00 1.617194e+00 -4.758015e-01 -2.443066e+00 -1.015497e+00 -7.597874e-01 -5.108091e-03 -1.763811e+00 -4.560339e-07 -1.664935e-01 -1.214929e-01 -2.204678e-01 2.590052e-01 2.994788e-01 -7.717021e-01 4.173613e-02 -5.183687e-01 2.053680e-01 -2.025567e-02 6.164112e-01 -1.349862e-01 8.755713e-07 
-6.341240e+00 -1.481256e+00 -2.991750e-02 6.465242e+00 -7.580405e-01 4.377406e+00 -3.208824e+00 5.608196e+00 -1.752193e+00 5.246869e+00 3.501657e+00 6.893202e+00 -1.512926e-01 -2.037079e-01 -1.049607e+00 -4.446782e-02 1.461980e+00 6.358591e-01 -4.933271e-01 -9.743682e-01 -3.021475e+00 1.024165e-01 5.232116e-01 2.031942e+00 -1.519126e+00 -4.560339e-07 -6.342186e-02 2.000771e-01 -1.317391e-01 -1.030599e-01 -1.735455e-01 -7.312639e-01 6.397992e-01 5.224105e-01 1.258293e-01 -1.868837e-01 1.460785e-01 2.090320e-01 8.755713e-07 
-6.695487e+00 -2.909419e+00 9.943768e-01 1.576430e+01 7.765285e-01 6.075364e+00 -3.255079e+00 1.758724e+00 -5.619494e+00 3.526068e+00 5.483725e+00 5.483906e-01 -1.512926e-01 -3.165235e-01 -5.326183e-01 -8.303214e-01 5.337505e-01 -1.923823e-01 -7.246746e-01 1.220370e+00 -1.329067e+00 -3.083240e-01 1.982955e-01 1.381218e+00 1.862742e-01 -4.560339e-07 5.547156e-02 3.933463e-01 -1.659964e-01 -8.688676e-01 -2.559006e-01 -1.446697e-01 8.487045e-01 1.171902e+00 -2.374509e-03 -1.932749e-01 -3.579797e-01 9.800528e-01 8.755713e-07 
-7.533655e+00 -3.383991e+00 6.734252e-01 1.375874e+01 -1.605682e+00 4.688988e-01 -3.842827e+00 2.113101e+00 3.257086e+00 7.961858e+00 1.007032e+01 3.292338e+00 -1.512926e-01 -1.306201e-01 1.308319e-01 -3.732923e-01 -1.049407e-01 3.376980e-02 2.604081e-02 2.962164e+00 9.242556e-01 -1.109310e+00 -1.365060e+00 4.073270e-02 5.590543e-01 -4.560339e-07 2.041048e-01 4.054986e-01 2.131244e-03 -6.117952e-01 2.323528e-01 5.576688e-01 4.503355e-01 8.482600e-01 -3.011679e-01 -1.570276e-01 -7.954986e-01 6.465755e-01 8.755713e-07 
-7.470964e+00 -1.420322e+00 -1.875848e+00 9.760393e+00 -2.383447e+00 3.404494e+00 4.568585e+00 2.656999e+00 -7.078425e+00 2.126825e+00 5.293321e+00 7.887013e+00 -1.512926e-01 2.103182e-01 3.833053e-01 -5.497738e-01 -1.715382e+00 4.935988e-01 6.341089e-01 1.799462e+00 1.443576e+00 -4.214651e-01 -7.821262e-01 -7.994431e-01 2.097427e+00 -4.560339e-07 2.356827e-01 2.009729e-01 2.377528e-01 -2.413096e-02 4.662220e-01 4.689727e-01 -5.744578e-01 -1.428347e-01 1.158870e-01 5.411665e-01 -2.857761e-01 -8.180822e-02 8.755713e-07 
-6.606603e+00 -1.571989e+00 -4.609098e-01 8.942232e+00 9.904544e-01 5.843236e+00 7.690260e+00 9.780890e+00 -6.568934e+00 -8.786538e-01 3.800364e+00 6.019268e+00 -1.512926e-01 5.531945e-01 5.198859e-01 -1.741503e-01 -4.726521e-01 1.454643e+00 1.615490e+00 9.878299e-01 -1.663774e-01 -1.346756e+00 2.284350e-01 -8.553116e-01 7.581307e-01 -4.560339e-07 1.165267e-01 3.142422e-02 1.652053e-01 3.912911e-01 2.182696e-01 6.716200e-02 -9.423902e-01 -9.708099e-01 2.854882e-01 1.005351e+00 2.351448e-01 -4.165884e-01 8.755713e-07 
-6.107224e+00 -1.898897e+00 -1.187178e+00 9.595544e+00 1.946671e+00 6.558728e+00 -2.454822e-02 5.142832e+00 -2.813749e+00 4.035978e+00 4.621956e+00 9.672318e+00 -1.512926e-01 5.199727e-01 2.777050e-01 2.588635e-01 5.969792e-01 1.428205e+00 8.254789e-01 -6.648458e-01 -1.498014e+00 3.898515e-01 2.107251e+00 4.002964e-01 -3.222025e-01 -4.560339e-07 -8.209621e-03 -2.641631e-02 1.419298e-01 5.989407e-01 -4.683395e-02 -2.085137e-01 -6.139961e-01 -1.009761e+00 1.926930e-01 7.986410e-01 4.304006e-01 -5.895055e-01 8.755713e-07 
-5.449399e+00 -5.450105e-01 -5.411477e-01 1.147762e+01 3.502203e+00 6.969026e+00 3.393088e+00 3.811176e-02 -5.609087e+00 8.149433e+00 6.130052e+00 6.190197e+00 -1.512926e-01 2.972485e-01 3.406946e-01 4.851438e-02 6.953531e-01 6.578235e-01 2.661335e-01 -5.177031e-01 -2.458848e+00 -8.754059e-02 2.216936e+00 6.167868e-01 -3.139847e-01 -4.560339e-07 -7.346642e-02 -2.953230e-02 2.351163e-02 2.433915e-01 -2.363837e-01 -3.258111e-01 -2.864031e-01 -5.545934e-01 2.040889e-01 4.086859e-01 3.160728e-01 -2.135884e-01 8.755713e-07 
