-8.602250e+00 1.382332e-01 1.940667e+00 4.164130e+00 6.760401e-01 3.559213e+00 1.701454e-01 2.801397e+00 5.650515e+00 1.014810e+01 5.064789e-01 3.980729e+00 -1.512926e-01 2.939906e-02 1.746310e-01 2.510761e-01 -6.389777e-01 -3.143992e-01 -1.116079e+00 -1.795969e-01 2.574409e-01 -9.013289e-01 -8.562998e-01 1.935160e-01 -1.146370e-01 1.276477e-06 -1.549296e-01 3.047101e-02 -8.877494e-02 -7.117394e-02 2.420944e-01 2.469490e-01 -2.489927e-01 -3.238163e-01 2.753749e-01 1.029909e-01 2.615609e-01 2.729125e-01 1.412348e-07 
-8.345016e+00 -2.399310e-01 2.878893e+00 3.242236e+00 -1.670576e+00 -1.779431e+00 -5.353914e-02 1.806159e+00 1.355819e+00 8.342382e+00 1.199619e+00 4.509676e+00 -1.512926e-01 -2.921408e-01 5.102842e-01 4.166729e-01 -4.720421e-01 3.938061e-01 -8.760433e-01 -5.798662e-01 -6.534050e-01 -6.201777e-01 -1.106046e+00 2.045113e-01 1.124125e-01 1.276477e-06 -2.294711e-01 -7.247891e-02 -1.406353e-01 -5.767972e-02 1.169533e-01 5.359780e-01 -1.122204e-01 -9.868691e-02 7.109762e-01 3.673028e-01 3.829784e-01 3.447406e-01 1.412348e-07 
-8.583810e+00 1.200549e+00 2.726690e+00 1.430814e+00 2.774311e-01 6.478750e-01 -6.160920e-01 4.585783e+00 3.291012e+00 6.769507e+00 1.127690e+00 3.143391e+00 -1.512926e-01 -5.844121e-01 1.591572e-01 -2.755800e-01 -1.078194e+00 5.420548e-01 -1.249504e-03 -1.224440e+00 -9.063901e-01 3.350897e-01 -2.165030e-01 1.495651e+00 1.136302e+00 1.276477e-06 -1.412803e-01 -1.173305e-01 -1.171145e-01 -2.146068e-02 -1.523442e-01 4.370606e-01 1.287494e-01 2.952587e-01 7.809677e-01 4.047326e-01 2.585703e-01 1.900944e-01 1.412348e-07 
-1.007189e+01 2.158498e+00 3.630853e+00 3.171241e+00 2.844526e+00 6.342690e-01 -2.335593e+00 -1.357820e+00 3.728939e+00 6.307209e+00 1.218801e+00 4.961887e+00 -1.512926e-01 -8.109673e-01 -1.799995e-01 -1.888224e-01 -7.078208e-01 -1.577850e-01 1.006432e+00 -2.182763e-01 3.457954e-01 2.035408e+00 6.601988e-01 1.457388e+00 9.835247e-01 1.276477e-06 1.660518e-02 -1.625228e-01 -1.258758e-01 5.225208e-02 -3.918139e-01 1.930346e-01 4.316322e-01 6.839730e-01 4.191668e-01 4.140508e-01 8.438324e-03 1.650015e-01 1.412348e-07 
-1.066104e+01 -2.653452e-01 1.866688e-01 -1.191311e+00 1.128424e+00 2.346241e+00 -4.811062e+00 -1.485475e-01 6.138613e+00 1.008337e+01 7.975394e+00 9.436216e+00 -1.512926e-01 -4.177747e-01 -6.691477e-02 -3.174656e-02 -6.282767e-01 -8.003373e-01 1.279436e-01 2.831834e-01 1.234139e+00 1.675728e+00 2.840487e-01 8.599771e-01 4.002302e-01 1.276477e-06 1.166068e-01 4.414371e-02 1.577217e-01 1.995458e-01 -1.568184e-01 -1.321670e-02 4.589345e-01 4.150856e-01 -3.751405e-01 -3.382988e-03 -4.419428e-01 -6.818684e-02 1.412348e-07 
-1.136129e+01 -4.073262e-01 3.204857e+00 1.014239e+00 -2.884888e+00 2.403385e+00 9.524517e-01 5.902358e+00 1.010934e+01 9.986269e+00 5.062896e+00 6.280875e+00 -1.512926e-01 -2.924169e-01 -1.892447e-01 -3.345372e-01 -4.356587e-01 -8.939458e-01 2.436743e-02 8.245702e-01 1.696098e+00 8.052907e-01 7.139177e-01 5.645703e-01 1.305405e+00 1.276477e-06 1.714266e-01 5.210881e-02 7.560111e-02 6.253759e-02 1.877265e-01 -1.747441e-02 6.286902e-02 -1.636778e-01 -1.020954e+00 -1.340470e-01 -3.024622e-01 -2.065920e-01 1.412348e-07 
-1.002764e+01 2.148332e+00 2.781017e+00 -6.322241e-01 -8.595788e-01 4.029675e-01 -8.441009e-01 7.126959e+00 8.479481e+00 6.350686e+00 3.505728e+00 4.485063e+00 -1.512926e-01 -2.606633e-01 3.845480e-01 5.859706e-01 -2.165260e-01 1.260054e-01 4.237700e-01 5.489483e-01 4.938803e-01 -9.257276e-01 -2.603263e-01 -2.676997e-01 6.344348e-01 1.276477e-06 1.163839e-01 -1.048930e-01 8.442984e-02 1.838977e-01 2.709731e-01 9.159221e-02 -1.730371e-01 -5.192197e-01 -7.895540e-01 -2.139117e-02 4.670195e-03 -3.206919e-01 1.412348e-07 
-1.185040e+01 5.062501e-03 6.609555e-01 7.130312e-01 -6.313702e-01 1.727849e+00 -1.962412e-01 3.484380e+00 6.585141e+00 1.174368e+01 6.276110e+00 1.396460e+01 -1.512926e-01 -3.231340e-02 -1.452566e-01 -1.197091e-01 -6.008108e-01 3.176698e-01 7.711997e-01 -3.685742e-02 -1.022646e-01 -1.768696e+00 2.622549e-01 5.088608e-01 -1.665370e-01 1.276477e-06 1.422339e-01 -8.913320e-02 9.298898e-02 3.405978e-01 -4.120441e-03 -2.435785e-01 -2.820373e-01 -3.741596e-01 -6.505954e-02 -7.452577e-02 1.242933e-01 -7.631757e-01 1.412348e-07 
-1.171994e+01 1.451303e+00 4.388849e+00 -2.123124e+00 6.320115e-01 4.802799e+00 -1.491961e+00 3.529231e+00 3.272377e+00 7.903272e+00 6.030677e+00 8.766346e+00 -1.512926e-01 3.409307e-02 -6.133609e-01 2.830938e-01 3.738125e-01 -5.125772e-02 2.125534e-01 -1.513983e-01 -4.627975e-01 -9.850278e-01 4.030314e-01 9.109952e-01 -4.671533e-01 1.276477e-06 1.402283e-01 -1.298957e-01 -2.379535e-01 3.647292e-01 -2.744348e-01 -5.302806e-01 -7.045788e-02 -3.892732e-02 5.502816e-01 8.388340e-02 1.096993e-01 -5.305501e-01 1.412348e-07 
-1.067672e+01 -7.848127e-01 1.802693e+00 -1.244558e+00 -2.042634e+00 4.059573e+00 1.092402e+00 7.189410e+00 3.869420e+00 1.052151e+01 6.344116e+00 3.307480e+00 -1.512926e-01 2.715549e-01 -1.361086e-01 2.818028e-01 9.721173e-01 -8.258572e-01 -1.087876e+00 -2.354948e-01 3.034382e-01 5.095972e-01 9.681821e-03 5.966765e-01 -1.959654e+00 1.276477e-06 -9.995542e-04 1.119961e-01 -2.149381e-01 1.122508e-01 -1.552592e-01 -4.197287e-01 1.985451e-01 -1.024764e-02 4.535078e-01 1.745206e-02 2.937238e-02 -9.297974e-02 1.412348e-07 
-1.044392e+01 -5.235541e-01 3.625679e+00 2.215416e+00 -4.102196e-01 2.999022e-01 -2.245176e+00 2.960930e+00 4.912991e+00 8.976653e+00 8.026834e+00 7.478245e+00 -1.512926e-01 2.885362e-01 -2.695329e-01 -8.044739e-01 8.206387e-01 -6.744317e-01 -1.298230e+00 2.959101e-01 9.645034e-02 6.865286e-01 2.853446e-01 2.367641e-01 -1.121697e+00 1.276477e-06 -3.063791e-02 1.074811e-01 -3.354738e-01 -3.503770e-01 5.892466e-02 -2.374400e-03 3.768189e-01 1.492754e-01 1.078954e-01 1.570155e-01 5.347644e-02 6.031615e-02 1.412348e-07 
-1.113080e+01 3.120668e-01 2.451603e+00 3.404586e+00 -4.239688e+00 -1.459690e+00 -9.970241e-01 5.285799e+00 8.313197e+00 1.125529e+01 8.260933e+00 4.810828e+00 -1.512926e-01 -1.645741e-01 2.429489e-01 -6.505826e-01 -2.631348e-01 -1.469840e-01 -5.722116e-01 7.323635e-01 -4.330150e-01 -3.367645e-01 4.083326e-01 9.926535e-01 -3.041977e-01 1.276477e-06 -4.473284e-02 -4.764655e-02 -2.040875e-01 -4.902862e-01 4.381104e-01 4.349318e-01 2.889610e-01 -1.025642e-01 -2.284324e-01 1.426717e-01 -1.717141e-01 3.003685e-01 1.412348e-07 
-1.005069e+01 -4.449393e-01 4.222695e-02 -3.445890e-01 -1.641336e+00 1.071361e+00 1.032255e+00 4.963326e+00 4.482948e+00 8.963127e+00 6.256493e+00 2.405954e+00 -1.512926e-01 9.898089e-02 -2.654455e-01 -9.281551e-01 -7.604935e-01 -9.605001e-02 -5.716339e-02 1.248796e+00 6.518926e-01 -2.232770e-02 9.887559e-01 9.804854e-01 -9.932067e-01 1.276477e-06 -2.679384e-02 -4.368530e-02 1.767608e-01 -2.019405e-01 4.212645e-01 4.836479e-01 -6.978822e-03 -1.138884e-01 -1.220888e-02 -8.771781e-02 -5.173652e-01 1.675895e-01 1.412348e-07 
-1.169643e+01 3.906815e-01 3.414587e-01 -1.280056e+00 -2.161948e+00 8.131875e-01 3.115391e+00 4.023159e+00 2.400106e+00 1.256973e+01 1.219265e+01 4.322421e+00 -1.512926e-01 1.426076e-01 -3.762919e-01 -6.767476e-01 -6.886779e-01 1.075538e+00 4.662596e-01 7.329873e-01 -4.871198e-01 -2.779490e-01 3.714598e-01 -6.339161e-01 -5.220765e-01 1.276477e-06 2.635464e-02 1.713906e-02 2.708103e-01 1.746232e-01 1.627118e-01 2.900212e-01 -2.321833e-01 -9.431726e-02 1.617579e-01 -4.703916e-01 -1.020201e+00 2.659734e-01 1.412348e-07 
-9.666222e+00 -1.889825e+00 4.007110e-02 7.553151e-01 -1.929034e+00 -1.122262e+00 1.942718e+00 6.851040e+00 7.757725e+00 1.326293e+01 1.096375e+01 2.756333e+00 -1.512926e-01 9.588642e-04 -1.783450e-01 9.236492e-02 2.365199e-02 8.206565e-01 6.008717e-01 2.607244e-01 -4.459207e-01 5.960432e-01 -1.346288e-01 -1.536703e+00 -1.749014e-01 1.276477e-06 -4.462142e-02 2.995379e-01 2.863111e-01 1.566016e-01 -1.550219e-01 2.360572e-01 -2.415799e-01 -2.215910e-01 -1.990312e-01 -5.376082e-01 -6.015201e-01 4.868966e-01 1.412348e-07 
-1.060987e+01 -8.468235e-01 -9.309232e-01 -5.883741e-01 1.282020e+00 1.968675e+00 2.212397e+00 1.906081e+00 5.286412e+00 1.096304e+01 2.737607e+00 2.025653e+00 -1.512926e-01 1.628343e-02 2.851853e-01 1.932378e-01 2.180535e-01 2.082834e-01 5.490220e-01 6.545582e-02 -3.555807e-01 1.628442e-01 -1.381944e+00 -2.849833e+00 6.164966e-01 1.276477e-06 3.170292e-02 2.569012e-01 7.428691e-02 6.570236e-02 -5.464100e-01 6.178826e-02 -3.924038e-02 1.175800e-01 -1.035072e-01 -1.576566e-01 3.876437e-01 2.650733e-01 1.412348e-07 
-1.058913e+01 -7.180579e-01 1.139985e+00 -5.721913e-01 7.398981e-01 3.497986e+00 2.787530e+00 3.792092e+00 6.020351e+00 9.093555e+00 3.299966e+00 2.680080e+00 -1.512926e-01 -6.102971e-02 9.016039e-01 6.843775e-02 -4.309027e-01 -4.375515e-01 1.081682e+00 3.746414e-01 -5.218660e-01 -1.237902e+00 -8.227255e-01 -9.190606e-01 8.719651e-01 1.276477e-06 2.987824e-01 3.210479e-01 1.796588e-01 2.064027e-01 -1.641058e-01 1.346149e-01 -1.277248e-01 9.013125e-02 -1.686183e-01 -5.766927e-02 5.582263e-01 -2.426374e-01 9.461626e-03 
-1.115338e+01 1.230369e+00 7.579687e-01 4.734223e-01 -2.455359e+00 1.248238e+00 3.020649e+00 3.774492e+00 4.083008e+00 7.745308e+00 1.775493e+00 7.443014e+00 -1.512926e-01 3.320248e-01 3.681011e-01 -2.933102e-01 -1.329393e-01 -1.027370e+00 5.348588e-01 4.798245e-01 1.386421e-01 1.213179e-01 -7.278140e-02 9.952924e-01 2.800038e-01 1.276477e-06 9.132211e-01 6.031060e-01 5.439280e-01 4.370793e-01 2.765658e-01 3.044955e-02 -4.719003e-01 -1.362290e-01 -1.383244e-01 -2.293228e-01 1.994167e-01 -9.515793e-01 3.566720e-02 
-9.699874e+00 1.579391e+00 -4.618105e-01 -1.930497e+00 -2.248324e+00 4.646330e+00 3.411803e+00 3.308383e+00 2.170033e+00 1.075821e+01 6.849803e+00 4.407362e+00 -1.512926e-01 1.337096e+00 1.385474e+00 1.233898e+00 1.231081e+00 6.178734e-01 1.281075e+00 -5.851067e-01 -2.424075e-01 -2.262430e-01 -1.077537e+00 -6.682214e-01 -1.219853e+00 4.730912e-02 1.575961e+00 7.328901e-01 5.504653e-01 4.503977e-01 1.912177e-01 -5.140419e-01 -1.113477e+00 -4.056703e-01 -3.238373e-01 -8.434855e-01 -9.822806e-01 -9.778350e-01 6.148458e-02 
-9.394236e+00 -1.548779e-01 -1.596649e+00 -5.742794e-01 -2.360580e+00 4.069097e+00 4.299071e+00 2.841138e+00 7.818648e+00 9.766955e+00 5.939567e+00 2.561839e+00 -1.512926e-01 3.883321e+00 3.058679e+00 2.330158e+00 1.572443e+00 1.063467e+00 6.016107e-01 -1.814113e+00 -1.176417e+00 -1.034310e+00 -2.401189e+00 -1.978127e+00 -3.095607e+00 1.546798e-01 1.778583e+00 4.949170e-01 9.089974e-02 -5.319629e-02 -3.757136e-01 -8.948592e-01 -1.275777e+00 -7.031758e-01 -6.870666e-01 -9.258834e-01 -1.417888e+00 -4.559463e-01 6.556070e-02 
-4.783386e+00 6.902154e+00 8.486687e+00 6.107103e+00 3.781896e+00 8.492739e+00 -7.772707e-01 3.047225e+00 3.021518e+00 2.695297e+00 -2.123095e+00 -9.786293e-01 8.524118e-02 6.043257e+00 3.220813e+00 1.509060e+00 9.684314e-01 -5.268184e-01 -1.521762e+00 -4.045790e+00 -1.892685e+00 -2.279292e+00 -3.875985e+00 -4.343873e+00 -2.329403e+00 2.300799e-01 1.044700e+00 -4.748653e-01 -8.620972e-01 -6.661068e-01 -1.086089e+00 -1.193196e+00 -5.269746e-01 -4.949712e-01 -2.907462e-01 -6.576299e-03 -5.728106e-01 2.043100e-01 3.081848e-02 
5.805618e+00 1.386227e+01 7.934358e+00 4.317605e+00 -1.531068e-01 2.333315e+00 -3.955243e+00 -1.976650e+00 -1.514718e+00 -2.292081e-01 -3.628823e+00 -5.341958e+00 5.038483e-01 6.871889e+00 1.925108e+00 2.350974e-02 -2.675341e-01 -2.333652e+00 -2.538065e+00 -4.168690e+00 -2.552200e+00 -2.287533e+00 -3.302866e+00 -4.256497e+00 -1.444988e+00 2.364173e-01 -4.377753e-01 -1.382545e+00 -9.463071e-01 -5.117363e-01 -9.059703e-01 -7.257886e-01 5.942451e-01 9.431627e-02 4.349387e-01 9.982173e-01 1.725613e-01 6.047848e-01 -2.501609e-02 
1.291689e+01 1.067498e+01 2.317941e+00 4.661140e-01 -5.986375e+00 -2.094749e+00 -1.268995e+01 -3.746275e+00 -4.560139e+00 -3.623739e+00 -1.008549e+01 -3.287945e+00 6.715336e-01 5.066350e+00 -4.220318e-01 -1.923199e+00 -1.179497e+00 -3.114076e+00 -3.115062e+00 -2.042696e+00 -2.029519e+00 -1.053377e+00 -6.594483e-01 -2.393162e+00 -1.023540e+00 1.605351e-01 -1.613226e+00 -1.402181e+00 -1.952925e-01 3.726338e-02 -6.791123e-02 4.020267e-02 1.510254e+00 7.259462e-01 9.513634e-01 1.597251e+00 9.471212e-01 2.604973e-01 -5.826640e-02 
1.611526e+01 7.584272e+00 1.605217e+00 9.082681e-01 -9.144661e+00 -3.327450e+00 -1.058794e+01 -6.523628e+00 1.710502e-01 -3.587509e+00 -1.136148e+01 -3.508501e+00 7.376415e-01 2.182846e+00 -2.032661e+00 -6.851823e-01 8.785798e-02 -2.172803e+00 -2.230662e+00 1.556662e-01 -6.365283e-01 5.275328e-01 9.815698e-01 -2.090572e+00 -7.245365e-01 6.437122e-02 -1.872394e+00 -9.700642e-01 3.496623e-01 3.840255e-01 5.612856e-01 5.908331e-01 1.320809e+00 1.033545e+00 7.088932e-01 1.127887e+00 1.020630e+00 7.963286e-02 -5.914746e-02 
1.539335e+01 7.930923e+00 2.035094e+00 1.914208e+00 -7.292777e+00 -4.252316e+00 -7.674539e+00 -4.826673e+00 -3.088676e+00 1.076530e+00 -1.022238e+01 -7.012773e+00 7.710204e-01 3.215323e-01 -1.811260e+00 8.869538e-01 9.771111e-01 -9.468917e-01 -1.474470e+00 1.343248e+00 7.792952e-01 1.069960e+00 1.968066e+00 -6.912382e-01 -1.387243e+00 2.476678e-02 -1.200462e+00 -3.977700e-01 2.399435e-01 1.138332e-01 7.785878e-01 8.187690e-01 6.404971e-01 6.064271e-01 2.689471e-01 1.308408e-01 6.486016e-01 3.197227e-01 -3.694761e-02 
1.548186e+01 5.070971e+00 4.649707e+00 4.032580e+00 -1.036368e+01 -7.741568e+00 -5.684179e+00 -4.618882e+00 3.867885e-01 2.328646e+00 -1.401285e+01 -7.102057e+00 7.759570e-01 -1.177720e-01 -2.230511e+00 3.666668e-01 5.742779e-01 -6.106848e-01 -4.042236e-01 7.423452e-01 1.210975e+00 1.953220e-01 1.022684e+00 -4.399225e-03 -8.650190e-01 8.561794e-03 -3.939863e-01 2.222296e-01 -7.327665e-01 -8.991569e-01 8.123813e-01 6.872752e-01 1.360579e-01 -2.374080e-01 -1.636784e-01 -4.440076e-01 5.016446e-01 3.709963e-01 -1.300655e-02 
1.484154e+01 2.875518e+00 5.230493e+00 3.789317e+00 -1.011127e+01 -7.260256e+00 -8.425396e+00 -8.020089e-01 6.813679e-01 3.258556e+00 -1.221592e+01 -8.427320e+00 7.762205e-01 2.141223e-01 -2.311967e+00 -1.249364e+00 -8.535922e-01 -2.229754e-03 6.537917e-02 8.664936e-01 7.907726e-02 4.574066e-01 -2.589517e-02 -1.933716e-01 6.453187e-01 3.697620e-03 1.205066e-01 8.378846e-01 -1.204193e+00 -1.493211e+00 6.915449e-01 4.751819e-01 3.412163e-01 -7.622585e-01 -3.607500e-02 -4.963569e-01 3.647359e-01 5.723777e-01 -1.520951e-04 
1.580271e+01 -1.040311e+00 1.840636e+00 2.841844e+00 -1.078918e+01 -3.844817e+00 -6.501080e+00 -2.481365e+00 -7.377740e-01 4.350128e-01 -1.038716e+01 -7.126187e+00 7.778718e-01 2.665848e-01 -6.711684e-01 -3.280765e+00 -3.492578e+00 1.416828e+00 4.357163e-01 1.074239e+00 -1.473414e+00 1.532070e-02 -2.414776e-01 1.687399e-01 1.142264e-01 9.874263e-03 1.972766e-01 1.389180e+00 -7.284869e-01 -1.396289e+00 3.700827e-01 2.590785e-01 7.208378e-01 -6.969599e-01 3.517941e-01 -2.105294e-01 4.879477e-01 6.403050e-01 7.792736e-03 
1.630381e+01 -5.730272e-01 -2.806943e+00 -1.758751e+00 -7.091455e+00 -5.873807e+00 -2.933527e+00 -5.500005e+00 -2.389241e-01 1.893884e+00 -1.300235e+01 -3.774422e+00 7.885707e-01 7.318442e-01 1.598603e+00 -3.310286e+00 -4.455549e+00 1.496988e+00 4.814081e-01 2.883312e+00 -1.689833e+00 9.796367e-01 1.184155e-01 1.045871e+00 9.850364e-01 2.335252e-02 5.128677e-03 1.255605e+00 2.859320e-02 -7.179298e-01 -2.357603e-01 1.784296e-01 7.555529e-01 -4.654299e-01 2.852546e-01 -3.665829e-01 7.387975e-01 6.861775e-01 1.074231e-02 
1.608345e+01 3.439715e+00 -7.735213e+00 -1.065665e+01 -4.789540e+00 -6.256135e+00 -3.058539e+00 -9.637079e+00 9.236255e-01 1.803066e+00 -1.277610e+01 -8.857329e+00 8.191563e-01 6.096618e-01 2.760105e+00 -2.245355e+00 -4.606314e+00 4.901677e-01 6.831415e-01 3.338107e+00 -1.389362e+00 1.693179e+00 -1.021147e-01 1.815688e+00 2.166641e+00 3.769862e-02 -2.076324e-01 2.668256e-01 6.472780e-01 3.461801e-01 -4.889915e-01 1.476850e-01 4.113252e-01 -2.531633e-01 1.215842e-01 -4.563097e-01 7.615857e-01 8.522261e-01 7.691880e-03 
1.836029e+01 8.628290e+00 -6.532681e+00 -1.173880e+01 -5.625744e+00 -3.647530e+00 4.269588e+00 -5.673731e+00 4.749575e+00 3.166773e+00 -5.792380e+00 -2.636414e+00 8.723343e-01 6.819369e-02 2.250445e+00 -1.624109e+00 -3.886375e+00 -7.177415e-01 8.338873e-01 3.512414e+00 -2.290280e+00 1.044592e+00 -1.928557e+00 2.677132e+00 3.050048e+00 4.350027e-02 -4.884168e-01 -8.735459e-01 5.300109e-01 9.788264e-01 1.074965e-01 1.508040e-01 -6.072109e-01 -4.089321e-01 -2.342055e-01 -2.224651e-01 4.058264e-01 1.492105e-01 5.063269e-04 
1.782278e+01 8.159312e+00 -7.523077e+00 -1.519982e+01 -9.071056e+00 -1.542006e+00 6.587809e+00 -9.341290e+00 5.234090e+00 -7.117949e-01 -4.913095e+00 3.138082e+00 9.244933e-01 -4.395880e-01 3.371537e-01 -8.875305e-01 -2.046278e+00 7.920115e-02 9.979342e-01 2.816309e+00 -2.439192e+00 5.905494e-01 -1.499631e+00 3.160778e+00 3.342905e+00 3.825575e-02 -5.334871e-01 -1.294801e+00 2.020339e-01 1.387345e+00 9.628422e-01 8.010630e-02 -1.286740e+00 -2.927364e-01 -1.317180e-01 5.387470e-01 -1.695011e-01 -7.309937e-01 -6.252964e-03 
1.577505e+01 8.319592e+00 -1.103366e+01 -1.891872e+01 -8.539018e+00 -4.061492e+00 9.805486e+00 -1.709880e+01 2.828716e+00 -6.491725e+00 -3.547739e+00 5.477803e+00 9.534100e-01 -1.185660e+00 -1.557550e+00 -1.339221e+00 -8.414645e-01 2.240032e+00 1.077864e+00 1.081279e-01 -3.209730e+00 3.599732e-01 -2.951965e-01 2.402250e+00 1.142953e+00 2.560247e-02 -4.247946e-01 -1.112201e+00 3.428806e-02 1.275260e+00 1.135199e+00 -9.262790e-02 -1.910829e+00 1.970954e-01 2.856117e-01 1.148355e+00 -1.176967e+00 -1.355017e+00 -8.899973e-03 
1.517806e+01 5.279707e+00 -9.922106e+00 -1.729836e+01 -2.936983e+00 -1.059675e+00 8.255025e+00 -1.612003e+01 4.837017e+00 -8.658941e-01 1.905838e+00 3.799748e+00 9.699062e-01 -1.430991e+00 -1.809898e+00 -1.377693e+00 8.079164e-01 3.825446e+00 9.616025e-01 -1.393506e+00 -2.393030e+00 1.376965e+00 1.774984e+00 1.105538e+00 -5.347744e-01 1.538664e-02 -2.439561e-01 -5.114962e-01 6.131340e-02 7.611606e-01 5.534219e-01 -2.927896e-01 -1.773169e+00 5.402053e-01 6.772304e-01 6.501988e-01 -1.721492e+00 -1.284127e+00 -7.600256e-03 
1.375406e+01 2.280147e+00 -1.202923e+01 -1.489705e+01 2.507423e+00 1.500969e+00 3.977107e+00 -1.833306e+01 6.748558e+00 1.767319e+00 2.809536e+00 2.747646e+00 9.776361e-01 -1.560076e+00 -2.236934e+00 -1.207535e+00 1.062838e+00 3.085155e+00 3.889162e-01 -3.936739e+00 -1.327811e+00 2.079358e+00 2.175873e+00 -2.180000e+00 -1.786217e+00 1.043675e-02 -3.203069e-02 -4.364271e-02 4.184724e-01 3.041590e-01 -1.996619e-01 -4.550281e-01 -9.735206e-01 1.023144e+00 7.049056e-01 -3.524485e-01 -1.279006e+00 -6.173065e-01 -4.970374e-03 
1.167867e+01 2.129356e+00 -1.391388e+01 -1.317071e+01 4.532732e+00 4.849434e-01 2.534361e+00 -2.068915e+01 1.015952e+01 4.033400e+00 -2.564264e+00 1.829229e+00 9.893187e-01 -1.472133e+00 -1.880746e+00 -6.467955e-01 8.074408e-01 2.423860e+00 -1.214521e-01 -4.026949e+00 -6.792164e-01 3.117031e+00 5.158882e-01 -3.155502e+00 -1.613083e+00 7.843953e-03 8.189870e-02 7.050946e-02 5.608777e-01 -3.992184e-02 -6.456890e-01 -4.342842e-01 -2.060295e-01 1.233072e+00 6.040126e-02 -1.350123e+00 -1.869063e-01 -1.046177e-02 -3.769610e-03 
9.724518e+00 -1.290048e+00 -1.507545e+01 -1.566860e+01 3.151717e+00 -2.889338e+00 -7.017638e+00 -2.145332e+01 1.056447e+01 1.938326e+00 -1.221287e+01 -2.467981e+00 9.958891e-01 -1.325100e+00 -1.740510e+00 3.877537e-01 6.796233e-01 1.942476e+00 -6.557130e-01 -3.442641e+00 1.048826e+00 3.014589e+00 -1.427888e+00 -1.862163e+00 -1.404375e+00 4.522601e-03 1.849644e-01 3.156810e-01 4.738036e-01 9.255894e-02 -6.011507e-01 -2.762539e-01 8.928995e-01 1.396719e+00 -6.877213e-01 -1.508061e+00 1.110347e+00 5.318314e-01 -4.075985e-03 
9.832390e+00 -2.338810e+00 -1.163342e+01 -1.287525e+01 8.859958e+00 5.278023e-01 -6.382358e+00 -1.795608e+01 1.851382e+01 1.628678e+00 -6.360843e+00 -1.657670e+00 9.999999e-01 -1.138858e+00 -1.705669e+00 6.290051e-01 7.999501e-01 1.168406e+00 -6.874878e-01 -2.670799e+00 2.584110e+00 1.211506e+00 -3.173752e+00 1.216701e-02 -7.780489e-01 -5.076404e-04 2.342688e-01 4.271498e-01 1.080517e-01 2.668411e-01 -6.834822e-01 -2.871457e-01 1.140604e+00 1.315911e+00 -1.325619e+00 -9.662971e-01 1.128769e+00 6.023843e-01 -4.635454e-03 
8.051575e+00 -4.188291e+00 -1.123071e+01 -1.164640e+01 1.005612e+01 -1.799159e+00 -8.778023e+00 -1.445543e+01 1.764441e+01 -4.169609e+00 -4.603143e+00 -2.530721e+00 9.948877e-01 -8.018553e-01 -7.459094e-01 5.236566e-01 1.529402e+00 7.071403e-01 -7.094100e-01 -1.501506e-01 4.024256e+00 -4.062444e-01 -3.519508e+00 1.787979e+00 4.554557e-01 -5.762876e-03 2.924313e-01 5.016468e-01 -1.152274e-01 3.169939e-01 -5.172601e-01 -2.339244e-01 9.720917e-01 8.518046e-01 -1.115824e+00 -8.771781e-02 5.320886e-01 4.771444e-01 -4.601201e-03 
6.820724e+00 -4.950040e+00 -1.269108e+01 -1.118180e+01 6.922705e+00 -3.497865e+00 -9.939689e+00 -1.126818e+01 1.267670e+01 -8.781476e+00 -6.307658e+00 -2.029766e+00 9.872808e-01 -5.624607e-01 -2.422836e-01 -1.744489e-01 1.716669e+00 -3.759224e-01 -1.530260e+00 2.989573e-02 4.412751e+00 -1.800689e+00 -3.269645e+00 6.632347e-01 4.689598e-01 -1.018777e-02 2.252436e-01 3.830223e-01 -1.069800e-02 1.296571e-01 -1.997297e-01 -3.431395e-01 5.317579e-01 7.492979e-02 -4.932213e-01 5.988441e-01 -1.264966e-01 1.398335e-01 -4.165424e-03 
7.221327e+00 -3.713891e+00 -1.192834e+01 -8.868193e+00 7.656065e+00 -4.423071e+00 -5.990025e+00 -4.676223e+00 1.145108e+01 -1.045435e+01 -3.299690e+00 -4.710922e-03 9.734374e-01 -1.511824e-01 3.614604e-02 2.134640e-01 1.806201e+00 1.283350e-01 -1.403900e+00 6.745218e-02 4.393723e+00 -1.058547e+00 -1.818646e+00 4.727963e-01 3.578033e-01 -1.364305e-02 3.381994e-02 1.377655e-01 1.714029e-01 -2.737192e-01 -3.845629e-02 -2.604608e-01 -1.462569e-01 -7.429951e-01 -2.359314e-01 7.434330e-01 -4.490006e-01 -1.312006e-01 -3.653530e-03 
7.434766e+00 -3.787423e+00 -1.215686e+01 -5.680716e+00 8.180709e+00 -5.811220e+00 -7.626972e+00 -7.815704e-01 1.260718e+01 -1.157748e+01 -3.696393e+00 -5.761278e-01 9.597695e-01 -3.378384e-01 -1.816539e-01 7.305664e-01 1.309793e+00 4.592473e-01 -2.055900e+00 -1.208291e-01 2.774056e+00 -9.286361e-01 -1.029944e+00 3.723627e-02 -3.008554e-02 -1.739297e-02 -1.598879e-01 5.215140e-02 3.445066e-01 -5.512959e-01 -1.103506e-02 6.357055e-02 -1.815462e-01 -1.240458e+00 -3.675820e-01 4.233690e-01 -1.843942e-01 -5.280849e-02 -3.063614e-03 
6.988525e+00 -4.589158e+00 -1.043089e+01 -5.366457e+00 1.006889e+01 -7.661633e+00 -9.597282e+00 2.269998e+00 1.238714e+01 -1.186491e+01 -3.545123e+00 -1.468484e+00 9.404273e-01 -7.451130e-01 -8.735177e-02 9.281809e-01 3.641816e-01 9.730867e-02 -1.748990e+00 -8.062031e-01 1.128742e+00 -2.022055e+00 -9.222704e-01 -1.439661e-01 4.892325e-02 -2.043040e-02 -2.297497e-01 2.561528e-02 2.989477e-01 -4.562210e-01 -2.164401e-01 3.853245e-01 1.432619e-01 -1.263537e+00 -6.589153e-01 -5.306253e-02 -7.410165e-02 1.499607e-01 -1.855239e-03 
5.247817e+00 -5.421052e+00 -9.787580e+00 -6.383882e+00 8.012325e+00 -1.215841e+01 -8.740284e+00 -8.712724e-01 7.566356e+00 -1.322620e+01 -5.999014e+00 -1.448214e+00 9.168161e-01 -1.064858e+00 8.013422e-02 1.190691e+00 -3.188989e-01 -4.155260e-01 -1.039844e+00 -4.409947e-01 -1.571967e-01 -3.156839e+00 -1.601061e+00 4.969759e-02 3.594157e-01 -2.210714e-02 -6.718445e-02 2.144106e-02 2.353269e-01 1.510999e-02 -2.627748e-01 8.346117e-01 5.631842e-01 -6.362771e-01 -4.847700e-01 -1.411142e-01 2.339122e-02 3.148466e-01 -5.504442e-05 
4.589519e+00 -3.334032e+00 -8.472513e+00 -6.696052e+00 8.226418e+00 -9.994376e+00 -9.464409e+00 1.011900e+00 3.861536e+00 -1.424113e+01 -2.868112e+00 6.757771e-01 8.927657e-01 -9.364631e-01 3.312915e-02 1.478076e+00 3.393315e-01 -5.165469e-01 1.451476e-02 9.438524e-01 -4.584956e-01 -3.238923e+00 -1.798383e+00 9.587780e-02 9.128804e-01 -2.055361e-02 1.543790e-01 -9.620381e-02 1.789848e-01 5.027483e-01 -2.541654e-01 7.848064e-01 1.031186e+00 2.861318e-03 5.229461e-03 2.261690e-01 -5.424421e-02 2.267774e-01 1.524407e-03 
3.309803e+00 -4.014118e+00 -7.182884e+00 -6.610440e+00 7.024206e+00 -9.844030e+00 -9.898412e+00 -9.388326e-01 1.086325e+00 -1.839457e+01 -3.786196e+00 1.492435e-01 8.730721e-01 -5.781994e-01 -1.346488e-01 1.632225e+00 1.397660e+00 -5.477850e-01 1.235384e+00 1.820128e+00 3.861672e-01 -2.744000e+00 -1.297360e+00 3.415759e-02 1.112116e+00 -1.761260e-02 3.123759e-01 -1.324940e-01 9.385663e-03 5.129898e-01 -3.101264e-01 4.094350e-01 1.045803e+00 4.182859e-01 3.516751e-01 7.429619e-01 -8.420981e-02 -1.747476e-01 1.916416e-03 
3.275229e+00 -5.126585e+00 -4.342769e+00 -3.556601e+00 7.980061e+00 -8.746028e+00 -4.299222e+00 1.098570e-02 -5.671902e-01 -1.827283e+01 -4.172001e+00 2.297366e+00 8.595273e-01 -2.164844e-01 -4.608621e-01 1.602359e+00 2.019745e+00 -1.107424e+00 1.037468e+00 3.219324e+00 8.712898e-01 -2.202380e+00 5.668586e-02 -4.074132e-01 8.063596e-01 -1.506266e-02 3.348275e-01 -6.570645e-02 -1.597417e-01 -8.879995e-02 -4.112697e-01 -1.390171e-01 5.966465e-01 3.786513e-01 4.761836e-01 9.465485e-01 -3.121675e-02 -6.890971e-01 1.126690e-03 
3.013846e+00 -5.198083e+00 -3.691272e+00 -9.652752e-01 5.396497e+00 -6.605809e+00 -2.221982e+00 1.559763e+00 -3.939444e+00 -1.769701e+01 -5.176401e+00 3.301689e+00 8.453676e-01 1.370852e-01 -3.353206e-01 1.175457e+00 1.405983e+00 -1.670769e+00 4.959408e-01 3.650287e+00 1.269382e+00 -1.916704e+00 1.186196e+00 -1.197765e-01 -4.610060e-01 -1.527159e-02 3.012336e-01 4.865868e-02 -1.326153e-01 -7.758188e-01 -2.979919e-01 -5.494898e-01 2.058535e-01 7.634531e-02 5.768260e-01 8.835199e-01 1.490553e-01 -9.332378e-01 1.276391e-04 
3.654626e+00 -5.046615e+00 -2.206754e+00 5.799151e-01 3.503273e+00 -6.426210e+00 2.793820e+00 4.119106e+00 -4.637547e+00 -1.430634e+01 -4.209928e+00 3.131325e+00 8.313133e-01 3.802074e-01 -1.949866e-01 9.077825e-01 -1.089215e-01 -2.011423e+00 -3.108696e-01 3.012077e+00 9.932323e-01 -1.271350e+00 1.692403e+00 1.671173e-02 -1.746007e+00 -1.609121e-02 1.774434e-01 1.430472e-01 1.083465e-02 -1.065219e+00 2.869013e-02 -5.803334e-01 -1.922479e-01 -1.465069e-01 6.214634e-01 4.324778e-01 3.817822e-01 -8.272772e-01 -1.045212e-04 
3.805370e+00 -5.730766e+00 -2.373617e+00 -1.649126e+00 9.089540e-01 -8.524591e+00 4.806195e+00 3.353801e+00 -6.463079e+00 -1.444643e+01 -4.365993e+00 -2.572709e+00 8.108116e-01 6.295424e-01 -2.428906e-02 1.316524e+00 -1.417178e+00 -1.585844e+00 -8.379874e-01 2.952935e+00 7.069901e-01 -3.252923e-01 2.302395e+00 5.675024e-01 -2.277805e+00 -1.646084e-02 1.365249e-02 1.853857e-01 1.734247e-01 -6.813592e-01 3.539147e-01 -3.517540e-01 -3.565313e-01 -1.474916e-01 4.821353e-01 5.524830e-02 4.429694e-01 -2.896351e-01 3.629736e-05 
4.779909e+00 -5.835135e+00 -4.626728e-01 -3.759146e+00 1.668558e-01 -9.340949e+00 7.246676e+00 4.079933e+00 -5.662483e+00 -1.143643e+01 -4.493723e+00 -3.495470e+00 7.963533e-01 4.245245e-01 9.881947e-02 1.585920e+00 -1.894800e+00 -1.006403e+00 -1.197117e+00 2.606692e+00 4.200861e-01 1.091993e-01 1.660949e+00 1.157876e+00 -2.421613e+00 -1.498766e-02 -1.354307e-01 2.202277e-01 7.442170e-02 2.798885e-02 3.973006e-01 1.673577e-02 -5.527108e-01 1.063790e-01 -1.905327e-02 -1.852447e-01 3.405122e-01 -4.718227e-02 -7.324959e-04 
5.598632e+00 -4.925304e+00 2.019571e+00 -5.881173e+00 -8.642842e-01 -9.338569e+00 1.031575e+01 5.114343e+00 -5.053972e+00 -7.620176e+00 -2.197205e+00 -4.773436e+00 7.805422e-01 1.830589e-01 4.446912e-01 1.703576e+00 -1.108038e+00 -4.036661e-01 -8.196368e-01 2.070171e+00 8.183433e-01 -1.965121e-01 1.478116e+00 1.524532e+00 -1.571362e+00 -1.563586e-02 -1.866850e-01 2.623958e-01 -2.341456e-01 7.519739e-01 1.578648e-01 4.194852e-01 -9.762352e-01 2.280522e-01 -4.697123e-01 -3.994059e-01 3.176484e-02 -1.626324e-01 -1.935163e-03 
4.880405e+00 -4.954784e+00 3.526510e+00 -6.778010e+00 -6.421252e-01 -1.200500e+01 1.307270e+01 5.339734e+00 -4.795946e+00 -9.414781e+00 4.951445e-01 -7.876172e+00 7.715123e-01 -7.373116e-02 6.716391e-01 1.086290e+00 -1.234273e-01 -6.159794e-01 -2.362356e-01 6.898161e-01 1.469255e+00 -1.431153e+00 1.178186e+00 1.240854e+00 -2.335147e+00 -2.016255e-02 -3.565191e-02 4.215699e-01 -4.763628e-01 1.255700e+00 -2.709774e-01 1.013881e+00 -1.323804e+00 -2.972291e-01 -2.275396e-01 -3.894595e-01 -3.051538e-01 -1.962397e-01 -2.115943e-03 
4.670654e+00 -3.947024e+00 4.149550e+00 -5.679672e+00 -7.049751e-01 -1.129103e+01 1.224439e+01 6.815273e+00 -7.878638e+00 -8.067016e+00 7.623742e-01 -8.239100e+00 7.450551e-01 -5.481705e-02 1.001258e+00 3.955860e-01 1.456992e+00 -9.917899e-01 7.790818e-01 -9.699042e-01 1.322659e+00 -1.903778e+00 5.466352e-01 6.849321e-01 -3.134103e+00 -2.354818e-02 6.418254e-02 4.704680e-01 -3.984206e-01 1.087088e+00 -5.650862e-01 1.471931e+00 -1.333618e+00 -1.421583e+00 7.626961e-01 -4.942630e-01 -6.338184e-01 4.906190e-04 5.177446e-04 
4.875335e+00 -2.966034e+00 3.903783e+00 -4.476929e+00 -2.992775e+00 -9.546060e+00 9.731973e+00 1.057594e+01 -1.140642e+01 -5.321730e+00 2.309665e-01 -1.343832e+01 7.132748e-01 3.652971e-01 1.928514e+00 -1.419149e-01 3.101260e+00 -2.067228e+00 3.072906e+00 -2.492250e+00 -1.318380e+00 -1.750218e-01 1.795561e-01 5.189665e-02 -2.621453e+00 -2.161430e-02 5.348599e-02 3.217294e-01 -4.092460e-02 4.119809e-01 -3.942204e-01 1.449108e+00 -1.049528e+00 -2.201782e+00 1.708413e+00 -5.314834e-01 -7.397447e-01 6.825767e-01 4.610998e-03 
5.326646e+00 -9.135783e-01 3.808495e+00 2.531283e-01 -4.648044e+00 -6.673159e+00 7.136996e+00 9.109485e+00 -1.126738e+01 -6.933251e+00 1.359608e+00 -1.766314e+01 6.919123e-01 2.845325e-01 2.168794e+00 3.255258e-01 2.715191e+00 -2.503503e+00 4.885427e+00 -3.006811e+00 -4.895746e+00 2.988898e+00 -4.939328e-01 -1.050124e+00 -1.425740e+00 -1.231987e-02 -9.746212e-03 -3.968146e-02 2.039546e-01 -5.524387e-01 -1.886486e-02 5.960810e-01 -6.310155e-01 -1.764078e+00 1.711211e+00 -3.078992e-01 -5.633603e-01 1.103043e+00 7.081032e-03 
6.379093e+00 3.170663e+00 2.987547e+00 5.762567e+00 -9.006862e+00 1.050272e+00 3.165317e+00 -2.399044e+00 -3.975998e+00 -9.083878e+00 4.563461e-01 -1.627175e+01 6.900150e-01 2.401475e-02 1.696603e+00 9.167337e-01 1.307415e+00 -1.831195e+00 4.955997e+00 -3.539214e+00 -6.430368e+00 4.664494e+00 -9.587898e-01 -1.590360e+00 2.235690e-01 -2.720089e-03 3.632694e-02 -3.906142e-01 2.603978e-01 -1.179635e+00 4.682094e-01 -9.153556e-01 -1.184326e-01 2.366332e-02 5.910504e-01 1.596853e-01 1.525684e-02 9.465592e-01 6.447348e-03 
5.341398e+00 3.828384e+00 6.235118e+00 2.776591e+00 -1.021546e+01 7.837951e+00 4.936821e-01 -1.117621e+01 3.351218e+00 -8.655395e+00 -4.600963e+00 -1.395134e+01 6.950921e-01 6.695116e-02 9.187320e-01 8.860931e-01 -4.081928e-01 -1.204209e+00 2.817722e+00 -3.601476e+00 -4.941743e+00 4.232587e+00 -4.236035e-01 -1.310640e+00 9.586329e-01 2.406578e-03 2.510936e-01 -3.722561e-01 3.081723e-02 -9.105412e-01 6.190770e-01 -1.772541e+00 2.718905e-01 1.599569e+00 -9.085275e-01 4.611129e-01 5.563722e-01 5.035127e-01 3.337922e-03 
4.988278e+00 3.145926e+00 7.274237e+00 7.981211e-01 -9.365476e+00 7.978433e+00 -4.642414e+00 -1.143282e+01 4.606944e+00 -9.254884e+00 -4.740899e+00 -1.417624e+01 6.980962e-01 6.556355e-01 6.004989e-01 8.798101e-01 -1.235142e+00 -3.758165e-01 -4.701134e-01 -2.786963e+00 -1.177079e+00 2.158371e+00 9.428121e-01 2.586081e-01 9.192293e-01 3.258344e-03 3.000637e-01 -1.120914e-01 -1.798591e-01 -1.273926e-01 3.751670e-01 -1.442866e+00 8.392346e-01 1.831468e+00 -1.886384e+00 5.673298e-01 3.894381e-01 6.151641e-02 4.435294e-04 
6.356965e+00 3.692502e+00 6.095419e+00 6.942384e-01 -1.048971e+01 3.951745e+00 -6.966925e+00 -1.108196e+01 5.603210e+00 -8.966008e+00 -2.595216e+00 -1.391804e+01 6.999057e-01 1.224163e+00 8.554747e-01 4.980941e-01 -5.663298e-01 -1.358654e-01 -1.264238e+00 -2.023481e+00 4.753490e-01 -3.007319e-01 8.609379e-01 8.071997e-01 7.440797e-01 1.378031e-03 2.969731e-02 2.321540e-01 -1.398939e-01 6.330313e-01 2.570083e-01 -3.777457e-01 9.105442e-01 1.011020e+00 -2.189144e+00 1.525134e-01 -2.797936e-01 -7.340048e-02 -1.878074e-03 
9.149199e+00 6.241044e+00 7.456191e+00 6.279413e-01 -1.074884e+01 6.431129e-01 -7.039259e+00 -8.331292e+00 5.689219e+00 -4.214534e+00 7.466804e-01 -1.169270e+01 7.038936e-01 9.458359e-01 1.167771e+00 2.114844e-01 7.494176e-01 -4.895445e-01 -2.173924e-01 -1.320586e-01 1.835420e-02 -2.500659e+00 1.235556e+00 -7.019403e-01 6.384659e-01 1.199052e-05 -5.729864e-01 4.934019e-02 6.050466e-02 5.811642e-01 5.344745e-01 4.111678e-01 9.208804e-01 4.595206e-01 -2.024879e+00 -1.439410e-01 -9.373621e-01 6.185399e-02 -4.216804e-03 
9.382000e+00 6.557875e+00 8.634578e+00 3.022411e-02 -1.020269e+01 5.184446e+00 -8.425396e+00 -1.034959e+01 1.305647e+00 -6.870935e+00 -3.308845e+00 -1.147311e+01 6.990800e-01 7.040264e-02 1.795771e+00 5.207303e-01 1.764705e+00 1.376535e-01 8.027282e-01 -3.763627e-01 -4.841415e-01 -4.383725e+00 1.923968e-01 -2.229259e+00 7.319865e-01 -5.355743e-03 -9.377832e-01 -4.414715e-01 2.877264e-01 -1.585568e-01 8.986785e-01 1.717955e-01 1.015107e+00 9.122411e-01 -1.197480e+00 1.839754e-01 -5.203558e-01 3.026190e-01 -8.513673e-03 
8.205086e+00 7.552081e+00 7.062101e+00 4.877215e+00 -1.195677e+01 6.275305e+00 -4.573618e+00 -1.170704e+01 -5.747775e+00 -4.124200e+00 -7.894034e+00 -1.220668e+01 6.985705e-01 -1.632419e+00 3.770545e-01 1.171067e+00 5.053159e-01 2.159766e+00 5.522242e-01 9.937613e-01 1.600297e+00 -5.924562e+00 5.573554e-01 -2.909941e+00 1.234357e+00 -1.445196e-02 -8.103718e-01 -8.978246e-01 1.611589e-01 -6.748099e-01 9.095928e-01 -1.213427e-01 1.001117e+00 1.339605e+00 -8.963986e-02 2.671585e-01 8.148180e-01 3.798108e-01 -1.538143e-02 
7.180759e+00 1.201584e+01 8.896297e+00 7.392848e+00 -9.197764e+00 5.149071e+00 -1.008160e+01 -1.181547e+01 -1.059651e+01 -8.048659e+00 -9.421558e+00 -1.000065e+01 6.758026e-01 -2.175682e+00 -9.565077e-01 1.456903e+00 -1.237045e+00 3.032845e+00 -7.900788e-01 2.489157e+00 4.245804e+00 -4.576329e+00 2.120034e+00 -6.906518e-01 1.959142e+00 -3.396223e-02 -4.704221e-01 -1.222775e+00 -3.083137e-01 -3.876070e-01 1.895229e-01 -3.274949e-01 1.121602e+00 1.044931e+00 7.109762e-01 1.219414e-01 1.985988e+00 3.229108e-01 -2.278012e-02 
2.087711e+00 5.396952e+00 1.318083e+01 -5.267752e-01 -4.525676e-01 3.422133e+00 -1.242330e+00 4.027219e-01 -1.798250e+01 -8.388422e-01 -1.074681e+01 -6.256514e+00 6.432493e-01 -1.982952e+00 -1.945171e+00 5.491331e-01 -1.123733e+00 2.610654e+00 -2.760539e-02 3.440670e+00 4.351532e+00 -2.852582e+00 1.607583e+00 2.602950e+00 1.923971e+00 -6.259549e-02 -6.133477e-02 -8.749515e-01 -8.717347e-01 7.238866e-01 -6.019303e-01 -2.319935e-01 3.162110e-01 -3.026450e-01 8.438171e-01 -6.515204e-01 2.198200e+00 -8.585319e-02 -2.616167e-02 
1.562180e+00 2.852815e+00 1.286004e+01 -3.452196e+00 -7.903432e-01 2.660878e+00 2.354706e+00 4.824232e+00 -1.545815e+01 2.086628e+00 -5.335954e+00 -4.652299e+00 5.569384e-01 -2.106515e+00 -3.156890e+00 -7.098841e-01 6.410997e-01 8.597306e-01 -5.448705e-01 4.008134e+00 3.364906e+00 -2.364769e+00 2.770983e-01 4.944067e+00 2.001871e+00 -9.518760e-02 8.173157e-02 -4.877287e-01 -1.112941e+00 1.220492e+00 -7.676101e-01 -1.670883e-01 -3.595068e-01 -1.054225e+00 4.882059e-01 -9.076135e-01 1.130922e+00 -3.304065e-01 -1.963644e-02 
1.098882e+00 2.407896e+00 7.826134e+00 4.680934e+00 -3.107047e+00 7.381471e+00 6.411692e+00 1.730651e+00 -1.757969e+01 -1.154287e+00 3.078074e+00 -5.260878e+00 4.450135e-01 -1.973702e+00 -2.897535e+00 -2.104288e+00 3.185679e+00 2.366624e-01 -7.302238e-01 1.815387e+00 5.276337e-01 -2.811217e+00 -1.778710e+00 5.263663e+00 7.836848e-01 -1.146497e-01 1.725408e-01 -1.172453e-01 -7.874574e-01 6.640197e-01 -4.266921e-01 -2.730854e-01 -7.257121e-01 -5.763944e-01 5.963475e-01 -1.255140e-01 -1.599313e-01 -5.910987e-02 -4.818137e-03 
-2.857358e+00 -2.274088e+00 8.024041e+00 7.994219e+00 -3.571531e+00 4.451460e-01 6.132184e+00 4.345064e+00 -2.262123e+01 -6.505734e+00 8.386483e+00 -4.892570e-01 2.989894e-01 -1.771583e+00 -2.918945e+00 -2.781048e+00 2.710792e+00 3.817344e-01 -1.274214e+00 1.504329e+00 8.865119e-01 -2.156006e+00 -7.248299e-01 3.633575e+00 8.772055e-01 -1.061213e-01 4.395646e-01 4.173957e-01 -2.462767e-01 -1.864755e-02 1.339687e-01 6.173875e-02 -8.930233e-01 -4.865133e-02 9.184508e-01 4.835708e-01 -9.685239e-01 1.585876e-01 1.265859e-02 
-5.571222e+00 -6.527419e+00 5.077427e+00 9.678267e+00 2.121585e+00 8.788363e-01 5.945453e+00 3.280564e+00 -2.845691e+01 -5.436700e+00 8.710384e+00 -4.419679e+00 1.989755e-01 -1.287686e+00 -2.650442e+00 -2.352597e+00 1.161406e+00 7.161411e-01 -1.028390e+00 1.063883e+00 2.708535e+00 2.485398e-02 1.481061e+00 2.458545e+00 2.190727e+00 -8.121649e-02 5.202901e-01 6.806272e-01 3.936037e-01 -5.839986e-01 1.186141e-01 -2.435605e-02 -8.553326e-01 4.465348e-01 1.421901e+00 6.162764e-01 -1.156572e+00 6.586840e-01 2.253492e-02 
-3.960975e+00 -7.274259e+00 3.293860e-01 7.602701e+00 -1.495807e+00 -4.589709e-01 1.010937e+01 8.482140e+00 -2.079928e+01 6.036042e-01 1.001558e+01 -6.871294e-01 1.493463e-01 -2.516895e-01 -1.193577e+00 -1.817162e+00 1.560078e+00 1.289864e+00 -8.721404e-02 -8.140111e-02 2.030984e+00 8.094918e-01 1.065211e+00 1.503861e+00 2.091260e+00 -4.861367e-02 4.162773e-01 8.444867e-01 6.997111e-01 -5.121759e-01 1.859300e-01 -4.683279e-02 -1.137752e+00 7.123712e-02 1.307094e+00 -1.329477e-01 -1.178463e+00 3.514171e-01 2.030085e-02 
-4.787996e+00 -8.344369e+00 -8.971099e-02 1.068369e+01 -5.638151e-01 2.691492e+00 9.742586e+00 1.320512e+01 -1.836595e+01 2.696263e+00 1.455587e+01 5.791503e+00 1.137362e-01 -1.324063e-01 -3.572173e-01 -6.181346e-01 8.410895e-01 3.758045e-01 -1.445651e+00 -1.668379e+00 2.188004e+00 2.815521e+00 4.076258e-01 5.458050e-01 3.470185e+00 -3.073194e-02 2.639072e-01 7.371922e-01 5.740198e-01 -4.970992e-01 7.671964e-02 -2.001598e-01 -8.631108e-01 -5.176196e-01 7.081195e-01 -6.063953e-01 -1.409874e+00 -4.215513e-01 1.034650e-02 
-4.507251e+00 -7.333220e+00 1.522002e+00 1.529159e+01 4.220164e+00 -8.970832e-01 3.826936e+00 9.537556e+00 -2.361893e+01 -5.245888e+00 1.298301e+01 4.861020e+00 9.854005e-02 -2.678424e-01 1.569189e-01 -1.496611e-01 3.100821e-01 1.481634e+00 -1.299831e+00 -2.818280e+00 1.502843e+00 2.984212e+00 -8.528835e-01 -1.302430e+00 1.994616e+00 -2.985875e-02 1.093643e-01 3.818722e-01 2.758312e-01 -5.953829e-01 -1.084499e-01 1.732313e-01 -1.717842e-01 -8.193716e-01 3.667327e-01 -3.976784e-01 -1.157588e+00 -7.187661e-01 5.615125e-04 
-5.959378e+00 -8.283713e+00 1.390495e+00 1.003899e+01 1.142204e+00 -6.129940e+00 7.448850e-01 1.369280e+01 -1.296963e+01 -4.736415e-01 9.955421e+00 1.015724e+01 7.073012e-02 3.989156e-02 3.603156e-01 -3.162906e-01 -6.991411e-01 1.003850e+00 -1.422989e+00 -1.883112e+00 3.846780e-01 2.478301e+00 -5.918285e-01 -3.187608e+00 1.313584e-01 -3.886390e-02 2.230151e-01 1.772502e-01 -1.322531e-02 -1.575458e-01 -1.266203e-02 8.225316e-01 2.828532e-01 -1.433708e+00 -2.882465e-01 -2.283805e-01 -4.909285e-01 -8.007590e-01 -3.472749e-03 
-4.714237e+00 -6.519625e+00 -1.159443e+00 9.475200e+00 5.059057e+00 -2.547148e+00 5.172693e-01 1.575254e+01 -8.577457e+00 -2.075984e+00 5.803990e+00 7.103252e+00 2.157523e-02 2.091521e-01 3.570068e-01 -5.888711e-01 -6.467062e-01 4.335155e-01 7.677513e-01 -8.330291e-01 -1.164174e+00 2.811805e+00 -4.233679e-01 -2.417352e+00 1.668318e-01 -4.174062e-02 1.675268e-01 7.297991e-02 9.710007e-02 5.080156e-02 -1.773928e-01 9.771953e-01 2.971047e-01 -1.336652e+00 -8.910421e-02 1.911996e-01 4.299903e-01 -3.849433e-01 -1.221555e-03 
-4.485124e+00 -6.949296e+00 -3.307349e-01 1.009641e+01 4.035984e+00 -3.598209e+00 1.981637e+00 1.202082e+01 -1.349572e+01 -1.847975e+00 2.207071e+00 5.327227e+00 -4.210829e-02 7.442695e-01 4.290228e-01 -4.646735e-01 5.317117e-01 8.364344e-01 1.633185e+00 -1.246774e+00 -3.646870e+00 1.460340e+00 -9.488942e-01 -1.351395e+00 3.802764e-01 -4.214775e-02 -3.799178e-02 1.096534e-01 1.434340e-01 2.904377e-02 6.034825e-02 8.422359e-01 1.682582e-02 -5.575618e-01 2.199650e-01 2.705612e-01 7.057217e-01 -3.375705e-01 2.824124e-03 
-4.198386e+00 -6.215671e+00 -5.618418e-01 1.202998e+01 4.941088e+00 1.675806e+00 -9.565329e-01 4.552287e+00 -9.297063e+00 -6.675292e+00 4.769947e+00 8.110471e+00 -5.373821e-02 2.175737e-01 4.875115e-01 4.101316e-01 -5.137392e-02 6.783377e-01 2.057958e+00 -1.651036e+00 -3.164560e+00 3.047552e+00 2.815748e-01 -7.051756e-02 -5.457424e-02 -3.432650e-02 -1.674089e-01 2.034030e-01 2.623438e-02 -4.612318e-01 -3.588026e-02 1.318919e-01 3.018551e-01 6.821882e-01 2.188937e-01 7.695030e-01 3.999051e-01 -6.395488e-01 4.837449e-03 
-2.496401e+00 -6.290897e+00 -1.231448e+00 1.142078e+01 5.383725e+00 -7.528245e-02 -4.751701e+00 1.058454e+00 -5.307697e+00 -2.918458e+00 3.714978e+00 1.155538e+01 -1.023485e-01 -1.543577e-01 8.434071e-01 -9.862216e-02 -8.516898e-01 1.183336e+00 2.143184e+00 -1.389888e+00 -1.403095e+00 3.460230e+00 4.085682e-01 -8.324177e-01 -1.445794e+00 -2.845521e-02 -3.617852e-01 1.156166e-01 -3.775282e-01 -8.750694e-01 -4.357760e-01 -2.851654e-01 8.819890e-01 1.255474e+00 8.188672e-02 1.204997e+00 3.851316e-01 -3.064763e-01 6.837454e-03 
-4.620656e+00 -4.411597e+00 1.341773e+00 8.556438e+00 7.777059e+00 5.981076e+00 -4.371162e+00 5.410700e+00 2.566390e+00 -1.325942e-01 4.697145e+00 3.716256e+00 -1.199339e-01 -1.785181e-01 1.166798e+00 -6.407707e-01 -2.261131e+00 8.068363e-02 1.172080e+00 7.478352e-01 1.124937e+00 2.906491e+00 2.745340e+00 -6.773109e-01 -2.117873e+00 -2.440530e-02 -2.062396e-01 -8.034049e-03 -4.948289e-01 -4.625505e-01 -4.228619e-01 -4.969121e-01 1.078064e+00 5.250039e-01 -7.458094e-01 8.824205e-01 3.090513e-01 5.451093e-01 7.162859e-03 
-5.045691e+00 -3.634598e+00 -1.775585e+00 7.574512e+00 8.534953e+00 4.965050e+00 -3.260209e+00 4.575564e+00 -2.126813e+00 -3.076421e+00 -1.918205e+00 2.954760e-01 -1.512926e-01 -8.666051e-01 6.673570e-01 -1.826887e+00 -2.738633e+00 -1.043571e+00 6.503813e-01 1.963866e+00 4.856074e-01 1.940398e+00 3.844222e+00 8.775695e-01 -1.203813e-01 -1.292521e-02 -1.199429e-01 -1.802845e-01 5.855021e-02 3.086863e-01 -1.155679e-01 -3.224451e-01 4.832090e-01 -3.764983e-01 -1.141416e+00 1.383791e-01 3.973930e-01 9.290804e-01 7.503488e-03 
-3.816223e+00 -1.709553e+00 -3.493796e+00 2.647129e+00 3.769124e+00 5.016072e+00 2.036673e+00 8.417985e+00 3.645081e+00 7.130360e+00 4.200176e+00 3.151113e+00 -1.512926e-01 -4.575357e-01 5.352952e-01 -1.199875e+00 -1.420507e+00 -3.225529e-01 3.198243e-01 2.062311e+00 -1.484004e+00 7.833733e-02 2.976002e+00 6.196933e-01 2.008321e+00 -6.271793e-03 2.479473e-02 -1.919979e-01 6.284411e-01 9.623872e-01 3.521183e-01 9.060205e-02 -3.641529e-01 -6.978830e-01 -1.216287e+00 -1.238304e+00 -2.924297e-02 2.380299e-01 6.173323e-03 
-7.231719e+00 -4.304857e+00 -7.948211e+00 6.822318e-01 2.169647e+00 3.658877e+00 1.864094e+00 1.982725e+00 3.855085e+00 1.267117e+01 8.352044e+00 1.123541e+01 -1.512926e-01 -6.146471e-01 2.577414e-01 4.737366e-01 2.714396e-01 8.071023e-01 9.570456e-01 3.687772e-01 -1.981205e+00 -8.326569e-01 9.851039e-01 5.060754e-01 1.136604e+00 1.276477e-06 3.030721e-01 1.027532e-01 1.004134e+00 8.682353e-01 2.403657e-01 1.680329e-01 -4.697078e-01 2.747644e-01 -6.654621e-01 -1.833412e+00 -4.157454e-01 -8.698865e-01 3.212327e-03 
-5.815088e+00 -1.399838e+00 -1.571641e+00 4.900184e+00 9.346959e+00 8.233205e+00 3.378387e+00 -7.128747e-01 -3.250345e-02 6.873367e+00 2.660445e+00 8.287591e+00 -1.512926e-01 -1.805890e-01 4.117973e-01 1.351124e+00 1.045835e+00 9.159592e-01 1.471724e+00 -2.754219e-01 -1.131248e+00 -1.788247e+00 -2.016439e+00 -6.377279e-01 -1.556144e+00 1.276477e-06 1.958838e-01 2.076624e-01 6.336979e-01 6.504303e-02 -3.463943e-01 -2.841573e-02 -6.638604e-02 1.040253e+00 -1.249331e-01 -1.204225e+00 -2.802123e-01 -9.629818e-01 1.254188e-03 
-7.119236e+00 -2.500783e+00 -3.682466e-01 7.805246e+00 9.781195e+00 8.142044e+00 -2.087142e+00 -7.645385e-01 -4.451195e+00 1.977455e+00 1.382277e+00 3.409795e+00 -1.512926e-01 5.103973e-01 1.242999e+00 1.918319e+00 3.694132e-01 -4.610595e-01 9.145560e-01 7.841439e-01 1.683192e+00 -4.537492e-01 -2.826582e+00 -5.723425e-01 -2.687663e+00 1.276477e-06 2.997587e-02 1.535253e-01 -2.673798e-02 -8.014886e-01 -6.361306e-01 -4.192336e-01 3.911226e-01 7.742586e-01 2.616266e-01 -7.159421e-02 -1.086129e-01 3.867394e-02 1.412348e-07 
-4.775088e+00 -5.526958e-01 -5.282106e-01 4.314995e+00 4.543151e+00 1.013294e+01 2.635000e+00 4.135571e+00 -1.143448e+00 2.395310e+00 4.496178e+00 -7.170516e-01 -1.512926e-01 -4.059695e-02 1.080866e+00 1.246206e+00 -1.144303e+00 -1.420440e+00 1.988828e-01 1.522546e+00 1.884885e+00 -7.358698e-01 -1.139266e+00 -2.420441e-01 -8.944458e-01 1.276477e-06 -2.711431e-01 -1.836069e-01 -5.561582e-01 -7.717310e-01 -4.298443e-01 -7.569293e-01 1.762543e-01 -1.201659e-01 3.745889e-01 8.925240e-01 -6.046461e-02 8.988863e-01 1.412348e-07 
-5.200123e+00 1.486544e+00 1.121445e+00 2.821485e+00 2.266106e+00 7.282147e+00 6.156558e+00 7.974586e+00 2.142081e+00 7.770262e-01 4.572903e+00 2.299296e+00 -1.512926e-01 -5.347108e-01 6.907136e-01 3.925735e-01 -2.640897e+00 -1.205480e+00 -5.026271e-01 1.425349e+00 3.818653e-01 -5.076597e-02 1.885092e-01 -2.347139e-01 9.990443e-01 1.276477e-06 -4.421208e-01 -5.148611e-01 -7.338785e-01 -1.961824e-01 -2.418641e-02 -6.411790e-01 -5.482213e-01 -9.094111e-01 3.417358e-01 1.098781e+00 -8.833680e-02 7.902251e-01 1.412348e-07 
-6.977711e+00 2.010756e+00 3.914562e+00 1.670423e+00 6.002476e+00 9.657750e+00 6.868889e+00 4.342226e+00 -7.008517e+00 1.776981e+00 -1.448115e-01 4.370683e+00 -1.512926e-01 -1.013776e+00 -2.302161e-01 -6.667635e-01 -1.307552e+00 -8.610134e-01 -1.604402e+00 2.853045e-01 -1.081445e+00 -1.168526e-01 9.385711e-01 -1.108766e+00 1.094883e+00 1.276477e-06 -1.822281e-01 -4.588925e-01 -4.543920e-01 5.569450e-01 2.293498e-01 -2.591240e-01 -7.233108e-01 -4.243183e-01 8.953584e-01 6.210402e-01 -4.730606e-02 -3.326673e-02 1.412348e-07 
-8.691683e+00 -3.290503e-01 -6.265173e-01 -4.077059e+00 3.024337e+00 5.866106e+00 2.922763e+00 1.041422e+00 -1.772027e+00 3.228606e+00 2.529228e+00 5.861482e+00 -1.512926e-01 -1.213686e+00 -6.758397e-01 -7.947481e-01 -5.298275e-01 -8.618605e-01 -1.389737e+00 -1.338481e+00 -1.380758e+00 9.457046e-01 1.628317e+00 -5.805523e-01 2.688176e-01 1.276477e-06 8.067305e-02 -1.578375e-01 1.591707e-01 9.790462e-01 4.013680e-01 3.193300e-01 -3.930213e-01 3.538489e-01 7.329378e-01 7.111015e-02 1.920441e-02 -5.815237e-01 1.412348e-07 
-8.097924e+00 -7.959950e-01 -2.987603e+00 1.226181e+00 -1.410073e-01 2.818708e+00 5.678918e+00 2.194489e+00 2.291060e-01 5.862302e+00 -2.623654e-02 2.976406e+00 -1.512926e-01 -6.121620e-01 -5.303478e-01 -4.320534e-01 5.848600e-01 -4.454934e-01 -6.532498e-01 -7.120000e-01 6.447779e-01 3.242742e+00 1.246041e+00 -3.055235e-01 -6.956137e-01 1.276477e-06 2.472495e-01 1.942027e-01 6.262171e-01 5.841092e-01 4.302128e-01 6.600952e-01 -1.132067e-03 4.866617e-01 1.416413e-01 -4.396102e-01 3.199370e-01 -4.210262e-01 1.412348e-07 
-1.070853e+01 -4.896684e-01 5.988671e-01 3.940747e-01 1.028604e+00 3.753098e+00 5.928594e-02 2.144529e+00 3.251591e+00 6.876266e+00 1.610708e+00 4.340760e+00 -1.512926e-01 -3.321780e-01 5.171708e-02 1.071141e+00 1.308248e+00 5.937300e-01 6.184833e-01 -4.097490e-02 1.287913e+00 1.933935e+00 3.903085e-01 -5.402363e-01 -1.013362e+00 1.276477e-06 3.470283e-01 3.330168e-01 5.998320e-01 3.462680e-01 2.024370e-01 1.359021e-01 1.721825e-01 -2.120517e-01 -6.304069e-01 -5.235786e-01 2.034839e-01 -1.984152e-01 1.412348e-07 
-9.030051e+00 -5.608283e-01 1.141710e+00 2.358972e+00 4.773040e+00 7.447800e+00 4.740544e+00 7.013980e+00 6.693369e+00 6.183060e+00 -1.213294e+00 1.653074e+00 -1.512926e-01 -2.182791e-01 3.769571e-01 1.531438e+00 6.938913e-01 5.622802e-01 6.918857e-01 -3.688764e-01 1.769236e-02 9.724231e-02 -6.407174e-01 4.708904e-01 -3.690978e-01 1.276477e-06 2.459682e-01 4.479357e-01 3.120897e-01 4.741702e-02 -1.709527e-01 -4.845845e-01 -2.160525e-01 -9.792024e-01 -9.538196e-01 -1.173475e-01 3.048047e-01 2.981180e-01 1.412348e-07 
-9.886115e+00 -1.884247e-01 2.664170e+00 1.898025e+00 3.536210e+00 6.643687e+00 3.186545e+00 5.071196e+00 4.665716e+00 5.019828e+00 4.214711e-01 1.456649e+00 -1.512926e-01 3.245696e-01 5.354898e-01 1.222709e+00 1.146900e+00 -3.535792e-01 -1.382717e+00 -6.491148e-01 -2.127304e+00 -6.335890e-01 -4.615756e-02 4.881797e-02 -8.865852e-01 1.276477e-06 1.550475e-01 3.264574e-01 -1.901031e-01 -1.040084e-01 -3.478179e-01 -6.073154e-01 -1.186414e-01 -6.518478e-01 -2.206952e-01 3.146917e-01 2.181975e-01 4.803326e-01 1.412348e-07 
-9.600299e+00 9.382741e-01 3.636889e+00 3.943836e+00 1.416794e+00 4.832732e+00 2.270579e+00 8.194384e-01 8.350631e-03 3.586560e+00 2.922444e+00 2.573422e+00 -1.512926e-01 2.893645e-01 1.467319e+00 1.052637e+00 9.024419e-01 -8.265985e-01 -2.075729e+00 -1.488333e+00 -2.543762e+00 -2.424012e-01 8.775483e-01 9.240429e-01 7.315834e-01 1.276477e-06 6.579816e-02 4.273811e-02 -4.440806e-01 -2.690600e-01 3.482516e-02 1.934306e-01 2.503306e-01 4.245634e-01 4.319628e-01 3.052165e-01 2.865464e-02 4.748189e-01 1.412348e-07 
-8.800477e+00 1.438427e+00 5.465049e+00 5.336596e+00 9.385304e-01 -1.852903e+00 -1.951123e+00 -5.394974e+00 3.425759e+00 7.943367e+00 -2.132537e-01 -5.524797e-01 -1.512926e-01 1.892716e-01 1.138770e+00 3.600395e-01 6.839037e-01 -4.508939e-01 -1.034425e+00 -7.453863e-02 -6.906330e-01 1.000319e+00 1.204692e+00 3.241400e-01 8.380034e-01 1.276477e-06 -5.765783e-02 -3.053834e-01 -5.027816e-01 -5.487465e-01 4.735987e-01 1.263353e+00 5.547273e-01 1.293324e+00 3.725654e-01 -2.694224e-01 1.422368e-01 4.816079e-01 1.412348e-07 
-8.126044e+00 5.962843e+00 5.004560e+00 5.152321e+00 1.938750e+00 1.317969e+00 -1.321629e-01 -4.715879e-01 6.101343e+00 9.109497e+00 3.724569e+00 6.315141e+00 -1.512926e-01 1.785030e-01 2.890781e-01 -2.575916e-01 -4.198450e-01 7.849709e-01 1.484902e+00 5.954883e-01 1.422099e+00 1.439981e+00 2.598988e-01 4.766080e-01 1.142752e+00 1.276477e-06 -4.523424e-02 -6.495863e-01 -3.944443e-01 -5.134506e-01 5.513543e-01 1.299642e+00 4.742300e-01 1.033053e+00 -5.256107e-02 -6.514158e-01 -3.797546e-02 -5.925990e-02 1.412348e-07 
-9.676824e+00 2.993441e+00 3.780469e+00 4.713299e+00 1.020538e+00 3.229268e+00 4.015633e+00 2.263753e+00 6.620978e+00 8.281999e+00 1.640788e+00 3.775617e+00 -1.512926e-01 9.180181e-02 -4.021787e-01 -6.360369e-01 -9.357522e-01 1.208645e+00 3.153698e+00 1.082849e+00 2.356275e+00 3.879267e-01 -1.084487e+00 9.837107e-01 1.315886e+00 1.276477e-06 -2.211410e-02 -5.597127e-01 -1.727152e-01 -3.513000e-01 3.418141e-01 7.569333e-01 4.663384e-02 3.253539e-01 -4.038275e-01 -6.373861e-01 8.857005e-03 -2.229831e-01 1.412348e-07 
-8.269875e+00 1.605822e+00 3.191491e+00 2.155905e+00 5.300710e+00 9.716255e+00 2.264682e+00 4.100371e+00 5.610377e+00 4.716944e+00 4.378039e+00 6.123060e+00 -1.512926e-01 1.119585e-01 -1.010131e+00 -4.215530e-01 -8.550190e-01 1.100423e+00 2.328414e+00 3.042699e-01 1.098133e+00 -1.990974e-01 -1.234924e+00 4.044789e-01 1.963593e-01 1.276477e-06 -1.130612e-02 -3.206321e-01 -1.137195e-02 -7.895400e-02 5.224730e-02 8.614630e-02 -1.360773e-01 -1.906342e-01 -3.865082e-01 -3.140241e-01 -7.230730e-02 -3.012251e-01 1.412348e-07 
