-1.365216e+01 2.689425e+00 -1.197821e+00 3.159723e+00 -1.470726e+00 2.012218e-01 2.192148e+00 1.023457e+01 3.166958e+00 9.422153e+00 3.177330e+00 -3.392694e+00 -1.512926e-01 -2.419527e-01 -6.174111e-01 -7.646460e-01 1.169666e+00 5.317455e-01 -1.705415e+00 -4.141782e-01 -2.631144e-01 -2.571339e-01 -6.698205e-01 -6.417100e-01 -6.251746e-01 8.630151e-07 -1.947852e-02 2.142792e-02 2.161679e-01 -3.463531e-01 -9.845715e-02 3.310286e-01 1.282602e-01 -7.201368e-02 -4.476961e-02 1.063936e-01 3.460648e-01 4.514066e-02 -4.659745e-07 
-1.386296e+01 2.751670e+00 -1.525071e+00 8.371020e+00 -6.685129e-01 -4.483075e+00 4.107999e+00 5.843314e+00 9.237390e-01 7.997461e+00 9.386680e-01 -5.640265e+00 -1.512926e-01 -4.868862e-01 -7.289366e-01 -3.535119e-01 1.325101e-01 5.565099e-01 -1.454735e+00 -4.610171e-01 2.439913e-02 -5.327815e-01 -1.073515e+00 -6.389093e-01 -7.286884e-01 8.630151e-07 4.524750e-02 1.462859e-01 2.924978e-01 -4.650582e-01 -2.340417e-01 6.780135e-01 1.943811e-01 9.849461e-02 4.295134e-02 4.256406e-01 7.717206e-01 1.882465e-01 -4.659745e-07 
-1.475626e+01 -4.288630e-01 -4.857599e+00 6.402462e+00 7.865318e-01 -5.983706e+00 -8.369188e-01 1.111494e+01 3.003776e+00 6.785276e+00 1.088062e+00 -5.394455e+00 -1.512926e-01 -2.169150e-01 -4.544463e-01 1.105469e-01 -4.349419e-02 2.707899e-02 -1.756670e-01 2.503847e-01 -7.670534e-01 -3.431032e-01 6.398387e-02 1.087242e+00 -3.477699e-01 8.630151e-07 1.189632e-01 3.909196e-01 4.047666e-01 -1.052225e-01 -1.238058e-01 8.685735e-01 4.029767e-01 1.422372e-01 1.329215e-01 6.606477e-01 8.345821e-01 3.876847e-01 -4.659745e-07 
-1.553497e+01 6.035547e-01 -1.135572e+00 2.200987e+00 1.832826e-01 -3.979742e+00 1.402376e+00 9.916823e+00 5.850285e-01 5.372557e+00 1.026865e+00 -6.035050e+00 -1.512926e-01 -2.818012e-02 3.256329e-02 2.602849e-01 -5.490763e-01 -3.861497e-01 9.197538e-01 2.252994e-01 4.813201e-01 5.465642e-04 1.091534e+00 2.352422e+00 1.773068e-01 8.630151e-07 1.925203e-01 3.939006e-01 2.089625e-01 3.719845e-01 1.641318e-01 5.909789e-01 3.085839e-01 2.163728e-01 4.736134e-01 6.404763e-01 3.953268e-01 4.555331e-01 -4.659745e-07 
-1.390066e+01 1.491305e+00 -8.398909e-01 6.027499e+00 -1.761862e+00 -9.286885e-01 4.797154e+00 4.362799e+00 1.621021e+00 1.105449e+01 8.569018e+00 -4.933807e+00 -1.512926e-01 1.235426e-01 9.563628e-01 9.522700e-01 9.842855e-01 3.840382e-01 1.450291e+00 1.257322e+00 2.196105e-01 1.408721e-01 1.550894e+00 2.035427e+00 8.602570e-01 8.630151e-07 1.336112e-01 2.298992e-01 1.394928e-02 2.935381e-01 3.426609e-01 -3.855470e-02 3.399855e-02 3.462108e-01 5.254869e-01 1.543488e-01 -5.570607e-01 2.407133e-01 -4.659745e-07 
-1.443187e+01 1.954927e+00 -2.232483e+00 5.813234e+00 -1.324522e+00 -2.411573e+00 2.417272e+00 1.162581e+01 1.617800e+00 1.132049e+01 8.960503e+00 -4.984380e+00 -1.512926e-01 3.054738e-01 5.349825e-01 2.705194e-01 1.478474e+00 1.198773e+00 6.871708e-01 5.782566e-01 6.130929e-01 1.593480e+00 1.385411e+00 8.634986e-01 9.450501e-01 8.630151e-07 1.211842e-01 -8.617963e-02 -2.037931e-01 8.709086e-03 3.954051e-01 -1.618623e-01 6.371360e-02 -2.107391e-01 6.916922e-02 -3.929150e-01 -1.074102e+00 -5.548441e-02 -4.659745e-07 
-1.468979e+01 3.677197e+00 4.522139e-01 9.518230e+00 3.460788e+00 4.836994e-01 4.942796e+00 1.135871e+01 3.192187e+00 1.156592e+01 7.298718e+00 -1.618709e+00 -1.512926e-01 2.842462e-01 4.439662e-01 1.751813e-01 4.104616e-01 9.480514e-01 -2.521175e-01 2.439174e-01 8.982606e-01 1.487952e+00 6.887617e-01 -9.536225e-01 4.720306e-01 8.630151e-07 4.625223e-02 -5.061520e-01 -4.989198e-01 -5.524900e-01 1.167447e-01 7.297857e-02 1.130419e-01 -3.320919e-01 -3.990976e-01 -6.235383e-01 -9.716689e-01 -3.670235e-01 -4.659745e-07 
-1.361298e+01 2.185450e+00 -4.290496e-01 7.848254e+00 3.565673e+00 -1.250112e+00 4.221021e+00 9.484293e+00 7.767195e+00 1.204406e+01 5.979820e+00 -2.967330e+00 -1.512926e-01 4.974745e-01 -1.420418e-01 -3.701085e-01 -2.185490e-01 1.308967e+00 9.616723e-01 1.050565e+00 -9.116770e-01 -3.269555e-01 -4.420177e-01 -1.523612e+00 9.391522e-02 8.630151e-07 -1.043521e-01 -5.047349e-01 -3.580053e-01 -7.003624e-01 -3.590426e-01 2.526127e-01 3.037954e-01 -1.227785e-01 -6.670401e-01 -5.544342e-01 -3.381760e-01 -3.786202e-01 -4.659745e-07 
-1.288882e+01 3.595634e+00 -8.656797e-01 7.062120e+00 5.329002e-01 -2.769969e+00 5.114625e+00 9.924840e+00 5.985610e+00 1.413658e+01 5.290897e+00 -3.582442e+00 -1.512926e-01 2.589364e-01 -1.235901e+00 -1.221974e+00 -9.296871e-01 9.125900e-01 1.677795e+00 1.586566e+00 -6.784229e-01 -8.943984e-01 -6.530218e-01 -1.629416e+00 -5.493914e-01 8.630151e-07 -1.550647e-01 -2.360092e-01 -7.769934e-02 -4.039156e-01 -4.821270e-01 6.799062e-02 1.211102e-01 2.030599e-01 -2.048885e-01 -3.768312e-01 2.973520e-01 -3.859083e-01 -4.659745e-07 
-1.284518e+01 1.285251e+00 -3.424101e+00 5.948637e+00 6.684262e+00 4.023296e+00 7.584557e+00 7.784052e+00 -1.413417e+00 7.824987e+00 2.346213e+00 -3.533045e+00 -1.512926e-01 -2.035798e-01 -1.148876e+00 -8.208899e-01 -1.353261e+00 -5.788432e-01 9.853092e-01 1.426255e+00 7.874981e-01 -5.505212e-01 -7.159344e-01 -4.894361e-01 -4.374685e-01 8.630151e-07 -1.169906e-01 3.631625e-01 3.890378e-01 4.984520e-02 -7.025554e-01 -6.265220e-01 -3.493451e-01 3.496853e-01 5.306180e-01 -7.212766e-02 3.648328e-01 -2.085763e-01 -4.659745e-07 
-1.377914e+01 -2.051970e+00 -4.160414e+00 5.819682e+00 6.464321e+00 6.235791e+00 1.119389e+01 8.816367e+00 3.310816e+00 1.041023e+01 9.688168e-01 -4.083078e+00 -1.512926e-01 -1.405774e-01 -2.327256e-01 1.207383e-02 -1.041722e+00 -5.187638e-01 7.602864e-02 6.615475e-01 1.063996e+00 5.750398e-01 -1.058363e+00 1.603428e-02 -1.191797e+00 8.630151e-07 5.090573e-02 8.056143e-01 5.351367e-01 4.698758e-01 -3.926665e-01 -7.815217e-01 -6.101553e-01 -2.991021e-01 3.890555e-01 -8.495323e-02 4.132226e-01 2.504577e-01 -4.659745e-07 
-1.418536e+01 -7.349394e-01 -2.886094e+00 1.703019e+00 -2.293917e+00 -8.266417e-01 8.312304e+00 1.397612e+01 6.351696e+00 1.032755e+01 5.694081e+00 -4.904404e+00 -1.512926e-01 1.122485e-01 1.172097e+00 9.580787e-01 8.681783e-02 -1.488239e+00 -1.370067e+00 -2.336821e-01 -3.444985e-02 1.591206e+00 -5.999249e-01 -5.222145e-01 -6.277775e-01 8.630151e-07 1.413847e-01 5.947484e-01 1.986231e-01 6.580068e-01 2.397401e-02 -3.611427e-01 -7.074344e-01 -6.407039e-01 1.045950e-01 -6.789196e-02 1.895571e-01 3.148030e-01 -4.659745e-07 
-1.292106e+01 3.441952e+00 -1.074657e+00 3.976111e+00 2.428463e+00 3.508752e-02 8.058696e+00 1.214871e+01 4.978066e+00 7.593774e+00 3.697510e+00 -8.855392e+00 -1.512926e-01 3.554130e-01 1.631835e+00 5.642788e-01 6.996878e-01 -5.959878e-01 -1.052170e+00 -6.344580e-01 -1.762998e+00 -2.014975e-02 -1.135703e+00 4.531474e-01 7.980887e-01 8.630151e-07 -2.027878e-03 1.571035e-02 -1.209315e-01 5.530255e-01 1.356908e-01 1.671993e-02 -5.707977e-01 -1.075271e-01 -1.653156e-01 7.076889e-03 2.537107e-01 1.278070e-01 -4.659745e-07 
-1.271274e+01 4.398816e+00 -1.769424e-01 7.304160e+00 1.260740e+00 2.736899e-01 7.983348e+00 5.945343e+00 5.709166e+00 6.233807e+00 -1.629381e+00 -4.285371e+00 -1.512926e-01 2.553985e-01 8.925072e-01 -1.039178e-01 1.066057e+00 -4.202923e-01 -2.563647e-01 -1.463055e+00 -1.002449e+00 2.700535e-01 -1.016729e+00 2.398810e-01 1.415676e-01 8.630151e-07 -1.799715e-01 -4.666666e-01 -2.824076e-01 1.261506e-01 5.426623e-01 3.597009e-01 -3.446878e-01 6.670385e-01 -4.395842e-01 -1.220589e-02 4.786361e-01 -2.136095e-01 -4.659745e-07 
-1.273804e+01 3.540257e+00 -2.693568e+00 6.518026e+00 1.706979e+00 4.250348e-01 8.185960e+00 4.016994e+00 3.530898e+00 6.778542e+00 6.896434e+00 -4.022066e-01 -1.512926e-01 -2.223580e-01 -1.444151e-02 -6.150433e-02 1.233635e+00 -3.741338e-01 -3.972626e-01 -1.577702e+00 1.010247e+00 4.090145e-01 -8.145523e-01 9.035379e-01 -9.374176e-01 8.630151e-07 -2.750511e-01 -5.251617e-01 5.367287e-03 -7.967038e-02 5.536379e-01 3.178292e-01 5.446454e-02 8.039352e-01 -3.290895e-01 5.515055e-02 1.943702e-01 -2.574710e-03 -4.659745e-07 
-1.299943e+01 3.678485e+00 -2.596193e+00 5.762643e+00 -4.034376e+00 -2.303117e+00 9.337505e-01 1.302980e+01 8.425292e+00 5.651285e+00 5.294047e+00 -8.422971e+00 -1.512926e-01 -4.987247e-01 -3.380429e-01 -1.410757e-01 4.506945e-01 1.114076e+00 1.010505e-01 -1.485592e+00 1.914094e+00 -8.211653e-01 -8.216670e-01 1.645717e+00 -8.279974e-01 8.630151e-07 -1.285186e-01 -3.022743e-01 2.018158e-01 -2.771027e-01 2.885664e-01 1.709731e-01 5.328570e-01 -3.723175e-02 -4.786650e-01 1.745794e-01 1.514719e-01 8.128951e-01 -4.659745e-07 
-1.388925e+01 3.729569e+00 -1.724961e-01 1.091492e+01 3.205250e+00 -6.629723e-01 3.695425e+00 1.365765e+01 5.664613e+00 3.812056e+00 4.753618e+00 -1.147383e+01 -1.512926e-01 -6.426912e-01 -3.788396e-01 6.096428e-01 6.091340e-01 1.404948e+00 3.582860e-01 -3.508772e-01 7.983091e-01 -1.119784e+00 -9.575714e-01 7.222199e-01 1.269907e+00 8.630151e-07 2.988635e-01 1.331893e-01 2.466588e-01 -4.433670e-01 -3.643126e-01 -7.248633e-02 5.413190e-01 -6.607830e-01 -2.635800e-01 1.744017e-01 -3.221215e-01 8.727708e-01 6.454606e-03 
-1.463077e+01 2.613871e+00 -2.142667e+00 7.358718e+00 6.081648e+00 1.323244e+00 2.801361e+00 1.069552e+01 5.361812e-01 3.608528e+00 7.670403e+00 -2.889314e+00 -1.512926e-01 -1.770453e-01 -4.367087e-01 5.696266e-01 -7.177724e-03 1.330238e-01 2.208044e-01 5.876636e-01 -1.082614e+00 -1.359042e+00 -7.231573e-02 1.087968e+00 3.102320e+00 8.630151e-07 9.202120e-01 7.688166e-01 3.862846e-01 -2.406698e-01 -7.946727e-01 -4.070183e-01 8.581948e-02 -6.262571e-01 3.521952e-02 1.210852e-01 -8.880689e-01 -8.685174e-02 3.021841e-02 
-1.513619e+01 2.178582e+00 1.280762e-01 8.765823e+00 3.673737e+00 4.033436e-01 5.497336e+00 9.175655e+00 1.876530e+00 3.012163e+00 9.319139e+00 3.180655e+00 -1.512926e-01 1.111169e+00 7.007188e-01 8.164546e-01 -7.542762e-01 -1.705258e+00 -8.196791e-01 9.242606e-02 -7.953050e-01 -6.401294e-01 -3.171807e-01 -4.281324e-01 1.461317e+00 3.227369e-02 1.640553e+00 1.296299e+00 2.755681e-01 -6.049982e-01 -8.900567e-01 -4.147886e-01 -4.878186e-01 -2.668437e-01 1.310237e-01 -2.606817e-02 -1.178569e+00 -9.051402e-01 5.497685e-02 
-1.326181e+01 2.270448e+00 1.013981e-01 6.801233e+00 -3.603393e+00 -1.732246e+00 2.971353e+00 9.857792e+00 3.524993e+00 5.689820e+00 8.451122e+00 -2.387255e-01 -1.512926e-01 3.225354e+00 2.966151e+00 1.686945e+00 -7.090956e-02 -1.304045e+00 -1.344953e+00 -1.278051e+00 -4.203849e-01 -8.848463e-01 -5.364854e-01 -2.219425e+00 -1.357980e+00 1.349539e-01 1.876348e+00 1.170219e+00 1.677221e-01 -1.034786e+00 -8.361800e-01 2.032421e-01 -6.171085e-01 -3.800039e-01 4.788148e-01 -3.708775e-01 -1.120876e+00 -5.898160e-01 6.240809e-02 
-9.018060e+00 7.405491e+00 2.787429e+00 7.422204e+00 -4.784481e-01 -3.233371e+00 4.072163e+00 1.010011e+01 9.699025e-01 1.185655e+00 2.222467e+00 -5.492857e+00 1.008584e-02 5.858662e+00 4.401238e+00 1.428868e+00 -2.383888e+00 -2.326713e+00 -9.327852e-01 -1.857363e+00 -8.670048e-01 -7.017635e-01 -8.558573e-01 -3.516968e+00 -1.025615e+00 2.074083e-01 1.335379e+00 1.237577e-01 -2.595614e-01 -1.223865e+00 -8.142287e-01 9.552349e-01 -2.651197e-01 -8.877251e-01 6.631132e-01 -3.316307e-01 -3.826249e-01 6.314559e-01 3.641642e-02 
-1.563217e+00 1.483117e+01 4.962131e+00 7.676147e+00 1.637056e+00 -3.583386e+00 -2.876359e+00 8.131315e+00 -3.434945e+00 1.839262e+00 1.215001e-01 -5.342706e+00 4.428000e-01 6.830912e+00 3.564242e+00 1.102100e+00 -4.366340e+00 -3.736965e+00 1.293604e+00 -1.523024e+00 -2.946811e+00 1.065838e+00 -1.657317e+00 -2.971977e+00 1.396746e+00 2.244732e-01 1.460382e-01 -1.222510e+00 -7.326838e-01 -9.321216e-01 -7.985491e-01 1.171719e+00 4.175391e-01 -9.290172e-01 8.867032e-01 -3.228334e-01 3.490367e-01 1.290170e+00 -1.375236e-02 
8.308125e+00 1.790438e+01 4.841636e+00 -3.591108e+00 -1.058049e+01 -3.334924e+00 -8.654039e-01 5.703753e+00 1.847544e+00 6.577556e-01 -4.101134e+00 6.041624e-01 5.887011e-01 5.985483e+00 1.020662e+00 -1.889292e-01 -4.725945e+00 -4.559906e+00 2.637120e+00 -1.110882e+00 -3.970702e+00 1.699919e+00 -1.414824e+00 -1.965082e+00 3.241172e+00 1.695982e-01 -1.099726e+00 -1.906223e+00 -7.185659e-01 3.035764e-01 6.918338e-02 7.292842e-01 6.893038e-01 -4.097752e-01 5.380687e-01 -2.402437e-02 8.051865e-01 5.517289e-01 -4.379314e-02 
1.222998e+01 1.484190e+01 4.584638e+00 -9.523565e+00 -1.723721e+01 4.786429e+00 -2.174799e+00 -2.678298e+00 8.415629e+00 -2.333049e+00 -3.246618e+00 3.696189e+00 6.817580e-01 3.892254e+00 -1.456070e+00 -1.167574e+00 -3.560494e+00 -4.180380e+00 2.728620e+00 4.363682e-01 -3.513577e+00 2.347645e+00 -1.871220e+00 -1.250183e+00 2.959463e+00 8.509599e-02 -1.589137e+00 -1.563169e+00 -3.917181e-01 1.076318e+00 7.502856e-01 -1.638303e-01 5.746418e-01 6.045334e-01 -1.112632e-01 4.802604e-01 6.726152e-01 -5.481406e-01 -4.769777e-02 
1.401309e+01 1.250319e+01 2.031552e+00 -7.608078e+00 -1.384019e+01 5.767460e+00 -1.832518e+00 -4.348659e+00 3.544317e+00 -3.802263e+00 -5.918162e+00 6.193489e+00 7.385901e-01 1.829369e+00 -2.619771e+00 -1.029085e+00 -1.268878e+00 -1.759036e+00 1.996154e+00 6.094172e-01 -2.632576e+00 1.347626e+00 -8.690326e-01 -3.519955e-01 9.516574e-01 5.813111e-02 -1.372961e+00 -6.811976e-01 1.047192e-01 9.168625e-01 7.718015e-01 -4.714884e-01 2.572221e-01 1.060941e+00 -2.148695e-01 7.740340e-01 3.811781e-01 -1.036649e+00 -3.205237e-02 
1.504576e+01 1.025162e+01 5.295802e-01 -8.118444e+00 -1.763450e+01 5.508646e+00 -2.107065e-01 -4.410241e+00 7.455861e+00 -5.286815e+00 -5.220690e+00 6.660018e+00 7.933316e-01 9.632565e-01 -2.431419e+00 -4.364026e-01 -7.132125e-01 -1.385958e+00 7.949216e-01 4.902623e-01 -5.933622e-01 6.857992e-01 4.710381e-01 -4.153738e-01 -1.992068e-01 4.172063e-02 -8.178717e-01 7.664887e-02 3.706144e-01 2.756375e-01 5.522442e-01 -2.289112e-01 -2.508854e-01 1.052493e+00 -3.262780e-01 7.926652e-01 1.706598e-01 -8.244066e-01 -1.510318e-02 
1.604717e+01 7.100703e+00 1.723866e+00 -1.063854e+01 -1.917727e+01 6.284596e+00 1.199764e+00 -6.592934e+00 9.066212e+00 -2.210334e+00 -4.873754e+00 3.880448e+00 8.235834e-01 5.852424e-01 -1.897627e+00 -3.098507e-02 -1.565344e+00 -2.097971e+00 1.246515e+00 1.482799e-01 -1.261400e-01 1.456339e+00 1.284158e+00 -4.765738e-01 -3.626863e-01 3.102641e-02 -3.796492e-01 4.067040e-01 3.203819e-01 -3.566021e-01 2.976257e-01 4.484925e-02 -3.404241e-01 8.786926e-01 -1.261645e-01 1.820437e-01 1.106733e-01 -2.539159e-01 -9.212636e-03 
1.602932e+01 5.386159e+00 2.556664e+00 -1.157446e+01 -2.149873e+01 8.502514e+00 -1.239385e+00 -4.522837e+00 9.084462e+00 -7.736704e-01 -5.845265e+00 3.856925e+00 8.478622e-01 4.248109e-01 -1.433898e+00 1.863379e-01 -2.034135e+00 -1.249680e+00 1.958760e+00 -5.876191e-01 4.955989e-01 6.621463e-01 1.015446e+00 -3.346728e-01 -5.054432e-01 2.313439e-02 -2.610906e-01 3.224554e-01 6.087196e-02 -3.046905e-01 6.693617e-01 1.035170e-01 -6.164059e-02 3.662899e-01 1.237552e-02 -3.877314e-01 3.429314e-01 -5.125647e-02 -4.861092e-03 
1.644695e+01 5.447546e+00 8.630553e-01 -1.370669e+01 -2.239820e+01 1.050303e+01 -5.773370e-01 -4.922572e+00 1.001202e+01 3.621919e-01 -7.988531e+00 5.781847e+00 8.664491e-01 2.002885e-01 -1.084909e+00 2.614835e-01 -2.391365e+00 -3.391120e-01 1.638554e+00 -5.539109e-01 1.216371e+00 7.285565e-01 -2.310135e-01 1.611509e-01 -1.648690e-01 2.135574e-02 -2.501443e-01 7.537830e-02 -2.574525e-01 1.104613e-01 1.147022e+00 -1.355313e-01 2.810991e-01 3.847657e-02 -4.090371e-02 -5.835509e-01 4.977594e-01 -4.429043e-02 -1.374815e-03 
1.696973e+01 3.908579e+00 1.891492e+00 -1.675500e+01 -2.227234e+01 1.319322e+01 -2.260713e+00 -2.767209e+00 1.029330e+01 -1.495744e+00 -5.336335e+00 3.182223e+00 8.875656e-01 -1.496944e-01 -1.225591e+00 -2.781819e-01 -1.823594e+00 1.081398e+00 1.116512e+00 5.331815e-01 5.668908e-01 1.111552e+00 -7.100713e-01 9.805046e-01 -5.544970e-01 2.224507e-02 -2.583408e-01 -9.194607e-02 -5.969243e-01 4.347066e-01 1.334872e+00 -3.129259e-01 4.864806e-01 -3.442345e-01 -4.582395e-02 -2.721828e-01 3.966835e-01 5.887141e-02 6.715874e-04 
1.657789e+01 2.414686e+00 3.363674e+00 -2.000518e+01 -2.048674e+01 1.213183e+01 -1.059286e+00 -1.389088e+00 1.210494e+01 -3.004615e+00 -4.322975e+00 3.393533e+00 9.105268e-01 -3.782990e-01 -1.624910e+00 -1.085974e+00 -1.118272e+00 2.471576e+00 9.900181e-01 9.933389e-01 3.062060e-02 1.027175e+00 -7.708759e-01 1.354758e+00 -5.596026e-01 2.459421e-02 -2.472887e-01 -1.613876e-01 -6.784093e-01 5.808591e-01 1.187571e+00 -9.583130e-02 3.144875e-01 -6.661229e-01 -2.514199e-01 -1.771526e-02 3.431575e-01 -2.492242e-02 5.270959e-04 
1.521489e+01 7.748373e-01 -8.490328e-02 -1.754312e+01 -1.704778e+01 1.327062e+01 1.667930e+00 -3.454812e+00 1.359559e+01 -2.640585e+00 -2.775936e+00 2.278569e+00 9.370543e-01 -5.777838e-01 -1.623469e+00 -2.124643e+00 -4.972126e-01 4.019279e+00 7.184712e-01 1.071338e+00 -6.327308e-01 2.839268e-01 -7.554371e-02 1.051974e+00 -1.370299e-02 2.487388e-02 -2.041380e-01 -3.066547e-02 -3.631603e-01 3.383245e-01 7.796848e-01 -3.753675e-02 -2.083980e-02 -5.705914e-01 -3.367510e-01 -1.748507e-01 1.582232e-01 -1.688855e-03 -1.531067e-03 
1.543313e+01 -1.109701e+00 -3.578833e+00 -1.890360e+01 -1.265213e+01 1.541459e+01 2.425082e+00 -4.425910e+00 1.349575e+01 -2.920061e+00 -2.494697e+00 3.435482e+00 9.646885e-01 -8.221731e-01 -1.692979e+00 -2.207442e+00 -1.501886e-01 4.129766e+00 1.358421e+00 7.495418e-01 -1.514446e+00 -1.147615e-01 -6.368161e-01 1.841142e+00 -5.599030e-01 2.267574e-02 -1.539013e-01 1.310879e-01 1.372312e-01 2.351683e-01 1.545498e-01 -2.189692e-01 -7.043047e-02 -2.328299e-01 -4.333988e-01 -3.044689e-01 -1.618343e-01 -1.098034e-01 -4.696439e-03 
1.465342e+01 -2.446477e+00 -5.260437e+00 -1.979191e+01 -6.092670e+00 1.514443e+01 1.354135e+00 -4.412427e+00 1.101688e+01 -1.915519e+00 -9.904062e-01 3.092446e+00 9.848565e-01 -9.484499e-01 -1.344877e+00 -1.533252e+00 -6.160126e-01 4.150720e+00 7.446010e-01 5.508196e-01 -1.513528e+00 -1.272892e-03 -1.651388e+00 1.528400e+00 -5.628061e-01 1.554999e-02 -5.861026e-02 2.595622e-01 4.349940e-01 3.479066e-01 -3.337811e-01 -5.284935e-01 -3.428701e-02 2.612126e-01 -4.119605e-01 -2.897180e-01 -5.271805e-01 -2.444534e-01 -7.589628e-03 
1.274780e+01 -4.439623e+00 -5.085696e+00 -1.963171e+01 -5.315248e+00 1.798696e+01 2.845467e+00 -8.482657e+00 1.282048e+01 -6.551004e+00 3.990448e+00 1.866388e-01 9.999999e-01 -9.623295e-01 -1.108855e+00 -6.954936e-01 1.170815e-01 3.178607e+00 -1.179598e-01 9.016210e-01 -6.931097e-01 -9.974251e-01 -1.505339e+00 3.074085e-01 -8.340040e-01 5.778651e-03 1.035221e-01 2.926459e-01 4.403540e-01 5.360025e-01 -3.667517e-01 -9.292261e-01 -6.734745e-02 6.523357e-01 -5.680729e-01 3.538412e-01 -8.656830e-01 -2.662776e-01 -8.525462e-03 
1.181532e+01 -4.284224e+00 -6.997620e+00 -2.025913e+01 3.707889e-02 1.570742e+01 4.211372e+00 -8.994260e+00 1.392625e+01 -9.082002e+00 1.623991e+00 1.088725e+00 9.971540e-01 -8.008094e-01 -6.178545e-01 -7.056360e-01 1.108663e+00 2.825897e+00 -1.185866e+00 8.240136e-01 2.626508e-01 -1.334479e+00 -1.089852e+00 -8.171154e-01 -1.098895e+00 -4.624723e-03 1.707335e-01 1.406172e-01 4.031557e-01 6.108688e-01 -3.448874e-01 -8.375428e-01 -2.228758e-01 4.802913e-01 -4.866780e-01 9.044520e-01 -5.425567e-01 -4.349525e-01 -6.556346e-03 
1.204051e+01 -5.735189e+00 -6.187498e+00 -1.808474e+01 1.756546e-01 1.454349e+01 5.504227e+00 -5.601066e+00 7.054883e+00 -6.863404e+00 -2.265206e+00 2.673993e-01 9.874214e-01 -3.784351e-01 -5.932435e-01 -4.194372e-01 1.667415e+00 2.958365e+00 -2.322467e+00 2.760579e-01 8.591979e-01 -2.288557e+00 8.516097e-01 -1.314495e+00 -1.623271e+00 -9.865562e-03 1.041037e-01 3.877610e-02 3.193275e-01 3.094731e-01 -1.533791e-01 -5.758960e-01 -3.860790e-01 -3.031925e-02 4.822303e-02 9.176034e-01 1.683183e-03 -3.894517e-01 -3.221282e-03 
1.100288e+01 -4.888220e+00 -8.237702e+00 -1.502204e+01 5.291513e+00 1.093734e+01 4.145214e+00 -4.539963e+00 7.227190e+00 -7.208727e+00 -1.948419e+00 -2.441995e+00 9.680089e-01 -3.867356e-01 -8.996616e-01 3.445586e-01 1.663024e+00 2.536344e+00 -2.340841e+00 -2.507322e-01 1.118057e-01 -1.789116e+00 1.692398e+00 -3.734674e-01 -2.342962e+00 -9.412512e-03 3.160427e-02 -4.083003e-02 3.702629e-01 -7.180819e-02 -3.201486e-01 -1.207371e-01 -4.148101e-01 -3.185595e-01 3.542623e-01 7.400300e-01 1.117070e-01 -4.574001e-02 -3.314522e-04 
1.126179e+01 -7.103733e+00 -6.562768e+00 -1.391302e+01 6.849536e+00 8.759850e+00 4.259154e+00 -6.413654e+00 4.727389e+00 -3.229468e+00 -7.960139e-01 -6.164423e+00 9.652507e-01 -6.488146e-01 -7.740568e-01 3.761843e-01 1.387090e+00 2.556566e+00 -2.419969e+00 -4.915897e-01 -7.692972e-01 -5.289152e-01 1.691608e+00 9.403834e-02 -2.159160e+00 -7.935904e-03 -3.825823e-03 8.783966e-02 1.984767e-01 -3.206255e-01 -4.749406e-01 2.287587e-01 -3.234347e-01 -2.101905e-01 5.595068e-01 1.610726e-01 -7.865422e-02 4.421648e-01 2.901971e-04 
1.027079e+01 -8.098373e+00 -5.087030e+00 -1.402958e+01 9.382038e+00 6.894906e+00 3.580106e+00 -8.028628e+00 6.143961e+00 -2.437058e+00 -9.778067e-01 -7.410329e+00 9.611750e-01 -5.074335e-01 -7.315973e-01 7.478554e-01 8.896965e-01 1.426195e+00 -1.740686e+00 -8.661045e-01 -5.158488e-01 -4.431733e-01 2.190363e+00 -9.628544e-01 -1.059752e+00 -7.253532e-03 1.045268e-01 2.501306e-01 -5.933447e-02 -4.611271e-01 -4.454108e-01 4.656694e-01 -2.849954e-01 7.464832e-02 3.584094e-01 -1.980433e-01 -2.759929e-01 7.660656e-01 -2.524860e-04 
9.162233e+00 -8.000498e+00 -5.882034e+00 -1.164588e+01 1.091336e+01 4.464514e+00 3.329254e+00 -7.703228e+00 4.951764e+00 -7.912546e-01 -2.280505e+00 -8.044259e+00 9.511613e-01 -3.372046e-01 -2.379360e-01 3.712053e-01 4.509319e-01 1.138693e+00 -1.478834e+00 -1.033470e+00 1.221068e-01 -1.638868e-01 1.407941e+00 -1.412934e+00 -5.414742e-02 -9.490817e-03 1.881841e-01 2.223735e-01 -1.202578e-01 -3.120263e-01 -4.021178e-01 6.959973e-01 -4.042491e-01 1.457849e-01 1.237137e-01 -3.525130e-01 -7.765283e-02 7.744007e-01 -5.213073e-04 
9.515384e+00 -8.097944e+00 -4.838924e+00 -1.170738e+01 1.039021e+01 4.381200e+00 2.799720e-01 -6.474507e+00 4.899159e+00 2.523922e+00 -6.020308e+00 -6.800706e+00 9.387935e-01 -2.001566e-02 8.289390e-02 5.033816e-02 -1.745183e-01 1.018242e+00 -4.829462e-01 -1.404653e+00 3.928986e-02 -1.795796e-01 8.440998e-01 -9.999893e-01 4.347897e-01 -9.893528e-03 1.164250e-01 1.352906e-01 -1.697287e-01 -2.627915e-03 -8.992051e-02 5.007207e-01 -2.813876e-01 -3.573221e-02 2.734713e-02 -5.102112e-01 5.153645e-01 4.330243e-01 -4.918984e-05 
9.953845e+00 -8.293696e+00 -4.830921e+00 -1.281938e+01 1.203913e+01 2.622740e+00 7.412465e-01 -6.580544e+00 4.530389e+00 1.329695e+00 -5.339935e+00 -6.739940e+00 9.289907e-01 4.829358e-02 -6.931740e-02 1.236397e-01 3.590726e-01 7.499361e-01 4.311356e-01 -2.243441e+00 -3.179857e-01 -4.243809e-02 6.021334e-01 -2.757548e-01 9.654726e-01 -9.222343e-03 -1.857955e-02 -1.761769e-02 -1.115001e-01 2.715310e-01 -1.370047e-02 1.444386e-01 4.934804e-02 -1.671794e-01 -8.525621e-02 -3.974469e-01 7.674566e-01 1.108953e-01 8.849642e-04 
9.774294e+00 -7.536876e+00 -5.360924e+00 -1.431576e+01 1.390990e+01 5.401176e+00 -2.149070e+00 -8.393382e+00 5.457415e+00 7.228544e-01 -4.448071e+00 -5.888427e+00 9.227892e-01 -1.181252e-01 -1.396029e-01 2.304601e-02 9.224525e-01 1.170931e+00 -1.921020e-01 -1.668244e+00 -4.745423e-01 -3.672110e-01 4.224444e-02 1.045335e+00 5.955663e-01 -7.633871e-03 -1.123900e-01 -8.661944e-02 -9.717723e-02 3.288127e-01 -5.703700e-02 -2.904631e-01 4.769691e-01 -4.999610e-02 -1.119661e-01 -3.492547e-01 6.075894e-01 -6.671867e-02 8.396007e-04 
9.273832e+00 -8.627676e+00 -5.002994e+00 -8.545982e+00 1.290300e+01 6.110081e+00 -6.673604e+00 -8.333622e+00 4.460607e+00 3.119913e+00 -4.445370e+00 -3.673004e+00 9.130566e-01 -3.811566e-01 -2.147662e-01 -1.726092e-01 1.259982e+00 9.939169e-01 -9.020389e-01 -6.550357e-01 -4.569998e-01 -4.966198e-01 -1.783119e-01 1.401644e+00 4.199734e-01 -6.190822e-03 -4.221723e-02 2.841606e-02 -1.066965e-01 -5.194211e-02 -1.110879e-01 -4.233394e-01 6.658204e-01 1.435904e-01 -2.860309e-02 -4.940681e-01 3.495535e-01 -1.825643e-01 -1.315164e-04 
9.264905e+00 -8.628963e+00 -4.637950e+00 -9.231928e+00 1.581309e+01 1.676711e+00 -4.353448e+00 -7.970690e+00 3.097176e+00 1.839636e+00 -1.241046e+00 -5.356427e+00 9.085768e-01 -3.672770e-01 -2.775132e-01 -2.874022e-01 1.019059e+00 6.108744e-01 -1.268687e+00 1.859078e-01 -1.412347e-01 -5.120852e-01 -5.120450e-01 1.199372e+00 3.740229e-01 -7.214380e-03 6.185204e-02 1.136909e-01 3.413013e-02 -1.920576e-01 -1.596510e-01 -3.125526e-01 2.601084e-01 3.834797e-01 1.166144e-01 -5.411347e-01 -8.424263e-02 3.016166e-02 -2.117434e-03 
8.303165e+00 -8.821710e+00 -6.054997e+00 -9.060813e+00 1.605655e+01 -2.554903e-02 -1.431889e+00 -9.076612e+00 3.227615e+00 -1.204374e-01 6.480229e-02 -4.905972e+00 9.051335e-01 -3.811353e-02 1.417608e-01 -2.546701e-01 5.109477e-02 4.744503e-01 -1.147271e+00 1.584708e-01 2.333793e-01 -1.131694e-01 -1.591045e+00 1.395005e+00 1.634916e-01 -1.008929e-02 1.363081e-01 1.340200e-01 2.454579e-01 -8.451406e-02 -6.078463e-03 -3.667754e-01 -6.209976e-02 4.680756e-01 8.350822e-02 -3.840289e-01 -3.108477e-01 1.051775e-01 -3.600992e-03 
8.423197e+00 -8.827291e+00 -6.271978e+00 -8.963104e+00 1.538783e+01 2.125816e+00 -3.840716e+00 -8.727891e+00 3.513184e+00 -2.169632e-01 -7.064674e-01 -3.401711e+00 8.906927e-01 1.971800e-02 2.507365e-01 2.346524e-01 5.666462e-01 6.324151e-01 -1.632196e+00 -7.741906e-01 1.097756e+00 2.397206e-02 -1.957058e+00 6.275156e-01 8.745727e-01 -1.627538e-02 9.759942e-02 9.502327e-02 3.203233e-01 2.259373e-01 1.042882e-01 -5.138012e-01 -2.018384e-02 5.506232e-01 -2.952101e-01 2.401967e-02 -4.723301e-01 1.528928e-01 -3.238083e-03 
9.504472e+00 -7.819771e+00 -5.459188e+00 -8.424962e+00 1.548763e+01 1.494589e-01 -6.137900e+00 -6.787882e+00 3.687102e+00 -3.806752e+00 2.262516e+00 -3.832564e+00 8.715613e-01 1.069416e-01 1.912045e-01 7.937726e-01 1.063683e+00 9.527406e-01 -2.554219e+00 -4.855144e-01 1.263899e+00 -3.471970e-01 -1.376022e+00 1.333515e-01 6.956762e-01 -1.966487e-02 5.692709e-03 -4.210060e-02 3.202355e-01 3.993618e-01 -1.479784e-01 -2.873754e-01 2.656184e-01 4.188469e-01 -5.488136e-01 5.719647e-01 -7.594709e-01 2.550078e-01 -1.216882e-03 
8.762955e+00 -7.876436e+00 -3.762911e+00 -6.716795e+00 1.925969e+01 -6.571339e+00 -5.871427e+00 -3.626075e+00 2.987673e+00 -6.102421e+00 7.978235e-01 -1.520307e+00 8.439798e-01 4.815751e-02 1.729125e-01 7.899923e-01 1.642492e+00 8.932473e-01 -3.134245e+00 4.071674e-01 2.096556e+00 -1.870991e+00 -4.994625e-01 -5.314463e-01 8.723703e-01 -1.861335e-02 -2.286289e-02 -1.051405e-01 2.959833e-01 1.130235e-01 -7.155781e-01 3.970257e-01 4.647683e-01 1.791039e-01 -5.314522e-01 6.326566e-01 -5.342548e-01 1.093249e-01 1.530135e-03 
8.667724e+00 -8.341346e+00 -3.340954e+00 -4.865785e+00 1.888401e+01 -8.448113e+00 -2.843739e+00 -5.308096e+00 1.754680e+00 -4.057794e+00 -2.024437e-02 -2.368292e+00 8.301538e-01 -2.382574e-02 -2.985111e-02 1.068907e+00 1.509925e+00 -3.958210e-01 -1.833110e+00 8.957417e-01 1.828115e+00 -1.909655e+00 5.400113e-01 -1.822870e+00 1.439593e+00 -1.500572e-02 -3.920303e-02 -4.615666e-02 2.791415e-01 -2.680120e-01 -9.987247e-01 8.798728e-01 2.944151e-01 5.193583e-02 -2.444613e-01 2.995176e-01 -2.417841e-01 1.301425e-01 2.949848e-03 
9.081882e+00 -7.702148e+00 -3.380971e+00 -2.530199e+00 1.815490e+01 -9.246741e+00 -3.452033e+00 1.015154e+00 -4.875672e+00 -2.588955e+00 -2.222458e+00 2.278031e-01 8.183306e-01 -2.913264e-02 -1.644356e-01 1.577039e+00 9.086855e-01 -2.271176e+00 -7.623693e-03 8.588977e-01 1.711131e+00 -1.852115e+00 2.481761e-01 -1.065650e+00 1.049265e+00 -1.095624e-02 -4.845716e-02 4.322309e-02 1.874929e-01 -5.235333e-01 -8.138802e-01 8.011853e-01 1.942499e-01 -3.007845e-01 2.379337e-01 -9.164740e-02 1.578679e-01 -7.215460e-02 3.161545e-03 
9.225224e+00 -8.056304e+00 -3.058861e-01 -2.968649e+00 1.406056e+01 -7.678572e+00 -2.868548e+00 3.239525e-02 -1.928730e+00 -2.863193e+00 -5.341735e+00 2.491055e+00 8.093711e-01 -5.049628e-02 1.291227e-01 1.795929e+00 9.049695e-02 -2.458594e+00 2.818355e-01 7.605166e-01 1.716333e+00 -1.579196e+00 -2.523577e-01 -8.084022e-01 1.257994e+00 -8.741327e-03 -3.666475e-02 1.940300e-01 -9.834883e-02 -4.841521e-01 -1.506788e-01 2.438848e-02 2.917913e-01 -2.300502e-01 1.133811e-01 -1.031401e-01 2.561334e-01 -1.838529e-01 2.765033e-03 
8.338878e+00 -8.841457e+00 2.604685e+00 -3.121908e+00 1.031520e+01 -6.994316e+00 -1.564667e+00 2.259543e+00 -4.430679e+00 -5.458541e+00 -1.870122e+00 1.296507e+00 7.996033e-01 -1.808554e-01 3.094925e-01 1.363865e+00 -2.654281e-01 -2.144716e+00 -1.857311e-01 1.445853e+00 6.485859e-01 -8.468651e-01 -5.615186e-01 -2.494077e-01 6.024739e-01 -5.939128e-03 2.235014e-02 3.620874e-01 -2.982828e-01 -3.151150e-01 3.516766e-01 -5.238110e-01 2.228498e-01 -1.575604e-01 1.064225e-01 2.759103e-01 -3.440551e-01 8.850729e-02 1.622543e-03 
8.786763e+00 -7.126055e+00 2.645591e+00 -4.117842e+00 1.051099e+01 -8.165143e+00 1.533639e-02 2.651262e+00 -6.363637e+00 -3.884571e+00 -4.238379e+00 3.387261e+00 7.958087e-01 -1.311883e-01 7.032686e-01 6.837742e-01 -3.238193e-01 -1.212461e+00 -1.622040e+00 2.061225e+00 1.209130e+00 -1.845064e+00 4.291403e-01 -9.504069e-01 7.438291e-01 -3.690657e-03 4.403124e-02 4.482908e-01 -1.004870e-01 -4.151769e-02 1.797242e-01 -1.428945e-01 -4.127110e-01 -1.033942e-01 3.396422e-01 5.271196e-01 -5.694973e-01 -3.410310e-02 -4.659745e-07 
8.396909e+00 -6.619935e+00 1.962634e+00 -3.283102e+00 9.205958e+00 -9.931984e+00 2.335952e+00 2.948240e+00 -6.892369e+00 -4.885746e+00 -4.021037e+00 2.792535e+00 7.954221e-01 1.229983e-01 1.358897e+00 6.416373e-01 -4.597093e-01 -1.135969e+00 -1.674761e+00 1.322779e+00 1.176901e+00 -1.186876e+00 1.286991e+00 -2.715041e+00 1.748933e+00 -5.374213e-03 5.508331e-02 6.139536e-01 5.036792e-01 3.216524e-01 -4.873100e-01 6.477804e-01 -1.687112e+00 -3.241187e-01 1.237376e+00 3.582842e-01 -4.783708e-01 -3.994780e-01 -2.006545e-03 
8.540253e+00 -5.650621e+00 3.433926e+00 -4.507189e+00 8.552491e+00 -1.432000e+01 5.486769e+00 5.733268e+00 -9.924124e+00 -1.004135e+00 -9.018090e+00 5.461941e+00 7.929978e-01 1.754081e-02 1.845906e+00 1.654582e+00 -1.987662e-02 -2.064415e+00 3.119356e-01 -1.241403e+00 9.350795e-01 2.891578e-01 1.459062e+00 -2.423148e+00 5.142770e-01 -9.032174e-03 4.270922e-02 6.027139e-01 7.463180e-01 8.371525e-01 -1.149902e+00 1.261298e+00 -2.332513e+00 -9.951066e-01 2.319408e+00 -2.948423e-01 9.374655e-02 -1.018731e+00 -2.396336e-03 
9.076921e+00 -2.785179e+00 5.419214e+00 -5.225869e+00 5.614432e+00 -1.229089e+01 2.313899e+00 6.602701e+00 -8.585385e+00 -4.638898e-01 -1.305488e+01 9.003638e+00 7.741299e-01 2.012623e-02 2.807953e+00 3.396854e+00 1.190910e+00 -4.155323e+00 2.086178e+00 -5.338333e+00 -8.350816e-01 4.273084e+00 7.149149e-01 -1.904816e+00 -1.280194e+00 -1.329979e-02 -1.429621e-02 2.997806e-01 4.377472e-01 1.007945e+00 -1.026904e+00 9.278861e-01 -1.607675e+00 -1.335904e+00 2.227962e+00 -7.611539e-01 6.156328e-01 -1.348631e+00 -5.532298e-04 
8.534797e+00 1.858655e-01 9.190151e+00 -3.245408e+00 1.984766e+00 -5.426146e+00 -6.181087e+00 5.499330e+00 -4.071033e+00 1.199872e+00 -1.183678e+01 2.852909e+00 7.613054e-01 1.337482e-01 2.992424e+00 3.037722e+00 3.036640e+00 -5.452304e+00 2.803962e+00 -6.270798e+00 -2.760473e+00 7.021828e+00 -7.591497e-01 -8.867174e-01 -2.835202e+00 -1.170573e-02 -3.677052e-02 -1.262026e-01 -2.630176e-01 4.866883e-01 -1.326473e-01 1.076567e-01 -1.487056e-02 -1.007871e+00 9.279630e-01 -9.296339e-01 4.871963e-01 -5.907825e-01 1.849361e-03 
8.500572e+00 4.501843e+00 1.606863e+01 2.040784e+00 -8.286362e+00 -3.947699e+00 -1.852202e+01 -1.110330e+00 1.154669e+01 -2.413113e+00 -1.213602e+01 -2.303997e+00 7.447740e-01 -6.544319e-03 2.284470e+00 2.138833e+00 3.051713e+00 -4.576611e+00 1.718698e+00 -4.200678e+00 -3.654937e+00 6.586523e+00 -1.409620e+00 -4.050009e-01 -3.319434e+00 -6.806076e-03 -1.036118e-01 -6.094592e-01 -9.179727e-01 -3.646749e-01 1.158520e+00 -4.495686e-01 1.517914e+00 -4.564378e-02 -1.048148e+00 -6.848225e-01 1.997325e-01 3.319161e-01 3.141383e-03 
9.497031e+00 5.668196e+00 1.329768e+01 7.042777e+00 -1.175838e+01 -4.471736e+00 -1.544930e+01 -4.212377e+00 1.511899e+01 -3.825084e+00 -1.391120e+01 -3.060244e+00 7.491484e-01 -1.529602e-01 1.476520e+00 9.684978e-01 1.482984e+00 -2.517061e+00 1.033968e+00 -1.884604e+00 -2.694383e+00 3.772279e+00 -2.126823e+00 -7.370368e-01 -1.420048e+00 -3.030658e-03 -2.138681e-01 -7.035792e-01 -7.234281e-01 -9.846649e-01 1.704386e+00 -6.339530e-01 1.557206e+00 7.572302e-01 -1.940962e+00 -2.237241e-01 9.662009e-03 8.368937e-01 1.185708e-03 
8.562572e+00 5.896144e+00 1.405933e+01 4.888225e+00 -1.039678e+01 -4.174469e+00 -1.405583e+01 -6.815940e+00 1.475183e+01 -4.999482e+00 -1.404304e+01 -4.636640e+00 7.461970e-01 -3.547582e-01 5.186861e-01 -1.584099e-01 1.442596e-01 1.696575e-01 7.234570e-01 5.793386e-02 -1.096383e+00 6.571428e-01 -2.025372e+00 -9.810069e-01 -3.282485e-01 -1.928795e-03 -2.100607e-01 -4.325567e-01 -3.076556e-01 -7.689109e-01 1.254035e+00 -5.650718e-01 7.890099e-01 9.944496e-01 -1.555285e+00 2.294657e-01 2.174345e-01 8.039157e-01 -1.920858e-03 
7.738720e+00 6.871467e+00 1.503753e+01 2.745576e+00 -9.544985e+00 -1.433713e-01 -1.783746e+01 -5.119343e+00 1.318710e+01 -8.141062e+00 -1.456862e+01 -3.080630e+00 7.454240e-01 -7.614840e-01 3.574950e-01 5.691656e-01 -4.330060e-01 6.964508e-01 1.317969e-01 -6.142722e-01 -2.536291e-01 2.816525e-01 -1.569833e+00 -5.503250e-01 -1.463487e-01 -8.221158e-03 -1.527908e-01 -9.873873e-02 -2.635385e-02 -2.670643e-01 5.431849e-01 -6.158336e-01 2.602396e-01 7.538288e-01 -7.982701e-01 7.269082e-01 5.216312e-01 3.275271e-01 -4.289846e-03 
7.605793e+00 6.493701e+00 1.440659e+01 4.910544e+00 -8.544443e+00 -2.494886e+00 -1.703804e+01 -6.138540e+00 1.579855e+01 -1.038173e+01 -1.671234e+01 -3.934887e+00 7.369915e-01 -7.525031e-01 6.813182e-01 8.002269e-01 1.651475e-01 8.686527e-02 -6.556061e-01 -8.909938e-01 9.701693e-02 5.552532e-01 -5.407674e-01 5.888247e-01 6.338168e-02 -1.381437e-02 -3.232853e-02 -5.177649e-02 -9.035265e-02 9.312236e-02 -5.730028e-03 -3.854038e-01 3.214407e-01 4.671612e-01 -8.553450e-01 1.011500e+00 9.323954e-01 9.595653e-02 -4.387294e-03 
6.168392e+00 7.156938e+00 1.596992e+01 4.866401e+00 -9.201724e+00 -4.652660e+00 -1.702931e+01 -5.819335e+00 1.600360e+01 -8.983232e+00 -1.532819e+01 -4.142669e+00 7.126424e-01 -7.182124e-01 9.014869e-01 3.573748e-01 1.372574e-01 2.404339e-01 -1.355663e+00 -1.090398e-01 4.780564e-01 -1.682080e-01 7.653767e-01 1.086204e+00 2.173593e-02 -1.854063e-02 4.032959e-02 -4.701851e-01 -6.187454e-01 5.847957e-02 3.272862e-01 -1.490022e-01 1.278554e+00 3.182682e-01 -1.683633e+00 9.110277e-01 9.383714e-01 2.041919e-01 -1.976303e-03 
5.585099e+00 9.160387e+00 1.759461e+01 4.653625e+00 -1.013361e+01 -5.197896e+00 -1.891484e+01 -5.981123e+00 1.612009e+01 -7.282057e+00 -1.071902e+01 -3.788656e+00 6.934934e-01 -5.380502e-01 -1.233517e-02 -5.043563e-01 3.247737e-01 3.690917e-01 -4.598633e-01 1.412733e+00 8.735787e-01 -3.394558e+00 1.864535e+00 2.862664e+00 6.758630e-02 -1.870284e-02 -7.051547e-03 -9.419089e-01 -9.121147e-01 -1.082410e-01 8.105648e-01 -1.372279e-01 1.966263e+00 1.111917e-02 -2.286926e+00 3.682958e-01 7.302436e-01 4.103545e-01 3.019580e-04 
5.158045e+00 1.004556e+01 1.523050e+01 3.560477e+00 -7.548350e+00 -5.570096e+00 -1.744372e+01 -2.808020e+00 1.218493e+01 -5.864100e+00 -1.213467e+01 -3.044954e+00 6.744674e-01 -6.670485e-01 -1.646528e+00 -1.872191e+00 -2.203293e-01 2.191840e+00 -7.111896e-01 4.626779e+00 9.494602e-01 -6.161496e+00 1.782716e+00 3.004565e+00 8.724704e-01 -1.565454e-02 1.780239e-02 -1.027233e+00 -7.174236e-01 1.693576e-01 7.323412e-01 -7.611702e-02 1.548351e+00 -4.150419e-01 -1.597459e+00 -2.489013e-01 3.681277e-01 5.830157e-01 1.182348e-03 
5.420924e+00 4.987359e+00 1.225457e+01 7.187604e+00 -7.525466e+00 -4.335181e+00 -9.767450e+00 -3.276261e+00 7.347912e-01 -2.618511e+00 -3.995838e+00 -4.146197e+00 6.625564e-01 -8.133283e-01 -2.754023e+00 -2.645591e+00 -1.973051e-01 3.163954e+00 -1.663958e+00 6.572453e+00 -8.320169e-02 -7.882702e+00 7.920569e-01 3.280794e+00 1.689868e+00 -1.375284e-02 4.202177e-02 -4.502470e-01 -2.195511e-01 4.595216e-01 2.661795e-01 1.530233e-01 2.418071e-01 -6.004724e-01 1.136623e-01 -6.123418e-01 -4.808258e-01 4.232800e-01 -1.608354e-03 
2.915144e+00 1.010941e+00 9.279078e+00 2.498080e+00 4.534416e-01 -8.639883e+00 1.531018e+00 -2.424318e+00 -7.111377e+00 -2.401515e+00 -3.666901e+00 3.983409e-01 6.498548e-01 -4.915128e-01 -2.863886e+00 -2.159127e+00 1.245028e+00 2.504839e+00 -1.134160e+00 5.053032e+00 -1.118719e+00 -5.911549e+00 5.713265e-02 2.717755e+00 2.125747e+00 -1.510640e-02 1.301740e-01 3.353077e-01 2.744258e-01 6.773114e-01 -6.514662e-01 8.901201e-01 -1.351260e+00 -5.257150e-01 1.476641e+00 -4.856560e-01 -9.120054e-01 -1.446336e-01 -8.325526e-03 
2.639866e+00 -9.273699e-02 7.342254e+00 4.198312e+00 1.685367e+00 -1.198278e+01 4.459928e+00 -6.588925e+00 -1.364511e+01 -5.052983e+00 1.451198e+00 2.939550e+00 6.370478e-01 -4.157194e-01 -1.655064e+00 -1.458660e+00 1.889586e+00 1.543570e+00 5.167269e-01 2.408499e+00 -1.094649e+00 -2.951293e+00 -3.343746e-01 6.019983e-01 1.557323e+00 -2.701994e-02 -1.096472e-02 7.793721e-01 4.228679e-01 1.998235e-01 -1.096156e+00 1.294449e+00 -2.102729e+00 -9.757896e-02 2.092796e+00 -2.718570e-01 -1.100816e+00 -4.817015e-01 -1.655482e-02 
4.091650e+00 -1.733873e+00 6.890951e+00 1.127996e+01 3.701691e-01 -7.417293e+00 7.072482e-01 -6.745248e+00 -1.018232e+01 -4.361215e+00 -1.269395e+00 4.040793e+00 6.116974e-01 -2.150100e-01 -5.194106e-01 -1.093535e+00 2.122795e+00 -2.551474e-01 2.649123e+00 -4.769853e-02 -1.173387e+00 -1.244189e+00 -8.226316e-02 -2.160070e-01 2.156489e-01 -5.064567e-02 -3.359697e-01 5.915720e-01 4.303431e-02 -7.641023e-01 -9.588725e-01 7.730221e-01 -1.488815e+00 5.008459e-01 1.576100e+00 -1.136849e-01 -6.907949e-01 -4.878219e-01 -2.624583e-02 
2.754441e+00 -1.915459e+00 6.155083e+00 1.224465e+01 2.341361e-01 -2.362768e+00 2.686502e+00 -6.589290e+00 -1.248566e+01 -3.310280e+00 -2.184659e+00 1.819097e+00 5.465207e-01 -1.006281e+00 -2.940766e-02 -1.063938e+00 3.629891e-01 -9.369747e-01 2.916607e+00 -1.390739e+00 -5.436924e-01 2.475377e-01 -4.975520e-01 -7.564341e-01 2.363717e-01 -7.875715e-02 -5.002701e-01 2.279623e-02 -2.547871e-01 -1.137311e+00 -5.965006e-01 8.461712e-02 -5.138602e-01 6.348167e-01 8.515586e-01 5.135916e-02 -7.558544e-02 -1.884223e-02 -2.999252e-02 
1.782782e+00 -6.748402e-01 4.405005e+00 9.089204e+00 -9.704711e-02 -2.040078e-01 2.179284e+00 -8.290988e+00 -1.391189e+01 -3.684037e+00 -2.928930e+00 2.036680e+00 4.419040e-01 -1.875932e+00 -7.188483e-01 -2.141332e+00 -1.812201e+00 -1.049367e+00 1.530988e+00 -4.913937e-01 1.109995e+00 3.696687e-01 -4.296328e-01 -5.709452e-02 3.470933e-01 -1.204657e-01 -4.495575e-01 -2.996355e-01 -2.592392e-01 -8.096610e-01 7.798135e-02 -5.431859e-01 2.969734e-01 4.498617e-01 6.101567e-02 4.144485e-03 2.944447e-01 4.695860e-01 -2.125919e-02 
-1.237843e+00 -7.692817e-01 3.265855e+00 7.109239e+00 -2.765583e+00 -1.006579e+00 -3.229206e+00 -8.534765e+00 -1.054304e+01 -7.879170e+00 -1.501136e+00 5.123218e+00 3.281521e-01 -2.086575e+00 -1.441325e+00 -2.208733e+00 -1.829410e+00 -1.041747e+00 1.498857e+00 6.087353e-02 9.377312e-01 4.997598e-01 9.613185e-02 1.445543e-01 1.397347e+00 -1.420723e-01 -5.935059e-02 -2.722205e-01 -1.929495e-02 4.630020e-02 5.996748e-01 -4.452932e-01 6.823506e-01 -1.773470e-01 -6.855262e-01 1.100665e-01 4.799928e-01 3.934025e-01 -1.652037e-03 
-3.291768e+00 -5.901320e+00 -2.370764e+00 4.787044e+00 -3.377095e+00 -4.401453e-01 1.208494e+00 -2.226774e-01 -9.305212e+00 -4.225031e+00 -1.896221e+00 4.124298e+00 1.185674e-01 -1.922741e+00 -1.311619e+00 -1.817330e+00 -8.292828e-01 1.869487e-01 6.421130e-01 7.115220e-01 3.352686e-01 -1.065200e+00 -3.584197e-01 8.056179e-01 1.983190e+00 -1.252815e-01 3.152565e-01 2.246703e-01 5.225127e-01 6.539705e-01 6.250670e-01 -3.749190e-01 4.313142e-01 -3.941581e-01 -6.434932e-01 8.542245e-02 5.515115e-01 6.386442e-02 2.238227e-02 
-5.141343e+00 -6.508751e+00 -1.500616e+00 5.248309e+00 -3.335141e+00 5.249338e+00 3.475814e+00 -5.934846e+00 -1.229080e+01 -2.559025e+00 -1.978117e+00 7.762437e+00 -2.158960e-03 -1.279791e+00 -1.094111e+00 -1.322383e+00 1.030772e-01 1.443193e+00 1.134701e+00 1.419592e+00 -1.043042e+00 -2.462770e+00 1.714529e-02 1.212235e+00 1.385434e+00 -8.461324e-02 4.776532e-01 4.229282e-01 5.654226e-01 5.840882e-01 1.146105e-01 -7.550890e-01 7.519291e-02 3.068205e-01 7.296484e-02 7.775080e-02 4.381928e-01 -5.896953e-01 3.380214e-02 
-5.878891e+00 -4.363211e+00 -2.298733e+00 5.873248e+00 1.122165e+00 -1.216801e-01 2.384652e+00 -7.914938e+00 -1.836344e+01 -8.136198e+00 1.337802e+00 1.063335e+01 -1.935790e-02 -7.029721e-01 2.308925e-01 2.802498e-02 4.914022e-01 8.334610e-01 -1.614480e-01 9.858918e-01 1.296542e-01 -1.366320e+00 3.697428e-02 2.166747e+00 6.723506e-01 -3.727789e-02 4.444970e-01 1.289377e-01 3.274701e-01 4.041704e-01 -5.130070e-01 -5.150905e-01 -1.909305e-01 8.373639e-01 1.187400e+00 5.083107e-01 1.255973e-01 -8.265809e-01 2.843915e-02 
-6.342649e+00 -7.008862e+00 -3.382305e+00 7.081463e+00 2.200894e+00 4.507403e+00 3.280553e+00 -9.903776e+00 -1.832801e+01 -5.837910e+00 2.942889e+00 8.795856e+00 -2.594585e-02 -3.082208e-01 -9.780852e-02 -3.042754e-01 4.305187e-01 -7.919050e-01 -1.874936e+00 2.995753e-01 2.574589e+00 1.015121e+00 2.872411e-01 1.654949e+00 -8.956718e-01 -1.706403e-02 2.365171e-01 -9.849439e-02 1.866142e-01 3.092625e-01 -5.702810e-01 -4.133974e-01 -4.179587e-01 7.857214e-01 1.258533e+00 4.180579e-01 -1.229415e-01 -2.191663e-01 1.673870e-02 
-6.205754e+00 -4.496717e+00 -1.289860e+00 6.327569e+00 -1.977990e+00 -8.764327e-01 6.236110e+00 2.410036e+00 -1.311852e+01 -2.400767e+00 6.477050e+00 6.969338e+00 -5.595177e-02 -1.861623e-01 -1.165172e+00 -6.890394e-01 1.027841e+00 -1.260377e+00 -4.284706e-01 3.168214e-01 2.713196e+00 3.132968e+00 2.048069e+00 1.212338e+00 -1.009197e+00 -1.686267e-02 1.239340e-01 -1.127150e-01 -5.324213e-02 1.813263e-01 -4.505957e-02 -1.894222e-02 -5.419354e-01 -4.258678e-01 2.409561e-01 3.480652e-01 -1.528864e-01 2.376128e-01 7.850797e-03 
-6.518728e+00 -6.931162e+00 -3.526366e+00 7.174212e+00 -5.744324e+00 -3.748042e+00 3.048079e+00 1.775634e+00 -9.838238e+00 -3.990825e+00 3.726758e+00 5.115769e+00 -6.918037e-02 -3.554386e-01 -8.885756e-01 -3.070846e-02 1.381156e+00 -3.612387e-01 -7.987199e-01 -3.357868e-01 1.593841e+00 1.580062e+00 1.101943e+00 1.074794e+00 1.130254e+00 -1.112404e-02 1.363610e-01 5.128944e-01 -4.609536e-02 -8.848025e-02 5.956678e-01 2.483033e-01 -5.412138e-01 -1.322701e+00 -9.116466e-01 7.472954e-02 -4.677122e-02 3.220912e-01 4.525813e-03 
-6.721591e+00 -1.022803e+01 -5.671723e+00 1.096650e+01 -1.206924e+00 1.863551e+00 4.085486e+00 -1.887891e-01 -6.942827e+00 1.180417e+00 7.007129e+00 7.427634e+00 -8.204005e-02 -5.947718e-02 6.260645e-02 -3.749031e-01 9.228086e-01 3.928303e-01 -7.941957e-01 -1.406221e+00 -1.509244e+00 -4.440830e-01 1.369996e+00 1.692395e+00 8.473428e-01 -9.947286e-04 1.013011e-01 9.800245e-01 -2.901695e-01 -6.712302e-01 5.654847e-01 -8.931642e-02 -5.485606e-01 -1.174283e+00 -1.201098e+00 -5.568631e-01 -2.364864e-01 -2.553253e-01 2.699508e-03 
-7.861889e+00 -8.586036e+00 -1.344550e+00 1.166782e+01 9.109486e-03 -8.562205e-01 2.676854e+00 -6.351662e-01 -1.351574e+01 -2.119046e+00 8.051538e+00 1.421817e+01 -6.851279e-02 3.103725e-01 1.852780e+00 -6.918977e-01 4.065082e-02 1.359961e+00 -4.505379e-01 -1.545170e+00 -1.927714e+00 -1.754774e+00 9.998990e-01 1.181012e+00 -2.135225e-01 -2.365066e-03 4.847322e-02 7.936416e-01 -4.674329e-01 -7.261251e-01 3.802047e-01 2.581096e-01 4.677087e-03 -3.418206e-01 -5.849423e-01 -4.624929e-01 -4.880939e-01 -1.015751e+00 -2.287127e-03 
-5.832268e+00 -3.356550e+00 -4.255565e+00 8.695394e+00 -2.890173e+00 -6.293298e+00 -6.094976e-01 -3.930704e+00 -1.349910e+01 3.513499e+00 1.277680e+01 6.654922e+00 -6.125726e-02 -1.253158e-02 2.364400e+00 -1.809401e+00 -1.657915e+00 7.062687e-01 -1.049215e+00 -1.821303e+00 -1.397360e+00 -1.205070e+00 -6.852357e-01 -2.327893e-02 -1.613861e+00 -7.745735e-03 -1.644775e-01 1.428163e-01 -8.379167e-02 -4.145156e-01 2.341235e-01 2.992686e-01 3.735897e-01 6.158714e-01 2.535033e-03 -5.228590e-01 -5.032440e-01 -4.111149e-01 -5.793565e-03 
-5.412158e+00 -1.102832e+00 -7.694361e+00 8.512872e+00 1.897044e+00 -1.922043e+00 -2.330548e+00 -5.991691e+00 -1.533383e+01 -1.574764e-01 6.747489e+00 4.434402e+00 -9.140372e-02 -1.366313e-01 1.928719e+00 -1.650535e+00 -9.591200e-01 1.382967e+00 6.192148e-01 -1.049242e-01 -1.711182e-01 -9.642200e-01 -1.828574e-01 -5.077962e-01 -2.717873e+00 -1.918385e-02 -2.491924e-01 -4.689146e-01 5.979346e-01 1.475610e-01 -4.688885e-02 9.133559e-02 6.361053e-01 9.653000e-01 4.313696e-01 -1.005335e-01 -5.788343e-02 3.453650e-01 -3.937018e-03 
-8.009697e+00 -2.147699e+00 -1.154400e+01 4.254358e+00 1.380246e+00 -2.849339e+00 -2.517539e+00 -4.496965e+00 -1.205945e+01 -3.226475e+00 7.542608e+00 4.250143e+00 -1.093054e-01 -6.584758e-01 7.386330e-01 -3.145100e-01 -6.499554e-01 1.551922e+00 1.672522e-01 -2.583753e-01 6.918302e-01 -8.263962e-01 -6.529559e-01 2.059835e-02 4.396034e-02 -2.155538e-02 -6.040820e-02 -5.104036e-01 1.001522e+00 4.828274e-01 -6.600919e-02 1.900766e-01 6.518484e-01 7.688972e-01 5.755328e-01 3.288417e-01 1.494045e-01 5.890959e-01 9.026122e-05 
-7.456659e+00 4.533068e-01 -5.953176e+00 9.092676e+00 4.788699e+00 5.182080e-01 3.106427e+00 -1.207622e+00 -1.905750e+01 3.367510e-01 8.129385e+00 1.831642e+00 -1.404005e-01 -6.127549e-01 3.211328e-01 1.550300e+00 2.743342e-01 7.027518e-01 -6.019615e-01 8.538023e-01 1.854123e+00 2.127406e-01 4.810514e-01 8.696185e-01 6.844639e-01 -1.514555e-02 6.243373e-02 -3.259265e-01 6.431292e-01 2.297280e-01 -3.852623e-01 8.108824e-02 2.041549e-01 1.985613e-01 8.854380e-01 1.940103e-01 -1.505929e-01 3.980733e-01 4.492210e-03 
-8.102448e+00 -4.417414e-01 -6.698381e+00 5.156056e+00 3.423919e+00 -6.677330e+00 -4.619921e+00 -2.863408e+00 -1.576970e+01 1.155276e-03 1.218868e+01 8.176432e+00 -1.445465e-01 -7.662253e-02 6.161323e-01 1.597785e+00 1.395123e-01 7.163796e-01 5.117409e-01 9.588467e-01 1.434429e+00 1.084033e+00 6.269032e-01 3.501665e-02 -3.695939e-01 -9.306241e-03 1.220303e-01 1.492846e-02 8.474337e-02 3.513869e-02 -5.879204e-01 4.784955e-01 2.345915e-01 -8.602156e-02 8.270980e-01 2.094128e-01 -5.345133e-01 -5.124648e-01 5.234829e-03 
-8.429311e+00 -3.498755e-01 -2.365428e+00 9.433913e+00 4.389500e+00 -3.017938e+00 2.989270e+00 2.462144e+00 -1.241480e+01 6.338111e-01 8.772410e+00 5.893578e+00 -1.495182e-01 -1.155398e-01 3.602666e-01 6.089974e-01 -2.052567e-01 -1.256105e-01 8.524442e-01 3.072184e-01 4.504168e-01 2.507757e+00 1.473183e-01 -1.268024e+00 -5.207599e-01 -2.851675e-03 6.428456e-02 2.044389e-01 -3.416907e-01 -3.164136e-01 -5.904902e-01 3.527449e-01 -1.734164e-01 -4.085683e-01 1.579445e-01 -1.654611e-01 -5.930785e-01 -4.851241e-01 3.736150e-03 
-7.906033e+00 1.334618e+00 -5.348475e+00 4.781092e+00 5.162472e+00 1.477547e+00 2.335033e+00 8.402466e-01 -9.961162e+00 -2.405335e-01 7.395914e+00 3.708980e-01 -1.512926e-01 -2.969267e-01 7.937306e-01 5.797690e-01 -2.343336e-01 -9.734619e-01 1.832451e+00 1.187554e+00 9.636370e-01 2.161833e+00 5.608944e-01 -1.583153e+00 -1.915692e+00 -1.526084e-03 -8.214218e-02 8.148681e-02 -2.288947e-01 -2.559379e-01 -6.248109e-01 -2.993193e-01 -2.415707e-01 -3.322382e-01 -4.177945e-01 -1.005039e-01 -3.727416e-02 1.805154e-01 2.111461e-03 
-8.132208e+00 1.366385e+00 -3.583279e+00 8.253968e+00 3.291700e+00 7.030755e-01 1.164847e+00 -8.078868e-01 -9.422768e+00 1.194260e+00 4.185740e+00 3.130474e+00 -1.512926e-01 -1.812636e-01 1.254577e+00 3.509206e-01 -1.120764e+00 -1.404861e+00 5.013075e-01 -1.278537e-01 4.673522e-02 4.638256e-01 -3.132281e-01 -1.286799e+00 -9.681514e-01 -3.515093e-04 -6.950369e-02 -6.453107e-02 -1.001941e-01 -2.512698e-01 -2.044248e-01 -6.761979e-01 -2.691867e-01 -1.919766e-01 -5.931662e-01 -3.577932e-04 5.951204e-01 4.070124e-01 7.236715e-04 
-9.735768e+00 2.668819e+00 -3.191113e+00 4.573771e+00 -8.948108e-01 6.246917e-01 2.230281e+00 3.589565e+00 -6.457037e+00 2.525793e+00 6.566147e+00 -2.035875e-02 -1.512926e-01 -4.545006e-01 5.764443e-01 5.823507e-01 -6.823553e-01 -1.768121e+00 -8.092457e-01 -3.162829e-02 -2.486267e-02 1.714910e-02 3.546992e-01 -1.420484e-01 7.568434e-01 8.630151e-07 3.149850e-02 -2.805280e-01 -1.030938e-01 3.303275e-02 2.557265e-01 -7.552247e-01 -2.127084e-01 -1.622785e-01 -2.632285e-01 5.864574e-02 6.662838e-01 5.027251e-01 3.406011e-04 
-8.420878e+00 5.256088e+00 -1.690030e+00 3.933457e+00 3.936888e-01 -8.519962e-02 2.402110e+00 1.321241e+00 -1.184796e+01 -2.315465e+00 2.752997e+00 1.248678e+00 -1.512926e-01 -3.842863e-01 1.461952e-01 1.066743e-01 -1.237546e+00 -7.502891e-01 -1.207656e+00 -4.290726e-01 -1.527549e-02 6.141582e-01 2.486372e-01 9.870396e-01 1.780076e-01 8.630151e-07 4.805017e-02 -3.269039e-01 -4.137966e-02 3.535926e-01 6.060773e-01 -1.028212e-01 2.530240e-01 4.177131e-01 3.643137e-01 3.703989e-01 3.265538e-01 -1.054950e-01 7.009962e-05 
-1.003436e+01 2.271735e+00 -3.383194e+00 3.529230e+00 -2.229079e+00 -2.174942e+00 1.558125e+00 -3.487561e-01 -8.662682e+00 3.287898e+00 7.402214e+00 5.096167e+00 -1.512926e-01 -3.797746e-02 -5.479469e-02 1.864301e-01 -1.085684e-02 -2.215676e-02 -1.089195e+00 2.748820e-01 1.830976e-01 7.704039e-01 5.732134e-01 6.113338e-01 2.473923e-02 8.630151e-07 9.902719e-02 -1.280107e-01 -3.285625e-02 3.285319e-01 6.060773e-01 3.804670e-01 2.868060e-01 6.156154e-01 3.771766e-01 1.888564e-01 -2.345159e-01 -4.598370e-01 -4.659745e-07 
-9.904408e+00 2.296205e+00 -2.953234e+00 2.588350e+00 2.074380e-01 -3.935374e+00 -6.444148e-01 1.084752e+00 -5.248737e+00 2.056258e+00 8.703563e+00 1.462340e+00 -1.512926e-01 -1.492862e-01 -6.421782e-02 3.418847e-01 3.114814e-01 7.525737e-01 1.271803e-01 9.841280e-01 2.031282e+00 1.908701e+00 1.429483e+00 -3.064368e-02 -1.129529e+00 8.630151e-07 8.759791e-03 -9.937402e-02 -9.365616e-03 4.178590e-01 9.762434e-02 3.646549e-01 2.306557e-01 4.710015e-01 6.410839e-02 8.376372e-02 -4.668063e-01 -2.895515e-01 -4.659745e-07 
-9.183722e+00 3.874666e+00 -1.627337e+00 5.192263e+00 -9.119738e-01 -2.896172e+00 5.127489e+00 4.623338e+00 -5.904150e+00 3.205963e+00 6.648044e+00 -3.500994e-03 -1.512926e-01 -7.689468e-02 4.154298e-02 3.004855e-01 1.859167e-01 5.107910e-01 4.255957e-01 6.958437e-01 2.029956e+00 1.255744e+00 7.086565e-01 -8.057052e-01 -8.886641e-01 8.630151e-07 -9.848233e-02 -4.708515e-02 -2.093519e-02 9.129721e-02 -3.859591e-01 1.076906e-01 -2.793541e-01 -2.263197e-01 -3.484191e-01 -2.239314e-01 -1.170624e-01 1.329208e-01 -4.659745e-07 
-9.592424e+00 4.133522e+00 -8.581209e-01 4.659576e+00 3.498293e+00 9.116061e-01 5.537766e+00 8.991638e+00 -3.683476e+00 4.873092e+00 2.976638e+00 -1.849229e+00 -1.512926e-01 -3.211479e-01 -3.989053e-01 2.853505e-03 7.533317e-01 -5.285817e-01 -1.417813e-01 5.137797e-01 1.416274e+00 6.919399e-01 5.997618e-01 -6.383907e-01 -8.129809e-01 8.630151e-07 -5.041375e-02 3.095720e-02 -2.573876e-02 2.067787e-02 -4.967613e-01 -2.597550e-01 -4.392774e-01 -9.638357e-01 -7.909600e-01 -4.613674e-01 2.001847e-01 3.329630e-01 -4.659745e-07 
-1.057400e+01 1.560848e+00 -2.928334e+00 3.423090e+00 -1.321344e+00 -2.470237e+00 1.946809e+00 5.847322e+00 -3.166553e+00 5.422690e+00 6.236760e+00 2.308756e+00 -1.512926e-01 -4.445672e-01 -1.228630e-01 2.512490e-01 2.247254e-01 -1.311225e+00 -4.162829e-01 -8.866822e-01 -6.408901e-01 -3.633446e-01 -1.315392e-01 3.299176e-01 5.309953e-01 8.630151e-07 3.075817e-02 1.659798e-01 4.801362e-02 -4.523265e-03 2.850366e-02 -1.318328e-01 -1.675783e-01 -8.627450e-01 -7.016224e-01 -3.156950e-01 1.799954e-01 2.214870e-02 -4.659745e-07 
-1.081456e+01 1.458251e+00 -2.288507e+00 7.239682e+00 -2.230985e+00 -4.857247e+00 3.514866e+00 7.553758e+00 -3.157428e+00 3.947117e+00 5.717030e+00 -3.758861e+00 -1.512926e-01 -2.175954e-01 1.726908e-01 2.378795e-01 3.955078e-01 -8.201863e-01 -7.506152e-01 -4.208415e-01 -1.452333e+00 -1.236456e+00 -4.571694e-01 4.023203e-01 -1.744796e-01 8.630151e-07 1.254676e-01 2.090326e-01 2.297061e-02 -1.788955e-01 5.603889e-01 1.314088e-01 5.695719e-02 -4.339141e-01 -3.923498e-01 -1.314866e-01 -3.659580e-02 -1.242187e-01 -4.659745e-07 
-1.079522e+01 4.597573e+00 3.441680e-01 5.025612e+00 -4.603935e+00 -2.093107e+00 1.705604e+00 2.137837e+00 -7.983650e+00 3.011415e+00 6.927483e+00 3.606411e+00 -1.512926e-01 2.529704e-02 5.855349e-01 4.230235e-01 3.421012e-01 7.988788e-01 7.076574e-02 3.252485e-01 -8.494623e-01 -1.288083e+00 -3.413576e-01 -4.261616e-01 -1.097093e+00 8.630151e-07 1.320776e-01 9.492554e-02 -6.448952e-02 -1.444633e-01 7.097366e-01 2.398543e-01 2.772290e-01 7.870805e-02 -4.589424e-02 8.622219e-02 -2.391998e-01 -2.747738e-01 -4.659745e-07 
-1.057004e+01 3.478441e+00 -1.304978e+00 5.835553e+00 1.038892e+00 -3.030263e+00 3.553918e+00 3.584828e+00 -7.457603e+00 3.792975e+00 4.642922e+00 -3.370740e+00 -1.512926e-01 7.142620e-02 2.920874e-01 3.180531e-02 -1.997974e-01 1.218262e+00 2.717714e-01 1.925710e-01 -6.490494e-01 -8.072919e-01 4.731697e-02 -4.432768e-01 -6.200690e-01 8.630151e-07 6.243373e-02 -5.449533e-03 -8.033545e-02 -1.732445e-01 4.495867e-01 2.245851e-01 1.094341e-01 1.806765e-01 1.339056e-01 1.397756e-01 -1.708468e-01 -4.143153e-02 -4.659745e-07 
