-6.442584e+00 3.446937e+00 1.990535e+00 2.650277e+00 -9.538449e+00 1.895614e+00 -4.333326e+00 5.287280e+00 3.237304e-01 -1.220356e+00 -3.014692e+00 -5.552601e-01 -1.512926e-01 2.512459e-01 -2.971882e-01 4.837292e-01 8.541573e-01 5.524824e-01 -1.928817e+00 -9.648152e-01 -1.670838e+00 -7.359131e-01 1.213267e+00 9.528832e-01 9.775859e-01 1.023670e-06 -2.208385e-01 -8.569699e-01 -8.207892e-02 1.526594e-01 6.834818e-01 -3.096585e-01 4.843080e-01 1.086843e+00 -6.894769e-01 -3.581238e-01 -3.356162e-01 -5.233477e-01 3.972341e-04 
-5.124924e+00 4.304607e+00 5.261487e+00 1.581704e+00 -1.075361e+01 2.356876e-01 -6.151955e+00 3.055471e-01 1.264013e+00 3.344820e+00 -4.228859e+00 3.225451e+00 -1.512926e-01 7.120251e-03 -2.169279e+00 4.196835e-01 1.294251e+00 1.800674e+00 -2.969926e+00 -1.529132e-01 5.015721e-01 -1.980344e+00 4.000388e-01 2.415831e-01 -2.537923e-01 1.023670e-06 -4.845474e-01 -9.230589e-01 -3.359016e-01 4.924877e-02 1.042126e+00 4.869766e-02 6.543341e-01 1.443825e+00 -4.734108e-01 -2.411421e-01 -3.782593e-01 -4.001362e-01 4.151359e-04 
-5.844857e+00 1.532046e+00 2.773732e+00 7.455060e+00 -6.168270e+00 -6.918807e+00 -8.247697e+00 -5.755850e-01 -3.825854e+00 2.563567e+00 2.356995e+00 2.442903e+00 -1.512926e-01 -7.309012e-01 -3.646258e+00 1.051524e-01 1.397451e+00 3.345861e+00 -2.956633e+00 1.050827e+00 2.677189e+00 -3.561060e+00 -1.707249e-01 -3.696609e-01 -1.023352e+00 1.982016e-03 -4.738046e-01 -1.519545e-01 -3.455503e-01 -3.749316e-01 6.044827e-01 9.247269e-01 6.079943e-01 8.334833e-01 2.349470e-01 -1.895623e-01 -4.063584e-01 1.234734e-01 1.161759e-04 
-6.705721e+00 -6.442067e+00 3.697811e+00 6.718898e+00 -2.219882e+00 -8.546841e+00 -3.140554e+00 1.072660e+01 -7.503193e+00 -1.112139e+00 -4.492427e+00 -3.323031e+00 -1.512926e-01 -1.680240e+00 -3.238018e+00 -1.006610e+00 8.286209e-01 4.366574e+00 -1.171400e+00 1.299122e+00 3.374349e+00 -1.690343e+00 6.995798e-01 -2.771766e-01 -2.247387e-02 1.080353e-03 -1.893903e-01 1.251621e+00 -2.780093e-01 -8.403059e-01 -2.461271e-01 1.351384e+00 8.667198e-02 -8.695580e-01 1.052694e+00 -3.714055e-02 4.806200e-02 9.714648e-01 -3.922351e-04 
-9.307040e+00 -9.410595e+00 3.298450e+00 7.069144e+00 2.923938e+00 -8.496187e+00 -5.851411e-01 1.346261e+01 -1.309791e+01 1.542545e-01 -4.730980e+00 -2.397963e+00 -1.413843e-01 -1.274187e+00 -5.227206e-01 -5.307859e-01 -7.876712e-01 2.292101e+00 1.795528e+00 1.349234e+00 1.060176e+00 2.938565e-01 1.157123e-01 -8.194630e-01 1.479253e+00 4.544053e-05 3.247640e-01 1.899865e+00 -1.043325e-01 -8.954441e-01 -1.221712e+00 9.632456e-01 -2.799147e-01 -1.903017e+00 1.413736e+00 -3.226837e-01 4.692911e-01 1.060763e+00 -1.009847e-03 
-1.179552e+01 -6.413764e+00 -3.421050e-02 5.917848e+00 6.533029e+00 -4.832642e+00 -3.488071e+00 1.015802e+01 -2.551810e+00 8.047034e+00 -2.070539e+00 5.533311e+00 -1.508534e-01 -6.681059e-01 2.527202e+00 -6.522958e-01 -1.814634e+00 1.096955e+00 1.410928e+00 1.313053e-01 -3.037681e+00 1.355617e+00 7.094821e-02 7.067991e-01 3.352045e+00 -9.894724e-04 6.816173e-01 1.395911e+00 1.232128e-01 -4.697735e-01 -1.663912e+00 2.105773e-01 -3.504040e-01 -1.442567e+00 7.225362e-01 -3.037206e-01 7.024361e-01 6.383630e-02 -4.405699e-04 
-9.670702e+00 -1.095779e+00 1.985490e+00 3.917310e+00 9.157705e-01 2.015435e-01 -1.327656e+00 5.009798e+00 -4.832398e+00 -1.437355e+00 -2.951250e+00 5.411338e+00 -1.512926e-01 3.868909e-01 2.970765e+00 -5.936528e-01 -1.758056e+00 -1.127780e+00 5.684135e-01 2.350006e-01 -3.631886e+00 1.984647e+00 -1.469850e+00 1.484894e+00 2.593130e+00 -2.028827e-03 5.639865e-01 2.139640e-01 -8.626687e-02 2.463835e-01 -1.040675e+00 -2.149925e-01 -4.468741e-01 -1.538077e-01 1.636876e-01 3.994759e-01 7.175297e-01 -8.594889e-01 8.216251e-05 
-9.863867e+00 2.036115e+00 1.092459e+00 -7.785664e-01 4.268854e+00 -5.841205e+00 -2.113150e+00 -2.354571e-01 -4.857991e+00 3.869114e-02 -1.848234e+00 9.532611e+00 -1.512926e-01 8.973674e-01 1.995021e+00 -3.591788e-01 -1.034953e+00 -2.243035e+00 4.950988e-01 1.041363e-01 -1.492298e+00 1.076974e+00 -2.640702e-02 2.082887e+00 -2.600699e-01 -8.781005e-05 2.736907e-01 -6.718809e-01 2.378096e-03 7.836077e-01 -6.174177e-01 3.537799e-01 -2.926070e-01 1.029491e+00 -9.923519e-02 5.551003e-01 8.865357e-02 -1.414439e+00 4.008145e-04 
-8.338752e+00 1.217853e+00 -2.333086e-01 1.627240e+00 -1.582932e+00 -5.150069e+00 -9.722618e-02 4.999545e-01 -2.021717e+00 -3.190584e+00 2.582136e+00 8.568635e+00 -1.512926e-01 7.631336e-01 8.131250e-01 -1.108867e+00 5.432819e-02 -1.241359e+00 1.178396e+00 -8.715348e-01 -4.815716e-01 1.251694e+00 2.161843e+00 2.080092e+00 -1.012025e+00 1.023670e-06 -5.711572e-02 -6.975045e-01 -1.396312e-02 6.513507e-01 1.022266e-01 4.939539e-01 -1.737762e-01 9.778080e-01 -2.980584e-01 6.419095e-01 -5.421643e-01 -8.874701e-01 4.151359e-04 
-7.974597e+00 2.404405e+00 -7.203808e-01 1.887932e+00 -3.432848e+00 3.186089e-01 -3.582625e+00 4.951238e+00 1.427739e+00 8.791840e+00 5.577324e+00 2.654060e+00 -1.512926e-01 5.123051e-01 2.465589e-01 -3.829503e-01 1.197259e+00 -1.933313e+00 2.874804e+00 -7.785562e-01 5.345004e-01 1.225855e+00 1.030693e+00 8.524665e-01 -1.917374e+00 1.023670e-06 -1.436583e-01 -4.151123e-01 -1.379889e-02 3.215332e-01 4.379344e-01 -8.029348e-02 4.143960e-02 3.342711e-01 -3.976182e-01 -2.927641e-01 -9.903566e-01 1.793307e-01 1.771605e-05 
-6.799840e+00 2.785592e+00 -2.652369e+00 2.855947e+00 -1.440024e+00 3.013738e+00 -4.950588e+00 8.318201e-03 -1.717054e+00 4.995201e+00 3.736731e+00 3.790284e+00 -1.512926e-01 2.939326e-01 3.573714e-01 -6.516082e-01 3.826705e-01 -7.716425e-01 1.848298e+00 -1.924593e-01 2.435984e-01 4.199276e-01 1.211069e+00 -6.107873e-01 -1.015437e+00 1.023670e-06 -9.762630e-02 -1.192095e-01 2.550922e-01 -9.067222e-02 3.111672e-01 -7.884634e-01 2.966490e-01 1.123707e-01 -5.390780e-01 -8.027048e-01 -7.688982e-01 5.676019e-01 -1.857486e-07 
-8.071672e+00 2.485013e+00 3.872719e-01 4.593516e+00 -5.469071e+00 4.450791e+00 -3.579350e+00 2.683378e+00 1.119219e+00 1.099388e+00 1.836821e+00 2.334483e+00 -1.512926e-01 4.138787e-01 1.474685e-01 -6.567162e-01 4.084412e-01 -2.881300e-01 -2.412706e-01 -2.808647e-02 -1.837205e-01 -4.953180e-01 -1.014734e+00 -1.523281e+00 6.383188e-01 1.023670e-06 -5.039396e-02 6.321732e-02 2.828887e-01 -3.803070e-01 4.153047e-01 -1.048309e+00 1.278156e-01 -2.303111e-01 -4.376964e-01 -5.833641e-01 -3.670490e-01 6.091273e-01 -1.857486e-07 
-6.820536e+00 2.964363e+00 -4.045280e+00 2.187710e+00 -4.423123e+00 2.025062e+00 -1.060776e+00 2.851910e+00 2.322264e-01 6.711133e+00 1.398400e+00 3.650825e+00 -1.512926e-01 3.240955e-01 2.665646e-01 3.033797e-01 -4.593024e-03 -5.081223e-01 -1.205842e+00 2.365100e-01 4.394574e-01 -5.831513e-01 -8.289061e-01 -5.764437e-01 5.481115e-01 1.023670e-06 -3.617024e-02 7.539685e-02 3.875875e-01 -3.585924e-01 2.122007e-01 -3.686403e-01 -9.349088e-02 -1.839392e-01 -4.771826e-02 -5.963012e-01 -5.730021e-02 -6.625239e-02 -1.857486e-07 
-5.894627e+00 3.052494e+00 -3.307491e+00 4.264141e+00 -3.381998e+00 -3.935387e-01 -5.667724e+00 2.610858e+00 -2.023470e+00 2.859963e+00 -8.702981e-01 5.915404e+00 -1.512926e-01 2.450722e-01 6.079109e-01 5.539634e-01 -5.107532e-01 1.143175e-02 -8.396714e-01 -3.539642e-01 -7.148490e-01 -4.609608e-01 -8.661948e-01 -9.999246e-01 3.465438e-01 1.023670e-06 2.672619e-02 7.340021e-02 6.367821e-02 -3.696094e-01 3.470061e-01 3.172027e-01 2.981207e-02 1.763107e-01 1.919456e-01 -2.171221e-01 1.748191e-01 -4.682779e-01 -1.857486e-07 
-6.267651e+00 3.834930e+00 7.121161e-01 2.997487e+00 -5.024127e+00 -5.935253e-01 -2.723862e+00 2.241450e+00 -3.061567e+00 -2.940365e-02 2.208189e+00 4.740271e+00 -1.512926e-01 1.974465e-01 5.042879e-01 6.809742e-01 -9.508467e-01 1.395556e-01 3.042591e-01 -4.969037e-01 -4.106903e-01 1.642835e-01 -1.844672e+00 -1.159023e+00 -1.200765e+00 1.023670e-06 1.468176e-01 -1.501575e-01 -4.581323e-01 -1.733212e-02 4.293842e-01 4.367971e-01 -1.414255e-02 3.922359e-01 3.142124e-02 -1.200728e-01 1.897661e-01 -2.735123e-01 -1.857486e-07 
-7.122602e+00 5.088834e+00 7.780941e-01 1.634829e+00 -5.111362e+00 1.562053e+00 -4.517522e+00 -5.857990e-01 4.611617e-01 1.387142e-01 -3.567617e+00 3.522732e+00 -1.512926e-01 6.109079e-01 3.955072e-01 -5.271513e-01 -9.664262e-01 1.123051e+00 5.896627e-01 4.876728e-01 1.122933e+00 9.064741e-02 -1.592533e+00 -3.578525e-01 -8.286083e-01 1.023670e-06 1.591208e-01 -6.786695e-01 -2.831006e-01 5.523044e-01 6.014158e-02 1.317537e-01 2.746717e-01 5.935970e-02 -8.682198e-02 3.469690e-01 4.643820e-01 4.325730e-02 -1.857486e-07 
-5.219535e+00 4.467256e+00 -2.683418e+00 -1.252138e+00 -2.860777e+00 2.568740e+00 -4.120887e+00 2.397044e+00 -1.884817e-01 -1.151696e+00 -3.048218e+00 -1.156816e+00 -1.512926e-01 8.753185e-01 -3.779923e-01 -1.446678e+00 1.365602e-01 1.083052e+00 2.634728e-01 -2.549481e-01 1.481722e+00 -7.018399e-01 -1.066182e+00 5.129608e-02 -2.319569e-01 1.023670e-06 -1.466591e-01 -1.070212e+00 2.500831e-01 7.238393e-01 -2.291804e-01 -1.337227e-01 2.264579e-01 -7.773761e-01 8.738660e-02 8.180141e-01 3.019058e-01 3.038546e-01 5.789255e-03 
-3.363774e+00 4.714454e+00 -4.245542e+00 1.556280e+00 1.151613e+00 9.737246e-01 -2.531070e+00 8.147895e+00 -3.006875e+00 -4.541461e+00 -3.162501e-02 4.721035e+00 -1.512926e-01 7.017494e-01 -2.344328e+00 2.022032e-01 1.707051e+00 -1.596853e-01 -1.606043e-01 8.983784e-01 -1.364113e+00 -4.620966e-01 4.794532e-01 7.167146e-01 7.837822e-02 1.023670e-06 -5.768515e-01 -9.659867e-01 7.684036e-01 4.214844e-01 -3.374650e-01 2.823459e-02 3.345130e-01 -1.000298e+00 3.661966e-01 9.731328e-01 -2.590491e-01 -1.090903e-01 1.450743e-02 
-3.770307e+00 2.132487e+00 -4.009574e+00 3.719609e+00 -2.740226e+00 1.017999e+00 -4.991520e+00 5.283535e+00 -4.836956e+00 -3.020206e+00 6.966693e-01 2.981069e+00 -1.512926e-01 -5.814977e-01 -3.476992e+00 1.566612e+00 1.331501e+00 -3.650257e-01 1.069825e-02 4.300140e-01 -3.053931e+00 8.776451e-01 1.209398e+00 -1.868556e-01 -1.350625e-01 2.894749e-02 -6.447892e-01 -2.339500e-01 7.302604e-01 -1.698135e-01 -3.933686e-02 3.439173e-01 6.352530e-01 -1.882291e-01 2.518087e-01 5.873377e-01 -4.979458e-01 -2.235873e-01 2.022526e-02 
-4.337975e+00 -5.465813e+00 2.452381e+00 7.684256e+00 -5.969689e+00 1.534288e+00 4.095176e-01 -8.849647e+00 4.751853e-01 3.470273e+00 -1.856229e+00 1.846156e+00 -1.512926e-01 -1.544771e+00 -2.884637e+00 1.808257e+00 5.433860e-01 1.596619e-01 8.572411e-01 1.817749e+00 -1.610647e+00 1.131869e+00 2.135284e+00 -1.534098e+00 -1.422667e+00 5.806719e-02 -3.844412e-01 7.448720e-01 7.324480e-02 -5.081999e-01 2.380047e-01 3.069517e-01 -9.208535e-02 8.358326e-01 -2.406526e-01 -1.873288e-01 -7.682666e-02 2.160789e-01 1.727326e-02 
-7.639515e+00 -7.827810e+00 1.800752e+00 2.341393e+00 -1.124836e+00 2.342113e+00 -3.440589e+00 -4.373509e+00 2.458473e+00 8.897348e-01 -3.069881e+00 -3.948159e-01 -6.568495e-03 -1.225150e+00 -1.277465e+00 1.401685e+00 -1.308695e-01 7.267009e-01 1.474071e+00 2.461807e+00 6.639683e-01 -2.397686e-01 1.042742e+00 -1.313073e+00 -5.993369e-01 7.208959e-02 1.208236e-02 1.098678e+00 -2.846608e-01 -3.535896e-01 -3.291197e-01 -4.768966e-01 -5.806546e-01 7.424250e-01 -6.516442e-01 -6.479232e-01 8.110955e-01 6.269765e-01 2.577673e-03 
-9.153296e+00 -4.728876e+00 1.890792e+00 4.962356e+00 1.142407e+00 4.597873e+00 5.782312e+00 4.923319e+00 -9.948389e-01 4.180041e+00 -5.818521e+00 -7.043376e-01 6.667194e-02 -8.986494e-01 2.801622e-01 6.509159e-01 -1.028731e-01 4.845703e-01 6.425338e-01 -5.779580e-01 9.562600e-01 -1.106744e+00 -3.737902e-01 8.957340e-01 1.390957e+00 6.479634e-02 5.043238e-02 6.256057e-01 -4.153906e-01 -5.515227e-01 -8.490903e-01 -8.882160e-01 -1.059087e+00 -2.592770e-02 -1.116060e-01 -5.996303e-01 1.282588e+00 7.329689e-01 -8.444463e-03 
-7.488729e+00 -4.623190e+00 3.279821e+00 4.426172e+00 -2.662634e+00 6.857009e+00 4.630882e+00 1.716788e+00 -5.300786e+00 1.838824e+00 -3.887407e+00 1.259027e+00 1.001739e-01 -8.441445e-01 4.341119e-01 7.220342e-01 -1.132986e-01 -2.173091e+00 -2.266488e+00 -1.275297e+00 -6.252585e-01 -1.261304e+00 -7.756114e-01 2.653838e+00 1.592934e+00 3.847491e-02 -2.017535e-01 7.220222e-02 -4.101351e-01 -6.548800e-01 -3.246654e-01 -5.337816e-01 -6.453514e-01 -2.346520e-01 7.553274e-01 1.204645e-01 5.991987e-01 1.229484e-01 -9.844383e-03 
-8.906420e+00 -5.666796e+00 4.967691e+00 6.127692e+00 -2.778364e+00 2.489571e+00 -6.515845e+00 -7.113939e+00 -1.178899e+00 1.127078e+00 3.031131e+00 7.973636e+00 1.193228e-01 -1.483210e+00 -6.125897e-01 7.126321e-02 -2.223100e+00 -2.635749e+00 -1.713506e+00 -1.609175e+00 -1.095662e+00 1.084545e+00 4.623564e-02 2.895415e+00 1.145991e+00 3.265186e-02 -2.485657e-01 -1.420378e-01 -3.927263e-01 -6.912308e-01 7.813730e-01 3.393743e-01 3.268465e-01 5.461016e-02 5.829405e-01 4.545534e-01 -4.369486e-01 -6.389471e-01 -4.310938e-03 
-1.198375e+01 -5.188163e+00 3.872846e+00 1.192374e+00 -1.002986e+01 -7.935999e+00 -3.668174e+00 -1.481231e+00 -3.756086e+00 -1.461937e+00 5.774613e+00 3.231134e+00 1.594830e-01 -1.941475e+00 -4.702058e-01 -3.591788e-01 -2.345159e+00 6.634946e-01 -1.669405e-02 -2.493633e-01 5.165395e-01 2.441229e+00 1.435065e+00 6.831823e-01 1.377431e-01 3.893685e-02 1.838401e-02 7.306743e-02 -3.153724e-01 -8.939489e-02 1.691322e+00 1.200377e+00 3.359185e-01 -5.473135e-02 1.072138e-01 2.974962e-01 -7.441329e-01 -5.207229e-01 1.217136e-03 
-1.432193e+01 -7.508960e+00 1.950172e+00 -4.535646e+00 -8.352662e+00 3.426844e+00 1.885951e+00 1.044023e+00 3.655388e+00 6.061549e+00 3.827767e+00 4.039475e+00 2.002756e-01 -1.592749e+00 2.196432e-02 -7.721359e-01 -2.443205e+00 2.973253e+00 1.214449e+00 5.433694e-01 6.584089e-01 -4.327944e-02 7.936811e-01 -3.036779e-01 -1.076167e+00 4.300543e-02 4.260705e-01 4.275385e-01 -1.170196e-01 8.665279e-01 9.296947e-01 5.383359e-01 2.425615e-03 -3.296939e-01 -5.527622e-01 -6.530221e-01 -4.094723e-01 -2.859017e-01 -7.395299e-04 
-1.448849e+01 -6.052999e+00 2.992623e+00 -1.967429e+00 3.442090e+00 6.304701e+00 -8.172281e-01 2.211109e-01 4.488390e+00 6.546971e+00 -8.697824e-01 3.915317e+00 2.543846e-01 -6.973869e-01 4.820941e-01 -4.331457e-01 -4.503092e-01 3.479118e+00 2.271469e+00 -6.719931e-01 -1.775823e+00 -1.612108e-01 3.381254e-01 5.327375e-01 1.004865e-01 3.938546e-02 7.404926e-01 2.075082e-01 -1.618028e-02 1.180326e+00 -8.176033e-01 -2.194967e-01 -2.304232e-01 -3.925103e-01 -4.726482e-01 -1.057401e+00 -1.342703e-01 -1.044705e-01 -6.931761e-03 
-1.561742e+01 -5.124393e+00 1.546931e+00 -4.508705e+00 5.351624e+00 1.441236e+00 -5.224426e+00 -4.673121e+00 -5.517451e+00 1.090911e+00 4.834846e+00 2.250982e+00 2.869027e-01 2.511217e-02 1.049129e+00 -4.769560e-01 1.162117e+00 6.049939e-01 -1.659418e-01 -1.385785e+00 -1.597925e+00 -3.779546e-01 -2.670477e+00 9.234072e-01 -2.649829e-01 2.872985e-02 8.115512e-01 -1.984763e-01 1.313834e-01 1.166860e+00 -1.516052e+00 -5.950931e-01 2.738435e-02 1.824902e-01 9.581742e-02 -5.311522e-01 -5.927572e-01 -7.323455e-02 -1.269793e-02 
-1.482308e+01 -3.969727e+00 1.908257e+00 -1.072652e+00 5.133479e-01 4.414395e+00 -3.472926e+00 -7.502073e+00 2.432647e-02 2.713884e+00 7.934738e+00 4.627916e+00 3.130964e-01 9.520488e-01 5.369202e-02 -5.877590e-01 1.753906e+00 -2.240361e+00 -4.240538e-01 -4.368299e-01 -3.177856e-01 2.453968e-01 -2.119764e+00 -6.017732e-01 -7.901234e-01 1.142060e-02 8.665256e-01 -2.414707e-01 1.350787e-01 4.658184e-01 -1.051017e+00 -6.866140e-01 4.511717e-01 1.010340e+00 -2.288748e-01 6.888464e-02 -9.155846e-01 -8.200163e-02 -1.407100e-02 
-1.402923e+01 -3.304799e+00 1.078361e-01 8.273284e-01 -3.863327e+00 3.542409e+00 -3.715246e+00 -3.084156e+00 3.997915e+00 -5.374139e+00 4.042336e+00 2.358528e+00 3.145721e-01 1.640328e+00 -7.560677e-01 -3.786985e-02 2.289000e+00 -1.747330e+00 -4.132781e-01 5.628406e-01 8.418664e-01 2.326193e-01 -6.331403e-01 -2.700248e+00 -9.971499e-01 -6.501605e-03 1.360034e+00 2.789215e-01 1.674737e-01 -3.944109e-01 1.357616e-01 6.224911e-02 4.574752e-01 8.095824e-01 -3.185211e-01 1.015062e+00 -4.772471e-01 -3.900621e-02 1.004630e-02 
-1.052220e+01 -6.694281e+00 7.738249e-01 4.133605e+00 -3.152292e+00 3.133806e+00 -3.755769e+00 -2.162168e+00 9.575973e-01 -8.194163e-01 -3.482255e+00 -8.966600e-02 2.976542e-01 2.827618e+00 1.776332e-01 2.273780e-02 1.315219e+00 -5.997769e-01 -1.037964e+00 6.094808e-01 2.055829e+00 -1.610839e+00 -3.360617e-01 -2.233320e+00 5.654285e-02 -1.335513e-02 1.745635e+00 9.092625e-01 -2.066089e-01 -1.190241e+00 8.566347e-01 1.090773e-01 1.937901e-01 1.866780e-01 -4.174466e-02 8.147271e-01 5.511702e-01 -4.754176e-01 4.253090e-02 
-9.566236e+00 -7.542636e+00 1.924945e+00 4.333203e+00 -1.551808e+00 1.543965e-02 -2.268693e+00 -3.133524e+00 -4.821179e+00 -3.082815e-01 -2.957955e+00 -3.760173e-01 2.621320e-01 5.887479e+00 2.381849e+00 5.515356e-02 -5.907596e-01 4.633946e-01 4.522983e-01 3.783928e-01 1.263198e+00 -1.042478e+00 1.512984e+00 -6.470238e-01 -8.831967e-01 9.135319e-02 1.450898e+00 7.332914e-01 -6.426485e-01 -1.658916e+00 9.553963e-01 -3.256026e-03 -2.670710e-02 -3.797427e-01 6.519122e-01 4.691761e-01 9.723260e-01 -1.149432e+00 6.141371e-02 
-2.915848e+00 -9.628648e-01 1.113805e+00 3.750345e+00 -3.641512e+00 9.879826e-01 -1.148781e+00 2.801861e+00 -3.620759e+00 -1.499517e+00 2.683064e-01 6.277387e+00 2.725497e-01 7.556671e+00 3.031095e+00 -1.667302e+00 -2.757491e+00 9.372818e-01 -3.113627e-01 6.242728e-01 4.050324e-01 6.742466e-01 8.807467e-01 1.127576e+00 -3.224357e+00 1.751456e-01 1.980709e-01 -3.274596e-01 -7.273108e-01 -1.299826e+00 9.869857e-01 -1.981018e-01 -8.812432e-02 -7.518409e-01 1.121115e+00 4.035560e-02 5.244634e-01 -1.551668e+00 4.706363e-02 
1.160502e+01 5.738715e+00 2.134007e-01 -1.935175e+00 -1.301937e+00 6.876895e+00 -3.127047e+00 7.495178e-01 1.074694e+00 2.530791e+00 -1.068103e+00 -5.240491e+00 7.838801e-01 6.530249e+00 1.483470e+00 -2.406087e+00 -3.969182e+00 2.261193e+00 -7.928427e-01 4.218633e-01 -2.316162e-01 2.349705e+00 1.104391e+00 4.809066e-01 -5.103972e+00 2.063174e-01 -1.541484e+00 -1.338228e+00 -4.161296e-01 -3.279365e-01 7.799907e-01 -4.679270e-01 -1.255624e-01 -4.590039e-01 6.631392e-01 -6.368824e-01 -5.660415e-02 -4.720577e-01 -9.020900e-03 
1.667559e+01 1.820444e+00 -6.707294e+00 -6.519488e+00 1.408935e+00 -1.853479e+00 -2.056972e-01 -2.078753e+00 1.381110e+00 2.164888e+00 1.210653e+00 -1.377901e+01 9.125120e-01 3.496847e+00 -1.010671e+00 -2.383199e+00 -3.494767e+00 3.436232e+00 -1.405947e+00 1.470030e-01 -9.559309e-01 2.298689e+00 7.006876e-02 -1.750472e-01 -5.591447e+00 1.644767e-01 -2.187432e+00 -1.198463e+00 2.691342e-01 6.012687e-01 3.742948e-01 2.330595e-01 -2.795314e-01 -1.790365e-01 3.769140e-02 -8.219629e-01 -3.659133e-01 1.054673e+00 -4.691721e-02 
1.328930e+01 -1.516732e+00 -6.195383e+00 -1.037789e+01 7.228720e+00 -2.528105e+00 -6.309854e-01 -1.851320e+00 4.426335e+00 3.381270e+00 -1.024519e+00 -1.586784e+01 9.737360e-01 2.099703e-01 -2.288219e+00 -1.667597e+00 -1.861841e+00 3.113890e+00 -1.340084e+00 -1.087940e-02 -3.514622e-01 1.460960e+00 -1.266169e+00 -2.787991e-01 -2.059986e+00 5.157788e-02 -1.589136e+00 -4.043304e-01 5.289513e-01 1.037956e+00 -2.375257e-01 6.388263e-01 -2.161549e-01 -5.651882e-02 -5.506439e-01 -7.673911e-01 -1.122161e-01 1.888700e+00 -5.590391e-02 
1.372589e+01 -2.388733e+00 -7.597996e+00 -9.502081e+00 9.274588e+00 -1.339442e+00 -1.662074e+00 -6.773850e-01 6.197166e+00 -1.574393e+00 -6.289089e-01 -1.636622e+01 9.999999e-01 -2.204246e-01 -1.075220e+00 -6.909983e-01 -8.047736e-01 2.382472e+00 1.127639e+00 -5.569775e-01 -4.301479e-01 1.307157e+00 -2.043868e+00 -3.220666e-01 5.269585e-01 1.792767e-02 -6.076396e-01 3.453433e-01 5.106393e-01 7.884510e-01 -4.786701e-01 5.781360e-01 5.945589e-02 -1.682606e-01 -6.193190e-01 -1.925964e-01 -1.586604e-02 1.842293e+00 -3.945932e-02 
1.412996e+01 -3.597855e+00 -7.678722e+00 -9.752907e+00 1.033500e+01 -8.061397e-02 -2.452889e+00 -1.708323e+00 5.971386e+00 -1.930407e+00 -1.542371e+00 -1.424679e+01 9.980324e-01 4.431597e-01 -5.056846e-01 -6.074049e-01 -1.245440e-01 1.600574e+00 1.134588e+00 -3.068712e-01 -7.769637e-01 9.216177e-02 -1.675642e+00 -6.754522e-03 1.280279e+00 7.209065e-05 4.725155e-02 5.668378e-01 2.966022e-01 4.086578e-01 -3.972135e-01 2.602131e-02 3.796602e-01 -2.927189e-01 -4.617178e-01 2.867925e-01 -5.773983e-02 9.195448e-01 -1.427508e-02 
1.515294e+01 -2.515198e+00 -9.420539e+00 -1.085563e+01 1.176803e+01 2.560485e+00 -2.079176e+00 -4.300990e+00 7.144460e+00 -5.398721e+00 -1.404565e-01 -1.195466e+01 9.900038e-01 3.420874e-01 -1.752788e-01 -3.600629e-01 -4.212586e-01 1.799498e+00 2.473596e-01 5.922737e-01 -1.584561e+00 -1.134136e-01 -6.882819e-01 -3.903933e-01 1.949805e+00 -7.070141e-03 4.640416e-03 2.498371e-01 2.196178e-01 1.738950e-01 -3.380794e-01 -6.103919e-01 4.422700e-01 6.579456e-02 -4.324430e-01 5.384127e-01 -1.106774e-01 1.225285e-01 -5.390416e-03 
1.479125e+01 -3.981907e+00 -8.321036e+00 -1.032324e+01 1.398486e+01 1.195098e+00 -1.956378e+00 -3.924432e+00 4.413363e+00 -3.084628e+00 -1.302272e+00 -1.167225e+01 9.790942e-01 1.651669e-01 9.604772e-02 -3.500434e-01 -1.033286e-02 1.419297e+00 -7.697808e-01 1.312707e+00 -1.237852e+00 -1.374541e-01 -5.100172e-01 -5.333564e-01 1.826436e+00 -7.301108e-03 -1.371766e-01 9.802550e-02 2.812464e-01 5.403876e-02 -4.579347e-01 -3.651457e-01 1.333951e-01 4.793108e-01 -2.476006e-01 4.394250e-01 -1.527710e-01 -2.714124e-01 -4.244583e-04 
1.510564e+01 -3.073364e+00 -9.077454e+00 -1.132313e+01 1.644718e+01 -7.402322e-01 1.051339e+00 -7.491859e+00 6.409273e+00 -4.438612e+00 -2.700834e+00 -7.904651e+00 9.741400e-01 -5.814455e-02 -1.268277e-01 2.783312e-01 7.589493e-03 7.826348e-01 -9.722018e-01 8.446441e-01 1.293117e-01 -7.403616e-01 6.523178e-02 -6.120492e-01 8.664984e-01 -5.333442e-03 -1.204323e-01 -2.290465e-02 3.397545e-01 3.141935e-02 -6.874058e-01 2.542215e-01 -4.997304e-01 7.844048e-01 -1.388897e-01 3.140995e-01 -6.780567e-03 -6.787402e-01 1.539369e-03 
1.497998e+01 -2.838705e+00 -9.600619e+00 -9.570765e+00 1.509218e+01 -2.278966e+00 2.545373e+00 -6.302263e+00 5.652349e+00 -4.960484e+00 -2.929328e+00 -7.140028e+00 9.694670e-01 -4.244572e-02 -3.992814e-02 4.796036e-01 -6.878552e-02 -1.805402e-01 -8.134793e-02 2.340949e-01 7.627530e-01 -8.324540e-01 1.447342e-01 -6.597337e-01 4.650007e-01 -2.921606e-03 -7.518043e-02 -1.050333e-01 3.380711e-01 -4.043053e-02 -6.865867e-01 6.590952e-01 -7.027224e-01 3.974962e-01 1.369123e-01 3.372346e-01 -7.041553e-02 -5.876046e-01 1.856230e-03 
1.476858e+01 -3.721095e+00 -7.388807e+00 -1.119411e+01 1.512813e+01 -5.635086e-01 -1.066406e-01 -2.465525e+00 2.823438e+00 -4.134587e+00 -2.387234e+00 -9.888125e+00 9.681494e-01 -1.562181e-01 -2.220108e-01 9.237977e-01 -2.348895e-01 -8.376296e-01 1.174267e+00 -1.367068e+00 1.337073e+00 -4.604876e-01 5.548222e-01 -3.611877e-01 -7.632386e-01 -1.566892e-03 -5.417495e-02 -6.087753e-04 2.574029e-02 1.207261e-01 -5.265918e-01 5.210957e-01 -2.999754e-01 -3.222887e-01 6.361945e-01 5.013217e-02 -5.180496e-02 -1.767070e-01 1.675422e-03 
1.474740e+01 -3.857592e+00 -6.767450e+00 -1.073117e+01 1.374157e+01 7.001969e-01 -2.069252e-01 -2.623842e+00 2.044076e+00 -2.512745e+00 -4.757543e+00 -8.355381e+00 9.674819e-01 -1.615099e-01 -3.815870e-01 1.017607e+00 -9.127633e-02 -1.203499e+00 1.452419e+00 -1.095076e+00 1.455621e-01 4.071501e-01 9.314031e-01 -1.010832e+00 -2.967806e-01 9.874077e-05 -6.959898e-02 5.949024e-02 -2.176536e-01 2.791152e-01 -2.768973e-01 1.687580e-01 5.783740e-02 -4.898503e-01 6.688162e-01 -1.986225e-01 1.009263e-01 4.887453e-02 1.424797e-03 
1.444040e+01 -3.673447e+00 -5.874808e+00 -1.191700e+01 1.293409e+01 3.641464e+00 -4.407414e+00 -2.645292e+00 5.910734e+00 -2.888255e+00 -3.592633e+00 -1.111310e+01 9.673061e-01 -2.694614e-01 4.103220e-02 1.380593e-01 6.223381e-01 -1.338895e+00 8.664054e-01 9.346457e-03 -1.173599e+00 1.820812e+00 -7.741518e-02 -6.955195e-01 3.637391e-01 1.533405e-03 -5.843606e-02 1.479416e-01 -4.196606e-01 3.527214e-01 -4.097520e-02 -1.431970e-01 3.398796e-01 -2.130493e-01 1.116199e-01 -2.833668e-01 2.216386e-01 2.122991e-01 9.844130e-04 
1.433593e+01 -4.770076e+00 -5.269752e+00 -9.665630e+00 1.017149e+01 2.880914e+00 -7.791609e-01 -5.484457e+00 6.144227e+00 -9.265031e-01 -7.380847e+00 -8.011322e+00 9.703981e-01 -3.338442e-01 1.260562e-01 -2.157636e-01 8.983189e-01 -1.314511e+00 9.164568e-01 -1.649883e-01 -4.311101e-01 1.371045e+00 -5.321793e-01 1.217502e-02 1.459314e-01 2.657152e-03 -2.188651e-02 1.401547e-01 -3.492045e-01 1.875199e-01 2.271507e-01 -3.397513e-01 1.871032e-01 4.165454e-01 -5.597525e-01 -1.424072e-01 3.959112e-01 -8.299907e-02 4.993928e-05 
1.362684e+01 -3.059751e+00 -7.447411e+00 -8.615272e+00 1.021883e+01 2.678301e+00 2.265496e-01 -6.903530e+00 9.877661e+00 -5.314803e+00 -4.553290e+00 -8.241278e+00 9.743685e-01 -3.622433e-01 2.640639e-01 -5.577008e-01 1.033967e+00 -9.870361e-01 7.263220e-01 -1.326873e-01 5.601587e-01 -3.843906e-01 -1.301823e-01 2.355436e-01 7.701351e-02 2.075291e-03 5.787432e-02 -5.990914e-02 1.502407e-02 -1.125997e-01 3.978460e-01 -4.874193e-01 9.433848e-02 5.728716e-01 -8.059408e-01 1.944630e-01 1.003401e-01 -1.648951e-01 -8.505210e-04 
1.348443e+01 -3.534085e+00 -7.059694e+00 -7.890494e+00 8.526731e+00 5.764024e+00 -3.349310e+00 -2.650399e+00 6.915875e+00 -3.960536e+00 -4.216480e+00 -9.061422e+00 9.772145e-01 -2.243052e-01 2.076417e-01 -3.805929e-01 6.406118e-01 -2.436396e-01 -1.763146e-01 -8.846215e-02 1.361342e+00 -1.288941e+00 2.458710e-01 5.031713e-01 -5.682215e-01 7.653233e-05 1.248518e-01 -1.361144e-01 1.524053e-01 -2.580026e-01 5.161655e-01 -6.963990e-01 2.491167e-01 1.668116e-01 -3.138185e-01 1.722550e-01 -2.293747e-01 1.133885e-02 -1.178124e-03 
1.305474e+01 -2.971261e+00 -7.768374e+00 -7.634735e+00 8.821314e+00 5.831562e+00 -3.785650e+00 -1.261629e+00 3.602799e+00 -2.022236e+00 -3.997270e+00 -1.020333e+01 9.742455e-01 -3.468450e-02 -2.993763e-01 2.956195e-01 1.882187e-01 1.148506e-01 -1.024368e+00 4.428439e-01 7.947191e-01 -8.789262e-01 5.058368e-01 -4.393397e-01 -1.036741e-01 -1.429199e-03 1.819867e-01 -1.805731e-01 1.719080e-01 -2.834960e-01 4.740292e-01 -5.902395e-01 1.328840e-01 -4.988880e-03 2.277025e-01 -1.703959e-02 -3.406352e-01 2.072593e-01 -9.633023e-04 
1.350020e+01 -3.775551e+00 -7.012345e+00 -6.952837e+00 9.652023e+00 4.225419e-01 7.844589e-01 -1.498595e+00 2.836760e+00 -1.343548e+00 -5.143095e+00 -9.871950e+00 9.708197e-01 1.265372e-01 -2.728063e-01 1.194939e-01 3.113455e-02 7.153644e-01 -1.690142e+00 7.927210e-01 2.856140e-01 4.919161e-02 1.114554e-02 -7.972884e-01 2.930472e-01 -1.482500e-03 1.566601e-01 -7.368599e-02 1.350491e-02 -1.540066e-01 2.383119e-01 -1.325578e-01 -1.309716e-01 2.013771e-02 2.769740e-01 -8.008159e-02 -2.533706e-01 2.561345e-01 -1.095776e-03 
1.344550e+01 -4.435462e+00 -5.993180e+00 -8.142838e+00 1.023023e+01 2.270578e-01 3.739064e-01 -3.505996e+00 7.522397e+00 -4.093900e+00 -6.286600e+00 -8.354070e+00 9.704157e-01 3.720740e-01 -3.984668e-01 5.171552e-02 -7.885952e-02 9.034862e-01 -1.467882e+00 9.115551e-02 1.073112e+00 8.515783e-02 -9.799433e-02 -8.173897e-01 6.825355e-01 -1.962202e-03 7.990008e-02 1.105378e-01 -1.296245e-01 3.903012e-02 -7.922038e-02 2.016465e-01 -2.426896e-01 2.065954e-01 -1.217327e-02 -1.353276e-01 1.290620e-01 9.837963e-02 -1.668633e-03 
1.392201e+01 -4.166052e+00 -7.349997e+00 -7.480293e+00 1.139936e+01 1.156206e-01 -1.465189e+00 -9.995073e-02 5.201841e+00 -2.869041e+00 -7.057963e+00 -8.520635e+00 9.717157e-01 3.556696e-01 -1.113545e-01 -1.912062e-01 4.075306e-03 5.536588e-01 -6.173105e-01 -5.675432e-01 1.322747e+00 -3.860943e-01 1.472846e-01 -5.746409e-01 3.192496e-01 -5.133566e-03 -2.446719e-02 1.326340e-01 4.557147e-02 7.085695e-02 -3.687472e-01 2.735585e-01 -1.218333e-02 1.036377e-01 -1.598184e-01 -1.999710e-01 3.909288e-01 -4.625086e-02 -1.699066e-03 
1.470403e+01 -4.768642e+00 -7.340682e+00 -7.765271e+00 1.246547e+01 -1.354075e+00 -2.204838e+00 3.404830e+00 2.845876e+00 -1.749574e+00 -7.127079e+00 -7.466162e+00 9.640034e-01 2.503639e-01 1.726318e-01 -1.971982e-01 3.969615e-01 -2.004325e-01 -5.524551e-01 -9.042436e-02 1.309170e+00 -7.221891e-01 -2.388824e-01 9.456361e-02 3.752027e-01 -7.945153e-03 -1.294946e-01 1.163946e-01 1.587693e-01 1.432391e-01 -5.738478e-01 1.549736e-01 3.759973e-01 -1.571784e-01 -1.720622e-01 -2.358746e-01 4.289559e-01 -1.947137e-01 -1.971055e-04 
1.464884e+01 -4.165336e+00 -7.294497e+00 -7.121699e+00 1.130292e+01 -1.873365e+00 -7.640159e-01 1.659590e+00 3.244847e+00 -1.779242e+00 -7.596189e+00 -8.719112e+00 9.483504e-01 6.515301e-02 1.048002e-01 4.718434e-01 1.475713e-01 -5.764621e-01 -7.800529e-01 8.227579e-01 6.858848e-01 -3.463421e-01 -9.183463e-01 7.013907e-01 2.153951e-01 -6.990191e-03 -1.489397e-01 -2.290465e-02 2.827245e-01 9.565847e-02 -5.933033e-01 1.285308e-01 4.209316e-01 -9.732398e-02 -1.967615e-01 -2.099582e-01 2.855666e-01 -7.318205e-02 1.866971e-03 
1.433396e+01 -3.572777e+00 -7.006911e+00 -6.337345e+00 9.276340e+00 -1.540929e+00 -4.283698e-01 2.160078e+00 4.890166e+00 -5.833002e+00 -5.544637e+00 -6.378901e+00 9.423774e-01 -1.301122e-01 7.557319e-02 5.140821e-01 5.654082e-01 -1.400712e+00 -6.115701e-01 1.276179e+00 6.055954e-01 -7.951627e-01 -7.445667e-01 6.894020e-01 -2.391899e-01 -2.024385e-03 -1.309350e-01 -1.036357e-01 3.196359e-01 -7.651513e-02 -4.466199e-01 3.331616e-01 8.927007e-02 -2.097389e-02 -2.285359e-01 -1.531930e-03 5.330081e-02 -2.441192e-02 2.386124e-03 
1.443301e+01 -4.239853e+00 -5.157589e+00 -7.456387e+00 1.011143e+01 -3.691630e+00 1.760289e+00 3.951622e+00 2.448306e+00 -5.418782e+00 -4.342333e+00 -7.987715e+00 9.475775e-01 -1.989049e-01 -1.771544e-01 8.667263e-01 3.981329e-01 -1.812676e+00 5.480790e-02 8.537004e-01 1.187827e+00 -1.333520e+00 -6.496740e-01 5.558135e-01 2.607035e-01 1.235812e-03 -1.619031e-01 4.790970e-02 1.768761e-01 -1.136110e-01 -3.859498e-01 5.316573e-01 -2.520597e-01 -2.557021e-02 -1.524891e-01 1.280076e-01 7.836792e-03 9.297239e-02 7.033548e-04 
1.416150e+01 -4.353421e+00 -5.838715e+00 -4.770535e+00 6.057837e+00 -3.502524e+00 2.913765e+00 5.286599e+00 -7.318963e-01 -3.652555e+00 -5.306859e+00 -9.027761e+00 9.542708e-01 -2.722837e-01 -2.046621e-01 1.203457e+00 -1.108386e-01 -1.815243e+00 6.959085e-01 3.403561e-01 9.533734e-01 -1.371379e+00 -3.809137e-01 4.339433e-01 2.304069e-01 -1.233435e-04 -1.933513e-01 2.482398e-01 1.933405e-01 -2.560866e-01 -2.029669e-01 3.213186e-01 -9.527972e-02 -3.297960e-01 1.056887e-01 1.811887e-01 1.789588e-01 6.252386e-02 -1.636410e-03 
1.374018e+01 -4.661523e+00 -3.544624e+00 -5.914621e+00 3.848896e+00 -6.186643e-01 1.833558e+00 6.035289e+00 -6.116439e-01 -6.118095e+00 -4.936006e+00 -6.091239e+00 9.485788e-01 -6.733976e-01 4.842823e-01 1.011615e+00 -8.237372e-02 -2.298969e+00 1.224519e+00 3.032701e-02 3.840781e-01 -8.207176e-01 -4.601523e-01 8.682411e-01 4.454853e-01 -4.418454e-03 -2.115961e-01 4.470391e-01 1.316708e-01 -2.295820e-01 -1.676912e-01 -1.712319e-01 6.060351e-01 -8.164449e-01 2.094851e-01 4.147307e-01 2.891202e-01 -2.526183e-01 -2.459893e-03 
1.331936e+01 -4.385664e+00 -1.795821e+00 -7.662436e+00 3.331183e+00 4.019054e-01 1.236763e+00 5.885142e+00 -4.366995e-01 -7.387880e+00 -3.078134e+00 -6.174740e+00 9.412706e-01 -8.596669e-01 9.858300e-01 1.408462e+00 -4.746742e-01 -2.172342e+00 4.103035e-01 1.211426e+00 -6.415088e-01 -5.231445e-01 6.663890e-02 1.428105e+00 -1.892563e-02 -7.372175e-03 -1.350761e-01 4.308663e-01 1.268259e-01 -1.578918e-01 -1.827435e-01 -6.322917e-01 1.221059e+00 -9.673066e-01 1.535198e-01 5.850621e-01 1.978625e-01 -2.347167e-01 -1.040280e-03 
1.148725e+01 -1.802264e+00 -2.121441e+00 -6.422345e+00 -2.058535e-02 4.784481e-01 2.750445e+00 5.573273e+00 -1.802598e+00 -5.852215e+00 -1.115040e+00 -7.186806e+00 9.319772e-01 -9.632086e-01 1.462683e+00 1.422607e+00 -5.679173e-01 -2.472546e+00 -6.586003e-01 3.448345e+00 -2.097087e+00 -7.101688e-01 1.200251e+00 1.504454e+00 -8.778743e-01 -7.438801e-03 7.299828e-02 1.502045e-01 1.339701e-01 -1.524631e-01 5.359323e-03 -7.590696e-01 1.017556e+00 -6.760015e-01 2.488430e-01 5.131285e-01 -1.647873e-01 -1.081508e-02 1.084663e-03 
1.098955e+01 -8.535960e-01 4.916723e-01 -6.890225e+00 -2.869545e+00 -1.999810e+00 8.512506e+00 2.310225e+00 -2.751996e+00 -3.452227e+00 -7.675657e-02 -8.574844e+00 9.257054e-01 -8.028689e-01 1.460652e+00 1.632033e+00 -6.575291e-01 -2.642165e+00 -1.523975e+00 4.736763e+00 -2.642649e+00 -6.590590e-01 1.714203e+00 1.105221e+00 -2.816324e-01 -3.814385e-03 1.944100e-01 -4.047513e-02 -1.398891e-01 -4.607041e-04 2.290450e-01 -4.693249e-01 -1.524994e-02 4.429396e-02 4.266951e-01 1.525754e-01 -5.041005e-01 3.868531e-01 2.174882e-03 
1.008927e+01 8.857480e-01 2.424825e+00 -9.140072e+00 -5.413399e+00 -2.710832e+00 1.543787e+01 -2.662656e+00 -3.004772e+00 -2.084680e+00 1.085574e+00 -9.280449e+00 9.191526e-01 -3.368429e-01 9.978647e-01 1.569559e+00 -7.532322e-01 -2.037374e+00 -1.603735e+00 3.355518e+00 -1.995309e+00 4.914815e-01 1.281688e+00 2.057972e-01 5.225914e-01 -7.762715e-04 2.714701e-01 -1.877610e-01 -3.752355e-01 2.036994e-01 5.170358e-01 -1.705329e-01 -1.113434e+00 6.708244e-01 6.175959e-01 -2.943233e-01 -5.259716e-01 5.998353e-01 9.181764e-04 
1.000500e+01 1.573246e+00 4.091350e+00 -9.591255e+00 -7.183094e+00 -5.623208e+00 1.857698e+01 -3.210469e+00 -3.130634e+00 -7.004623e-01 1.347337e+00 -6.536285e+00 9.286042e-01 -2.008452e-01 1.015995e+00 6.354939e-01 -3.843596e-01 -1.244674e+00 -1.463853e+00 1.181691e+00 -4.709875e-01 1.009395e+00 7.888441e-01 -4.430355e-01 1.215182e+00 1.698078e-04 2.530453e-01 -1.729858e-01 -5.402900e-01 4.257953e-01 5.828770e-01 -3.614450e-02 -1.339596e+00 6.205202e-01 4.812624e-01 -3.194389e-01 -3.708224e-01 4.510050e-01 -2.200316e-03 
1.029524e+01 1.973778e+00 3.926793e+00 -8.838017e+00 -8.050626e+00 -5.728267e+00 1.449560e+01 -1.643294e+00 8.440061e-01 -8.196989e-01 -7.983456e-01 -5.592856e+00 9.266541e-01 9.302285e-02 7.462311e-01 4.474122e-02 3.140267e-01 -5.861945e-01 -1.541398e+00 -3.411344e-01 1.711135e-01 1.543588e+00 1.912571e-01 -3.512722e-01 1.372942e+00 -4.840415e-03 1.794661e-01 -1.053661e-01 -3.999526e-01 5.944031e-01 2.838785e-01 -1.017661e-01 -6.352146e-01 1.548118e-03 1.982158e-01 -9.436718e-02 -6.047867e-03 3.364556e-01 -4.994787e-03 
9.881811e+00 3.682670e+00 2.918107e+00 -8.963242e+00 -7.774015e+00 -7.810679e+00 1.489224e+01 -5.541355e-01 3.707095e-01 -1.404462e-01 -1.350240e+00 -4.342966e+00 9.227892e-01 2.475417e-01 7.213804e-01 -3.069206e-01 9.377950e-01 -4.532579e-01 -1.735963e+00 -1.129143e-01 -6.233341e-01 1.221217e+00 6.622031e-01 -4.703481e-01 1.548308e+00 -1.278659e-02 1.837872e-01 -2.382761e-01 3.444466e-02 6.521491e-01 -5.080529e-02 -2.147984e-01 -1.239439e-01 -3.374055e-01 -9.758410e-03 1.755841e-01 1.236033e-01 1.975998e-01 -6.471685e-03 
1.061603e+01 3.561937e+00 3.235577e+00 -7.883664e+00 -8.048872e+00 -9.323899e+00 1.557458e+01 -3.134886e+00 2.962622e+00 -1.408253e+00 6.781008e-01 -3.512329e+00 8.978604e-01 3.362665e-01 6.182263e-01 4.110673e-02 1.557581e+00 -1.013666e+00 -1.976552e+00 8.266823e-01 -1.911492e+00 1.376629e+00 8.731835e-01 1.891212e-01 2.038239e+00 -1.927589e-02 7.419859e-02 -2.919193e-01 2.403112e-01 6.844549e-01 -8.244588e-02 -1.218678e-02 -5.536515e-01 1.036887e-01 -3.508463e-01 2.454107e-01 -1.496346e-04 2.035320e-01 -6.835091e-03 
1.108219e+01 4.385931e+00 2.902195e+00 -5.379197e+00 -9.450337e+00 -1.250530e+01 1.747303e+01 -5.581151e+00 1.915760e+00 2.904889e+00 -1.742756e+00 1.647713e-01 8.790628e-01 5.966202e-01 -1.113545e-01 8.095567e-01 2.254796e+00 -1.284887e+00 -2.320265e+00 -2.204890e-02 -1.116616e+00 1.044036e+00 1.325925e+00 -9.527268e-02 1.870516e+00 -2.497014e-02 -1.454588e-01 -1.878275e-01 1.599600e-01 4.263276e-01 4.700869e-01 4.360206e-01 -1.406550e+00 9.557967e-01 -4.790879e-01 -4.468368e-02 -1.004562e-01 4.105240e-02 -8.709409e-03 
1.137637e+01 4.713379e+00 4.140251e+00 -2.842096e+00 -1.228088e+01 -1.326360e+01 1.733877e+01 -8.687243e+00 6.954441e+00 2.023895e+00 3.433537e-01 2.344538e+00 8.521312e-01 2.895228e-01 -2.970319e-01 6.881449e-01 3.077818e+00 -5.826651e-01 -1.310174e+00 -3.154792e+00 9.362678e-01 -1.221212e-01 1.086538e+00 -5.395761e-01 2.229434e+00 -3.292076e-02 -5.014118e-01 1.786234e-01 -9.107069e-02 7.208106e-02 1.033679e+00 9.679828e-01 -1.525509e+00 1.287856e+00 -6.816393e-01 -5.180044e-01 -1.855593e-01 -2.765572e-01 -1.316338e-02 
1.248461e+01 2.549858e+00 6.513515e+00 -2.101282e-01 -1.208274e+01 -1.744193e+01 1.390004e+01 -3.361297e+00 3.594736e+00 4.773116e+00 -1.659456e+00 2.081357e+00 8.208078e-01 -4.566126e-01 2.398383e-01 1.693946e-01 2.309148e+00 1.681855e+00 1.109017e-01 -5.154888e+00 2.731606e+00 -4.249000e-01 3.320572e-01 -6.083534e-01 1.657757e+00 -4.951489e-02 -8.923540e-01 7.480666e-01 -6.187821e-02 -3.423597e-01 1.068698e+00 1.290733e+00 -5.730307e-01 4.399866e-01 -6.182598e-01 -1.091198e+00 1.731705e-01 -7.210006e-01 -1.590772e-02 
1.136258e+01 2.995173e+00 4.870277e+00 4.920994e+00 -9.646288e+00 -1.340693e+01 1.587144e+00 4.366274e-01 1.512231e+00 3.090242e+00 -2.061771e+00 6.676530e+00 7.623770e-01 -1.644079e+00 1.335773e+00 -9.405717e-02 1.890843e+00 2.671446e+00 1.647690e+00 -4.234460e+00 2.603742e+00 -1.297081e+00 -1.219910e+00 -4.820664e-01 7.616886e-01 -7.282043e-02 -1.042873e+00 7.225761e-01 5.211502e-01 -5.147462e-01 6.735493e-01 1.044710e+00 7.884979e-01 -8.830406e-01 -5.929674e-01 -1.148593e+00 5.396669e-01 -1.039398e+00 -1.387229e-02 
8.806100e+00 6.444125e+00 3.384222e+00 2.284853e+00 -2.358406e+00 -1.187908e+01 -4.259138e-01 3.514802e+00 2.512464e+00 4.032267e+00 -3.581802e+00 6.287879e+00 6.763647e-01 -2.898398e+00 2.812752e+00 8.911855e-01 1.136581e+00 2.431561e+00 2.654357e+00 -2.347267e+00 2.494785e-01 -1.459781e+00 -2.976789e+00 7.416836e-01 -1.000698e+00 -8.455980e-02 -9.152199e-01 -1.298798e-02 7.896308e-01 -3.464046e-01 5.589212e-02 8.031521e-01 1.265695e+00 -1.600834e+00 -5.755550e-01 -5.807093e-01 5.101390e-01 -7.956520e-01 -7.411529e-03 
4.994545e+00 9.444897e+00 5.234708e+00 5.364588e+00 -3.785735e+00 -7.806177e+00 3.329639e+00 8.935359e-01 1.010186e+00 -3.705392e+00 -1.105756e+00 4.049968e+00 5.602587e-01 -3.703801e+00 2.029406e+00 2.932985e+00 1.090428e+00 2.410172e+00 2.641668e+00 -6.159947e-01 -2.237888e+00 -2.569622e+00 -3.002118e+00 1.483722e+00 -1.638291e+00 -8.476412e-02 -5.496644e-01 -1.239594e+00 2.246680e-01 -3.841391e-01 -2.685520e-01 3.836009e-01 9.996675e-01 -1.013066e+00 -3.500849e-02 7.049093e-01 3.223481e-01 -6.577991e-02 6.944039e-04 
1.176584e+00 1.338825e+01 1.078772e+01 5.250749e+00 -2.855517e+00 -6.970210e+00 1.292021e+00 -2.342275e+00 -3.452826e+00 -6.713148e+00 1.571190e+00 -1.608858e+00 4.990698e-01 -4.002961e+00 -1.719967e-01 2.604113e+00 9.772710e-01 2.091894e+00 3.629805e+00 -6.356168e-01 -2.851764e+00 -2.666353e+00 -1.680391e+00 9.594635e-01 -1.120383e+00 -8.060226e-02 -1.240332e-01 -2.249231e+00 -9.608096e-01 -2.859442e-01 -7.835564e-01 3.421431e-02 7.105125e-01 4.107653e-02 7.629956e-01 1.580544e+00 -1.392527e-01 7.848364e-01 7.321649e-03 
-3.341106e+00 9.670241e+00 1.583348e+01 8.889815e+00 2.653026e+00 -2.653050e+00 -2.351786e+00 -7.824156e+00 -8.353024e+00 -6.547856e+00 2.780457e+00 2.433285e+00 4.272172e-01 -3.840152e+00 -3.369930e+00 1.728326e-01 4.987689e-02 1.498439e+00 3.077931e+00 -9.193376e-02 -9.109218e-01 -8.687988e-01 1.656335e+00 1.020759e+00 4.927043e-01 -7.132801e-02 2.651685e-01 -1.999184e+00 -1.801151e+00 -3.041994e-01 -1.275266e+00 -4.783333e-01 7.054015e-01 9.662661e-01 1.440808e+00 1.225006e+00 -3.667926e-01 8.347089e-01 1.370185e-02 
-7.040803e+00 5.471812e+00 1.110519e+01 5.408606e+00 4.881255e+00 3.693243e+00 -7.627879e-01 -6.384996e+00 -6.137995e+00 -2.948721e+00 -7.274246e-01 1.494665e+00 3.398874e-01 -3.450327e+00 -5.733722e+00 -2.532705e+00 2.272262e-01 -1.030350e+00 2.607327e+00 9.430564e-01 -2.086305e-01 1.504877e+00 2.596732e+00 2.768281e-01 1.858097e+00 -5.467169e-02 5.909336e-01 -6.680207e-01 -1.399025e+00 -2.405457e-01 -1.104980e+00 -1.147596e+00 7.729519e-01 1.010493e+00 1.403356e+00 9.964711e-02 3.099010e-02 5.569974e-01 1.830977e-02 
-1.009744e+01 -3.446670e+00 5.939896e+00 5.535347e+00 -1.617401e-01 2.251688e+00 3.897372e+00 -1.639549e+00 -1.991567e+00 2.694106e+00 5.147414e+00 4.961920e+00 2.831959e-01 -2.654273e+00 -5.185599e+00 -3.504392e+00 -5.566589e-02 -2.405061e+00 7.611666e-01 2.121590e+00 1.271858e+00 2.548749e+00 9.843461e-01 -8.827757e-03 1.046094e+00 -2.921639e-02 9.518679e-01 1.147928e+00 -3.197657e-01 -3.831811e-01 -1.684079e-01 -1.193259e+00 2.813586e-01 5.020881e-01 7.489725e-01 -1.153776e+00 2.469167e-01 -3.134158e-02 1.655181e-02 
-1.269728e+01 -8.721664e+00 3.071021e+00 8.064100e+00 -6.599625e+00 3.614074e+00 2.883066e+00 -6.477604e+00 8.906345e-01 1.649515e+00 1.772090e+00 6.417284e+00 2.977070e-01 -1.641433e+00 -2.604245e+00 -2.552449e+00 -1.725712e-01 -1.481350e+00 -9.497442e-01 2.122495e+00 1.109355e+00 2.641599e+00 -8.461434e-01 1.629209e+00 1.387818e+00 -1.011270e-02 1.264850e+00 2.112374e+00 5.679157e-01 -9.681987e-01 7.882336e-01 -1.046601e+00 -4.130989e-01 4.269127e-01 -3.926614e-01 -1.181083e+00 2.359628e-01 -4.521612e-01 7.117568e-03 
-1.378432e+01 -9.160531e+00 2.328575e+00 7.283921e+00 -3.631429e+00 1.192847e+00 6.432729e+00 -1.418244e+00 8.766109e-01 -3.924935e+00 1.486342e+00 5.202368e+00 3.022043e-01 1.488147e-02 8.048415e-01 -1.416031e+00 -1.665984e+00 8.816687e-01 -1.109768e+00 7.249492e-01 9.406511e-01 2.307681e+00 -2.391163e+00 1.579181e+00 5.710387e-01 -1.084557e-02 1.266710e+00 1.720433e+00 8.620166e-01 -9.664424e-01 6.660743e-01 -2.985533e-01 -9.878312e-01 6.599884e-02 -1.072846e+00 -1.148474e-01 -7.404240e-02 -1.829017e-01 -4.652862e-03 
-1.340391e+01 -4.692334e+00 1.485871e-01 3.671417e+00 -7.903610e-01 -5.259876e-01 8.581682e+00 -9.490788e-01 5.636222e+00 -3.869837e+00 9.249227e+00 8.313323e+00 2.798229e-01 1.539256e+00 1.832944e+00 -7.373627e-01 -3.808701e+00 1.267431e+00 -1.690142e+00 -4.240000e-01 2.091537e+00 -3.379185e-01 -1.620940e+00 6.626302e-01 -1.650861e-01 -2.827031e-02 8.966535e-01 5.373540e-01 8.895668e-01 -3.738672e-01 -2.119778e-01 5.345306e-01 -8.040054e-01 -1.570252e-01 -1.273830e+00 5.695966e-01 -8.045074e-01 7.979010e-03 -1.186192e-02 
-9.670210e+00 -1.437557e+00 3.209059e-01 -5.983206e-01 1.341865e+00 -1.227254e+00 4.673042e+00 2.990782e-01 7.174611e+00 -6.502082e+00 9.304674e+00 6.868888e+00 2.379235e-01 2.088891e+00 1.197921e+00 -1.019155e-01 -3.069902e+00 -4.489800e-01 -3.614140e-01 -1.544422e+00 1.110745e+00 -1.325664e+00 7.974627e-01 1.042087e-01 9.081221e-01 -4.339869e-02 3.930619e-01 -3.656621e-01 7.794483e-01 7.602965e-01 -8.512406e-01 9.441416e-01 -1.552914e-01 -4.812705e-01 -8.680492e-01 7.220183e-01 -1.030216e+00 1.737660e-01 -1.233273e-02 
-7.058050e+00 -3.418367e+00 3.880481e-01 -7.038596e+00 -2.749431e+00 -3.626719e+00 1.642813e+00 3.121220e+00 -3.947509e+00 -5.166746e+00 1.176095e+00 4.758195e+00 1.885051e-01 1.804901e+00 -1.140115e-01 1.238329e+00 -1.339984e+00 -1.875882e+00 1.348691e+00 -7.628586e-01 2.390013e-01 -1.910873e+00 4.076900e-01 -1.655878e+00 1.259262e+00 -5.314820e-02 5.031235e-02 -3.277258e-01 6.162414e-01 1.828944e+00 -5.295101e-01 9.195238e-01 1.636352e-01 -5.920420e-01 5.344316e-01 5.294368e-01 -2.788686e-01 -2.136707e-02 -7.436592e-03 
-6.513050e+00 -3.808152e+00 1.699456e+00 -2.710421e+00 -4.897000e+00 9.358284e-01 2.180256e+00 2.100496e+00 -9.601305e-01 7.108800e-01 6.043855e+00 1.152046e+01 1.308649e-01 1.847235e+00 -4.993096e-02 1.493431e+00 9.011303e-01 -1.802730e+00 2.091506e+00 1.180227e-01 -5.395167e-01 -1.246065e+00 2.045368e-01 -2.412700e+00 7.278438e-01 -6.007278e-02 7.425860e-02 3.740950e-01 3.657444e-01 1.764332e+00 2.587401e-01 3.043502e-01 1.437023e-01 -1.063634e-01 9.586837e-01 2.569150e-01 -1.494372e-01 -9.989222e-01 6.854530e-04 
-5.957701e+00 -4.077562e+00 5.650757e+00 -1.971983e+00 -7.050268e+00 5.136298e+00 6.013989e+00 -6.542332e-01 1.491365e-01 -5.437995e+00 2.600189e+00 1.228377e+01 6.760304e-02 1.911794e+00 8.181264e-01 1.546180e+00 3.350519e+00 -7.033027e-01 1.681024e+00 -4.371317e-01 -4.345469e-02 2.294525e+00 1.322847e+00 5.267882e-01 -1.817356e-01 -5.711462e-02 8.446127e-02 1.189791e+00 1.793921e-02 1.259999e+00 1.109964e+00 -2.853125e-01 -3.944012e-01 1.666584e-01 4.866005e-01 4.084939e-01 2.120402e-01 -1.396380e+00 8.737681e-03 
-9.842004e-01 -1.357307e+00 5.156311e+00 1.373758e+00 -5.521237e+00 4.848888e+00 3.077495e+00 -5.102151e-01 -1.104574e+00 -5.343623e+00 -3.470907e+00 6.745167e+00 -1.983282e-03 2.406572e+00 2.602224e+00 1.572801e+00 3.406512e+00 2.582681e-01 9.941019e-01 -9.888145e-01 7.203098e-01 1.364987e+00 1.624411e+00 -1.734391e+00 -3.366151e+00 -3.798872e-02 -3.670967e-01 1.151322e+00 -1.164858e-01 4.151509e-01 1.371025e+00 -3.761732e-01 -3.823051e-01 9.551747e-02 -4.780287e-01 9.109262e-02 3.555028e-01 -8.858426e-01 1.222853e-02 
-2.637746e-01 -5.533756e-01 6.390486e+00 7.671734e+00 -5.953469e+00 2.822006e+00 -9.911910e-01 4.209017e+00 7.597423e+00 4.474460e+00 8.567354e+00 6.236730e+00 -3.065404e-02 1.947602e+00 4.508855e+00 1.288328e+00 3.707443e+00 2.643425e+00 4.708284e-01 -2.181385e+00 4.424509e-01 -7.834263e-01 1.740146e+00 -9.348430e-01 -3.675803e+00 -2.049736e-02 -8.330584e-01 4.270061e-01 -2.781736e-01 -5.550885e-01 8.381521e-01 -3.092702e-01 2.779513e-01 -3.179477e-01 -1.335599e+00 -4.148869e-01 -5.349017e-02 7.081846e-02 7.108617e-03 
2.672626e+00 7.441158e+00 9.193770e+00 9.499995e+00 -4.153965e+00 7.063374e+00 7.390239e-01 3.270345e+00 2.140488e+00 3.876582e+00 -5.611690e+00 -2.286920e+00 -9.941525e-03 -6.109101e-03 3.861329e+00 1.039905e+00 2.798440e+00 3.379015e+00 8.157498e-01 -9.214957e-01 -3.049563e-01 -2.097234e+00 4.513987e-01 9.573544e-02 -1.954358e+00 -1.724160e-02 -1.189792e+00 -9.255880e-01 -6.606731e-01 -9.796947e-01 -5.648831e-02 -4.874970e-01 6.688152e-01 -2.279618e-01 -3.832985e-01 -8.488559e-02 1.016215e+00 1.245606e+00 -1.609557e-03 
1.951707e+00 1.406750e+01 1.007399e+01 1.250194e+01 5.483135e+00 6.383120e+00 -3.723433e+00 -3.324906e-01 -5.390537e+00 -1.347504e+00 -1.003630e+00 -1.579130e+00 -3.091756e-02 -1.047347e+00 2.323708e+00 4.217463e-01 8.791081e-01 1.927194e+00 2.237942e-01 9.189062e-01 -1.120679e+00 -2.652345e+00 -1.650964e-01 -6.556773e-01 -5.334214e-01 -3.194359e-02 -9.017764e-01 -1.812365e+00 -9.224611e-01 -1.305254e+00 -1.080507e+00 -5.237636e-01 7.155809e-01 2.257468e-01 7.611739e-01 3.743602e-01 8.240276e-01 1.322358e+00 -4.287666e-03 
-2.122986e+00 1.063861e+01 8.514198e+00 1.295085e+01 5.655414e+00 7.147046e+00 -1.639461e-01 2.357510e-01 -5.096392e+00 -1.754825e-01 1.793237e+00 8.813052e-01 -8.806583e-02 -2.044840e+00 -9.329926e-01 -1.297173e+00 -7.792241e-02 3.339874e-01 -1.319943e+00 8.050980e-01 3.620546e-01 3.828256e-01 2.152697e+00 3.207031e+00 1.290650e+00 -4.030728e-02 -2.212586e-01 -1.557593e+00 -9.061199e-01 -1.178799e+00 -1.251049e+00 -4.650925e-01 -6.648774e-02 3.887632e-01 1.156109e+00 4.134243e-01 2.058122e-01 6.763766e-01 1.073922e-03 
-3.102607e+00 9.466393e+00 8.839043e+00 1.034203e+01 -1.222154e+00 3.898858e+00 4.054962e+00 1.230560e-01 -2.045908e+00 5.675019e+00 1.586663e+00 1.985616e+00 -1.512926e-01 -1.542125e+00 -2.155994e+00 -2.155307e+00 -1.380632e+00 -1.236546e+00 -1.080260e+00 5.334074e-01 1.237540e+00 1.782385e+00 2.761277e+00 1.629660e+00 1.313441e+00 -3.039788e-02 1.524590e-01 -8.057227e-01 -5.992498e-01 -7.117745e-01 -6.362587e-01 6.139486e-02 -6.462885e-01 3.911124e-01 8.165038e-01 -3.212931e-01 -4.263244e-01 2.485223e-01 9.154793e-03 
-5.023907e+00 5.076653e+00 3.325618e+00 1.019062e+01 8.688650e-01 1.705758e+00 8.753290e-01 4.853183e+00 2.382395e+00 1.112882e+01 9.128532e+00 2.384321e+00 -1.512926e-01 -8.649586e-01 -1.686955e+00 -2.202162e+00 -1.965744e+00 -1.294512e+00 -8.576980e-01 -1.061114e+00 4.597703e-01 1.465882e+00 1.055230e+00 -1.802211e-02 5.040314e-01 -1.264446e-02 3.343065e-01 5.509762e-02 1.155759e-01 -2.443245e-01 -2.918984e-01 4.317493e-01 -4.081157e-01 4.853280e-02 -2.715797e-01 -1.011847e+00 -1.118249e+00 -1.194848e-01 1.110072e-02 
-4.307916e+00 6.068671e+00 1.891568e+00 6.978831e+00 1.693875e+00 3.702248e+00 -1.576116e+00 3.546125e+00 -2.182819e-01 6.806636e+00 3.477031e+00 4.236643e+00 -1.512926e-01 -8.750129e-01 -1.327791e+00 -2.122105e+00 -1.735799e+00 -4.397824e-01 2.996266e-01 -1.379294e+00 7.860594e-01 8.885296e-01 -1.222724e+00 -1.174707e+00 1.102457e+00 1.023670e-06 1.677630e-01 2.871743e-01 4.602197e-01 2.558039e-01 -4.158958e-02 2.528625e-01 -1.088665e-01 -1.550936e-02 -5.896205e-01 -5.627574e-01 -2.271034e-01 -3.170327e-01 7.344921e-03 
-5.844857e+00 3.902641e+00 9.768040e-01 4.803740e+00 -2.274678e+00 2.956707e+00 -2.653867e+00 8.233994e-01 1.319406e+00 4.534925e+00 7.577903e-01 2.275464e+00 -1.512926e-01 -7.067356e-01 -1.071782e+00 -7.358892e-01 -1.122105e+00 -1.524023e+00 1.488682e-01 -2.790984e-01 8.304270e-01 -5.281609e-01 -9.145646e-01 -9.819866e-01 7.988088e-01 1.023670e-06 1.199305e-01 2.942957e-01 5.337963e-01 4.658716e-01 8.963184e-02 1.961447e-02 7.095565e-02 -1.647368e-01 -6.820205e-01 1.770168e-01 5.055231e-01 -1.943987e-01 2.529338e-03 
-7.066920e+00 3.414335e+00 -5.973514e-01 4.356350e+00 -1.849460e+00 4.771595e+00 -1.076740e+00 6.068314e+00 2.928264e+00 2.858268e+00 -1.017723e-01 7.552197e+00 -1.512926e-01 -7.824075e-01 -1.027551e+00 -5.873661e-01 -5.236385e-01 -1.329805e+00 -3.192178e-01 -4.019629e-01 9.747554e-01 -1.685933e-01 9.324585e-01 9.762297e-01 -4.191951e-01 1.023670e-06 1.996314e-01 2.866419e-01 4.859633e-01 3.624078e-01 1.046330e-01 -1.942965e-01 -1.831890e-01 -7.177771e-01 -5.634384e-01 2.658066e-01 6.983330e-01 -1.284094e-01 -1.857486e-07 
-7.177793e+00 1.044815e+00 8.902565e-01 5.891665e+00 -4.979852e+00 1.915500e+00 -7.701558e-01 7.744100e+00 -1.831697e+00 8.530197e+00 6.008008e+00 4.721035e+00 -1.512926e-01 -3.116189e-01 -3.656451e-01 -3.005357e-01 -2.425035e-01 -4.011742e-01 -4.502376e-01 -1.194998e+00 -4.581583e-01 -1.415580e+00 8.627180e-01 1.434144e+00 2.926377e-01 1.023670e-06 2.319798e-01 2.994204e-01 2.326333e-01 1.369056e-01 5.059258e-01 -4.095934e-02 -3.801329e-01 -8.913651e-01 -1.729942e-01 -4.350721e-01 1.842342e-01 1.035244e-01 -1.857486e-07 
-7.553281e+00 2.359622e+00 -1.001757e+00 3.817131e+00 -3.602936e+00 2.626898e+00 -4.527755e+00 4.959749e+00 5.141008e-01 9.471375e+00 5.733350e+00 9.180282e-01 -1.512926e-01 -7.437256e-02 -2.476430e-01 9.002505e-02 -3.635087e-01 -4.780699e-01 -3.722904e-01 -1.837395e+00 -2.158668e+00 -1.484768e+00 -7.822952e-01 1.108737e+00 7.135144e-01 1.023670e-06 2.221972e-01 1.303046e-01 1.588104e-01 1.185972e-01 4.870848e-01 -2.142817e-02 3.794708e-02 -6.243184e-01 3.536128e-02 -8.904410e-01 -2.104345e-01 2.650591e-01 -1.857486e-07 
-7.159560e+00 2.601805e+00 -3.237371e-01 3.860770e+00 -3.403916e+00 1.777799e+00 -6.903475e+00 -9.133296e-01 -4.551575e+00 5.541937e+00 5.010988e+00 7.056000e+00 -1.512926e-01 9.919654e-02 3.524932e-02 8.864984e-02 -5.176644e-01 5.797542e-01 -2.948384e-02 -1.462009e+00 -2.059669e+00 -7.350613e-01 -2.232598e+00 -1.270022e-01 7.502251e-01 1.023670e-06 1.080474e-01 1.050588e-02 6.536456e-04 1.356815e-01 2.787074e-01 -7.575044e-02 6.141275e-01 3.008712e-01 6.231458e-01 -4.008963e-01 -3.489513e-01 -2.421714e-01 -1.857486e-07 
-7.447336e+00 1.397341e+00 4.598476e-01 3.554162e+00 -5.027196e+00 2.979219e+00 -7.196961e+00 -3.961582e-01 -3.135542e+00 4.407612e-01 5.940440e+00 9.952301e+00 -1.512926e-01 1.230094e-01 -5.764858e-01 1.212900e-02 2.069611e-01 6.149401e-01 -6.367469e-01 -7.865110e-02 -1.346045e+00 -3.319557e-01 -1.972193e+00 7.046358e-01 6.773496e-01 1.023670e-06 5.960762e-03 4.365020e-02 -2.134245e-01 2.224868e-01 2.748676e-01 1.173480e-01 9.224913e-01 9.490554e-01 5.055804e-01 4.114859e-01 -5.286459e-01 -5.338472e-01 -1.857486e-07 
-6.734302e+00 1.702219e+00 6.026704e-01 3.434631e+00 -1.368569e+00 1.592070e+00 -6.745885e+00 1.233965e-01 -3.682112e+00 1.882336e+00 5.269398e+00 3.955100e+00 -1.512926e-01 1.300650e-01 -1.487088e-01 -2.583953e-01 1.506169e-01 4.457482e-01 -6.968690e-01 9.963380e-01 6.399135e-01 1.123730e+00 -5.468662e-01 -1.085234e-01 -8.999826e-01 1.023670e-06 -7.800117e-02 8.671118e-02 -2.606006e-01 1.053449e-01 -9.340233e-02 4.616479e-01 6.100813e-01 7.973766e-01 2.646879e-01 7.568263e-01 -5.367056e-01 -1.890964e-01 -1.857486e-07 
-7.150690e+00 -7.330948e-02 -1.404611e+00 5.064811e+00 -1.545671e+00 -4.640780e-01 -4.999706e+00 -2.288822e+00 -1.580675e+00 1.440144e+00 9.127501e+00 5.855511e+00 -1.512926e-01 -5.973208e-02 6.275707e-02 -8.035694e-01 4.148839e-01 9.631633e-01 5.480707e-01 1.545908e+00 1.236685e+00 1.137415e-01 4.322267e-01 -1.543563e+00 -1.130755e+00 1.023670e-06 -7.193959e-02 1.997213e-01 -1.271610e-01 -1.255859e-01 -2.838091e-01 7.656041e-01 8.709790e-02 3.549546e-01 9.607161e-02 5.800474e-01 -6.355102e-01 -4.478093e-02 -1.857486e-07 
-6.657923e+00 2.593565e+00 -6.831227e-01 3.858872e+00 -2.916450e+00 1.506444e-02 -3.020213e+00 3.232553e+00 2.897232e-01 2.308141e+00 2.874589e+00 4.604746e+00 -1.512926e-01 -1.994340e-01 1.493440e-01 -8.066145e-01 -9.490765e-02 -6.139993e-02 1.686462e+00 7.761177e-01 6.358510e-01 3.654104e-01 3.492945e-01 -1.686346e+00 7.088744e-01 1.023670e-06 -7.542767e-03 -2.383642e-02 4.938990e-02 -1.875365e-01 -3.812908e-01 4.765196e-01 -1.632561e-01 -4.280553e-01 -1.884154e-01 2.071472e-01 3.110001e-02 8.488778e-02 -1.857486e-07 
-7.784882e+00 1.265144e+00 -2.915117e+00 5.416575e+00 5.624452e-01 6.508064e+00 -1.330112e+00 4.232850e+00 -4.552627e+00 2.389233e+00 -5.801668e-01 3.974336e+00 -1.512926e-01 -7.190308e-02 2.731289e-01 -3.496505e-01 -2.982620e-01 -5.503668e-01 1.999661e+00 4.668432e-01 4.307977e-01 5.274477e-01 4.800688e-01 -1.683912e+00 -3.509596e-01 1.023670e-06 1.203506e-01 -4.320387e-02 3.072774e-01 -9.556866e-02 -3.388985e-01 -3.499246e-01 -1.678560e-01 -6.189560e-01 -6.195320e-02 3.917567e-02 5.665936e-01 -1.243671e-01 -1.857486e-07 
-7.414814e+00 1.779602e+00 -2.675267e+00 2.784607e+00 -2.729705e+00 6.538081e+00 -4.700081e+00 4.168410e-02 -3.690356e-01 3.154664e+00 1.691369e+00 8.439667e+00 -1.512926e-01 9.849098e-02 -3.731472e-01 -2.383564e-01 -4.305126e-01 -7.040513e-01 9.598615e-01 7.196664e-01 -1.097480e+00 -2.510703e-02 4.649423e-01 1.171889e-01 -8.654554e-01 1.023670e-06 1.369150e-01 7.845838e-02 4.475737e-01 1.979514e-01 3.684632e-02 -9.985302e-01 -2.017590e-01 -4.544586e-01 -5.010334e-01 -1.827777e-01 5.790495e-01 -2.987111e-01 -1.857486e-07 
-7.131965e+00 1.699353e+00 -2.156759e+00 4.110457e+00 -4.390684e+00 6.272433e+00 -1.825395e+00 1.460416e+00 1.386018e+00 3.417154e+00 1.299369e+00 2.183220e+00 -1.512926e-01 3.930646e-01 1.077698e-01 4.486612e-01 1.048154e-01 -4.101578e-01 -8.382615e-01 7.349113e-01 -9.913180e-01 -6.878613e-04 5.703884e-01 3.876110e-01 -9.653522e-01 1.023670e-06 1.189703e-01 2.527655e-01 3.923913e-01 2.490447e-01 9.459808e-02 -1.050290e+00 -5.820175e-01 -1.252084e-01 -4.415517e-01 -4.819744e-01 3.646249e-01 3.932053e-01 -1.857486e-07 
-6.491860e+00 5.110098e-01 -2.254173e+00 2.359227e+00 -3.959768e+00 4.932185e+00 8.258007e-01 -8.683878e-01 -2.805286e+00 4.118728e+00 2.520500e+00 1.172465e+00 -1.512926e-01 2.528334e-01 6.241655e-01 1.032047e+00 6.934418e-01 5.271374e-02 -1.887427e+00 -3.666431e-01 -9.254615e-01 -1.875569e+00 -6.096590e-01 1.730762e-01 -4.774683e-01 1.023670e-06 7.113779e-02 3.517991e-01 2.124326e-01 1.199278e-01 -3.764731e-02 -5.349076e-01 -6.583419e-01 2.125195e-01 -1.631653e-01 -7.423598e-01 -1.487045e-01 6.235117e-01 -1.857486e-07 
-6.280463e+00 2.438439e+00 -8.822207e-01 6.153116e+00 -8.732128e-01 3.119923e+00 -4.185460e-01 -2.684826e-01 -3.338183e+00 4.758988e+00 9.432165e-01 2.780842e+00 -1.512926e-01 4.459819e-01 1.038345e+00 9.770381e-01 3.850133e-01 -4.557177e-01 -1.828211e+00 -1.899884e+00 -2.812223e-01 -7.550320e-01 -1.392546e+00 1.112396e-01 1.421117e+00 1.023670e-06 6.369585e-02 4.125422e-02 -2.514446e-01 -1.581579e-01 -7.732604e-02 2.102666e-01 -3.752349e-01 2.289550e-02 -8.483078e-02 -6.103761e-01 7.839578e-02 5.225065e-01 -1.857486e-07 
-6.576124e+00 4.531384e+00 1.848101e+00 5.230637e+00 -4.224981e+00 -1.322557e+00 -7.237074e+00 -3.720832e+00 -7.384694e+00 -5.648378e-01 2.734552e+00 5.753211e+00 -1.512926e-01 4.278136e-01 9.204991e-01 5.596607e-01 2.902604e-02 -8.695001e-01 -1.219538e+00 -1.254619e+00 -3.899497e-01 -4.637056e-01 -2.265313e+00 -4.881959e-01 1.058786e+00 1.023670e-06 1.084675e-01 -8.633141e-02 -5.278904e-01 -3.476819e-01 1.855264e-01 6.780828e-01 2.426428e-01 -7.623195e-02 2.264315e-01 6.677762e-02 -5.418624e-02 -1.080929e-01 -1.857486e-07 
-4.859815e+00 4.881402e+00 6.775748e-01 4.599967e+00 -6.536500e+00 2.585754e-01 -7.293561e+00 1.480503e+00 -9.943184e-02 -1.203968e+00 1.748363e+00 6.998730e+00 -1.512926e-01 6.241372e-01 1.659112e-01 -5.723370e-01 -3.537861e-01 -3.356149e-01 -1.208251e-01 -6.973509e-01 -1.144520e+00 -1.130879e+00 -1.653743e+00 1.110269e+00 8.789173e-01 1.023670e-06 2.318526e-02 -1.065856e-02 -3.946150e-01 -3.087233e-01 5.253812e-01 6.083841e-01 4.780044e-01 -2.387377e-01 -5.267507e-02 5.599886e-01 -2.999704e-01 -7.370123e-01 -1.857486e-07 
-5.063328e+00 3.891893e+00 -2.356372e-01 3.280568e+00 -5.475647e+00 2.653292e-01 -2.010000e+00 -3.692573e+00 -6.743464e+00 -4.226417e+00 -3.227880e-01 4.357304e+00 -1.512926e-01 7.059828e-01 6.286980e-01 -8.327436e-01 -6.756858e-01 9.203840e-01 6.491805e-01 2.452644e-01 -8.748931e-01 -5.556087e-01 -1.453088e-01 -5.972661e-01 -7.469985e-01 1.023670e-06 -3.593018e-02 1.842806e-01 -5.875778e-02 -2.011081e-01 4.768963e-01 3.103687e-01 1.215546e-01 7.585540e-02 2.312188e-01 7.925613e-01 -4.977260e-01 -6.726505e-01 -1.857486e-07 
-3.916166e+00 3.587732e+00 -2.702047e+00 5.359276e+00 -1.925736e+00 1.722268e+00 -6.518301e+00 -6.005714e+00 -9.313290e+00 -1.678936e+00 8.023196e+00 7.873522e+00 -1.512926e-01 4.228747e-01 1.131027e+00 -2.997499e-01 -8.062964e-01 1.276307e+00 2.792838e-01 -2.597782e-01 -1.232507e+00 -9.725330e-01 3.472717e-01 -1.334166e+00 -1.361118e+00 1.023670e-06 -9.078451e-02 3.117331e-01 2.366159e-01 -8.678700e-02 1.878303e-01 -1.081582e-03 -1.447713e-01 3.264063e-01 4.657141e-01 5.543839e-01 -6.886675e-01 -4.564135e-01 -1.857486e-07 
-3.518010e+00 8.321757e+00 -6.260712e-01 1.472418e+00 -1.928805e+00 1.191721e+00 -6.398368e+00 -4.352060e+00 -5.555665e+00 -1.053934e+00 -3.389412e+00 1.581226e+00 -1.512926e-01 3.489667e-01 1.359373e+00 1.295133e-01 -7.503037e-01 7.091614e-01 1.322516e-01 -8.656482e-01 3.341354e-02 6.132933e-01 6.970294e-01 -1.754582e+00 -1.184388e+00 1.023670e-06 -7.884140e-02 1.689730e-01 2.353842e-01 -9.348800e-03 -9.898296e-02 -1.181133e-01 -2.827683e-01 3.082253e-01 3.923363e-01 2.034389e-01 -2.734832e-01 -6.982221e-02 -1.857486e-07 
