-8.288237e+00 3.359046e+00 6.424498e-01 2.614071e+00 -1.562899e-01 9.412856e-01 -3.161493e+00 6.162273e+00 1.829900e+00 4.099998e+00 3.833198e+00 6.322735e-02 -1.512926e-01 -1.653795e-01 -3.117418e-01 5.517139e-02 -2.468122e-01 -3.832392e-01 -5.243951e-02 3.025733e-01 -1.468034e+00 -4.801947e-01 -7.689803e-01 6.391787e-01 8.136825e-01 2.717757e-06 1.629538e-01 2.582341e-01 1.656054e-01 6.313642e-02 -1.460575e-02 -2.285651e-01 -8.036458e-02 -2.368821e-01 -4.752181e-02 2.759292e-01 -1.845708e-01 -4.981335e-01 -1.428915e-07 
-9.136744e+00 1.174895e+00 4.275376e-01 2.413105e+00 -2.165383e+00 7.324134e-01 -1.439337e+00 4.922729e+00 -1.288050e+00 7.114050e+00 8.059647e+00 3.801385e+00 -1.512926e-01 -4.971027e-03 2.390919e-02 4.419508e-01 -6.237674e-01 -7.255622e-01 -9.493342e-01 4.159332e-01 -1.769763e+00 -8.754950e-01 -2.708055e-01 7.099844e-01 3.657101e-01 2.717757e-06 2.118572e-01 3.626005e-01 1.442578e-01 2.466787e-01 7.207227e-02 -4.458381e-02 -9.001181e-02 -7.333253e-02 7.797609e-02 2.316086e-01 -5.137101e-01 -9.032767e-01 -1.428915e-07 
-8.691108e+00 2.892285e+00 1.025935e+00 1.480578e+00 -1.068043e+00 7.831634e-01 -2.509022e+00 -5.580276e-01 9.881009e-01 -1.251588e+00 4.916043e+00 2.262821e+00 -1.512926e-01 5.692033e-01 8.115702e-01 6.899099e-01 2.572512e-01 -2.851407e-01 -7.468749e-01 -1.558527e-01 -2.501589e+00 -5.200951e-01 3.614970e-01 -3.191984e-01 -1.452873e+00 2.717757e-06 1.178063e-01 1.782458e-01 -6.606103e-02 2.966233e-01 1.166721e-01 6.779363e-02 -1.572187e-01 4.703863e-01 1.973476e-01 4.974978e-01 -5.206833e-01 -8.923427e-01 -1.428915e-07 
-8.111829e+00 3.711749e+00 2.660581e+00 6.211700e-02 -3.328463e+00 -3.726464e+00 -1.408092e+00 6.736128e-01 -2.126454e+00 5.422384e+00 6.841942e+00 7.919323e-01 -1.512926e-01 5.267940e-01 9.397113e-01 4.591886e-01 7.345821e-01 -7.182749e-02 7.196049e-02 8.183736e-02 -1.317846e+00 -7.035998e-02 -1.761967e-01 -1.450378e+00 -2.569356e+00 2.717757e-06 1.018825e-02 -2.537064e-01 -4.646335e-01 9.643286e-02 1.980595e-01 3.456858e-01 -2.046131e-01 8.643031e-01 3.304107e-01 2.697112e-01 -5.008999e-01 -2.996035e-01 -1.428915e-07 
-5.954598e+00 6.148332e+00 2.975104e+00 5.075998e+00 -1.000787e+00 -5.636013e-01 -3.956098e+00 -4.221038e+00 -3.511712e-01 6.753739e+00 2.846269e+00 -5.696209e+00 -1.512926e-01 1.576348e-01 1.216362e-01 -2.836686e-01 5.569646e-01 -1.266247e-01 -2.240800e-01 -3.165844e-01 6.580055e-01 1.038684e-01 1.671140e+00 -8.839328e-01 -2.180325e+00 2.717757e-06 -1.631965e-01 -6.734697e-01 -5.215725e-01 -5.090212e-01 -3.628839e-03 2.542476e-01 8.169594e-02 1.076391e+00 1.933562e-01 1.611979e-02 -5.032205e-02 8.929430e-01 -1.428915e-07 
-7.871273e+00 4.245440e+00 1.748390e+00 4.288436e+00 -2.558302e+00 1.765450e+00 -3.059367e-01 1.647963e-01 -9.702110e-01 2.230046e+00 1.842753e+00 -5.066069e+00 -1.512926e-01 2.516825e-01 -8.995649e-01 -1.394538e+00 -2.915379e-01 1.855534e-01 5.177084e-01 -5.268487e-01 9.719185e-01 4.645452e-01 4.228942e-01 -1.512234e+00 -7.685980e-01 2.717757e-06 -1.291634e-01 -6.659537e-01 -2.337564e-01 -5.865560e-01 3.194645e-03 1.269812e-01 1.351118e-01 6.307486e-01 7.876510e-02 1.604123e-01 3.601206e-01 1.378763e+00 -1.428915e-07 
-8.022896e+00 3.233707e+00 6.375591e-02 2.152238e+00 -2.086496e+00 -3.083490e+00 -4.642878e+00 2.986415e+00 9.293549e-01 8.700315e+00 2.995913e+00 -5.710249e+00 -1.512926e-01 -1.091266e-01 -1.636079e+00 -9.912343e-01 -1.774682e+00 -4.319053e-01 3.014144e-01 5.570513e-01 1.735518e+00 1.792254e-01 1.426155e-01 -5.397751e-01 2.111557e+00 2.717757e-06 -1.178190e-01 -2.919482e-01 2.732404e-01 -2.084708e-01 1.264129e-01 2.968626e-01 3.272795e-01 -6.972285e-02 -5.712909e-02 -3.218984e-01 2.817615e-01 1.082413e+00 -1.428915e-07 
-5.819498e+00 6.710334e-01 -2.856349e+00 6.566138e-02 -1.858431e+00 1.221540e-01 -3.698786e+00 1.929260e+00 -4.438744e-01 6.563492e+00 -7.938640e-01 -3.043948e+00 -1.512926e-01 1.436588e-02 -1.511226e+00 -3.558838e-01 -1.032467e+00 9.665162e-02 4.440357e-01 3.205247e-01 1.297060e+00 2.857806e-01 1.390171e+00 1.781522e-01 2.178471e+00 2.717757e-06 -1.828191e-01 9.856909e-02 6.020654e-01 3.165659e-01 3.007579e-01 2.062136e-01 1.613989e-01 -4.142561e-01 -2.619914e-01 -3.739224e-01 2.994272e-01 2.624815e-01 -1.428915e-07 
-7.526719e+00 -2.446907e-01 3.217235e-01 -1.685971e+00 -3.510005e+00 1.765031e+00 5.248150e-01 3.574277e+00 2.821306e-01 5.300162e+00 1.465939e+00 3.850527e+00 -1.512926e-01 -3.126037e-01 -1.032273e+00 5.632274e-01 -1.149486e-01 5.498464e-01 1.297064e+00 8.961337e-01 1.467623e-01 -9.239311e-02 -4.218841e-01 -3.201196e-01 1.758178e+00 2.717757e-06 -1.277070e-01 3.058220e-01 4.283784e-01 6.235873e-01 4.771301e-01 2.448302e-01 -2.207350e-01 -7.568692e-01 -1.351940e-01 -6.486205e-01 -1.853973e-01 -5.312088e-01 -1.428915e-07 
-8.047681e+00 -1.571526e+00 -1.595484e-01 1.045683e+00 -1.363364e+00 1.561611e+00 -1.287400e+00 6.356081e+00 7.823203e-01 1.088087e+01 3.498572e+00 1.046066e+00 -1.512926e-01 -5.609072e-01 -7.087690e-01 8.385221e-01 4.613442e-01 1.198344e+00 1.051076e+00 1.104267e-01 -3.049951e-01 -7.095059e-01 -1.164465e+00 -1.249434e-01 7.205229e-01 2.717757e-06 -7.765387e-02 3.362363e-01 9.808238e-02 2.519732e-01 1.036425e-02 4.186736e-03 -3.898946e-03 -7.822138e-01 -2.682208e-02 -7.394035e-01 -3.242432e-01 -4.526012e-01 -1.428915e-07 
-8.471449e+00 -8.062078e-01 1.531653e+00 1.087506e+00 4.151361e-01 2.681888e+00 -1.367657e+00 1.506807e+00 -1.453906e-01 4.432277e+00 -7.513146e-01 1.035957e+00 -1.512926e-01 -4.602674e-01 -5.081091e-01 5.535375e-01 5.964209e-01 1.402972e+00 1.221929e+00 -4.417457e-01 -1.247928e+00 8.311063e-04 -1.823179e+00 -1.315084e+00 1.844071e-01 2.717757e-06 6.016474e-02 2.779002e-01 -7.768561e-02 -4.691849e-03 -5.821416e-01 -5.383396e-01 1.170496e-02 -2.991684e-01 1.427672e-01 -5.144930e-02 -1.039389e-01 -5.679938e-01 -1.428915e-07 
-8.151193e+00 -2.591782e+00 7.311147e-01 9.861370e-01 2.170881e+00 4.919086e+00 -2.200247e+00 1.438009e+00 -3.777453e+00 1.174903e+00 -3.095947e-01 1.966004e+00 -1.512926e-01 -3.002984e-01 -9.199316e-02 1.395244e-01 -1.283149e-01 -2.779877e-01 5.025240e-01 9.701001e-01 -1.916606e+00 1.050719e-01 -1.606170e+00 -9.455259e-01 7.023388e-01 2.717757e-06 4.146188e-02 1.458066e-01 1.145505e-01 9.490334e-02 -9.296942e-01 -8.100236e-01 -7.706251e-02 2.561475e-01 2.148913e-01 2.624568e-01 1.037618e-01 -5.363243e-01 6.152915e-04 
-9.775798e+00 -2.275177e+00 2.643796e+00 1.325689e+00 1.737507e+00 6.196226e+00 -1.227360e+00 -2.064231e-01 2.566432e+00 1.037357e+00 -3.205835e+00 4.312742e+00 -1.512926e-01 -1.418676e-01 4.884327e-02 5.244679e-01 1.564900e-01 -1.622627e+00 -1.120300e+00 5.249714e-01 -5.433363e-01 2.142192e-01 -4.582493e-01 -4.294868e-01 -1.072621e+00 2.717757e-06 -9.566687e-02 -1.616070e-01 1.992952e-01 2.103820e-01 -4.192185e-01 -7.394720e-01 -5.515897e-01 9.455595e-01 -1.055368e-01 4.679277e-01 7.892620e-01 -3.129976e-01 2.912085e-03 
-8.896674e+00 -1.297034e+00 -1.834127e-02 2.850585e-01 -3.414935e+00 2.316990e+00 3.493098e+00 -2.370503e+00 -4.793338e-02 4.547771e+00 -1.652752e-03 2.919358e+00 -1.512926e-01 -5.125649e-01 -2.582203e-01 1.425831e+00 1.155749e+00 -1.937360e+00 -1.827783e+00 -7.580563e-01 6.235245e-01 2.582855e-01 -5.347248e-01 -4.900501e-02 -1.332482e+00 3.080166e-03 -2.170055e-01 -4.722528e-01 1.120749e-01 1.892629e-01 4.643237e-01 -2.155175e-01 -8.472223e-01 9.993209e-01 -3.171752e-01 4.020858e-01 1.251514e+00 2.792730e-01 5.804804e-03 
-8.808228e+00 -1.209297e+00 4.528383e+00 2.220645e+00 -4.905700e+00 -1.618448e+00 -1.589436e+00 6.943988e-01 -9.393100e-01 4.550293e-01 -3.052586e+00 -4.803792e+00 -1.512926e-01 -8.322831e-01 -1.233115e+00 9.068614e-01 1.006149e+00 1.366319e-01 -1.310274e+00 -2.335620e+00 2.209812e+00 -6.033210e-01 -1.920509e-02 2.182953e+00 -3.631745e-01 1.302269e-02 -1.172058e-01 -4.327649e-01 -3.915493e-01 -3.377739e-01 7.258411e-01 3.294815e-01 -1.854482e-01 1.533523e-02 -4.375214e-01 6.060712e-01 1.350121e+00 9.065323e-01 7.074692e-03 
-1.119824e+01 -4.415710e+00 6.917593e+00 6.317595e+00 -4.194199e+00 -3.127868e-01 -5.809361e+00 4.105343e+00 -7.331898e-01 -1.207110e+00 -6.315995e-01 -1.381142e-01 -1.359031e-01 -1.040155e+00 -1.812262e+00 5.086581e-01 3.932275e-01 1.163984e+00 -4.800785e-01 -1.835806e+00 1.703426e+00 -1.071942e+00 1.848938e-01 4.006001e+00 1.744025e+00 2.251486e-02 1.237851e-01 6.137883e-02 -6.764593e-01 -9.694063e-01 2.887426e-01 6.005869e-01 7.156938e-01 -9.376608e-01 -2.120986e-01 7.744412e-01 6.799622e-01 4.717502e-01 5.279823e-03 
-1.278591e+01 -6.881371e+00 3.709965e+00 3.340315e+00 2.810574e+00 9.597402e-01 -8.254442e+00 7.604701e+00 -1.076981e-01 3.818552e+00 8.024309e+00 4.025753e+00 -9.386322e-02 -4.642226e-01 -1.337875e+00 -9.746085e-01 -1.151222e+00 4.558353e-01 -1.466956e-01 1.366889e-01 -1.006561e+00 -1.308196e+00 2.212381e+00 4.293699e+00 1.921655e+00 2.565005e-02 2.037322e-01 5.506547e-01 -3.229499e-01 -8.226314e-01 -5.029299e-01 5.089383e-01 1.093231e+00 -1.259499e+00 2.562444e-01 2.184125e-01 -8.586555e-01 -2.523921e-01 1.377933e-03 
-1.210847e+01 -7.522353e+00 2.934238e+00 1.691114e+00 -1.452871e+00 -1.372667e+00 -2.354022e+00 2.691313e+00 -5.823374e+00 3.790146e+00 1.448965e+01 7.224754e+00 -6.742358e-02 -7.792392e-02 1.009948e-01 -1.015714e+00 -2.612646e+00 -6.531379e-01 5.932932e-01 1.584437e+00 -2.456676e+00 -4.497372e-01 2.221645e+00 2.295479e+00 -1.162119e-01 2.316730e-02 8.538294e-02 6.000730e-01 5.571006e-02 -3.214199e-01 -4.478970e-01 4.016114e-01 5.879490e-01 -4.033502e-01 4.145555e-01 -4.554475e-01 -1.877789e+00 -7.690229e-01 5.567631e-04 
-1.067387e+01 -6.345424e+00 1.646954e+00 -1.222367e+00 -3.996981e+00 -1.822287e+00 -2.634002e+00 -3.631420e+00 -4.935054e+00 9.018390e+00 1.085528e+01 1.123009e+00 -5.726936e-02 -2.948049e-01 5.635082e-01 5.425340e-02 -1.604133e+00 -1.469348e+00 6.976722e-01 1.420215e+00 -2.007706e+00 3.667847e-01 5.441243e-02 -1.254939e+00 -6.950557e-01 1.958753e-02 -2.083439e-01 2.143067e-01 4.377068e-01 4.208085e-01 8.809263e-02 1.013069e-01 -1.556648e-01 7.088946e-01 3.558444e-01 -1.171521e+00 -1.640852e+00 -2.656300e-01 3.619746e-03 
-1.264401e+01 -4.178820e+00 2.870750e+00 -4.464057e+00 -4.056146e+00 4.044590e+00 -6.974193e-01 -2.559919e+00 -5.678182e-01 7.301307e+00 9.429880e+00 7.321195e-01 -3.836633e-02 -6.978037e-01 2.372645e-01 2.727348e-01 -9.874848e-01 -1.130851e-01 1.105740e+00 4.619752e-01 1.872955e-01 1.634874e-01 -1.013386e+00 -2.608670e+00 -7.927837e-01 2.832910e-02 2.406209e-02 -2.055658e-02 3.075401e-01 7.938345e-01 5.349319e-01 -3.615661e-01 -5.844162e-01 9.419115e-01 1.397968e-01 -7.661756e-01 -6.309130e-01 1.982443e-01 8.981297e-03 
-1.399209e+01 -5.735776e+00 4.013177e+00 -1.602679e+00 -3.234405e+00 1.739446e+00 -1.981531e+00 1.917302e-01 -9.016175e-01 2.334700e+00 4.279605e+00 3.796892e+00 -1.045099e-02 -1.196169e+00 -3.344839e-01 5.696533e-01 1.401677e-01 6.262304e-01 1.035666e-01 -8.039027e-02 1.215914e+00 1.645058e-01 -2.027672e+00 -1.458538e+00 9.319236e-01 4.117586e-02 9.295411e-01 3.818771e-01 6.048188e-02 5.208154e-01 6.046007e-01 -2.308273e-01 -3.515877e-01 2.685126e-01 2.529027e-01 1.012030e-01 3.308845e-01 -9.400550e-02 2.172096e-02 
-1.393864e+01 -6.640721e+00 3.115217e+00 -3.056229e+00 -2.399011e+00 2.375290e+00 -3.702648e-01 1.716130e+00 -7.023082e+00 2.064841e+00 4.734306e+00 1.923882e+00 5.080816e-02 4.931741e-01 4.472405e-01 2.642689e-01 4.844782e-01 9.737904e-01 -9.173906e-01 -5.871854e-01 6.410437e-01 3.503987e-01 -5.681336e-01 -7.573249e-01 6.150805e-02 5.727906e-02 2.194437e+00 8.116875e-01 -4.936950e-01 1.417301e-01 2.034491e-01 7.659073e-03 -1.453701e-01 -6.019598e-01 6.335735e-01 5.624415e-01 -1.029021e-02 -5.954850e-01 4.157803e-02 
-1.600693e+01 -6.786866e+00 4.372945e+00 -1.225556e+00 -1.694083e+00 -4.696507e-01 -3.199477e+00 3.102979e-01 -8.849784e-01 1.498211e+00 5.910543e+00 5.186626e+00 1.040037e-01 3.757376e+00 2.367895e+00 3.609638e-01 2.638059e-01 1.010194e+00 5.550508e-01 1.867202e-01 -8.920488e-01 1.537873e+00 3.377463e-01 -5.260878e-01 -1.592255e+00 1.137182e-01 2.703937e+00 6.786982e-01 -1.120382e+00 -4.594295e-01 2.435988e-01 2.359389e-01 -4.669639e-02 -6.606749e-01 4.978186e-01 5.821664e-01 -8.114437e-01 -1.120277e+00 5.322162e-02 
-9.170763e+00 -1.416858e+00 4.011718e+00 -2.230743e+00 4.244500e-02 5.621279e-01 -3.024259e+00 5.860777e-01 1.175545e+00 4.878927e+00 4.827338e+00 3.448809e-01 1.907889e-01 7.797692e+00 2.944484e+00 -2.091495e+00 -3.407618e-01 7.121943e-01 9.182404e-01 -3.983631e-01 -1.768568e+00 2.644714e+00 6.160540e-01 -3.126419e+00 -2.508085e+00 1.999387e-01 1.560916e+00 -2.352865e-01 -1.341931e+00 -6.741503e-01 5.365142e-01 4.248766e-02 -6.605560e-02 -1.426846e-01 8.772261e-02 -1.317999e-01 -8.704842e-01 -6.733506e-01 4.209415e-02 
2.410442e+00 3.491654e+00 5.369423e+00 -6.963804e-01 5.956663e-01 5.421134e+00 2.791429e-01 -3.703439e+00 2.688338e+00 2.616146e+00 1.602602e+00 -3.374743e+00 4.881426e-01 8.671369e+00 1.810486e+00 -3.854443e+00 -1.744351e+00 1.975085e+00 3.655265e-01 -4.081699e-01 -8.825725e-01 1.506490e+00 2.910331e-01 -4.331169e+00 -3.384771e+00 2.359501e-01 -4.674245e-01 -1.187279e+00 -9.522561e-01 -5.500829e-01 8.767983e-01 -4.349060e-01 -2.716258e-01 5.554828e-01 -5.392564e-01 -6.638892e-01 8.821774e-03 1.582181e-01 1.092386e-03 
1.584077e+01 2.942420e+00 -7.840560e+00 -5.024778e+00 1.716066e-02 4.021103e+00 -4.101296e+00 -5.119811e+00 4.414043e+00 4.585895e+00 -8.744102e+00 -6.336178e+00 8.584381e-01 5.840929e+00 -4.504776e-01 -4.337713e+00 -1.882255e+00 3.173854e+00 -6.102149e-01 -6.199301e-01 -7.724500e-02 8.045775e-01 -1.203885e+00 -3.207359e+00 -2.409103e+00 2.066306e-01 -2.205717e+00 -1.248030e+00 2.956285e-01 3.442853e-02 8.615691e-01 -3.869773e-01 -8.884637e-02 8.620759e-01 -9.313446e-01 -1.011234e+00 1.363551e+00 9.531580e-01 -4.552632e-02 
1.484404e+01 8.620327e-02 -8.972772e+00 -8.550373e+00 8.194116e+00 -3.715059e-01 -4.701079e+00 -1.249526e+00 5.027989e+00 3.099800e+00 -8.959373e+00 -8.396770e+00 9.499316e-01 2.398519e+00 -1.870989e+00 -3.277231e+00 -1.715819e+00 4.163270e+00 -8.550782e-01 -1.060571e+00 1.039606e+00 -2.384783e-01 -2.071823e+00 -4.417264e-01 -8.506501e-01 1.158314e-01 -2.319314e+00 -6.249860e-01 9.915966e-01 7.136524e-01 -4.709146e-02 1.370299e-01 -1.220613e-01 4.974206e-01 -5.844616e-01 -8.303593e-01 1.507304e+00 1.374273e+00 -6.300856e-02 
1.381670e+01 -1.966342e+00 -1.050562e+01 -7.714963e+00 1.211268e+01 4.077806e-01 -3.633232e+00 -1.027029e+00 4.028629e+00 -1.382032e+00 -5.928273e+00 -9.189500e+00 9.930606e-01 -9.440424e-02 -1.454873e+00 -9.018833e-01 -1.829368e-01 3.926071e+00 -4.062934e-01 -5.165433e-01 1.580712e+00 -1.139522e+00 -3.258770e+00 1.746537e+00 9.905962e-01 3.236501e-02 -1.410003e+00 1.486494e-01 1.009320e+00 9.316677e-01 -8.868744e-01 4.740570e-01 -1.862251e-01 1.365670e-01 -1.507884e-01 -8.723743e-02 6.252606e-01 1.090028e+00 -5.309067e-02 
1.541554e+01 -3.408739e+00 -9.683915e+00 -7.930107e+00 1.536374e+01 2.952415e+00 -5.257977e+00 -5.518796e-01 1.688638e+00 -4.759011e+00 -2.013732e+00 -6.201108e+00 9.999999e-01 4.249230e-02 -8.122500e-01 -6.144507e-01 9.741472e-01 1.363502e+00 9.487217e-01 -1.070212e+00 7.756233e-01 -4.437197e-01 -2.833227e+00 7.284096e-01 1.786663e+00 8.039881e-03 -5.889164e-01 5.322738e-01 6.897521e-01 7.461841e-01 -1.372924e+00 4.898404e-01 -1.120904e-01 -3.691733e-01 4.579507e-01 5.617851e-01 -3.705768e-01 3.738910e-01 -2.934412e-02 
1.508265e+01 -2.584512e+00 -1.199431e+01 -6.249362e+00 1.606260e+01 3.276709e-01 -6.405468e+00 2.434856e+00 3.860397e-01 -7.778295e+00 -3.484209e+00 -2.480922e+00 9.952215e-01 -3.133954e-02 -2.366656e-01 -6.225086e-01 1.431172e+00 1.393143e-01 8.580649e-01 -1.546090e+00 7.374792e-01 1.533041e-01 -1.259370e+00 -6.662515e-01 1.722437e+00 -4.928128e-03 -1.228780e-01 4.152121e-01 4.724729e-01 3.766405e-02 -1.185723e+00 5.340863e-01 -2.198933e-01 -5.436288e-01 6.437842e-01 9.874773e-01 -4.947014e-01 -4.302256e-01 -1.183706e-02 
1.442368e+01 -3.665934e+00 -1.130032e+01 -4.412309e+00 1.303607e+01 4.412004e+00 -8.666142e+00 8.978668e-01 4.630690e+00 -7.867999e+00 -6.539108e+00 -2.817614e+00 9.890552e-01 -5.776072e-01 1.813683e-01 3.181366e-02 1.207929e+00 -8.079497e-01 9.619941e-01 -1.106114e+00 -3.845484e-01 1.404934e+00 -2.626258e-01 -1.088058e+00 6.528925e-01 -1.224934e-02 -5.918096e-02 2.544177e-01 4.824829e-01 -5.113743e-01 -4.292066e-01 1.468156e-01 1.280545e-01 -3.164489e-01 1.274512e-01 8.155838e-01 1.744761e-01 -7.472721e-01 -5.764297e-03 
1.415590e+01 -3.020941e+00 -1.280981e+01 -2.317935e+00 1.397260e+01 3.968256e+00 -9.659858e+00 1.935700e+00 3.324357e+00 -6.124753e+00 -6.996334e+00 -2.269190e+00 9.738941e-01 -3.989606e-01 1.244675e-01 1.137277e+00 -1.114785e-01 -9.169054e-01 2.257621e+00 -1.597950e+00 -5.572721e-01 1.155071e+00 3.933290e-01 1.811792e-01 -5.935654e-01 -1.667786e-02 9.228154e-02 1.267246e-01 3.000416e-01 -5.791438e-01 -9.881149e-02 -1.915268e-01 6.506884e-01 -2.204081e-01 -3.031124e-01 3.840190e-01 4.133242e-01 -4.765779e-01 -1.383540e-03 
1.299103e+01 -2.283700e+00 -9.117263e+00 -3.855841e+00 1.236907e+01 5.942057e+00 -9.161162e+00 -2.225002e+00 7.244036e+00 -6.898823e+00 -5.698218e+00 -3.042544e+00 9.494221e-01 -6.979362e-02 2.791866e-01 9.181832e-01 -8.114095e-01 -2.544849e-01 9.830273e-01 -4.040144e-01 -1.592669e-01 -3.074476e-01 4.183609e-01 1.177065e+00 -7.917088e-01 -1.489952e-02 2.123171e-01 1.022686e-01 -1.132410e-01 -2.415908e-01 9.002100e-02 -7.751950e-01 1.053347e+00 1.755055e-01 -9.064677e-01 1.880824e-01 2.078446e-01 9.515246e-02 1.441783e-03 
1.380357e+01 -2.653198e+00 -7.399790e+00 -7.084418e+00 1.181180e+01 1.085097e+01 -1.414751e+01 1.209949e+00 4.854807e+00 -6.296685e+00 -2.998497e+00 -5.336209e+00 9.316434e-01 1.760928e-01 3.481435e-01 4.346069e-01 -4.547609e-01 -6.315511e-01 -1.101404e-01 1.356222e+00 -4.771614e-01 -5.060235e-01 3.202042e-01 2.679096e-01 6.195593e-02 -1.051719e-02 6.315413e-02 1.634087e-01 -2.956465e-01 2.132057e-01 1.916555e-02 -1.189876e+00 1.206861e+00 3.204691e-01 -9.700057e-01 1.538488e-01 -2.130321e-01 4.753037e-01 1.441783e-03 
1.425067e+01 -2.453659e+00 -9.415002e+00 -6.086320e+00 1.284492e+01 5.885435e+00 -8.442525e+00 4.645824e-01 2.328392e+00 -5.690063e+00 -2.652694e+00 -5.242418e+00 9.356840e-01 1.965284e-01 5.809529e-01 -1.829958e-01 1.715270e-01 -5.003699e-01 -1.730040e+00 2.683463e+00 4.529508e-01 -2.296817e+00 7.144078e-01 -9.217278e-02 8.009626e-01 -8.115279e-03 -1.090042e-01 1.591639e-01 -7.460008e-02 3.275078e-01 -1.993837e-01 -5.406545e-01 2.864892e-01 4.888956e-01 -5.455220e-01 -2.270825e-02 -1.213979e-01 2.529533e-01 -1.071389e-03 
1.440618e+01 -1.195259e+00 -1.048774e+01 -3.476593e+00 1.057742e+01 3.446075e+00 -3.237461e+00 -1.794938e+00 3.252028e+00 -5.128292e+00 -7.179873e+00 -8.595181e-01 9.281825e-01 -2.165783e-01 7.906548e-01 2.096996e-01 4.631436e-01 -6.980997e-01 -2.335281e+00 2.892564e+00 7.389922e-01 -2.700079e+00 1.014495e+00 -2.491824e-01 9.866548e-01 -1.286714e-02 -1.327660e-01 9.261086e-02 1.795262e-01 4.878248e-02 -8.645011e-02 1.574957e-01 -7.822168e-01 5.510667e-01 1.286013e-02 -3.347144e-01 3.834166e-01 -2.871075e-01 -3.095051e-03 
1.367236e+01 -1.078209e-01 -8.488215e+00 -4.802191e+00 1.048437e+01 9.941328e-01 -1.198566e+00 1.541938e+00 -3.438560e+00 -3.910935e+00 -4.068722e+00 -1.275961e+00 9.105795e-01 -4.185172e-01 8.538577e-01 6.576783e-01 3.672661e-01 -1.218099e+00 -6.078529e-01 2.603543e-01 1.677147e+00 -1.937992e+00 -4.236455e-02 8.286957e-01 1.071813e-02 -1.908555e-02 -6.598335e-03 -6.915706e-02 2.780122e-01 -1.383482e-01 -3.922962e-02 6.853961e-01 -1.286463e+00 8.898822e-02 1.095837e+00 -7.300420e-01 2.215329e-01 -2.629356e-01 -2.724371e-03 
1.301047e+01 1.270637e-01 -6.814163e+00 -5.410761e+00 9.501316e+00 1.620330e+00 -3.306078e+00 4.366192e+00 -5.762251e+00 -2.113867e+00 -3.536855e+00 -2.386007e+00 8.798709e-01 -1.803216e-01 6.747525e-01 9.118593e-01 -3.087598e-01 -7.048696e-01 1.162766e-01 -1.343140e+00 1.665999e+00 -6.211882e-01 -9.751488e-01 1.724559e+00 -9.784759e-01 -2.051168e-02 1.121342e-01 -2.109474e-01 1.153399e-01 -1.519374e-01 1.613709e-01 4.747410e-01 -7.069166e-01 -5.428224e-01 1.411670e+00 -5.782188e-01 -1.690746e-01 2.447877e-03 -1.597656e-04 
1.285593e+01 1.154590e+00 -7.963523e+00 -3.282715e+00 7.292476e+00 3.759383e+00 -7.106338e+00 5.769683e+00 -2.854496e+00 -7.409014e+00 -3.305088e-01 -4.425819e+00 8.644112e-01 1.455492e-01 2.930693e-01 8.559639e-01 -1.343554e-01 -6.929904e-01 4.711427e-01 -1.630861e+00 4.343964e-01 2.142951e+00 -1.941145e+00 2.851272e-02 4.689023e-01 -1.791923e-02 9.396785e-02 -2.927659e-01 -1.012218e-01 3.642867e-02 3.183110e-01 -1.060863e-01 3.977237e-01 -1.026213e+00 8.340731e-01 2.356503e-01 -6.672774e-01 3.455408e-01 2.094462e-03 
1.391340e+01 1.547401e+00 -6.190954e+00 -5.779731e+00 8.649234e+00 2.644979e+00 -6.999125e+00 4.421231e+00 -1.460697e-01 -8.254848e+00 -4.260645e-01 -4.177302e+00 8.487055e-01 6.204895e-02 1.623717e-02 6.872579e-01 -4.567521e-02 -1.537040e-01 -5.008869e-01 3.037368e-01 -1.353681e+00 2.317735e+00 -9.272531e-01 -6.945474e-01 7.697900e-01 -1.424131e-02 -4.944628e-02 -2.651945e-01 -3.708117e-01 4.373979e-01 1.407521e-01 -2.110981e-01 8.499134e-01 -8.923477e-01 -1.604885e-01 8.517864e-01 -7.291073e-01 4.117304e-01 2.805670e-03 
1.394791e+01 6.474697e-01 -4.520185e+00 -5.289543e+00 7.445193e+00 2.837493e+00 -7.506398e+00 3.686111e+00 4.468375e+00 -1.054603e+01 -5.481504e+00 1.964038e+00 8.365661e-01 -6.979362e-02 -2.806884e-01 2.637589e-01 4.177753e-01 9.792894e-02 -8.295458e-01 1.425700e+00 -1.943999e+00 7.629182e-01 1.111962e+00 -1.298107e+00 8.642037e-01 -1.174702e-02 -2.569407e-01 1.527069e-02 -4.695489e-01 4.810480e-01 6.430933e-02 -1.648003e-01 7.665198e-01 -2.765503e-01 -1.165261e+00 9.516547e-01 -1.022343e-01 8.843587e-02 2.947557e-03 
1.277429e+01 4.614671e-01 -5.099609e+00 -4.635960e+00 8.656818e+00 -4.235142e-01 -1.586985e+00 -1.360775e+00 2.165058e+00 -5.181367e+00 -4.434718e+00 -1.731998e+00 8.225645e-01 -3.198550e-01 -3.642586e-01 -6.460704e-01 1.602234e+00 -3.965234e-01 -2.888670e-01 1.378329e+00 -1.606515e+00 -7.335757e-01 1.757273e+00 -1.257702e+00 8.825669e-01 -9.564510e-03 -2.937332e-01 2.343233e-01 -3.008848e-01 2.841519e-01 -7.769825e-02 4.143544e-02 2.703025e-01 4.267245e-01 -1.141451e+00 2.425937e-01 1.586184e-01 2.103889e-01 3.123142e-03 
1.307607e+01 2.942654e-01 -7.189986e+00 -1.765366e+00 7.778441e+00 1.145964e+00 -2.683627e+00 -1.059525e+00 -1.956472e-01 -3.385793e+00 -4.816941e+00 -1.327069e+00 8.187523e-01 -9.483046e-01 5.596721e-01 -8.251802e-01 1.446980e+00 -2.500143e-01 -4.589328e-01 1.664388e+00 -8.219719e-01 -2.157583e+00 1.474827e+00 -2.011451e-01 8.546190e-01 -5.517059e-03 -2.648358e-01 2.193304e-01 1.422127e-01 -1.670561e-01 -1.418291e-01 1.239408e-02 2.651228e-01 4.885884e-01 -6.059040e-01 -4.158249e-01 3.237562e-01 1.037434e-01 2.972387e-03 
1.274999e+01 -9.729250e-02 -8.086123e+00 4.693663e-01 6.500065e+00 2.046463e+00 -2.518824e+00 -1.238401e+00 -1.481946e+00 -3.048282e+00 -7.047176e+00 1.881199e+00 8.097927e-01 -9.674218e-01 7.676387e-01 -2.727548e-01 8.605337e-01 -3.680391e-01 -4.791787e-01 1.535902e+00 2.188301e-01 -1.929382e+00 1.043777e-01 -4.500178e-01 1.826525e+00 -1.740977e-03 -4.438731e-02 -3.710723e-02 5.379150e-01 -4.905493e-01 -8.140666e-02 -1.817937e-01 2.467348e-01 4.544883e-01 8.716566e-02 -7.200586e-01 1.731331e-01 7.914870e-03 1.629783e-03 
9.218427e+00 3.725035e+00 -7.152768e+00 -6.074165e-01 7.273766e+00 -6.919444e-01 1.281436e+00 -4.851304e-01 -4.495987e+00 -4.238354e+00 -5.181135e+00 4.430402e+00 8.153793e-01 -1.070259e+00 2.501425e-01 7.882367e-01 -4.644635e-02 -6.255477e-01 -6.723024e-01 2.672493e+00 -4.136940e-01 -1.668780e+00 -1.406198e-01 -8.309176e-02 9.108731e-01 -7.940701e-04 2.995460e-01 -4.327649e-01 6.714182e-01 -2.350021e-01 -4.920024e-01 1.956914e-01 -1.748945e-01 4.947325e-01 6.397463e-01 -7.751917e-01 2.938006e-02 -2.847255e-01 -2.213578e-03 
9.865742e+00 2.584453e+00 -6.482126e+00 -9.129421e-01 7.068457e+00 -1.900719e+00 4.110036e+00 -5.536363e-01 -5.331335e+00 -4.233121e+00 -6.502689e+00 4.521666e+00 8.155549e-01 -4.811424e-01 -3.950381e-01 1.236827e+00 -1.036387e-01 -6.158400e-01 -1.091056e+00 2.108021e+00 4.618697e-01 -5.421281e-01 -1.035166e+00 -4.512023e-01 8.940327e-01 -3.779138e-03 3.616334e-01 -4.217052e-01 4.899456e-01 2.875050e-01 -8.229414e-01 4.180788e-01 -3.526237e-01 3.589468e-01 7.612064e-01 -4.144432e-01 1.002494e-01 -5.169946e-01 -6.007279e-03 
9.167399e+00 2.040216e-01 -4.050590e+00 -1.306368e+00 4.366572e+00 -2.419044e-01 7.364426e+00 -3.470402e+00 -6.614577e+00 -3.496428e+00 -5.504582e+00 1.907314e+00 8.118833e-01 3.061774e-01 -1.022865e+00 1.777115e+00 7.539889e-01 -2.586113e+00 8.254465e-01 5.038619e-01 1.530065e+00 3.475289e-01 -1.831457e+00 -5.387455e-02 -1.028650e-01 -1.555774e-02 2.721816e-01 -1.727446e-01 2.537585e-01 5.153445e-01 -7.658318e-01 2.413052e-01 -9.687494e-02 1.514665e-01 7.026345e-01 -9.766988e-02 1.083074e-01 -3.654808e-01 -7.323280e-03 
1.036969e+01 -3.121229e-01 -3.452922e+00 3.006538e-01 4.874282e+00 -3.633772e+00 4.979384e+00 2.563963e+00 -3.133285e+00 -8.594975e+00 -9.141109e+00 7.612835e+00 7.926289e-01 1.523611e-01 -7.043850e-01 1.682460e+00 1.897835e+00 -3.502466e+00 8.623391e-01 8.572389e-01 1.041677e+00 8.686402e-01 -1.122482e+00 3.654087e-02 -2.516516e-01 -2.439169e-02 1.739345e-02 8.618531e-02 2.276749e-01 1.846155e-01 -4.205536e-01 -2.064573e-02 6.567097e-01 -5.064183e-01 2.251020e-01 3.256387e-01 3.310911e-01 -3.926205e-01 -4.393315e-03 
1.049702e+01 5.887945e-02 2.180986e-01 2.555943e+00 -4.559304e+00 4.301696e+00 3.365667e+00 5.606616e+00 -3.857252e+00 -1.121470e+01 -4.130743e+00 2.370372e+00 7.490430e-01 -2.606584e-02 -4.590629e-01 1.834234e+00 1.529491e+00 -3.011334e+00 -4.423986e-01 2.813611e+00 5.367149e-02 1.139055e+00 -5.853800e-01 2.147395e-01 -3.435572e-01 -2.710539e-02 -1.645762e-01 2.394248e-01 1.515770e-01 -2.900059e-01 4.457816e-01 -6.370907e-01 9.605004e-01 -9.172315e-01 3.267803e-02 2.895397e-01 4.002041e-01 -1.000906e-02 8.245746e-04 
9.962936e+00 -8.648663e-01 -2.044282e-01 6.645450e+00 -5.980790e+00 1.393504e-01 1.039520e+01 1.161982e-01 -2.366871e+00 -5.986833e+00 -7.006791e+00 3.031682e+00 7.250102e-01 -2.280047e-01 -2.460730e-01 2.346676e+00 4.317842e-01 -2.506025e+00 -5.604998e-01 4.236760e+00 -1.332100e+00 1.877424e-01 -3.004569e-02 1.070067e+00 -9.487365e-01 -1.996894e-02 -1.500125e-01 3.356132e-01 4.544885e-02 -6.126755e-01 8.553884e-01 -4.635791e-01 2.743816e-01 -6.415128e-01 9.750532e-03 -9.183185e-02 4.472609e-01 8.917782e-02 3.873369e-03 
9.240295e+00 -1.814682e+00 3.496512e+00 3.168766e+00 -5.262715e+00 -4.340498e+00 1.872477e+01 -1.978205e+00 -1.302312e+00 -7.727463e+00 -5.498452e+00 2.479888e+00 7.101653e-01 -3.266669e-01 -5.482038e-02 2.202960e+00 3.709298e-02 -8.552107e-01 -1.648606e+00 3.616605e+00 -1.869224e+00 8.514210e-01 -9.300125e-01 1.430281e+00 1.955146e-01 -1.364660e-02 -7.244160e-02 4.710948e-01 -2.888655e-01 -4.579588e-01 6.337241e-01 -1.057180e-01 -5.126771e-01 -3.809624e-01 1.480117e-01 -9.083006e-02 2.374940e-01 1.930897e-01 3.447708e-03 
9.858453e+00 -6.056660e-01 6.641382e+00 2.152947e+00 -7.304678e+00 -2.115044e+00 1.848400e+01 -3.042049e-01 -3.472178e+00 -1.048922e+01 -3.107034e+00 2.814896e+00 7.122207e-01 -4.475226e-01 7.715661e-01 1.725402e+00 -4.191603e-01 -3.034064e-01 -8.523787e-01 1.827779e+00 -1.204449e+00 1.061291e+00 -1.409364e+00 1.665203e+00 -7.536495e-02 -1.175856e-02 7.687467e-02 4.476124e-01 -6.755623e-01 -3.223611e-01 1.726939e-01 -8.672535e-02 -6.080487e-01 -3.014341e-01 3.622957e-01 2.890216e-01 -3.368468e-01 1.740334e-01 1.755707e-03 
8.916152e+00 -3.447110e-01 7.810081e+00 4.987743e+00 -8.173448e+00 -2.814221e+00 1.740390e+01 -3.529540e+00 9.524458e-01 -1.361353e+01 1.070375e+00 3.456549e+00 6.872041e-01 -2.785443e-01 1.387520e+00 7.006198e-01 -3.347213e-01 -9.439847e-01 -8.251592e-01 1.454788e+00 -1.914933e+00 1.442427e+00 -3.498434e-01 1.104548e+00 1.852133e-01 -1.397571e-02 2.837559e-01 1.094341e-01 -7.407891e-01 -3.661289e-01 -4.083900e-01 -6.941628e-02 -4.182766e-01 -1.096982e-01 2.807499e-01 8.028023e-01 -8.054518e-01 -4.210812e-02 3.016727e-03 
7.887349e+00 2.258322e+00 6.265924e+00 3.639815e+00 -6.042484e+00 -4.885747e+00 2.019452e+01 -5.130350e+00 1.812242e+00 -1.009041e+01 -1.965774e+00 2.166503e+00 6.776999e-01 1.321452e-01 1.270796e+00 -2.799967e-01 -9.941679e-01 -1.598230e+00 -1.405992e+00 2.277562e+00 -2.816378e+00 1.703677e+00 1.124872e+00 -4.512023e-01 -7.330469e-02 -1.102529e-02 3.709081e-01 -5.201913e-01 -5.398704e-01 -2.644159e-01 -5.327950e-01 -4.468488e-01 -5.749632e-01 2.779208e-01 3.899572e-01 8.972470e-01 -7.374235e-01 8.296888e-02 4.905596e-03 
8.833537e+00 3.690943e+00 7.187237e+00 7.518535e-01 -1.061389e+01 -7.080583e+00 2.514349e+01 -9.139402e+00 3.267648e+00 -9.675906e+00 -5.461402e-01 3.729778e+00 6.575320e-01 8.023449e-01 2.428358e-01 -4.983761e-01 -1.505943e+00 -2.249794e+00 -1.718792e+00 1.300207e+00 -1.611771e+00 1.934099e+00 1.816897e+00 -1.538951e+00 -1.606526e-02 1.076649e-03 2.780071e-01 -6.756504e-01 -2.150638e-01 6.066566e-02 -1.642774e-01 -5.293431e-01 -1.267686e+00 9.871094e-01 2.819566e-01 6.761966e-01 -3.313198e-01 2.789996e-01 4.181973e-03 
1.056068e+01 3.730299e+00 5.552591e+00 -6.999248e-01 -1.407582e+01 -7.011798e+00 2.600181e+01 -1.158102e+01 3.888725e+00 -6.833414e+00 -4.554433e+00 2.311401e+00 6.719201e-01 8.665083e-01 -1.257045e+00 -3.744476e-01 -1.155720e+00 -2.314682e+00 -2.639869e+00 -9.698166e-01 3.352436e-02 2.765248e+00 1.993500e+00 -7.003382e-01 4.400586e-01 5.251125e-03 1.456307e-01 -2.248499e-01 1.162009e-01 5.845258e-01 5.974805e-01 -1.544359e-01 -2.242769e+00 1.257068e+00 5.736919e-02 3.653649e-01 2.986524e-01 1.607173e-01 -6.303468e-03 
1.159046e+01 1.330799e-01 5.674824e+00 -3.724241e-01 -1.540578e+01 -1.034537e+01 2.100138e+01 -8.363004e+00 9.584706e+00 -6.157644e+00 -5.329697e+00 3.303507e+00 6.954786e-01 7.443342e-01 -7.268531e-01 -3.274261e-01 4.917405e-02 -1.407143e+00 -2.855039e+00 -3.260118e+00 1.595683e+00 2.321438e+00 2.596927e+00 -4.275126e-01 1.323552e+00 -1.204012e-03 -8.294279e-02 6.322396e-01 2.042823e-01 8.570742e-01 1.132531e+00 5.012570e-01 -2.117678e+00 6.154650e-01 -5.574499e-01 2.579226e-02 3.879105e-01 -4.204631e-01 -1.933755e-02 
1.084206e+01 -2.248354e+00 5.149767e+00 -1.576805e+00 -1.522019e+01 -1.645257e+01 1.741615e+01 -5.351091e+00 1.247990e+01 -1.882131e+00 -3.075303e+00 4.580074e+00 6.849730e-01 8.891413e-01 6.312777e-01 2.155135e-01 1.150865e+00 9.679147e-01 -1.610026e+00 -6.656095e+00 1.865240e+00 1.796809e+00 2.561744e+00 4.865122e-01 6.043313e-02 -4.140715e-02 -5.243763e-01 1.035881e+00 3.753502e-01 1.108151e+00 1.500702e+00 1.346771e+00 -1.054800e+00 -2.839233e-01 -1.482440e+00 -4.505077e-01 2.147663e-01 -9.231531e-01 -2.944344e-02 
1.241467e+01 3.045950e+00 5.751448e+00 1.436628e+00 -1.707707e+01 -1.663544e+01 1.313558e+01 -4.276077e+00 1.057931e+01 8.329070e-01 -3.423270e+00 9.213178e+00 6.450061e-01 3.762737e-01 2.459777e+00 2.280594e-01 1.626011e+00 1.771607e+00 2.727326e-01 -6.444833e+00 5.497844e-01 -3.690107e-01 1.661778e+00 -1.928537e-01 -1.928525e+00 -7.228557e-02 -1.249112e+00 3.112351e-01 3.949039e-01 7.140642e-01 1.518255e+00 1.847998e+00 5.617266e-01 -3.947484e-01 -1.629891e+00 -1.021356e+00 7.349258e-02 -1.040811e+00 -3.417360e-02 
1.459474e+01 5.430141e+00 6.592124e+00 4.150206e+00 -8.400501e+00 -1.191694e+01 -3.345900e+00 -4.298327e+00 1.237531e+01 2.479721e+00 -3.075303e+00 -3.411407e-01 4.901454e-01 -1.571041e+00 2.328987e+00 1.224690e+00 3.596639e+00 3.599586e+00 2.530154e+00 -4.651187e+00 -8.632217e-01 -3.301639e+00 2.086446e-01 2.560648e-01 -2.549738e+00 -1.064320e-01 -1.788352e+00 -7.404510e-01 6.009272e-04 -1.804688e-01 7.327635e-01 1.629451e+00 2.000329e+00 1.069599e-01 -1.296096e+00 -1.276364e+00 1.192064e-01 -1.395378e-01 -2.693205e-02 
1.159532e+01 8.592686e+00 6.094067e+00 4.894526e+00 -9.957511e+00 -1.124964e+01 -8.420044e-01 -6.140664e+00 7.792106e+00 -2.974563e-02 -6.293909e+00 -3.878519e+00 4.314511e-01 -4.271177e+00 -1.956561e-02 1.142581e+00 2.396629e+00 4.868353e+00 4.314833e+00 -1.453840e+00 9.861727e-01 -3.278773e+00 -1.333283e+00 5.522935e-02 -2.575447e+00 -1.395622e-01 -1.569897e+00 -1.516189e+00 -4.874163e-01 -1.240837e+00 1.036425e-02 9.029433e-01 1.721984e+00 6.750249e-01 -2.358615e-01 -7.186423e-01 3.152849e-01 6.834790e-01 -1.275045e-02 
3.395993e+00 6.623616e+00 1.110199e+01 1.467737e+01 -7.818244e-01 -6.494650e+00 1.148492e+00 -8.734809e+00 -2.634793e+00 -4.076234e-01 -3.600770e-01 -1.622763e+00 2.596022e-01 -5.728916e+00 -1.831442e+00 -2.387891e-01 -1.366688e-01 3.083420e+00 4.516055e+00 8.500916e-01 2.181861e+00 -3.228781e+00 -2.322537e+00 9.585938e-01 -3.137282e-01 -1.424318e-01 -4.714870e-01 -1.129995e+00 -1.005069e+00 -2.195315e+00 -1.107995e+00 -2.749681e-01 8.576829e-01 6.278686e-01 9.988820e-01 2.710930e-01 8.284196e-02 1.063279e+00 1.260119e-02 
-3.342011e+00 2.351574e+00 9.209381e+00 8.155710e+00 3.455325e+00 2.227234e+00 3.619304e+00 2.873117e+00 1.689996e+00 -4.389729e+00 -4.504672e+00 -3.023168e+00 6.247322e-02 -5.394256e+00 -3.040973e+00 -1.477361e+00 -2.711479e+00 2.081614e+00 3.794400e+00 -5.856894e-01 2.402285e+00 -1.584814e+00 -6.657975e-01 1.032295e+00 3.709055e-01 -1.180374e-01 7.543934e-01 -8.640123e-03 -6.563674e-01 -1.648924e+00 -1.722108e+00 -1.456089e+00 -1.128005e-02 -2.284339e-01 1.111895e+00 8.574517e-01 -9.877350e-02 7.200298e-01 3.839622e-02 
-6.581502e+00 -6.061674e-01 3.840591e+00 1.836079e+00 3.099533e-01 3.924636e+00 -1.325997e+00 2.104330e+00 -7.175694e-01 -6.953019e+00 8.230114e-01 -2.337708e+00 -3.752308e-02 -3.366956e+00 -1.810344e+00 -2.490617e+00 -4.825924e+00 -5.471200e-01 1.415615e+00 -7.971172e-01 1.568130e+00 8.457739e-01 1.230223e+00 1.818373e-01 1.293455e+00 -5.418463e-02 1.296240e+00 6.354719e-01 3.158280e-01 -1.967053e-01 -1.177466e+00 -1.599822e+00 -2.062965e-01 -7.923133e-01 1.105258e+00 8.682641e-01 -5.795689e-01 1.156146e-01 4.763128e-02 
-1.038715e+01 -2.997378e+00 2.338030e+00 -2.242085e+00 -9.510180e-02 2.512861e+00 -2.532915e+00 4.511154e-01 -1.090759e+00 -8.581058e-02 -1.724180e+00 -1.666850e+00 -1.016991e-02 -1.680470e+00 -7.326977e-02 -1.013266e+00 -3.503432e+00 -1.926886e+00 -1.415328e+00 -6.865830e-01 1.509033e-01 2.433807e-01 1.177597e+00 -5.018950e-02 2.210439e-01 8.299704e-03 1.247643e+00 6.037725e-01 8.954785e-01 1.078266e+00 -4.844372e-01 -1.146419e+00 5.171831e-02 -9.957231e-01 6.314850e-01 2.185162e-01 -3.389129e-01 -1.311420e-01 3.673260e-02 
-9.916244e+00 2.463861e-01 2.084806e+00 -4.253166e+00 -1.742124e+00 4.404955e-01 2.393207e-01 3.167387e-01 2.984445e+00 3.592050e+00 -8.414615e-01 4.166159e+00 2.501853e-02 -1.104538e+00 -1.379340e-01 1.108309e+00 -7.241431e-01 -7.995193e-01 -8.782485e-01 -1.307540e-01 -6.540261e-01 1.383364e+00 1.096982e+00 -1.398129e+00 3.392850e-01 3.255554e-02 8.137980e-01 -1.784302e-01 7.546560e-01 1.659895e+00 2.759857e-01 -4.682615e-01 1.041003e-02 -7.203115e-01 1.024816e-01 9.284319e-02 6.403435e-01 -1.317278e-01 1.185983e-02 
-1.007661e+01 1.558932e+00 5.020966e+00 -6.316350e+00 -5.152981e+00 -3.106977e+00 -5.969449e-01 4.521647e+00 1.056015e+00 -3.774137e+00 -3.923765e+00 -5.169688e+00 7.269771e-02 -2.873338e-01 -8.582821e-01 1.200516e+00 6.289369e-01 -2.145046e-01 -7.907411e-01 -6.601546e-01 -1.465246e+00 1.303841e+00 4.933581e-01 1.277459e-01 1.922898e-01 2.225504e-02 5.102597e-01 -6.103046e-01 -4.866004e-02 1.222335e+00 4.592308e-01 1.227197e-01 -1.115056e-02 -2.159920e-01 -7.963888e-02 4.983614e-01 1.222691e+00 4.838947e-01 -1.131562e-02 
-1.225960e+01 -3.574186e+00 8.040318e+00 2.524502e-01 -1.159067e+00 2.343833e+00 -2.948291e+00 -3.200770e+00 5.125786e+00 3.761646e-01 -5.067910e+00 1.110091e+00 8.381817e-02 5.356641e-03 -2.310030e+00 1.757340e-01 1.407395e+00 -2.341689e-02 -1.238064e+00 -7.582225e-01 -1.225312e+00 8.280918e-01 2.036665e+00 3.294523e+00 6.492199e-01 -1.856454e-03 4.106900e-01 -1.368784e-01 -6.086492e-01 1.847920e-01 1.727928e-01 1.647560e-01 3.779781e-02 3.761888e-01 -5.513699e-01 4.602242e-01 1.031778e+00 4.843633e-01 -2.290955e-02 
-1.065152e+01 -5.378311e+00 5.362855e+00 -1.350319e+00 -1.459445e+00 -2.392282e+00 -4.240367e+00 -5.116005e+00 4.357674e+00 3.988616e+00 1.028186e+00 8.228215e-01 7.171392e-02 3.158459e-01 -2.038769e+00 -7.901946e-01 1.542600e+00 -1.894625e-02 -6.216876e-01 -4.286145e-01 -6.432756e-01 1.228465e-01 3.199664e+00 3.716988e+00 2.485539e+00 -3.107778e-02 2.161496e-01 5.096481e-01 -3.957471e-01 -2.871822e-01 4.329497e-02 7.097024e-01 4.018675e-01 4.981886e-01 -9.228511e-01 -2.046543e-01 -3.656181e-01 1.288526e-01 -2.169287e-02 
-9.601820e+00 -7.835198e+00 2.792301e+00 3.006538e-01 -3.706211e+00 -6.106685e+00 -1.730958e+00 -9.910194e-01 5.474187e+00 9.893750e+00 1.315547e+01 4.415800e+00 1.621703e-02 6.474299e-01 -2.321903e-01 -9.395209e-01 -2.568369e-01 -3.338002e-02 -1.388221e-01 -5.745235e-02 8.159972e-01 -7.830114e-01 2.045042e+00 1.966193e+00 1.614587e+00 -5.532784e-02 8.162703e-02 1.035725e+00 4.293737e-02 -3.444803e-01 1.011702e-02 7.913023e-01 4.457656e-01 3.658974e-01 -8.508663e-01 -8.700509e-01 -1.562389e+00 -5.032880e-01 -1.121807e-02 
-9.826339e+00 -6.504604e+00 3.693911e+00 1.372475e+00 -3.974225e+00 -1.990476e+00 -3.348963e+00 2.002203e-01 1.496101e+00 7.465390e+00 5.549956e+00 5.605316e+00 -4.887192e-02 4.725188e-01 6.510057e-01 -2.205314e-01 2.514043e-02 6.855703e-03 2.208244e+00 9.988557e-01 5.095417e-03 -2.504928e+00 -5.340350e-01 -1.036204e+00 3.539755e-01 -5.947345e-02 -1.211721e-02 9.335781e-01 1.520075e-01 2.372190e-02 -7.710490e-02 1.873788e-01 2.769714e-01 1.561515e-01 -1.464721e-01 -8.800343e-01 -1.159540e+00 -1.180336e+00 2.901444e-03 
-9.435617e+00 -4.171801e+00 4.177007e+00 -2.393430e+00 -6.830040e-02 1.448786e+00 -3.681019e+00 -1.779129e+00 2.641477e+00 8.862903e+00 2.501908e+00 6.791743e+00 -1.325125e-01 3.351828e-01 1.523698e+00 1.055588e-01 4.436082e-01 1.426418e-02 1.303588e+00 7.568439e-01 2.800678e-01 -2.112313e+00 -4.468174e-01 -2.140799e+00 -8.013830e-01 -4.374555e-02 -6.699937e-02 4.485859e-01 -6.954123e-02 3.800409e-01 1.100704e-02 -4.082848e-01 -1.561807e-02 6.686928e-02 4.501535e-01 -3.619010e-01 -6.974395e-02 -9.673576e-01 1.402538e-02 
-8.371338e+00 -3.954965e+00 3.568028e+00 1.227259e-01 -3.243508e+00 4.871272e+00 1.729282e+00 -4.696480e+00 -6.750746e+00 1.833853e+00 1.173863e+00 1.404662e+00 -1.512926e-01 4.114317e-01 1.751210e+00 -5.527415e-01 1.311003e+00 -4.282010e-01 -4.060684e-01 5.489067e-01 4.054896e-01 5.517332e-02 4.544430e-02 -2.728952e-02 -2.208183e+00 -2.235931e-02 -3.212314e-02 2.178116e-01 -4.413126e-01 -1.722214e-02 2.189750e-01 -8.341721e-01 -3.548898e-01 2.745416e-01 8.718525e-01 1.368529e-01 7.803259e-01 -3.315073e-01 1.589474e-02 
-8.652717e+00 -1.491560e+00 3.383401e+00 3.143601e+00 -4.000015e+00 -3.019738e+00 -4.860554e-01 2.857308e+00 -9.637591e-01 1.047533e+01 4.639112e+00 2.509092e+00 -1.512926e-01 3.430933e-01 1.460678e+00 -1.121181e+00 1.000494e+00 2.390733e-01 -8.730745e-01 8.948334e-02 9.501787e-01 1.877424e-01 -5.428921e-02 1.112971e+00 -1.941155e+00 -3.756042e-03 -4.068850e-03 5.900332e-02 -4.273918e-01 -4.800192e-01 3.943583e-01 -4.142714e-02 -2.962942e-01 -8.508322e-02 1.499508e-02 -2.827249e-01 5.313020e-01 1.429496e-01 1.098545e-02 
-8.160913e+00 9.114329e-01 1.326958e+00 5.158937e+00 -4.148687e+00 -1.786636e+00 -2.202085e+00 -9.049022e-02 3.574621e+00 6.886426e+00 4.345232e+00 -3.294431e+00 -1.512926e-01 3.079353e-01 1.771487e+00 -1.813651e+00 -3.393481e-01 9.893737e-01 -8.743118e-01 -4.417457e-01 1.042712e+00 7.042249e-01 -4.601093e-02 1.238658e+00 -7.337527e-01 2.717757e-06 9.498388e-03 -1.584452e-02 6.119945e-02 -6.355006e-01 3.010545e-01 4.578002e-01 -3.225166e-01 -2.098479e-01 -8.344828e-01 -4.463969e-01 -3.092635e-01 5.322776e-01 4.847068e-03 
-7.825106e+00 6.983572e-01 -3.080531e-01 9.118092e-02 1.579733e+00 4.123942e-01 -1.267795e+00 6.689287e-01 -1.582459e+00 6.065262e+00 6.481354e+00 -5.646663e-01 -1.512926e-01 3.666053e-01 1.808568e+00 -1.400862e+00 -1.131301e+00 1.277283e+00 1.330695e+00 -2.294868e-01 -4.639423e-01 -2.361805e+00 -1.814704e+00 -1.171785e-01 -8.239563e-01 2.717757e-06 -3.150993e-02 -1.434986e-01 5.666176e-01 2.254535e-02 -2.262821e-01 3.030182e-01 -3.268546e-01 -3.766231e-01 -6.914876e-01 -1.962945e-01 -6.289501e-01 4.415255e-01 7.518576e-04 
-7.245340e+00 3.807508e+00 -3.654334e+00 -4.740436e-02 -1.087259e+00 -1.216222e+00 -8.783373e-02 1.611323e+00 -2.920373e+00 3.808834e+00 6.446016e+00 -7.269752e-01 -1.512926e-01 4.472490e-01 1.498125e+00 -1.069047e-01 -8.006137e-01 5.581490e-01 7.811304e-01 -9.041609e-01 6.330707e-02 -2.842461e+00 -1.306280e+00 -9.585552e-01 -1.054627e-01 2.717757e-06 -6.171045e-02 -4.719023e-01 8.514917e-01 6.302348e-01 -4.963041e-01 7.636925e-02 -1.142270e-01 -2.573114e-01 -2.817629e-01 3.524108e-01 -2.360698e-01 3.055536e-01 -1.428915e-07 
-7.277415e+00 6.103210e+00 -1.130119e+00 9.047204e-02 8.550836e-01 3.348769e+00 -2.689753e+00 -3.129877e-01 -9.525389e+00 2.940575e+00 3.002764e+00 -2.893995e+00 -1.512926e-01 1.161044e-01 8.798878e-01 8.586159e-01 1.343777e+00 -6.767684e-01 -1.856127e-01 -1.313553e+00 -4.433174e-01 -1.496311e+00 -4.056232e-01 -9.332862e-01 -4.768579e-02 2.717757e-06 -6.324347e-02 -6.481180e-01 4.197317e-01 5.598770e-01 -4.380079e-01 -3.297889e-01 5.048813e-02 1.609900e-01 6.748801e-01 7.458729e-01 3.404404e-01 1.820386e-01 -1.428915e-07 
-6.199042e+00 5.699619e+00 1.203630e+00 1.156267e+00 -9.957299e-01 6.506260e-01 -6.011535e+00 7.172341e-01 -6.665853e+00 1.917577e+00 1.291415e+00 -2.656709e+00 -1.512926e-01 1.246742e-01 -1.237773e-01 1.314143e+00 1.574217e+00 -5.150591e-01 2.656465e-01 -4.708336e-01 -2.541097e-01 -1.137208e+00 1.011440e+00 4.663760e-01 4.059300e-01 2.717757e-06 -6.814913e-02 -6.123686e-01 -2.345816e-01 3.013411e-02 -1.048933e-01 1.749736e-02 4.147520e-01 3.844834e-01 9.558581e-01 3.703739e-01 4.079006e-01 -8.295437e-02 -1.428915e-07 
-7.768247e+00 4.151938e+00 1.555735e+00 6.208073e+00 -1.849329e+00 -1.449421e+00 -4.873846e+00 -1.100512e+00 -7.191171e+00 4.982460e+00 4.392469e+00 1.617921e-01 -1.512926e-01 2.116903e-01 -6.210887e-01 -1.265781e-02 4.806225e-01 -3.762139e-01 -6.042540e-02 -1.935839e-01 4.997750e-01 1.598770e-01 7.557006e-01 8.725215e-01 -1.693308e-01 2.717757e-06 -1.487665e-02 -3.563594e-01 -4.936591e-01 -7.525088e-01 8.032968e-02 2.810267e-01 5.077280e-01 5.956502e-01 1.048914e+00 -1.683480e-01 1.836706e-01 -2.183405e-01 -1.428915e-07 
-6.377394e+00 4.164472e+00 1.573614e+00 4.765156e+00 -2.310515e+00 2.511183e+00 -1.350503e+00 7.345069e-01 -9.773616e+00 7.844763e+00 8.083085e+00 -2.254465e-01 -1.512926e-01 5.875288e-02 -8.132547e-01 -8.441520e-01 -2.182803e-01 -1.165339e-01 8.059880e-01 6.095758e-01 1.514298e+00 1.108783e+00 -3.507179e-02 1.780206e-01 -4.594693e-01 2.717757e-06 -1.451835e-01 -4.949100e-02 -3.610528e-01 -6.853276e-01 -4.565754e-02 -8.251646e-02 4.310034e-01 3.389015e-01 9.648156e-01 -4.249102e-01 -1.117387e-01 -1.389520e-01 -1.428915e-07 
-6.130520e+00 3.765394e+00 -1.378235e+00 6.891179e-01 -3.691840e-01 2.116087e+00 -5.988254e+00 2.177227e+00 -7.172154e+00 3.755386e+00 3.970221e+00 -4.956272e+00 -1.512926e-01 7.457399e-02 -5.572466e-01 -5.306077e-01 -1.522393e+00 -4.744402e-01 9.491717e-01 6.847058e-01 1.650789e+00 2.625273e+00 -7.240411e-01 1.293252e-01 -7.066110e-01 2.717757e-06 -1.904076e-01 1.860344e-01 1.392348e-01 -1.934109e-01 -2.274688e-01 -1.941047e-01 5.255980e-01 -1.406494e-01 1.613784e-01 -1.755332e-01 -1.435575e-01 2.283909e-01 -1.428915e-07 
-6.724864e+00 1.826405e+00 -1.550092e+00 2.824253e+00 -2.318606e+00 2.898309e+00 -2.406097e+00 6.649719e+00 -1.131847e+00 2.355631e+00 2.392289e+00 -2.394993e+00 -1.512926e-01 -5.330005e-01 -4.030754e-01 -2.321592e-01 -8.507373e-01 -6.943955e-01 -6.518315e-01 1.244857e+00 8.649715e-01 2.454100e+00 -3.731999e-01 2.792279e-01 -2.018578e-02 2.717757e-06 -9.965272e-02 3.121308e-01 3.745250e-01 1.790857e-01 -5.144267e-02 -2.370354e-01 2.268576e-01 -6.601372e-01 -8.873925e-01 6.067338e-03 -3.445432e-01 2.964159e-01 -1.428915e-07 
-7.221042e+00 2.534819e+00 4.643901e-01 -4.337418e-01 -4.217460e+00 3.103407e+00 -9.222614e-01 4.195806e+00 1.614272e+00 4.107100e+00 7.884401e+00 -2.286319e+00 -1.512926e-01 -4.446660e-01 1.041001e-01 3.774876e-01 -1.702131e-01 -1.224741e+00 -3.021393e-01 2.116830e+00 1.212798e-01 2.940198e-01 4.702111e-02 1.041879e-01 7.529496e-01 2.717757e-06 -1.740613e-02 1.870858e-01 2.016990e-01 6.655903e-01 3.836780e-01 2.617820e-02 -3.630479e-01 -6.932005e-01 -1.281662e+00 -8.951736e-02 -5.186172e-01 3.799047e-01 -1.428915e-07 
-8.496719e+00 2.764439e+00 -5.083702e-01 1.072974e+00 -3.857917e+00 -1.241387e+00 2.341319e+00 4.050012e+00 -1.896224e+00 5.803251e+00 7.522010e+00 -1.661234e+00 -1.512926e-01 -1.798822e-01 4.168264e-01 5.744473e-01 8.497642e-04 1.490940e-03 2.465254e-01 1.027777e+00 -1.021691e+00 -2.162489e+00 -3.902492e-01 -1.532239e+00 2.927947e-01 2.717757e-06 1.015563e-01 7.560034e-03 2.485469e-02 6.204106e-01 6.464810e-01 4.277592e-01 -1.027412e+00 -4.522346e-01 -6.335655e-01 -2.919483e-01 -2.614836e-01 2.927452e-01 -1.428915e-07 
-7.468402e+00 3.817033e+00 -1.177350e-02 7.135742e-01 -5.722890e+00 2.675596e+00 2.222465e+00 4.083386e+00 -5.319789e+00 2.267048e+00 1.926049e+00 -1.558457e+00 -1.512926e-01 -1.888914e-01 -3.162164e-02 7.455116e-02 1.379763e+00 1.096030e+00 6.310856e-01 -1.021842e+00 -8.719017e-01 -1.474648e+00 -1.162987e+00 -1.558034e+00 1.036370e+00 2.717757e-06 2.053614e-02 -1.828697e-01 -1.711487e-01 4.603994e-01 6.494478e-01 1.518137e-01 -1.196983e+00 -1.436062e-01 4.087541e-01 -1.784350e-01 3.814537e-01 2.012902e-01 -1.428915e-07 
-7.500476e+00 3.269554e+00 1.560479e+00 2.255025e+00 -1.558559e+00 4.344897e+00 1.160744e+00 1.597563e+00 -8.477130e+00 1.324036e+00 -2.289943e+00 -1.295056e+00 -1.512926e-01 -1.530742e-01 -2.974024e-01 4.364552e-02 1.476283e+00 1.377808e+00 1.020370e+00 -2.322822e+00 -8.996139e-01 1.707084e-01 -1.227833e+00 -1.970652e-01 1.301785e+00 2.717757e-06 -5.182246e-02 -2.161268e-01 -1.862176e-01 2.800339e-01 2.904238e-01 -9.140775e-02 -7.612389e-01 9.421075e-02 9.313062e-01 6.645117e-02 8.654000e-01 2.142939e-01 -1.428915e-07 
-8.663894e+00 2.123959e+00 -1.974955e-01 5.873838e+00 1.132411e-01 3.465368e+00 -5.441159e+00 1.062398e+00 -2.468403e+00 5.316514e-01 4.999699e+00 2.712400e+00 -1.512926e-01 -3.554525e-01 -4.531263e-01 -2.128814e-01 1.394029e+00 1.334379e+00 7.004837e-02 -2.192840e+00 -6.576892e-01 1.171087e+00 -4.263189e-01 1.343682e+00 1.254937e+00 2.717757e-06 -5.358544e-02 -9.988283e-02 -8.313912e-02 -5.397780e-03 4.334442e-02 -2.072049e-01 -2.211882e-01 6.702289e-02 6.292108e-01 2.274978e-01 7.344571e-01 3.899863e-02 -1.428915e-07 
