-6.638906e+00 6.961938e+00 -2.430794e+00 6.226796e+00 -9.477153e+00 -2.779515e+00 2.329377e+00 -6.159659e+00 -1.498210e+00 -1.345285e+00 1.170607e+00 -2.144867e+00 -1.512926e-01 -2.793468e-01 -3.612625e-01 -6.165645e-01 2.952752e-01 1.018455e+00 1.563198e+00 -6.693130e-01 9.787468e-01 6.471112e-01 6.099668e-01 1.923980e+00 1.199273e-01 2.023743e-06 1.321719e-01 1.493664e-01 1.696260e-01 -2.007323e-01 -5.310692e-02 -8.524335e-02 -7.373437e-02 -2.118533e-02 -2.010504e-01 -8.058260e-02 -4.451719e-01 -1.703402e-01 -3.585053e-08 
-8.314432e+00 5.077711e+00 -4.746413e+00 6.376379e+00 -8.246119e+00 2.770940e+00 2.260467e+00 -8.070973e+00 -1.552780e-01 -1.182750e+00 7.285851e+00 1.595779e+00 -1.512926e-01 -1.961879e-03 1.225675e-02 -1.893732e-01 -2.375769e-01 1.048267e+00 1.659000e+00 -6.604272e-01 1.332152e+00 -4.380846e-02 3.485325e-01 9.690161e-01 -9.707397e-01 2.023743e-06 1.917530e-01 2.102756e-01 2.599157e-01 -2.973046e-01 -1.227626e-01 -2.305042e-01 -1.006308e-02 -9.806714e-02 -3.023998e-01 -1.486760e-01 -8.923490e-01 2.975616e-02 -3.585053e-08 
-7.197970e+00 6.098405e+00 -4.355708e+00 7.627974e+00 -5.000041e+00 2.260995e+00 -9.828396e-01 -3.096884e-01 1.066229e+00 1.623141e+00 7.733050e+00 -3.415612e+00 -1.512926e-01 2.426185e-01 1.990164e-01 1.795137e-02 -4.421788e-01 7.379385e-01 1.089132e+00 -1.042418e+00 6.961250e-01 -1.265872e-02 3.376896e-01 1.754299e-01 -1.866225e-01 2.023743e-06 1.048604e-01 1.533448e-01 2.421883e-01 -2.621700e-01 -2.762761e-01 -3.888449e-01 2.085942e-01 -3.140768e-01 -2.567505e-01 -6.310986e-02 -8.423280e-01 3.943433e-01 -3.585053e-08 
-6.369157e+00 7.455325e+00 -2.415188e+00 4.338614e+00 -6.474002e+00 2.995070e+00 6.836216e-01 -2.423603e+00 -2.999522e+00 -1.086965e+00 2.734895e+00 -6.362851e+00 -1.512926e-01 4.182679e-01 4.100637e-01 3.656372e-01 -8.227346e-01 5.449242e-01 6.476642e-01 -5.330302e-01 6.298057e-01 -5.349836e-01 2.604042e-03 -1.663553e+00 4.219817e-01 2.023743e-06 -6.724405e-02 2.468349e-02 1.396296e-01 1.010802e-01 -2.326660e-01 -5.673744e-01 3.613443e-01 -4.311041e-01 8.150730e-02 4.052387e-01 -2.081488e-01 5.606922e-01 -3.585053e-08 
-6.398297e+00 6.768277e+00 -3.506387e+00 5.035524e+00 -6.673349e+00 2.554008e+00 -2.094461e+00 -5.502324e+00 -1.391100e-01 2.950272e-01 4.323564e+00 9.016119e-01 -1.512926e-01 3.478747e-02 2.066862e-01 3.167780e-01 -7.229288e-01 -1.111411e-01 1.246134e-01 3.098265e-01 -2.403788e-01 -3.909895e-01 4.674028e-01 -9.713670e-01 1.395194e+00 2.023743e-06 -1.719521e-01 6.470613e-02 1.299646e-01 3.641742e-01 -1.622074e-01 -5.592908e-01 5.844733e-01 -3.354133e-01 9.747907e-02 6.513312e-01 3.828797e-01 1.017256e-01 -3.585053e-08 
-6.623504e+00 6.793182e+00 -3.342823e+00 3.558819e+00 -4.685056e+00 5.862827e+00 1.507811e-01 -2.325427e+00 -2.227749e+00 -5.059718e-01 6.728290e-01 1.546934e+00 -1.512926e-01 -2.345001e-01 1.317778e-01 3.593117e-01 4.083884e-01 3.093797e-01 -6.956391e-01 4.702708e-01 -3.550346e-01 5.529063e-01 2.309891e+00 5.018026e-01 1.041872e+00 2.023743e-06 -1.390103e-01 4.457546e-02 -6.699023e-02 4.163962e-01 -2.043120e-01 -3.574043e-01 5.491568e-01 -3.702687e-01 8.428501e-02 5.594735e-01 6.541599e-01 -1.495608e-01 -3.585053e-08 
-6.897000e+00 7.462625e+00 -2.307687e+00 4.402861e+00 -6.450270e+00 1.450497e+00 8.327652e-01 -1.560990e+00 -1.274498e+00 3.669640e+00 3.907293e+00 -3.944599e-01 -1.512926e-01 -2.907661e-01 6.616331e-01 6.710075e-01 7.630686e-01 4.463374e-02 -1.035583e+00 1.378423e+00 -4.885657e-01 -6.916486e-02 2.440568e+00 1.007173e+00 1.203709e-02 2.023743e-06 2.023677e-02 -6.148853e-02 -2.382553e-01 2.075721e-01 -2.861702e-02 1.728627e-01 3.373087e-01 1.196554e-02 -1.218860e-01 -3.266391e-01 2.001597e-01 -2.823896e-01 -3.585053e-08 
-7.292465e+00 7.767072e+00 -1.217932e+00 6.696634e+00 -5.038444e+00 6.836636e-02 1.571042e+00 -6.169477e+00 3.327310e-01 8.775559e+00 5.451932e+00 -5.053303e-01 -1.512926e-01 -1.138709e-01 4.055896e-01 -1.462942e-01 5.163265e-01 -5.546567e-01 -5.591760e-01 1.678445e+00 -1.097427e+00 -2.745348e-01 1.813367e+00 6.179059e-01 3.657411e-01 2.023743e-06 1.583069e-01 -2.189932e-01 -3.948977e-01 -1.249592e-01 -1.376249e-02 4.451861e-01 -9.543240e-02 4.275270e-01 -1.805100e-01 -1.244785e+00 -2.690398e-01 -4.680146e-02 -3.585053e-08 
-7.517256e+00 9.589466e+00 -1.213887e+00 7.281725e+00 -6.273360e+00 2.733041e-01 4.087719e+00 -6.023105e+00 -1.764817e+00 7.857523e+00 6.970373e+00 1.988348e+00 -1.512926e-01 7.589690e-02 -2.376509e-01 -6.215813e-01 2.608976e-01 1.777190e-01 9.207638e-01 1.392401e+00 1.906960e-01 -5.867039e-01 -9.174356e-01 -2.853845e-02 3.212650e-01 2.023743e-06 2.079718e-01 -3.316613e-01 -2.843767e-01 -1.533741e-01 2.190421e-01 3.251509e-01 -7.007923e-01 4.857174e-01 2.301141e-01 -1.297527e+00 -4.324196e-01 -5.735635e-03 -3.585053e-08 
-6.882846e+00 7.757626e+00 -4.621572e+00 4.700556e+00 -7.546679e+00 3.655463e+00 6.915947e+00 -5.581311e+00 -3.354888e+00 6.466850e+00 2.230932e+00 2.184245e+00 -1.512926e-01 3.738365e-01 -5.135080e-01 -9.687218e-01 3.448630e-02 1.740561e-01 5.521227e-01 -1.395749e-02 1.443109e+00 -9.074298e-02 -2.235048e+00 -3.255061e-01 6.533527e-01 2.023743e-06 1.961228e-01 -7.384506e-04 2.774929e-01 -1.270747e-02 3.051080e-01 -2.442747e-01 -9.642685e-01 3.387720e-01 3.683046e-01 -8.330610e-01 -4.784879e-01 -2.693077e-01 -3.585053e-08 
-6.722579e+00 6.279185e+00 -3.713877e+00 6.705462e+00 -4.307504e+00 4.261023e+00 5.122018e+00 -9.014239e-01 -2.364352e+00 2.366585e-01 5.374792e+00 -1.329196e-01 -1.512926e-01 5.050545e-01 -5.371566e-01 -3.396590e-01 2.370551e-01 7.754831e-01 3.462056e-02 -1.279241e+00 6.697248e-01 9.895905e-01 -2.022849e+00 -6.832675e-01 -1.603195e-01 2.023743e-06 8.032206e-02 3.344811e-01 5.276801e-01 -1.749413e-01 -2.139473e-01 -6.865565e-01 -4.940766e-01 -8.724364e-03 2.016793e-01 3.554450e-01 -1.899380e-01 -4.468046e-01 -3.585053e-08 
-5.820500e+00 6.854587e+00 -4.811723e+00 7.157154e+00 -5.151062e+00 8.349981e-01 9.838499e-01 -1.515026e+00 1.786402e-01 1.410619e+00 4.621939e+00 3.821714e+00 -1.512926e-01 6.520519e-01 5.516993e-01 1.100162e+00 4.647602e-01 6.721081e-01 -1.337380e+00 -1.807100e+00 3.571317e-01 7.788469e-01 -1.799244e+00 -1.447332e+00 -7.399426e-01 2.023743e-06 -6.589949e-02 2.775104e-01 2.971233e-01 -3.371751e-01 -3.478388e-01 -5.618093e-01 4.456465e-01 3.424750e-01 -1.856634e-01 4.805944e-01 6.459016e-02 -2.611931e-01 -3.585053e-08 
-5.523277e+00 7.354844e+00 -2.817163e+00 7.239057e+00 -3.593824e+00 1.856260e+00 6.574163e-01 -4.707542e+00 1.415986e+00 2.713804e-01 2.358287e+00 3.676768e-01 -1.512926e-01 3.383329e-01 9.020813e-01 9.823762e-01 -8.288339e-01 -1.141025e+00 -1.567304e+00 -1.814905e-01 6.901307e-01 -1.316249e-02 6.419332e-01 -4.173385e-01 -1.216075e+00 2.023743e-06 -1.331278e-01 -2.277854e-01 -2.915378e-01 -2.294032e-01 -6.572245e-01 -4.243071e-01 1.138815e+00 6.528236e-01 -8.236201e-01 1.084371e-02 5.808931e-01 3.915374e-01 -3.585053e-08 
-4.221987e+00 9.978077e+00 4.310037e-01 6.757448e+00 -4.543096e+00 -1.829193e+00 1.126055e-01 -1.892559e+00 -1.351048e+00 -2.546484e+00 -3.497152e+00 -1.765737e+00 -1.512926e-01 1.278028e-01 1.544037e-01 -1.442221e-01 -1.118640e+00 -6.067512e-01 -1.455983e+00 1.665466e+00 3.145217e+00 -5.177715e-01 -1.164332e+00 -1.355401e-01 -1.248343e-01 2.023743e-06 -2.188439e-01 -9.207421e-01 -3.886881e-01 4.034651e-02 -6.367493e-01 3.106898e-01 8.578583e-01 -5.349651e-01 -9.145898e-01 1.485764e-01 7.810711e-01 5.088954e-01 2.569730e-03 
-5.829242e+00 9.227907e+00 -1.423399e+00 2.761859e+00 -1.031640e+01 -2.243524e+00 4.650323e+00 2.737794e+00 -1.665499e+00 5.425192e+00 7.348073e+00 -3.419489e+00 -1.512926e-01 1.018498e-01 -1.477474e+00 -1.175065e+00 -1.183644e-01 -1.871061e+00 -2.027672e+00 2.678651e+00 2.539927e+00 -2.480205e+00 -2.285969e+00 1.565285e+00 1.489693e+00 2.023743e-06 -1.917845e-01 -1.004686e+00 5.667406e-01 2.786734e-01 -7.137397e-02 6.855001e-01 -6.848872e-01 -1.521850e+00 1.108193e-01 3.653277e-03 -4.801583e-02 5.321016e-01 7.929527e-03 
-5.028320e+00 6.690125e+00 -6.229762e+00 3.803057e+00 -4.823563e+00 -4.395028e+00 7.314526e+00 1.048837e+01 -8.696387e-01 -6.987897e+00 1.449333e+00 5.091425e+00 -1.512926e-01 -3.237782e-01 -2.862256e+00 2.355277e-01 3.111702e-01 -2.146490e+00 4.462640e-01 1.052143e+00 -3.242726e+00 -2.560640e+00 4.076464e-01 1.466685e+00 4.516324e-01 1.285176e-02 -3.127954e-01 -5.802711e-01 1.352707e+00 -1.264311e-01 3.872596e-01 6.944367e-01 -1.521049e+00 -1.283328e+00 1.096135e+00 6.812074e-01 -3.526120e-01 -1.014421e-01 1.455192e-02 
-4.611208e+00 1.611985e+00 -5.361947e+00 8.123805e+00 -1.280910e+01 -6.999245e+00 1.044978e+01 1.801549e+00 -1.122539e+01 -8.937714e+00 7.711946e+00 4.387696e+00 -1.512926e-01 -3.945778e-01 -2.613116e+00 3.626119e+00 -1.501544e-01 -7.279320e-01 9.091462e-01 -3.299321e+00 -3.725198e+00 1.562292e+00 -1.257437e-01 -1.458417e+00 1.156267e+00 3.322444e-02 -4.020410e-01 3.070301e-01 1.007072e+00 -8.729627e-01 1.384520e+00 3.100399e-01 -1.037036e+00 5.673602e-01 1.480590e+00 5.705467e-01 -9.244885e-01 -3.476854e-01 1.722526e-02 
-6.449915e+00 -5.255914e-01 3.577738e+00 5.632876e+00 -1.402934e+01 2.780193e+00 2.473668e+00 -1.763826e+01 -9.374326e+00 6.673087e+00 3.654038e+00 -3.411219e+00 -8.704689e-02 -1.188115e+00 -2.179133e+00 4.218756e+00 -1.734849e+00 7.579827e-01 5.477877e-01 -2.950877e+00 -1.389870e-01 2.941697e+00 1.161669e+00 -3.867666e-01 -4.652433e-01 5.614837e-02 -2.355669e-01 9.944171e-01 -6.153889e-01 -8.039734e-01 1.640661e+00 -6.283059e-01 4.797942e-01 2.330117e+00 7.114234e-01 -2.400663e-01 -6.216335e-01 2.077081e-01 1.145378e-02 
-7.091819e+00 -2.301609e-01 1.180363e+01 1.095846e+00 -9.353316e+00 -1.285662e+00 -9.425791e+00 -1.824728e+00 1.039812e+01 -2.034335e+00 -1.046833e+00 6.613373e+00 -1.730246e-02 -1.476296e+00 -2.839254e-01 1.868713e+00 -3.460195e+00 3.599372e+00 -5.282248e-01 -5.049749e-01 3.824861e+00 2.171601e+00 1.897444e-01 -2.130416e+00 2.098359e-01 6.447967e-02 3.469085e-02 1.054411e+00 -1.929072e+00 3.525906e-01 1.089989e+00 -2.437466e-01 1.809066e+00 1.150968e+00 -8.487656e-01 -1.165347e-01 1.214814e-01 1.332739e-01 2.685107e-03 
-9.728118e+00 -3.284946e+00 6.281461e+00 -1.357810e+00 -2.761486e+00 -4.512918e+00 2.498256e+00 1.160669e+01 3.027174e+00 -4.631596e+00 3.894557e+00 1.652119e+00 6.243808e-02 -9.607669e-01 9.451600e-01 -1.962811e+00 -2.053673e+00 3.893116e+00 -1.976606e+00 2.053847e+00 4.632808e+00 6.918628e-01 -9.504462e-01 -1.305558e+00 1.963435e+00 5.449426e-02 4.331025e-01 6.943666e-01 -1.735773e+00 1.503267e+00 9.945310e-02 5.411736e-01 1.070570e+00 -5.779907e-01 -9.069511e-01 -4.721901e-02 2.703208e-01 2.122583e-01 -5.873787e-03 
-1.035337e+01 1.571621e+00 2.629874e+00 -5.681991e+00 -4.461250e-01 -5.993748e+00 7.912718e+00 6.302934e+00 -6.568026e+00 -2.336656e+00 -3.060505e+00 2.905290e+00 9.636163e-02 -3.347822e-01 1.096766e+00 -2.928436e+00 1.772031e+00 3.154432e+00 9.525821e-01 3.243651e+00 -3.563099e-01 -1.556544e+00 3.475687e-01 -3.916675e-01 6.083984e-01 4.747129e-02 5.199111e-01 -2.991976e-01 -5.928541e-01 1.591583e+00 -8.647363e-01 1.139724e+00 -2.911874e-02 -1.013772e+00 -2.495870e-01 1.895618e-01 7.677070e-01 -5.840319e-01 -1.193240e-02 
-9.623216e+00 3.299116e+00 -1.649673e+00 -1.246481e+00 9.825292e-01 -4.748699e+00 4.073808e+00 1.461948e+00 2.568202e+00 2.072132e+00 -1.866638e+00 8.259888e+00 1.285811e-01 4.066410e-01 6.023200e-01 -2.061620e+00 3.165431e+00 1.477640e+00 2.513325e+00 5.277791e-01 -9.382610e-01 2.710474e-01 8.465828e-01 9.538283e-02 3.967308e-01 3.528040e-02 2.388128e-01 -7.408391e-01 5.590286e-01 3.569425e-01 -1.020558e+00 1.012378e+00 -6.820924e-01 -4.296346e-01 -3.486362e-02 8.278394e-02 6.406077e-01 -1.214997e+00 -1.657240e-02 
-8.818546e+00 1.961521e+00 1.126874e+00 9.899677e+00 4.547045e+00 3.595147e+00 6.004586e+00 1.466411e+00 2.844707e+00 -3.648306e+00 -1.244160e-01 6.351574e+00 1.869943e-01 4.396532e-01 -1.608500e+00 -1.046264e+00 1.888287e+00 4.834690e-01 2.925402e+00 1.125409e-01 1.541440e+00 1.134088e+00 2.390594e-01 1.007523e+00 -1.927022e+00 1.442177e-02 -1.727925e-01 -3.706098e-01 6.749581e-01 -1.113850e+00 -9.208422e-01 -4.557478e-01 -8.174129e-01 1.099487e-01 1.122447e-01 -1.509050e-01 5.505888e-01 -7.706293e-01 -2.310433e-02 
-8.462212e+00 -4.680511e-01 -3.275201e+00 6.678488e+00 2.130285e+00 3.258953e+00 6.091290e+00 9.333459e+00 -3.242169e-01 2.570127e-01 2.903005e+00 1.912884e+00 1.935471e-01 -1.541499e-01 -1.406528e+00 -1.086682e-01 -3.270325e-01 1.257262e-01 2.098907e+00 2.088874e-01 1.535956e+00 -8.276736e-01 -4.822741e-01 1.197955e+00 -2.843898e+00 -1.184310e-02 -4.194363e-01 4.006020e-01 5.567752e-01 -1.004926e+00 -4.044968e-01 -1.383126e+00 -5.943856e-01 -7.185880e-01 -6.742847e-02 -1.537452e-01 5.179787e-01 5.550288e-02 -2.093445e-02 
-8.735707e+00 -4.587330e+00 -1.788674e+00 -2.028311e-01 1.397620e+00 4.629431e+00 7.466905e+00 1.007424e+01 5.481941e-01 -2.338835e-01 -4.078728e-01 -3.556462e+00 1.359947e-01 -9.186193e-01 2.481031e-01 -5.300792e-01 -2.051085e+00 -7.737182e-01 -1.118987e+00 -6.838898e-01 -1.043734e+00 -4.459843e-01 2.573719e-01 1.809977e+00 -1.624298e+00 -4.448611e-02 -3.333001e-01 1.111660e+00 5.517674e-01 -5.680179e-02 -1.911135e-01 -1.522334e+00 -7.462718e-01 -1.490169e+00 -2.079238e-02 -6.521180e-03 6.534307e-02 1.023981e+00 -6.916115e-03 
-1.043496e+01 -4.590336e-01 -7.353311e-01 2.169902e+00 3.186135e+00 5.228823e+00 4.387300e+00 4.837429e+00 -4.222146e-01 -2.046309e+00 4.264616e+00 -1.005410e+00 9.488593e-02 -1.011427e+00 1.676987e+00 4.641192e-01 1.104496e-01 8.390812e-02 -2.380013e+00 -2.045819e+00 -3.238645e+00 7.239361e-01 6.862522e-02 2.283959e+00 5.228897e-01 -3.993029e-02 1.125916e-01 8.076315e-01 4.439005e-01 5.541189e-01 -2.233820e-01 -9.738690e-01 -5.183154e-01 -9.601074e-01 2.810264e-01 1.170823e-01 -6.848302e-01 1.045974e+00 1.029869e-02 
-1.242519e+01 3.197347e+00 -2.793178e+00 1.898691e+00 1.506218e-01 -2.984795e+00 3.437440e+00 -1.504316e+00 6.640096e-01 -1.209689e+00 8.244656e+00 -3.109841e-01 1.388050e-02 -7.981977e-01 2.408046e+00 1.426036e+00 1.385561e+00 -4.510781e-01 -2.446771e+00 -2.491309e+00 -3.522287e+00 2.542551e-01 -6.895906e-02 7.914190e-01 1.509492e+00 -6.109779e-03 5.662986e-01 4.743990e-02 3.631755e-01 5.477192e-01 -2.590629e-01 2.422434e-01 2.399979e-01 2.400247e-01 -8.219413e-02 -3.895001e-02 -1.159535e+00 3.547943e-01 2.606736e-02 
-1.167422e+01 4.024810e+00 -4.521279e-01 6.179714e+00 3.173190e+00 -4.833690e+00 -2.122931e+00 -1.070109e+00 3.237688e+00 1.087944e+00 9.996702e+00 2.904514e+00 5.493661e-02 3.487141e-01 1.551586e+00 1.132880e+00 7.253642e-01 -1.152421e+00 -2.106567e+00 -1.478823e+00 -2.025258e+00 2.273034e-01 2.662871e-01 -1.716995e+00 8.190140e-01 2.045881e-02 6.876457e-01 -5.078246e-01 -1.159660e-01 -1.704615e-01 -5.036608e-01 5.583563e-01 8.281315e-01 1.038937e+00 -3.683335e-01 1.578161e-01 -1.013519e+00 -1.965799e-01 2.729979e-02 
-1.210674e+01 5.210826e+00 5.200088e+00 4.719683e+00 -8.517230e-01 -2.573206e+00 -1.734704e+00 -4.583483e+00 -1.042612e-02 -2.145984e+00 6.830174e-01 2.036418e+00 1.254189e-01 1.232567e+00 5.478644e-01 9.514028e-01 3.801101e-01 -1.450845e+00 -4.453498e-02 2.326495e-01 -4.501771e-01 -6.085339e-01 -3.618942e-02 -1.987241e+00 1.515880e-03 5.565307e-02 6.592417e-01 -7.427886e-01 -5.796837e-01 -3.873492e-01 5.032275e-02 3.677624e-01 6.801580e-01 9.920323e-01 -1.754663e-01 1.843488e-01 -1.876322e-01 -2.956990e-01 2.525709e-02 
-8.849768e+00 6.292067e+00 9.323889e-01 4.386186e+00 -2.074989e+00 -5.509848e+00 -4.208821e-01 -3.748984e+00 1.051381e+00 -2.467546e-01 -5.392309e-01 1.915985e+00 1.414056e-01 1.411746e+00 6.799062e-02 1.216682e-01 -2.390555e-01 -1.934551e+00 -7.894467e-01 7.329521e-01 4.200075e-01 -6.863663e-01 8.414424e-01 -1.394356e+00 2.940055e-01 6.568521e-02 8.157156e-01 -6.671593e-01 -6.852471e-01 -6.928736e-01 7.517475e-01 5.244377e-01 7.296874e-02 3.967273e-01 9.302013e-02 -1.559784e-03 2.966724e-01 -4.321301e-01 3.352361e-02 
-7.674194e+00 4.802892e+00 1.271366e+00 4.695652e+00 -4.479668e+00 -2.869646e+00 3.749962e+00 -2.415571e+00 -1.285717e+00 -7.232832e-01 3.576169e+00 1.909045e-01 2.489034e-01 1.966516e+00 -5.640008e-01 -9.667587e-01 -6.901601e-02 1.914548e-01 -1.266547e+00 -1.964666e-01 2.151831e-01 -1.662244e-01 5.652298e-01 -3.080031e-01 2.935273e-01 9.756658e-02 1.208497e+00 -8.448343e-01 -5.528922e-01 -1.486379e+00 1.267240e+00 5.823227e-01 -6.015505e-01 -8.371695e-03 4.553635e-01 1.934806e-01 -1.858911e-01 -6.818998e-01 3.656669e-02 
-6.832060e+00 4.568437e+00 2.120686e+00 4.996290e+00 -4.685487e+00 -8.632579e+00 -1.200570e+00 -5.398369e-02 4.435971e-01 4.583784e+00 1.578144e+00 5.297401e+00 3.216168e-01 4.060398e+00 -1.228333e+00 -1.334185e+00 -2.514258e+00 1.785018e+00 1.126585e+00 -8.993464e-01 -3.741651e-01 4.711278e-01 -4.229357e-02 -1.073234e+00 -1.487714e+00 1.671234e-01 1.225892e+00 -1.129170e+00 -1.266826e-01 -1.954970e+00 1.346079e+00 1.117708e+00 -5.898122e-01 4.405841e-02 4.017832e-01 3.591840e-01 -6.562199e-01 -1.018086e+00 3.028256e-02 
-3.283276e+00 3.252741e+00 -2.281662e-01 4.069364e+00 1.410996e+00 -7.344692e+00 -2.327073e+00 -5.354613e+00 -5.373703e-01 -1.735008e+00 -1.915761e+00 1.813385e+00 5.231378e-01 5.951017e+00 -3.028052e+00 -1.085090e+00 -5.914124e+00 3.025518e+00 1.909124e+00 -1.958858e+00 -9.485918e-02 1.089589e+00 1.373065e+00 -3.077445e+00 -2.517166e+00 1.877624e-01 3.959589e-01 -1.066908e+00 3.943738e-01 -1.609063e+00 5.520144e-01 9.789870e-01 -2.256206e-01 4.665557e-01 1.747064e-01 6.583059e-01 -6.251627e-01 -6.878909e-01 2.829329e-03 
9.256316e+00 9.257966e-01 -4.988870e+00 -7.872282e+00 3.904992e+00 2.361065e+00 -1.879319e+00 -4.150168e+00 3.033113e+00 4.778314e-02 -3.159478e+00 -6.333906e+00 8.399040e-01 5.548851e+00 -4.345979e+00 -4.525370e-01 -7.091463e+00 3.378784e+00 3.211333e+00 -1.334952e+00 7.952211e-01 6.947175e-01 2.233429e+00 -3.290865e+00 -3.391001e+00 1.720016e-01 -1.103316e+00 -5.084214e-01 5.811128e-01 9.160856e-02 -1.897084e-01 1.346789e-01 8.150567e-02 5.534298e-01 -1.454233e-01 2.671106e-01 7.753067e-02 2.695533e-01 -3.351188e-02 
1.403687e+01 -8.515954e+00 -5.989312e-01 -1.844070e+01 6.352388e+00 1.179417e+00 -5.705289e+00 -8.416256e-01 2.867474e+00 8.410081e+00 -9.441739e+00 -6.579423e+00 9.285690e-01 3.202083e+00 -4.339843e+00 5.643460e-01 -5.825778e+00 2.154563e+00 2.586065e+00 -1.106616e+00 1.963332e+00 5.956428e-01 2.719030e+00 -2.325049e+00 -2.194165e+00 1.092715e-01 -1.982242e+00 4.930201e-01 2.235094e-01 1.802391e+00 -6.625942e-01 -2.406594e-01 4.389897e-01 1.199998e-01 -2.521088e-01 -8.061329e-01 1.081479e+00 9.159893e-01 -4.784619e-02 
1.225186e+01 -1.127703e+01 4.318868e-02 -1.920628e+01 9.737837e+00 3.161967e+00 -6.186366e+00 1.665441e+00 2.214816e+00 1.067838e+01 -1.111301e+01 -7.461217e+00 9.789186e-01 -8.168928e-02 -3.114465e+00 7.466957e-01 -2.100434e+00 1.271907e+00 1.461501e+00 -9.180167e-01 1.363908e+00 -9.132337e-03 6.202474e-01 -1.061682e+00 -3.013037e-01 3.880823e-02 -1.710472e+00 1.035633e+00 -2.032511e-01 2.239047e+00 -7.059534e-01 -5.318716e-01 3.877173e-01 -4.512062e-01 -1.064624e-01 -1.287316e+00 1.379252e+00 1.216456e+00 -4.397712e-02 
1.122948e+01 -1.234496e+01 7.728866e-02 -1.939264e+01 9.267515e+00 5.185299e+00 -5.706906e+00 1.554323e+00 2.849656e+00 6.544975e+00 -9.564001e+00 -8.593697e+00 9.999999e-01 -1.144929e+00 -1.178735e+00 -5.671599e-01 6.024552e-01 7.660207e-01 1.580798e+00 2.757632e-02 2.207948e-01 1.808727e-01 -1.850969e+00 1.215459e+00 5.180117e-01 1.512733e-02 -8.336467e-01 1.009615e+00 -4.596980e-01 1.649885e+00 -3.686151e-01 -4.379964e-01 1.948233e-01 -6.362986e-01 -5.386892e-02 -9.451957e-01 1.042093e+00 9.574343e-01 -2.747162e-02 
1.025206e+01 -1.273228e+01 -1.593899e+00 -1.789877e+01 8.807118e+00 7.665457e+00 -6.468801e+00 1.471319e+00 2.996488e+00 4.081513e+00 -8.406886e+00 -6.833210e+00 9.982256e-01 -8.301718e-01 -7.483317e-01 -9.029582e-01 8.896741e-01 5.432963e-01 1.054713e+00 3.646215e-02 -5.894474e-01 3.697862e-01 -1.918195e+00 1.835065e+00 1.335223e+00 -8.156869e-04 -2.220109e-02 6.795272e-01 -3.021542e-01 5.808060e-01 -1.761084e-01 -3.336816e-01 -7.759631e-02 -3.066120e-01 1.553698e-02 -1.242285e-01 5.203785e-01 4.180425e-01 -1.238211e-02 
9.312098e+00 -1.368255e+01 -2.616320e+00 -1.608219e+01 1.064827e+01 6.831313e+00 -5.426413e+00 3.596957e-01 3.380890e+00 2.453474e+00 -4.717945e+00 -4.303350e+00 9.945539e-01 -5.918201e-01 -4.749034e-01 -9.092836e-01 9.284875e-01 6.757710e-01 5.994599e-01 -6.098078e-01 -2.415267e-01 1.368768e-01 -7.376845e-01 1.437047e+00 1.774722e+00 -8.277880e-03 1.907445e-01 3.692124e-01 3.081114e-02 -3.229072e-02 -1.316452e-01 -3.376625e-01 -3.231856e-01 3.835693e-02 -6.074006e-02 3.882693e-01 -1.140594e-02 -5.735635e-03 -6.365451e-03 
9.059416e+00 -1.434985e+01 -3.124641e+00 -1.641275e+01 1.176410e+01 7.612681e+00 -6.144308e+00 -6.840972e-01 3.798288e+00 3.132946e+00 -4.360621e+00 -2.930522e+00 9.775658e-01 -4.691146e-01 -6.891530e-02 -5.931163e-01 6.407141e-01 4.364618e-01 2.836180e-01 -9.874061e-01 6.175619e-02 9.061400e-02 -5.575318e-01 1.429579e+00 1.160571e+00 -1.139920e-02 1.395670e-01 2.814888e-01 1.512976e-01 -1.023681e-01 -1.101162e-01 -2.718970e-01 -2.008737e-01 1.951770e-01 -2.095296e-01 3.098936e-01 -1.150242e-01 -2.268768e-01 -1.610073e-03 
8.866678e+00 -1.391057e+01 -3.703474e+00 -1.549269e+01 1.116779e+01 8.208988e+00 -8.917861e+00 1.424909e+00 3.133421e+00 3.330801e+00 -4.402103e+00 -1.671666e+00 9.689575e-01 -3.717392e-01 3.274855e-01 -5.680324e-01 5.653053e-01 1.611342e-01 2.780693e-01 -1.076364e+00 8.688096e-02 1.681179e-02 -5.899802e-01 1.361084e+00 5.766435e-01 -1.140387e-02 1.224238e-01 1.224326e-01 2.018759e-01 -1.241272e-01 -6.048400e-02 -2.716126e-01 1.248509e-01 1.613879e-02 -2.247339e-01 1.012993e-01 -6.589726e-02 -3.006285e-01 1.012137e-03 
8.129447e+00 -1.296244e+01 -4.015575e+00 -1.498999e+01 1.072896e+01 8.394734e+00 -9.660020e+00 1.247745e+00 3.573256e+00 8.553674e-01 -1.417256e+00 -2.346450e+00 9.540249e-01 -2.423898e-01 2.580738e-01 -3.169744e-01 5.595757e-01 2.499594e-01 -1.439779e-01 -7.347088e-01 2.221977e-01 -6.178536e-01 -4.425972e-01 1.297839e+00 7.998845e-01 -7.301300e-03 1.320038e-01 -3.558918e-02 2.223075e-01 -1.125437e-01 5.744891e-02 -3.062218e-01 3.378169e-01 -6.838418e-02 -1.528427e-01 1.368200e-01 -1.768092e-01 -2.229712e-01 1.882711e-03 
7.918394e+00 -1.273872e+01 -5.011121e+00 -1.396694e+01 1.197121e+01 7.830641e+00 -9.050505e+00 -1.722415e-01 3.577215e+00 6.425459e-01 6.157010e-01 -1.711982e+00 9.493167e-01 -9.310856e-02 -2.622008e-02 -3.777871e-02 3.485049e-01 4.664772e-01 -5.448708e-01 -1.118015e-01 -2.410165e-01 -6.325470e-01 -2.886280e-01 1.173451e+00 4.518237e-01 -5.268705e-03 1.241045e-01 -9.049103e-02 2.940185e-01 -1.908127e-01 6.241715e-02 -2.730750e-01 2.954371e-01 4.523397e-02 -4.498759e-02 1.517761e-01 -3.085672e-01 -2.673739e-01 6.122502e-04 
8.321769e+00 -1.364562e+01 -4.056033e+00 -1.437793e+01 1.261197e+01 7.082173e+00 -9.751253e+00 1.225432e+00 4.868217e-01 2.264000e+00 -3.805824e-01 1.089239e+00 9.508626e-01 5.181259e-02 -6.993794e-02 2.533046e-01 1.862281e-01 5.708697e-01 -8.360904e-01 2.193706e-01 -1.161579e-01 -3.489248e-01 -2.422208e-02 6.392595e-01 1.080671e-01 -5.053764e-03 8.805332e-02 1.776108e-02 2.377314e-01 -1.766692e-01 -5.907884e-02 -1.216398e-01 1.203284e-01 1.573239e-01 1.220032e-01 6.825928e-02 -3.063085e-01 -5.267749e-01 -1.518295e-03 
8.304285e+00 -1.369973e+01 -3.872529e+00 -1.405620e+01 1.255890e+01 6.141104e+00 -9.431291e+00 2.307277e-01 1.513983e+00 1.183430e+00 9.471890e-01 -1.130236e+00 9.442044e-01 1.018498e-01 3.897322e-02 6.169134e-01 -2.020904e-01 3.128391e-01 -7.413291e-01 -7.625820e-02 4.823730e-01 -3.427116e-01 -4.036595e-02 1.474251e-01 -4.142632e-01 -9.464729e-03 4.401878e-02 1.432794e-01 1.355232e-01 -4.733015e-02 -1.839873e-01 -4.238817e-02 -4.563363e-02 3.468834e-01 5.705625e-02 2.687836e-02 -2.978854e-01 -5.095978e-01 -2.130582e-03 
8.195636e+00 -1.283190e+01 -3.318838e+00 -1.401402e+01 1.328984e+01 5.058841e+00 -8.372726e+00 4.654584e-01 2.860215e+00 4.638476e-01 1.613440e+00 -2.096798e+00 9.313096e-01 1.003965e-01 3.143190e-01 5.443879e-01 -4.850037e-02 3.150836e-02 -6.540239e-01 -1.508393e-01 6.470232e-01 -1.527066e-01 -2.254180e-01 2.792811e-01 -1.400866e+00 -1.279632e-02 4.048929e-02 7.727786e-02 1.012201e-01 5.052212e-02 -2.011002e-01 -5.847409e-02 -7.332785e-02 3.566406e-01 -5.657352e-02 1.066395e-02 -2.867801e-01 -3.251239e-01 -2.963456e-04 
8.490362e+00 -1.295085e+01 -2.294971e+00 -1.515919e+01 1.319664e+01 5.135607e+00 -1.012104e+01 2.619536e+00 6.772079e-01 1.340876e+00 3.562598e-01 -2.190094e+00 9.117566e-01 1.026803e-01 4.981385e-01 4.943290e-01 2.291076e-01 -1.838902e-01 -8.478813e-01 -1.549328e-01 1.111768e+00 -4.453126e-01 -5.361837e-02 -1.360069e-01 -1.341660e+00 -1.204402e-02 5.259039e-02 -9.339525e-02 9.090414e-02 1.055600e-01 -3.273213e-02 -1.681509e-01 2.474524e-02 2.021128e-01 4.974418e-03 -4.256195e-03 -3.350129e-01 4.382395e-02 2.900128e-03 
8.730556e+00 -1.244887e+01 -2.122738e+00 -1.406895e+01 1.245103e+01 4.314828e+00 -1.016083e+01 3.266161e+00 1.416849e-01 1.058012e+00 1.311062e+00 -5.385176e+00 9.030956e-01 2.540378e-01 8.690947e-02 8.208570e-01 2.231932e-01 -1.862304e-01 -1.075118e+00 -1.079078e-01 1.352175e+00 -5.805748e-01 3.585558e-02 -6.528123e-01 -1.053857e+00 -5.245342e-03 5.200214e-02 -2.725821e-01 1.189976e-01 5.570593e-02 1.254987e-01 -1.525118e-01 2.589869e-03 9.719385e-02 6.451218e-02 -2.183679e-02 -4.138324e-01 4.931213e-01 4.550810e-03 
8.550306e+00 -1.140069e+01 -1.998764e+00 -1.288307e+01 1.205924e+01 2.273675e+00 -9.312234e+00 4.389388e+00 6.468517e-01 6.180010e-01 4.184820e-01 -6.194349e+00 8.980712e-01 2.878804e-01 -3.143489e-01 9.331897e-01 1.899246e-01 2.578956e-01 -1.371452e+00 2.597886e-02 1.140336e+00 -1.038410e-01 -1.923271e-01 -1.061566e+00 -3.687351e-01 1.258962e-03 2.393433e-02 -3.164638e-01 2.375021e-02 9.071259e-02 1.867235e-01 -6.724824e-02 -5.955696e-02 -9.377634e-02 2.438199e-01 -1.680901e-01 -1.894203e-01 6.224995e-01 2.973550e-03 
9.435733e+00 -1.317242e+01 6.373374e-01 -1.403658e+01 1.292739e+01 1.114303e+00 -9.316764e+00 6.341312e+00 -2.725402e-02 1.004432e+00 -1.682155e+00 -5.363726e+00 9.119147e-01 2.677410e-01 -6.424885e-01 9.197752e-01 2.496232e-01 4.379880e-01 -1.154793e+00 -2.283159e-01 1.118782e+00 -9.041037e-04 -2.653359e-01 -1.327028e+00 5.781739e-01 3.305575e-03 -8.472341e-02 -1.140431e-01 -1.463631e-01 2.574902e-01 -4.196602e-02 9.377354e-02 -4.873335e-02 -2.260272e-01 2.644333e-01 -2.480477e-01 1.591735e-01 5.653182e-01 -9.453426e-04 
9.577268e+00 -1.416048e+01 9.910524e-01 -1.422589e+01 1.424774e+01 -1.214924e-01 -1.041318e+01 6.783552e+00 2.423223e-01 4.060775e-01 -3.455307e+00 -4.044394e+00 9.136363e-01 2.154199e-01 -7.194421e-01 5.636917e-01 6.693621e-01 4.376828e-01 -1.144303e+00 -3.926539e-01 7.597659e-01 4.838900e-01 -7.433870e-01 -7.459283e-01 9.548332e-01 -1.451165e-03 -1.409431e-01 7.214573e-02 -1.412051e-01 3.277596e-01 -4.263269e-01 2.797772e-01 4.928892e-02 -2.344324e-01 1.205413e-01 -2.839639e-01 4.663578e-01 4.034438e-01 -3.857307e-03 
9.556038e+00 -1.428157e+01 9.809380e-01 -1.214987e+01 1.354657e+01 -2.616588e-01 -1.075191e+01 7.663122e+00 3.393301e-01 -1.629431e-01 -3.386898e+00 -3.569125e+00 9.118268e-01 -1.335951e-01 -2.807296e-01 2.736990e-01 1.270969e+00 -4.858756e-01 -7.198280e-01 -1.424527e-01 4.124828e-01 4.477865e-01 -9.289210e-01 -1.476941e-02 1.110930e+00 -8.618983e-03 -1.207746e-01 1.508781e-01 -6.746990e-03 1.860050e-01 -6.256586e-01 3.912413e-01 1.811032e-01 -1.998121e-01 -4.784073e-03 -2.278426e-01 4.833922e-01 2.843795e-01 -4.017262e-03 
9.566861e+00 -1.444346e+01 6.477408e-01 -1.047944e+01 1.393793e+01 -2.760323e+00 -1.055779e+01 7.527461e+00 2.882982e+00 -2.515354e+00 -2.458295e+00 -2.317763e+00 8.908684e-01 -2.164369e-01 -1.344921e-01 5.501682e-01 1.317915e+00 -1.411876e+00 -1.899280e-01 2.294546e-01 3.214214e-01 2.744898e-01 -1.280311e+00 6.140552e-01 1.382090e+00 -1.206271e-02 -4.799996e-02 2.002102e-01 6.466353e-02 -2.710692e-02 -6.465855e-01 5.283780e-01 2.457908e-01 -7.208720e-02 -2.371239e-01 -7.490216e-02 2.885787e-01 1.940953e-01 -1.337363e-03 
8.773016e+00 -1.443444e+01 2.177616e+00 -9.554481e+00 1.065302e+01 -1.165715e+00 -9.956690e+00 8.031730e+00 8.913511e-01 -2.179210e+00 -2.254527e+00 -6.725403e-01 8.801871e-01 -1.203072e-01 -1.806387e-01 8.927281e-01 8.554814e-01 -1.765549e+00 3.241929e-01 3.661367e-01 3.388940e-01 7.986692e-02 -1.136141e+00 4.098535e-01 1.786487e+00 -1.147396e-02 6.561587e-02 2.220516e-01 -1.070311e-02 -1.936926e-01 -3.294212e-01 3.458677e-01 2.803451e-01 -2.018610e-02 -2.254649e-01 -3.305386e-02 5.964924e-02 4.230721e-02 1.304514e-03 
8.886244e+00 -1.475649e+01 3.143686e+00 -8.934077e+00 8.635386e+00 -6.191005e-01 -9.663579e+00 8.206216e+00 1.338775e+00 -4.987495e+00 -9.511347e-01 1.417973e+00 8.691369e-01 -3.144441e-02 2.314852e-01 5.774333e-01 7.416289e-01 -2.155444e+00 9.755571e-01 5.820926e-01 4.360771e-01 -5.176875e-01 -1.014379e+00 4.846497e-01 1.587636e+00 -6.707876e-03 1.032637e-01 2.885704e-01 -1.430580e-01 -2.564742e-01 3.305938e-02 7.346302e-02 3.264851e-01 -2.665170e-02 -2.138789e-01 1.131995e-01 -1.455638e-01 -1.561966e-01 2.194754e-03 
9.295031e+00 -1.502788e+01 4.196739e+00 -8.645700e+00 7.370266e+00 2.887259e-01 -9.368527e+00 9.018402e+00 1.511014e+00 -4.607350e+00 -2.091148e+00 3.495306e+00 8.653247e-01 1.018498e-01 6.465492e-01 2.066266e-01 5.908112e-01 -1.761174e+00 4.267569e-01 1.082894e+00 2.542094e-01 -2.834347e-01 -1.227141e+00 3.481262e-01 1.219585e+00 -4.773406e-03 5.696023e-02 2.998292e-01 -1.979930e-01 -2.059161e-01 1.866733e-01 -1.806622e-01 4.687673e-01 -1.394470e-01 -1.703495e-01 1.847802e-01 -1.834442e-01 -2.793182e-01 1.225847e-03 
9.148499e+00 -1.298906e+01 2.525551e+00 -7.225886e+00 4.802054e+00 1.390523e+00 -7.941472e+00 9.214754e+00 -1.504555e-02 -6.373080e+00 -1.167747e-01 3.536398e+00 8.647625e-01 1.886364e-01 8.946672e-01 1.778345e-01 1.677455e-01 -1.248775e+00 1.260872e-01 1.503524e+00 2.303600e-01 -6.131518e-01 -6.688522e-01 -8.279776e-02 8.844368e-01 -4.441649e-03 -1.707494e-02 1.525889e-01 -6.188232e-02 -1.616298e-01 2.117654e-01 -3.512299e-01 5.072852e-01 -2.778107e-01 -5.405166e-02 3.674530e-01 -3.096024e-01 -2.495521e-01 -3.281348e-05 
9.151414e+00 -1.208560e+01 3.519652e+00 -7.454920e+00 3.763896e+00 -3.684417e-02 -5.403443e+00 8.798398e+00 1.512537e-01 -7.622171e+00 -9.311217e-01 4.366246e+00 8.585083e-01 5.430407e-02 9.868326e-01 1.026916e-01 1.126675e-01 -1.285303e+00 -1.542950e-01 2.249136e+00 -2.554282e-01 -7.241490e-01 -3.849290e-01 -2.236386e-01 7.413483e-01 -6.474244e-03 -5.690770e-02 2.444265e-03 1.188184e-02 -5.014604e-02 -7.690201e-03 -1.901269e-01 3.957461e-01 -2.782221e-01 -1.048543e-01 5.668436e-01 -3.956686e-01 -2.228195e-01 5.375172e-04 
9.901966e+00 -1.175410e+01 4.370996e+00 -8.689840e+00 4.194520e+00 1.739196e-01 -4.128119e+00 9.467782e+00 -1.047486e+00 -6.824166e+00 -1.945235e+00 5.404912e+00 8.503393e-01 -9.310856e-02 8.243607e-01 3.201589e-01 1.725510e-01 -1.334548e+00 -4.900775e-01 2.535280e+00 -6.979814e-01 -5.674767e-01 4.017832e-01 -7.774337e-01 5.790347e-01 -6.020999e-03 -4.245362e-02 -1.005166e-01 7.563050e-02 2.267960e-03 -1.575904e-01 -1.353697e-01 2.580881e-01 -3.100211e-01 5.972430e-02 4.743747e-01 -3.755285e-01 -2.597143e-01 2.413708e-03 
9.189712e+00 -1.071107e+01 3.787250e+00 -7.350457e+00 1.247462e+00 1.259408e-01 -2.909712e-02 7.614926e+00 -1.593568e+00 -6.306629e+00 -2.294916e+00 6.268098e+00 8.401499e-01 -4.182558e-02 6.938463e-01 1.948480e-01 3.377850e-01 -1.756799e+00 -2.157641e-01 2.545563e+00 -6.728566e-01 -8.306122e-01 1.071794e+00 -1.282920e+00 2.582334e-01 -1.296968e-03 5.040547e-02 -1.449552e-01 1.269099e-01 -7.619305e-02 -1.046461e-01 -8.443093e-02 -3.033830e-02 -1.946396e-01 2.619480e-01 3.013011e-01 -3.932687e-01 -3.145066e-01 4.178456e-03 
8.663534e+00 -9.554684e+00 3.992428e+00 -6.415685e+00 -6.122476e-01 -1.141041e+00 2.048237e+00 6.316768e+00 -1.979950e+00 -5.021918e+00 -3.322129e+00 5.480635e+00 8.438392e-01 2.440630e-02 5.386606e-01 5.099247e-01 6.646112e-02 -1.801059e+00 -5.200751e-01 2.645803e+00 -1.111074e+00 -2.613529e-01 9.747699e-01 -1.430879e+00 -1.725623e-01 5.039121e-03 9.343158e-02 -6.121004e-02 4.137749e-02 -1.553580e-01 6.306954e-02 -7.825654e-02 -2.392391e-01 -8.319627e-02 5.061662e-01 -6.127630e-02 -3.348247e-01 -2.259668e-01 3.465215e-03 
9.561866e+00 -9.716140e+00 4.683386e+00 -6.902689e+00 -2.616937e+00 -4.583717e-01 4.236216e+00 7.009803e+00 -3.535705e+00 -3.164295e+00 -6.657022e+00 5.619416e+00 8.552583e-01 2.476015e-01 4.049505e-01 6.423245e-01 -2.153978e-01 -1.575384e+00 -5.613435e-01 2.042166e+00 -1.022053e+00 4.325894e-01 8.350973e-01 -1.863203e+00 -4.552960e-01 8.884697e-03 3.838841e-02 8.026166e-02 -8.917456e-02 -6.480148e-02 2.327424e-01 -2.496367e-01 -4.177016e-01 -6.162469e-02 5.964779e-01 -2.246428e-01 -1.702213e-01 -1.986654e-01 1.033115e-03 
9.837442e+00 -9.558549e+00 6.472768e+00 -8.581453e+00 -2.878850e+00 -2.134201e+00 6.968034e+00 4.214902e+00 -1.383054e+00 -3.521691e+00 -6.918283e+00 4.866325e+00 8.679774e-01 2.295382e-01 6.629114e-01 3.034726e-01 -3.277718e-01 -1.109789e+00 -7.086439e-01 1.590885e+00 -9.392813e-01 1.331734e+00 2.138397e-01 -2.161338e+00 -1.939874e-01 6.216624e-03 3.948087e-02 1.697357e-01 -2.603395e-01 9.288851e-02 2.170849e-01 -2.623104e-01 -6.170999e-01 9.554806e-02 2.421021e-01 -7.245742e-02 -3.907511e-02 -1.432284e-01 -1.334741e-03 
9.839940e+00 -8.684280e+00 5.758691e+00 -7.344081e+00 -5.496252e+00 -2.184578e+00 7.721517e+00 3.555782e+00 2.710287e-01 -2.881131e+00 -9.812890e+00 4.298793e+00 8.725275e-01 4.745250e-02 1.033107e+00 -1.478211e-01 2.111795e-01 -9.387520e-01 -1.369718e+00 9.844513e-01 -1.066818e+00 1.355243e+00 3.290956e-01 -1.768804e+00 -7.243520e-01 3.277539e-03 1.158690e-01 2.142938e-01 -3.227861e-01 1.001842e-01 1.973123e-01 -3.656909e-01 -5.817835e-01 1.212341e-01 -2.433372e-01 7.839779e-02 3.351645e-01 -2.037465e-01 -2.295781e-03 
9.671763e+00 -6.756254e+00 4.972080e+00 -7.834518e+00 -4.721301e+00 -3.821339e+00 8.260180e+00 3.347380e+00 2.775416e+00 -4.094304e+00 -1.255067e+01 5.171025e+00 8.662909e-01 3.219307e-01 1.073374e+00 -3.965888e-01 3.176391e-01 -1.034089e+00 -1.427459e+00 8.917814e-02 -6.108736e-01 4.878362e-01 8.654574e-01 -1.673354e+00 -7.541940e-01 1.170182e-03 2.944442e-01 1.935265e-01 -3.916427e-01 2.541624e-01 1.065793e-01 -4.184171e-01 -5.719253e-01 9.366716e-02 -5.434747e-01 3.062984e-01 6.423488e-01 -2.897458e-01 -2.936911e-03 
9.882401e+00 -5.951979e+00 4.694656e+00 -6.220981e+00 -6.389430e+00 -6.463597e+00 8.512852e+00 2.109466e+00 1.161257e+00 -1.232438e+00 -1.268494e+01 1.845173e+00 8.724924e-01 7.805708e-01 1.271127e+00 -6.216903e-01 -3.722601e-02 -6.267954e-01 -2.030533e+00 -1.158950e-01 -5.800097e-01 -3.620228e-01 9.012792e-01 -4.313409e-01 -1.193981e+00 -6.806574e-05 3.025116e-01 1.739528e-01 -4.182338e-01 6.406437e-01 1.448196e-01 -9.304259e-02 -5.001745e-01 -1.451484e-01 -4.160295e-01 3.467805e-01 8.902419e-01 -2.131882e-01 -6.020630e-03 
1.142597e+01 -5.557785e+00 5.022074e+00 -7.554969e+00 -7.602341e+00 -7.131872e+00 7.018180e+00 1.884106e+00 6.108862e-01 -1.866745e-02 -1.384933e+01 2.322251e+00 8.738451e-01 1.335133e+00 1.511319e+00 -1.417943e+00 1.067107e+00 -7.329176e-01 -2.470353e+00 -7.185346e-01 -7.144337e-01 -5.270073e-01 1.459246e+00 3.818487e-01 -1.408039e+00 -6.801329e-03 -4.243104e-01 6.328208e-01 -1.775614e-01 1.248301e+00 3.478148e-01 4.875538e-01 -5.585101e-01 -5.340246e-01 -1.181580e-01 -1.515162e-01 1.173239e+00 -7.197940e-02 -1.211202e-02 
1.286588e+01 -2.927681e+00 2.625250e+00 -7.669732e+00 -7.189407e+00 -1.068161e+01 7.762928e+00 1.387423e+00 -4.568603e-01 -4.125818e-01 -1.132005e+01 -2.463743e-01 8.684167e-01 1.053596e+00 1.683634e+00 -1.728330e+00 3.039380e+00 -3.651018e-01 -1.313451e+00 -1.112706e+00 -1.740723e+00 -2.175249e-01 1.766060e+00 1.654901e+00 -1.463419e+00 -2.284247e-02 -1.645176e+00 7.574639e-01 5.063972e-01 1.398567e+00 8.760539e-01 1.024158e+00 -3.771512e-01 -4.001280e-01 -1.592387e-01 -5.975745e-01 9.893898e-01 5.546252e-01 -2.067223e-02 
1.485528e+01 -7.115236e-01 -1.082977e+00 -1.774681e+00 -7.985933e+00 -1.406411e+01 5.042432e+00 1.361214e-01 9.494238e-01 2.792013e+00 -1.132369e+01 -8.232102e-01 8.343350e-01 -1.935974e+00 4.031232e+00 -7.309693e-01 5.020895e+00 5.742274e-01 6.519124e-01 -2.204966e+00 -2.700694e+00 -1.752083e-01 -3.244498e-01 3.149774e+00 -9.793479e-01 -4.799993e-02 -2.484437e+00 2.471155e-01 1.165718e+00 3.143201e-01 1.279786e+00 1.133713e+00 2.574783e-01 2.568353e-01 -5.690246e-02 -7.111472e-01 5.608941e-01 1.139861e+00 -2.832908e-02 
1.343576e+01 4.336987e-02 -8.945606e-01 6.086040e+00 -8.023041e+00 -9.564736e+00 3.937281e+00 -5.720097e+00 -9.555548e-02 6.192667e+00 -5.673474e+00 -3.899152e+00 7.780300e-01 -5.809812e+00 3.798453e+00 1.566942e+00 4.978755e+00 3.099997e+00 1.529126e+00 -1.258374e+00 -1.587552e+00 -1.334214e+00 -1.194773e+00 3.131571e+00 1.364874e+00 -8.282973e-02 -1.994343e+00 -5.527406e-01 1.186049e+00 -1.114938e+00 8.660170e-01 4.663090e-01 5.744627e-01 8.747111e-01 1.038020e-01 -3.842344e-01 -1.704566e-01 1.171598e+00 -2.568852e-02 
1.461063e+00 1.311273e+01 3.126925e+00 1.067162e+01 -4.314839e+00 -4.431012e+00 -2.093814e+00 -8.065172e+00 -4.459717e-01 -4.943494e+00 -9.238443e-01 -7.480045e-01 6.790175e-01 -7.655377e+00 1.689514e+00 2.763012e+00 1.669083e+00 3.933510e+00 1.776996e+00 6.416976e-01 4.932137e-01 -2.531246e-01 -6.160834e-01 2.447903e+00 2.877154e+00 -1.184539e-01 1.931238e-02 -1.495540e+00 4.550177e-01 -1.866269e+00 -2.470689e-01 -2.826209e-01 5.876238e-01 1.065740e+00 2.683075e-01 3.947048e-01 -9.039249e-01 4.016237e-01 -9.224971e-03 
-9.485843e+00 9.152761e+00 8.354913e+00 1.100120e+01 6.474930e+00 -7.852581e+00 5.039197e+00 -2.449486e+00 -6.430103e+00 -2.518646e+00 -8.619859e-01 6.540235e+00 5.319217e-01 -6.058337e+00 9.087219e-02 2.454806e+00 -8.595149e-01 2.285308e+00 4.554541e-01 3.363841e-01 1.035883e+00 3.403997e-01 -9.202665e-03 1.153731e+00 2.466349e+00 -1.160615e-01 2.166164e+00 -1.082185e+00 -6.945114e-01 -1.638566e+00 -1.510557e+00 -3.502550e-01 -2.757751e-01 4.490398e-01 4.953477e-01 2.920973e-01 -1.155018e+00 -8.301235e-01 1.632584e-02 
-1.196063e+01 3.181459e+00 8.107544e+00 4.113503e+00 4.432701e+00 -6.035215e+00 7.699841e+00 9.670501e-01 2.850976e+00 4.067146e+00 -1.490030e+00 8.342847e+00 3.651148e-01 -1.715478e+00 -1.592649e+00 1.100162e+00 -1.391258e+00 -2.536888e-01 -2.244339e-01 -6.427729e-02 1.316337e+00 3.290648e-01 1.056212e+00 -3.809323e-01 4.780311e-01 -7.750760e-02 3.022737e+00 -2.082515e-01 -1.188826e+00 -5.859336e-01 -1.648112e+00 -1.597829e-01 -8.226977e-01 -4.758931e-01 -1.541950e-01 -3.167523e-01 -1.056105e+00 -1.268500e+00 3.708195e-02 
-1.014440e+01 5.463316e+00 8.889242e+00 5.067894e+00 -9.703820e-01 -6.485187e+00 7.221207e-01 -5.056960e+00 -4.177221e-02 1.641400e+00 3.784560e-01 3.887358e+00 3.546620e-01 2.051018e+00 2.874682e-02 -1.074293e+00 -1.683652e+00 -2.359243e+00 7.784919e-01 -2.284439e+00 2.463021e-01 8.513897e-01 -5.704630e-01 -1.229011e+00 -1.586231e+00 -2.167432e-02 2.342554e+00 1.482524e-01 -9.585200e-01 1.765333e-01 -6.873350e-01 3.637815e-01 -2.524510e-01 -8.902789e-01 -3.244021e-01 -5.653613e-01 -8.209174e-01 -6.942613e-01 3.807577e-02 
-6.786269e+00 6.994144e+00 8.360693e+00 6.681430e+00 -1.860109e+00 -6.236726e+00 -2.568565e-01 -1.798279e-01 -1.995128e+00 -1.742491e+00 -3.448393e+00 2.968607e+00 3.801003e-01 3.403685e+00 6.794015e-01 -1.416525e+00 -8.484254e-01 -1.984814e+00 8.164657e-01 -2.161535e+00 -1.491516e+00 -1.279555e+00 -1.919239e+00 -1.641149e+00 -1.439029e+00 1.976258e-02 1.002778e+00 1.380677e-01 -2.359016e-01 5.180883e-01 4.037200e-01 2.630008e-01 5.176006e-01 -7.506809e-01 -1.550722e-01 -5.146688e-01 -2.324769e-01 1.488205e-01 2.434587e-02 
-1.817972e+00 7.390055e+00 2.857015e+00 1.298396e+00 -2.175094e+00 -3.859722e+00 -2.404718e+00 -6.448267e-01 2.499113e-01 -2.466264e+00 -6.028250e+00 1.295990e+00 4.160617e-01 3.094949e+00 -3.038668e-01 -1.079419e+00 -2.481120e-01 -2.858408e-01 1.753848e+00 1.227247e-01 -2.011484e+00 -4.772180e-01 -1.348180e+00 -2.320849e+00 -4.649910e-02 2.568281e-02 -5.699174e-02 -2.856711e-01 4.506108e-01 8.346203e-01 9.064153e-01 -2.128746e-01 1.165747e+00 2.942265e-02 -1.381867e-01 1.584632e-01 5.390599e-01 4.661611e-01 7.323797e-03 
8.945068e-01 5.614896e+00 4.041266e+00 1.755974e+00 -4.889149e+00 -3.265471e+00 -1.544150e+00 -8.696625e+00 -3.692436e+00 -3.475296e+00 -6.492916e+00 2.443201e+00 4.332255e-01 2.776455e+00 -7.360600e-01 -7.671342e-02 4.813945e-01 7.282725e-01 6.028411e-01 1.320017e+00 -1.308246e+00 2.178997e-01 -1.128350e+00 -9.975048e-01 4.523019e-01 2.054291e-02 -5.296067e-01 -2.573051e-01 4.169087e-01 7.361920e-01 7.890846e-01 -2.002821e-01 7.095292e-01 9.054521e-01 3.171730e-01 9.456354e-01 1.444943e+00 5.715778e-03 -4.675437e-03 
1.489787e+00 4.633706e+00 5.652057e+00 6.290062e+00 -8.853790e-01 7.983286e-01 1.979650e+00 -1.085561e+01 -1.579380e+00 -4.233191e+00 -9.703364e+00 3.917595e+00 4.565205e-01 2.079463e+00 -6.918309e-01 5.088341e-01 1.824522e+00 8.162838e-01 -1.790907e-01 1.803446e+00 3.017807e-01 -5.882992e-01 -1.736934e-01 1.144513e+00 -2.010653e-01 1.455260e-02 -6.605338e-01 -8.153964e-02 -4.550698e-02 4.086525e-01 2.526655e-01 -1.277329e-01 -2.012802e-01 1.191760e+00 1.111117e-01 1.007257e+00 1.820218e+00 -7.466648e-01 -1.018863e-02 
5.441530e+00 4.692105e+00 6.579691e+00 6.592661e+00 1.136570e+00 -5.551658e+00 4.151129e+00 -1.615880e+00 9.041442e-03 -6.500593e+00 -6.598074e+00 3.919146e+00 4.625989e-01 1.263295e+00 -4.130336e-01 -1.260089e-01 1.796243e+00 1.409571e+00 7.814396e-01 5.456507e-01 1.879158e+00 3.618098e-01 2.221622e+00 3.850944e+00 -1.333148e+00 1.950511e-03 -7.967551e-01 -3.785687e-02 -5.333620e-01 3.093887e-02 -1.735992e-01 2.504895e-01 -8.208684e-01 7.316451e-01 -1.856292e-02 9.212958e-01 1.113713e+00 -8.982633e-01 -1.715978e-02 
6.305726e+00 4.391951e+00 4.132007e+00 8.002667e+00 -1.106300e+00 -3.611946e+00 3.764844e+00 -2.676184e+00 -4.542739e+00 -1.822113e+00 -2.532269e-01 -4.469230e-01 4.741234e-01 5.488631e-01 -8.730938e-01 -1.282272e+00 1.137710e+00 6.367001e-01 1.025842e+00 -4.964885e-01 2.353595e+00 6.484514e-03 2.013037e+00 4.356081e+00 -2.887130e+00 -1.596436e-02 -7.493592e-01 -1.880036e-02 -7.040762e-01 -2.846971e-01 -2.573065e-01 2.094622e-01 -7.061787e-01 2.712947e-01 1.266814e-01 2.626166e-01 2.478044e-02 -3.156821e-01 -2.168834e-02 
4.802540e+00 3.670551e+00 4.171020e+00 9.881531e+00 2.269224e+00 2.847021e+00 2.915131e-01 -3.390640e+00 -4.017572e-01 6.427339e+00 8.036520e+00 -2.040200e+00 4.341566e-01 -4.421236e-01 -8.346170e-01 -1.847970e+00 9.793145e-01 -4.988931e-02 1.252905e+00 -1.634475e+00 1.324117e+00 -1.721857e-01 2.384748e+00 2.965409e+00 -2.695931e+00 -4.999514e-02 -5.343127e-01 1.807935e-02 -6.053234e-01 -2.475145e-01 -1.152350e-01 -1.837087e-01 4.146340e-02 9.144192e-03 4.623785e-02 -4.031453e-01 -1.062787e+00 3.114913e-01 -1.948699e-02 
4.554021e+00 7.789401e-01 4.451638e-01 1.033420e+01 1.732023e+00 1.728088e+00 1.426751e+00 1.799764e+00 -1.341480e+00 -6.319885e-01 4.759483e+00 -7.538490e+00 3.909045e-01 -8.148076e-01 -5.751221e-01 -2.150614e+00 8.096446e-01 2.596253e-01 6.325787e-01 -6.374637e-01 1.935657e+00 3.121046e-01 1.057818e+00 1.711260e+00 -1.098142e+00 -6.791936e-02 -3.134677e-01 4.693884e-01 -1.059004e-01 -1.245752e-01 2.352014e-01 -2.660882e-01 3.349712e-01 -4.475620e-01 2.377894e-01 -3.186218e-01 -1.263577e+00 9.978935e-01 -1.433828e-02 
4.106937e+00 2.325656e+00 -8.168243e-01 1.032390e+01 -5.319910e-01 -1.957365e+00 -2.851826e+00 2.766801e+00 -2.452451e+00 4.828035e+00 5.722654e+00 -6.014734e+00 2.542265e-01 -7.263600e-01 -4.717076e-01 -2.718385e+00 7.227767e-01 1.022016e+00 5.950297e-02 8.235078e-01 2.133976e+00 4.402300e-01 6.834574e-01 -1.404410e-01 -6.702156e-01 -6.950338e-02 -1.491785e-01 6.835852e-01 4.207146e-01 -2.546823e-01 -1.230715e-02 -2.460214e-01 4.781173e-01 -9.734500e-01 1.683835e-01 -4.326979e-01 -1.008908e+00 9.550834e-01 -3.949084e-03 
2.580023e+00 2.188676e+00 -4.127123e+00 1.182955e+01 1.592221e+00 1.953246e+00 2.149499e+00 3.923943e+00 -1.956523e+00 4.266797e+00 9.459991e+00 -3.950323e+00 2.245017e-01 -8.762642e-01 1.292474e+00 -1.376500e+00 6.429320e-01 1.276893e+00 2.921145e-01 -5.069893e-02 -2.890980e-01 8.891724e-01 1.270500e+00 -4.089371e-01 1.089313e+00 -7.790477e-02 -1.182535e-01 6.927752e-01 8.562887e-01 -4.782898e-01 -6.084957e-01 4.466271e-02 1.853209e-01 -1.235777e+00 5.354758e-02 -2.298559e-01 -5.927879e-01 6.647787e-01 3.146616e-03 
2.157499e+00 6.076077e-01 -7.134567e+00 1.274764e+01 7.448797e+00 3.032082e+00 4.047926e+00 6.217253e+00 2.106919e+00 7.395362e+00 4.983993e+00 -7.185204e+00 1.698480e-01 -1.157386e+00 1.649503e+00 -1.313529e-01 -2.107772e-01 -6.200801e-01 1.930183e-01 4.626829e-01 -2.430826e+00 3.812050e-01 1.149685e-01 -1.019209e+00 9.857273e-01 -6.475131e-02 -9.942960e-02 4.616305e-01 1.014734e+00 -6.348278e-01 -1.075159e+00 3.427805e-01 2.693182e-01 -6.695082e-01 2.467414e-02 -4.647672e-01 -1.096127e-01 5.200055e-01 8.242882e-03 
1.147189e+00 8.100290e+00 -3.278380e+00 1.233715e+01 4.125914e+00 6.941462e-01 -2.276280e+00 -1.370885e+00 8.246995e-01 4.437114e+00 3.084577e+00 -1.506523e+00 4.358776e-02 -1.190398e+00 1.828082e+00 8.374343e-01 -1.115129e+00 -1.961819e+00 7.890691e-01 4.695719e-01 -1.960597e+00 6.093285e-01 1.927964e-01 -8.133732e-01 1.397872e+00 -5.456030e-02 -1.346142e-02 -1.827898e-01 4.540662e-01 -4.564026e-01 -7.308447e-01 4.731334e-01 4.560636e-01 4.548001e-01 -9.151404e-02 -8.846523e-01 7.087228e-03 2.911154e-02 1.176451e-02 
-9.633494e-01 7.617210e+00 -1.897909e+00 9.016400e+00 -4.899073e+00 -3.627569e-01 1.674246e+00 -6.740238e+00 -1.937385e+00 5.317734e+00 3.814142e+00 -2.307942e+00 2.092522e-02 -1.066447e+00 1.568587e+00 1.248375e+00 -1.572202e+00 -2.734385e+00 1.524964e+00 1.910076e+00 -3.777361e-01 7.036174e-01 -1.101524e+00 -4.863004e-01 1.775583e+00 -3.996300e-02 1.298189e-01 -2.562309e-01 9.801514e-02 4.367438e-02 1.549067e-01 3.576884e-01 3.704249e-02 9.146215e-01 -2.356619e-01 -8.006322e-01 2.757793e-01 -1.563482e-01 8.006883e-03 
-1.811311e+00 7.824613e+00 -2.558524e+00 8.119882e+00 -2.043059e+00 7.595888e+00 5.683976e+00 5.993352e-01 3.111974e+00 6.269294e+00 5.978093e+00 6.005304e-01 2.616044e-02 -9.890037e-01 4.188839e-01 2.040091e-01 -9.582117e-01 -1.320202e+00 1.991834e+00 1.505920e+00 9.584684e-01 2.703757e-01 -2.544512e+00 -6.398600e-01 8.400564e-01 -3.147282e-02 1.610800e-01 -2.461258e-01 -5.061488e-02 4.626664e-01 4.463766e-01 -4.738241e-01 -4.834563e-01 2.409064e-01 -5.322908e-01 -4.916594e-01 2.407694e-01 -6.470147e-01 4.272856e-03 
-1.695585e+00 8.588524e+00 -1.252610e+00 6.995310e+00 -3.138605e+00 7.205890e+00 9.617679e+00 3.343364e+00 4.481302e+00 9.718055e-01 1.105837e+00 6.390378e-01 -2.127280e-02 -6.088452e-01 1.072990e+00 6.753699e-01 -7.067944e-02 -1.663897e-01 1.380178e+00 1.298134e-01 6.826060e-01 -6.276771e-01 -2.519614e+00 2.728633e-01 4.829091e-01 -3.626227e-02 7.511187e-02 -2.834432e-01 -9.558448e-02 6.960015e-01 5.048914e-01 -1.059742e+00 -9.390642e-01 -5.233270e-01 -3.540430e-01 3.115834e-01 2.834495e-01 -7.974756e-01 2.102977e-03 
-3.431055e+00 9.708411e+00 -2.581353e+00 8.556861e+00 -3.355212e+00 6.868668e+00 1.281490e+00 -1.619896e+00 -1.032638e+00 -6.112366e+00 1.239379e+00 1.220267e+00 -9.268618e-02 -6.140357e-01 8.454527e-01 8.709160e-01 4.473866e-01 -1.014045e+00 -1.507655e+00 -1.057594e+00 -1.286309e+00 -1.386438e+00 -1.556443e+00 1.101835e-02 -1.190920e+00 -3.504739e-02 1.158112e-02 -2.913999e-01 3.546834e-02 4.551147e-01 3.122342e-01 -1.023995e+00 -4.354360e-01 -5.569481e-01 2.774081e-01 1.058561e+00 -5.220385e-02 -6.114471e-01 3.803480e-03 
-3.197522e+00 1.203965e+01 1.490415e+00 8.444060e+00 -5.074688e+00 6.901910e+00 4.524474e+00 -2.217433e+00 -3.003482e+00 -1.089360e+00 7.548203e+00 -2.032150e-01 -1.009606e-01 -8.785480e-01 -6.201248e-02 4.369630e-01 1.204987e+00 -3.629651e-01 -2.023944e+00 -1.503484e+00 -1.872087e+00 -2.382634e-01 -3.755482e-02 6.054204e-01 -1.196276e+00 -2.765996e-02 -7.900900e-02 -5.168555e-01 -2.877819e-01 1.506747e-02 2.237594e-01 -3.405465e-01 -7.815528e-02 -3.080227e-01 6.220985e-01 7.787097e-01 -4.712882e-01 -1.425838e-01 6.226402e-03 
-4.130405e+00 1.032590e+01 4.243571e-01 9.632389e+00 -6.145208e+00 2.099036e-01 2.942775e+00 -3.051486e+00 -7.773771e-02 -4.823250e-01 2.811672e+00 -4.933166e+00 -1.092527e-01 -7.961215e-01 -4.705572e-01 5.004364e-01 6.795275e-01 3.391916e-01 -1.426072e+00 1.454884e-01 -5.490183e-01 1.462798e+00 1.507276e+00 -1.067167e+00 -1.377528e+00 -1.675403e-02 -1.497405e-02 -3.583165e-01 -4.261962e-01 -5.198241e-01 1.518454e-01 5.362990e-01 2.067140e-01 2.436102e-01 3.224726e-01 1.733834e-01 -3.449418e-01 4.580466e-01 6.666934e-03 
-5.738493e+00 7.970181e+00 -5.706109e-01 1.248281e+01 -3.558442e+00 4.158695e-01 1.269520e+00 -5.301063e+00 2.812371e+00 -2.031342e+00 3.347293e+00 -2.265817e+00 -1.512926e-01 -9.128059e-01 -8.534080e-01 -5.783932e-01 -1.113411e-01 2.758031e-01 -3.634113e-01 -8.626050e-01 -1.226112e+00 1.058187e+00 -1.578708e-01 -1.544532e+00 -1.366946e-01 -1.427287e-02 9.729721e-02 -1.163108e-01 -3.558373e-01 -9.600634e-01 -1.897084e-01 4.251599e-01 1.860831e-01 3.932593e-01 -4.171260e-01 -3.267829e-01 -7.954362e-02 5.704373e-01 6.366691e-03 
-6.141452e+00 9.390222e+00 9.514617e-01 9.934988e+00 -2.417159e+00 2.981704e+00 3.636406e+00 -2.823003e+00 3.373301e+00 1.894930e+00 -1.995813e+00 -4.635962e+00 -1.512926e-01 -6.717551e-01 -5.504509e-01 -7.523451e-01 -1.493466e+00 -5.741921e-01 3.437000e-01 -3.446305e-01 -3.913826e-01 -4.222232e-01 -6.294162e-01 -6.385765e-01 5.694700e-01 -8.408714e-03 1.557858e-01 -2.842807e-02 -2.625429e-01 -7.096409e-01 -1.983400e-01 -1.123183e-02 -6.575640e-02 3.718053e-01 -5.776843e-01 -4.729643e-01 6.720414e-01 6.866198e-01 4.778942e-03 
-6.755881e+00 8.240705e+00 -1.665278e+00 7.735869e+00 -5.559680e+00 3.698986e+00 -1.352123e-01 -8.461894e+00 5.620523e-01 -3.067313e+00 2.229112e+00 -1.034872e+00 -1.512926e-01 -4.539581e-01 -6.036282e-01 -7.158098e-01 -2.508713e+00 -8.549123e-01 -7.828576e-01 -3.280569e-01 1.558781e-02 -1.381316e+00 -6.031523e-01 -6.601345e-03 6.824295e-01 2.023743e-06 2.431826e-01 1.308668e-01 7.963670e-02 -6.070564e-02 1.553583e-01 -2.810367e-01 2.408109e-01 4.363437e-01 -1.373460e-01 4.259112e-01 6.986282e-01 3.433808e-01 3.695969e-03 
-6.981088e+00 7.438148e+00 -2.789999e+00 4.538221e+00 -8.015274e+00 2.866696e-01 1.922063e+00 -3.428126e+00 -1.063654e+00 -3.111314e+00 1.775983e-01 -2.700770e+00 -1.512926e-01 -2.467499e-01 -7.375940e-01 -7.434022e-01 -1.669790e+00 -8.723050e-02 -1.272443e+00 -4.506615e-01 6.891104e-01 -2.058543e-01 -6.347975e-01 1.524211e+00 1.646077e+00 2.023743e-06 1.878033e-01 1.732765e-01 2.553587e-01 5.743422e-01 2.553755e-01 -5.043113e-02 1.191088e-01 -3.132539e-01 4.024387e-02 6.732620e-01 5.143553e-01 1.263348e-01 1.682112e-03 
-7.588024e+00 5.927932e+00 -2.279078e+00 2.637289e+00 -5.034129e+00 -2.151336e+00 4.862733e-01 -4.921299e+00 -1.875683e+00 -2.543790e+00 2.227293e+00 1.790163e-01 -1.512926e-01 9.084579e-02 -1.056025e-01 -1.846836e-01 -3.266628e-01 8.091614e-01 -9.605891e-01 3.944916e-01 4.154161e-01 2.632390e-01 1.974324e+00 8.672653e-01 1.042064e+00 2.023743e-06 1.260373e-01 1.989371e-01 1.887055e-01 6.117808e-01 6.587986e-02 4.130549e-01 3.038571e-02 -3.493437e-01 -7.535953e-02 4.785452e-01 2.650034e-01 -2.500072e-01 -3.585053e-08 
-6.959442e+00 6.858881e+00 -2.458825e+00 4.134592e+00 -3.116168e+00 -4.552873e-01 1.072171e+00 -1.147757e+00 3.563027e+00 -1.541044e+00 5.625864e+00 2.987473e+00 -1.512926e-01 -5.283854e-03 6.684016e-02 2.587577e-01 2.871428e-01 -1.293538e-01 1.803604e-01 -1.104038e-01 -2.157642e+00 -1.043371e+00 1.448243e+00 1.496323e+00 1.021404e+00 2.023743e-06 7.536397e-02 2.430973e-01 4.082664e-02 2.676659e-01 -1.681793e-01 4.811763e-01 7.520460e-02 1.672657e-02 -3.434439e-01 -1.035201e-01 -1.019425e-01 -5.407289e-01 -3.585053e-08 
-6.312543e+00 8.002386e+00 -2.754165e+00 6.304775e+00 -3.963609e+00 -7.332214e-01 2.262085e+00 -7.524756e+00 -4.354130e-01 6.019057e+00 3.841432e+00 1.331396e+00 -1.512926e-01 5.534219e-02 -1.126397e-02 -2.734591e-01 -4.283169e-01 -5.042918e-01 5.559373e-01 -3.461281e-01 -3.077183e-01 -1.339335e+00 7.481132e-01 1.332262e+00 -2.552017e-01 2.023743e-06 -7.720750e-04 6.693403e-02 -4.300310e-02 -8.163642e-03 -1.374666e-01 8.857404e-02 1.031376e-02 7.041957e-01 7.913164e-02 -9.333675e-01 -4.003742e-01 -5.510049e-01 -3.585053e-08 
-7.645054e+00 6.734783e+00 -1.258679e+00 4.140477e+00 -9.197118e+00 4.792700e-01 4.820675e-01 -1.291419e+01 -7.000602e+00 -1.515686e-01 6.852115e+00 1.829666e+00 -1.512926e-01 1.477346e-01 4.306443e-01 -4.948526e-01 -2.808261e-01 -2.713928e-01 3.751715e-01 2.957489e-01 1.134342e+00 -1.121707e+00 -5.393800e-01 7.818507e-01 -4.089070e-01 2.023743e-06 7.477573e-02 9.561826e-02 -3.892572e-03 2.670259e-01 3.060615e-01 -3.750744e-01 2.590535e-01 1.129750e+00 7.801349e-01 -6.458222e-01 -9.207711e-01 -4.518478e-01 -3.585053e-08 
-6.969016e+00 5.933514e+00 -4.246472e+00 4.930988e-01 -4.515049e+00 1.608968e-01 -9.491934e-01 -5.765495e-01 -3.290546e+00 5.018622e-01 8.275584e+00 -5.185106e-01 -1.512926e-01 1.028790e-02 4.715433e-02 -2.272832e-02 -8.343240e-02 1.927775e-01 -6.150964e-01 2.429331e-01 2.290592e+00 6.980759e-01 -1.698606e+00 -7.775503e-01 -9.978079e-01 2.023743e-06 2.914452e-02 9.378820e-02 2.062827e-01 5.206482e-01 3.117323e-01 -2.833521e-01 3.393922e-01 5.863539e-02 7.274317e-01 -1.708225e-01 -7.763550e-01 8.280426e-02 -3.585053e-08 
-5.892101e+00 1.004678e+01 -4.187231e+00 5.636800e+00 -4.197043e+00 9.734511e-01 4.156952e+00 1.049608e+00 -6.182101e-01 -1.479383e+00 7.318235e+00 1.867915e+00 -1.512926e-01 3.910693e-01 5.156513e-01 1.139249e-01 1.450065e+00 1.052541e+00 -1.109623e+00 8.903013e-01 2.192006e+00 1.838694e+00 -5.574515e-01 -2.052703e+00 -8.665797e-01 2.023743e-06 -2.127670e-02 -7.811822e-02 7.553035e-02 1.050480e-01 6.979423e-02 1.242393e-01 2.560910e-02 -7.198811e-01 3.275163e-01 2.321651e-01 -2.722396e-01 2.773645e-01 -3.585053e-08 
-7.137609e+00 6.581915e+00 -1.403459e+00 5.139007e+00 -5.499703e+00 -4.055749e+00 1.639305e+00 -3.054163e+00 -1.361404e-01 -1.810139e+00 -2.790619e-01 -3.676636e+00 -1.512926e-01 7.942650e-02 4.151769e-01 4.534312e-01 1.309783e+00 3.924053e-01 -1.185753e-01 1.053641e+00 -5.432791e-01 8.177211e-01 -9.707026e-02 -1.132161e+00 3.875487e-01 2.023743e-06 -7.074728e-03 -1.748749e-02 -2.534789e-01 -3.634141e-01 -1.927194e-01 6.452853e-01 -1.072723e-01 -9.163764e-01 -1.945447e-01 2.836845e-01 4.493234e-01 4.831866e-01 -3.585053e-08 
-5.605284e+00 8.989158e+00 -2.110023e+00 9.067406e+00 -3.442372e+00 -2.960463e+00 3.639641e+00 -7.153351e-01 6.155056e-01 -1.782901e+00 8.656815e-01 -9.237430e-01 -1.512926e-01 6.758305e-03 -1.438237e-01 -3.554729e-01 -4.519745e-01 -2.211236e-02 7.479741e-01 1.859064e-02 -1.048070e+00 4.559308e-01 -1.793156e-01 -4.019359e-01 2.853016e-01 2.023743e-06 -7.505935e-02 -1.450746e-01 -3.383602e-01 -7.881659e-01 -4.123255e-01 6.048267e-01 -3.394464e-01 -6.451153e-01 -3.458927e-01 -5.973035e-02 5.715759e-01 2.023236e-01 -3.585053e-08 
-6.715502e+00 8.537853e+00 -3.017429e+00 5.325863e+00 -2.930629e+00 1.535145e+00 4.577531e+00 -2.410662e+00 1.809500e-01 1.684119e-01 5.841276e+00 2.815353e+00 -1.512926e-01 1.672512e-01 2.895200e-01 -1.055534e+00 -9.495249e-01 -2.334411e-01 1.682495e+00 1.424932e-01 -6.713262e-01 4.166367e-01 -4.692626e-01 6.438103e-01 8.422563e-01 2.023743e-06 -2.497426e-02 -1.126905e-01 -3.021542e-01 -6.251001e-01 -2.851085e-01 2.530892e-01 -3.180024e-01 -7.743602e-02 -1.162209e-01 -1.636321e-01 2.418046e-01 -1.307153e-01 -3.585053e-08 
-6.069436e+00 8.349345e+00 -5.157347e+00 3.283194e+00 -5.592042e+00 1.917947e+00 2.781014e+00 -4.512528e+00 1.503095e+00 -3.365443e+00 2.248398e+00 4.850461e-02 -1.512926e-01 -2.812243e-02 -1.467638e-01 -8.234528e-01 -1.361131e+00 -6.960852e-01 1.013878e+00 -3.514197e-01 -9.696351e-01 3.096697e-01 -6.698963e-01 -8.279776e-02 -8.217557e-02 2.023743e-06 -2.648690e-02 -4.422230e-02 -7.039550e-02 -2.230035e-01 -1.810767e-01 -1.366910e-02 -1.233807e-01 -1.413195e-02 -3.994388e-02 -1.181885e-01 -8.817839e-03 -1.659417e-01 -3.585053e-08 
