-4.370466e+00 6.340455e+00 -6.245145e-01 4.904307e-01 -2.020657e+00 2.986442e+00 9.615604e+00 6.973116e-01 -1.253599e+00 -6.632733e-01 2.568460e+00 3.319632e+00 -1.512926e-01 1.095687e-01 -2.316681e-01 7.401999e-02 -8.154087e-01 -7.231176e-01 -9.687731e-01 1.647832e-01 6.214405e-01 1.450184e+00 3.907428e-01 -1.890886e+00 -5.767606e-01 -1.385852e-06 -6.882909e-02 6.055983e-02 -1.021675e-01 1.801809e-01 1.973300e-01 5.722814e-01 -1.790558e-01 -2.303382e-01 -3.193335e-01 -1.192137e-01 3.758554e-01 5.683341e-01 4.991064e-08 
-4.393571e+00 6.905351e+00 -1.364888e+00 -2.394742e+00 -4.869671e+00 -2.347566e+00 7.085798e+00 1.415029e-01 3.927326e+00 4.460115e+00 -2.776124e+00 -1.882506e+00 -1.512926e-01 -7.529898e-02 -1.456535e-01 -3.505129e-02 2.628525e-03 -4.573538e-01 1.384591e-01 -4.412233e-01 2.290329e-01 3.801543e-01 -4.874618e-01 -1.321557e+00 1.107159e+00 -1.385852e-06 -1.338454e-01 3.474479e-02 -6.765112e-02 1.386035e-01 4.673178e-01 8.438283e-01 -1.857765e-01 -1.631096e-01 -3.775665e-01 -1.416597e-01 6.428245e-01 6.309921e-01 4.991064e-08 
-3.811341e+00 4.899704e+00 1.154153e-01 -2.144374e+00 -4.211501e+00 8.092889e-01 1.170471e+01 4.082229e+00 3.406658e+00 -1.271403e+00 -4.213715e+00 3.036577e+00 -1.512926e-01 -1.422427e-01 2.815234e-02 -3.822225e-01 -3.235101e-01 1.307649e-01 1.339018e+00 -4.274295e-01 -3.339424e-01 3.886842e-01 2.337930e-01 -2.962270e-01 1.422926e+00 -1.385852e-06 -1.156825e-01 1.631085e-01 -3.501863e-02 -2.406599e-02 5.316185e-01 5.846614e-01 -4.673813e-01 -1.867533e-01 -2.704465e-01 -4.030176e-02 5.802431e-01 2.430478e-01 4.991064e-08 
-5.027050e+00 6.332665e+00 -1.169703e+00 1.820660e+00 -3.212014e+00 4.766968e+00 6.365417e+00 1.499885e-01 -1.683197e+00 -2.796863e+00 -6.483141e-01 8.996858e+00 -1.512926e-01 -4.337054e-01 -1.876680e-01 -3.609255e-02 -3.685472e-01 1.186453e+00 2.096388e+00 -4.680226e-01 2.836045e-01 9.298072e-02 -2.392391e-01 5.258381e-01 1.578209e+00 -1.385852e-06 -2.583192e-02 2.587970e-01 1.210873e-01 -1.062979e-01 2.704203e-01 -1.100036e-01 -3.215176e-01 1.271738e-01 2.963946e-01 3.773336e-02 2.279773e-02 -4.850871e-01 4.991064e-08 
-4.764921e+00 6.767321e+00 -2.633592e+00 -3.235162e+00 -2.195710e+00 6.124034e+00 7.838490e+00 -9.769028e-01 3.494867e+00 4.134479e+00 2.344079e-02 4.994917e+00 -1.512926e-01 -2.896477e-01 6.050667e-01 -1.004767e-01 -7.502512e-01 1.112992e+00 9.755453e-01 -2.158745e+00 -3.396534e-01 2.416448e-01 6.513643e-02 8.670653e-02 4.027947e-01 -1.385852e-06 5.133753e-03 2.210399e-01 2.173882e-01 3.696629e-01 3.093775e-02 -6.749417e-01 -2.214956e-01 1.279672e-01 2.835846e-01 -5.091103e-02 -2.708637e-01 -5.738526e-01 4.991064e-08 
-6.085230e+00 5.033060e+00 -1.707086e-01 -3.691715e+00 5.475833e-02 5.477321e+00 6.678465e+00 4.089017e+00 4.347865e+00 5.606902e-01 -2.265274e+00 5.029867e+00 -1.512926e-01 -1.307850e-01 8.598705e-01 4.296080e-01 -3.155555e-01 4.035760e-01 -2.299321e-01 -1.183328e+00 8.677739e-01 1.935576e+00 -2.144366e-01 -1.398972e+00 -8.081673e-01 -1.385852e-06 3.509680e-02 1.884154e-01 9.806572e-02 6.310209e-01 -1.334803e-01 -9.430471e-01 9.051820e-02 6.523468e-02 2.971135e-01 2.339610e-01 -4.028005e-01 -2.968487e-01 4.991064e-08 
-4.730054e+00 8.574492e+00 -8.866838e-01 -3.138720e+00 -2.796778e-01 5.331810e+00 7.543951e-01 4.147401e-01 1.599104e+00 -2.624286e+00 -2.971760e+00 7.034293e+00 -1.512926e-01 -2.678910e-01 6.095607e-01 4.717788e-01 1.498211e+00 6.769210e-01 -8.725865e-01 -1.177285e+00 1.366566e-02 8.851789e-01 -3.327964e-02 -6.881646e-01 -2.530167e-01 -1.385852e-06 -5.012628e-02 -7.430851e-02 1.186287e-01 6.778275e-01 3.131377e-02 -6.180129e-01 6.280897e-01 4.412596e-01 1.054868e-01 2.499187e-01 -2.853539e-01 2.264911e-01 4.991064e-08 
-5.697917e+00 9.728277e+00 1.047688e-01 1.949297e-01 -2.152138e+00 4.013616e+00 3.990810e+00 3.793293e+00 8.942323e+00 -4.896688e-01 -6.145450e+00 3.936054e+00 -1.512926e-01 -2.690496e-01 7.521171e-01 1.681667e-01 1.662333e+00 7.371423e-01 -1.694690e+00 -5.061197e-01 4.329782e-01 1.256839e+00 9.798502e-01 -1.100698e+00 4.220424e-01 -1.385852e-06 -2.984242e-02 -1.933219e-01 -9.012986e-02 1.319388e-01 1.886343e-01 -8.576944e-02 2.936736e-01 3.363704e-01 -3.409666e-01 -4.959583e-02 2.061903e-01 5.764307e-01 4.991064e-08 
-6.298211e+00 7.467444e+00 -4.120286e-01 2.312370e+00 2.292614e+00 2.493151e+00 3.295855e+00 -7.609437e-01 5.623785e+00 4.493501e+00 -1.477457e+00 4.276334e+00 -1.512926e-01 -4.710395e-01 2.874503e-01 6.233679e-01 1.649933e+00 1.102848e+00 -1.382227e+00 6.430988e-01 2.084085e+00 1.108446e+00 7.177381e-01 -1.489220e+00 9.201434e-01 -1.385852e-06 6.054804e-02 -1.539896e-01 -1.560015e-01 -4.843391e-01 -1.714591e-01 4.089995e-01 1.914529e-01 3.720211e-01 -7.783947e-02 -3.560371e-01 4.601945e-01 2.525325e-01 4.991064e-08 
-6.646457e+00 9.346901e+00 4.325914e-01 1.893823e+00 2.454290e+00 -1.576670e+00 2.876869e+00 6.842179e+00 8.619529e+00 1.900733e+00 -8.515936e+00 8.518699e+00 -1.512926e-01 -1.784181e-01 5.417620e-02 -9.683232e-02 2.681718e-01 1.133706e+00 -4.040058e-01 -6.251403e-01 1.514383e+00 1.191120e-01 -8.380691e-01 3.257836e-02 1.487432e+00 -1.385852e-06 8.788884e-02 -2.069409e-01 -1.361410e-01 -5.889747e-01 -5.142552e-01 7.284412e-01 5.472545e-03 -3.152334e-01 -9.613942e-02 -3.256999e-01 9.645241e-01 -3.145952e-01 4.991064e-08 
-6.611170e+00 1.020219e+01 2.065938e+00 4.261631e+00 2.931292e+00 1.216237e+00 4.526329e+00 9.310649e+00 7.302603e+00 -2.308028e-01 -9.232533e+00 9.343283e+00 -1.512926e-01 -1.041505e-02 1.885805e-01 -1.756205e-01 -2.264172e-01 -3.785535e-01 5.270940e-01 -1.604871e-01 1.333155e+00 1.064849e+00 -9.043412e-01 1.046110e+00 4.769246e-01 -1.385852e-06 5.711598e-02 -1.333071e-01 -8.617054e-02 -4.478885e-01 -5.830213e-01 4.837573e-01 -6.824751e-02 -7.598621e-01 -4.339635e-02 4.711511e-02 6.115562e-01 -7.705842e-01 4.991064e-08 
-6.433476e+00 8.631511e+00 -1.618629e+00 5.612179e-01 3.196929e+00 2.632126e+00 2.495990e-01 6.329223e+00 8.698678e+00 -2.317653e+00 -2.104809e+00 8.839775e+00 -1.512926e-01 -5.972168e-02 -2.332358e-01 -1.130585e-01 -3.445665e-01 -1.093521e+00 9.929298e-01 -7.693628e-02 -7.675959e-01 7.978489e-01 1.625604e-01 2.454167e+00 -9.292895e-01 -1.385852e-06 -3.130779e-02 -3.314673e-02 2.366740e-01 -1.347510e-01 -3.349841e-01 8.539928e-02 3.558606e-01 -4.926935e-01 8.627803e-03 3.764409e-01 -3.656106e-01 -8.944461e-01 4.991064e-08 
-6.457001e+00 8.768295e+00 -2.643088e-01 1.846790e+00 2.838564e-02 3.024282e+00 3.807007e+00 6.161208e+00 1.090865e+01 2.080501e+00 5.479196e-01 6.500445e+00 -1.512926e-01 -2.447181e-01 -2.355351e-01 2.006190e-01 -2.830353e-01 -6.985593e-01 3.381520e-01 2.776504e-02 -5.743111e-01 5.522417e-01 4.532449e-01 3.576578e-01 -1.724430e+00 -1.385852e-06 -1.622986e-02 -1.236258e-02 2.081285e-01 -7.979298e-02 5.937483e-02 -2.055541e-01 1.552359e-01 -1.017523e-01 -3.276338e-01 7.227924e-02 -6.696350e-01 -3.025329e-01 4.991064e-08 
-7.022428e+00 8.897913e+00 1.032786e+00 1.378359e+00 -1.561620e+00 2.483864e+00 2.851974e+00 4.578638e+00 1.080566e+01 1.558146e+00 -1.135424e+00 5.293718e+00 -1.512926e-01 -2.176832e-01 1.004757e-01 8.983455e-01 -3.772037e-01 -3.813297e-01 1.175291e-01 1.060065e+00 4.781920e-03 4.187419e-01 3.655435e-01 -1.451134e+00 -1.884135e+00 -1.385852e-06 9.652683e-02 4.582290e-02 -4.354395e-02 -6.718135e-02 1.288929e-01 -3.327476e-01 -3.265280e-02 3.688475e-01 -3.648873e-01 -2.942228e-01 -3.835999e-01 4.028985e-01 4.991064e-08 
-7.539966e+00 8.891370e+00 1.743438e+00 2.437792e+00 1.818288e+00 2.981282e+00 3.364185e+00 7.314404e+00 9.010506e+00 9.740227e-02 -7.929029e+00 2.494280e+00 -1.512926e-01 -1.260359e-02 -3.988592e-02 3.594102e-01 -6.089400e-01 -4.379207e-01 -6.294943e-02 4.733906e-02 4.383085e-01 -3.837463e-01 -6.442132e-01 -3.495272e-01 -5.582932e-01 -1.385852e-06 2.480003e-01 -4.264951e-02 -3.716888e-01 4.395350e-04 1.871685e-02 -2.643470e-01 -3.077444e-01 -5.525833e-02 -2.501858e-01 -6.388766e-02 4.913730e-01 8.926289e-01 4.991064e-08 
-6.980420e+00 9.072398e+00 1.868978e+00 -1.620358e+00 3.953099e-01 3.241344e+00 5.771103e+00 5.775960e+00 1.174115e+01 5.021372e-01 -5.122430e+00 1.422359e+00 -1.512926e-01 3.066666e-01 -1.018624e-01 -4.101628e-01 -5.173451e-01 -5.792912e-01 -4.702269e-01 -2.498183e-01 5.704224e-01 -5.585417e-01 -7.594950e-01 8.897284e-01 5.020680e-01 -1.385852e-06 2.338478e-01 -9.778596e-02 -5.457714e-01 1.516765e-01 1.929116e-01 -2.699873e-01 -7.744583e-01 -7.319869e-01 -3.890040e-01 2.605280e-01 7.960703e-01 8.493367e-01 4.991064e-08 
-6.540596e+00 8.481329e+00 1.114409e+00 3.013481e-01 -3.139776e+00 2.330785e+00 2.583950e+00 7.753960e+00 8.522261e+00 -6.129383e-01 7.936729e-01 5.644752e+00 -1.512926e-01 7.330467e-01 -3.474690e-01 -1.003590e+00 -2.107420e-01 -5.059366e-01 -6.897062e-01 -8.560875e-01 -1.133479e+00 -2.098987e-01 6.963088e-01 1.644107e+00 1.545609e+00 -1.385852e-06 1.469280e-01 -7.674772e-02 -2.566130e-01 1.513689e-01 6.228052e-01 -2.640603e-01 -8.056555e-01 -1.338578e+00 -4.403093e-01 4.110744e-01 1.136417e-01 4.382923e-01 4.991064e-08 
-5.988612e+00 8.593498e+00 -7.034758e-01 -1.400030e-01 -1.979378e+00 4.577245e-01 1.992814e+00 7.210880e+00 8.256682e+00 -1.884669e+00 -1.048378e+00 6.228528e+00 -1.512926e-01 5.786899e-01 -2.346990e-01 -1.149019e+00 1.819580e-01 6.173403e-01 -9.190214e-01 -2.360528e+00 -2.869489e+00 -1.613001e+00 9.979064e-01 1.532436e+00 1.310648e+00 -1.385852e-06 -2.283621e-01 -2.535909e-01 1.602015e-01 2.230912e-01 7.862362e-01 2.162733e-01 -5.580690e-01 -1.332918e+00 -8.625153e-01 1.930145e-01 -3.521971e-01 -3.006161e-01 4.087452e-03 
-4.370886e+00 7.393288e+00 -1.988150e+00 6.438822e-01 4.759568e-01 9.241837e-01 9.726280e-01 9.302421e-01 9.703299e+00 4.772398e+00 -1.745191e+00 7.818935e+00 -1.512926e-01 5.860279e-01 -3.571888e-01 -5.542896e-01 -2.017346e-01 2.077814e+00 -1.158744e+00 -2.925679e+00 -4.534683e+00 -2.057910e+00 5.320175e-01 -1.026903e-01 1.228801e+00 -1.385852e-06 -7.816180e-01 -5.475165e-01 3.588063e-01 2.949159e-01 4.752143e-01 7.006221e-01 2.462555e-01 -1.891865e-01 -6.736336e-01 -2.338113e-01 -4.161243e-01 -8.310280e-01 1.061912e-02 
-5.171978e+00 8.442693e+00 -2.324845e+00 -8.820810e-01 1.674194e+00 -6.506320e-01 -5.226352e+00 -5.159469e+00 3.085294e+00 2.799573e+00 3.809536e+00 6.888349e+00 -1.512926e-01 -7.616010e-01 -1.365012e+00 1.662577e-01 5.933747e-01 2.059875e+00 8.455048e-01 -2.005437e+00 -4.393685e+00 -3.947216e+00 2.875647e-01 2.047170e-03 -8.425879e-01 2.043860e-02 -1.049859e+00 -7.880334e-01 5.210747e-01 4.271329e-01 -3.496109e-02 8.288671e-01 1.262281e+00 1.240650e+00 4.485456e-01 1.610990e-01 -2.745872e-01 -8.504930e-01 1.466180e-02 
-4.018440e+00 6.770748e+00 -8.458723e-01 -3.366869e-01 5.422937e+00 -2.908625e+00 -8.435224e+00 -8.734464e+00 8.181034e-01 -2.944920e-01 -2.148772e+00 1.145870e+01 -1.512926e-01 -2.504971e+00 -2.519886e+00 1.328508e-01 1.058134e+00 1.148868e+00 1.931121e+00 1.974941e-01 -1.317246e+00 -2.410885e+00 -1.176079e-01 3.287826e-01 -1.532820e+00 4.287726e-02 -9.227181e-01 -4.536575e-01 4.907412e-01 2.371895e-01 -5.394491e-01 2.645505e-01 1.635528e+00 2.127792e+00 1.301193e+00 4.580708e-01 -1.322426e-01 -3.513440e-01 1.068811e-02 
-9.972646e+00 2.079582e+00 -4.435245e-01 3.317168e+00 5.846811e+00 6.602189e+00 -3.330586e+00 -9.924997e+00 -7.036724e+00 2.086150e+00 -8.364758e-01 1.956605e-01 -4.910030e-02 -3.125101e+00 -3.093560e+00 1.112757e+00 1.687600e+00 9.071286e-01 1.680304e+00 2.389259e+00 1.724928e+00 8.061080e-01 2.128501e+00 -5.622082e-02 -1.560998e+00 5.186895e-02 -1.161453e-01 2.920821e-01 3.002467e-01 -3.364345e-01 -5.369579e-01 -8.732125e-01 1.199099e+00 2.026235e+00 1.815814e+00 8.709715e-02 -4.152271e-01 6.675426e-01 -4.487277e-03 
-1.449522e+01 -2.024877e+00 -2.264515e+00 3.835007e+00 4.134115e+00 6.953753e+00 1.012355e+00 -3.273114e+00 2.710052e+00 4.540754e+00 2.221152e+00 3.501294e+00 1.200074e-02 -2.845740e+00 -1.761118e+00 1.426174e+00 4.372071e-01 -4.306535e-02 -2.534926e-01 3.054513e+00 3.044925e+00 2.071378e+00 1.901906e+00 -7.347376e-01 -1.687426e-01 3.772553e-02 6.558756e-01 9.517377e-01 1.843726e-01 -6.672590e-01 -3.370052e-01 -1.109006e+00 3.727453e-01 6.348525e-01 7.349399e-01 -5.763767e-01 -4.592359e-01 8.630845e-01 -1.715196e-02 
-1.555928e+01 -2.627475e+00 3.948589e+00 5.470239e+00 6.853941e+00 2.819604e+00 1.996522e+00 7.346483e-01 6.169723e+00 1.102473e+01 1.343211e+00 3.061926e+00 2.640639e-02 -1.171889e+00 -2.840294e-01 1.020780e+00 -7.783262e-01 -2.886423e-02 -2.428156e+00 2.561484e+00 3.556375e+00 2.890790e+00 -2.866613e-01 -1.542417e+00 1.812997e+00 5.805693e-04 8.595626e-01 9.902062e-01 -2.726419e-01 -4.874664e-01 -2.956892e-01 -5.002836e-01 -3.339633e-01 -7.464270e-01 -4.190029e-01 -1.079484e+00 8.448189e-02 5.601714e-01 -1.865711e-02 
-1.545426e+01 3.185253e-01 4.089211e+00 7.731044e-01 4.703994e+00 -2.284959e+00 4.174084e+00 1.160627e+00 4.571961e+00 4.745690e+00 -6.912165e+00 9.181975e+00 -4.373095e-04 -2.022346e-01 8.340557e-01 1.100696e+00 -1.045156e+00 -6.815756e-02 -1.559731e+00 1.975183e+00 9.413821e-01 2.216063e-01 -1.791872e+00 -1.224375e+00 1.095628e+00 -1.724062e-02 6.035849e-01 3.818249e-01 -3.865682e-01 3.011192e-01 7.897527e-02 5.659240e-01 -7.193238e-01 -1.107324e+00 -6.509548e-01 -3.737485e-01 6.332241e-01 -2.906688e-01 -9.037211e-03 
-1.535260e+01 -5.121501e-01 1.483487e+00 9.569612e-01 5.417203e+00 -9.192932e-01 7.895696e+00 5.639766e+00 6.486319e+00 5.504177e-01 -3.981590e+00 6.420176e+00 -3.998258e-02 -1.490658e-01 5.599169e-01 -8.763459e-02 -8.601502e-03 -5.587904e-01 -1.680570e-01 1.259089e+00 -9.554235e-01 -3.638432e-01 -1.422018e+00 6.110150e-01 6.077573e-01 -1.393492e-02 2.116358e-01 -1.514995e-01 -4.727793e-01 5.055199e-01 2.277412e-01 7.910581e-01 -8.173960e-01 -7.238412e-01 -4.490671e-01 4.671896e-01 6.295455e-01 -6.130799e-01 4.662423e-03 
-1.561011e+01 1.087508e+00 4.471153e+00 8.662205e-01 4.511742e+00 1.024631e+00 7.938072e+00 -1.018907e+00 3.659840e+00 8.180153e-01 -1.238298e+00 7.300065e+00 -4.100151e-02 -3.393405e-01 -2.741006e-01 4.755481e-02 1.557987e+00 6.168064e-01 1.445956e+00 1.092140e-01 -2.358405e-01 4.439254e-01 6.008691e-01 1.354630e+00 -1.019459e+00 -2.065012e-04 5.288894e-01 -5.772445e-01 -6.815698e-01 -1.021453e-01 -2.269702e-01 2.650763e-01 -7.456257e-01 3.388564e-01 1.220222e-01 6.585071e-01 2.103176e-01 -3.559045e-01 2.416287e-02 
-1.622637e+01 -2.120974e-01 3.319116e+00 5.380449e+00 4.156283e+00 3.245979e-01 6.409912e+00 -2.952357e+00 4.806548e+00 5.878742e+00 1.561267e+00 7.041591e+00 -2.299445e-02 -4.517429e-02 -4.874126e-01 -8.166854e-01 4.477353e-01 7.672529e-01 2.431615e-02 -5.925607e-01 5.257499e-01 5.340987e-01 8.528618e-01 3.157422e-01 -1.949265e-01 1.537750e-02 1.054149e+00 -5.789722e-01 -5.322969e-01 -1.032022e+00 -9.088022e-01 -2.034987e-01 -5.354593e-01 7.348754e-01 -8.796980e-02 2.208090e-01 -2.882699e-01 -8.336201e-02 3.626281e-02 
-1.671366e+01 -1.201679e+00 3.409167e+00 6.351516e+00 8.418720e+00 4.322868e+00 5.463353e+00 4.277398e+00 7.631596e+00 5.085709e+00 -2.910651e+00 3.773979e+00 -9.941525e-03 2.390290e+00 -1.528471e+00 -1.942541e+00 -1.784115e+00 -1.865934e+00 -3.304648e-01 -8.271863e-01 1.895115e+00 3.828622e-01 3.631625e-01 -2.517216e-02 -2.824952e-01 8.892328e-02 1.163165e+00 -6.094364e-02 -3.506469e-01 -1.267542e+00 -1.025935e+00 -2.925485e-01 -1.183622e-01 1.307177e-01 -3.571098e-01 -3.577030e-01 -1.978745e-01 2.680648e-01 3.644808e-02 
-1.502662e+01 -1.804589e+00 -2.068442e+00 4.524241e-01 7.299984e+00 -2.446981e+00 6.169961e+00 5.620673e+00 7.171006e+00 2.680926e+00 -1.566702e+00 7.209042e+00 2.138198e-02 3.756844e+00 -1.707607e+00 -1.754074e+00 -3.497630e+00 -3.861459e+00 -2.974114e-01 -9.501479e-01 1.653604e+00 -7.731433e-01 -1.991583e-01 -1.405697e-01 -1.775862e-01 1.228150e-01 9.966137e-01 4.996696e-01 3.602568e-02 -5.750813e-01 -3.591909e-01 -1.281195e-01 -6.646363e-02 -4.010807e-01 -4.296561e-01 -1.036521e+00 -1.842972e-02 1.172031e-01 3.534796e-02 
-4.258305e+00 -5.758554e+00 -2.547533e+00 -5.590143e+00 -6.390113e+00 7.583774e-01 3.921950e+00 4.170055e+00 4.391253e+00 4.232581e+00 1.997325e-01 5.803754e+00 3.814178e-01 3.575452e+00 3.139226e-02 -1.237005e+00 -2.807101e+00 -2.198433e+00 1.440633e-01 -3.039424e-01 -1.461148e-01 -6.879796e-01 -6.618726e-01 5.934207e-01 3.121047e-01 1.283150e-01 3.936893e-01 6.946545e-01 1.920358e-01 3.068098e-01 1.146001e+00 -4.976069e-01 -1.788898e-01 -5.663222e-01 -1.556796e-01 -1.905780e+00 1.305992e-01 1.561991e-01 1.894597e-02 
-3.669774e+00 -6.471763e+00 -2.472564e+00 -6.136962e+00 -7.746587e+00 6.200908e-01 2.429809e+00 5.369498e+00 2.560813e+00 5.309648e+00 -6.966735e-01 5.138940e+00 3.954019e-01 4.345305e+00 1.230998e+00 -9.892732e-01 -1.916302e+00 -8.625663e-01 -8.534864e-01 -1.186481e+00 -4.589494e-01 -1.078866e+00 -3.817338e+00 -8.561356e-02 9.378996e-02 1.724195e-01 7.042003e-02 8.129317e-02 3.612147e-02 6.288677e-01 1.830230e+00 -6.934400e-01 -4.123298e-01 -2.656715e-01 4.444342e-02 -2.174255e+00 2.182580e-01 1.174675e-01 1.249097e-02 
-4.514974e+00 1.288789e+00 -2.574150e+00 -4.389136e+00 4.950140e+00 3.509661e+00 5.814009e+00 3.672373e+00 6.496332e+00 4.625882e-01 -3.783812e-01 6.369480e+00 4.446270e-01 4.064656e+00 4.755745e-01 -1.364732e+00 -1.040828e+00 2.364506e+00 -2.540469e+00 -1.603447e+00 1.197629e-01 -2.427997e-01 -7.356546e+00 6.002514e-01 3.627385e-01 1.588485e-01 -2.959235e-01 -9.235623e-01 -2.342804e-02 4.672236e-01 1.148445e+00 -5.029126e-01 -8.750196e-01 1.530391e-01 -2.478330e-01 -9.722515e-01 6.088489e-02 3.486738e-03 -8.470734e-04 
6.828431e+00 8.267142e-01 -7.001750e+00 -9.729056e+00 -2.683032e+00 -8.090243e+00 -7.080833e-01 3.574364e+00 7.246503e-01 -1.452082e+01 -1.705625e+00 7.395313e+00 8.518677e-01 3.864340e+00 -1.523350e+00 -1.509553e+00 -1.236418e+00 3.008254e+00 -2.422323e+00 -2.362105e+00 1.922289e-01 -7.735495e-01 -7.723027e+00 9.473755e-01 3.844139e-01 1.700011e-01 -1.103229e+00 -1.087091e+00 2.829086e-01 6.108218e-01 6.318298e-01 5.451314e-01 -9.141821e-01 2.815720e-01 -2.440423e-01 1.686291e+00 -1.495142e-01 5.441289e-02 -3.126302e-02 
1.081583e+01 -7.030117e+00 -7.106441e+00 -8.997906e+00 2.900715e+00 -7.589040e+00 -2.525985e+00 5.666495e+00 4.095636e+00 -2.263504e+01 3.705783e+00 6.489307e+00 9.474369e-01 2.336349e+00 -3.209257e+00 -1.094006e+00 -8.108465e-01 1.608429e+00 -1.586037e+00 -4.091319e+00 2.933766e-01 -2.079844e+00 -3.570305e+00 3.812548e-01 1.843065e-01 1.252859e-01 -1.306338e+00 -2.904841e-01 6.154280e-01 9.423641e-01 -3.993318e-01 1.372009e+00 -8.609145e-01 3.007197e-01 -1.844367e-01 3.571760e+00 -5.193948e-01 -1.291988e-01 -4.423819e-02 
7.986590e+00 -9.929379e+00 -7.753658e+00 -1.001458e+01 8.319345e+00 -5.942329e+00 -5.210461e+00 5.333435e+00 -1.068914e-01 -2.175674e+01 1.998260e+00 7.000880e+00 9.940093e-01 -3.067698e-01 -2.361966e+00 2.899065e-01 1.022806e+00 2.674688e+00 1.394832e+00 -4.513409e+00 8.620629e-01 -1.380527e+00 2.720981e+00 -7.235601e-01 4.551624e-01 3.288862e-02 -9.516785e-01 5.483523e-01 5.666069e-01 1.272061e+00 -1.035758e+00 1.225026e+00 -3.133034e-01 1.123105e-01 4.453431e-01 3.180444e+00 -4.217319e-01 -4.811544e-01 -4.728553e-02 
6.587726e+00 -9.379438e+00 -7.668042e+00 -8.300961e+00 7.491472e+00 -5.494790e+00 -1.239149e+01 4.260003e+00 -3.487414e+00 -1.377042e+01 -3.243067e-01 7.487872e+00 9.999999e-01 -3.815666e-01 -5.576456e-01 8.127024e-01 2.541550e+00 5.346962e-01 2.411024e+00 -4.832373e+00 1.288482e+00 -8.614210e-01 5.280196e+00 -1.161139e+00 -3.185631e-01 6.218856e-03 -2.502270e-01 9.157593e-01 6.166549e-02 1.071249e+00 -1.244877e+00 4.504413e-01 6.982419e-01 -3.282983e-01 7.652655e-01 1.186603e+00 -1.448935e-01 -7.939157e-01 -3.143679e-02 
7.408561e+00 -9.808174e+00 -5.271255e+00 -4.963985e+00 8.395023e+00 -2.162840e+00 -1.834310e+01 8.588098e+00 -2.386479e+00 -5.348028e+00 -3.308516e+00 9.171606e+00 9.900214e-01 4.648855e-01 -1.074016e-01 3.700830e-01 3.447556e+00 -1.633698e+00 1.704322e+00 -3.557960e+00 2.563187e-01 8.437479e-01 3.753953e+00 -3.899939e-01 -1.769862e+00 -6.889445e-03 2.527820e-01 8.090435e-01 -5.094669e-01 4.720939e-01 -1.250094e+00 -5.206460e-01 1.518787e+00 -6.568242e-01 3.580262e-01 -6.217949e-01 2.110353e-01 -8.501624e-01 -1.169613e-02 
9.197259e+00 -9.878903e+00 -4.284239e+00 1.184050e+00 5.536454e+00 2.576743e+00 -2.012181e+01 1.048124e+01 9.282445e-01 -4.438402e+00 5.536348e-01 3.811233e+00 9.805172e-01 6.994461e-01 2.423004e-01 -8.257964e-01 3.333033e+00 -2.461741e+00 5.113108e-01 -1.077708e+00 -1.045149e+00 6.341559e-01 1.846348e+00 -5.099453e-01 -2.672773e+00 -1.200779e-02 3.983999e-02 5.206062e-01 -6.380491e-01 -2.451283e-01 -5.075808e-01 -8.290461e-01 1.605119e+00 -5.543152e-01 -3.837755e-01 -1.052391e+00 8.955120e-02 -3.452632e-01 -6.251797e-03 
9.006123e+00 -1.021697e+01 -7.595292e+00 2.481024e+00 1.128012e+00 -1.455928e+00 -1.913552e+01 3.504357e+00 1.904257e+00 -7.653168e+00 -3.906908e-01 -9.813401e-03 9.692913e-01 4.166088e-01 1.283359e+00 -1.438140e+00 2.987593e+00 -2.077670e+00 -2.584106e-01 1.203126e+00 -1.255313e+00 -3.381180e-01 1.328870e+00 6.083496e-03 -2.618584e+00 -1.648217e-02 -2.046461e-01 3.880246e-01 -2.768567e-01 -6.244512e-01 2.427823e-01 -4.549222e-01 1.013077e+00 1.527746e-01 -8.231050e-01 -5.968938e-01 -2.161486e-02 3.463542e-01 -3.462551e-03 
9.286316e+00 -7.963614e+00 -1.063486e+01 4.641696e+00 -1.183993e+00 -3.292181e+00 -1.738383e+01 1.575998e+00 -2.461814e+00 -3.385988e+00 -4.332855e+00 -1.285288e+00 9.503356e-01 -1.582062e-01 1.349934e+00 -1.473369e+00 1.545821e+00 -1.781262e+00 -7.528393e-01 8.126965e-01 -7.272383e-01 -2.189378e+00 1.230652e+00 -9.114045e-01 -1.620475e+00 -2.024579e-02 -2.611402e-01 1.332790e-01 2.470512e-01 -7.799434e-01 7.342973e-01 -1.730029e-01 3.287290e-01 5.850261e-01 -3.731876e-01 -3.659450e-01 1.308684e-01 7.134455e-01 -1.115393e-03 
9.447626e+00 -4.349272e+00 -9.286750e+00 8.245667e+00 1.366895e+00 -5.206013e-01 -1.369665e+01 6.764112e+00 -2.382188e+00 7.702484e-01 -8.351569e-01 -1.373238e+00 9.227189e-01 -1.294977e-01 1.278760e+00 -6.904335e-01 1.218864e+00 -7.599552e-01 6.183006e-02 5.621753e-01 8.610476e-01 -1.859962e+00 1.077274e+00 -2.972619e-01 -5.641888e-01 -2.008361e-02 -1.811230e-01 -1.903746e-01 4.394935e-01 -8.212644e-01 8.285863e-01 -1.437976e-01 -5.443278e-02 3.565760e-01 1.814316e-01 -3.278042e-01 3.193382e-03 6.466236e-01 1.745405e-03 
8.185287e+00 -6.062969e+00 -1.080520e+01 6.030836e+00 -3.489119e+00 -1.655446e+00 -1.877798e+01 5.215484e+00 -7.874940e+00 -2.496907e+00 -3.781558e+00 -3.609640e+00 9.025862e-01 -3.331611e-01 9.109775e-01 3.558039e-02 3.177711e-01 5.510328e-01 -5.139169e-01 8.862633e-01 8.217053e-01 -4.708055e-01 1.425200e-01 2.959745e-01 -1.326748e-01 -1.577619e-02 -1.846649e-02 -1.774670e-01 3.770384e-01 -3.828822e-01 6.691505e-01 -7.252908e-02 2.802322e-01 -8.831722e-02 7.585991e-01 -2.780020e-01 2.492122e-01 2.596707e-01 3.545702e-03 
8.909084e+00 -4.773334e+00 -1.096268e+01 7.880805e+00 -1.519194e+00 -1.965386e+00 -1.562737e+01 5.989798e+00 -4.688477e+00 -2.711602e+00 -2.152729e+00 -1.668583e+00 8.927481e-01 -4.015210e-01 5.508242e-01 4.863419e-03 -5.048283e-01 8.992273e-01 -1.096755e+00 8.941455e-01 -2.468818e-01 -2.901881e-01 2.337930e-01 -5.817712e-01 -1.293801e-01 -9.985256e-03 5.198717e-02 -2.030280e-01 1.125619e-01 -6.718135e-02 -5.019890e-03 -8.526032e-03 2.724744e-01 -5.935099e-01 5.317450e-01 -2.138203e-01 9.237746e-02 -1.334950e-01 3.186665e-03 
7.889132e+00 -3.196733e+00 -9.619452e+00 6.413277e+00 3.014232e+00 -5.139098e+00 -1.198734e+01 6.071684e+00 -3.662400e+00 -9.324117e-01 -2.193614e+00 -1.801085e+00 8.864237e-01 -1.145641e-01 8.265307e-01 6.421486e-02 4.932403e-01 7.350067e-01 -5.362194e-01 2.047699e+00 -6.147956e-01 8.188351e-01 2.625638e-01 4.768847e-01 -5.394789e-01 -7.566803e-03 1.330069e-01 -2.018084e-01 -7.467573e-02 8.549112e-02 -5.859825e-01 3.655023e-01 -8.903185e-02 -6.046176e-01 -1.306457e-03 -1.324534e-01 3.746734e-02 -3.163467e-01 1.428532e-03 
7.588355e+00 -3.027857e+00 -9.855449e+00 5.530100e+00 2.611380e+00 -4.262250e+00 -1.262138e+01 5.101777e+00 -5.939603e+00 1.157006e+00 -4.537722e+00 -2.924470e+00 8.808722e-01 2.112575e-02 3.059491e-01 -1.419533e-01 7.951642e-01 -8.769810e-01 3.037785e-02 1.343691e+00 -1.388189e+00 1.541794e-01 -5.193107e-02 7.408006e-02 -1.028303e+00 -8.258471e-03 9.421308e-02 -1.656775e-01 -4.031902e-02 -9.891549e-02 -4.666877e-01 3.812282e-01 -3.690187e-01 -1.861715e-01 -3.482213e-01 -1.840091e-01 1.674751e-01 -1.776795e-01 -5.060939e-06 
8.272664e+00 -2.803206e+00 -1.103765e+01 9.672338e+00 -1.879238e+00 -3.187950e+00 -1.004231e+01 2.585364e+00 -3.155560e+00 -3.117877e+00 -2.042876e-01 -5.678973e+00 8.706829e-01 1.206402e-01 2.449437e-02 -2.643873e-01 9.539322e-02 -1.490833e+00 7.501188e-01 2.161486e-01 -1.630715e+00 -6.993529e-01 -3.767438e-01 1.553241e-01 -1.264998e+00 -9.498703e-03 -1.264355e-02 -1.821422e-01 1.769784e-02 -5.210974e-01 6.054992e-02 8.602067e-02 -7.467874e-01 2.433824e-01 -6.016102e-01 -1.117609e-01 -1.321080e-01 1.517046e-01 3.071501e-05 
8.822968e+00 -3.440701e+00 -1.096313e+01 1.022723e+01 -3.457395e+00 -2.789258e+00 -9.881281e+00 7.923506e-01 -4.171624e+00 -1.877992e+00 -2.777003e+00 -4.871288e+00 8.593341e-01 -4.800653e-02 1.234686e-01 -3.236139e-02 -8.005523e-01 -3.213220e-01 1.662514e-01 -3.516085e-02 -6.696209e-01 -1.272346e+00 -3.664260e-01 4.163398e-01 -6.550522e-01 -9.040771e-03 -7.854683e-02 -2.857320e-02 1.073893e-01 -5.364262e-01 5.864715e-01 -8.906759e-02 -5.950742e-01 4.148654e-01 -9.241408e-02 -1.392924e-01 -1.031725e-01 3.703797e-01 8.522841e-04 
7.874849e+00 -2.868015e+00 -1.038688e+01 4.541454e+00 -1.405294e+00 -2.125001e+00 -1.227602e+01 7.234506e-02 -8.043251e+00 -1.298625e+00 -2.297367e+00 -7.152240e+00 8.497069e-01 -1.432726e-01 7.040625e-03 9.788205e-02 -1.314209e+00 7.599922e-01 -1.741187e-01 -9.967840e-01 2.427393e-01 -1.475981e+00 -1.390372e-01 -3.547020e-01 3.231850e-02 -7.023009e-03 -7.318664e-02 8.815347e-02 2.884142e-02 -8.579119e-02 5.209487e-01 -1.919791e-01 -1.535006e-01 1.227836e-01 4.768452e-01 -1.206166e-01 -1.935230e-01 3.925877e-01 1.253486e-03 
7.547187e+00 -2.377898e+00 -1.034252e+01 4.092977e+00 7.683496e-01 -3.962286e+00 -1.168011e+01 3.010070e+00 -9.857481e+00 -1.584713e+00 -1.409754e+00 -5.462746e+00 8.461581e-01 -2.396974e-01 1.718584e-01 2.138950e-01 -1.182022e+00 9.298718e-01 4.707612e-02 -1.025160e+00 -2.505622e-01 8.025356e-02 -8.672367e-01 -1.866252e-01 1.748560e-01 -5.234212e-03 -1.723249e-02 1.191010e-01 -1.530320e-01 3.685350e-01 -2.645346e-02 -7.869518e-02 2.959138e-01 -3.030677e-01 4.927923e-01 -2.758818e-02 -1.731112e-01 4.568836e-02 8.177859e-04 
8.194530e+00 -3.299555e+00 -1.085888e+01 6.168135e+00 -1.917689e-01 -3.471747e+00 -1.412729e+01 2.690161e+00 -7.692326e+00 -3.959705e+00 -2.661381e+00 -5.221554e+00 8.421527e-01 -1.495808e-01 4.409805e-01 -2.433020e-01 -1.428939e-01 4.882489e-01 -1.502150e-01 -5.631130e-02 -1.226378e+00 1.008524e+00 -7.293352e-01 -5.108767e-01 2.830597e-01 -5.134040e-03 4.500736e-02 3.022208e-02 -2.018850e-01 5.466871e-01 -4.064293e-01 -6.373404e-02 5.511752e-01 -2.901615e-01 1.313682e-01 -7.695197e-02 1.695836e-01 -2.893800e-01 1.282704e-05 
7.464851e+00 -2.365746e+00 -9.658045e+00 3.503875e+00 5.856519e-01 -1.880419e+00 -1.408173e+01 -1.769461e+00 -3.946097e+00 -4.883713e+00 -3.528331e+00 -4.962311e+00 8.369350e-01 -1.310425e-01 5.020164e-01 -6.270038e-01 4.563918e-01 -3.175848e-01 -2.390818e-01 9.742807e-01 -1.450375e+00 -5.067374e-02 -2.092777e-01 -3.711578e-01 -5.519639e-01 -5.892490e-03 1.254873e-01 -2.003855e-01 -4.475730e-02 4.317470e-01 -4.935737e-01 -1.006828e-01 3.623324e-01 2.408435e-01 -5.065159e-01 -6.073118e-02 2.871200e-01 -2.501195e-01 -4.318169e-04 
7.168275e+00 -6.691870e-01 -1.194571e+01 4.121482e+00 1.127247e+00 -3.916878e+00 -1.135647e+01 -3.669393e+00 -5.956769e+00 -3.295591e+00 -3.792109e+00 -5.987376e+00 8.286430e-01 2.743392e-02 -7.068692e-03 -4.912070e-01 5.999255e-01 -6.484817e-01 -3.495649e-01 7.593606e-01 -6.080693e-01 -7.536464e-01 -8.527521e-01 5.855550e-01 -1.051192e+00 -6.631859e-03 1.462724e-01 -3.416568e-01 3.755696e-01 3.673641e-02 -3.335740e-01 1.733975e-01 -1.327578e-01 7.603175e-01 -7.178150e-01 5.062230e-02 3.183882e-01 -5.963393e-02 -2.235498e-04 
7.405200e+00 -1.183296e+00 -1.293405e+01 7.398122e+00 -1.479061e+00 -4.935108e+00 -8.193684e+00 -1.062183e+00 -1.097892e+01 -2.963277e+00 -2.700068e+00 -7.840098e+00 8.234605e-01 2.991997e-01 -6.059308e-01 1.141082e-01 6.054236e-01 -9.695552e-01 -3.566559e-01 3.786524e-01 6.445382e-01 -1.571434e+00 -1.109110e+00 7.007456e-01 -4.085594e-01 -6.646169e-03 9.536996e-02 -2.241679e-01 7.058538e-01 -3.107498e-01 1.946508e-01 3.405511e-01 -3.325113e-01 8.443135e-01 -3.000532e-01 4.097592e-01 2.052483e-01 2.587124e-01 4.255282e-04 
8.361300e+00 -3.925833e+00 -1.167688e+01 7.220441e+00 -2.401723e+00 -3.692249e+00 -1.327449e+01 -7.036656e-01 -7.944077e+00 -9.183764e+00 -1.480150e-01 -9.038760e+00 8.157482e-01 3.667872e-01 -7.132661e-01 1.263999e+00 -3.375208e-02 -8.537039e-01 7.756237e-01 -4.223061e-01 1.527709e+00 -1.820426e+00 -2.633495e-02 5.451918e-01 -8.672287e-02 -5.878179e-03 -5.968978e-02 5.456342e-02 6.320316e-01 -4.653704e-01 4.733812e-01 2.636423e-01 -4.364650e-02 3.831289e-01 -1.373143e-01 8.568391e-01 3.821439e-03 2.705103e-01 1.333982e-03 
8.364242e+00 -3.766927e+00 -9.221984e+00 4.981380e+00 -2.498041e+00 -3.775840e+00 -1.122935e+01 -2.990676e-02 -1.080965e+01 -7.485727e+00 -1.846746e+00 -5.479260e+00 8.101440e-01 1.761263e-01 -2.657395e-01 2.024635e+00 -7.805488e-01 7.582838e-01 9.010894e-01 -9.742989e-02 1.703353e+00 -1.017532e+00 1.426492e+00 6.753892e-01 2.593034e-01 -4.141854e-03 -1.847479e-01 2.082341e-01 3.618716e-01 -3.963141e-01 5.850144e-01 9.016253e-03 3.734920e-01 -1.642733e-01 5.071769e-02 8.903328e-01 6.725518e-02 1.254649e-01 1.976671e-03 
8.522191e+00 -2.943418e+00 -7.481729e+00 5.161436e+00 -2.632197e+00 -6.182963e-01 -1.195026e+01 3.453019e+00 -1.514330e+01 -1.165597e+00 -1.492844e+00 -7.601594e+00 8.059278e-01 -2.095727e-01 9.566804e-02 1.713734e+00 -1.033926e+00 8.545951e-01 3.397532e-01 7.793287e-01 7.781750e-01 -1.717255e+00 2.163819e+00 6.173282e-01 -3.262104e-02 -1.212997e-03 -2.083867e-01 1.770324e-01 7.472487e-02 -2.665578e-01 3.576587e-01 -2.683144e-01 8.190898e-01 -7.818133e-01 2.816239e-01 4.095839e-01 1.475567e-01 1.866689e-01 2.196438e-03 
8.205031e+00 -3.002930e+00 -4.908388e+00 4.524827e+00 2.427917e+00 -1.967106e+00 -9.342585e+00 5.376287e+00 -1.246654e+01 1.600643e-01 1.349365e+00 -7.262083e+00 8.076494e-01 -3.363796e-01 3.066067e-02 1.698462e+00 -8.760040e-01 1.101353e+00 -9.360104e-02 1.645446e+00 1.979398e-01 -1.369289e+00 2.247751e+00 1.000986e+00 1.915894e-01 9.049378e-04 -1.050778e-01 -1.894273e-03 5.269315e-02 -1.866842e-01 -2.953132e-01 3.062147e-02 7.676475e-01 -1.064004e+00 2.786175e-01 2.992985e-02 9.798511e-02 1.880238e-01 1.701963e-03 
7.393438e+00 -3.829555e+00 -5.265045e+00 2.279114e+00 -5.919457e-01 -2.897617e+00 -1.032092e+01 4.838980e-01 -1.570164e+01 -2.187706e+00 1.341012e+00 -8.310575e+00 8.109346e-01 -4.189006e-01 2.365826e-02 1.800765e+00 -1.318888e+00 7.630886e-01 -6.843927e-02 2.801759e+00 -1.628811e+00 -2.363008e-01 1.611221e+00 1.120110e+00 8.805208e-01 2.584022e-03 2.117574e-02 -4.452974e-02 2.403140e-01 -2.229811e-01 -5.400131e-01 4.969977e-01 4.063902e-01 -9.645627e-01 6.559232e-01 -1.819048e-01 6.572990e-02 9.856431e-02 6.350730e-04 
7.246830e+00 -3.170249e+00 -1.838212e+00 2.042523e+00 1.988755e+00 -3.104359e+00 -3.817373e+00 2.444502e+00 -1.737712e+01 4.263912e+00 1.741076e+00 -4.166915e+00 8.121644e-01 -2.447181e-01 -2.392976e-01 2.244686e+00 -1.571447e+00 -6.723993e-01 1.258386e+00 2.729506e+00 -2.413119e+00 -3.649263e-01 1.852499e+00 9.140499e-01 7.428385e-01 2.469538e-03 3.324580e-02 3.967404e-02 1.454179e-01 -3.532500e-01 -7.989081e-01 6.395348e-01 -1.292315e-01 -9.056386e-01 8.142179e-01 -4.836114e-01 -3.368097e-01 -1.507128e-01 -5.787538e-04 
6.906986e+00 -2.741825e+00 -1.322957e-02 -1.922620e-01 1.403205e+00 -3.922907e-01 -7.043754e-01 -3.224746e+00 -1.386977e+01 4.838142e+00 3.911530e+00 -4.746851e+00 8.165914e-01 -1.495808e-01 7.981246e-03 2.642271e+00 -1.801194e+00 -9.586641e-01 2.148770e+00 2.269056e+00 -2.739152e+00 1.060110e+00 1.451890e+00 9.894981e-01 1.846533e-01 1.181605e-03 -1.493072e-04 1.744407e-01 8.392072e-02 -3.535063e-01 -7.122338e-01 3.401209e-01 -4.207514e-01 -2.839729e-01 7.318027e-01 -5.278897e-01 -7.898630e-01 -1.435415e-01 -1.717196e-03 
7.224566e+00 -4.743423e+00 3.689081e+00 -2.096865e+00 -1.931984e+00 3.072098e+00 -5.036224e-01 -4.834894e+00 -1.520719e+01 5.909560e+00 4.634282e+00 -5.329860e+00 8.171712e-01 -3.048387e-01 2.368657e-01 2.004851e+00 -2.401065e+00 -2.032290e+00 1.995398e+00 1.265658e+00 -3.774996e+00 2.053370e+00 -9.062286e-02 -6.176841e-01 -2.140009e-01 -1.289319e-03 -3.331304e-02 3.474727e-01 -3.521021e-02 -4.030300e-01 -2.901898e-01 -3.040203e-01 -3.279479e-01 2.876019e-01 6.870986e-01 -5.591915e-01 -1.026371e+00 -4.033421e-02 -2.186116e-03 
6.656619e+00 -3.002930e+00 5.183136e+00 -4.657082e+00 -3.424907e+00 4.757680e+00 -6.323374e-01 -9.571996e+00 -1.148576e+01 4.249017e+00 4.841787e+00 -6.805431e+00 8.143427e-01 -3.894196e-01 6.577414e-01 2.340308e+00 -2.671521e+00 -2.118138e+00 1.263648e+00 1.430132e+00 -2.367558e+00 2.213407e+00 -5.669314e-02 -2.063310e+00 6.411375e-01 -4.127543e-03 1.415737e-02 3.407140e-01 -1.453688e-01 -2.902431e-01 6.120797e-02 -8.128422e-01 -2.314107e-01 8.773195e-01 3.590719e-01 -4.327570e-01 -9.681863e-01 3.061871e-02 -1.908852e-03 
5.847966e+00 -1.855065e+00 5.588145e+00 -7.730387e+00 -5.758698e+00 4.297757e+00 2.474833e+00 -1.325646e+01 -8.302155e+00 4.105716e+00 -1.812455e+00 -4.207626e+00 8.068413e-01 -2.911925e-01 1.173306e+00 2.219609e+00 -3.151488e+00 -1.543580e+00 1.807766e-01 1.509348e+00 -1.160765e+00 2.493811e+00 -1.890389e-01 -2.691321e+00 3.128850e-01 -5.811397e-03 1.085583e-01 2.273412e-01 -2.517916e-01 8.078285e-03 3.304907e-01 -8.764629e-01 -4.535251e-01 1.309730e+00 1.562039e-01 -4.250412e-01 -2.830660e-01 -2.354795e-01 -9.275693e-04 
5.648008e+00 -8.969529e-01 1.073882e+01 -1.073338e+01 -7.274172e+00 5.313234e+00 4.956968e+00 -1.085205e+01 -6.255246e+00 5.456544e+00 -3.181463e+00 -2.102191e+00 8.011141e-01 -8.559801e-02 1.243226e+00 1.807967e+00 -2.877054e+00 -8.970547e-01 -1.008231e+00 9.901764e-01 3.403335e-01 2.635299e+00 -6.628647e-01 -2.814584e+00 7.428209e-02 -6.102375e-03 1.192401e-01 3.367763e-02 -6.211901e-01 2.265773e-01 1.881173e-01 -6.642347e-01 -9.780285e-01 9.833724e-01 7.476906e-02 -6.578314e-01 1.834457e-01 -7.553823e-01 3.399214e-04 
6.273086e+00 7.019512e-02 1.200930e+01 -1.481671e+01 -7.725565e+00 3.698515e+00 4.248770e+00 -9.998399e+00 -5.353137e+00 4.360986e+00 -4.810732e+00 -6.117189e+00 7.947370e-01 8.600969e-02 1.080812e+00 1.012102e+00 -2.257882e+00 -9.903764e-01 -1.251042e+00 -7.819952e-01 1.419835e+00 2.623520e+00 -1.912907e+00 -1.657504e+00 -1.107895e+00 -4.938465e-03 4.192236e-02 -9.941211e-02 -6.917554e-01 4.312343e-01 -2.161211e-02 -2.381053e-01 -1.060792e+00 5.404892e-01 7.228550e-02 -5.690116e-01 4.716789e-01 -7.718730e-01 1.328871e-03 
6.016418e+00 2.250640e+00 1.101252e+01 -1.549940e+01 -6.926740e+00 1.568913e-02 3.431456e+00 -9.499020e+00 2.159032e-01 8.072292e-01 -7.732075e+00 -5.479260e+00 7.898883e-01 1.803604e-02 8.725166e-01 -1.618239e-01 -1.985437e+00 -1.454209e+00 -1.341739e+00 -2.314418e+00 1.258912e+00 2.522379e+00 -2.483959e+00 -1.662886e+00 -2.425413e+00 -2.858690e-03 -1.029124e-02 -1.166899e-01 -4.247885e-01 4.950102e-01 5.218330e-02 1.520791e-01 -5.570733e-01 4.122071e-02 1.122840e-01 -4.117856e-02 6.924858e-01 -5.225629e-01 1.822068e-03 
6.094132e+00 1.975202e+00 1.051169e+01 -1.663675e+01 -1.088417e+01 6.912981e-01 -6.720642e-01 -6.834108e+00 1.580032e+00 -3.134313e+00 -7.824837e+00 -8.058630e+00 7.877450e-01 -1.333598e-01 8.615427e-01 -2.542351e-01 -1.441249e+00 -1.373059e+00 -8.430786e-01 -2.142324e+00 1.082380e+00 2.911776e+00 -2.123629e+00 -9.088171e-01 -2.296661e+00 -7.836862e-04 -2.722017e-02 -7.359707e-02 2.817089e-02 5.843682e-01 2.560843e-01 1.163731e-01 3.087744e-01 -5.158082e-01 1.228064e-01 5.657418e-01 5.805571e-01 2.336293e-01 1.484752e-03 
5.827802e+00 2.512991e+00 1.067849e+01 -1.975043e+01 -1.296570e+01 1.078802e-01 -4.154786e+00 -6.139559e+00 2.890282e+00 -3.215466e+00 -9.989137e+00 -1.325885e+01 7.903099e-01 -2.727972e-02 7.693618e-01 3.172394e-01 -8.104956e-01 -4.446475e-01 -4.519275e-01 -1.115148e+00 7.152274e-01 3.052452e+00 -7.632649e-01 2.734125e-01 -1.944132e+00 9.335585e-04 1.431162e-02 -8.071145e-02 3.753461e-01 7.642120e-01 4.128408e-01 -9.338617e-03 7.936590e-01 -9.002434e-01 -1.643721e-01 8.699034e-01 6.262258e-01 1.011963e+00 3.182003e-04 
5.700098e+00 4.246941e+00 1.090561e+01 -1.989723e+01 -1.157139e+01 -5.625689e-01 -2.670061e+00 -6.266419e+00 7.868567e+00 -4.245280e+00 -8.226219e+00 -1.371051e+01 7.906086e-01 -2.727972e-02 7.643452e-01 9.134437e-01 7.644255e-02 -2.147601e-01 -1.114139e+00 1.622872e-01 -8.873995e-01 2.972704e+00 5.521545e-02 2.770348e-01 -1.804474e-01 5.901096e-04 7.327366e-02 -2.072458e-01 3.870005e-01 8.276803e-01 1.852031e-01 -2.378663e-01 7.815452e-01 -1.000531e+00 -6.836333e-01 8.365850e-01 4.576374e-01 1.130306e+00 -1.772137e-03 
6.077329e+00 4.961708e+00 1.240189e+01 -1.792184e+01 -8.806845e+00 -1.616918e+00 -1.145079e+00 -6.206595e+00 1.233429e+01 -2.453249e+00 -6.164354e+00 -1.237397e+01 7.931383e-01 3.657431e-02 5.175889e-01 1.131066e+00 1.076734e+00 3.082320e-02 -1.252872e+00 5.016140e-01 -2.257399e+00 1.670066e+00 7.762719e-01 8.753425e-01 1.576215e+00 -1.952367e-03 9.610265e-02 -3.510071e-01 1.209276e-01 7.716970e-01 -2.379690e-01 -4.090351e-01 3.447840e-01 -5.320997e-01 -1.279035e+00 4.780619e-01 2.444121e-01 6.829427e-01 -4.554995e-03 
5.832843e+00 4.572855e+00 1.421711e+01 -1.716836e+01 -1.403743e+01 -4.016637e+00 -1.365960e+00 -1.123730e+01 1.172112e+01 -3.239606e+00 -8.351954e+00 -9.403235e+00 7.892910e-01 2.011014e-01 -4.887408e-02 1.273891e+00 1.753577e+00 -6.848921e-01 -1.632014e+00 9.570714e-01 -2.433932e+00 1.849142e-01 1.289583e+00 1.078504e+00 1.594769e+00 -8.201229e-03 1.207441e-01 -4.565540e-01 -2.342939e-01 7.548814e-01 -1.237506e-01 -4.138150e-01 -1.988030e-01 2.944782e-01 -1.554123e+00 4.737815e-02 3.588530e-01 1.536937e-03 -7.455403e-03 
5.944584e+00 4.938339e+00 1.467757e+01 -1.573077e+01 -1.157865e+01 -4.429433e+00 -2.298747e+00 -1.494128e+01 9.314228e+00 1.626324e-01 -5.549751e+00 -7.531311e+00 7.812098e-01 3.392372e-01 -5.790709e-01 7.416369e-01 2.209446e+00 -1.399326e+00 -2.238184e+00 2.112879e-01 -1.171933e+00 -1.948510e+00 1.010010e+00 1.094753e+00 5.829607e-01 -1.744573e-02 9.849352e-02 -4.292653e-01 -4.802829e-01 7.570347e-01 1.313371e-01 -3.143927e-01 -4.122468e-01 9.145570e-01 -1.362235e+00 -4.370534e-01 1.442819e-01 -4.097719e-01 -1.015138e-02 
6.771720e+00 4.014190e+00 1.613702e+01 -1.222514e+01 -1.360973e+01 -7.316595e+00 2.692007e+00 -1.406853e+01 1.030264e+01 8.945451e-01 -3.140578e+00 -8.158102e+00 7.555607e-01 4.251055e-01 -9.699512e-01 -6.333867e-02 3.284604e+00 -1.183420e-01 -2.690410e+00 -6.866211e-01 4.234745e-02 -2.988482e+00 1.752592e-01 1.961632e+00 3.238961e-01 -2.894173e-02 -3.473985e-02 -7.954266e-02 -6.165283e-01 6.717268e-01 8.082337e-01 3.304177e-01 -4.549771e-01 7.932706e-01 -7.928448e-01 -5.434968e-01 5.393140e-02 -8.045384e-02 -1.271063e-02 
7.303541e+00 2.345984e+00 1.515045e+01 -9.346616e+00 -1.601729e+01 -1.115800e+01 -2.117592e+00 -1.065094e+01 3.300808e+00 5.293592e-01 -3.295767e+00 -1.008149e+01 7.227790e-01 4.169950e-01 -1.168109e+00 -6.018402e-01 4.096558e+00 4.043234e-01 -2.295713e+00 -7.377238e-01 1.077430e+00 -3.554570e+00 -8.519585e-01 1.155195e+00 1.627178e-01 -4.234101e-02 -3.480986e-01 3.861952e-01 -6.395179e-01 2.579526e-01 1.026283e+00 1.030914e+00 2.404060e-01 2.219602e-01 2.188158e-01 -3.812013e-01 -1.748607e-01 3.280790e-01 -1.699353e-02 
7.279176e+00 1.019271e+00 1.366438e+01 -3.937808e+00 -1.240958e+01 -1.410433e+01 -4.889998e+00 -1.317118e+01 -2.141717e-01 -2.546729e+00 3.294234e-01 -6.508934e+00 6.737998e-01 -1.157369e-02 -1.520289e-01 -1.137044e+00 4.168500e+00 2.454411e+00 4.879169e-02 -8.433447e-01 4.078499e-01 -2.976432e+00 -4.969860e-01 1.317889e+00 1.402551e+00 -5.930834e-02 -8.245381e-01 6.037428e-01 -6.399011e-01 -6.741288e-01 7.325112e-01 1.686527e+00 9.043843e-01 -4.367450e-02 9.910085e-01 -8.949019e-02 -3.752558e-01 2.726253e-01 -2.396984e-02 
7.775710e+00 5.948978e-01 1.290493e+01 6.082510e-01 -1.015720e+01 -1.251369e+01 -2.196517e+00 -1.000307e+01 -3.199902e+00 -2.376719e+00 -1.508670e+00 -7.542449e+00 6.103798e-01 -1.182960e+00 9.429587e-01 -1.919026e+00 3.057313e+00 2.445762e+00 1.546718e+00 1.491744e+00 -2.449781e-01 -8.604733e-01 -5.598850e-01 5.423974e-01 1.684072e+00 -8.722788e-02 -1.190265e+00 2.039146e-01 -6.351754e-01 -1.423085e+00 5.532401e-01 1.797326e+00 1.214614e+00 1.805441e-01 1.515890e+00 3.114700e-01 -5.360090e-02 2.137017e-01 -2.627355e-02 
6.478085e+00 4.129163e+00 1.157457e+01 3.640224e+00 -4.267686e+00 -6.395029e+00 -1.485141e+00 -1.235358e+01 -1.329410e+00 -1.373234e-01 2.554831e+00 -2.415202e+00 5.152323e-01 -2.897492e+00 9.933342e-01 -2.604170e+00 4.335808e-01 2.523387e+00 3.820998e+00 2.720573e+00 4.850116e-01 6.196686e-01 -4.182134e-01 3.918114e-01 9.262992e-01 -1.263477e-01 -9.871175e-01 -6.537240e-01 -4.367303e-01 -1.820505e+00 5.425146e-02 8.620397e-01 1.130191e+00 8.935580e-01 1.354655e+00 4.030955e-01 -1.256929e-01 7.143234e-02 -1.544366e-02 
1.789578e+00 5.505417e+00 6.600003e+00 2.151317e+00 -7.859339e+00 -7.279099e+00 3.638566e+00 -1.228443e+01 -4.439900e-01 -3.474845e+00 -1.696392e+00 -3.708344e+00 3.659230e-01 -4.091408e+00 -7.211047e-01 -3.044187e+00 -1.151491e+00 3.135958e+00 4.804823e+00 3.553323e+00 1.941564e+00 2.226676e+00 6.661490e-01 1.350387e+00 1.469398e+00 -1.401858e-01 -2.033350e-01 -1.166772e+00 -9.492966e-04 -1.426520e+00 -1.380396e-01 -6.746238e-02 3.190213e-01 9.058824e-01 6.874907e-01 6.122121e-01 -1.196815e-01 3.590775e-01 7.435059e-03 
-4.215457e+00 3.530616e+00 3.795546e+00 -2.541542e+00 -9.416704e-01 2.383761e+00 5.795469e+00 -9.605514e+00 1.506128e+00 -4.089139e+00 2.382057e+00 -3.794374e+00 1.642790e-01 -3.493034e+00 -2.588551e+00 -2.758102e+00 -2.829678e+00 2.380735e+00 2.729892e+00 3.776782e+00 3.782275e+00 2.253213e+00 9.054430e-01 2.854180e-01 1.867012e+00 -1.100482e-01 7.501223e-01 -8.366144e-01 3.894272e-01 -4.364560e-01 -7.661937e-01 -1.052507e+00 -4.270987e-01 4.824113e-01 1.420867e-01 6.695548e-01 -2.824379e-01 4.865746e-01 3.089258e-02 
-7.334547e+00 -2.711290e+00 1.573095e+00 -2.057909e+00 3.859686e+00 7.121280e+00 1.192983e+01 -1.669330e+00 6.515881e+00 2.930033e+00 5.329337e+00 4.944618e-01 8.492495e-02 -1.901833e+00 -3.099936e+00 -1.846745e+00 -2.443763e+00 1.826998e+00 1.754988e+00 2.558726e+00 2.635892e+00 1.760104e+00 1.839602e+00 -2.817120e-03 3.009133e+00 -5.820644e-02 1.220816e+00 3.046339e-01 6.710501e-01 4.194429e-01 -1.139683e+00 -1.335143e+00 -9.223133e-01 -2.266356e-01 -4.507010e-01 1.378638e-01 -2.329560e-01 -7.156407e-02 3.564567e-02 
-6.424655e+00 -4.705098e+00 2.972925e-01 -8.403578e+00 1.776245e+00 5.421673e-02 1.325300e+01 1.250150e+00 6.456281e+00 1.187824e+00 4.692258e-01 4.818632e+00 1.054969e-01 -2.416284e-01 -2.000245e+00 -1.255661e+00 -1.102593e+00 -6.529663e-01 8.333194e-02 1.082529e+00 2.549974e+00 1.563374e+00 2.342992e+00 -3.437314e-01 2.589237e+00 -1.287595e-02 1.079176e+00 1.432975e+00 8.413648e-01 1.208644e+00 -6.499072e-01 -6.986023e-01 -9.288265e-01 -5.816087e-01 -6.323280e-01 -1.464821e-01 2.998157e-01 -6.833719e-01 2.242390e-02 
-6.614951e+00 -5.876643e+00 -8.844658e-01 -7.136534e+00 -8.322049e-02 2.660678e+00 1.270318e+01 -4.532805e+00 5.881258e+00 3.084633e+00 -7.542650e-01 7.030837e+00 1.042847e-01 3.869990e-01 5.079737e-01 -4.401856e-01 8.217455e-02 -1.045473e+00 -5.475422e-01 2.890585e-01 1.424404e+00 3.180078e-01 6.365845e-01 5.001712e-01 7.504683e-01 -1.053859e-02 6.986800e-01 1.825231e+00 1.024803e+00 1.270574e+00 7.770618e-02 -6.063021e-01 -6.434880e-01 -3.235907e-01 -1.028718e+00 -2.639732e-01 2.541918e-01 -1.035427e+00 5.958023e-03 
-5.783614e+00 -4.887996e+00 -1.253987e+00 -5.515080e+00 -2.235078e+00 5.030125e+00 1.082118e+01 4.576517e+00 9.640361e+00 7.548531e+00 3.705343e+00 5.883255e+00 9.021288e-02 7.585368e-01 2.772258e+00 7.453681e-01 1.950687e+00 5.673694e-01 3.882468e-01 2.673826e-01 1.480117e+00 -1.872876e-01 7.744861e-01 1.533057e+00 -4.205242e-01 -2.176269e-02 3.241612e-01 1.110236e+00 9.957465e-01 8.219897e-01 8.661890e-01 -3.849921e-01 -3.987640e-01 -5.368072e-01 -1.448506e+00 -6.153066e-01 -3.728781e-01 -9.170505e-01 -1.671198e-03 
-5.720181e+00 -7.998700e-02 1.482419e-01 -3.091212e+00 6.376328e-01 1.895286e+00 1.459100e+01 3.789899e+00 6.513973e+00 2.932601e+00 6.212115e+00 3.714449e+00 3.986337e-02 1.091582e+00 3.639929e+00 2.276705e+00 2.382341e+00 1.605440e+00 -1.429005e+00 -2.512633e-01 1.553091e+00 -2.508099e+00 1.304068e+00 3.296106e-01 -6.631154e-01 -2.397126e-02 1.807858e-01 -2.237613e-01 5.431064e-01 3.222411e-01 6.190449e-01 -1.187987e-01 -5.931244e-01 -5.846765e-01 -8.876124e-01 -7.125437e-01 -7.011275e-01 -5.845930e-01 2.080166e-03 
-3.079562e+00 6.258197e+00 3.508091e+00 -6.725699e-01 4.252601e+00 2.378257e+00 1.364656e+01 4.489539e+00 5.203246e+00 5.136044e+00 4.650988e+00 4.374270e+00 2.888346e-02 1.026955e+00 1.984958e+00 2.364604e+00 1.857338e+00 2.352440e+00 -1.400984e+00 -6.411673e-01 -1.984019e-01 -4.266072e+00 -1.067244e+00 -2.123027e+00 -1.289275e+00 -1.452164e-02 6.097815e-03 -1.328828e+00 -3.221015e-01 -1.628452e-01 3.488604e-02 7.603065e-02 -7.122298e-01 -5.836186e-01 5.520710e-01 -1.008113e+00 -4.015444e-01 -2.717987e-01 5.863472e-03 
-2.509515e+00 6.750184e+00 8.118012e+00 2.354177e+00 4.700172e+00 -3.158366e+00 1.003459e+01 3.276094e+00 -4.441017e+00 1.081158e+01 4.208665e-01 4.469518e+00 1.509268e-02 1.156852e+00 -2.172453e-01 1.465742e+00 1.740007e+00 1.157303e+00 -2.468591e-01 -2.222197e+00 -6.595950e-01 -2.080791e+00 -2.005371e+00 -1.177388e+00 -1.738129e+00 -3.765014e-03 -2.157907e-01 -1.505010e+00 -1.067700e+00 -3.257197e-01 -3.696256e-01 6.983277e-01 -1.893027e-01 -1.642204e-01 2.085542e+00 -8.704551e-01 4.891300e-01 6.528551e-02 4.870690e-03 
-2.254106e+00 1.621558e+00 6.584034e+00 1.049127e+00 7.495677e+00 5.523236e-01 9.893163e+00 3.841237e+00 -6.212334e+00 -1.727500e+00 -4.014122e+00 -9.407831e-01 3.000780e-02 7.564770e-01 -1.943181e+00 -4.597091e-01 1.457736e+00 9.658551e-01 1.772311e-01 -2.308375e+00 -3.315311e-01 2.359228e+00 -2.611344e+00 2.787943e-01 -1.242022e+00 -2.553402e-03 -3.499496e-01 -8.758960e-01 -1.056428e+00 -1.191146e-01 -5.425983e-01 6.497160e-01 6.009580e-01 6.021639e-01 2.080967e+00 3.839813e-01 1.134414e+00 5.617907e-01 1.157657e-03 
-3.486259e-01 1.151693e+00 5.938591e+00 4.748115e+00 4.802223e+00 1.573649e+00 5.356355e+00 8.161104e-01 1.817956e+00 -3.662831e+00 4.658022e+00 -2.318803e+00 2.050359e-02 1.479326e-01 -1.921024e+00 -1.649688e+00 9.536714e-01 4.506640e-01 1.273598e+00 -3.641095e-01 7.986076e-01 4.606926e+00 -2.276015e+00 1.574455e+00 -3.602666e-01 -5.601512e-03 -3.319795e-01 -2.044000e-01 -4.844657e-01 -5.456144e-03 -3.474400e-01 2.550384e-01 1.201837e+00 9.958026e-01 3.662612e-01 1.047017e+00 8.689249e-01 4.977117e-01 8.113973e-04 
-3.776114e-01 -6.585932e-01 2.298829e+00 5.419405e+00 9.030643e+00 8.983840e-01 4.443696e+00 4.061439e+00 1.386959e+01 -6.833046e-01 3.926477e+00 1.558317e+00 1.342374e-02 -2.181981e-01 -1.542685e+00 -1.359786e+00 1.655080e+00 -7.295604e-03 1.087515e+00 1.434599e+00 2.083197e+00 2.794930e+00 9.879854e-01 2.173177e+00 8.307540e-01 -7.810079e-03 -5.486947e-02 1.616857e-01 2.869957e-01 1.484550e-02 -2.667821e-01 -1.451838e-01 5.741998e-01 4.969043e-01 -1.753984e+00 9.909016e-01 8.023509e-01 2.047789e-01 3.996735e-03 
-2.708212e+00 -1.715165e+00 2.012262e+00 4.937673e+00 6.185451e+00 3.037010e+00 1.093877e+01 7.158693e+00 8.552776e+00 -1.090608e+00 4.322584e+00 1.418902e+00 -4.618462e-03 -1.582204e-02 -1.439426e+00 -5.065655e-01 1.614254e+00 -9.346332e-02 5.731858e-01 1.915410e+00 3.111934e+00 -4.674206e-01 1.430064e+00 2.220060e+00 -2.858766e-01 2.922700e-03 2.108646e-01 2.097586e-01 7.002980e-01 -1.673566e-01 1.664870e-02 -4.844143e-01 -6.805762e-01 -4.318122e-01 -2.197562e+00 4.279966e-01 4.139875e-01 -1.022652e-01 6.925252e-03 
-2.165469e+00 -4.658361e+00 1.748318e+00 9.229563e+00 6.767561e+00 5.257851e+00 1.427530e+01 1.108627e+01 4.395068e+00 1.926927e+00 7.019715e+00 1.344010e+00 3.497893e-03 5.638850e-01 -1.375672e+00 4.037502e-01 1.201668e+00 -9.602594e-02 -1.983655e-01 -5.770591e-01 9.962074e-01 -3.873697e+00 4.903494e-01 3.967893e+00 -2.553576e-01 1.317370e-02 1.347808e-01 2.017803e-01 5.377102e-01 -8.166504e-01 -3.082478e-02 -5.144800e-01 -1.083195e+00 -1.127477e+00 -1.041855e+00 -3.758369e-02 -2.372627e-01 -1.900062e-01 5.619430e-03 
4.663282e-01 -4.045481e+00 3.681540e+00 1.091373e+01 5.466509e+00 2.259578e+00 1.001817e+01 1.286358e+01 4.218651e+00 2.182198e+00 1.421163e+01 -3.641133e+00 4.007419e-02 8.110619e-01 -9.558419e-01 9.701052e-01 3.436236e-01 5.781537e-01 -5.055678e-01 -2.761074e+00 -8.169641e-01 -3.046566e+00 1.129555e-01 2.747163e+00 -3.285338e-01 1.853532e-02 -1.579855e-01 2.390800e-01 -1.701010e-02 -1.168084e+00 -4.770285e-01 -3.959859e-01 -5.654949e-01 -1.010158e+00 2.001237e-01 1.606606e-01 -1.149605e+00 9.354109e-02 5.371384e-05 
8.544816e-01 -6.371746e+00 3.483249e+00 8.439502e+00 8.910246e+00 2.953582e-01 2.018769e+00 6.190059e+00 -3.331500e+00 1.318150e-01 1.882159e+01 2.811132e+00 5.693934e-02 4.211004e-02 -7.756607e-01 5.904816e-01 -1.792889e+00 -4.971810e-01 -9.455556e-01 -1.643121e+00 -1.589596e+00 -1.124630e+00 1.458637e+00 7.234111e-01 -9.808079e-02 1.247726e-02 -2.961549e-01 3.708485e-01 -5.884618e-01 -1.055092e+00 -9.604120e-01 -2.573684e-01 3.045843e-01 -3.921416e-01 8.469617e-01 3.546962e-01 -1.805521e+00 -2.839271e-01 -4.818204e-03 
-1.629508e-01 -5.637972e+00 5.994929e+00 7.050837e+00 8.005166e+00 2.990226e+00 3.261425e+00 5.521391e+00 -2.817031e+00 3.716769e-01 1.215723e+01 -9.576818e-01 6.133131e-02 -5.448063e-01 -5.441633e-01 -6.848801e-01 -2.728958e+00 -2.277874e+00 -1.033050e+00 -3.790856e-01 -6.460155e-01 -8.411118e-01 1.749321e+00 -1.905790e+00 1.032404e-01 3.542816e-03 -2.144796e-01 2.968589e-01 -8.444448e-01 -2.641996e-01 -5.908709e-01 5.041031e-02 6.038620e-01 -2.944989e-01 5.620768e-02 -2.188898e-02 -1.156469e+00 -3.547809e-01 -7.682835e-03 
-1.640370e+00 -7.740522e+00 3.543579e+00 2.196925e+00 3.012321e+00 1.646396e-01 9.438158e+00 6.809085e+00 2.289513e+00 1.012538e+01 1.166397e+01 -4.879723e-01 5.527039e-02 -2.389249e-01 2.728184e-01 -1.711035e+00 -2.537463e+00 -3.470128e+00 -1.221420e+00 -2.450890e-01 -1.049845e+00 -7.417316e-01 1.445938e+00 -2.733237e+00 -1.890984e+00 -3.421565e-03 2.738430e-02 3.193708e-01 -4.945236e-01 9.403134e-01 4.189512e-01 5.183161e-01 4.141895e-01 -5.207274e-01 -7.441538e-01 -7.642748e-01 -2.849501e-01 -3.697514e-01 -9.088319e-03 
-1.010251e+00 -6.082287e+00 2.267596e-01 3.901884e-01 -2.973896e+00 -2.840513e+00 4.412974e+00 9.324225e+00 -2.797482e+00 5.931132e+00 8.261670e+00 -1.475399e+00 5.862586e-02 -1.207435e-01 4.114248e-03 -2.101505e+00 -6.048457e-01 -8.896872e-01 -1.156748e-01 -4.408292e-01 -2.559319e+00 -2.957070e+00 9.975811e-03 -1.306964e+00 -1.205954e+00 -1.192670e-02 5.191004e-02 2.568151e-01 9.723554e-02 1.539212e+00 1.282828e+00 9.060628e-01 4.373800e-01 -8.398382e-01 -5.971006e-01 -7.470895e-01 5.880489e-01 1.061322e-01 -1.009771e-02 
8.321572e-02 -4.785486e+00 -2.187771e+00 -9.177122e-01 -2.950963e+00 -2.896241e+00 2.172879e-01 -9.607802e-01 -7.050074e+00 4.581331e+00 7.102806e+00 -6.384498e+00 4.118096e-02 -3.307293e-02 5.470617e-01 -1.173835e+00 1.846692e+00 9.033915e-01 1.187247e+00 4.586563e-01 -3.236768e+00 -3.787585e+00 -1.493052e+00 -1.000825e+00 -1.292136e+00 -2.522580e-02 -1.860976e-01 1.054821e-01 6.598107e-01 1.325378e+00 1.179749e+00 8.566385e-01 3.575200e-01 -2.028861e-01 1.705824e-01 -4.367903e-01 8.053566e-01 8.864490e-01 -8.498016e-03 
-1.628188e+00 -7.094925e+00 -1.647019e+00 5.583784e+00 6.538998e+00 3.942409e+00 5.667284e+00 -3.390216e+00 -1.293285e+01 3.194035e+00 7.902932e+00 -4.039022e+00 8.733117e-03 -3.882610e-01 6.027673e-01 -4.673450e-01 2.774924e+00 1.949576e+00 2.292878e+00 1.456012e+00 -3.751644e+00 -2.303517e+00 -5.166295e-01 1.682610e-01 3.345605e-01 -3.604444e-02 -2.897150e-01 2.051850e-01 9.423276e-01 4.092408e-01 2.012782e-01 1.711031e-01 -2.552650e-01 5.509622e-01 1.284461e+00 -1.635797e-01 2.571078e-01 6.272578e-01 -4.051576e-03 
-1.496703e+00 -4.498831e+00 -1.388399e+00 8.833819e+00 2.773056e+00 2.709181e+00 1.110404e+01 -3.017272e+00 -1.158112e+01 4.029186e+00 6.839027e+00 -5.666683e+00 -4.592051e-02 -1.035684e+00 5.008667e-01 7.709655e-01 2.399537e+00 1.008992e+00 1.857580e+00 5.940980e-01 -1.468142e+00 -2.154499e-01 -4.749614e-01 5.559553e-01 1.771033e+00 -3.385019e-02 -1.924990e-01 8.896653e-02 4.736586e-01 -4.840315e-01 -1.039151e-01 -3.915406e-01 -1.053367e+00 8.985301e-01 1.655558e+00 5.702294e-02 -1.120102e-01 4.883923e-01 9.838885e-04 
-2.161689e+00 -3.211689e+00 -2.509383e+00 9.389190e+00 3.912050e+00 5.820973e+00 6.249415e+00 -8.405646e+00 -1.204981e+01 3.624451e+00 9.235012e+00 -1.619025e-01 -7.805214e-02 -1.067997e+00 1.053220e+00 1.637722e+00 1.164936e+00 6.392357e-02 4.047163e-01 -1.785000e+00 -6.887844e-01 1.679002e+00 -1.316657e+00 -7.997328e-01 3.986330e-01 -2.787322e-02 2.006841e-01 2.282560e-01 -1.721900e-01 -7.976304e-01 -2.462886e-01 -6.752285e-01 -8.636525e-01 8.753095e-01 1.186818e+00 6.053013e-02 -5.525472e-01 1.346522e-01 3.893240e-03 
-4.828353e+00 -4.222770e+00 2.098320e+00 9.177303e+00 3.407529e+00 5.452209e+00 2.896468e+00 -5.793345e+00 -8.569163e+00 1.991130e+00 9.216547e+00 5.321000e-01 -8.467523e-02 -6.556497e-01 7.667490e-01 1.418750e-01 2.315573e-01 1.326542e+00 1.735712e-01 -3.187761e+00 -2.755636e-01 2.498685e+00 -8.079093e-01 -1.076894e+00 1.117823e+00 -2.439103e-02 5.907050e-01 4.068777e-01 -8.613678e-01 -8.140358e-01 -1.349844e-01 -3.035901e-01 1.220473e-01 4.632107e-01 3.356088e-01 4.173874e-01 -4.236161e-01 2.361265e-02 3.960959e-03 
-5.302203e+00 -1.966611e+00 4.798532e+00 1.123678e+01 6.541291e+00 4.594282e+00 8.460317e-01 -5.446708e+00 -6.043546e+00 -2.370556e+00 2.715736e+00 -5.145125e+00 -1.112554e-01 4.251055e-01 1.611009e+00 -1.013743e+00 -1.290903e-01 5.592545e-01 -2.411405e-01 -9.712984e-01 2.864111e-02 2.273523e+00 -4.736742e-02 -1.778180e+00 1.334317e+00 -2.130953e-02 6.005384e-01 3.060060e-01 -9.303685e-01 -6.726420e-01 -2.646669e-01 2.067135e-01 1.085552e+00 4.319502e-01 -4.138397e-01 7.318075e-01 1.921039e-01 2.449977e-01 4.679033e-03 
-3.204746e+00 -1.287364e+00 -4.333035e+00 9.067559e+00 8.091546e+00 4.190430e+00 -2.132953e+00 -5.874383e+00 -2.090385e+00 2.987045e+00 4.714295e+00 2.414011e+00 -1.512926e-01 1.171271e+00 2.256379e+00 -2.210143e+00 -1.023632e+00 8.645317e-02 6.625101e-01 7.974577e-01 4.890727e-01 1.165312e+00 9.772708e-01 -1.072961e+00 1.421279e+00 -1.732648e-02 2.640037e-01 1.166618e-01 -1.125767e-01 -4.124631e-01 -5.005302e-01 3.426065e-01 1.228097e+00 4.428993e-01 -7.655909e-01 3.888037e-01 4.033105e-01 -2.808537e-01 6.208455e-03 
-8.485205e-01 3.375760e+00 -4.362313e+00 8.798663e+00 4.366501e+00 5.246155e+00 3.907649e+00 -8.221932e+00 -3.921303e+00 2.890484e+00 2.595277e+00 5.569091e+00 -1.512926e-01 1.021291e+00 1.838534e+00 -1.837981e+00 -1.570745e+00 -6.391922e-01 1.193881e+00 1.650176e+00 1.088725e+00 2.767122e-01 1.449708e+00 1.589464e-01 1.471999e+00 -8.010425e-03 -9.227508e-02 -1.769080e-01 4.211337e-01 -2.047814e-01 -2.935270e-01 3.327121e-01 6.070979e-01 3.680540e-01 -6.704965e-01 2.808857e-02 4.542728e-01 -5.155899e-01 5.995077e-03 
-1.198447e+00 4.388087e+00 -4.372072e+00 5.277831e+00 4.927207e+00 8.439130e+00 5.353707e+00 -1.960387e+00 -3.803533e+00 4.246962e+00 3.911970e+00 2.281125e+00 -1.512926e-01 3.661435e-01 1.236328e+00 -8.759645e-03 -1.109963e+00 -5.767286e-01 1.169062e+00 1.641899e+00 1.409047e+00 -3.308067e-01 3.877665e-01 -2.889800e-02 -3.553246e-01 -1.385852e-06 -2.265496e-01 -2.642117e-01 6.231869e-01 2.884133e-02 -1.263828e-01 9.883084e-02 1.680549e-01 2.160361e-01 -3.599855e-01 -2.240788e-01 1.900403e-01 -5.380291e-01 4.266332e-03 
