-6.031588e+00 7.279915e+00 1.962066e+00 7.765735e-01 1.903720e+00 -5.758554e-01 6.671844e+00 5.539562e+00 2.030437e+00 -2.736036e-01 -6.813109e-01 -2.170808e+00 -1.512926e-01 -1.374462e+00 -2.523928e+00 3.850118e+00 -1.155478e+00 -3.514400e-01 -9.474757e-01 -2.934232e+00 -9.001752e-01 -1.555756e-01 1.040113e+00 1.085576e+00 7.829787e-01 8.807712e-02 -2.654153e-01 9.294389e-02 4.416446e-01 -3.959703e-01 1.462218e-01 -4.018371e-01 2.495011e-01 -2.875785e-01 5.029423e-01 1.918298e-02 2.546372e-01 -3.976134e-02 1.321972e-02 
-5.726230e+00 7.506727e+00 8.829698e-01 2.911021e+00 2.095585e+00 1.132317e+00 3.260450e+00 2.344315e+00 2.771175e-01 -5.986336e-01 1.343287e+00 3.462968e+00 -1.512926e-01 -2.422837e+00 -3.516739e+00 6.352930e+00 -2.040308e+00 -2.022853e-01 -2.379391e+00 -3.605449e+00 -1.337438e+00 8.458252e-01 1.580557e+00 1.866771e+00 8.524773e-01 1.321337e-01 1.792748e-01 8.186459e-01 -8.007207e-01 4.223767e-03 1.738607e-01 2.069007e-01 1.154115e+00 -9.767866e-02 5.236993e-01 -8.631436e-02 -1.175480e-01 -1.884136e-01 -1.320575e-02 
-1.305628e+01 -5.453366e+00 2.175246e+01 -6.067820e+00 5.058974e-02 -6.167210e+00 -6.294105e+00 2.636305e+00 2.129145e+00 5.089391e+00 3.734096e+00 -1.072937e+00 2.890987e-01 -2.177444e+00 -1.562915e+00 4.806999e+00 -2.692782e+00 3.050337e-01 -2.240798e+00 -1.351195e+00 -2.119512e+00 1.858477e+00 8.658056e-01 1.968079e+00 5.494006e-01 1.321500e-01 9.443710e-01 1.735466e+00 -2.841034e+00 1.028647e+00 6.221353e-02 1.271768e+00 1.828995e+00 1.217922e-01 6.883421e-02 -2.618230e-01 -8.241938e-01 -1.427677e-01 -5.725183e-02 
-1.463340e+01 -3.937441e+00 2.383155e+01 -6.002778e+00 1.818551e+00 -9.676683e+00 -4.872375e+00 3.045461e-01 6.210366e+00 4.947608e+00 6.444944e+00 1.542201e+00 2.891865e-01 -7.653710e-02 1.088846e+00 -6.319944e-01 -3.655410e-01 1.896681e-01 7.337133e-01 2.044850e+00 -7.790189e-01 1.455874e+00 6.956140e-01 5.649444e-02 -4.238289e-02 1.269454e-05 1.462239e+00 1.811132e+00 -3.595165e+00 1.764534e+00 -2.035826e-02 1.882413e+00 1.414076e+00 5.800118e-01 -4.293356e-01 -1.529032e-01 -1.389944e+00 -3.581865e-01 -7.928395e-02 
-1.246540e+01 5.187511e+00 1.452316e+01 -8.230362e+00 3.567326e+00 -6.374892e+00 3.982201e+00 -4.037858e+00 8.356599e+00 1.281950e+00 6.608443e+00 1.536113e+00 2.892217e-01 2.174308e+00 3.850554e+00 -6.862708e+00 3.150351e+00 -2.364364e-01 3.854932e+00 3.385574e+00 -5.705536e-01 -1.164577e-01 1.732240e-01 -2.130282e+00 5.164801e-01 -1.321246e-01 1.065226e+00 6.055534e-01 -1.895888e+00 1.551526e+00 -2.654878e-01 9.759274e-01 5.906677e-02 8.718836e-01 -6.278542e-01 1.510997e-01 -1.072357e+00 -5.045882e-01 -5.726635e-02 
-6.405180e+00 7.630283e+00 1.337693e+00 2.164387e+00 1.285542e+00 4.905112e+00 8.346779e+00 1.786054e+00 4.442836e+00 4.783241e+00 1.886780e-01 1.946377e+00 -1.512926e-01 2.712599e+00 2.832163e+00 -5.788057e+00 3.860735e+00 -3.333985e-02 3.984870e+00 1.096616e+00 7.882383e-01 -3.134319e-01 1.162114e+00 -3.033775e+00 -9.219586e-01 -1.321490e-01 5.113380e-02 -5.753617e-01 7.079697e-01 1.398752e-01 -6.046619e-02 -7.914886e-01 -9.680349e-01 3.312316e-01 -3.953152e-01 -1.588273e-02 5.010404e-02 -3.956958e-01 4.400338e-03 
-6.298716e+00 8.015302e+00 -1.314028e+00 5.600439e+00 -8.647445e-01 5.816474e+00 4.024323e+00 -9.572134e-01 2.430647e+00 6.037827e+00 -3.789046e+00 1.307136e+00 -1.512926e-01 1.754037e+00 5.930855e-01 -2.094237e+00 2.951648e+00 -9.108907e-01 1.013389e+00 -5.817329e-01 1.456212e+00 -3.960814e-01 1.387797e+00 -1.848508e+00 -1.533991e+00 -8.810052e-02 -6.633917e-01 -1.128215e+00 2.013236e+00 -1.109470e+00 9.307021e-02 -1.588960e+00 -6.575597e-01 4.424467e-02 -1.869155e-01 -4.641113e-01 1.100250e+00 1.084737e-02 3.963974e-02 
-4.153949e+00 8.809141e+00 2.810318e+00 6.385559e+00 3.868226e+00 4.151743e+00 5.897372e-01 2.705520e+00 7.606109e+00 8.380413e+00 -3.525298e+00 -2.952778e+00 -1.512926e-01 3.891601e-01 -1.592970e-01 5.235218e-01 4.333145e-01 2.245433e-01 -1.802947e+00 -8.117040e-01 -1.362808e-01 -3.809363e-01 8.873567e-03 1.660734e-01 -9.956376e-01 4.983723e-07 -7.959791e-01 -7.053283e-01 1.212806e+00 -1.313114e+00 6.361215e-03 -1.121495e+00 2.225365e-01 -3.618549e-01 -4.354699e-01 -8.417281e-01 1.242913e+00 6.001474e-01 3.523913e-02 
-4.820801e+00 7.563429e+00 3.315787e+00 4.417372e+00 -2.278927e+00 -9.311171e-01 4.952422e+00 2.783813e+00 4.794652e+00 6.422829e+00 -7.771330e-01 -3.684016e+00 -1.512926e-01 1.921511e-02 -2.949418e-01 4.760241e-02 -6.832758e-01 9.988569e-02 -1.195992e+00 1.051893e+00 1.129686e-01 -1.017294e+00 -1.570775e+00 1.771068e+00 6.074032e-01 4.983723e-07 -4.596089e-01 -9.802230e-02 1.446819e-01 -8.555672e-01 2.523527e-01 1.896112e-02 2.825825e-01 -4.214767e-01 -2.794934e-01 -5.503945e-01 6.962054e-01 6.147472e-01 1.762033e-02 
-5.198265e+00 7.059754e+00 1.640675e+00 4.922311e+00 3.115275e+00 -7.356339e-01 3.824599e+00 -7.658315e-01 1.355995e+00 4.634794e+00 -4.868205e-01 -5.358391e-01 -1.512926e-01 -3.998678e-01 -2.504700e-01 -7.949364e-01 -8.874489e-01 -5.068698e-01 -5.179551e-01 1.392695e+00 -3.494105e-01 -2.180187e+00 -1.567191e+00 1.370998e+00 1.008196e+00 4.983723e-07 -1.188459e-01 1.329336e-01 -2.317847e-01 -2.263505e-01 -5.707598e-02 5.827269e-01 2.807532e-02 1.073120e-01 1.443687e-01 8.499122e-02 3.487755e-02 1.065827e-01 -2.782284e-07 
-5.680740e+00 7.415722e+00 -4.906513e-01 2.915639e+00 1.128091e-02 2.280222e+00 7.666677e+00 1.343153e+00 4.691569e-01 5.697927e-02 3.546879e+00 3.135906e+00 -1.512926e-01 -1.494275e-01 1.486025e-01 -7.116504e-01 -6.656767e-01 7.164158e-01 4.657227e-01 -2.709909e-01 -5.444805e-01 -8.938826e-01 -5.760440e-01 1.030075e+00 5.380352e-01 4.983723e-07 2.520560e-02 1.119745e-01 6.560595e-02 1.009198e-01 -6.854868e-03 3.981774e-01 -4.610596e-01 8.044514e-02 7.377028e-01 5.078812e-01 -6.960341e-01 -5.640838e-01 -2.782284e-07 
-5.723326e+00 7.630633e+00 7.386923e-01 2.698961e+00 1.891066e-01 -4.385549e-02 6.195726e+00 1.679017e+00 -1.132067e+00 3.727449e+00 1.167771e+00 -1.321869e+00 -1.512926e-01 -1.207761e-01 2.835433e-01 -2.556954e-01 -7.072961e-01 -3.690586e-01 2.797414e-01 -9.860090e-03 7.290356e-01 2.791350e-01 -6.347778e-02 7.110332e-01 -4.280219e-01 4.983723e-07 1.035259e-01 -1.220677e-02 3.341561e-01 2.735873e-01 -4.294052e-02 2.313731e-01 -3.205785e-01 8.044514e-02 9.766413e-01 1.963729e-01 -8.008518e-01 -5.169374e-01 -2.782284e-07 
-5.305213e+00 8.020902e+00 2.083482e-01 2.200564e+00 2.766175e+00 1.051386e+00 2.411388e+00 -1.161077e+00 1.569159e+00 3.996580e+00 3.546247e+00 -6.011161e-01 -1.512926e-01 5.557434e-03 -2.179057e-03 1.060840e-01 -2.687461e-01 -3.291702e-03 3.960473e-01 -5.521617e-01 -2.397504e-02 1.441508e+00 2.167675e-01 -1.379239e+00 -1.494800e+00 4.983723e-07 6.581216e-02 -1.423256e-01 3.495605e-01 2.956417e-01 -2.966893e-01 -3.416836e-02 1.879770e-01 1.578182e-01 3.926910e-01 -2.593612e-01 -7.939015e-01 -2.009937e-01 -2.782284e-07 
-5.989970e+00 8.174910e+00 1.232986e-02 1.743348e+00 -1.071136e-01 1.277516e+00 6.403022e+00 4.131051e+00 2.201736e+00 2.347367e+00 3.068717e+00 -8.074319e-01 -1.512926e-01 4.029544e-02 -2.362719e-01 4.672585e-01 2.818197e-01 -3.618180e-01 6.737751e-01 -6.973566e-02 -2.075632e-01 1.535321e+00 -9.817425e-01 -1.428692e+00 -5.602261e-01 4.983723e-07 5.799085e-02 -8.670541e-02 1.896970e-01 1.285710e-01 -5.431784e-02 -3.453915e-02 2.017906e-01 -1.548580e-01 -3.519110e-01 -2.475926e-01 -3.524137e-01 2.230346e-01 -2.782284e-07 
-5.519593e+00 7.132908e+00 4.023766e-01 2.049698e+00 1.432463e-01 3.599808e+00 4.802393e+00 -2.951076e-03 6.010262e+00 1.830577e+00 -4.299781e+00 -4.595188e+00 -1.512926e-01 9.893439e-02 -3.031555e-01 6.745658e-01 3.179692e-01 -7.705453e-01 9.787133e-02 6.987490e-01 7.127698e-01 4.414915e-01 -1.413727e+00 -1.869499e+00 -4.009801e-01 4.983723e-07 3.488109e-04 1.454685e-01 8.951972e-03 -9.474418e-02 -7.831709e-03 -4.889417e-02 3.445144e-01 -1.284273e-01 -1.017928e+00 7.526409e-02 4.535056e-01 5.922416e-01 -2.782284e-07 
-5.414580e+00 6.893846e+00 2.977481e+00 4.183376e+00 -3.083373e-01 2.050820e+00 4.651417e+00 6.248190e-02 4.324155e+00 -9.813186e-02 -2.052864e+00 -2.125824e+00 -1.512926e-01 1.223900e-01 5.197574e-04 4.083736e-01 -3.576928e-01 -2.570719e-01 2.561556e-01 3.738324e-01 -4.137561e-01 -9.804267e-01 -4.861690e-01 -8.058175e-01 1.403776e-01 4.983723e-07 -2.595438e-02 2.256509e-01 -1.927602e-01 -2.583793e-01 2.586160e-01 2.383441e-02 5.111502e-02 -2.496334e-01 -8.787296e-01 4.645895e-01 4.836372e-01 2.896858e-01 -2.782284e-07 
-5.098092e+00 7.145859e+00 2.098383e+00 2.570417e+00 -9.859467e-01 1.153739e+00 6.780699e+00 4.437036e+00 2.715634e+00 -1.849148e+00 -3.240678e+00 -1.946904e+00 -1.512926e-01 -3.363417e-02 6.068143e-01 1.800935e-01 -4.227380e-01 -9.476358e-02 3.604523e-01 9.485157e-01 -5.628991e-01 -2.390142e+00 3.454069e-01 5.769057e-01 1.116102e+00 4.983723e-07 -4.175773e-02 1.788702e-02 -2.174072e-01 -8.510229e-02 3.311895e-01 6.949504e-02 -3.535579e-01 -3.436238e-01 -1.345254e-01 4.231591e-01 4.339803e-01 -5.643856e-02 -2.782284e-07 
-5.588794e+00 8.170710e+00 1.205853e+00 -3.056597e-01 -8.282434e-01 3.781307e+00 7.282374e+00 -1.576452e-01 -1.053331e+00 1.756168e+00 -1.489948e+00 -1.429762e+00 -1.512926e-01 -2.324245e-02 4.371410e-01 -2.492423e-01 -6.397537e-01 5.933270e-01 6.615494e-01 6.076865e-02 -8.177698e-01 -1.442572e+00 4.618329e-01 -2.338187e-01 1.297960e-01 4.983723e-07 2.168814e-01 -3.019801e-01 -3.881394e-01 -1.957624e-01 -2.242686e-02 -3.908722e-01 -5.242149e-01 1.925794e-01 7.274901e-01 1.028243e-01 6.083088e-02 -7.992515e-02 1.678195e-02 
-5.600893e+00 9.528427e+00 2.188432e+00 2.180937e+00 -7.108045e-02 4.537056e+00 8.229878e+00 -2.708018e+00 -3.251798e+00 2.630195e+00 -1.696772e+00 6.374553e-01 -1.512926e-01 -3.704859e-02 -4.319946e-01 -8.388042e-02 3.353002e-02 4.602222e-01 2.426317e-01 -9.125149e-01 -8.034176e-01 -1.425723e-04 2.281844e-01 1.433500e-02 -6.777989e-01 4.983723e-07 5.863583e-01 -5.132456e-01 -5.862572e-01 -7.022389e-01 -4.822316e-01 -8.691434e-01 -5.642285e-01 5.466462e-01 1.026445e+00 -8.317181e-03 -1.586073e-01 3.416217e-01 3.422653e-02 
-5.279564e+00 7.888246e+00 1.685949e+00 1.179524e+00 2.200876e+00 3.667052e+00 4.231145e+00 -4.537956e-01 9.544826e-02 -2.890565e-02 -3.993973e+00 -2.768785e+00 -1.512926e-01 1.208472e+00 -9.899451e-01 -1.400322e+00 -1.564657e+00 -6.466118e-01 -1.639253e+00 -1.316736e+00 6.693545e-01 1.461932e+00 8.640235e-02 -2.202992e-01 6.377109e-01 8.391010e-02 7.623915e-01 -2.614829e-01 -5.566465e-01 -8.909763e-01 -8.209655e-01 -1.026042e+00 -1.317244e-01 5.819744e-01 5.291041e-01 1.118909e-01 7.453071e-02 1.082229e+00 3.918607e-02 
-5.437809e+00 5.126959e+00 1.439184e+00 1.995048e+00 -1.993021e-01 2.424231e+00 3.743668e+00 5.677909e-01 2.140668e+00 1.843259e-01 -1.917195e+00 -4.666214e+00 -1.512926e-01 2.282382e+00 -1.245746e+00 -2.175506e+00 -3.471422e+00 -1.885947e+00 -2.834878e+00 -1.183666e+00 1.426790e+00 1.289883e+00 4.914372e-01 -2.229676e-01 2.570478e+00 1.291782e-01 4.028788e-01 -7.533777e-02 -2.110743e-01 -2.707919e-01 -1.375792e-01 -4.694275e-01 -1.649077e-01 6.788401e-02 -1.147631e-01 2.810349e-01 2.413391e-01 6.329825e-01 1.641538e-02 
3.722239e-01 5.422023e+00 -5.421458e+00 -8.036006e+00 -3.996816e+00 -3.358441e+00 2.941460e+00 1.551555e+00 3.559839e+00 3.411674e+00 -2.481375e+00 4.410667e+00 2.682632e-01 2.629019e+00 -4.634416e-01 -1.986953e+00 -3.342045e+00 -2.338359e+00 -2.929870e+00 -4.623483e-01 9.769694e-01 5.580664e-01 8.897015e-01 2.575079e-01 3.916949e+00 1.313450e-01 -6.049461e-01 -1.401942e-01 5.058296e-01 1.182862e+00 1.178915e+00 7.602313e-01 1.839049e-02 -7.189748e-01 -4.031406e-01 2.851006e-03 4.476801e-01 -9.283279e-01 -3.524694e-02 
2.985432e+00 4.532629e+00 -5.135391e+00 -1.056840e+01 -6.402143e+00 -6.124662e+00 2.955658e+00 3.423013e+00 1.465073e+00 3.366880e+00 -3.567991e+00 9.900022e+00 2.848297e-01 1.267111e+00 -1.071848e+00 -8.459566e-01 -4.317754e-01 6.181862e-01 -1.459222e+00 -2.164281e+00 -6.177962e-01 -1.219966e-01 1.231678e+00 9.821345e-01 8.475131e-01 5.836320e-02 -1.410435e+00 -2.261112e-01 8.380513e-01 2.077674e+00 1.849200e+00 1.400328e+00 2.366050e-01 -1.188927e+00 -9.155233e-02 -4.223207e-01 3.540714e-01 -2.091174e+00 -5.681631e-02 
3.653736e+00 5.868295e+00 -4.961263e+00 -9.248708e+00 -6.389975e+00 -6.707839e+00 2.313419e+00 3.003561e+00 3.223386e+00 2.827878e+00 -1.880826e+00 9.532712e+00 2.873770e-01 -1.308549e+00 -1.777764e+00 4.640319e-01 2.829881e+00 3.996009e+00 1.474068e+00 -7.344767e-01 -1.903153e+00 1.520884e-01 -2.693804e-01 1.415559e+00 -3.142518e+00 -5.691087e-02 -1.588396e+00 -2.190065e-01 8.893138e-01 1.518057e+00 1.351126e+00 1.051199e+00 7.189095e-01 -8.704063e-01 6.558470e-02 -8.097847e-01 -4.764279e-02 -1.646718e+00 -4.677202e-02 
-7.432289e-01 -4.554681e-01 -3.020482e+00 4.425129e-01 4.088169e+00 -3.197175e+00 -6.763597e+00 -3.247367e+00 1.698977e+00 6.634210e+00 2.693019e+00 -2.989645e+00 1.309703e-01 -2.800947e+00 -1.719212e+00 7.891091e-01 3.831007e+00 4.192830e+00 1.964825e+00 1.354298e-01 -3.077878e+00 1.035184e+00 -1.040553e+00 9.684371e-01 -4.355740e+00 -6.077298e-02 -9.049418e-01 2.850266e-01 5.533265e-01 -1.056606e-01 -4.147147e-01 -1.392620e-01 1.171956e+00 -4.953096e-03 7.699115e-02 -4.864477e-01 -3.749119e-01 2.897435e-01 -1.160883e-02 
-4.306386e+00 -9.731438e-01 -4.158284e+00 6.076189e-01 1.073791e+01 2.548007e+00 4.128917e+00 -4.629025e+00 4.203555e+00 4.312450e-01 1.465990e+00 -4.856972e+00 6.062859e-02 -3.278966e+00 -1.234716e+00 1.642134e+00 2.117000e+00 2.629964e+00 6.142697e-01 1.982286e+00 -2.145107e+00 3.074349e-01 -2.022938e+00 2.616455e-02 -1.714922e+00 -4.295032e-02 2.429490e-02 6.164135e-01 2.936767e-01 -1.049126e+00 -1.698398e+00 -1.284909e+00 4.602736e-01 6.241502e-01 -3.112590e-01 4.901082e-01 -4.765557e-01 1.560905e+00 1.684728e-02 
-7.039608e+00 -6.427274e-01 -1.590643e+00 3.658423e+00 5.998391e+00 -9.284393e-01 2.725172e+00 -8.149923e+00 6.150834e+00 -6.375040e-01 -3.989045e-01 -4.683802e+00 9.432376e-02 -2.272306e+00 8.171887e-02 1.331778e+00 -6.036043e-01 -7.722348e-01 -1.725590e+00 2.336896e+00 -5.215170e-01 1.852347e-01 -3.239426e-01 -1.977075e-01 1.582344e+00 -6.658607e-03 4.834490e-01 5.096897e-01 -9.875635e-03 -9.362488e-01 -1.487114e+00 -9.891747e-01 3.296870e-02 9.159784e-01 -6.453617e-01 1.081482e+00 -3.203938e-01 1.349295e+00 1.714125e-02 
-9.593294e+00 -2.118560e-01 2.534698e+00 -2.717918e-01 5.805122e+00 -4.771157e+00 7.480678e+00 -5.270494e+00 2.534348e+00 -3.650880e+00 -2.040978e-01 1.804662e+00 9.093316e-02 -1.451361e+00 4.036992e-01 1.661090e+00 -1.983498e-01 -2.013380e+00 -3.105357e+00 4.660896e-01 -6.045347e-02 -9.792151e-01 1.822835e+00 -3.840451e-01 1.692862e+00 2.728793e-04 4.927703e-01 2.438696e-01 -3.604114e-01 -5.872561e-02 -6.164036e-01 4.656619e-01 -2.264318e-01 7.603599e-01 -2.314139e-01 1.214839e+00 -2.237719e-01 1.511322e-01 1.616677e-02 
-9.461665e+00 -4.271167e-01 2.919297e-01 -2.135680e+00 2.693173e+00 -8.165780e+00 3.244832e+00 -5.534496e+00 3.459594e+00 7.055490e+00 2.539640e+00 1.591581e+00 8.253572e-02 -1.297563e+00 1.002428e-02 7.302242e-01 3.075049e-01 -9.211481e-01 -1.121123e+00 1.058369e+00 4.596932e-01 -1.548242e+00 2.443994e+00 -4.283392e-01 6.866996e-01 3.317855e-03 7.336562e-02 -9.954475e-02 -5.257521e-01 4.021459e-01 3.565874e-01 1.553095e+00 -2.081836e-01 8.003549e-01 3.865567e-01 9.712011e-02 -2.552694e-01 -6.075945e-01 1.923903e-02 
-1.035258e+01 9.376010e-01 3.205837e+00 2.513073e+00 2.323483e+00 -9.360103e+00 6.199512e+00 -6.239129e+00 6.531307e-01 5.698730e+00 -1.923836e+00 4.693587e-01 6.788412e-02 -1.302462e+00 2.046752e-02 1.409713e-01 1.367849e+00 -3.776265e-01 2.640265e+00 1.489473e+00 1.166179e+00 1.716623e-02 2.667288e+00 -9.773904e-01 -5.113680e-01 3.289355e-02 -1.820057e-01 -3.547077e-01 -7.837759e-01 -1.667259e-01 5.481631e-01 1.495357e+00 -3.076825e-01 9.674441e-01 8.932151e-01 -5.275778e-01 1.214154e-01 -2.829370e-01 2.427116e-02 
-1.314774e+01 -1.167403e+00 1.724257e+00 3.803516e+00 3.133057e+00 -4.239752e+00 8.657249e+00 -5.366942e+00 -6.496646e-01 6.907042e+00 -1.680960e+00 -5.828521e-01 1.224323e-01 -1.980150e+00 -2.244206e-01 -5.368106e-01 6.239316e-01 1.926850e-01 3.167050e+00 7.842855e-01 2.866911e+00 1.619962e+00 -2.604859e-01 -1.177426e+00 -3.534285e-01 7.322626e-02 4.004681e-01 -2.959918e-01 -7.041864e-01 -7.186967e-01 9.347244e-02 1.668549e-01 -6.669387e-01 5.051684e-01 6.788800e-01 -7.080101e-01 4.817489e-01 2.155328e-01 2.505329e-02 
-1.426223e+01 2.610174e-01 2.523255e+00 3.597615e+00 3.696952e+00 6.467193e+00 1.222151e+01 4.766386e-01 4.674819e+00 9.759384e+00 -2.980725e+00 3.350843e-01 2.354464e-01 -2.020084e+00 -1.252552e+00 -1.624166e+00 -1.190082e+00 1.704807e-01 2.227406e+00 -9.353654e-01 3.573277e+00 1.902701e+00 5.372375e-01 5.976297e-01 7.981325e-01 8.667050e-02 1.290973e+00 -3.603915e-01 -5.445797e-01 -9.771992e-01 -3.446694e-01 -1.219014e+00 -7.135278e-01 -3.762479e-01 -3.728671e-01 -5.616828e-01 6.926298e-01 3.734758e-01 1.276604e-02 
-1.740727e+01 -1.211156e+00 -2.050838e+00 4.413583e-01 2.970206e+00 -2.438018e-01 4.155421e+00 5.441980e+00 9.548395e+00 3.722637e+00 -2.819124e+00 -1.083256e-01 3.648865e-01 1.063582e+00 -8.335313e-01 -1.908104e+00 -2.007131e+00 -7.277056e-01 -8.042840e-02 -1.064159e+00 1.782007e+00 9.032905e-01 -3.108562e-02 1.193021e+00 1.109570e+00 1.016962e-01 1.922303e+00 -8.766963e-02 -1.886154e-02 -4.918351e-01 -5.296371e-01 -1.105445e+00 -1.072065e-01 -1.195818e+00 -1.115844e+00 -4.176170e-02 4.738745e-01 7.559419e-02 -4.170428e-03 
-1.832335e+01 -5.303558e+00 -3.027447e+00 -1.756591e+00 3.257535e+00 -2.211888e-01 3.773958e+00 6.222637e+00 5.067348e+00 9.977428e+00 1.633599e+00 4.223292e+00 3.800124e-01 3.630484e+00 -1.477022e+00 -1.896408e+00 -2.202504e+00 -1.640735e+00 -1.831076e+00 -1.154095e+00 -1.727592e-01 -1.488873e+00 -2.557067e-01 1.300554e+00 6.246472e-01 8.248315e-02 1.693985e+00 6.610721e-01 8.446410e-01 3.961058e-01 1.434833e-02 -2.998687e-01 4.490086e-01 -1.094413e+00 -8.652011e-01 -8.222138e-01 -2.415294e-01 -3.034229e-01 -9.336842e-03 
-5.799303e+00 -2.552772e+00 -5.040864e+00 -3.555053e+00 -2.858751e-01 -1.297983e+00 7.560662e+00 6.699117e-01 3.670454e+00 6.643094e+00 1.977041e+00 3.020911e+00 5.586073e-01 4.806083e+00 -5.505077e-01 -4.952684e-01 -1.329091e+00 -1.549987e+00 -3.310001e-01 3.577026e-01 -1.239365e+00 -2.263528e+00 -7.263786e-02 8.404467e-01 1.113763e-01 5.446856e-02 7.371597e-01 6.190525e-01 1.050461e+00 6.911256e-01 4.355391e-01 2.029809e-01 -2.845408e-01 -5.886967e-01 -2.167580e-01 -1.382605e+00 -7.505522e-01 -3.738250e-01 -5.939749e-03 
-1.913365e+00 -6.453015e+00 -5.464244e+00 -5.416633e+00 -2.878854e+00 -2.161144e+00 4.748912e+00 1.998617e+00 1.695755e-01 7.020691e+00 1.124129e+00 1.893953e+00 5.509829e-01 4.578505e+00 1.911398e+00 1.892395e+00 4.512703e-01 6.534233e-01 8.533732e-01 5.989156e-01 -3.881614e-01 -8.398792e-01 -3.552804e+00 -4.336759e-01 -2.199179e-01 6.359535e-02 1.323469e-01 1.978408e-01 5.456244e-01 5.739267e-01 4.602475e-01 9.529171e-02 -1.052395e+00 -4.655279e-01 4.233293e-01 -1.677661e+00 -9.149501e-01 -2.694914e-01 8.806397e-03 
-1.581875e+00 -3.388963e+00 -3.308540e+00 -4.373656e+00 -1.711756e+00 -9.287367e-01 5.456464e+00 1.357147e+00 6.796321e-01 4.837660e+00 1.637394e+00 1.612890e+00 5.517383e-01 4.275363e+00 5.675055e-01 1.449952e+00 1.216443e-01 3.029822e-01 -4.077079e-01 -3.363259e+00 -1.053863e+00 -5.050404e-01 -5.295476e+00 -1.692589e+00 -3.373602e-01 8.143428e-02 -1.827021e-01 -8.011920e-01 -3.111174e-01 2.284809e-01 3.141431e-02 -3.535279e-01 -1.511456e+00 -3.080340e-01 5.571229e-01 -9.820510e-01 -5.341673e-01 -2.302642e-02 1.591271e-02 
2.460855e+00 4.671586e+00 5.568008e+00 9.089661e-01 7.237087e+00 3.861048e+00 7.820493e+00 3.938156e+00 2.363817e+00 -6.884151e+00 -3.653826e-01 3.827572e+00 7.014341e-01 4.557721e+00 -1.046738e+00 -1.407488e-01 -5.827059e-02 -2.660019e-01 -1.316193e+00 -4.555516e+00 -2.593014e+00 -2.514664e-01 -6.032663e+00 -2.007718e+00 -4.983044e-01 1.130345e-01 -6.048390e-01 -1.514613e+00 -1.010221e+00 -2.974452e-02 -6.008890e-01 -4.013074e-01 -1.086598e+00 -1.634938e-01 2.776650e-01 8.436474e-01 -5.913297e-02 2.438090e-01 2.409626e-03 
1.339036e+01 -5.277657e+00 -3.307047e+00 -6.109385e+00 -3.829286e+00 -6.347221e+00 -1.079120e+01 -5.569293e+00 4.859065e-02 -1.288203e+01 -5.741540e+00 3.675537e-01 8.905697e-01 3.902895e+00 -3.077419e+00 -1.034106e+00 6.825253e-02 -9.333363e-01 -1.013905e+00 -4.622356e+00 -1.676986e+00 2.279009e-01 -3.742909e+00 -1.043298e+00 1.352828e-01 1.093147e-01 -1.259365e+00 -6.075869e-01 -4.864708e-01 4.258627e-01 -1.339591e-01 2.753916e-01 5.873997e-01 5.962802e-01 1.992125e-01 2.088840e+00 2.194033e-01 5.019307e-01 -1.799834e-02 
1.338890e+01 -1.074283e+01 -6.169214e+00 -4.839724e+00 -3.150272e+00 -6.032722e+00 -9.905223e+00 -7.503158e+00 -7.718016e-01 -1.428284e+01 -5.224797e+00 2.527232e-02 9.467518e-01 1.740677e+00 -3.839189e+00 -1.916574e+00 3.291470e-01 -1.733052e+00 -8.499951e-01 -4.204572e+00 -8.940755e-01 1.820326e-01 -1.108712e-01 -1.053971e+00 7.627300e-01 6.170495e-02 -1.456880e+00 4.406211e-01 1.990252e-01 6.077288e-01 2.597652e-01 6.026438e-01 1.085098e+00 1.121667e+00 1.326970e-01 2.257264e+00 1.800716e-01 5.079899e-01 -3.133448e-02 
1.246847e+01 -1.106904e+01 -2.610535e+00 -1.158130e+00 -1.184363e+00 -1.051323e+00 -8.792544e+00 -1.307072e+00 3.386619e+00 -1.017739e+01 -1.149669e+00 4.190823e+00 9.756509e-01 -6.128979e-01 -1.074312e+00 -9.436679e-02 2.057186e+00 3.668195e-01 7.360935e-01 -6.016507e-01 1.078033e+00 2.742885e-01 2.187778e+00 -1.072561e+00 1.541846e+00 1.711171e-02 -1.011065e+00 1.116640e+00 4.654359e-01 3.571503e-01 5.131118e-01 5.048602e-01 9.519061e-01 9.026322e-01 -1.101873e-01 1.315833e+00 7.960008e-03 1.053131e-01 -2.826040e-02 
1.162450e+01 -1.162872e+01 -4.362760e+00 7.920273e-02 -2.750165e+00 -3.037099e+00 -1.420165e+01 -2.663009e+00 1.604494e+00 -8.791018e+00 -7.931218e+00 5.730074e+00 9.674292e-01 -4.687500e-01 1.548215e-01 3.843759e-01 1.985958e+00 3.827486e-01 8.221058e-01 -1.140531e+00 1.637767e+00 3.888728e-01 2.288273e+00 -1.092840e+00 1.338315e+00 2.460058e-03 -2.524512e-01 1.027831e+00 5.141309e-01 -3.888769e-02 5.512086e-01 3.153315e-01 7.089189e-01 6.462194e-01 -9.486816e-02 1.049859e-01 3.320151e-01 -2.169207e-01 -1.426372e-02 
1.120833e+01 -1.020660e+01 -4.682161e+00 1.716792e+00 -2.195161e+00 -4.164474e+00 -1.165068e+01 -2.599089e+00 2.317962e-01 -4.688903e+00 -9.750889e+00 5.224770e+00 9.657778e-01 -4.788566e-02 5.086009e-01 1.425846e-01 1.025500e+00 5.743810e-01 6.744243e-01 -1.394819e+00 1.570193e+00 -4.265450e-01 1.636580e+00 -9.842391e-01 3.740864e-01 -2.365557e-03 2.211671e-01 2.473205e-01 1.375788e-01 -5.185996e-01 1.304775e-01 -2.447474e-02 1.003038e-01 1.731271e-01 -9.791872e-02 -5.948271e-01 5.374321e-01 -3.817885e-01 -3.488106e-03 
1.167532e+01 -1.039981e+01 -3.211525e+00 3.652650e+00 -7.309073e-01 -3.654953e-01 -1.417799e+01 1.331428e+00 2.749817e+00 -5.585882e+00 -6.387944e+00 6.199865e+00 9.639859e-01 1.957258e-01 5.084836e-01 5.356215e-01 6.506870e-01 9.192711e-01 7.574072e-01 -2.632926e-01 2.090937e+00 5.810155e-02 6.896400e-01 5.618742e-01 2.618696e-01 1.224600e-04 1.266684e-01 -7.929614e-02 2.533470e-03 -4.800875e-01 7.108211e-03 -1.508625e-01 2.678003e-01 -4.211641e-03 -1.085957e-01 -6.605152e-01 5.059747e-01 -2.728384e-01 1.194911e-04 
1.220425e+01 -9.140099e+00 -2.473223e+00 2.182476e+00 6.776592e-01 9.850347e-01 -1.577814e+01 4.546721e+00 6.815525e-01 -3.597202e+00 -6.842072e+00 5.826468e+00 9.655494e-01 1.605424e-01 -1.449973e-02 5.176737e-01 1.317519e-01 7.509290e-01 6.459699e-01 -5.387203e-01 1.716944e+00 -4.981884e-02 1.285621e-02 7.871693e-01 1.710772e-01 8.379683e-04 -6.211458e-02 -2.274307e-01 -1.951564e-01 -1.877829e-01 -3.640338e-01 -2.488051e-01 1.559151e-01 -3.037597e-01 -2.095838e-02 -7.268038e-01 3.911935e-01 -2.503328e-01 8.580687e-04 
1.210553e+01 -9.619622e+00 -2.789141e+00 3.099603e+00 4.095168e-01 -1.824925e+00 -1.345434e+01 4.218800e+00 1.670171e+00 -5.888700e+00 -6.576426e+00 6.738654e+00 9.681670e-01 6.033660e-02 1.999816e-02 2.095360e-01 3.234089e-02 3.300135e-01 8.207536e-02 -2.294446e-01 1.543402e+00 -3.424242e-01 -2.024720e-01 5.512899e-01 7.571252e-02 1.451842e-03 -1.443991e-01 -2.140331e-01 -4.529234e-01 -1.503236e-01 -5.131457e-01 -3.044242e-01 -2.265338e-01 -3.947843e-01 -3.652738e-01 -5.714099e-01 1.090414e-01 -4.843332e-01 4.660963e-04 
1.179581e+01 -1.066897e+01 -2.304567e+00 2.652393e+00 9.888541e-01 -2.048241e-01 -1.470664e+01 4.542182e+00 5.225438e-01 -4.472710e+00 -5.720668e+00 5.810571e+00 9.678859e-01 -2.907548e-01 -3.843547e-01 -6.703100e-01 3.957381e-01 -9.513170e-01 -2.320048e-01 -6.320773e-01 3.252612e-01 -3.310004e-01 -1.551526e+00 9.770647e-01 -7.843983e-01 1.256703e-03 -1.495955e-01 -1.630310e-01 -5.090640e-01 -1.842365e-01 -4.748766e-01 -4.571913e-01 -2.008944e-01 -3.053735e-01 -6.846543e-01 -3.570528e-01 -4.318332e-02 -6.595882e-01 5.985685e-04 
1.218102e+01 -9.535268e+00 -2.247851e+00 3.579142e+00 7.632963e-01 6.395918e-01 -1.586096e+01 9.051005e+00 1.117098e+00 -6.160423e+00 -4.192258e+00 6.586454e+00 9.700819e-01 -3.005527e-01 -3.767276e-01 -1.134936e+00 -2.328344e-01 -7.954044e-01 -3.256987e-01 -1.349362e+00 8.128762e-01 -1.627689e+00 -1.385051e+00 1.012198e+00 -1.682002e+00 2.244592e-03 -6.291814e-02 -1.328357e-01 -2.843308e-01 -2.036865e-01 -1.082739e-01 -3.934147e-01 1.075419e-01 -2.034451e-01 -7.022281e-01 1.223986e-01 8.160885e-03 -5.658726e-01 7.546315e-04 
1.071278e+01 -1.110405e+01 -6.095085e+00 3.921669e+00 -4.255599e+00 -1.407180e+00 -1.773562e+01 3.756986e+00 -6.969063e-01 -1.121875e+01 -3.148967e+00 1.980538e+00 9.708725e-01 -4.068451e-01 -6.312375e-01 -1.355150e+00 -6.567582e-01 -1.060649e+00 -1.435961e+00 -9.832658e-01 5.553743e-01 -2.830478e+00 -1.181007e+00 3.408484e-01 -2.248181e+00 3.439816e-03 1.235078e-01 7.071610e-02 2.464366e-01 -7.407507e-02 4.138762e-01 -7.894956e-03 6.524920e-01 1.938006e-01 -2.636769e-01 7.878064e-01 1.598231e-01 -3.416380e-02 9.052505e-04 
1.114445e+01 -1.128570e+01 -6.568713e+00 1.301141e+00 -9.452340e-01 -2.852030e+00 -1.868691e+01 8.675427e+00 -5.858541e+00 -9.441078e+00 -2.801098e+00 2.437642e-01 9.778820e-01 -1.961902e-01 -5.208208e-01 -8.697525e-01 -4.598388e-01 -1.566700e-01 -1.283086e+00 4.839301e-01 4.111350e-01 -2.603819e+00 2.243346e-01 9.102678e-01 -2.021787e+00 4.139063e-03 1.440253e-01 1.223272e-01 4.273528e-01 1.435325e-01 3.952014e-01 1.727877e-01 7.653967e-01 -2.026197e-02 3.577091e-01 6.272487e-01 2.700645e-01 3.282338e-01 6.584531e-04 
1.027967e+01 -1.294969e+01 -6.919954e+00 5.075546e-01 -3.460063e+00 -5.639078e+00 -1.820985e+01 7.506711e+00 -1.014217e+01 -8.736970e+00 -4.712481e+00 -2.259084e+00 9.811672e-01 2.745543e-01 4.135399e-02 4.295479e-01 1.388867e-01 7.985957e-01 2.073612e-01 1.713579e+00 1.495083e+00 -1.161217e+00 1.582814e+00 1.827191e+00 -7.853128e-01 4.838310e-03 1.263470e-01 2.143340e-01 3.722392e-01 2.234383e-01 3.300403e-01 4.432024e-01 3.236156e-01 5.597711e-02 6.314306e-01 3.439010e-01 2.646007e-01 5.296299e-01 3.626592e-04 
1.141593e+01 -1.121710e+01 -6.184637e+00 2.986454e+00 -4.173726e-01 -3.659848e+00 -1.320398e+01 9.232175e+00 -7.179388e+00 -6.279995e+00 1.140574e+00 -1.402704e+00 9.856294e-01 7.874478e-02 -1.013312e-01 1.095123e-01 8.692182e-02 2.508505e-01 -2.833958e-01 1.129242e+00 2.416598e-01 -6.737147e-01 3.691700e-01 1.619418e+00 -7.723798e-01 4.834244e-03 3.441975e-02 1.906345e-01 7.151098e-02 2.055953e-01 8.347418e-02 2.645856e-01 -2.710330e-01 2.453067e-02 4.712430e-01 -3.996038e-02 -1.628659e-01 4.382803e-01 -2.343728e-04 
1.194922e+01 -1.093149e+01 -4.139876e+00 3.773497e+00 -5.264078e-01 3.380222e-02 -1.190861e+01 1.095386e+01 -5.842793e+00 -4.885476e+00 4.016186e+00 -1.122655e+00 9.911985e-01 8.735505e-02 2.306230e-01 1.614333e-02 1.869274e-01 3.858862e-01 2.800660e-01 3.120017e-01 9.200391e-01 -6.383182e-01 4.662138e-01 1.309271e+00 -2.246208e-01 4.907421e-03 -6.682880e-02 1.096909e-01 -2.634493e-01 1.403740e-01 -9.367879e-02 -7.998790e-02 -4.965876e-01 -2.587490e-01 2.094584e-01 -2.248359e-01 -5.420819e-01 2.026065e-01 -1.168937e-03 
1.070359e+01 -1.280163e+01 -7.410995e+00 1.030642e-01 -1.157689e+00 -7.105649e+00 -1.619131e+01 8.159906e+00 -1.137660e+01 -9.521411e+00 9.315364e-01 -4.186276e+00 9.970486e-01 6.939224e-02 3.377542e-01 -3.055056e-01 5.441412e-01 4.671007e-01 3.420080e-03 -1.705466e-01 8.212483e-01 -5.091079e-01 5.827724e-01 3.549905e-01 -1.105752e-01 2.931643e-03 -3.002575e-02 1.034488e-01 -1.794953e-01 1.709066e-01 -6.489071e-02 -1.843610e-02 -2.058388e-01 -2.861829e-01 3.365541e-01 -4.614491e-02 -5.428452e-01 2.018563e-01 -1.912958e-03 
1.107234e+01 -1.100394e+01 -6.226427e+00 2.884465e+00 -1.160497e+00 -2.515810e+00 -1.515578e+01 1.264301e+01 -1.123526e+01 -4.785523e+00 1.938459e+00 -1.990535e+00 9.999999e-01 -5.501140e-02 3.701400e-01 -6.799897e-01 6.122782e-01 2.220091e-01 -3.358687e-01 -1.193468e-01 -8.844021e-02 -1.962513e-01 3.520446e-01 -2.509849e-01 -1.029982e-01 -5.641706e-05 -6.668946e-03 -6.787775e-02 -5.001267e-02 4.833267e-02 -1.139051e-01 -2.215253e-01 1.238532e-01 -5.011613e-01 3.563827e-01 -1.886294e-01 -3.400798e-01 8.361542e-02 -1.927476e-03 
1.220135e+01 -9.491866e+00 -6.669210e+00 6.151947e+00 2.235038e+00 -2.367933e+00 -1.243301e+01 1.249399e+01 -7.028829e+00 -3.415807e+00 3.954518e+00 -1.522096e+00 9.958891e-01 -2.322342e-04 3.462027e-01 -4.400134e-01 7.289315e-01 8.413803e-03 -6.766179e-02 3.157897e-01 -6.850122e-01 7.881004e-01 1.956595e-01 -3.148467e-01 1.760414e-01 -2.247661e-03 1.406290e-02 -2.120539e-01 2.169970e-01 -1.921052e-01 -1.995224e-01 -1.472075e-01 2.638245e-01 -3.285331e-01 8.146751e-02 -1.576466e-01 -1.089907e-01 1.000618e-01 -8.223314e-04 
1.092523e+01 -1.073513e+01 -7.910494e+00 3.810444e+00 -1.113232e+00 -4.014515e+00 -1.438433e+01 8.344481e+00 -8.998001e+00 -6.178192e+00 1.249995e+00 -2.969689e+00 9.914971e-01 8.883958e-02 -1.129478e-01 -1.667630e-01 3.364007e-01 4.570247e-02 -7.918962e-01 6.882402e-01 -8.326004e-01 4.949758e-01 -2.834524e-01 -5.628652e-02 4.997713e-02 -2.133830e-03 7.304420e-02 -2.309831e-01 4.018499e-01 -3.361240e-01 -7.831709e-03 -1.112935e-01 2.495521e-01 1.065705e-01 -2.352271e-01 2.176487e-02 5.701422e-02 1.518247e-01 2.102255e-04 
1.077570e+01 -1.120520e+01 -8.768198e+00 3.284722e+00 -1.138970e+00 -6.694152e+00 -1.499865e+01 6.884153e+00 -8.554774e+00 -7.846655e+00 -2.980224e-01 -2.816136e+00 9.900566e-01 6.790771e-02 -4.809253e-01 5.229169e-01 -2.784969e-01 -4.424292e-01 -5.045394e-01 7.446944e-01 -4.493974e-01 -4.474021e-01 1.121568e-01 -2.872741e-01 3.133404e-01 -1.377248e-04 3.865184e-02 -1.103542e-01 4.410456e-01 -3.881016e-01 1.201344e-01 9.237833e-02 2.064801e-01 2.883144e-01 -4.245276e-01 2.212311e-01 2.028109e-01 1.550562e-01 2.084108e-04 
1.222941e+01 -1.071238e+01 -6.010509e+00 5.999541e+00 7.553409e-01 -4.312351e+00 -1.043198e+01 1.128518e+01 -7.997091e+00 -3.987386e+00 3.783430e+00 -1.093230e+00 9.922349e-01 2.761873e-01 -3.713299e-01 8.477924e-01 -5.647198e-01 4.080904e-01 -6.737511e-01 9.140567e-01 3.265768e-01 -7.546333e-01 5.024558e-01 2.038319e-02 5.875464e-01 -6.048244e-05 -9.982833e-02 3.615644e-02 3.037752e-01 -3.211071e-01 -5.719090e-02 3.123651e-01 1.028524e-01 -1.808122e-02 -2.817481e-01 1.853848e-01 1.517881e-01 7.738310e-02 -8.912895e-04 
1.188824e+01 -1.190769e+01 -5.005044e+00 3.664966e+00 -9.115407e-01 -4.741998e+00 -1.068566e+01 8.776793e+00 -9.765774e+00 -3.950737e+00 1.251576e+00 -8.936787e-01 9.948174e-01 9.937975e-02 -7.633778e-02 1.258172e+00 -7.609258e-01 4.278812e-01 3.351355e-01 1.235063e+00 1.769554e-01 -7.097170e-01 9.086854e-01 6.608688e-01 6.825192e-01 -2.247661e-03 -2.195588e-01 1.113148e-01 1.327007e-01 -1.609629e-01 -2.591671e-01 3.281503e-01 1.294092e-01 -4.205608e-01 -5.405033e-02 8.855407e-03 1.878656e-01 -1.331884e-01 -1.938364e-03 
1.174984e+01 -1.224055e+01 -5.553298e+00 7.969711e-01 8.138362e-01 -8.359478e+00 -1.197061e+01 9.030959e+00 -1.216550e+01 -5.613647e+00 5.770263e-01 -9.931161e-01 9.888092e-01 -4.259955e-01 -1.343036e-01 9.843168e-01 -1.028004e+00 -6.752118e-01 3.500659e-01 9.573137e-01 -1.236255e+00 -7.826736e-01 2.451771e-01 2.286900e-01 2.524637e-01 -5.536560e-03 -2.259337e-01 8.025680e-02 1.393759e-01 1.569430e-02 -6.161737e-01 5.307098e-01 2.328330e-01 -6.778895e-01 1.585605e-01 -3.389593e-02 1.417442e-01 -2.349828e-01 -1.666161e-03 
1.151223e+01 -1.082298e+01 -2.706554e+00 2.081257e+00 9.715396e-01 -2.994848e+00 -8.053756e+00 8.895933e+00 -1.001927e+01 -2.489953e+00 4.609145e+00 5.461352e-01 9.805348e-01 -6.789595e-01 -4.277861e-02 1.118219e+00 -8.516561e-01 -1.196529e+00 6.243316e-01 1.370089e+00 -1.770634e+00 -7.036589e-01 2.850035e-01 5.479100e-01 -1.851686e-01 -7.093603e-03 -1.347028e-01 1.101983e-01 2.914886e-02 -6.642804e-02 -5.727905e-01 2.287775e-01 2.873739e-01 -6.802883e-01 2.043521e-01 -1.810638e-01 -5.149963e-02 -2.453700e-01 -5.809781e-04 
1.028790e+01 -1.192659e+01 -2.237901e+00 1.651751e+00 -3.562547e+00 -3.435504e+00 -6.961428e+00 5.044465e+00 -1.178411e+01 -3.491697e+00 3.247712e+00 -5.507209e-01 9.716981e-01 -4.642964e-01 1.319245e-02 1.614708e+00 -4.408128e-01 -1.860605e+00 1.835104e+00 2.010757e+00 -2.089133e+00 3.508084e-02 6.449017e-01 7.855683e-01 -1.535546e-01 -5.967491e-03 -2.606153e-02 2.739634e-01 -8.335195e-03 -3.683191e-01 -1.870533e-01 8.337333e-02 2.410906e-01 -3.464588e-01 1.229485e-01 -1.211999e-01 -1.595314e-01 -1.205506e-01 1.140470e-04 
9.224709e+00 -1.227835e+01 -1.071741e+00 -1.020349e+00 -4.705779e+00 -4.082354e+00 -6.340013e+00 1.916542e+00 -1.347482e+01 -3.586466e+00 2.655702e+00 -2.040592e+00 9.679210e-01 -5.551497e-01 4.007657e-01 1.088777e+00 -1.386763e+00 -1.843228e+00 7.365263e-01 2.145294e+00 -2.798011e+00 -9.672569e-02 -1.964981e-01 1.248924e-01 -3.412793e-01 -4.938948e-03 3.447332e-02 4.705119e-01 -8.065032e-02 -5.527896e-01 8.990984e-02 5.180287e-02 6.207417e-02 1.707250e-02 2.776318e-01 -7.994969e-02 -3.239293e-01 -8.367608e-02 -4.866143e-04 
1.057196e+01 -1.144706e+01 1.702366e+00 1.438596e-01 -5.650595e+00 1.359934e+00 -2.773856e+00 2.074640e+00 -1.026239e+01 -1.841003e+00 5.481663e+00 -4.671799e-01 9.653034e-01 -6.180937e-01 1.013631e+00 9.572942e-01 -2.601932e+00 -1.287277e+00 7.109931e-01 1.775165e+00 -2.454874e+00 -4.713748e-01 -1.201641e-01 -3.575398e-01 -2.723032e-01 -6.040668e-03 -1.526162e-03 4.919785e-01 -2.127859e-01 -6.605128e-01 1.635177e-01 -1.737458e-01 -3.595727e-01 3.421354e-01 2.521000e-01 -2.375052e-01 -4.508836e-01 -3.589944e-01 -1.758710e-03 
8.594151e+00 -9.058894e+00 7.665528e-01 -4.098479e+00 -7.200486e+00 -1.709777e+00 5.793251e-01 -3.608951e+00 -1.126368e+01 -4.297608e+00 4.117068e+00 -1.202476e+00 9.590493e-01 -4.297069e-01 1.809664e+00 1.043605e+00 -2.535103e+00 -1.033497e+00 1.445506e+00 1.798382e+00 -1.502608e+00 9.377350e-01 2.677454e-01 -5.002059e-01 -5.441578e-01 -9.488117e-03 9.281177e-02 4.003269e-01 -7.585784e-02 -2.575481e-01 1.651266e-01 3.437556e-02 -4.668195e-01 8.203306e-01 5.348405e-01 -9.279911e-02 -2.792943e-01 -3.834043e-01 -1.744192e-03 
7.512573e+00 -8.468065e+00 1.629233e+00 -9.818689e+00 -8.751313e+00 -1.067092e+00 -1.545224e+00 -4.466766e+00 -1.524619e+01 -3.736765e+00 7.291399e-01 -2.331463e+00 9.459261e-01 -5.348116e-01 1.768595e+00 5.733321e-01 -3.169027e+00 -1.447896e+00 6.117814e-01 3.865407e-01 -1.026235e+00 7.783209e-01 -7.747778e-01 -1.156346e+00 -1.846996e+00 -1.248431e-02 1.383468e-01 2.290511e-01 -1.372674e-02 1.238054e-01 1.192151e-01 -1.266550e-01 -3.074276e-01 7.760614e-01 7.639973e-01 -1.673137e-01 -1.067409e-01 -2.521794e-01 6.980519e-06 
8.606249e+00 -4.719379e+00 4.182944e+00 -8.714519e+00 -8.323128e+00 4.358235e+00 2.037498e+00 -2.325632e+00 -6.294086e+00 -1.300151e+00 2.530785e+00 -3.829452e+00 9.301677e-01 -1.328008e-01 2.025100e+00 9.016358e-01 -2.390981e+00 -9.371979e-01 9.579944e-01 5.056808e-01 5.894607e-01 1.952637e+00 -3.331027e-01 -8.721697e-01 -1.471024e+00 -1.043535e-02 4.883026e-02 -8.508146e-02 -9.023529e-02 1.587711e-01 6.405229e-02 -6.787672e-01 -3.787895e-01 3.655566e-01 1.899282e-01 -3.074565e-01 -1.062587e-01 -1.196850e-01 2.208196e-03 
7.891972e+00 -4.773982e+00 2.860566e+00 -1.339329e+01 -1.232889e+01 1.384927e+00 -1.570308e+00 -3.698212e+00 -8.855508e+00 -7.213253e+00 4.932215e-01 -8.388693e+00 9.173256e-01 -7.475565e-02 2.051267e+00 9.599158e-01 -2.054934e+00 -7.395318e-01 3.213951e-01 8.843633e-01 3.794406e-01 2.841098e+00 -6.564934e-01 -7.052218e-01 -1.069708e+00 -5.532494e-03 5.590159e-02 -9.924026e-02 3.907614e-02 5.735943e-01 1.634602e-01 -6.512755e-01 -4.104378e-02 1.742175e-01 9.943929e-02 3.431407e-02 1.323030e-01 4.420890e-01 2.680014e-03 
7.740503e+00 -7.806342e-01 4.659060e+00 -1.426616e+01 -1.009764e+01 1.854146e+00 3.119886e+00 -1.045718e+00 -4.695550e+00 -4.225050e+00 -1.259854e-01 -5.528682e+00 9.211730e-01 -4.154554e-01 1.242913e+00 3.990971e-01 -2.298229e+00 -1.067527e+00 -1.803055e+00 -3.444301e-01 -3.777561e-01 8.560374e-01 -1.328631e+00 -1.257030e+00 -1.531247e+00 -1.918365e-03 6.243721e-02 -2.509779e-01 2.700936e-02 7.689812e-01 3.934396e-02 -6.260615e-01 -2.301019e-01 -2.495026e-01 -1.848597e-01 1.948320e-02 2.123324e-01 7.558399e-01 5.223516e-04 
7.571128e+00 -1.810545e-01 6.190391e+00 -1.731812e+01 -1.156143e+01 1.792556e+00 2.335663e+00 -3.209545e+00 -1.839925e+00 -5.556267e+00 -1.468760e+00 -6.830840e+00 9.227540e-01 -1.140957e-01 1.663576e+00 1.019607e+00 -3.473474e-01 -5.655180e-01 -1.263936e+00 6.063696e-01 3.284904e-01 1.823859e+00 -1.052955e-01 -3.023945e-01 3.935512e-01 -3.345316e-03 1.884354e-01 -3.882016e-01 2.863538e-02 1.053971e+00 -5.615660e-02 -2.744958e-01 -4.649335e-01 -2.857467e-01 -3.025052e-01 2.278960e-01 3.180742e-01 8.521522e-01 -2.598910e-03 
6.688929e+00 -8.012853e-01 4.513289e+00 -1.824371e+01 -1.404443e+01 -4.861013e+00 -1.637987e+00 -4.458823e+00 -5.521704e+00 -8.771769e+00 -2.773585e+00 -1.226506e+01 9.178526e-01 1.991402e-01 9.639965e-01 1.006903e+00 6.000301e-01 -8.275041e-01 -1.379701e+00 -5.059720e-01 -6.325071e-01 1.537052e+00 -5.113924e-01 -1.199242e-02 1.576726e+00 -8.918962e-03 3.089694e-01 -4.831518e-01 1.051439e-01 1.164631e+00 -1.671717e-01 1.286951e-02 -4.959249e-01 -4.024605e-01 -1.401955e-01 5.223518e-01 2.659667e-01 6.004359e-01 -5.163062e-03 
7.847451e+00 3.553981e+00 8.031670e+00 -1.314121e+01 -1.318292e+01 -1.577074e+00 3.840217e+00 -3.494054e-01 6.765594e-01 -5.466680e+00 3.050559e-01 -3.053231e+00 9.022524e-01 5.600295e-01 2.496321e-01 7.991922e-01 1.765731e+00 -1.140174e+00 -1.262746e+00 -1.359382e+00 -9.219427e-01 9.881036e-01 7.445443e-02 2.626666e-01 1.636950e+00 -1.503331e-02 2.553987e-01 -7.701340e-01 -7.115094e-02 9.005321e-01 -7.011968e-02 -2.822295e-01 -8.257189e-01 -6.153019e-01 -5.605097e-01 4.600261e-01 2.284830e-01 -4.176243e-01 -7.498565e-03 
8.598022e+00 2.171762e+00 8.772958e+00 -1.335404e+01 -1.342438e+01 -3.359929e+00 -1.618297e-01 -5.638129e+00 1.731240e+00 -6.826401e+00 -1.072505e+00 4.659764e-01 8.868278e-01 7.922100e-01 -4.660231e-01 1.035135e+00 2.468387e+00 -1.615997e+00 -1.739330e+00 -1.841197e+00 -1.764894e+00 5.728654e-01 1.193312e+00 -2.098038e-01 8.492114e-01 -2.189161e-02 4.583030e-02 -5.719615e-01 -1.496278e-01 8.897819e-01 5.860875e-01 -1.036128e-01 -2.570155e-01 -2.982642e-01 -7.361822e-01 3.711610e-01 2.692610e-01 -1.028680e+00 -1.028048e-02 
9.416827e+00 -4.194163e-01 8.056545e+00 -1.093402e+01 -1.757240e+01 -5.271617e+00 -5.199410e+00 -7.229323e+00 -5.256071e-01 -6.156721e+00 -1.006094e+00 -5.011201e+00 8.630936e-01 8.664366e-01 -1.472211e+00 6.499632e-01 3.221104e+00 -5.219542e-01 -2.495373e+00 -2.854561e+00 -2.181824e+00 -4.966456e-01 1.342528e+00 9.389967e-01 -1.330981e+00 -3.435609e-02 -3.380571e-01 -1.163425e-01 -2.867270e-01 5.770299e-01 1.381638e+00 3.893313e-01 4.450837e-01 -2.414371e-02 -8.058146e-01 -5.134848e-03 2.523070e-01 -8.186854e-01 -1.394070e-02 
9.864944e+00 -1.144302e+00 9.676434e+00 -7.005345e+00 -1.992953e+01 -1.171036e+01 -6.323448e+00 -9.843238e+00 -2.055777e+00 -2.460337e+00 -3.166993e+00 -7.040199e+00 8.279754e-01 2.751482e-01 -1.034886e+00 3.333558e-01 4.321404e+00 1.793926e+00 -1.281571e+00 -1.043508e+00 -1.493757e+00 -1.401550e+00 7.103498e-01 9.962766e-01 -2.082664e+00 -5.065830e-02 -9.434591e-01 4.435645e-01 -4.975107e-01 -8.460357e-02 1.820642e+00 1.033877e+00 1.033106e+00 4.410979e-01 -5.384595e-01 -2.342628e-01 1.572118e-01 6.007111e-02 -2.093269e-02 
1.154611e+01 -2.148852e+00 1.082966e+01 -2.102138e-01 -1.254040e+01 -9.878415e+00 -7.351410e+00 -9.156003e+00 8.699853e-02 -9.366204e-01 6.047425e+00 -5.954843e+00 7.598999e-01 -8.716515e-01 -4.770688e-02 -2.835246e-01 3.724580e+00 4.063225e+00 4.549035e-01 4.670672e-01 -1.178249e+00 -2.053832e+00 2.901809e-01 9.211189e-01 -9.906734e-01 -7.035510e-02 -1.490951e+00 6.994379e-01 -6.668735e-01 -1.000694e+00 1.455648e+00 1.379404e+00 1.513779e+00 7.438298e-01 1.643300e-01 1.203774e-02 -2.764419e-01 1.240172e+00 -2.577246e-02 
8.909187e+00 -2.138001e+00 9.053055e+00 2.891008e+00 -6.971184e+00 -7.464183e+00 -4.303493e+00 -1.214360e+01 -5.583157e+00 -5.884628e+00 3.822196e-01 -9.475403e+00 6.851311e-01 -3.055990e+00 1.039681e+00 -9.857075e-01 1.793795e+00 5.194556e+00 1.954872e+00 1.663601e+00 -6.129069e-02 -1.340883e+00 5.482562e-01 5.851775e-01 9.791947e-01 -1.085535e-01 -1.252133e+00 5.092837e-01 -5.830051e-01 -1.553773e+00 5.935000e-01 9.139518e-01 1.080205e+00 8.176265e-01 6.551719e-01 2.848777e-01 -4.044810e-01 1.690572e+00 -1.807638e-02 
5.536213e+00 -1.611035e-01 6.951081e+00 2.740142e+00 -3.735693e+00 -5.120170e+00 -3.874230e+00 -1.197000e+01 -9.031416e+00 -2.994157e+00 1.825244e+00 -8.746871e+00 5.827631e-01 -4.922638e+00 9.876992e-01 -2.025067e+00 -5.185817e-01 5.055779e+00 2.783511e+00 3.360646e+00 8.210091e-01 2.947129e-01 1.483912e+00 -2.377323e-01 3.339013e+00 -1.342711e-01 -3.497891e-01 1.287723e-01 -1.082927e-01 -1.195084e+00 -3.605862e-01 6.333060e-04 3.143385e-01 5.156796e-01 7.484792e-01 7.430338e-02 -4.169756e-01 1.033813e+00 2.371517e-03 
-2.410359e+00 3.060106e+00 6.686904e+00 4.883115e-01 1.640726e+00 -4.315029e+00 2.560756e-01 -8.742602e+00 -4.201241e+00 1.309715e+00 1.870150e+00 -7.479047e-01 3.737758e-01 -3.959920e+00 9.938008e-01 -1.711081e+00 -1.325880e+00 4.264994e+00 2.123975e+00 2.910724e+00 1.594830e+00 6.999986e-01 1.537943e+00 -4.466617e-01 4.205394e+00 -1.090861e-01 7.136422e-01 -3.432893e-01 2.627823e-01 -5.949036e-01 -1.387361e+00 -6.394630e-01 -3.233820e-01 2.936354e-01 5.207483e-01 -3.931393e-01 -4.261356e-01 -3.031921e-01 2.834150e-02 
-7.407393e+00 1.903139e-01 1.886942e+00 -1.601876e+00 8.433198e+00 2.464697e+00 7.172101e+00 -6.752003e+00 8.693670e-01 2.885259e+00 4.114854e+00 6.376418e+00 2.442128e-01 -2.168686e+00 6.191350e-01 -4.619944e-01 -6.911240e-01 2.724936e+00 3.734353e-01 1.415179e+00 5.722381e-01 6.681504e-01 1.667190e-01 -6.477640e-01 2.565383e+00 -5.823618e-02 1.199689e+00 -4.517893e-01 4.383926e-01 -3.855521e-02 -1.916464e+00 -9.081827e-01 -8.533462e-01 1.754387e-01 3.111548e-01 -4.614694e-01 -6.061946e-02 -1.452189e+00 3.693949e-02 
-4.418658e+00 2.655136e+00 3.029719e+00 -1.567624e+00 8.269411e+00 -6.365533e-01 4.726668e+00 -6.778857e+00 -7.033438e+00 -1.134304e+00 -2.995905e+00 3.989918e+00 3.089855e-01 -8.648227e-01 -4.925419e-01 -4.535246e-01 -1.094476e+00 -5.767408e-01 -3.747634e-02 1.019511e+00 1.531202e+00 1.076205e+00 -7.588472e-01 -1.340371e+00 -1.498968e-01 -4.865771e-03 8.648722e-01 -4.418934e-01 2.496030e-01 1.694105e-01 -1.529060e+00 -3.198386e-01 -5.763600e-01 6.513627e-02 4.849373e-01 4.614274e-02 4.786956e-01 -1.410755e+00 2.025526e-02 
-4.302999e+00 3.137460e+00 6.468996e+00 3.124294e-01 6.574920e+00 -5.091904e+00 9.659939e-01 -1.009098e+01 -4.274600e+00 -9.384714e-01 1.019136e+00 1.710974e+00 3.239885e-01 -4.717191e-01 -5.279785e-01 -4.617927e-01 -8.271601e-01 -2.105576e+00 -6.765640e-01 3.938451e-02 1.729980e+00 1.662368e+00 3.249627e-01 -9.390983e-02 -1.744185e+00 -1.682572e-03 5.693764e-01 -3.053295e-01 -9.733843e-02 3.061148e-01 -6.428932e-01 4.328202e-01 -1.999769e-01 1.927975e-01 2.852914e-01 4.968331e-01 7.540178e-01 -5.378849e-01 -1.573612e-03 
-8.286690e+00 -8.761890e-01 2.128234e+00 -5.941200e+00 -3.139529e-01 -7.240299e-01 8.456579e+00 5.832981e-01 3.751494e+00 -5.719797e-01 -3.284004e+00 8.349774e-01 3.095652e-01 -4.840407e-01 -6.420327e-01 -4.632044e-01 -4.109657e-01 -9.648326e-01 1.049957e+00 7.167116e-01 1.341634e+00 2.627507e+00 1.689416e+00 1.669849e+00 -6.936060e-01 -3.608388e-02 6.118580e-01 -4.585296e-02 -3.144180e-02 8.073825e-01 4.110032e-01 3.792140e-01 -3.375525e-01 -3.327201e-01 -3.149727e-01 3.145395e-01 8.688392e-01 2.594475e-01 -1.323479e-02 
-7.831798e+00 -6.840295e-01 2.825013e-02 -3.550820e+00 2.196665e+00 -8.742871e-01 5.504265e+00 -1.782879e+00 3.788750e+00 4.229432e+00 3.789439e+00 -7.671834e-01 2.355167e-01 4.877329e-01 -8.327098e-01 -9.437620e-01 4.975274e-01 -2.955673e-01 1.993821e+00 5.666562e-01 1.630950e+00 1.318961e+00 1.426695e+00 1.617195e+00 1.478239e-01 -5.049162e-02 7.151957e-01 2.002777e-03 -5.788603e-02 7.033165e-01 5.838466e-01 1.512286e-01 -2.008435e-01 -3.687461e-01 -5.960885e-01 -2.398469e-01 4.069021e-01 5.590603e-01 -8.195404e-03 
-5.074863e+00 1.355522e+00 3.933692e+00 -1.690780e+00 5.634316e+00 2.503972e+00 6.040964e+00 -4.224701e+00 2.072686e+00 4.728823e+00 3.968117e+00 1.761031e+00 1.727994e-01 1.714697e+00 -5.693994e-01 -3.696338e-01 2.279910e+00 5.731742e-01 5.234970e-01 -9.319439e-01 -8.293854e-02 -3.269328e-01 2.630990e-01 2.148190e+00 2.012542e-01 -4.662950e-02 4.529673e-01 4.285523e-02 -1.991787e-01 2.624492e-01 3.098714e-01 -1.853993e-01 -6.734575e-02 -5.659330e-02 -3.475673e-01 -3.828717e-01 5.010404e-02 3.221746e-01 1.295408e-03 
-3.470644e+00 -2.142202e+00 8.481442e-01 6.749698e-01 2.123195e+00 3.263292e+00 5.007323e+00 4.675612e-01 3.159629e+00 3.544574e+00 5.479134e+00 1.986964e+00 1.399124e-01 2.005071e+00 -5.542626e-01 -7.979613e-01 1.344067e+00 4.461640e-02 3.427089e-01 -1.404866e-01 5.985504e-01 1.590984e-01 -1.610525e-01 1.701336e+00 6.037453e-01 -3.738074e-02 -2.284729e-02 1.485134e-01 -1.799232e-01 -2.300078e-01 2.379300e-01 -5.832294e-02 1.917999e-01 -2.448358e-01 -5.126503e-02 -3.427023e-01 -2.390386e-01 1.363016e-01 2.400553e-03 
-1.894008e+00 -2.993794e+00 -1.299576e-01 3.345530e+00 2.589285e+00 -1.753678e-01 4.045620e+00 -9.568352e-01 2.431415e+00 1.085747e+00 6.612237e+00 4.646236e-01 1.242243e-01 1.022015e+00 -5.670527e-01 -1.532007e+00 4.780257e-01 4.146069e-01 9.484736e-01 7.335746e-01 1.574857e+00 1.469548e+00 5.690987e-01 1.878245e+00 6.894429e-01 -3.615706e-02 -3.941991e-01 9.329913e-02 -3.587854e-01 -5.010891e-01 -1.610612e-02 1.736881e-01 4.907044e-01 -1.719551e-01 -1.156916e-01 -3.643782e-01 -9.165972e-01 -5.840058e-02 -2.017085e-04 
6.035411e-01 -1.280459e+00 -1.929446e+00 6.511083e-01 3.942164e+00 2.179059e+00 5.800065e+00 -4.239158e-01 4.405196e+00 5.245243e+00 1.097388e+01 2.900165e+00 7.290853e-02 7.199134e-01 -9.147462e-02 -1.262184e+00 2.485242e-01 9.734542e-01 1.489648e+00 6.930058e-01 -4.221282e-01 1.643776e-01 -4.397048e-01 5.569822e-01 5.853256e-01 -4.372275e-02 -3.973062e-01 1.636457e-02 -1.908774e-01 -8.465853e-03 -9.350640e-02 -7.736044e-03 3.311085e-01 -1.662415e-01 -5.956243e-01 -4.280249e-01 -1.255758e+00 -4.266843e-01 7.382993e-04 
-2.001440e+00 -1.910490e+00 -2.337403e+00 7.115317e-01 6.797670e+00 7.788564e+00 9.312741e+00 4.095119e+00 8.797521e+00 6.723796e+00 1.061178e+01 4.751934e+00 2.552800e-02 3.861910e-01 -3.342506e-01 -1.931698e+00 3.222501e-01 2.820455e-02 8.183191e-01 1.104681e+00 -4.322943e-01 -9.079893e-01 -1.419701e+00 -1.862650e+00 -8.144321e-02 -4.446671e-02 -1.115603e-01 4.559565e-02 -2.433866e-02 3.249553e-01 -1.825138e-01 -3.506675e-01 6.375627e-02 9.871984e-02 -9.195474e-01 -3.210865e-01 -9.345155e-01 -7.232963e-01 6.075293e-03 
1.830082e-01 -3.141151e+00 -4.358780e+00 3.235075e+00 4.886044e+00 6.729622e+00 5.838874e+00 -4.169102e+00 7.986965e-01 -1.473031e+00 6.264052e+00 2.769611e+00 -2.935402e-02 3.364592e-01 -5.887605e-01 -1.552576e+00 1.379741e+00 -2.297993e-01 3.691076e-01 1.329520e+00 7.708961e-01 -1.630199e+00 -1.306859e+00 -2.707084e+00 -1.144302e+00 -2.953861e-02 -1.923449e-01 -1.794134e-02 1.483618e-01 1.915203e-01 -1.609084e-01 -4.023138e-01 -2.069092e-01 1.020829e+00 -1.434119e-01 4.023238e-01 -2.803718e-02 -6.707833e-01 1.225067e-02 
2.468866e-01 -3.734431e+00 -8.574170e+00 3.664581e+00 2.258436e+00 1.641108e+00 9.549853e+00 -1.245799e+00 -3.055300e-01 -2.653208e+00 -3.460916e-01 1.223422e-01 -4.697459e-02 6.559302e-01 -9.041855e-02 -1.508412e+00 1.537062e+00 1.036266e-01 -2.444468e-01 7.340634e-01 1.472000e+00 -2.230901e+00 -6.025949e-01 -1.162216e+00 -2.062154e+00 -1.287458e-02 -5.006976e-01 7.533420e-02 7.763481e-01 -1.718239e-01 2.424119e-01 -1.811828e-02 -6.330927e-01 4.225179e-01 6.378632e-01 7.828228e-01 7.747484e-01 -2.082647e-01 1.489104e-02 
1.161026e+00 -3.312310e+00 -6.573688e+00 6.073050e+00 5.062934e+00 7.098570e+00 1.232895e+01 6.100848e+00 8.056099e-01 3.399828e+00 2.917236e+00 -5.064137e-01 -3.852445e-02 -3.765607e-01 -3.031555e-01 -7.318165e-01 5.987221e-01 1.312613e-01 9.587000e-03 -1.561276e-01 3.729836e+00 1.087298e-01 1.163442e+00 6.645617e-02 -1.778281e+00 1.736419e-03 -7.906220e-01 1.954556e-01 1.085463e+00 -7.525541e-01 2.328159e-01 1.249871e-02 -9.406626e-01 -1.102918e+00 9.264396e-01 3.628149e-01 5.627024e-01 4.873887e-01 1.236137e-02 
7.884014e-01 -2.276608e+00 -8.772179e+00 6.977862e+00 7.227260e+00 6.381799e+00 9.738218e+00 6.320219e+00 -2.360351e+00 1.274176e+00 6.474039e+00 -3.920772e+00 -3.427302e-02 -1.760885e+00 -1.003924e-01 1.539489e+00 -1.466227e-01 1.059858e+00 9.076853e-01 -1.317958e+00 2.006365e-01 1.411823e+00 1.259291e+00 6.242239e-01 -8.056921e-01 1.435132e-02 -4.134845e-01 4.030673e-01 9.494765e-01 -1.139615e+00 -1.762506e-01 -2.597700e-01 -8.422850e-01 -1.729492e+00 5.253572e-01 -3.315341e-01 6.537070e-02 9.967073e-01 7.561522e-03 
-1.970953e+00 -5.385813e+00 -7.918952e+00 4.572087e+00 3.057715e+00 4.407330e+00 4.964254e+00 1.069704e+01 2.369579e+00 2.380685e+00 3.186360e+00 -4.099691e+00 -2.701749e-02 -2.408289e+00 3.934906e-01 2.350972e+00 -1.541112e+00 4.561192e-01 -1.443696e-01 -2.347696e+00 -4.108125e+00 1.180664e+00 -4.237742e-01 -7.869614e-01 6.644914e-01 1.865656e-02 4.591815e-01 6.020010e-01 8.263638e-02 -7.162031e-01 -2.396878e-01 -6.201288e-01 -6.092374e-01 -1.736601e+00 -6.090534e-01 -8.267171e-01 -1.171061e-01 8.684255e-01 -1.550021e-03 
-6.991700e+00 -3.199604e+00 -2.045839e-01 3.682285e+00 8.560484e+00 7.524944e+00 6.642028e+00 -2.540464e+00 5.971469e+00 4.152802e+00 2.640522e+00 -2.109589e+00 1.901032e-02 -3.955626e-01 1.576745e+00 1.697389e+00 -3.091139e+00 -9.399735e-01 -1.466254e+00 -2.381544e+00 -3.256563e+00 -1.400843e-01 -1.466828e+00 -4.085937e-01 1.700047e+00 1.647345e-02 1.021406e+00 4.886798e-01 -9.613544e-01 1.639800e-01 -3.189268e-01 -8.670246e-01 -2.756715e-01 -5.628799e-02 -1.007782e+00 -5.737517e-01 -1.707805e-01 2.742781e-01 -1.347433e-02 
-6.990248e+00 -8.835393e-01 8.973976e-01 1.531557e-02 6.676936e+00 5.805168e+00 2.138306e+00 -1.000928e+01 2.543182e+00 -1.588436e-01 8.992795e-01 1.910525e+00 2.812804e-02 1.236678e+00 1.868334e+00 -3.974629e-01 -1.510076e+00 -6.724962e-02 -1.904214e+00 -2.670413e+00 -3.224509e+00 -2.160627e+00 -1.607018e+00 -2.653304e-03 1.310881e+00 -7.077341e-03 7.563916e-01 2.141310e-01 -1.057803e+00 1.056021e+00 1.829396e-01 -8.189484e-02 4.988600e-01 1.091616e+00 -5.728114e-01 2.129450e-01 -9.360349e-02 -4.088529e-01 -1.970415e-02 
1.320238e+00 3.355871e+00 -4.692608e+00 -6.199443e+00 7.174360e-01 -1.648484e+00 -7.567413e-01 3.907814e-01 -3.147329e+00 -4.789966e+00 5.574639e+00 1.574670e+00 2.052115e-02 1.523490e+00 1.605728e+00 -1.893181e+00 6.578217e-01 -2.730010e-01 -2.547521e+00 -2.535143e+00 -5.224738e-01 -1.956384e+00 -1.017985e+00 -6.219703e-01 2.424047e-01 -4.015334e-02 -2.107732e-01 -1.388748e-01 -2.589135e-01 1.188902e+00 4.076130e-01 9.196727e-01 1.125214e+00 8.263059e-01 3.369851e-01 7.897278e-01 -2.458282e-01 -7.207572e-01 -1.637783e-02 
5.621923e-02 6.782381e-01 -7.661739e+00 1.963104e+00 6.643242e+00 -5.270590e-01 -4.688269e+00 -6.891568e+00 -3.874006e+00 -1.182799e+00 1.706019e+00 6.124269e-01 -6.315459e-02 4.139517e-01 1.449783e+00 -1.142801e+00 1.864429e+00 1.037171e+00 -1.324142e-02 2.234102e-01 -1.703815e-02 -7.751443e-01 4.164307e-01 -1.148341e+00 -6.510184e-01 -5.154455e-02 -6.099818e-01 -1.033001e-01 6.570495e-01 2.823426e-01 -3.035272e-01 1.152584e+00 1.547319e+00 9.898186e-01 1.057150e+00 8.127247e-01 -1.091916e-01 -4.674828e-01 -2.716864e-03 
-2.897674e+00 4.048205e+00 -5.390613e+00 5.997617e+00 7.211817e+00 -2.046591e+00 -2.620514e+00 -6.711533e+00 -6.016547e-01 -4.253830e-01 -8.726388e-01 -2.486880e-01 -1.361139e-01 -1.038067e+00 1.091545e+00 7.753962e-01 1.165936e+00 5.459017e-01 2.186510e+00 1.797527e+00 -7.286667e-01 8.521429e-01 1.469973e+00 -1.064911e+00 -9.227424e-01 -4.317798e-02 -4.449841e-01 -1.283698e-01 9.431436e-01 -5.885311e-01 -6.157140e-01 8.284574e-01 1.028926e+00 5.566341e-01 7.454950e-01 5.472701e-01 2.566058e-01 7.744081e-02 1.066282e-02 
-2.811535e+00 6.019153e+00 -4.467734e+00 3.239308e+00 8.615704e+00 5.938168e+00 4.187130e+00 -6.543601e+00 -2.605394e+00 -2.587959e-01 -1.618343e+00 -4.330194e-01 -1.512926e-01 -5.324364e-01 1.609013e+00 1.553403e+00 -3.523417e-01 -1.994314e+00 1.491595e+00 2.899971e+00 1.827694e+00 1.720872e+00 1.212694e+00 -3.271210e-01 -4.438289e-01 -1.914748e-02 -6.109674e-02 -2.098718e-01 5.512726e-01 -7.136540e-01 -5.166509e-01 -1.594967e-01 -1.948287e-01 4.783451e-01 2.934152e-01 2.143260e-01 4.512156e-01 5.965119e-01 1.432305e-02 
-2.436491e+00 6.143409e+00 -2.412527e+00 -1.008034e+00 2.460596e+00 6.051530e+00 3.793835e+00 -3.426268e+00 4.791430e-01 2.097857e+00 1.912527e+00 -2.516133e+00 -1.512926e-01 -2.281076e-01 8.843228e-01 1.474554e+00 -1.176407e+00 -1.835867e+00 8.424458e-01 1.271111e+00 1.338285e+00 5.231026e-01 1.320092e+00 2.505702e-01 5.260166e-01 -3.036346e-03 1.430611e-01 -2.704653e-01 -9.579799e-02 -2.803229e-01 2.666606e-01 -6.488918e-01 -7.313173e-01 2.037448e-01 -3.237265e-01 -1.857473e-01 2.106853e-01 6.273272e-01 1.055031e-02 
-2.836215e+00 7.675435e+00 -1.384177e+00 3.704222e+00 -9.531894e-01 2.882144e+00 6.604639e+00 6.041005e-01 4.189728e+00 3.618982e+00 -1.322022e+00 -4.729297e-01 -1.512926e-01 -2.965445e-01 5.040246e-01 1.263819e+00 -5.324945e-01 -3.550602e-01 -1.385273e-01 -4.875205e-01 1.341156e+00 8.564701e-01 1.563034e+00 4.500716e-01 1.607165e+00 4.983723e-07 3.099123e-02 -3.848522e-01 -4.768003e-01 5.171287e-02 7.746753e-01 -3.113633e-01 -7.554274e-01 -6.686431e-01 -5.926732e-01 -2.804367e-01 -5.905262e-02 1.734646e-01 4.133578e-03 
-4.025709e+00 7.641483e+00 4.406847e-01 -1.170771e-01 2.816715e+00 3.693533e+00 2.526395e+00 -3.594200e+00 -1.384023e+00 4.235725e+00 2.323197e-01 2.401287e+00 -1.512926e-01 -4.405439e-01 2.917570e-01 4.412443e-01 -1.456714e-01 1.059496e+00 -2.430403e-01 -1.652922e-01 5.332481e-01 -3.342890e-01 3.659839e-01 -4.000550e-01 1.188344e+00 4.983723e-07 1.090223e-02 -2.013968e-01 -5.945584e-01 3.106587e-01 2.774633e-01 -1.634165e-01 -2.687392e-01 -7.720107e-01 -2.147685e-01 -3.876753e-01 -1.807038e-01 -3.945417e-01 6.076419e-04 
-3.499196e+00 7.790241e+00 4.247644e-01 1.307743e-01 6.661961e+00 6.424347e+00 2.383464e+00 2.462994e-01 2.608860e+00 6.487613e+00 1.471998e+00 5.143934e+00 -1.512926e-01 -2.711590e-01 -1.907598e-02 -3.141770e-01 -6.090742e-01 4.312601e-01 4.775156e-01 -1.590602e-01 -1.112946e+00 -8.138294e-01 2.876586e-01 -2.970579e-01 9.230337e-02 4.983723e-07 1.427718e-02 -1.496334e-01 -4.042284e-01 2.556334e-01 -3.400725e-01 -1.752819e-01 -1.725536e-01 -4.884258e-01 8.886181e-02 -4.032867e-01 -1.274312e-01 -6.658782e-01 -2.782284e-07 
-4.307838e+00 7.544178e+00 -1.110547e+00 5.033805e-02 3.950588e+00 3.065428e+00 5.078314e+00 -5.812575e-01 -4.015497e-01 2.493594e+00 -1.484572e+00 6.171620e-01 -1.512926e-01 -1.863923e-01 1.388633e-01 -7.092305e-01 4.150020e-01 -8.417438e-01 -2.828549e-01 -2.368985e-01 -1.294740e+00 2.844142e-01 1.936119e-02 -2.794470e-01 -6.891643e-01 4.983723e-07 8.375833e-02 -6.950171e-02 -3.597755e-02 2.308083e-01 -4.452266e-01 -2.459447e-01 -1.960011e-01 1.631829e-01 6.318284e-01 -1.674338e-01 -6.784376e-03 -2.921124e-01 -2.782284e-07 
-4.051357e+00 7.628532e+00 -2.179195e+00 5.749055e-01 6.360106e-01 5.583799e+00 4.533570e+00 -6.467577e+00 -3.704393e-01 5.928250e+00 -1.948819e+00 8.806375e-01 -1.512926e-01 -3.522144e-01 -1.677455e-01 -1.818876e-01 4.653021e-01 -1.104695e+00 -9.949718e-01 -1.314292e+00 -1.868722e-01 9.913923e-01 -2.800008e-01 -2.475161e-01 -7.833533e-01 4.983723e-07 9.774028e-02 -5.346422e-04 2.493463e-01 2.771891e-01 1.339826e-01 -4.104713e-01 2.975742e-02 8.646871e-01 5.797700e-01 -3.718837e-01 -4.916946e-02 1.312234e-01 -2.782284e-07 
-4.681430e+00 8.417122e+00 -1.803576e+00 1.736035e+00 1.621071e+00 2.699753e+00 2.669610e-01 -6.710776e+00 1.527678e+00 4.612582e+00 5.454018e-01 1.086953e+00 -1.512926e-01 1.862130e-02 1.859008e-02 1.954198e-01 4.712477e-01 -3.987447e-01 -7.363939e-01 -5.675583e-01 8.860723e-01 1.922346e+00 -1.873380e-01 -4.586691e-01 1.655905e-01 4.983723e-07 7.765128e-02 2.884868e-02 3.894408e-01 1.209794e-01 4.119800e-01 -2.770595e-02 3.472160e-01 6.923205e-01 -1.081195e-02 -1.548246e-01 -8.672622e-03 4.306630e-01 -2.782284e-07 
-5.073895e+00 6.515128e+00 -1.384152e-01 1.614419e+00 2.303360e+00 1.632480e+00 -1.782810e+00 2.376464e+00 6.600590e+00 4.027676e+00 -7.806116e-01 9.925892e-01 -1.512926e-01 1.151158e-01 3.842050e-02 4.805681e-01 7.487900e-01 8.795689e-01 -1.348001e+00 1.549810e-01 2.120120e+00 1.266170e+00 -1.468554e+00 -4.531546e-01 3.209173e-01 4.983723e-07 7.507989e-02 1.969273e-01 2.847764e-01 6.274009e-02 4.427792e-01 4.569218e-01 4.996246e-01 3.416959e-02 -2.955088e-01 1.464763e-01 4.540351e-02 2.495797e-01 -2.782284e-07 
-3.703413e+00 8.194160e+00 -1.154328e+00 1.887286e+00 1.123159e+00 1.358744e+00 5.398725e+00 -5.729365e-01 5.724123e+00 2.506921e+00 -4.362082e+00 1.389324e+00 -1.512926e-01 -3.185273e-02 1.800496e-01 9.064757e-01 8.782859e-01 2.261121e-01 -2.447714e-01 7.644899e-01 1.013328e+00 9.297879e-02 -1.603888e-01 -2.199435e-01 9.117863e-01 4.983723e-07 -7.823935e-02 1.094879e-01 1.677029e-01 -1.827957e-01 2.382173e-01 5.930561e-01 5.345977e-02 -2.165733e-01 -2.826103e-01 2.408655e-01 6.380386e-02 -1.203198e-01 -2.782284e-07 
-3.964250e+00 7.932348e+00 -1.011021e-01 4.243414e+00 5.282876e+00 -4.859986e-01 2.742683e+00 1.064401e+00 3.862109e+00 -3.617097e-01 -1.760970e+00 2.334318e+00 -1.512926e-01 4.816345e-02 7.361227e-01 8.865113e-01 5.754152e-01 7.966650e-01 1.043790e+00 5.177781e-01 -7.970931e-02 4.284234e-01 4.388663e-01 -1.397160e-01 9.138890e-02 4.983723e-07 -8.493569e-02 -3.047619e-02 -1.397005e-01 -4.561490e-01 -1.014935e-01 5.694842e-01 -9.441230e-02 -3.222089e-01 -6.784417e-02 5.228322e-01 2.443194e-02 -2.741657e-01 -2.782284e-07 
-5.394739e+00 8.608932e+00 2.710319e+00 4.813011e+00 1.261676e+00 2.534916e+00 1.826888e+00 -9.878497e-01 3.362038e+00 6.005250e+00 -6.431770e-02 4.975161e+00 -1.512926e-01 -3.391505e-01 2.172463e-01 8.308529e-01 -3.560280e-01 8.337123e-01 1.033079e+00 -4.816552e-01 9.030557e-01 9.282151e-01 6.330302e-02 -2.962574e-01 -3.212919e-01 4.983723e-07 -6.240380e-03 -2.077403e-01 -4.817639e-01 -5.281307e-01 -9.701154e-02 7.299110e-02 -2.651654e-02 -2.042738e-01 -7.795744e-02 1.517602e-01 -3.109051e-02 -5.556009e-01 -2.782284e-07 
-3.986995e+00 9.988350e+00 2.361565e+00 3.028404e+00 6.217397e+00 6.263378e+00 2.591707e+00 2.185460e+00 9.924024e+00 4.473019e+00 -3.628394e+00 -3.433904e-01 -1.512926e-01 -1.558110e-01 -1.324262e-01 -1.800726e-01 -9.149177e-01 6.826875e-02 8.606220e-01 3.058919e-01 5.643444e-01 5.094286e-01 1.033740e+00 -2.927886e-01 -4.332474e-01 4.983723e-07 -4.418978e-03 -2.856899e-01 -4.786831e-01 -2.682983e-01 -7.110422e-01 -2.535195e-01 3.143895e-01 -4.157631e-01 -5.266219e-01 -6.698018e-02 4.556422e-02 -2.192289e-01 -2.782284e-07 
-5.387964e+00 8.252614e+00 1.769032e+00 7.146106e-01 4.824741e+00 3.149632e+00 3.065459e+00 3.381409e+00 7.334181e+00 4.064420e-01 -4.909817e+00 1.122128e+00 -1.512926e-01 3.910782e-02 -4.244848e-01 -9.689696e-01 -1.017302e+00 1.053161e-01 2.116889e-01 7.378514e-01 -3.301547e-01 -3.373181e-01 3.010668e-01 -2.988368e-01 -1.603881e+00 4.983723e-07 6.088366e-02 -5.671311e-02 -1.563031e-01 1.991119e-01 -9.557696e-01 -9.413104e-02 3.340650e-01 -6.817712e-01 -6.152208e-01 -1.642515e-01 1.818393e-01 -5.252782e-03 -2.782284e-07 
-4.747244e+00 7.448274e+00 -5.309495e-01 1.717947e+00 3.842956e+00 3.509654e+00 3.652798e+00 1.701332e+00 4.422864e+00 7.606338e+00 -8.021163e-01 2.094180e+00 -1.512926e-01 -1.629368e-01 -3.715646e-01 -6.071902e-01 -4.353428e-01 -2.394232e+00 1.869130e-01 1.479942e+00 -1.541837e+00 -1.571869e+00 -1.488954e-02 8.940372e-02 -3.633568e-01 4.983723e-07 1.880989e-04 9.060947e-02 3.166978e-01 3.567625e-01 -6.307689e-01 -1.058905e-01 -2.152178e-01 -3.902919e-01 -2.406982e-01 -6.799695e-01 2.445130e-01 3.984628e-01 -2.782284e-07 
-4.819350e+00 7.756639e+00 -6.881621e-01 3.813197e-01 2.975354e+00 4.970273e+00 4.985552e+00 -2.396361e+00 4.425936e+00 5.944539e+00 -2.971238e+00 -4.263053e+00 -1.512926e-01 -3.111047e-02 5.332265e-02 2.629761e-01 3.996622e-01 -2.713780e+00 8.991382e-01 6.014817e-01 -1.452734e+00 -1.107300e+00 -2.336694e-01 4.217874e-01 -3.825604e-01 4.983723e-07 8.116557e-03 1.167449e-01 4.460948e-01 2.911533e-01 1.406481e-01 -2.659357e-02 -4.626907e-01 1.504909e-01 1.881708e-01 -5.090843e-01 2.849295e-01 8.134888e-01 -2.782284e-07 
-5.085994e+00 8.378270e+00 5.546142e-01 1.018267e+00 -4.829321e+00 6.287776e+00 9.031613e+00 -2.635021e+00 3.518742e+00 1.629562e+00 -4.150514e+00 5.322681e-01 -1.512926e-01 -1.198854e-01 8.183621e-02 7.874959e-01 1.602910e-01 -1.676093e+00 -1.259227e-02 -7.019728e-01 -8.259027e-01 -3.091913e-01 -2.098608e+00 5.694344e-01 9.483645e-01 4.983723e-07 8.579402e-02 7.179113e-03 1.392048e-01 -2.891332e-02 1.165239e+00 -1.742225e-01 -5.032650e-01 6.773169e-01 4.713093e-01 -1.143549e-01 2.098817e-01 4.338369e-01 -2.782284e-07 
-5.373446e+00 8.054153e+00 2.540668e+00 3.063041e+00 -4.408155e+00 6.255940e+00 3.383503e+00 -1.714042e+00 2.249746e+00 2.226314e+00 -1.126583e+00 -9.902840e-03 -1.512926e-01 5.796136e-02 -6.741996e-02 5.642573e-01 1.404325e-01 4.493614e-01 1.784741e-01 -4.844657e-01 6.429082e-02 -2.783666e-02 -1.202381e+00 8.858082e-01 1.807692e+00 4.983723e-07 4.974096e-02 -8.467548e-02 -1.323407e-01 -2.360478e-01 1.103583e+00 -3.415565e-01 -1.313676e-01 8.270473e-01 3.722324e-01 2.870994e-01 -2.217229e-01 2.717834e-02 -2.782284e-07 
-5.069540e+00 7.709037e+00 1.791918e+00 1.178755e+00 -8.455580e-01 2.803891e+00 9.442231e-01 -2.769291e+00 3.965042e+00 -1.028058e+00 1.122548e+00 4.709656e+00 -1.512926e-01 2.214081e-01 -2.753460e-01 -6.169774e-02 -4.504447e-01 1.850402e+00 -3.239676e-01 -4.932637e-01 1.086046e+00 2.449501e-01 -1.022422e-01 9.067990e-01 7.106060e-01 4.983723e-07 -4.204696e-03 -3.341960e-02 -3.512174e-02 2.256553e-02 3.146407e-01 -2.749196e-01 1.849243e-02 6.725193e-01 1.199311e-01 7.428334e-01 -4.136812e-01 -6.453347e-01 -2.782284e-07 
-4.537220e+00 7.754189e+00 1.513811e+00 1.003257e+00 3.230393e+00 7.604684e+00 6.607006e+00 -2.007923e+00 4.063750e+00 1.261219e+00 -1.178764e+00 2.686747e+00 -1.512926e-01 4.712428e-02 -1.913307e-01 2.602470e-02 -4.750596e-01 1.040912e+00 -6.530864e-01 -1.596712e-01 1.726631e+00 4.768015e-01 2.037576e-01 -8.554482e-01 -1.279498e-01 4.983723e-07 -7.823935e-02 -2.545210e-02 9.966680e-02 3.609185e-01 -5.415316e-01 -3.759345e-01 -1.113862e-01 1.394127e-01 9.357028e-02 4.530010e-01 -5.341673e-01 -7.870621e-01 -2.782284e-07 
-4.397365e+00 7.151459e+00 7.595877e-01 -2.040560e-01 6.032532e-01 3.993750e+00 4.953842e+00 2.942289e+00 3.836375e+00 1.601057e+00 4.097329e-01 2.736804e+00 -1.512926e-01 -1.354730e-01 -2.341755e-02 8.808648e-01 5.807663e-01 -3.986240e-01 -9.712779e-01 -7.718684e-01 1.705701e+00 3.819643e-02 9.125353e-01 -6.284632e-01 -1.310602e+00 4.983723e-07 -8.161430e-02 -4.087029e-03 7.582691e-03 6.404226e-01 -5.493463e-01 -6.722199e-02 4.504925e-02 -5.694625e-01 -7.297173e-03 1.440145e-01 -4.183415e-01 -4.766582e-01 -2.782284e-07 
-5.474103e+00 7.376170e+00 3.186932e+00 1.378883e+00 7.211600e-02 2.395668e+00 5.802716e-01 4.063349e+00 4.697864e+00 1.930529e+00 -5.047383e+00 3.367754e-01 -1.512926e-01 -1.549203e-01 -3.207565e-01 5.910782e-01 1.429446e+00 -1.133899e+00 -1.377429e+00 -9.020061e-01 4.514407e-01 5.434404e-01 5.551594e-01 -1.017415e+00 -1.117130e+00 4.983723e-07 1.342005e-02 -4.651268e-02 -2.800518e-01 3.430200e-01 -1.233288e-01 3.495504e-01 3.315673e-01 -8.852790e-01 -2.401345e-01 1.551226e-01 2.419819e-01 -1.613492e-01 -2.782284e-07 
-5.278113e+00 7.780790e+00 5.360049e+00 3.895114e+00 -1.259237e+00 5.518178e-01 9.800040e-02 2.723675e+00 3.838680e+00 3.199553e+00 -8.518985e-02 -6.684224e-01 -1.512926e-01 -8.574118e-02 -2.309916e-01 -3.061106e-01 1.799265e+00 1.909955e-01 -2.978935e-01 1.031703e-01 -1.123710e+00 1.751091e-01 4.421851e-01 -1.103869e+00 -1.178006e+00 4.983723e-07 3.843755e-02 -4.093036e-02 -4.862141e-01 -3.520830e-01 3.087222e-01 7.323687e-01 4.562977e-01 -9.411935e-01 -4.037706e-01 3.305314e-02 5.645906e-01 4.254695e-01 -2.782284e-07 
-4.871130e+00 5.835744e+00 2.169527e+00 6.101145e+00 -1.507725e+00 2.438216e+00 4.524578e+00 3.590105e-01 6.779955e+00 3.237683e+00 -6.018570e+00 -1.196050e+00 -1.512926e-01 8.943339e-02 -3.200524e-01 -7.810218e-01 6.308286e-01 1.294511e-01 7.578400e-01 1.060813e+00 -1.285172e+00 -7.923665e-01 1.214552e+00 5.921151e-01 -1.000863e+00 4.983723e-07 1.098800e-03 8.061203e-02 -1.909630e-01 -8.318504e-01 3.381998e-01 7.568941e-01 1.465361e-01 -6.367605e-01 -5.868042e-01 -3.313269e-04 1.011864e+00 7.785186e-01 -2.782284e-07 
-5.128095e+00 6.766440e+00 -2.627924e-01 6.431357e+00 2.348284e+00 2.483144e+00 3.497090e+00 -8.240781e-01 3.670838e+00 3.158462e+00 -4.623932e+00 -2.386932e+00 -1.512926e-01 -6.525467e-02 -2.282928e-01 -8.641060e-01 -7.803085e-01 5.135607e-01 1.622723e+00 5.281647e-01 -2.132070e+00 -1.312756e+00 7.480521e-01 1.389765e+00 7.586803e-01 4.983723e-07 -2.991861e-02 7.492822e-02 1.641942e-01 -8.048087e-01 -1.800235e-02 3.612569e-01 -2.139435e-01 -2.726186e-01 -2.684185e-01 -1.838258e-01 8.481891e-01 9.538890e-01 -2.782284e-07 
-5.102447e+00 6.283066e+00 2.092911e+00 3.265094e+00 -1.084687e+00 5.219314e+00 4.184764e+00 -5.888220e-01 8.202049e-01 8.024286e+00 1.823531e-01 -3.808143e+00 -1.512926e-01 -1.596708e-01 8.101483e-02 -8.448540e-02 -1.439917e+00 3.957815e-01 1.446588e+00 -3.819440e-01 -2.228230e+00 -1.646643e+00 4.006329e-01 2.795080e+00 1.807169e+00 4.983723e-07 -4.465055e-02 6.980263e-02 2.925642e-01 -4.049472e-01 -8.684090e-02 3.532903e-02 -3.385210e-01 -1.343153e-01 6.780630e-02 -3.387394e-01 3.532679e-01 7.805383e-01 -2.782284e-07 
-5.489105e+00 6.416072e+00 1.077496e+00 1.411596e+00 1.096953e+00 7.275011e+00 2.908804e+00 -7.462688e+00 2.548409e-01 4.546688e+00 3.763190e+00 4.430623e+00 -1.512926e-01 -1.109782e-01 -5.685939e-02 1.663806e-01 -1.189368e+00 -3.213310e-02 1.163991e+00 -2.452078e-01 -2.015219e+00 -7.398343e-01 -7.011552e-02 2.035498e+00 2.187452e+00 4.983723e-07 -4.258266e-03 2.052594e-02 2.312033e-01 -5.673074e-02 -1.518870e-01 -1.200336e-01 -1.410014e-01 4.468082e-02 2.052805e-01 -2.107256e-01 5.319755e-02 3.237904e-01 -2.782284e-07 
