-3.836840e+00 5.356217e+00 -2.808678e+00 4.688959e+00 4.595710e+00 5.468923e+00 1.423753e-01 9.059983e+00 2.378181e+00 4.717371e+00 4.602303e-01 -2.879632e+00 -1.512926e-01 -1.461995e-01 -5.891461e-02 4.789191e-02 -5.226673e-01 -1.096830e+00 -1.232851e+00 -1.439023e-01 -1.139349e-02 -6.785996e-01 6.031371e-01 1.042400e+00 1.855945e-02 -9.670067e-07 3.772402e-02 3.826703e-02 -6.950181e-03 -7.988726e-02 1.365876e-01 3.624712e-01 2.353900e-01 -1.256475e-01 1.099155e-01 -1.127156e-01 -1.382936e-01 2.166107e-01 -5.291036e-07 
-4.217085e+00 5.486280e+00 -3.442734e+00 2.989718e+00 1.465950e+00 -9.389547e-01 -3.456289e+00 6.043066e+00 8.304724e-01 9.510327e+00 5.433028e+00 -1.488833e+00 -1.512926e-01 -1.539173e-01 -6.731053e-02 -4.202719e-02 -9.013339e-01 -8.892084e-01 -4.411808e-01 2.547931e-01 -6.250272e-02 -5.623797e-01 1.254324e-01 7.399891e-01 4.116899e-01 -9.670067e-07 1.026692e-01 1.897193e-01 5.994077e-02 1.324449e-01 2.747891e-01 6.330075e-01 3.631300e-01 -3.686653e-03 2.362133e-01 -2.910138e-01 -4.310464e-01 -2.234091e-03 -5.291036e-07 
-4.378072e+00 4.996251e+00 -2.252591e+00 2.924819e+00 6.764513e-01 2.508240e+00 1.222397e+00 1.051096e+01 -2.407383e-01 5.336495e+00 3.186074e+00 -3.481911e+00 -1.512926e-01 4.639584e-02 1.367387e-01 5.802217e-02 -7.328095e-01 -5.176520e-01 1.836671e-01 8.337325e-01 -6.139536e-01 -1.872706e-01 2.785789e-01 5.021370e-01 9.051176e-01 -9.670067e-07 1.091786e-01 3.188135e-01 1.045200e-01 2.839842e-01 2.334612e-01 3.919297e-01 2.760099e-01 2.543321e-02 2.034051e-01 -1.211996e-01 -5.121996e-01 -1.562486e-01 -5.291036e-07 
-4.336591e+00 5.199326e+00 -3.297092e+00 1.064258e+00 2.109149e+00 4.742849e+00 8.764882e-01 8.021497e+00 8.758531e-01 5.034526e+00 2.797633e+00 -5.198773e-01 -1.512926e-01 2.709149e-01 7.918092e-01 3.426093e-01 2.447190e-01 -1.235670e-02 1.223896e+00 1.182996e+00 2.712934e-01 2.568755e-01 -6.897310e-01 -8.427255e-01 -4.358819e-01 -9.670067e-07 5.153791e-02 2.790659e-01 1.755558e-01 4.725645e-01 2.656542e-01 7.491889e-02 -5.976003e-02 6.613249e-02 1.643156e-01 1.419384e-01 -3.270541e-01 -1.644804e-01 -5.291036e-07 
-3.544989e+00 6.183121e+00 -2.591441e+00 1.987307e+00 1.685654e+00 3.546209e+00 2.145023e+00 5.000158e+00 1.419582e+00 8.348009e+00 4.288721e+00 1.161277e+00 -1.512926e-01 1.872465e-01 1.105571e+00 3.781175e-01 3.242790e-01 -3.677445e-01 -1.058099e-01 7.719963e-01 -5.122344e-02 -7.116278e-02 4.046470e-01 -7.272654e-01 -3.388517e-01 -9.670067e-07 -1.371856e-01 -5.990283e-02 1.179688e-01 2.847857e-01 3.596548e-01 3.461125e-03 -6.493363e-01 9.258018e-02 1.551180e-01 7.788210e-02 -1.392734e-01 -7.964656e-02 -5.291036e-07 
-3.279311e+00 8.851967e+00 -1.560179e+00 4.681913e+00 8.992357e-01 4.661570e+00 1.997294e+00 1.015469e+01 1.284560e+00 4.556165e+00 6.681495e-01 -5.989747e+00 -1.512926e-01 3.341583e-02 8.436942e-01 6.757591e-01 9.329777e-01 3.642323e-01 7.807044e-02 -1.319846e-02 -1.315588e-02 2.011752e-01 7.719942e-01 -2.805297e-01 2.113131e-01 -9.670067e-07 -2.424793e-01 -5.364892e-01 -3.962401e-02 -1.258300e-01 3.935421e-01 -8.530781e-02 -9.949219e-01 -2.417843e-01 9.987678e-02 2.955029e-01 2.946359e-01 3.785585e-01 -5.291036e-07 
-3.970172e+00 8.697792e+00 -1.230156e+00 2.737539e+00 -5.575889e-01 2.020172e+00 4.521676e+00 9.188846e+00 -8.009948e-01 7.599219e+00 6.141055e-01 -2.441196e+00 -1.512926e-01 -5.206903e-01 -1.886269e-01 4.812999e-01 3.469795e-01 1.092247e+00 7.738914e-01 -1.814775e+00 -8.749912e-03 6.162943e-01 -6.296717e-02 -4.752394e-01 1.833258e-01 -9.670067e-07 -1.546766e-01 -6.802319e-01 -1.930719e-01 -3.043274e-01 2.647702e-01 1.769663e-01 -6.773812e-01 -1.439416e-01 -9.764473e-03 -9.862053e-02 1.537834e-01 3.336038e-01 -5.291036e-07 
-3.957333e+00 8.160560e+00 -5.990416e-01 5.353896e+00 5.052058e+00 5.896322e+00 -3.781501e-01 5.861141e+00 2.991942e+00 9.269103e+00 3.232236e+00 2.338043e+00 -1.512926e-01 -5.875198e-01 -1.243589e+00 9.300812e-02 -3.957605e-01 1.225237e+00 3.574954e-01 -2.498191e+00 -9.586766e-01 4.125452e-01 1.021576e+00 5.045166e-01 1.195773e+00 -9.670067e-07 1.635721e-02 -4.509547e-01 -2.361079e-01 -5.432802e-01 -4.443961e-01 3.818183e-02 1.428418e-01 -1.327908e-02 -1.816573e-01 -5.194528e-01 5.948765e-02 4.527968e-02 -5.291036e-07 
-5.809671e+00 5.585441e+00 -6.657329e-01 3.386158e+00 5.070538e+00 6.798177e+00 -5.741404e+00 7.103661e+00 3.647442e+00 5.676429e+00 6.306190e-01 -2.086134e+00 -1.512926e-01 -2.756488e-01 -1.251984e+00 -2.959103e-01 -5.329366e-01 5.254899e-01 6.393573e-01 -1.372584e+00 -2.983101e-01 -2.257117e-01 -2.133036e-01 -3.509853e-01 8.368370e-01 -9.670067e-07 2.171555e-01 7.009086e-02 -1.301054e-01 -3.321293e-01 -8.560905e-01 -1.392577e-01 8.855342e-01 1.684289e-01 -1.303979e-01 -2.873778e-01 1.913193e-01 -9.943685e-02 -5.291036e-07 
-5.296587e+00 4.190062e+00 -1.377269e+00 2.378555e+00 4.211227e+00 4.059555e+00 -5.361659e+00 6.403757e+00 1.123206e+00 1.062534e+01 3.182696e+00 -1.884580e-01 -1.512926e-01 -7.278260e-03 -8.793565e-01 -1.162810e-01 -1.343454e+00 -1.574393e+00 3.362746e-01 4.799362e-01 6.509411e-02 -2.861192e-01 -1.750005e+00 -4.526414e-02 1.107981e-01 -9.670067e-07 2.649575e-01 4.883836e-01 -2.542567e-02 1.288413e-02 -6.453628e-01 -2.914486e-02 1.052311e+00 3.309519e-01 -1.849662e-01 -4.776156e-02 -2.632794e-02 -3.686531e-01 -5.291036e-07 
-4.678318e+00 4.423021e+00 -2.320263e+00 1.560457e+00 2.490552e+00 6.135494e+00 1.508342e-01 7.425819e+00 -9.951237e-01 5.853990e+00 -1.116428e+00 3.006274e+00 -1.512926e-01 2.751247e-01 -2.042544e-02 -6.458530e-02 -8.399344e-01 -1.788332e+00 8.832550e-02 1.123742e+00 3.213452e-01 3.135846e-01 -1.140586e-01 7.562321e-01 2.286283e-01 -9.670067e-07 1.738753e-01 5.384964e-01 8.529495e-02 1.885127e-01 -1.075854e-01 7.457463e-02 5.262428e-01 1.559587e-01 -9.164490e-02 6.314055e-01 1.915896e-01 -2.054685e-01 -5.291036e-07 
-4.559306e+00 4.344915e+00 -3.528727e-01 -4.506697e-01 -1.529832e+00 7.909259e+00 -9.246564e-01 6.025379e+00 3.882470e+00 4.302269e-01 3.879263e+00 3.457948e-01 -1.512926e-01 4.619316e-01 5.825715e-01 -1.497004e-01 -1.778353e-01 -8.445573e-01 4.872575e-01 1.515314e+00 3.862011e-01 -7.818190e-01 7.330370e-01 -1.806919e-01 -3.434255e-01 -9.670067e-07 1.416760e-01 1.942166e-01 -1.810602e-02 4.212217e-01 5.638628e-01 3.412749e-01 4.147303e-02 -1.899852e-01 -2.201860e-01 6.752619e-01 -1.920804e-01 1.049918e-01 8.217471e-04 
-4.802268e+00 5.405797e+00 -1.500844e+00 6.014356e-01 -1.000591e+00 5.314919e+00 -2.341223e+00 8.899535e+00 3.835969e+00 1.020363e+01 4.063538e+00 -1.210092e+00 -1.512926e-01 3.593194e-01 7.095481e-01 1.474191e-01 -1.732952e-01 -3.773814e-01 9.366525e-01 7.409123e-01 3.208165e-01 -4.360732e-01 1.702113e+00 6.746030e-01 3.663692e-02 -9.670067e-07 2.344564e-03 -6.485365e-01 1.324758e-01 4.786817e-01 3.150003e-02 1.370326e-01 5.712390e-02 -7.684085e-01 -6.539830e-02 -5.311687e-01 -4.553383e-01 6.143786e-01 4.820266e-03 
-2.924745e+00 6.611685e+00 -2.535538e+00 1.969135e+00 1.733907e+00 6.905901e+00 3.460686e+00 7.598269e+00 -5.201530e+00 1.211591e+01 -3.102718e-01 2.022766e-01 -1.512926e-01 6.590874e-01 -2.732465e-01 -3.129333e-01 4.292419e-01 5.393028e-01 1.618360e+00 8.787395e-01 -8.846564e-01 -1.012130e+00 7.182205e-01 -9.649105e-01 7.317482e-01 4.107753e-03 -1.414590e-01 -1.307371e+00 4.361086e-01 4.985101e-01 -6.350124e-01 -4.594652e-01 -1.178401e-01 -9.624496e-01 3.959362e-01 -1.121680e+00 -2.605301e-01 9.184838e-01 9.248734e-03 
-3.699556e+00 6.837513e+00 -4.921396e-01 -5.159395e-01 -1.028311e+00 1.132029e+01 1.662563e+00 8.243849e+00 1.366638e+00 8.522065e+00 4.351397e+00 3.261372e+00 -1.512926e-01 1.882989e-01 -2.835229e+00 6.794143e-01 1.250028e+00 -2.322859e+00 2.078325e-01 1.727613e+00 -2.885142e+00 1.017662e-01 -2.762382e+00 -1.128272e+00 2.762958e+00 2.204812e-02 -1.883169e-01 -1.155619e+00 2.879520e-01 2.110411e-01 -1.581586e-01 -7.556731e-01 -2.104335e-01 -4.982447e-01 3.053069e-01 -6.454555e-01 -9.937254e-02 2.818249e-01 9.912467e-03 
-1.815613e+00 2.262883e+00 -2.422261e+00 2.254320e+00 1.181053e+00 1.299838e+01 1.467102e+00 1.930179e+00 5.619773e-02 4.861639e+00 -1.089406e+00 1.768948e+00 -1.307557e-01 -1.598811e-01 -4.181878e+00 1.764814e+00 1.603184e+00 -3.046805e+00 -1.445669e+00 4.326626e-01 -2.822930e+00 9.288666e-01 -2.643083e+00 -5.818021e-01 2.885907e+00 3.521663e-02 -3.102568e-01 -1.452661e-01 -2.066349e-02 -5.260674e-01 6.795586e-01 -4.772190e-01 -5.979961e-01 7.204729e-01 2.539354e-01 4.927441e-01 3.469361e-01 -6.071603e-01 3.296637e-03 
-4.415109e+00 -6.595687e+00 1.839600e+00 6.708615e+00 -1.233795e+01 3.307815e+00 7.293783e+00 -2.691843e+00 1.715678e+00 1.903492e-02 -1.188487e+00 1.182145e+01 -5.131385e-02 -1.726857e-01 -3.114275e+00 5.483476e-01 2.949844e-01 6.249642e-01 -1.309612e+00 -8.821019e-02 -1.201181e+00 1.200341e-01 1.555763e-01 -1.381262e-02 3.686742e-01 3.400687e-02 -3.760467e-01 1.144905e+00 -3.502238e-01 -1.138848e+00 1.557793e+00 3.255374e-01 -7.809664e-01 1.924459e+00 -7.218428e-02 1.291630e+00 3.465644e-01 -1.414084e+00 -5.219027e-03 
-3.366718e+00 -7.580841e+00 5.122670e+00 6.372624e+00 -7.844791e+00 3.683879e+00 2.808746e+00 -1.048836e+00 -7.318032e-01 3.152038e+00 -4.495101e-01 1.035225e+01 -2.519043e-02 -7.115316e-01 -8.599233e-01 -3.506346e-01 -1.723526e+00 2.463258e+00 -9.046800e-03 -1.203349e+00 1.875947e+00 2.483580e-01 1.722933e+00 2.124520e-01 -1.106926e+00 1.461478e-02 -6.604239e-01 1.499550e+00 -1.880011e-01 -8.236194e-01 1.023221e+00 4.338306e-01 -1.939685e-01 1.862177e+00 -1.989307e-01 6.700547e-01 6.043364e-02 -1.076881e+00 -5.399068e-03 
-3.787457e+00 -3.811720e+00 -1.522420e+00 -1.100401e+00 6.609495e+00 9.429462e+00 5.505179e-01 3.727317e+00 2.360533e+00 1.015398e+01 3.962205e+00 8.132660e-01 -3.404464e-02 -1.416136e+00 1.228491e+00 -1.393400e-02 -2.780830e+00 2.711034e+00 1.117284e+00 -1.359308e+00 4.387701e+00 8.125681e-02 1.512820e+00 2.073825e-01 -2.311147e+00 6.258446e-03 -7.655685e-01 9.258648e-01 5.785331e-01 1.594452e-01 -4.032893e-01 -2.323544e-01 1.390874e-01 6.886123e-01 -2.569200e-01 -2.725196e-01 -2.094800e-01 8.682223e-02 2.702771e-03 
-5.687202e+00 -3.428662e+00 -2.493856e+00 -2.458830e+00 4.023349e+00 9.892251e+00 -1.177820e+00 8.099825e+00 9.752986e-01 8.408753e+00 -2.602638e+00 1.738668e+00 -6.631681e-02 -2.840253e+00 1.144532e+00 1.106034e+00 -9.770024e-01 1.026288e+00 -4.898162e-01 9.850965e-02 3.693321e+00 -4.628252e-02 2.861418e-02 -3.902996e-01 -1.158545e+00 2.209740e-02 -4.035751e-01 1.279991e-01 7.361699e-01 9.336792e-01 -8.106741e-01 -6.924284e-01 3.488362e-01 -5.360662e-01 -6.085562e-02 -5.128092e-01 -6.342459e-02 4.929924e-01 1.096181e-02 
-1.033558e+01 -2.529425e+00 5.578229e+00 -2.779616e+00 -4.717085e+00 5.790153e+00 2.490328e+00 1.467248e+01 1.268313e+00 4.954507e+00 9.248585e-01 4.572946e+00 5.464910e-04 -2.936200e+00 5.127627e-01 2.712672e+00 7.189440e-01 -6.729133e-01 -2.231044e+00 -4.363488e-02 1.333132e+00 -1.017397e+00 -3.598082e-01 -7.599584e-01 8.285606e-01 4.377908e-02 2.761378e-01 -3.344529e-01 5.958802e-02 9.919831e-01 -4.055362e-01 -5.874794e-01 7.833852e-02 -1.232408e+00 1.922446e-01 -2.101691e-01 1.382420e-01 4.050877e-01 7.735854e-03 
-1.429408e+01 -2.499541e+00 7.102809e+00 2.327378e+00 2.949980e+00 3.054642e+00 2.331119e+00 1.194551e+01 -4.166588e-01 5.895459e+00 -8.822373e-01 2.679418e+00 6.800710e-02 -1.969540e+00 1.380594e-01 1.966793e+00 1.195007e+00 1.017871e-01 -1.796981e+00 -1.170276e-01 7.228170e-01 4.932379e-01 9.528847e-02 3.789175e-01 -2.117649e-01 5.066578e-02 8.082707e-01 -1.814587e-01 -7.306688e-01 2.795122e-01 -7.789715e-02 7.142714e-02 -2.303364e-01 -1.080094e+00 3.145605e-01 1.066558e-01 4.848154e-01 -8.374110e-02 -3.346064e-03 
-1.416519e+01 -1.712709e+00 7.242567e+00 1.011571e-01 3.782085e+00 1.693109e+00 -1.422222e+00 8.470623e+00 -2.030198e+00 9.611958e+00 -6.972117e-01 4.485839e+00 1.176890e-01 -4.708751e-01 5.947731e-02 -1.463584e-01 1.093071e+00 1.145571e+00 -1.166549e+00 -8.598056e-01 -2.891457e-01 7.726365e-01 4.286599e-01 5.139313e-01 -7.590983e-01 3.065089e-02 7.519716e-01 1.823523e-01 -1.106837e+00 -2.303548e-03 -1.829963e-02 4.091426e-01 -4.700411e-02 -7.889637e-01 2.164162e-01 -1.059366e-02 5.090397e-01 -2.691472e-01 -9.812756e-03 
-1.362001e+01 -3.147141e+00 6.507983e+00 2.075570e+00 2.832422e-01 2.955862e+00 1.937329e-01 1.481524e+01 5.090663e+00 6.556637e+00 1.033148e-01 7.228412e-01 1.284406e-01 -3.165963e-02 4.638022e-01 -1.117923e+00 2.335849e-01 -2.723391e-01 -6.650660e-01 -6.452397e-01 -8.961118e-01 6.317605e-01 1.675828e-01 1.396850e+00 -7.833831e-01 1.193090e-02 3.105235e-01 4.494497e-01 -8.101707e-01 -3.782584e-02 -2.031330e-01 7.162387e-02 -1.401403e-01 -8.768029e-01 -6.658174e-01 -1.525768e-01 -2.145141e-01 2.071421e-01 -6.284493e-03 
-1.302693e+01 -1.908313e+00 5.143756e+00 2.811710e+00 2.344254e+00 6.457102e-03 -7.397687e-01 1.179201e+01 2.377621e+00 6.766906e+00 3.002174e+00 1.755675e+00 1.235743e-01 -1.453224e-01 1.261698e+00 -1.279068e+00 1.188089e+00 -5.772938e-01 -7.512695e-01 -1.449363e-02 -1.802155e+00 -4.479208e-03 -4.490905e-01 1.276424e+00 -2.314759e-01 1.408159e-02 -1.534840e-01 4.442243e-01 -1.297526e-01 1.561124e-01 -1.770545e-01 3.950967e-02 -5.790544e-02 -3.763524e-01 -8.875675e-01 -1.321973e-01 -6.649445e-01 4.717520e-01 2.376279e-03 
-1.502099e+01 -8.301151e-02 2.562415e+00 2.140098e+00 2.306781e+00 5.723041e-01 -1.236126e+00 5.804290e+00 5.380184e-01 8.155847e+00 4.251941e+00 1.276139e-01 1.246986e-01 -5.798020e-01 1.784226e+00 -1.517599e+00 9.584888e-01 -5.240341e-02 -1.646607e+00 -1.240261e+00 -2.904528e+00 -2.447451e+00 -2.287588e-01 -1.074887e+00 5.601211e-01 2.753238e-02 -1.278439e-01 6.349480e-02 4.538786e-01 1.970347e-01 4.189944e-01 3.131934e-01 -8.319109e-02 2.022764e-01 -6.283543e-01 6.230570e-02 -7.560983e-01 5.736037e-01 5.278430e-03 
-1.419087e+01 3.063638e+00 2.819862e+00 6.009561e+00 -1.166402e-01 -8.712863e-01 -7.799485e-01 3.965461e+00 2.239946e-01 6.567151e+00 3.610169e+00 3.626389e+00 1.899457e-01 -9.641156e-01 1.620364e+00 -5.952229e-01 1.511085e+00 1.502929e-01 -4.783427e-01 -8.518188e-01 -1.166638e+00 -2.125689e+00 -3.410052e-02 -1.574904e+00 9.279866e-01 3.473273e-02 1.416263e-01 -4.079090e-01 9.076965e-01 -1.945542e-01 5.165311e-01 6.542530e-01 1.185965e-01 6.072823e-01 -1.055534e-01 4.223136e-01 -1.565167e-02 3.028521e-01 -1.108990e-03 
-1.593704e+01 3.288108e+00 8.160073e-02 5.268970e+00 1.251379e+00 -4.838049e+00 -5.987619e+00 4.206132e+00 -6.069928e+00 5.512887e+00 -5.575432e+00 2.588163e+00 2.328991e-01 -2.614409e-01 6.019105e-01 8.094367e-01 1.057182e+00 1.458771e+00 7.645502e-01 -6.426494e-01 -2.022600e-01 -1.449551e+00 2.716815e-01 -9.579787e-01 1.505050e+00 2.799389e-02 4.517432e-01 -5.115185e-01 1.079752e+00 -3.392590e-01 1.791310e-01 7.110553e-01 3.853398e-01 5.752162e-01 5.724839e-01 6.202731e-01 1.068699e+00 4.954483e-02 -7.521938e-03 
-1.738987e+01 4.508258e+00 3.408314e+00 8.802813e+00 3.623467e+00 3.202980e-01 -2.623085e+00 6.758131e+00 -4.946894e+00 7.918127e+00 4.138941e-02 5.165269e+00 2.431236e-01 4.036970e-01 -1.867402e-01 2.095980e+00 1.659157e-01 1.249757e+00 1.314364e+00 2.796171e-01 -1.167842e-01 -1.031294e+00 1.412425e+00 1.139754e+00 8.103742e-01 8.306085e-03 4.941289e-01 -3.988715e-01 4.382693e-01 -7.124962e-01 -3.202653e-01 -8.648812e-02 8.132394e-02 1.219741e-01 6.678241e-01 3.625218e-01 8.233139e-01 -3.442991e-01 -7.587773e-03 
-1.472865e+01 2.204134e+00 6.315755e+00 6.029216e+00 7.730603e+00 3.799382e+00 -3.527585e+00 3.396315e+00 -4.124157e+00 8.838636e+00 1.246495e+00 6.882925e+00 2.380992e-01 9.949891e-01 1.303238e-01 2.535549e+00 -6.530554e-02 2.936687e-01 1.012398e+00 1.206354e-01 -5.531513e-01 -1.322427e-01 2.149419e+00 2.911282e+00 8.666757e-01 3.135460e-03 3.810836e-01 -1.175112e-01 -6.059703e-01 -8.996421e-01 -8.264759e-01 -5.506439e-01 -1.792675e-01 6.126777e-02 7.008006e-01 -3.441172e-01 1.649665e-01 -7.157936e-01 -2.229542e-03 
-1.277705e+01 2.671751e+00 1.018286e+01 6.459404e+00 2.892488e+00 1.381601e+00 -6.113744e-01 3.787327e+00 -5.905212e+00 1.196580e+01 5.898031e+00 5.530702e+00 2.288761e-01 8.783444e-01 -1.380627e-01 7.329898e-01 -1.490143e+00 -8.685426e-01 -1.034756e+00 -8.267789e-01 -3.813186e-01 5.547662e-01 8.395625e-01 6.070444e-01 -4.744326e-01 9.220129e-03 3.357164e-01 -1.123715e-01 -1.294810e+00 -8.597745e-01 -4.715428e-01 -3.662701e-01 -2.004821e-01 9.114132e-02 6.742175e-01 -8.614603e-01 -6.178473e-01 -5.677930e-01 4.767866e-03 
-1.326841e+01 4.858037e+00 9.372272e+00 6.114141e+00 3.084986e+00 -3.066060e-01 -6.389719e+00 2.926343e+00 -6.251731e+00 1.423670e+01 6.052657e+00 6.738992e+00 2.557022e-01 1.406491e+00 -1.004846e-02 -1.538903e+00 -2.612955e+00 -1.614546e+00 -8.142213e-01 -9.858685e-01 2.362219e-01 1.261500e+00 -1.162454e+00 1.332025e-01 -1.431558e+00 1.638911e-02 4.184507e-01 -4.417459e-01 -1.322987e+00 -4.416493e-01 2.630643e-02 1.290163e-01 5.693958e-01 1.863804e-01 2.418776e-01 -7.121153e-01 -8.058983e-01 -5.026215e-01 5.079579e-03 
-1.372816e+01 2.491088e+00 5.544884e+00 1.309391e+00 1.603521e+00 -2.800222e+00 -5.326011e+00 5.086698e+00 -1.109416e+00 9.416875e+00 6.734038e-01 2.864830e+00 2.804377e-01 1.876402e+00 -6.784204e-01 -2.340760e+00 -2.858985e+00 -1.539122e-01 3.964850e-01 -1.694819e-01 -5.580565e-02 1.642885e+00 -1.238836e+00 -5.603861e-01 -8.794332e-01 2.552059e-02 6.420071e-01 -2.726899e-01 -3.996975e-01 6.541838e-01 3.543138e-01 4.270931e-01 7.278947e-01 -1.482582e-01 -5.326776e-01 -1.637990e-01 -3.362776e-01 -1.047683e-01 1.454516e-02 
-7.220530e+00 2.244205e+00 9.402497e-01 -4.460685e+00 3.022353e-01 1.819112e+00 -6.099699e+00 3.927560e+00 -2.141261e-01 4.300922e+00 4.524413e+00 1.057994e+00 2.942461e-01 2.588198e+00 -1.808285e+00 -2.542530e+00 -1.589052e+00 6.795087e-02 9.419323e-01 2.638871e+00 2.159545e-01 5.332481e-01 -3.718147e-01 -5.345214e-01 -1.443864e+00 2.038581e-02 9.397014e-01 7.193261e-02 5.641323e-02 9.565029e-01 3.079029e-01 -2.278791e-01 1.914228e-01 -7.588161e-01 -1.013248e+00 -8.034999e-03 -5.469312e-01 8.259974e-02 3.157917e-02 
-6.419051e+00 5.866619e-01 2.694816e+00 -2.548576e+00 3.514641e+00 2.301346e+00 -1.604088e+00 3.007199e+00 -7.096730e-01 1.073923e+01 3.860122e+00 3.973985e+00 3.371995e-01 3.497500e+00 -6.023855e-01 -7.636776e-01 1.268729e+00 6.174042e-02 2.226566e-01 1.000377e+00 -1.112709e+00 -1.744416e+00 -3.747525e-01 -7.405081e-01 -9.921451e-01 7.994656e-02 1.118686e+00 3.642578e-01 -2.016262e-01 1.094102e-01 -3.594314e-02 -9.084246e-01 -6.658466e-01 -1.466943e+00 -7.886380e-01 -7.518419e-01 -8.593810e-01 4.877710e-02 4.240178e-02 
-3.982518e+00 -3.231359e+00 -1.915212e+00 9.781946e-02 2.468992e+00 1.852168e+00 4.943716e+00 5.045639e+00 -3.785482e+00 1.171581e+01 1.786560e+00 -1.034635e+00 3.292413e-01 5.294530e+00 3.114493e-01 -2.045312e+00 1.057052e-01 -1.829300e-01 -1.866736e+00 -6.135082e-01 -3.029482e+00 -2.111120e+00 -1.634667e+00 -2.511415e+00 -9.620886e-01 1.470661e-01 7.363192e-01 3.791632e-01 -2.585519e-01 -9.755805e-01 2.319879e-01 -8.057870e-01 -1.020434e+00 -1.665095e+00 1.276937e-01 -1.015788e+00 -8.114392e-01 5.042524e-01 3.736601e-02 
2.140420e+00 2.217038e+00 3.154299e+00 5.373921e+00 8.289098e-01 -1.703918e+00 -5.845932e+00 -1.035571e+00 -8.046233e+00 3.835995e+00 -1.660246e+00 -1.049152e+00 6.626794e-01 6.116656e+00 8.306137e-02 -3.597539e+00 -3.159389e+00 -2.082001e-01 -2.741360e+00 -1.872518e+00 -5.767879e+00 -9.781713e-01 -4.366780e+00 -3.868796e+00 -8.763840e-01 1.741872e-01 -3.037474e-01 -3.075975e-01 -3.188728e-01 -1.375143e+00 5.626473e-01 -1.795848e-01 3.378330e-02 -8.802972e-01 9.149235e-01 -3.911606e-01 -2.362383e-01 6.797633e-01 1.298721e-03 
1.497247e+01 2.986551e+00 -9.516046e+00 -7.893285e+00 7.308641e-01 -5.512010e+00 -7.046494e+00 -9.198808e+00 -7.101921e+00 -4.207770e-01 -5.272561e+00 -1.240787e+00 8.668355e-01 4.960207e+00 -2.552283e-01 -2.418356e+00 -4.252798e+00 1.362830e+00 -1.605079e+00 -1.026882e+00 -5.781978e+00 7.885509e-01 -3.454670e+00 -3.027571e+00 1.019463e+00 1.601002e-01 -1.652738e+00 -6.736358e-01 6.089140e-01 -1.473459e-01 5.677673e-01 4.457813e-01 6.294209e-01 2.011801e-01 7.600237e-01 4.313812e-01 5.530624e-01 5.841387e-01 -3.238235e-02 
1.468704e+01 -2.106974e+00 -1.149226e+01 -1.435018e+01 3.342676e+00 -7.723674e+00 -4.971642e+00 -1.870942e+01 -3.942634e+00 -5.026244e+00 -1.195412e+01 -3.050147e-01 9.393381e-01 2.146000e+00 -1.856963e+00 -2.171470e+00 -3.427688e+00 2.102195e+00 -8.060985e-01 1.375976e+00 -4.137847e+00 1.380185e+00 -1.420466e+00 -1.663672e+00 1.415860e+00 7.991968e-02 -1.974284e+00 -3.835807e-01 1.195764e+00 1.192292e+00 3.581077e-01 6.059096e-01 7.888697e-01 1.368989e+00 3.099618e-01 1.092413e+00 1.120628e+00 3.541618e-01 -4.564895e-02 
1.454580e+01 -2.345706e+00 -6.683631e+00 -1.130438e+01 8.026793e+00 -3.163453e+00 -6.279902e-01 -1.502734e+01 -1.894336e+00 -1.126929e+00 -8.204447e+00 3.691097e+00 9.914093e-01 -9.839364e-01 -2.086766e+00 2.863185e-01 -4.969401e-01 1.500745e+00 -6.053633e-01 9.092839e-01 -2.838791e+00 5.098248e-01 -9.508081e-01 -8.487262e-01 8.125522e-01 3.228631e-02 -1.407467e+00 -3.424675e-02 8.849438e-01 1.389605e+00 -1.511969e-01 2.023429e-01 2.240816e-01 1.424146e+00 -1.228818e-02 5.974247e-01 7.864875e-01 -2.380969e-01 -3.980837e-02 
1.308408e+01 -4.401590e+00 -9.119331e+00 -1.005943e+01 7.692103e+00 -6.908543e+00 -2.175367e+00 -1.881112e+01 -3.748785e+00 -2.913628e+00 -8.512948e+00 3.564170e+00 9.999999e-01 -7.827462e-01 -9.191664e-01 1.028960e+00 9.240056e-01 1.513380e+00 -2.117112e-01 1.103775e+00 -3.943602e-01 7.108842e-01 -1.565922e-01 6.449103e-01 9.979007e-01 9.847415e-03 -4.210163e-01 4.271345e-01 4.908737e-01 9.460825e-01 -2.286222e-01 -6.907859e-02 -2.420067e-01 1.202150e+00 1.297127e-01 2.459914e-02 4.024459e-01 -4.043097e-01 -2.089602e-02 
1.085446e+01 -6.299903e+00 -9.270857e+00 -1.252299e+01 6.059721e+00 -8.946370e+00 -3.897965e+00 -2.334155e+01 -4.649677e+00 -6.231200e+00 -1.123654e+01 8.870991e-01 9.979445e-01 -6.127782e-01 -8.953937e-01 4.062107e-01 5.193955e-01 9.013294e-01 -8.905758e-01 2.296453e-01 -5.328839e-01 1.061785e+00 -1.099484e+00 -2.494920e-01 3.794372e-02 -3.903579e-03 3.027718e-01 5.264180e-01 -1.835476e-01 4.684301e-01 -4.927708e-02 -1.075369e-01 -5.347254e-02 1.012699e+00 4.884163e-01 1.607027e-02 1.701019e-01 -2.261971e-01 -9.307567e-03 
1.261939e+01 -4.725560e+00 -5.053620e+00 -9.120803e+00 1.189318e+01 -5.890797e+00 2.182182e+00 -1.652443e+01 9.895852e-01 -3.257067e+00 -7.213640e+00 6.086524e+00 9.853132e-01 -1.446208e-01 -3.170184e-01 2.229261e-01 7.946125e-01 1.258859e+00 -1.009067e+00 5.058395e-01 7.198210e-01 1.752829e+00 -1.223253e+00 4.888348e-02 -2.185167e-01 -6.462007e-03 2.126834e-01 2.558084e-01 -5.446352e-01 2.678683e-01 -3.120513e-01 -2.149941e-01 -2.099812e-01 3.776807e-01 2.620673e-01 -5.615576e-02 -2.580300e-01 -2.882124e-01 -2.893275e-03 
1.171421e+01 -6.660889e+00 -6.685593e+00 -9.176802e+00 1.043276e+01 -8.125017e+00 -1.658467e+00 -1.883450e+01 1.045051e+00 -6.452567e+00 -1.010162e+01 2.619688e+00 9.792348e-01 2.109262e-01 2.442819e-01 -2.284448e-01 1.909858e+00 1.381569e+00 -7.443650e-01 9.410155e-01 1.667633e+00 2.430760e+00 -3.370726e-01 2.997714e-01 2.898303e-01 -6.094597e-03 1.395393e-01 2.009412e-01 -2.971784e-01 3.324160e-01 -3.064894e-01 1.096888e-01 2.297244e-02 3.655532e-01 8.591225e-02 3.330299e-01 -2.646308e-02 2.851764e-02 1.144208e-03 
1.193100e+01 -5.806478e+00 -9.297338e+00 -7.759408e+00 1.179924e+01 -1.236440e+01 -7.657496e-01 -1.746627e+01 2.168085e+00 -8.918550e+00 -8.835711e+00 1.605520e+00 9.770387e-01 -1.311146e-01 -2.099469e-01 -1.376924e+00 1.568052e+00 -2.870086e-01 -1.359872e+00 -3.018048e-01 3.937793e-01 1.336813e+00 -8.184814e-01 -9.199058e-01 -5.690671e-01 -3.522727e-03 9.301199e-03 -2.024084e-02 -7.154823e-02 8.169274e-02 -4.538257e-01 2.868332e-01 -5.197982e-02 -1.033283e-02 -1.915839e-01 3.304263e-01 -4.686962e-02 7.300315e-02 2.761889e-03 
1.225297e+01 -4.537766e+00 -8.291085e+00 -3.654454e+00 1.301429e+01 -9.431327e+00 2.280970e+00 -1.453211e+01 6.914859e+00 -5.085820e+00 -8.926535e+00 4.576679e+00 9.716103e-01 7.796884e-02 5.579820e-02 -2.796183e-01 1.794841e+00 1.418338e-01 -1.666295e-01 7.483594e-01 1.458085e+00 1.699258e+00 3.632629e-01 1.025787e-01 3.559329e-01 3.440400e-04 -7.015350e-02 -1.821012e-01 6.346831e-02 -3.636859e-01 -4.531995e-01 1.802121e-01 -2.049603e-01 -2.979000e-01 -4.941489e-01 -7.895926e-02 9.113224e-03 -9.760284e-02 3.289919e-03 
1.169446e+01 -6.836797e+00 -1.113576e+01 -4.041994e+00 9.166895e+00 -1.203695e+01 -1.296244e+00 -1.670699e+01 4.738542e+00 -8.033086e+00 -1.240036e+01 2.262136e+00 9.715049e-01 -3.165963e-02 -3.239993e-01 -1.092838e-01 1.260622e+00 -3.905519e-01 1.361486e-01 3.422168e-01 7.728688e-01 1.160746e+00 7.881149e-02 -8.685462e-02 1.134117e-01 4.125675e-03 -3.387963e-02 -1.020062e-01 2.625097e-01 -4.230444e-01 -1.537385e-01 2.915545e-01 -5.998619e-02 -1.418176e-01 -4.023419e-01 -8.676990e-02 2.596339e-01 1.717234e-02 2.169366e-03 
1.222235e+01 -5.866925e+00 -7.164691e+00 -2.061277e+00 1.245784e+01 -9.122152e+00 2.348339e+00 -1.192389e+01 8.256113e+00 -5.079395e+00 -7.806623e+00 4.070632e+00 9.837146e-01 -1.895246e-01 -6.090833e-01 -5.449893e-01 2.451514e-01 -8.327789e-01 -5.914530e-01 -4.058498e-01 -1.156973e-02 4.797106e-02 -1.180592e+00 -7.112887e-02 -5.394462e-01 6.536243e-03 -1.194462e-01 -1.260347e-01 2.453310e-02 -4.916421e-01 -2.544060e-01 8.298432e-02 -2.957896e-01 -3.656636e-01 -4.683509e-01 -3.015178e-01 -1.963838e-02 -1.136398e-01 -3.418006e-04 
1.178779e+01 -6.762087e+00 -1.040706e+01 -2.253007e+00 1.012476e+01 -1.183822e+01 9.118344e-01 -1.490606e+01 7.301156e+00 -8.527801e+00 -9.830270e+00 2.425979e+00 9.916025e-01 -1.667219e-01 -3.874876e-01 6.815243e-02 2.276395e-01 -5.684063e-01 3.103831e-01 -2.474703e-02 4.195102e-01 1.508543e-01 -4.805117e-01 4.652022e-01 -3.556405e-02 4.228729e-03 -9.897385e-02 -1.124621e-02 1.493198e-01 -3.460935e-01 -5.034526e-02 1.214918e-01 -8.432193e-02 -1.911500e-01 -2.171575e-01 -8.403169e-02 5.908222e-02 -9.484845e-03 -2.687706e-03 
1.125841e+01 -7.620233e+00 -1.138046e+01 -3.322913e+00 8.371750e+00 -1.248768e+01 -8.521514e-01 -1.549037e+01 5.873622e+00 -1.074146e+01 -1.056737e+01 1.797569e+00 9.942201e-01 -4.515805e-01 -5.426707e-01 -2.457812e-01 -1.469194e-01 -1.041364e+00 1.611263e-01 -5.472388e-01 -1.934481e-01 -1.373980e-01 -8.647191e-01 -2.717357e-01 -1.377126e-01 -1.421320e-03 -5.847630e-02 1.517581e-03 2.446956e-01 -1.525772e-01 4.848054e-02 1.060987e-01 3.310480e-02 -1.119440e-01 -4.907829e-02 7.994699e-02 2.431677e-02 -3.742158e-02 -3.824382e-03 
1.134236e+01 -7.897339e+00 -8.686819e+00 -2.272662e+00 8.368156e+00 -8.802089e+00 1.804404e-01 -1.282593e+01 6.684313e+00 -7.604371e+00 -8.693845e+00 3.221137e+00 9.874038e-01 -3.954507e-01 -4.134300e-01 4.875660e-01 -2.737181e-01 -5.379966e-01 3.672428e-01 -8.665379e-03 -9.193458e-02 1.676653e-01 -4.994155e-01 3.088758e-01 -1.348812e-01 -5.341855e-03 -2.165582e-02 -5.780409e-02 1.143971e-01 -1.472193e-01 -1.468989e-02 -2.100761e-01 -1.042700e-01 -1.660727e-01 -2.625843e-01 -1.330951e-01 -7.035065e-02 -2.881697e-01 -3.166024e-03 
1.018681e+01 -8.012461e+00 -9.254185e+00 -2.785921e+00 8.129458e+00 -9.834614e+00 -2.196937e-02 -1.393137e+01 7.877379e+00 -9.864175e+00 -9.733066e+00 2.984705e+00 9.787077e-01 -3.677367e-01 -5.886124e-01 4.688720e-01 -2.670160e-01 -6.056691e-01 -8.946271e-02 -2.482712e-01 -3.152290e-01 -2.057627e-01 -7.714773e-01 1.287538e-01 -6.769873e-01 -7.806190e-03 1.033151e-01 9.655572e-03 2.279398e-01 3.625628e-02 9.117123e-02 -1.056189e-01 -1.719510e-02 2.166650e-01 -3.235460e-01 -2.738124e-03 1.630069e-01 -2.058950e-01 -1.901707e-03 
1.034681e+01 -8.633233e+00 -9.032535e+00 -3.890316e+00 7.556072e+00 -1.132876e+01 4.532404e-01 -1.614542e+01 7.137561e+00 -1.146338e+01 -8.702852e+00 1.157959e+00 9.726644e-01 -3.170445e-01 -6.535157e-01 2.829766e-01 -4.482960e-01 -8.597623e-01 -6.148061e-01 -6.954274e-01 -3.497718e-01 -1.128013e+00 -1.192470e+00 -8.685462e-02 -1.206679e+00 -8.411073e-03 1.161352e-01 1.432899e-01 1.144412e-01 2.310382e-01 1.033633e-01 3.793593e-02 -5.781497e-02 5.275967e-01 -2.858585e-01 -2.019904e-03 2.282470e-01 1.875045e-02 -1.250066e-03 
9.918166e+00 -1.019535e+01 -8.863355e+00 -3.849522e+00 5.749157e+00 -1.167177e+01 -2.230048e+00 -1.540699e+01 4.618367e+00 -1.266951e+01 -9.919217e+00 -5.559642e-01 9.625804e-01 2.569798e-02 -3.742805e-01 9.963766e-01 1.217037e-01 -4.244952e-01 1.239644e-01 -2.898245e-01 1.018722e+00 -1.107392e+00 -5.318586e-01 7.412306e-01 -6.312492e-01 -9.392327e-03 8.656953e-02 3.444268e-01 1.170869e-01 3.581928e-01 2.601659e-01 2.897840e-01 1.296788e-01 6.766903e-01 7.144297e-02 7.168745e-02 3.736943e-01 4.360527e-01 -9.598513e-04 
9.891500e+00 -1.007344e+01 -7.467253e+00 -3.982658e+00 5.259443e+00 -1.095736e+01 -2.192587e+00 -1.383725e+01 2.673436e+00 -1.216486e+01 -9.034998e+00 -1.042101e+00 9.534100e-01 -1.148799e-02 1.958875e-01 7.960690e-01 6.869470e-01 -1.117239e-01 4.501971e-01 -2.770886e-01 1.878767e+00 -8.107339e-01 -6.293154e-01 1.143789e+00 -6.387815e-02 -1.079924e-02 3.330159e-02 4.121863e-01 -2.320287e-03 4.203357e-01 3.302980e-01 3.664548e-01 2.207343e-01 4.857326e-01 4.691239e-01 1.669871e-02 3.362598e-01 6.572434e-01 -9.450718e-04 
1.054335e+01 -9.163674e+00 -5.054601e+00 -2.130997e+00 7.155162e+00 -9.400603e+00 -1.482489e-01 -9.991570e+00 4.572706e+00 -1.217304e+01 -5.861040e+00 9.285783e-01 9.413760e-01 -8.778941e-02 7.088877e-01 7.977399e-01 9.562187e-01 3.210804e-01 8.268929e-01 1.910061e-01 1.953844e+00 -7.281038e-03 -6.945847e-01 1.381848e+00 9.317982e-01 -1.140860e-02 -2.498507e-02 2.670302e-01 -1.795350e-01 1.602890e-01 1.605666e-01 1.746548e-01 2.573170e-02 -2.663996e-02 4.332311e-01 -9.561299e-02 2.708720e-02 4.345172e-01 -8.080258e-04 
9.976438e+00 -8.169691e+00 -6.956281e+00 -1.315124e+00 6.294312e+00 -1.021301e+01 -1.972958e+00 -9.459061e+00 3.106515e+00 -1.485864e+01 -5.013225e+00 9.650448e-02 9.292718e-01 -9.392861e-02 8.658631e-01 3.707025e-01 1.236192e+00 4.190556e-01 8.659840e-01 1.679090e-01 1.611413e+00 6.675118e-01 -1.027573e+00 1.274148e+00 1.298030e+00 -1.212998e-02 3.514013e-02 3.137116e-02 -4.172245e-03 -7.925444e-02 1.779776e-02 1.439177e-01 2.383189e-02 -2.780300e-01 2.687412e-01 1.424771e-01 -6.183667e-02 1.243556e-01 -7.180054e-04 
9.436687e+00 -7.602914e+00 -5.130119e+00 -4.020881e-01 6.837926e+00 -7.909567e+00 -1.384761e+00 -7.826792e+00 4.365691e+00 -1.479556e+01 -5.020730e+00 3.533475e+00 9.176067e-01 -5.814587e-02 6.259662e-01 3.112786e-01 6.485723e-01 1.129231e-01 7.893248e-01 -3.836161e-01 1.019427e+00 3.196366e-01 -8.108177e-01 8.114792e-01 8.603595e-01 -1.276623e-02 7.186122e-02 -1.089878e-01 9.653898e-02 -2.656832e-01 -1.721924e-01 1.126887e-01 -3.207699e-02 -3.002296e-01 -1.380241e-02 2.551030e-01 2.310049e-02 -3.160638e-01 -7.274105e-04 
9.975451e+00 -6.524713e+00 -5.575871e+00 1.333496e+00 7.513465e+00 -7.373277e+00 -7.349350e-01 -6.862844e+00 6.114532e+00 -1.599117e+01 -3.084154e+00 4.145295e+00 9.046416e-01 1.491835e-01 3.941821e-01 1.018412e+00 4.444837e-01 8.133547e-02 1.188460e+00 1.293778e-01 9.558046e-01 3.696212e-01 1.410153e-01 1.119683e+00 5.935535e-01 -1.371164e-02 -9.581095e-03 -1.610281e-01 1.959715e-01 -3.946097e-01 -2.863411e-01 8.401709e-02 2.849096e-02 -2.682320e-01 -2.887748e-01 2.869740e-01 9.721366e-03 -3.935189e-01 -3.297083e-04 
1.025298e+01 -6.856493e+00 -4.188597e+00 -2.129540e-01 7.110503e+00 -6.874320e+00 -2.685017e+00 -6.193261e+00 4.666829e+00 -1.566058e+01 -2.767772e+00 3.205789e+00 8.898670e-01 1.500605e-01 3.996536e-01 9.564822e-01 2.365896e-02 -3.710639e-01 1.228972e+00 5.004884e-02 7.806233e-01 7.262716e-02 -3.445677e-03 1.574592e+00 -2.963805e-01 -1.425379e-02 -1.477697e-01 -1.522904e-01 8.176742e-02 -3.090102e-01 -3.473015e-01 3.031311e-02 1.383637e-01 -3.372975e-01 -3.721695e-01 1.181473e-01 -8.531770e-02 -3.226321e-01 5.866191e-04 
1.031421e+01 -6.571916e+00 -2.334974e+00 8.124500e-01 6.564836e+00 -4.788270e+00 -6.760247e-01 -5.497147e+00 4.803812e+00 -1.372085e+01 -5.410846e-01 3.228188e+00 8.745829e-01 -2.458298e-01 1.738128e-01 1.028021e+00 -4.245145e-01 -7.706744e-01 1.066110e+00 9.365278e-02 3.897258e-01 -6.528228e-01 3.707121e-03 9.413201e-01 -9.121215e-02 -1.303058e-02 -2.710015e-01 -2.193646e-01 -1.747287e-01 -2.854272e-01 -4.827036e-01 -2.169612e-01 1.442327e-02 -5.538122e-01 -5.376128e-01 -1.976901e-01 -4.032070e-01 -3.220777e-01 1.773008e-03 
1.001693e+01 -5.581329e+00 -1.968663e+00 -2.344892e-02 5.456561e+00 -3.056895e+00 -1.163923e+00 -4.606474e+00 5.384238e+00 -1.594795e+01 1.580142e+00 2.510597e+00 8.613544e-01 -5.994474e-01 -2.542526e-02 7.153402e-01 -4.620245e-01 -1.197375e+00 1.002143e+00 3.260272e-01 -3.841384e-01 -1.029949e+00 -1.513553e-01 4.740997e-01 -4.103992e-01 -1.016747e-02 -2.717965e-01 -3.222460e-01 -2.377835e-01 -2.353078e-01 -4.987264e-01 -4.554816e-01 -3.851150e-03 -7.064688e-01 -5.962190e-01 -3.142213e-01 -5.750409e-01 -3.780791e-01 2.673212e-03 
8.864344e+00 -6.293112e+00 -1.545958e+00 -8.834532e-01 4.486884e+00 -3.951361e+00 -1.027070e+00 -5.707497e+00 2.491633e+00 -1.582880e+01 -5.519685e-01 4.037034e+00 8.537475e-01 -8.311582e-01 -4.901254e-01 2.652225e-01 -7.399439e-01 -1.918966e+00 2.170722e-01 6.343222e-02 -1.231142e+00 -1.767167e+00 -7.735209e-01 -3.462262e-01 -9.599106e-01 -6.887665e-03 -9.062589e-02 -2.146103e-01 -1.675414e-01 -7.343250e-02 -3.510954e-01 -3.530408e-01 6.662298e-02 -4.263700e-01 -3.047023e-01 -3.322217e-01 -2.042094e-01 -3.790601e-01 2.803540e-03 
7.980890e+00 -7.123072e+00 -1.006054e+00 -1.674850e+00 2.162536e+00 -2.282209e+00 -8.793408e-01 -8.008085e+00 6.733204e-01 -1.536387e+01 -3.920884e-01 7.493879e-01 8.494258e-01 -9.162298e-01 -8.797339e-01 1.489856e-01 -9.952709e-01 -2.290522e+00 -6.239442e-01 4.594748e-02 -1.941207e+00 -2.351292e+00 -1.185829e+00 -6.569133e-01 -1.752379e+00 -3.961827e-03 1.005822e-01 4.383513e-02 3.323775e-03 2.581229e-01 -3.027070e-02 -1.010944e-01 2.752409e-01 1.460922e-01 9.639967e-02 7.900514e-03 1.678383e-01 2.301560e-02 2.329253e-03 
7.176943e+00 -8.251533e+00 -1.490056e+00 -2.061277e+00 -1.383020e+00 -4.090586e+00 -5.014086e-01 -9.952405e+00 -1.676676e+00 -1.788067e+01 -1.285691e+00 -6.907718e-01 8.461230e-01 -5.403357e-01 -4.721072e-01 4.734672e-01 -5.250455e-01 -1.979571e+00 1.139124e-01 5.668203e-01 -9.636113e-01 -1.515674e+00 -1.140102e+00 4.857905e-01 -1.315470e+00 -2.115815e-03 1.856022e-01 3.522650e-01 1.660756e-01 4.881319e-01 2.926536e-01 3.005543e-01 5.677673e-01 4.390038e-01 5.849342e-01 4.701202e-01 4.783285e-01 3.278885e-01 1.595654e-03 
6.279169e+00 -9.000670e+00 -1.251733e+00 -4.410620e+00 -3.061089e+00 -6.107024e+00 -1.197456e+00 -1.219046e+01 -4.287752e+00 -2.085130e+01 -1.337483e+00 -3.887163e+00 8.453676e-01 -2.419709e-01 1.847558e-01 6.279275e-01 7.209979e-01 -1.318479e+00 5.482802e-01 1.450556e+00 2.126059e-01 -6.736684e-01 7.153097e-02 8.973501e-01 -1.174571e-01 -9.060503e-04 1.901240e-01 5.463775e-01 2.343335e-01 5.010414e-01 3.702630e-01 5.447303e-01 7.093036e-01 4.944343e-01 7.649590e-01 8.027459e-01 5.074180e-01 4.739272e-01 6.470805e-04 
7.013487e+00 -7.714640e+00 9.441727e-01 -2.140639e+00 -2.799292e+00 -1.469412e+00 1.966178e+00 -8.435103e+00 -2.605861e+00 -1.878541e+01 2.349518e+00 -2.216414e-01 8.452095e-01 -2.402168e-01 7.388866e-01 8.562239e-01 8.424998e-01 -9.417831e-01 1.133732e+00 2.199917e+00 -1.130832e-01 3.186279e-01 9.483873e-01 1.268354e+00 -1.378215e-01 -4.400668e-04 1.150420e-01 4.469655e-01 1.905038e-01 6.502849e-02 1.318729e-01 2.814235e-01 4.755358e-01 5.112720e-02 4.446719e-01 7.324052e-01 1.074971e-01 5.342611e-02 -4.345082e-04 
6.852500e+00 -6.467661e+00 9.162213e-01 1.970248e+00 -3.721742e+00 -8.514525e-01 5.139781e+00 -7.704246e+00 -2.230489e+00 -1.455375e+01 2.277084e+00 -7.231608e-02 8.453500e-01 -1.158543e-01 1.246604e+00 1.129323e+00 8.262851e-01 -9.581658e-01 1.589829e+00 2.775835e+00 1.056290e-01 5.563352e-01 1.783604e+00 1.488825e+00 2.846938e-02 -1.564700e-03 6.311574e-02 2.204295e-01 1.301829e-01 -5.876197e-01 -2.354733e-01 8.500068e-02 -1.922044e-01 -2.860465e-01 9.583985e-03 3.149397e-01 -2.959713e-01 -4.809545e-01 -1.608805e-03 
5.689048e+00 -5.823457e+00 1.707689e+00 -1.039211e+00 -5.761194e+00 -1.049791e+00 7.329733e+00 -1.276087e+01 -1.112217e+00 -1.628730e+01 3.249125e+00 -3.287373e+00 8.439270e-01 -2.832693e-02 1.231793e+00 1.175275e+00 -2.525309e-01 -1.500296e+00 1.000112e+00 2.281837e+00 -6.546648e-01 9.257620e-02 1.665838e+00 7.274706e-01 -1.121301e+00 -3.961827e-03 4.443220e-02 7.758638e-02 4.869674e-02 -7.303839e-01 -4.045048e-01 -7.561946e-02 -7.703365e-01 -1.405157e-01 -1.560837e-01 5.745772e-02 -6.499437e-01 -5.665987e-01 -2.244322e-03 
6.362132e+00 -3.713579e+00 4.013438e+00 -8.296797e-01 -6.371541e+00 1.632441e+00 1.000033e+01 -9.498857e+00 -2.252900e+00 -1.318233e+01 5.657085e+00 -2.212231e+00 8.381999e-01 -3.253666e-02 1.040479e+00 1.119193e+00 -1.669585e+00 -2.216532e+00 1.040015e+00 4.487443e-01 -9.468686e-01 -5.126192e-01 1.287506e+00 -3.120847e-01 -2.030510e+00 -7.187866e-03 -2.498507e-02 6.503674e-02 2.025596e-02 -6.812771e-01 -2.428033e-01 -1.394052e-01 -1.008854e+00 -4.328967e-02 1.360500e-01 -9.857564e-02 -6.890337e-01 -4.740876e-01 -1.749881e-03 
7.117190e+00 -2.932859e+00 5.272234e+00 -2.003424e+00 -8.975653e+00 2.289290e+00 1.094501e+01 -1.081086e+01 -2.131604e+00 -1.114214e+01 4.296978e+00 -4.758227e+00 8.289768e-01 -5.954912e-02 1.229907e+00 1.104885e+00 -1.561595e+00 -2.335066e+00 1.030573e+00 -4.882008e-01 -2.893220e-01 7.273924e-02 1.483825e+00 -1.080784e+00 -1.941321e+00 -8.845692e-03 -6.821559e-02 1.874064e-01 1.170168e-02 -3.358418e-01 1.369560e-01 -1.559787e-01 -7.360041e-01 1.967950e-01 4.732179e-01 -1.544165e-02 -3.391832e-01 -9.227140e-02 -2.759647e-04 
5.976454e+00 -2.710767e+00 4.729878e+00 -5.895880e+00 -1.319726e+01 2.679355e+00 5.575717e+00 -1.341403e+01 -4.284110e+00 -1.068948e+01 1.926375e-01 -9.489351e+00 8.168901e-01 -2.251320e-01 1.572724e+00 1.265716e+00 -1.925561e+00 -1.754924e+00 8.776605e-01 -8.833345e-01 -2.933754e-01 1.246594e+00 1.381642e+00 -1.052126e+00 -1.932064e+00 -7.873399e-03 -2.881122e-02 1.698027e-01 -2.551385e-02 -4.689626e-02 3.810922e-01 -4.369902e-01 -3.948966e-01 2.142669e-01 4.733861e-01 -3.559670e-02 -3.879485e-02 1.317343e-01 1.180485e-03 
5.584357e+00 -1.753802e-01 6.873313e+00 -6.313829e+00 -1.402372e+01 3.579266e+00 7.100739e+00 -1.224984e+01 2.671343e-01 -1.011475e+01 5.773256e-01 -9.355373e+00 8.103548e-01 -2.730177e-01 1.902524e+00 1.160549e+00 -1.803626e+00 -1.046290e+00 3.014480e-01 -7.322317e-01 2.353128e-03 1.579115e+00 1.541559e+00 -5.983555e-01 -1.631935e+00 -5.001328e-03 6.714065e-02 -1.745679e-02 -1.618532e-01 5.923110e-03 3.537245e-01 -5.639716e-01 -4.993413e-01 4.372733e-02 8.849204e-02 -1.471004e-01 5.631179e-02 8.008330e-02 1.416957e-03 
6.003614e+00 2.771590e+00 9.541451e+00 -8.301964e+00 -1.262182e+01 5.375587e+00 7.505558e+00 -1.024614e+01 2.780445e+00 -6.787244e+00 2.256067e+00 -9.573969e+00 8.081413e-01 -6.972264e-02 1.553102e+00 9.637926e-01 -1.782980e+00 -9.553818e-01 -7.804101e-01 -1.403668e+00 -2.161534e-02 1.101011e+00 1.080586e+00 -7.472329e-01 -1.526410e+00 -3.213565e-03 1.782977e-01 -1.616706e-01 -2.370339e-01 3.022094e-01 1.663864e-01 -4.539571e-01 -4.227606e-01 5.592342e-02 -1.435212e-01 -2.593223e-01 1.601014e-01 1.498611e-01 -2.337011e-05 
5.738431e+00 3.838925e+00 8.669071e+00 -9.818746e+00 -1.449495e+01 2.448349e+00 6.318893e+00 -1.238249e+01 2.231394e+00 -5.385453e+00 2.733282e-01 -1.287530e+01 8.083521e-01 1.984725e-01 1.152457e+00 4.465228e-01 -1.603213e+00 -9.661966e-01 -9.602290e-01 -2.724845e+00 -2.066660e-01 5.878277e-01 8.989563e-01 -9.516678e-01 -1.743667e+00 -4.087284e-03 2.126834e-01 -1.801738e-01 -1.234912e-01 5.713688e-01 8.019467e-02 -1.275530e-01 -1.297818e-01 1.199871e-01 -4.560118e-02 -4.127970e-01 2.608840e-01 4.335789e-01 -2.306127e-03 
5.550283e+00 3.047678e+00 8.650928e+00 -1.305850e+01 -1.773867e+01 -6.573923e-01 -1.051842e+00 -1.345509e+01 2.391215e-01 -7.651098e+00 -3.391530e+00 -1.536157e+01 8.018169e-01 4.307094e-01 1.139438e+00 4.376458e-01 -5.145600e-01 -9.629843e-01 -7.614230e-01 -2.000847e+00 9.082496e-02 1.024577e+00 4.063074e-01 -7.495685e-02 -1.126855e+00 -8.446918e-03 2.236152e-01 -1.283904e-01 6.254233e-02 9.075649e-01 7.536941e-02 3.129967e-01 4.840850e-01 6.400846e-02 1.287593e-01 -2.884551e-01 3.225428e-01 8.974139e-01 -4.274484e-03 
6.802624e+00 5.448925e+00 9.551259e+00 -1.195151e+01 -1.629622e+01 1.794222e+00 -2.244851e+00 -1.167879e+01 4.477182e+00 -5.188618e+00 -1.356999e+00 -1.517989e+01 7.930681e-01 5.399871e-01 1.208398e+00 8.061993e-01 4.190807e-01 -6.414327e-01 -3.457377e-01 -1.082574e+00 5.460496e-01 1.389151e+00 -1.852034e-01 3.699165e-01 3.362219e-01 -1.391326e-02 2.541250e-01 -1.567878e-01 8.776423e-02 1.002066e+00 1.124130e-02 3.551927e-01 7.515519e-01 -1.479841e-01 3.874688e-02 -9.808187e-02 2.100028e-01 1.058679e+00 -5.090042e-03 
7.624843e+00 7.663398e+00 1.128866e+01 -9.808361e+00 -1.653595e+01 1.895336e+00 1.783103e+00 -1.014444e+01 6.780117e+00 -4.854525e+00 2.696300e+00 -1.405580e+01 7.735677e-01 8.772920e-01 8.832210e-01 1.096635e+00 1.743603e+00 -7.409071e-01 4.773070e-01 1.955392e-01 -7.783549e-02 1.344322e+00 1.803557e-01 2.046926e-01 1.920614e+00 -1.967533e-02 2.522865e-01 -1.033768e-01 3.720623e-03 6.060473e-01 -3.189140e-02 6.188633e-02 3.067236e-01 -2.360289e-01 -6.146702e-01 1.045460e-01 -1.795121e-01 7.234385e-01 -4.936873e-03 
7.401140e+00 7.573067e+00 1.138134e+01 -9.348506e+00 -1.830333e+01 -5.566676e-01 -5.113780e-01 -1.130800e+01 5.906957e+00 -7.710090e+00 -9.208938e-01 -1.184703e+01 7.529255e-01 1.245644e+00 4.967256e-01 5.557625e-01 2.278147e+00 -1.021020e+00 1.963590e-01 -6.522098e-02 -8.624502e-01 6.215618e-01 5.213908e-01 -4.143616e-02 2.025920e+00 -2.392743e-02 4.239490e-02 5.929228e-03 4.428732e-02 2.644511e-01 2.695586e-01 -3.939582e-01 -1.547056e-01 1.987135e-01 -1.315140e+00 5.036970e-01 -2.514756e-01 2.108101e-01 -5.407129e-03 
9.638167e+00 6.401478e+00 1.321878e+01 -5.642218e+00 -2.043980e+01 2.904527e+00 -9.406679e-01 -1.402929e+01 6.245632e+00 -5.488835e+00 -2.586124e+00 -7.424929e+00 7.235345e-01 1.339310e+00 9.783119e-01 5.814537e-01 1.585997e+00 -9.326816e-01 -7.231442e-01 -9.758310e-01 -3.851958e-01 -1.664956e+00 5.755477e-01 -7.668901e-01 1.645422e+00 -2.812128e-02 -5.829569e-01 4.392079e-02 2.696089e-01 -3.373360e-02 8.321622e-01 -7.813448e-01 -4.005508e-01 1.011466e+00 -1.614397e+00 8.098384e-01 -1.215021e-01 -2.792556e-01 -7.847086e-03 
1.202433e+01 8.563654e+00 1.136516e+01 -2.644255e+00 -1.944959e+01 2.271790e+00 -1.209238e+00 -1.404824e+01 7.852448e+00 -2.264132e+00 1.076857e+00 -8.366093e+00 6.984651e-01 5.208679e-01 1.190474e+00 1.285246e+00 1.820244e+00 8.022833e-01 -1.715347e+00 -1.270481e+00 1.693187e+00 -3.681938e+00 2.135624e+00 -4.016801e-01 1.527919e+00 -3.672405e-02 -1.361305e+00 -2.939343e-01 2.354358e-01 -1.716040e-01 1.342351e+00 -3.761552e-01 -4.379252e-02 1.333497e+00 -1.256198e+00 6.103078e-01 2.351731e-01 -2.298651e-01 -1.593415e-02 
1.201001e+01 1.205940e+01 1.420444e+01 -5.230573e+00 -2.062614e+01 -3.134285e+00 -2.747250e+00 -1.070032e+01 -2.517341e+00 -4.699160e+00 -2.136883e+00 -7.569276e+00 6.601847e-01 -1.675034e+00 7.559615e-01 2.080001e+00 1.803814e+00 2.508123e+00 -2.473612e+00 -1.204536e+00 3.701780e+00 -4.575946e+00 3.422489e+00 -2.225927e-01 7.733481e-01 -5.250924e-02 -1.801014e+00 -9.406047e-01 -5.782350e-01 -2.157326e-01 1.203192e+00 3.638974e-01 8.729140e-01 1.283617e+00 1.765415e-01 -7.963259e-02 5.599209e-01 4.668717e-02 -2.373233e-02 
8.819900e+00 1.069662e+01 1.731441e+01 -4.532656e-01 -1.419876e+01 -6.114024e+00 -5.960429e+00 -4.506036e+00 -8.121027e+00 2.573215e+00 -3.153961e+00 -4.135209e+00 6.009810e-01 -4.053709e+00 -8.617157e-01 9.838443e-01 1.311104e+00 3.970364e+00 -8.091446e-01 -1.698057e-01 3.761525e+00 -4.203863e+00 2.149674e+00 8.622775e-01 1.312623e+00 -9.140542e-02 -1.497357e+00 -1.123881e+00 -1.507212e+00 -6.252514e-01 3.315504e-01 7.832999e-01 1.528034e+00 9.445931e-01 1.485058e+00 -1.011613e+00 5.629954e-01 4.991342e-01 -2.116608e-02 
2.865355e+00 9.114470e+00 2.064406e+01 2.281392e+00 -1.052436e+01 -5.270504e+00 -4.587366e+00 -2.920805e-01 -8.647108e+00 9.204854e+00 -1.583683e+00 -5.673675e+00 5.097335e-01 -5.378372e+00 -2.698725e+00 -2.159042e+00 7.618589e-01 3.499333e+00 6.432156e-01 2.838326e+00 4.998721e+00 -5.213609e-01 1.703928e-01 1.400781e+00 1.986498e+00 -1.194451e-01 -5.998515e-01 -6.814740e-01 -1.693907e+00 -7.768329e-01 -3.127143e-01 8.821015e-01 1.249620e+00 5.045063e-01 2.060913e+00 -1.105700e+00 3.078123e-01 6.522105e-01 -6.027867e-03 
-3.671408e+00 5.727730e+00 1.306431e+01 1.556723e-01 -4.648812e+00 -7.060046e-01 -1.138244e+00 -4.449477e-01 -1.010181e+01 1.531801e+00 5.111766e+00 -2.750632e+00 3.166627e-01 -5.114211e+00 -2.701555e+00 -4.131414e+00 -7.850207e-01 1.964495e+00 6.426064e-01 4.348275e+00 5.767650e+00 1.716069e+00 -1.296569e+00 1.601698e+00 3.417123e+00 -1.090859e-01 3.875434e-01 1.313828e-01 -6.328237e-01 -4.551073e-01 -7.351643e-01 6.347287e-01 3.096637e-01 -1.440101e-01 1.692675e+00 -7.886948e-02 -1.623828e-01 1.057595e-01 1.718262e-02 
-8.635833e+00 1.050204e+00 5.534586e+00 -1.725657e+00 -7.904851e+00 -2.622106e+00 9.033298e+00 1.226198e+01 -4.133681e+00 -3.326573e+00 7.338279e-01 1.671057e+00 2.051067e-01 -4.144043e+00 -1.731401e+00 -3.831997e+00 -1.032240e+00 1.947469e+00 1.211102e+00 2.784577e+00 5.221310e+00 2.768661e+00 -3.829271e-01 9.468035e-01 2.982066e+00 -7.381006e-02 1.080325e+00 6.496015e-01 5.707284e-01 9.509089e-03 -4.336406e-01 6.274502e-01 -1.045403e+00 -1.623025e+00 4.132096e-01 7.061004e-01 -1.790054e-01 -8.060015e-01 2.968068e-02 
-1.100027e+01 1.221357e+00 4.212531e+00 -2.375017e+00 -5.686248e+00 -4.225534e+00 8.970461e+00 1.805515e+01 -1.797691e+00 2.356521e+00 3.695739e+00 9.278352e+00 2.078649e-01 -2.733081e+00 -6.883257e-01 -1.343818e+00 -6.746749e-02 1.070404e+00 2.080447e+00 1.405225e+00 2.930207e+00 2.614448e+00 2.032036e+00 2.773208e-01 1.343551e+00 -2.830946e-02 1.282117e+00 5.088570e-01 9.620647e-01 4.340047e-01 -2.384937e-01 5.134030e-01 -1.436313e+00 -2.565755e+00 -4.193349e-01 5.908710e-01 -1.455575e-01 -1.548735e+00 2.632171e-02 
-1.419038e+01 2.710464e+00 5.910214e+00 -1.614772e+00 -2.680719e-01 2.544796e+00 4.280899e+00 1.656437e+01 1.043930e+00 6.877881e+00 3.858246e+00 3.222381e+00 1.950755e-01 -1.167235e+00 -4.573907e-01 -6.991364e-01 4.506453e-01 1.777967e+00 3.061582e+00 -9.173326e-01 -1.697822e+00 1.095407e+00 2.036634e+00 1.167895e+00 -1.006738e+00 -1.143100e-02 1.149841e+00 -1.043242e-02 5.730212e-01 6.056676e-01 -2.183086e-01 -4.428917e-01 -1.019981e+00 -2.224059e+00 -1.097092e+00 -2.167678e-01 -2.464753e-01 -1.237933e+00 1.702408e-02 
-1.455976e+01 1.456015e+00 6.157364e+00 -2.370593e-01 -3.114988e+00 7.113184e+00 8.264141e+00 1.205479e+01 3.817068e-01 6.589930e+00 4.936123e+00 3.191272e+00 1.801428e-01 -1.919803e-01 -7.941709e-01 -8.875383e-01 6.435999e-01 8.566784e-01 2.284330e+00 -9.824147e-01 -3.601552e+00 4.559176e-01 4.479469e-01 7.633708e-01 -2.332056e+00 -8.670948e-03 8.025066e-01 -3.368515e-01 5.121011e-02 4.232889e-01 -7.697630e-02 -1.551249e+00 -7.934057e-01 -9.842380e-01 -1.019642e+00 -2.595917e-01 -2.085340e-01 -3.459625e-01 9.649123e-03 
-1.269261e+01 -1.354101e+00 1.066276e+00 -5.411574e-01 -3.004116e-01 7.016349e+00 4.799914e+00 6.773291e+00 2.536882e-01 4.739566e+00 5.953201e+00 -3.195324e-01 1.618195e-01 3.345872e-01 -1.730552e+00 -1.195101e+00 1.640478e+00 9.628986e-01 -1.105323e+00 -1.121645e+00 -2.633297e+00 -1.637386e+00 -6.749145e-01 -5.286242e-01 -1.369594e+00 1.491076e-03 3.635430e-01 -2.691777e-01 2.360712e-02 1.587280e-01 -3.372090e-01 -1.818146e+00 -3.827740e-01 5.939214e-01 -5.037951e-01 1.791071e-02 -2.179940e-01 6.564330e-01 9.295760e-03 
-1.270890e+01 -7.173675e-01 2.196594e+00 3.062379e-01 -1.386613e+00 4.960632e+00 3.799043e+00 4.942675e+00 8.772538e-01 5.665332e+00 6.465117e+00 -6.115464e-01 1.811441e-01 5.285857e-01 -1.735835e+00 -8.399156e-01 1.454117e+00 1.092997e+00 -3.592429e+00 -2.459552e+00 -1.523522e+00 -1.117142e+00 2.089769e+00 8.281801e-02 -2.047953e-01 1.347671e-02 1.108681e-01 -4.007686e-03 2.498987e-01 -2.295281e-01 -4.296625e-01 -8.104590e-01 -1.921139e-01 1.283822e+00 -2.710528e-01 -2.292469e-01 -1.070081e-01 9.350752e-01 9.680026e-03 
-1.344273e+01 -4.855623e+00 1.915118e+00 6.315884e+00 3.682499e+00 -1.905367e+00 9.054902e-01 6.953952e+00 -7.390733e+00 3.965660e+00 4.508477e-01 -1.724435e+00 2.020323e-01 2.902096e-01 -1.332453e+00 -6.049354e-01 8.391488e-01 -2.616960e-02 -3.090743e+00 -2.092480e+00 2.326971e-01 -6.369084e-01 1.305261e+00 4.181284e-01 1.211781e+00 2.397478e-02 9.317833e-02 3.519223e-01 5.234593e-01 -7.277682e-01 -7.464723e-01 6.941867e-01 3.947031e-01 1.136853e+00 3.456302e-01 -6.845985e-01 1.759130e-01 6.025215e-01 6.659639e-03 
-1.154199e+01 -5.472660e+00 1.533605e+00 3.604961e+00 3.587014e-01 -6.388197e+00 -2.086549e+00 4.346998e+00 -1.381981e+00 1.742577e+01 8.101449e+00 2.869393e+00 2.274179e-01 3.844023e-01 -1.013220e+00 6.689920e-02 -1.034641e-01 -7.970152e-01 -7.752318e-01 -1.457525e+00 1.384417e+00 -1.399455e+00 -1.688440e+00 -2.450433e-01 1.052569e+00 2.848675e-02 2.187456e-01 5.432079e-01 5.107161e-01 -6.543189e-01 -6.573339e-01 1.404781e+00 1.269387e+00 1.048397e+00 3.314414e-01 -1.461084e+00 -3.922942e-01 1.098787e-02 8.875829e-04 
-1.182446e+01 -5.638381e+00 -1.626871e+00 2.005479e+00 -1.303968e+00 -2.762887e+00 -2.719759e+00 8.234373e+00 -1.801333e+00 5.386142e+00 7.225862e+00 3.998873e+00 2.585658e-01 8.725560e-01 -3.322066e-01 9.689100e-01 -1.219574e+00 -1.824417e+00 9.570611e-01 3.508513e-01 1.596961e+00 2.318832e-01 -2.208678e+00 5.148625e-01 1.014345e+00 2.728595e-02 4.199414e-01 5.967045e-01 2.798387e-01 -3.790845e-01 -1.227242e-01 1.013066e+00 1.405722e+00 5.524684e-01 3.994133e-01 -6.736008e-01 -4.334114e-01 -4.882905e-01 -7.390266e-03 
-1.159533e+01 -5.391837e+00 4.301780e+00 1.944288e+00 -2.878344e+00 1.513049e+00 -1.675989e+00 1.122413e+01 -8.914910e+00 -3.487195e+00 1.852614e+00 1.790102e+00 2.953002e-01 1.331066e+00 4.800281e-01 9.267180e-01 -7.880474e-01 -1.294494e+00 1.407573e+00 2.665745e+00 3.036479e+00 1.056888e-01 -3.458630e+00 -1.927078e+00 -5.124570e-02 1.626365e-02 4.570103e-01 4.768191e-01 -2.275977e-01 -1.620695e-01 4.020139e-01 4.196669e-01 8.077775e-01 -2.101293e-01 5.280105e-01 5.651946e-01 2.796350e-01 -3.411855e-01 -1.594221e-02 
-9.053609e+00 -6.556974e+00 5.375704e+00 1.047941e+00 -3.821327e+00 -1.070791e+00 2.454378e+00 1.150017e+01 -2.464397e+00 3.378660e+00 6.149486e+00 3.886879e+00 3.045057e-01 1.916570e+00 9.045410e-01 3.642275e-01 -7.140005e-01 -3.909802e-01 8.832449e-01 2.874375e+00 2.169032e+00 6.075526e-01 -1.177526e+00 -9.080081e-01 -6.778586e-01 -6.865262e-03 2.905977e-01 2.112636e-01 -5.313629e-01 1.897362e-01 7.355096e-01 -6.061972e-02 -3.085907e-01 -7.779324e-01 1.167576e-01 7.191631e-01 5.528597e-01 -2.482479e-01 -2.135284e-02 
-6.272385e+00 -2.613304e+00 2.665884e+00 1.434342e-01 -4.855170e+00 -1.965478e-01 8.655366e+00 1.789659e+01 -5.222672e-01 1.135795e+00 -9.955795e-01 2.669463e+00 2.857608e-01 2.147579e+00 7.525654e-01 -7.687950e-01 -1.166498e+00 4.963650e-01 1.360054e+00 1.319636e+00 4.764648e-02 1.052707e+00 6.220409e-01 1.864484e+00 1.929090e-01 -3.415218e-02 5.511561e-02 -1.377705e-01 -4.522137e-01 5.332308e-01 5.988184e-01 -3.876632e-01 -1.358330e+00 -1.512233e+00 2.545533e-02 6.092305e-01 9.186233e-01 2.774744e-01 -2.059908e-02 
-4.903502e+00 -2.504974e+00 1.012335e+00 -6.642801e-01 -2.270564e+00 2.507851e+00 6.486561e+00 1.574319e+01 -2.960224e+00 -2.813167e+00 4.110076e+00 1.695080e-01 2.290166e-01 1.917096e+00 5.877600e-01 -8.402289e-01 -8.162830e-02 9.576518e-01 6.778391e-01 -5.190689e-01 -7.982994e-01 3.421633e-01 -6.533284e-01 1.383400e+00 -3.488705e-01 -5.427460e-02 -1.244153e-01 -2.588125e-01 -3.029548e-01 9.819001e-01 2.018208e-01 -4.498260e-01 -1.421114e+00 -1.296334e+00 1.765986e-02 2.971646e-02 4.739238e-02 6.000050e-01 -1.470610e-02 
-2.932646e+00 -3.655169e+00 2.639404e+00 -3.032166e+00 -1.171529e+00 6.524004e+00 2.906024e+00 9.341082e+00 -3.403387e+00 2.718651e+00 1.219491e+01 4.612766e+00 1.622938e-01 1.606453e+00 -5.042436e-02 -7.320336e-01 1.561891e+00 1.025217e+00 -4.280828e-01 -2.429116e+00 -3.041113e+00 3.656986e-01 -6.746591e-01 1.520483e+00 1.171706e+00 -6.302971e-02 -3.370398e-01 -2.331564e-01 -2.545393e-01 1.001813e+00 -1.962565e-02 -4.690060e-01 -7.266407e-01 -6.285646e-01 -3.634757e-02 -2.107078e-01 -7.851877e-01 4.787042e-01 -5.603293e-03 
-1.137591e+00 -3.097221e+00 1.187890e+00 2.227248e+00 -8.748255e-01 -1.042013e+00 2.733824e+00 1.178569e+01 6.870466e-01 -6.795242e-01 6.471122e+00 1.170402e+00 9.486836e-02 1.565057e+00 1.202621e-02 -1.168888e+00 2.831283e+00 3.536317e-01 -4.717429e-01 -2.356694e+00 -2.768296e+00 1.039371e+00 -3.806280e-01 -4.989315e-01 1.832731e+00 -6.595555e-02 -4.752781e-01 -1.311745e-01 -2.372984e-01 1.302089e-01 2.733779e-02 -2.796455e-02 -1.403665e-01 -2.103349e-01 -2.577052e-01 3.767066e-01 -4.755083e-01 7.731095e-02 2.842504e-03 
-1.227805e-01 -2.569157e+00 -1.082062e+00 6.507243e+00 -4.266903e-01 -5.617233e-01 -1.613756e+00 4.669156e+00 -5.172249e-01 -3.304378e+00 5.425897e+00 8.027338e+00 3.768496e-02 6.383896e-01 -1.254216e-01 -1.877171e+00 2.386028e+00 7.002392e-01 -4.101110e-01 -1.394601e+00 -2.110044e+00 5.223770e-01 -5.680057e-01 -1.120306e+00 1.495576e+00 -5.633120e-02 -5.294901e-01 -1.976969e-02 -1.268243e-02 -7.673406e-01 6.431919e-02 -3.848896e-02 4.357753e-01 5.408890e-01 -4.456376e-01 6.709525e-01 6.462307e-02 -9.383491e-01 8.852376e-03 
1.517213e+00 -2.988212e+00 -2.971483e+00 8.722338e+00 -8.748255e-01 3.692046e+00 -3.037270e+00 4.237717e+00 7.937755e-01 -1.704584e+00 4.999925e+00 7.625819e+00 -3.843660e-02 2.482096e-02 -3.070809e-02 -1.454102e+00 1.573759e-01 1.256824e+00 5.289885e-01 -1.738252e+00 -2.315715e+00 -1.024682e+00 1.176894e+00 3.262568e-01 -1.242090e-01 -4.341360e-02 -4.659363e-01 -1.882740e-02 3.040905e-01 -9.375691e-01 1.562939e-01 -1.933059e-01 8.441906e-01 8.798442e-01 -5.461373e-01 7.364452e-01 6.813803e-01 -1.278836e+00 1.244110e-02 
-1.068456e+00 -4.337068e+00 -4.666223e+00 5.650577e+00 2.329880e+00 2.106508e+00 -1.181445e+00 2.565021e+00 -8.449750e-01 3.916777e-01 7.329071e+00 8.863145e+00 -5.270171e-02 -2.709128e-01 -1.278744e-01 -6.528714e-01 -9.377629e-01 8.952260e-01 -1.120858e+00 -5.595429e-01 -5.628445e-01 -8.305709e-01 1.901370e+00 1.430991e+00 -2.541689e+00 -3.004346e-02 -1.080672e-01 1.954965e-02 5.899975e-01 -2.422688e-01 -1.937771e-01 5.524710e-02 1.099309e+00 1.322260e+00 -2.829423e-01 5.659577e-01 5.915443e-01 -8.698082e-01 1.089329e-02 
-5.410504e-01 -2.366761e+00 -4.290595e+00 3.442528e+00 4.031049e+00 2.685745e-01 -6.173413e+00 1.259332e+00 -4.272065e+00 3.357634e+00 7.150801e+00 1.313471e-01 -7.699807e-02 -3.098528e-01 -8.089495e-02 -2.606110e-01 -1.946986e-01 1.037638e+00 -1.082884e+00 1.446778e+00 8.572872e-01 -1.014931e+00 2.067034e+00 1.632322e+00 -2.542778e+00 -1.689735e-02 3.379849e-02 2.759695e-03 4.466472e-01 3.965839e-01 -4.136765e-01 3.847495e-01 1.303087e+00 1.479302e+00 1.231510e-01 -2.625543e-01 -1.389018e-01 3.536074e-01 7.309936e-03 
-4.482113e-01 -3.518993e+00 -3.687432e+00 4.458290e+00 1.596335e+00 -4.454206e+00 -2.843319e+00 3.343885e+00 -2.137207e+00 3.671284e+00 1.150547e+01 -9.338402e-01 -9.324834e-02 2.654774e-01 -2.690240e-03 4.761826e-01 1.350776e+00 -1.589448e-01 6.721532e-01 2.509462e+00 2.914698e+00 -8.972545e-01 1.816686e+00 1.184449e+00 -1.644132e+00 -1.512303e-02 1.164831e-01 1.692459e-01 2.233540e-01 4.203357e-01 -4.565514e-01 8.542659e-01 6.065326e-01 7.760404e-01 1.215246e-01 -9.024437e-01 -8.700235e-01 1.200495e+00 3.246924e-03 
-3.425327e-01 -3.801533e+00 -4.763808e+00 8.344811e+00 4.679895e+00 1.557772e+00 5.027398e+00 8.134567e+00 -3.634773e+00 6.991192e+00 1.107349e+01 -1.892876e-01 -1.026472e-01 -7.428318e-02 -7.938557e-02 2.145712e-01 9.961068e-01 -2.845458e-01 1.556322e+00 3.242850e+00 3.341901e+00 -3.755536e-01 -9.362201e-02 -2.449399e-01 1.195010e+00 -1.432100e-02 9.283050e-02 3.724815e-01 6.108722e-02 -6.659805e-02 -3.582781e-01 4.949607e-01 -4.342500e-01 -3.195515e-01 2.375032e-01 -8.947678e-01 -1.093482e+00 8.331808e-01 7.209779e-04 
1.601813e-01 -3.632756e+00 -2.048594e+00 9.953194e+00 1.210312e+00 4.822574e+00 5.765439e+00 1.370096e+01 -5.649455e+00 7.658211e+00 1.128967e+01 8.028962e-01 -1.154893e-01 1.935611e-01 7.176610e-01 2.263725e-01 5.684719e-01 -7.264517e-01 1.830873e+00 1.575215e+00 2.075097e+00 -5.425428e-01 -1.530696e+00 -1.980463e+00 1.591952e+00 -1.509166e-02 -9.783097e-02 4.341589e-01 -2.371662e-01 -6.212436e-01 -2.279338e-02 -2.134695e-01 -1.051690e+00 -1.289346e+00 5.081012e-01 -1.818892e-01 -8.020806e-01 -1.443489e-01 1.418300e-03 
-1.216603e+00 -2.707031e+00 -4.037070e+00 5.675424e+00 2.801629e+00 3.411650e+00 5.736437e+00 1.279007e+01 -4.393920e+00 8.957383e-01 6.033516e+00 5.237858e+00 -1.374842e-01 1.900530e-01 1.421315e+00 1.697683e-01 -1.365420e-01 -4.701099e-01 8.125764e-01 -2.573374e-01 -3.205162e-01 -4.703354e-03 -7.330310e-01 -2.252664e+00 5.055799e-03 -1.330838e-02 -9.057619e-02 4.406692e-01 -1.385274e-01 -5.642898e-01 -6.025363e-02 -6.073478e-01 -1.220548e+00 -1.376705e+00 5.081573e-01 8.835906e-01 -1.766403e-01 -1.319184e+00 2.967458e-03 
9.567212e-01 -4.779558e-01 -2.919012e+00 8.635559e+00 -1.096583e+00 3.773326e+00 4.678166e+00 1.139152e+01 -4.470395e+00 -9.347669e-01 4.123211e+00 4.312456e+00 -1.512926e-01 -3.559845e-01 1.417824e+00 -6.873351e-01 -1.189198e+00 -1.801460e-01 -2.336327e-02 -9.990361e-01 -1.700642e+00 1.457740e+00 1.226963e+00 -1.822171e+00 -1.770783e+00 -8.541010e-03 -9.609181e-02 2.917868e-01 2.673781e-02 -4.453618e-01 8.973470e-02 -6.038069e-01 -8.544712e-01 -7.525125e-01 3.815230e-01 8.564778e-01 3.025755e-01 -1.262287e+00 4.073231e-03 
2.095638e-01 1.727688e+00 -3.480493e+00 8.321077e+00 3.483328e+00 6.145216e+00 4.284524e+00 7.686073e+00 -4.247973e+00 7.622582e+00 3.393242e+00 -1.918972e+00 -1.512926e-01 -2.524952e-01 1.773755e+00 -2.124450e-02 -9.464107e-01 -8.587986e-01 -5.531742e-01 -1.572903e+00 -1.653586e+00 1.165005e+00 2.945550e+00 -1.207315e+00 -3.719556e+00 -2.761023e-03 -2.861246e-02 6.246684e-02 2.729159e-01 -1.662883e-01 5.639987e-02 -3.012057e-01 -5.344427e-01 -2.718809e-02 1.373960e-01 -5.202599e-02 3.355503e-01 -2.940983e-01 3.515642e-03 
-2.332648e+00 1.239016e+00 -5.763686e+00 2.684508e+00 -3.091447e-02 3.338927e+00 1.496406e+00 7.749241e+00 1.566089e+00 1.043025e+01 3.499079e+00 -4.472850e+00 -1.512926e-01 -6.551290e-02 2.000350e+00 4.555043e-01 -1.253300e+00 -8.345567e-02 -5.052496e-01 -2.039379e+00 -1.021065e+00 7.802575e-01 9.124956e-01 -9.901545e-01 -2.857173e+00 -9.670067e-07 1.103215e-01 -7.497953e-02 5.095696e-01 1.478435e-01 7.699011e-02 -4.557080e-02 -2.015677e-01 3.802159e-01 -3.949390e-01 -1.084243e+00 -5.284968e-02 7.001934e-01 1.983951e-03 
-8.343826e-01 5.303241e+00 -2.720900e+00 3.918701e+00 -2.025193e+00 8.628111e-01 -5.370569e-01 6.343115e+00 -1.587035e+00 9.941379e+00 3.089822e-01 -8.967127e+00 -1.512926e-01 -9.831374e-02 1.442352e+00 9.628527e-01 -9.358171e-01 -2.364684e-01 -4.526543e-01 -2.409364e+00 -7.963607e-01 1.021103e+00 -8.359802e-01 -9.908787e-01 -9.224489e-01 -9.670067e-07 2.877977e-02 -3.773701e-01 1.691181e-01 1.804970e-01 2.438484e-01 2.569813e-01 2.912084e-01 3.198521e-01 -3.553447e-01 -1.362913e+00 -2.595842e-01 1.246388e+00 5.516857e-04 
1.150795e+00 7.735731e+00 -1.021256e+00 4.570287e+00 1.240599e+00 3.888440e+00 -3.107661e+00 6.958374e+00 -1.899658e+00 2.468081e+00 7.146874e-01 -6.448922e+00 -1.512926e-01 1.186629e-01 1.208681e+00 1.368585e+00 -4.552143e-01 -1.063701e-01 -3.015698e-01 -1.588661e+00 -2.281671e-01 -4.448149e-01 -2.303581e+00 -2.194623e+00 3.316481e-01 -9.670067e-07 -1.111977e-01 -6.301618e-01 -2.099159e-01 2.582917e-01 2.861339e-01 4.064868e-01 5.521165e-01 -2.000573e-01 -1.758247e-01 -2.942009e-01 6.648128e-02 1.093312e+00 -5.291036e-07 
-2.024007e+00 5.691054e+00 -1.037438e+00 2.698600e+00 1.665121e+00 3.607266e+00 -5.460145e+00 4.100641e+00 2.590518e+00 7.423995e+00 -1.687817e-01 -5.543015e+00 -1.512926e-01 -2.007506e-01 2.826768e-01 3.678828e-01 -4.428912e-01 3.718348e-01 6.299145e-01 -3.421708e-01 -4.507566e-01 9.003069e-04 -2.261047e+00 -1.902973e+00 9.179678e-01 -9.670067e-07 -1.082335e-02 -4.014843e-01 -5.795138e-01 8.456153e-02 2.255419e-01 4.385519e-01 6.962763e-01 -3.028333e-01 -5.221792e-03 5.436929e-01 5.824221e-01 8.117697e-01 -5.291036e-07 
-1.144999e+00 7.088471e+00 2.375404e-01 1.018273e+00 -2.408136e+00 4.587458e-01 -3.985273e+00 7.730290e+00 -2.747046e+00 1.714797e-01 -7.235033e+00 -4.526773e+00 -1.512926e-01 -5.703301e-01 -5.704998e-01 -2.966413e-01 -2.083189e-01 1.042992e+00 9.858971e-01 -3.123819e-01 -2.194110e+00 4.112004e-01 1.540436e-01 -2.016940e-01 1.689200e+00 -9.670067e-07 8.791117e-02 -1.190960e-01 -6.124963e-01 -2.251160e-02 1.119825e-01 9.291857e-02 4.495264e-01 1.438311e-01 3.956558e-01 1.417632e+00 1.023663e+00 3.073731e-01 -5.291036e-07 
-6.901857e-01 7.040249e+00 -1.510651e+00 3.479984e+00 1.658448e+00 5.727151e+00 -1.809217e+00 3.703313e+00 -1.158719e+00 -2.157651e-01 -5.230902e+00 -5.338522e+00 -1.512926e-01 1.921578e-01 3.245620e-01 -1.102049e+00 -6.364943e-01 3.166902e-01 1.096266e+00 4.339578e-01 -1.327368e+00 5.668700e-01 6.537176e-01 9.247667e-01 2.457602e+00 -9.670067e-07 2.085591e-01 9.103548e-02 -2.361079e-01 1.596385e-02 -1.685090e-01 -4.147611e-01 4.047450e-01 1.045108e+00 7.912627e-02 1.140983e+00 6.699608e-01 -2.656497e-01 -5.291036e-07 
-2.367710e+00 4.208739e+00 -2.267792e+00 3.138430e+00 6.459090e+00 7.757589e+00 -6.494852e+00 -3.813712e+00 2.031102e+00 7.058362e+00 2.236926e+00 1.894630e+00 -1.512926e-01 3.617750e-01 5.921938e-01 -9.588678e-01 -4.709966e-01 4.811601e-01 -7.017102e-02 2.709827e-01 9.293688e-01 1.250405e+00 3.327075e+00 1.509723e+00 1.098742e+00 -9.670067e-07 2.322116e-01 8.568154e-02 1.264790e-01 2.374508e-01 -4.365136e-01 -6.678877e-01 2.324950e-01 1.456897e+00 -3.465959e-01 -1.804528e-01 -4.252690e-01 -9.668830e-01 -5.291036e-07 
-4.521619e-01 8.753825e+00 -5.295376e+00 -1.543569e+00 -1.184876e+00 5.438977e+00 -2.035795e+00 3.235236e+00 3.035922e+00 7.248772e+00 -2.813733e-01 3.534305e+00 -1.512926e-01 3.761583e-01 1.564549e-01 -4.815969e-01 -2.316681e-01 -1.897829e-01 -9.158581e-01 1.389899e+00 3.212894e+00 -2.308336e-02 1.857303e+00 5.911117e-01 -1.149524e-01 -9.670067e-07 -6.950753e-02 -3.068266e-01 5.027350e-01 5.497685e-01 -2.018438e-01 -5.078578e-01 -4.435681e-01 2.579125e-01 -4.610041e-01 -1.012242e+00 -9.349595e-01 -1.056622e+00 -5.291036e-07 
5.448711e-01 9.192576e+00 -2.664507e+00 1.174772e+00 1.419237e+00 2.518519e-01 -2.517047e+00 1.261130e+01 1.407537e+00 1.307438e+01 -2.160903e+00 -3.469467e+00 -1.512926e-01 4.987668e-01 -5.797125e-02 2.554268e-02 7.766683e-01 -8.863173e-01 -1.347484e+00 3.722215e-01 2.820058e+00 -1.026811e+00 -1.349832e+00 -2.161309e+00 -1.858883e+00 -9.670067e-07 -2.574857e-01 -3.640067e-01 3.679831e-01 2.822545e-01 -1.511969e-01 3.058165e-01 -4.864949e-01 -1.157792e+00 -1.860317e-01 -1.510372e+00 -6.861619e-01 -3.131208e-01 -5.291036e-07 
-2.659898e-01 5.330408e+00 -3.720287e+00 3.303458e+00 3.229231e+00 4.900742e+00 3.151634e+00 1.155513e+01 -9.626288e-01 6.062506e+00 -7.645650e-02 -3.230961e+00 -1.512926e-01 -2.239041e-01 -8.844507e-01 9.193031e-01 1.488492e+00 -8.823168e-03 -8.043724e-01 -1.834526e+00 -9.831738e-01 -5.995880e-01 -2.068944e+00 -1.914560e+00 -1.346725e+00 -9.670067e-07 -2.518210e-01 -6.774100e-02 1.183215e-01 -1.761603e-01 1.061512e-02 6.315812e-01 -5.019649e-01 -1.577598e+00 4.054703e-01 -6.211707e-01 1.458438e-01 4.094808e-01 -5.291036e-07 
3.228056e-02 5.630267e+00 -2.927349e+00 4.597730e+00 -1.797796e-01 1.289433e+00 -7.227454e+00 6.127080e+00 -1.103814e+00 9.021632e-01 -8.671702e+00 -4.016993e+00 -1.512926e-01 -6.255828e-01 -7.073817e-01 1.806296e-01 8.019411e-02 -3.653888e-01 1.403105e+00 -5.492895e-01 -2.761422e+00 6.083372e-01 -2.261558e+00 -6.682938e-01 1.491310e-01 -9.670067e-07 -1.348999e-01 2.510112e-01 -5.298456e-02 -4.141849e-01 1.294787e-01 6.003031e-01 1.848639e-01 -7.930062e-01 3.673902e-01 2.172617e-01 9.557875e-01 6.636837e-01 -5.291036e-07 
-1.315862e+00 6.112826e+00 -5.671672e-01 4.187197e+00 -4.292569e-01 8.985898e-01 -8.853076e+00 1.561908e+00 1.293524e+00 2.990247e+00 -6.598515e+00 -2.925674e+00 -1.512926e-01 -3.209034e-01 1.423045e-01 3.243543e-02 -7.641578e-01 -3.970836e-01 8.667962e-01 -6.591628e-01 -1.884459e+00 1.186523e+00 -7.926802e-01 5.737306e-01 9.285312e-01 -9.670067e-07 1.567819e-01 4.834580e-01 -1.439069e-01 -2.931054e-01 -4.850356e-02 1.611305e-01 4.723694e-01 4.807308e-01 -1.287715e-01 4.127972e-01 7.071588e-01 3.713930e-01 -5.291036e-07 
-2.058081e+00 5.264867e+00 -3.337794e+00 1.133607e+00 1.422317e+00 9.268458e+00 7.387287e-01 3.800592e+00 3.321093e+00 3.302730e+00 -2.241218e+00 -2.876729e+00 -1.512926e-01 -1.274311e-01 6.836056e-01 2.040232e-01 -1.679984e-01 -4.469389e-02 8.185670e-01 7.088569e-01 -6.943185e-01 -8.293046e-02 -9.017603e-01 1.373468e+00 3.219559e-01 -9.670067e-07 2.792186e-01 3.332478e-01 1.227750e-01 1.537920e-01 -1.511233e-01 -6.985266e-01 -1.570238e-02 8.591520e-01 -5.094033e-01 8.618196e-01 3.948779e-01 1.533586e-01 -5.291036e-07 
-8.249999e-01 6.224891e+00 -3.352995e+00 1.214824e+00 4.428872e-01 5.245306e+00 -4.127262e+00 3.295878e+00 2.757475e+00 8.986587e-01 -4.228634e-01 8.414719e-01 -1.512926e-01 3.109074e-01 8.373736e-01 1.880446e-01 1.471066e-01 -4.116460e-01 2.935282e-01 -1.017015e-01 3.869060e-01 -8.979269e-01 -6.850051e-01 6.003196e-01 4.238867e-01 -9.670067e-07 1.714902e-01 -3.154836e-02 1.345041e-01 1.919300e-01 -2.231707e-01 -6.987725e-01 8.390226e-02 6.300300e-01 -3.585975e-01 1.211593e+00 3.007511e-01 1.571972e-01 -5.291036e-07 
-8.496912e-01 8.992558e+00 -5.142065e-01 5.243752e+00 -8.394059e-01 3.208646e+00 -6.046529e+00 1.788051e+00 -2.250659e+00 -2.560260e+00 -4.892376e+00 -4.290341e+00 -1.512926e-01 4.547400e-01 6.113441e-01 7.168023e-01 3.933534e-01 -1.113534e+00 -1.802870e+00 -9.065396e-01 3.987140e-01 -8.964700e-01 1.993590e+00 1.292770e+00 1.168330e+00 -9.670067e-07 5.938897e-02 -3.138510e-01 -2.807132e-02 -1.203034e-01 -1.817692e-01 -5.502013e-01 1.140731e-01 3.219762e-01 2.099667e-01 1.431368e+00 4.269743e-01 4.020594e-01 -5.291036e-07 
-3.657425e-01 8.435628e+00 -1.038909e+00 2.868079e+00 -1.356840e+00 5.395810e+00 -5.969191e+00 4.503023e+00 -4.102159e-01 2.497284e+00 -2.271243e+00 -9.927759e-02 -1.512926e-01 2.456565e-01 2.061080e-02 4.487160e-01 -8.519553e-02 -9.784033e-01 -1.316212e+00 5.681155e-01 7.192922e-01 -1.997108e-01 3.817681e+00 2.117855e+00 1.291387e+00 -9.670067e-07 -4.699785e-02 -3.717592e-01 -1.292676e-01 -2.647550e-01 -7.323073e-03 -2.167154e-01 3.942960e-01 1.075855e-01 4.545985e-01 1.138783e+00 5.755299e-01 3.679809e-01 -5.291036e-07 
-1.463283e-02 7.216157e+00 -9.114114e-01 2.273975e+00 -3.245887e+00 1.787390e-01 -2.872926e+00 5.190926e+00 4.226055e-01 1.247103e+01 5.146669e+00 3.435170e+00 -1.512926e-01 2.021560e-01 -4.772013e-01 -6.656957e-02 -6.533576e-01 -6.701293e-01 -1.127661e+00 9.442534e-01 7.494290e-01 6.178634e-01 4.003781e+00 2.749575e+00 1.898616e+00 -9.670067e-07 -5.484891e-02 -2.675073e-01 -2.081963e-01 -2.661473e-01 1.195335e-01 1.539011e-01 4.077757e-01 7.312126e-02 3.846076e-01 4.206527e-01 3.545378e-01 2.068009e-01 -5.291036e-07 
