-5.602363e+00 8.152639e+00 1.744116e+00 4.531524e+00 -2.153241e+00 6.233051e+00 -4.887466e-01 9.813617e+00 -8.080573e-01 5.581101e+00 -6.261263e-01 2.340789e+00 -1.512926e-01 -2.554171e-02 -1.483280e-01 4.678121e-01 -2.798353e-01 9.520625e-01 7.070205e-01 -5.424248e-01 -1.018526e+00 7.259684e-01 7.556090e-01 1.555955e-01 1.130486e-01 -1.415153e-06 1.502161e-02 2.096028e-02 -9.398898e-02 1.309925e-01 1.193352e-01 -2.112518e-01 8.346999e-02 6.480581e-02 6.275611e-02 1.990064e-01 2.707319e-01 -4.112752e-02 3.910778e-07 
-5.532392e+00 8.340073e+00 4.304319e+00 4.612151e+00 -3.884696e-01 9.894186e+00 -2.402104e+00 7.223202e+00 1.094124e+00 4.267647e+00 -3.474213e+00 1.266307e+00 -1.512926e-01 7.456501e-02 -1.409267e-01 6.238742e-02 2.904291e-01 1.425582e+00 3.526752e-01 -4.648714e-01 -9.375170e-01 1.377213e+00 8.664837e-01 1.253768e+00 1.405688e-01 -1.415153e-06 7.822332e-03 2.203664e-02 -1.663648e-01 4.907902e-02 -1.183532e-01 -2.169017e-01 2.142501e-01 1.682167e-01 -1.878230e-01 1.177857e-01 1.852944e-01 -1.391508e-01 3.910778e-07 
-5.765627e+00 7.316892e+00 2.803444e+00 3.092162e+00 1.725522e+00 7.937726e+00 -2.243885e+00 6.016235e+00 1.870480e+00 1.001574e+01 1.576213e+00 3.443232e+00 -1.512926e-01 -7.184997e-04 -4.720577e-02 2.007789e-01 9.001175e-02 1.312024e+00 -1.720825e-01 -1.639783e-01 -7.349125e-01 7.140802e-01 1.695369e+00 9.603950e-01 -1.064257e-01 -1.415153e-06 1.647601e-02 1.397312e-01 -1.112754e-01 5.879928e-02 -4.099650e-01 -2.720511e-03 3.976644e-01 2.981836e-01 -2.642000e-01 -2.450827e-01 -1.978438e-01 -4.400054e-01 3.910778e-07 
-5.148060e+00 7.865713e+00 1.526414e+00 6.703395e+00 3.035648e+00 7.144294e+00 -1.935172e+00 7.024444e+00 4.738677e+00 7.696022e+00 4.541667e+00 2.492290e+00 -1.512926e-01 9.092519e-04 -8.885952e-02 -2.304876e-01 -2.194017e-01 1.803799e-01 6.203037e-02 3.395814e-01 -3.193071e-01 -2.072593e-01 8.747855e-01 6.795952e-01 -4.730569e-01 -1.415153e-06 -2.453805e-02 1.340525e-01 -1.174767e-02 3.910562e-02 -5.401335e-01 1.505615e-02 1.660945e-01 2.581654e-01 -4.862032e-01 -6.302804e-01 -4.194216e-01 -4.173654e-01 3.910778e-07 
-5.798078e+00 8.153603e+00 4.136915e+00 3.935531e+00 2.695213e+00 6.747758e+00 -1.541829e+00 6.238146e+00 9.399101e-01 1.234360e+01 1.678033e-01 1.195836e+00 -1.512926e-01 9.369109e-02 5.242424e-01 5.793845e-02 2.691540e-01 -4.750879e-01 8.386863e-01 1.043776e+00 1.633342e-01 1.972312e-01 -4.738834e-01 -5.464637e-01 -1.780117e+00 -1.415153e-06 -4.758222e-03 8.157055e-02 -1.340620e-01 1.439529e-01 -3.632776e-01 -4.254675e-01 -4.605219e-02 2.224002e-01 -1.729465e-01 -8.315927e-01 -1.276400e-01 -7.337342e-02 3.910778e-07 
-5.511096e+00 7.477687e+00 2.485146e+00 3.093078e+00 2.828880e-02 1.079968e+01 -1.055395e+00 5.515189e+00 5.232832e-01 7.477762e+00 6.282099e-01 2.491861e-02 -1.512926e-01 -9.533156e-02 2.435099e-01 7.497707e-02 3.963419e-01 -3.815059e-01 -7.734849e-02 -2.383054e-01 -9.590980e-02 -7.953652e-01 -1.200381e+00 -8.999949e-02 -1.109463e+00 -1.415153e-06 -4.111820e-02 -1.244404e-02 -2.052156e-01 1.494205e-01 -3.025231e-02 -8.975826e-01 -9.189318e-02 2.190849e-01 7.181279e-02 -4.023056e-01 1.317009e-01 3.855325e-01 3.910778e-07 
-5.115610e+00 1.013224e+01 2.614155e+00 6.243001e+00 8.535693e-01 1.030365e+01 2.535095e+00 7.587520e+00 4.964401e+00 7.755901e+00 8.008624e-01 -4.223650e+00 -1.512926e-01 2.369777e-02 1.945409e-01 -6.221867e-01 5.019464e-01 -2.232726e-01 -2.229645e+00 -1.053054e-01 2.652186e-01 1.433716e-01 -1.425082e+00 7.070166e-01 -1.551213e-01 -1.415153e-06 -9.725802e-02 -4.666685e-01 -3.446417e-01 1.117545e-01 8.953593e-03 -9.174263e-01 7.652590e-02 2.568594e-01 -1.845978e-02 -2.144091e-02 5.204487e-02 7.341310e-01 3.910778e-07 
-5.965399e+00 8.093906e+00 2.662917e+00 7.531189e+00 2.048936e+00 4.979509e+00 -5.165067e+00 5.870770e+00 -1.250179e+00 3.988090e+00 3.774926e+00 -3.454153e-01 -1.512926e-01 -1.698012e-01 1.381182e-02 -9.163870e-01 4.112961e-01 -9.672528e-02 -2.891694e+00 4.546568e-01 7.250711e-01 1.788189e-01 -6.612267e-01 7.113274e-01 6.420495e-01 -1.415153e-06 -6.358867e-02 -7.201331e-01 -2.753651e-01 3.079823e-01 -2.011802e-01 -1.549180e-03 6.699931e-01 4.904381e-01 3.606458e-01 1.436258e-01 -5.593702e-01 3.683918e-01 3.910778e-07 
-5.451774e+00 8.818285e+00 9.370451e-01 4.225969e+00 5.680431e-01 -1.490423e+00 -1.335071e-02 7.386578e+00 2.543613e+00 6.962939e+00 2.129063e+00 6.052415e-01 -1.512926e-01 -3.551614e-01 -1.694336e+00 -1.169505e+00 8.204557e-01 -5.727045e-01 -2.341166e+00 1.079864e+00 1.037129e+00 -3.821035e-01 -8.505993e-01 -6.869234e-01 1.014796e+00 -1.415153e-06 7.313292e-03 -4.284762e-01 1.951652e-01 2.459650e-01 -1.285328e-01 1.141428e+00 3.442252e-01 1.884434e-01 2.752449e-01 1.466620e-01 -7.847564e-01 8.796321e-02 3.910778e-07 
-6.192043e+00 8.203671e+00 -1.258402e+00 6.158252e+00 -3.126954e-01 2.237879e+00 2.492044e+00 9.240930e+00 2.627560e+00 4.568108e+00 3.520706e+00 8.206514e-01 -1.512926e-01 -2.237205e-01 -2.412777e+00 -1.028179e+00 1.777063e+00 -1.212821e+00 -2.934626e-02 2.518965e+00 1.970307e+00 1.270653e+00 -7.694265e-01 -2.189831e+00 1.476018e-01 -1.415153e-06 1.436632e-01 2.462910e-01 4.967167e-01 -2.184308e-01 8.258597e-03 1.282022e+00 -3.092227e-01 -2.249322e-01 1.756867e-01 1.068107e-01 -4.648016e-01 -2.004287e-01 3.910778e-07 
-6.778173e+00 1.605631e+00 -1.272608e+00 1.103156e+01 -8.288388e-01 -3.106931e-02 4.105888e+00 1.108786e+01 1.114645e+00 3.212844e+00 -2.506724e+00 2.671478e-01 -1.512926e-01 8.738355e-02 -7.345787e-01 4.095021e-01 1.048777e+00 -3.078999e-01 2.046364e+00 5.835940e-01 5.847616e-01 9.735919e-01 -6.377050e-01 -1.766176e+00 5.318155e-01 -1.415153e-06 1.671518e-01 1.067480e+00 6.187254e-01 -8.168346e-01 2.606645e-01 8.865605e-01 -8.507100e-01 -6.188514e-01 -2.118543e-01 2.572969e-01 3.479560e-01 -3.250914e-01 3.910778e-07 
-6.421222e+00 -3.640239e-01 -1.373588e+00 1.301378e+01 -3.316760e+00 4.103106e+00 5.370176e+00 1.387179e+01 5.817243e+00 2.015960e+00 -4.855886e+00 5.615889e-01 -1.512926e-01 3.270700e-01 7.653866e-01 7.778203e-01 -7.950619e-01 -1.878472e-01 1.324607e+00 -8.434374e-01 -1.734252e-01 3.793969e-01 -2.335932e-01 -1.072978e+00 -1.185040e-01 -1.415153e-06 9.145029e-02 1.040794e+00 3.831765e-01 -1.041818e+00 2.802470e-01 7.289921e-02 -9.566323e-01 -9.823299e-01 -9.007835e-01 1.642788e-01 8.249745e-01 -2.799900e-01 3.910778e-07 
-4.900628e+00 9.429048e+00 3.041879e+00 6.041893e+00 5.307051e-01 7.808779e+00 1.465822e+00 7.995085e+00 5.816932e+00 5.050333e+00 -2.513068e+00 3.393873e+00 -1.512926e-01 2.049886e-01 2.053985e+00 1.021094e+00 -1.977678e+00 2.182653e-01 1.414713e+00 -1.492305e+00 -9.853404e-01 -9.957257e-01 1.679358e-01 4.945908e-01 -4.776437e-01 -1.415153e-06 -3.420981e-02 1.267777e-01 -1.650989e-01 -5.039130e-01 -2.293071e-01 -7.028316e-01 -9.380531e-02 -4.383511e-01 -6.269904e-01 3.354497e-01 6.011025e-01 -1.425075e-01 3.910778e-07 
-5.495378e+00 8.118940e+00 4.732290e-01 4.678118e+00 -1.931409e+00 4.940717e+00 -4.048532e-01 9.920204e+00 2.173312e+00 2.481178e+00 -1.841038e+00 -1.335445e+00 -1.512926e-01 1.748752e-01 1.396906e+00 5.817815e-01 -1.918632e+00 -7.468282e-02 6.509423e-01 -1.226186e+00 -2.156305e+00 -2.248559e+00 -3.509249e-01 8.046080e-01 -7.475717e-01 -1.415153e-06 -4.686308e-02 -4.151517e-01 -2.056957e-01 2.380673e-01 -1.905100e-01 -7.162330e-01 4.257930e-01 -4.101621e-02 -1.970222e-02 6.449616e-01 1.506972e-01 5.496902e-01 3.910778e-07 
-6.215366e+00 7.634309e+00 2.909415e+00 5.311217e+00 -4.302004e-01 6.623840e+00 -4.681412e-01 8.137055e+00 -2.042081e+00 3.820144e+00 -1.541502e+00 -1.172532e+00 -1.512926e-01 -7.432975e-03 -4.164095e-01 -3.181419e-01 -9.088373e-01 -1.511083e+00 -1.131038e+00 3.060028e-01 -6.155621e-01 -8.473400e-01 1.098195e+00 3.004857e-01 1.337652e-01 -1.415153e-06 -7.957901e-03 -6.084884e-01 -1.229743e-01 4.660885e-01 -1.079691e-01 -7.418301e-01 1.843101e-01 2.300020e-01 6.655651e-01 6.573598e-01 -9.148282e-02 8.261194e-01 3.910778e-07 
-4.888966e+00 7.517806e+00 1.601669e+00 3.785731e+00 -3.209139e+00 7.950656e+00 2.059495e-01 3.019130e+00 -1.496114e+00 8.768292e-01 -1.319002e+00 -8.932127e-01 -1.512926e-01 1.990880e-01 -7.508969e-02 4.188733e-01 -1.389265e-01 -2.757218e-01 -9.837647e-01 3.863046e-01 -5.634139e-01 2.066548e-01 2.526100e+00 -2.224364e-01 2.324303e+00 -1.415153e-06 -7.427851e-02 -3.773305e-01 1.408615e-01 3.172470e-01 1.806583e-01 -3.377555e-01 -2.145216e-01 2.593710e-01 8.570306e-01 3.387390e-01 -1.395242e-01 3.953527e-01 3.910778e-07 
-5.240848e+00 7.647468e+00 8.871311e-01 1.943695e+00 -6.385618e+00 6.488608e-01 2.690371e+00 8.367702e+00 3.414798e+00 1.134336e+01 -1.271874e+00 3.841811e+00 -1.512926e-01 1.533075e-01 -2.523763e-01 4.877851e-01 -5.371403e-01 -2.211077e-01 -1.477126e+00 -1.376991e+00 -6.317805e-01 1.104580e+00 2.016187e+00 5.507507e-01 2.117060e+00 -1.415153e-06 -9.020418e-02 -9.769928e-02 1.647831e-01 8.988388e-02 2.339276e-01 1.182021e-01 -1.489051e-01 -1.790950e-02 4.439542e-01 -5.743620e-01 -1.334215e-01 -5.356718e-01 3.910778e-07 
-4.987331e+00 7.736691e+00 3.578646e+00 5.666706e+00 -3.324625e-01 3.009759e+00 -5.272173e-02 6.987750e+00 4.785114e-01 1.135010e+01 -3.088124e+00 7.779105e+00 -1.512926e-01 -2.770293e-01 -5.718365e-01 8.831758e-01 -5.181777e-01 1.836272e-01 -8.648027e-01 -1.457293e+00 -8.513519e-01 1.060724e+00 8.837330e-01 -1.803334e-02 2.375014e-01 -1.415153e-06 -2.726586e-01 -2.620114e-01 -2.386097e-01 8.274556e-02 5.560380e-03 8.247656e-02 3.974128e-01 2.912515e-01 7.315331e-02 -9.446313e-01 -6.308937e-04 -1.311966e+00 4.949312e-03 
-5.399549e+00 6.262900e+00 4.359993e+00 1.684866e+00 -2.974129e+00 1.708805e+00 -7.223766e+00 2.993793e+00 2.493555e+00 8.664371e+00 2.096889e+00 5.076923e+00 -1.512926e-01 -2.204650e-01 -6.565210e-01 2.736664e-01 -2.696602e-01 -5.711300e-01 -5.994747e-01 4.834556e-01 -5.612515e-01 9.453936e-01 -9.525266e-01 -4.688695e-01 -1.501245e+00 -1.415153e-06 -5.121254e-01 -2.424884e-01 -4.114737e-01 3.600263e-01 3.315540e-01 2.420187e-01 9.368873e-01 5.474011e-01 -3.648371e-01 -7.059346e-01 5.521092e-02 -9.390134e-01 1.480441e-02 
-6.195085e+00 5.350768e+00 4.280898e+00 1.323880e+00 -3.997081e+00 3.097040e+00 -2.123564e+00 1.449592e+00 4.267951e+00 6.635195e+00 -3.093561e+00 -3.231610e-01 -1.512926e-01 -9.775729e-01 -1.183131e+00 -6.671497e-01 1.410411e-01 -7.291155e-02 -1.010170e+00 1.443254e+00 8.576456e-01 6.519568e-01 -7.126977e-01 2.842005e-01 -2.426385e+00 2.475078e-02 -6.447666e-01 -1.315490e-01 -4.071957e-01 3.660002e-01 4.419765e-01 2.091870e-01 5.448487e-01 3.409142e-01 -6.039073e-01 -4.363690e-01 5.509045e-01 1.511694e-01 2.396856e-02 
-5.739262e+00 5.558100e+00 1.904225e+00 2.766450e+00 -7.409119e+00 -2.392327e+00 6.142879e+00 8.330572e+00 6.246928e+00 8.938258e+00 -3.613785e+00 3.866931e-01 -1.512926e-01 -2.056976e+00 -1.159120e+00 -7.945608e-01 9.333061e-01 1.564823e+00 -1.942235e-01 1.857191e+00 1.250712e+00 -5.152664e-01 -7.152805e-01 6.756437e-01 -1.245918e+00 6.164465e-02 -6.951616e-01 1.231227e-02 -1.187836e-01 2.878330e-01 2.133231e-01 4.932346e-01 -1.870975e-01 -2.946542e-01 -6.071769e-01 -5.053869e-02 8.572315e-01 8.975031e-01 2.538787e-02 
-9.705278e+00 2.173708e+00 1.470741e+00 5.831165e+00 1.520712e+00 9.518171e-03 4.800749e-01 8.607523e+00 1.861464e+00 7.649606e+00 1.187858e+00 -2.007638e+00 -2.754453e-02 -2.582536e+00 -9.783909e-01 -6.186843e-01 7.102262e-01 1.325407e+00 -2.145175e-02 5.800090e-01 -5.266088e-02 -1.228416e+00 -1.416688e+00 2.164301e+00 8.657282e-01 8.902337e-02 -2.459703e-01 2.833326e-01 7.778361e-02 1.900694e-02 -6.517824e-01 4.577846e-01 -3.588880e-01 -6.663708e-01 -2.293792e-01 1.363829e-01 3.506632e-01 1.000919e+00 1.215810e-02 
-1.392988e+01 2.055920e+00 1.792110e+00 4.097700e+00 2.091765e+00 2.281339e+00 7.608234e-01 5.668517e+00 1.120552e+00 4.580509e+00 3.334005e+00 -3.106073e-01 9.506161e-02 -2.893843e+00 -6.973141e-01 -3.445517e-01 8.850518e-01 -2.036902e-01 1.372246e+00 -2.046261e-02 -1.579348e+00 -1.150200e+00 -8.531821e-01 2.877137e+00 1.340224e+00 9.480385e-02 4.093820e-01 4.475705e-01 1.811964e-01 -1.857262e-01 -1.031659e+00 3.011119e-02 -4.583192e-01 -3.838997e-01 4.057330e-01 3.626498e-01 -2.158765e-01 4.999465e-01 -6.205794e-03 
-1.501240e+01 2.209975e+00 1.243824e+00 4.209477e+00 -2.120296e+00 6.528118e-01 3.467489e+00 2.517209e+00 6.890012e-01 1.730734e+00 4.253912e+00 4.353945e+00 1.706561e-01 -1.788804e+00 2.623824e-03 -5.031056e-01 2.600581e-01 -2.447494e+00 4.955930e-01 5.875373e-01 -1.059279e+00 -1.775386e-01 3.815144e-02 9.365659e-01 1.285183e+00 6.895950e-02 8.176318e-01 4.765581e-01 2.731286e-01 -8.022077e-02 -4.243554e-01 -2.975857e-01 -5.123622e-01 1.573331e-01 6.079554e-01 5.587436e-01 -8.126544e-01 -2.634564e-01 -1.889063e-02 
-1.755467e+01 2.053674e+00 2.950745e-01 8.002579e+00 -6.607450e+00 4.146927e+00 4.546696e+00 3.479114e+00 1.081998e+00 7.632245e+00 9.239083e+00 3.907147e+00 2.236408e-01 -4.070460e-01 5.882722e-01 5.358413e-02 2.295330e-01 -1.706907e+00 -3.021150e-01 -4.381041e-01 -1.655239e-01 9.879448e-01 3.705913e-01 2.101987e-01 1.043998e+00 4.064844e-02 1.097822e+00 4.401102e-01 2.397344e-01 -2.453134e-01 1.988508e-01 -8.019469e-01 -6.476208e-01 4.276816e-01 4.706992e-01 4.320677e-02 -1.085302e+00 -4.425051e-01 -2.256982e-02 
-1.683671e+01 2.187830e+00 -2.962142e-01 5.179284e+00 -6.368047e+00 1.554357e+00 1.525063e+00 4.406072e+00 9.930767e-01 6.314538e+00 2.918008e+00 2.309405e+00 2.529616e-01 2.621634e-01 7.615139e-01 5.478936e-01 6.368427e-01 -4.476807e-02 -6.720679e-01 -1.773003e+00 2.701693e-02 7.422785e-01 7.652022e-01 -5.653832e-01 -3.034250e-01 2.165009e-02 1.104658e+00 2.848544e-01 1.533898e-01 -2.842957e-01 7.064834e-01 -4.396957e-01 -4.280772e-01 1.089765e-01 -1.829390e-04 -2.849656e-01 -4.163932e-01 -4.232575e-01 -1.752830e-02 
-1.505296e+01 5.008317e+00 2.829937e+00 4.760576e+00 -4.319396e+00 3.198507e-01 -4.589423e-01 3.896725e+00 5.908341e+00 4.141864e+00 5.053280e+00 5.931715e+00 2.571428e-01 1.569655e+00 1.123747e+00 3.286633e-01 -5.298944e-01 -4.109286e-01 -2.053697e+00 -2.078437e+00 1.603836e-02 7.432933e-01 -1.000677e+00 -1.798267e+00 -7.791160e-02 5.613912e-03 1.559230e+00 3.409931e-02 -5.222637e-01 -7.743591e-01 6.587332e-01 6.580232e-02 1.240778e-01 -2.662564e-01 -4.271876e-01 -5.137311e-01 -4.690689e-01 -3.300194e-01 1.149564e-02 
-1.495257e+01 4.540375e+00 2.715519e+00 9.014530e+00 -3.488076e+00 -7.939702e-01 -2.894794e+00 2.443822e+00 1.987074e+00 7.301666e+00 3.520252e+00 1.824661e+00 2.621320e-01 2.746112e+00 1.159118e+00 1.261876e-01 -7.814952e-01 4.368202e-01 -8.271450e-01 -7.326638e-01 -6.050826e-01 -5.604651e-02 -7.011675e-01 -1.411302e-01 -2.702478e-01 -1.168167e-03 2.060489e+00 -4.750196e-01 -1.144006e+00 -1.420605e+00 5.871078e-01 3.260789e-01 5.293000e-01 -5.328542e-01 -2.450077e-01 -6.603586e-01 -8.301365e-01 1.584185e-01 4.379451e-02 
-1.064836e+01 6.495908e+00 4.325299e-01 3.435282e+00 -1.010130e+01 -4.947183e+00 -3.635117e+00 4.540616e+00 4.301529e+00 2.135010e+00 -5.333690e-02 3.759927e+00 2.470939e-01 6.147096e+00 5.600440e-01 -2.346969e+00 -2.933052e+00 1.345973e+00 1.043159e-01 -3.379657e-01 -1.180709e+00 -7.487546e-01 -1.464930e+00 -2.347414e+00 -6.227367e-01 1.095348e-01 1.691290e+00 -1.089288e+00 -1.310235e+00 -1.267612e+00 9.654714e-01 5.438774e-01 4.418952e-01 -6.106133e-01 4.869700e-02 -3.464505e-01 -1.045015e+00 2.927229e-01 6.040251e-02 
-5.307776e+00 7.239544e+00 1.533325e+00 1.934991e+00 -1.292270e+00 5.226074e-02 -5.501948e-01 1.058627e+00 1.516348e+00 3.811994e+00 4.765979e+00 2.044066e+00 2.521535e-01 8.275991e+00 -1.331673e+00 -3.834346e+00 -5.264676e+00 2.012265e+00 -1.207229e-01 3.317263e-03 -2.038867e+00 2.632690e-01 -2.304424e+00 -4.441497e+00 7.610747e-01 1.886608e-01 3.458974e-01 -1.290902e+00 -9.060565e-01 -6.736126e-01 6.462233e-01 2.006776e-01 -1.193563e-02 -2.899659e-01 4.358130e-01 -3.362346e-01 -1.142337e+00 4.580590e-01 4.351492e-02 
1.086001e+01 6.459321e+00 -8.313935e+00 -6.364480e+00 1.312608e+00 4.182664e-01 -3.320884e+00 -1.314682e+00 2.399970e+00 -1.437926e+00 -7.306554e+00 2.708555e+00 8.098102e-01 7.261495e+00 -3.077344e+00 -4.242232e+00 -4.626424e+00 3.628745e+00 3.124768e-01 -2.368714e-01 -2.320235e+00 8.271635e-01 -1.931306e+00 -4.873054e+00 8.700091e-01 2.127098e-01 -1.732221e+00 -8.411309e-01 3.770652e-01 7.258019e-01 2.053511e-01 1.503448e-01 -1.669194e-01 2.020396e-01 3.482869e-01 6.398638e-02 2.922519e-01 4.053514e-01 -1.549281e-02 
1.567328e+01 -2.099708e+00 -1.208282e+01 -1.240870e+01 8.656492e-01 -4.080119e+00 -3.035720e+00 -4.823318e+00 4.254270e+00 -2.433913e+00 -1.506096e+01 6.155399e+00 9.240892e-01 3.918297e+00 -3.476669e+00 -3.456562e+00 -3.302899e+00 2.526720e+00 7.219341e-02 -8.429594e-01 -1.485198e+00 1.335096e+00 -2.149181e+00 -4.589979e+00 1.273563e+00 1.648250e-01 -2.705141e+00 1.521650e-01 1.295645e+00 1.893904e+00 -1.819248e-01 3.248731e-01 -2.198555e-01 8.021777e-01 -1.959642e-01 4.310929e-01 1.584001e+00 -4.859086e-02 -5.116279e-02 
1.516776e+01 -4.221171e+00 -1.397034e+01 -1.252506e+01 6.963281e+00 -1.318375e+00 -3.576612e+00 -4.120018e+00 7.068367e+00 -4.398248e+00 -1.450539e+01 6.054399e+00 9.746847e-01 -3.354249e-01 -2.573024e+00 -6.505844e-01 -2.847686e-01 2.115491e+00 7.596506e-01 -7.493933e-01 -4.473904e-01 4.568155e-01 -1.222519e+00 -8.118164e-01 1.147811e+00 4.398887e-02 -2.239516e+00 7.370004e-01 1.550488e+00 1.897144e+00 -7.130646e-01 3.576114e-02 -1.133796e-01 9.460086e-01 -6.639692e-01 6.007140e-01 1.864678e+00 -3.034870e-01 -5.630226e-02 
1.213013e+01 -4.803691e+00 -1.292100e+01 -1.149891e+01 8.516104e+00 1.281738e+00 -4.636686e+00 -4.964852e+00 5.857662e+00 -5.453760e+00 -1.458469e+01 6.739146e+00 9.938337e-01 -1.451249e+00 -8.231360e-01 8.480574e-01 2.033906e+00 1.859149e+00 1.280143e+00 -8.397329e-01 1.035465e+00 -5.314316e-01 -5.034008e-01 1.447993e+00 3.791544e-01 1.720152e-02 -1.023056e+00 7.493600e-01 1.134698e+00 1.285527e+00 -7.120017e-01 -2.238608e-01 5.096364e-02 7.398230e-01 -7.734668e-01 7.184018e-01 1.408446e+00 -5.739883e-01 -3.727590e-02 
1.095482e+01 -5.053709e+00 -1.114790e+01 -8.243622e+00 8.065302e+00 1.535320e+00 -6.267456e+00 -3.480496e+00 3.882415e+00 -6.040864e+00 -1.160383e+01 8.155716e+00 9.948877e-01 -1.251239e+00 -7.191737e-01 1.357891e+00 2.190848e+00 3.972619e-01 -1.126469e-01 -8.054374e-01 1.149409e+00 -1.559475e+00 2.494777e-01 1.431348e+00 -2.001475e-01 5.011890e-03 3.792840e-02 3.898924e-01 4.057012e-01 1.485092e-01 -5.735750e-01 -5.995479e-01 1.228198e-01 3.192810e-01 -3.943612e-01 4.698372e-01 3.477724e-01 -6.558351e-01 -1.257225e-02 
1.052334e+01 -5.798949e+00 -9.253854e+00 -4.379973e+00 9.610437e+00 8.934632e-01 -5.888831e+00 3.469222e-02 3.190006e+00 -4.129675e+00 -9.271893e+00 7.000491e+00 9.999999e-01 -7.389038e-01 -6.568652e-01 1.212589e+00 1.886984e+00 -1.741691e-01 -6.109989e-01 -5.601103e-01 1.415557e+00 -1.524028e+00 7.069052e-01 1.330763e+00 -9.222491e-01 -2.068538e-03 2.595061e-01 1.024668e-01 4.011150e-02 -5.891172e-01 -3.722717e-01 -7.033828e-01 2.062103e-02 -1.376960e-01 -1.296576e-01 2.118158e-01 -1.516837e-01 -5.712030e-01 -8.239500e-03 
9.715124e+00 -7.319599e+00 -9.014267e+00 -5.130347e+00 8.401894e+00 -1.687613e+00 -6.978342e+00 -8.726082e-01 6.050540e-01 -3.812916e+00 -1.000465e+01 4.922855e+00 9.966445e-01 -5.020660e-01 -7.067809e-01 1.195551e+00 5.312381e-01 2.643183e-01 -1.292649e+00 -2.749909e-01 9.589479e-01 -1.018632e+00 5.214990e-01 9.855412e-01 -1.480681e+00 -9.239535e-03 1.955126e-01 2.157817e-01 -3.156591e-02 -5.797513e-01 6.712878e-02 -3.772707e-01 -1.092924e-02 -2.184690e-01 9.178981e-02 7.255758e-02 -3.935767e-02 -3.441604e-01 -6.428398e-03 
9.055473e+00 -6.955002e+00 -7.924606e+00 -3.621353e+00 7.476679e+00 -1.614521e-01 -7.082104e+00 8.091956e-01 -1.237321e-01 -3.033063e+00 -8.730824e+00 3.743950e+00 9.826254e-01 -5.285169e-01 -3.170945e-01 1.129668e+00 -8.173046e-02 6.426336e-02 -1.646812e+00 -1.001771e+00 4.422065e-01 -1.450234e+00 4.196640e-01 9.123776e-01 -1.836687e+00 -1.686871e-02 9.443181e-02 3.221930e-01 -1.021983e-02 -3.456043e-01 2.682686e-01 -1.783167e-01 6.183264e-02 -2.926449e-01 1.382830e-01 6.370173e-02 1.041700e-01 -1.170269e-02 -4.091952e-03 
9.178682e+00 -8.009636e+00 -5.834746e+00 -5.966387e+00 1.045384e+01 -4.400150e+00 -7.045677e+00 9.271403e-01 4.461761e-01 -3.981571e+00 -6.946295e+00 2.380448e+00 9.573803e-01 -3.787638e-01 1.898075e-01 1.241460e+00 2.763999e-01 6.136518e-01 -1.481119e+00 -6.393368e-01 5.437583e-01 -1.137515e+00 7.558857e-01 1.443682e+00 -1.463711e+00 -1.972965e-02 3.698304e-02 3.188154e-01 -9.621526e-02 -5.713513e-02 1.954576e-01 4.912809e-02 2.225529e-01 -3.227506e-01 1.337383e-01 1.508946e-02 1.154577e-01 2.260885e-01 -3.878294e-04 
8.149404e+00 -7.039412e+00 -5.195463e+00 -4.370353e+00 8.905957e+00 -5.984139e+00 -1.086356e+01 1.345626e+00 -3.981573e+00 -1.947435e+00 -6.238918e+00 -9.117579e-01 9.352800e-01 -3.285070e-01 5.059113e-01 1.138566e+00 2.862665e-01 9.925065e-01 -1.408344e+00 -6.885883e-02 1.599242e-01 -7.731109e-01 9.081771e-01 1.622579e+00 -9.892151e-01 -1.727894e-02 7.676086e-02 1.197257e-01 -1.347168e-01 -1.166211e-01 2.808194e-01 1.154461e-01 5.641714e-01 -3.263003e-01 3.852983e-01 -1.910304e-01 9.004916e-03 3.940314e-01 3.020675e-03 
8.274134e+00 -6.328513e+00 -4.171459e+00 -3.373518e+00 1.075584e+01 -6.182048e+00 -8.284208e+00 1.578020e+00 -3.153605e+00 -5.762264e-01 -4.032501e+00 -6.780751e-02 9.216648e-01 -4.170160e-01 4.758759e-01 7.101392e-01 6.149083e-02 7.774942e-01 -1.166246e+00 3.712480e-01 -5.137609e-01 -6.884434e-01 3.526963e-01 1.207786e+00 -7.740217e-01 -1.097634e-02 6.665278e-02 -1.079433e-01 -2.338516e-01 -3.227212e-01 7.391520e-02 -4.477507e-03 3.755742e-01 -3.706719e-01 2.819475e-01 -4.396267e-01 -3.117758e-01 2.805102e-01 4.313556e-03 
7.864958e+00 -5.265855e+00 -3.063369e+00 -3.486212e+00 1.228834e+01 -6.312071e+00 -6.806875e+00 1.283595e+00 -2.189455e+00 -1.946266e-01 -2.074867e+00 2.206550e-02 9.140756e-01 -1.256484e-01 1.386009e-01 7.216876e-01 -5.574903e-01 1.386515e+00 -1.226952e+00 1.313839e+00 -6.605577e-01 2.516707e-01 -3.338602e-01 1.075349e+00 -2.113850e-01 -6.149507e-03 9.057765e-02 -1.983947e-01 -2.862346e-01 -2.485029e-01 -1.567823e-01 1.853569e-02 7.617367e-02 -1.730258e-01 1.458357e-01 -4.246350e-01 -4.784753e-01 1.702742e-01 3.540677e-03 
7.235729e+00 -6.516909e+00 -3.350182e+00 -6.101069e+00 1.265019e+01 -1.006767e+01 -7.217879e+00 -1.610418e+00 -3.892029e+00 -3.094360e+00 -2.989336e+00 -1.956567e+00 9.131093e-01 -1.470127e-01 -1.663148e-01 2.805765e-01 -9.151581e-01 7.863505e-01 -1.594273e+00 5.472669e-01 -8.993416e-01 -2.402419e-01 -8.211741e-01 1.583496e-01 -4.501234e-01 -3.725432e-03 8.534181e-02 -1.075721e-01 -2.833972e-01 7.869545e-02 -2.835576e-01 2.897331e-01 -1.660640e-01 1.628921e-01 1.164096e-01 -9.149698e-02 -3.989569e-01 2.166968e-01 2.000261e-03 
8.040392e+00 -6.252127e+00 -1.997897e+00 -5.794140e+00 1.489102e+01 -1.017650e+01 -4.827653e+00 -3.632619e-01 -2.353930e+00 -2.357380e+00 -1.383350e+00 -1.024456e+00 9.088227e-01 -1.068848e-02 -1.649379e-01 -7.789727e-02 -4.677650e-01 2.041936e-01 -1.101547e+00 2.240279e-01 -5.123469e-01 -2.680053e-01 -6.280196e-01 -2.449482e-01 -2.998321e-01 -3.203324e-03 -9.194140e-03 -6.357033e-03 -3.766826e-01 3.152725e-01 -5.004370e-01 4.925111e-01 -4.041252e-01 1.863002e-01 -3.363055e-02 7.451852e-02 -3.485754e-01 1.338145e-01 1.216697e-03 
7.451219e+00 -6.667112e+00 -3.301804e+00 -6.795097e+00 1.338597e+01 -1.222132e+01 -6.537533e+00 -2.095738e+00 -4.272590e+00 -3.600680e+00 -3.586142e+00 -1.795367e+00 9.056605e-01 -4.792330e-02 8.971804e-02 -3.070668e-01 4.102169e-01 -4.919624e-02 2.197390e-01 8.588959e-02 2.265441e-01 1.535201e-01 4.230233e-02 -1.267609e-01 3.537745e-01 -2.441472e-03 -1.064854e-02 6.613033e-02 -2.718729e-01 3.535461e-01 -3.395252e-01 6.006181e-01 -2.399329e-01 1.851281e-01 9.048199e-02 1.653226e-01 -1.362664e-01 1.948782e-01 1.145463e-03 
7.704228e+00 -6.015268e+00 -3.477271e+00 -5.478048e+00 1.294176e+01 -1.074329e+01 -6.027182e+00 -1.035547e+00 -3.339532e+00 -3.081604e+00 -3.001571e+00 -1.557417e+00 9.017956e-01 -2.210754e-01 -2.112914e-02 -8.680162e-01 3.561043e-01 -6.979725e-01 3.285380e-01 -4.763431e-01 -2.921102e-01 -1.133131e-01 -3.929872e-01 -5.250295e-01 5.563820e-02 -7.099907e-04 -1.450270e-02 3.465605e-02 -1.374669e-01 1.248161e-01 -1.470524e-01 3.068208e-01 -1.453827e-01 4.962787e-03 4.787961e-02 7.325340e-02 -8.726142e-02 1.453845e-01 1.279026e-03 
7.164237e+00 -6.186654e+00 -4.145350e+00 -4.207726e+00 1.337938e+01 -8.685541e+00 -6.188345e+00 -1.413511e-01 -2.631888e+00 -2.520720e+00 -2.814417e+00 7.884242e-02 9.044132e-01 -9.512809e-02 9.247200e-02 -6.838097e-01 4.405879e-01 -4.602289e-01 6.938630e-01 -3.022362e-01 -8.385000e-02 1.348904e-01 -1.119261e-01 -3.828934e-01 3.464358e-01 7.551091e-04 6.883438e-02 1.988391e-02 9.895508e-02 -3.288510e-02 8.756981e-02 -8.646065e-03 9.856581e-02 -6.268293e-02 1.227526e-01 3.093510e-02 3.901358e-02 1.108174e-01 1.017244e-03 
7.079056e+00 -6.598109e+00 -5.916144e+00 -5.307176e+00 1.140486e+01 -1.030186e+01 -7.383826e+00 -2.800785e+00 -3.740924e+00 -4.862404e+00 -4.395026e+00 -1.683239e+00 9.059065e-01 -5.952103e-02 6.926898e-03 -5.768450e-01 1.410411e-01 -3.255141e-01 1.954203e-01 -3.089280e-01 -3.323649e-01 -1.929442e-02 -1.847050e-01 -5.532891e-01 4.307549e-01 1.591548e-03 1.371184e-01 8.453982e-02 3.864068e-01 1.035024e-01 3.464351e-01 3.793155e-02 4.165342e-01 1.824826e-01 3.672176e-01 2.302549e-01 2.917930e-01 2.929371e-01 6.272425e-04 
7.287954e+00 -5.913527e+00 -5.501091e+00 -4.677741e+00 1.185292e+01 -8.972886e+00 -7.370580e+00 -1.632696e+00 -3.397362e+00 -3.270456e+00 -4.804226e+00 -1.887679e-04 9.073646e-01 2.155690e-01 1.750910e-01 4.203573e-02 3.534834e-01 2.025207e-01 2.430595e-01 4.951663e-01 -6.671678e-02 7.203142e-01 9.275865e-02 8.243188e-02 7.202529e-01 1.490323e-03 5.596295e-02 6.609322e-02 3.221940e-01 1.385865e-01 2.151219e-01 -1.009300e-02 3.590694e-01 1.233093e-01 3.018591e-01 1.198731e-01 2.798629e-01 1.957352e-01 2.710769e-04 
7.345248e+00 -6.117329e+00 -5.683853e+00 -4.537560e+00 1.207694e+01 -9.622286e+00 -6.980917e+00 -1.952020e+00 -3.053179e+00 -3.630442e+00 -4.772958e+00 6.354845e-01 9.082781e-01 3.091647e-01 3.602092e-01 7.010519e-01 9.172727e-01 7.029041e-01 7.435893e-01 1.207606e+00 6.117921e-01 1.430057e+00 6.558955e-01 7.011492e-01 1.333496e+00 2.065707e-03 -3.159189e-02 2.574823e-02 2.025425e-01 1.168677e-01 2.162703e-02 4.399491e-02 1.955313e-01 2.776810e-02 1.622815e-01 7.467106e-03 1.880933e-01 6.235932e-02 -1.545409e-04 
8.108841e+00 -5.551820e+00 -4.051281e+00 -2.825168e+00 1.405531e+01 -7.809857e+00 -3.914025e+00 -8.992549e-01 6.258854e-01 -2.673077e+00 -2.213532e+00 2.520535e+00 9.106849e-01 2.988450e-04 2.463499e-01 2.883385e-01 7.453763e-01 1.012632e-01 3.693716e-01 7.347574e-01 6.070118e-02 9.195149e-01 6.711540e-02 3.890963e-01 8.737549e-01 1.873913e-03 -1.298366e-01 -9.840448e-02 2.177478e-03 -9.009291e-02 -2.408358e-01 -7.665214e-02 -1.235441e-01 -1.838759e-01 -1.955719e-01 -1.935290e-01 -6.275892e-02 -1.597553e-01 -8.205706e-04 
8.214304e+00 -4.977644e+00 -3.135936e+00 -1.647382e+00 1.381811e+01 -7.165127e+00 -3.073987e+00 -1.085887e-01 1.397578e+00 -1.881532e+00 -2.184530e+00 3.723692e+00 9.145674e-01 -1.097779e-01 9.995935e-02 3.125712e-01 5.293881e-01 -1.667888e-01 3.522215e-01 5.490593e-01 -2.572615e-01 6.925508e-01 -1.344332e-01 2.339081e-01 6.658239e-01 6.325734e-04 -1.481620e-01 -2.168785e-01 -1.059061e-01 -2.618176e-01 -3.764417e-01 -1.900300e-01 -2.623754e-01 -3.318594e-01 -4.182290e-01 -3.217174e-01 -1.674681e-01 -3.514809e-01 -1.491943e-03 
6.854947e+00 -5.251413e+00 -5.333687e+00 -2.395924e+00 1.148887e+01 -8.354735e+00 -5.650030e+00 -2.250814e+00 -1.025387e+00 -3.809372e+00 -4.152587e+00 2.824392e+00 9.135836e-01 -2.241274e-01 -1.868835e-01 2.472565e-01 9.679510e-02 -5.668003e-01 5.558773e-02 2.065814e-01 -5.516037e-01 1.112589e-01 -4.796946e-01 2.203395e-03 2.552367e-01 -1.892726e-03 -8.016883e-02 -2.360303e-01 -2.161314e-02 -2.383776e-01 -3.144644e-01 -1.450716e-01 -1.509179e-01 -2.268745e-01 -3.821003e-01 -2.107346e-01 -9.510772e-02 -3.541591e-01 -1.463449e-03 
7.422824e+00 -5.767497e+00 -3.479574e+00 -2.105486e+00 1.252665e+01 -7.588961e+00 -3.367614e+00 -2.562712e+00 1.235280e+00 -3.734612e+00 -2.633608e+00 3.812710e+00 9.099822e-01 -3.195543e-01 -5.075486e-01 1.919756e-01 -6.770125e-02 -8.452831e-01 -4.967234e-02 1.596191e-01 -7.414830e-01 -2.569869e-01 -6.793061e-01 5.716589e-02 -1.147582e-01 -3.512327e-03 -8.133235e-02 -1.913056e-01 -1.011480e-01 -2.034960e-01 -3.932442e-01 -1.442448e-01 -2.284601e-01 -2.197081e-01 -4.744000e-01 -1.882471e-01 -1.265847e-01 -4.274355e-01 -8.294748e-04 
7.384290e+00 -6.091332e+00 -2.643323e+00 -2.111900e+00 1.186719e+01 -7.320293e+00 -2.734366e+00 -2.430352e+00 1.263573e+00 -4.144911e+00 -1.977891e+00 3.752223e+00 9.034997e-01 -2.957485e-01 -6.300141e-01 2.405357e-01 -1.478682e-01 -1.131835e+00 -1.550232e-01 1.747952e-01 -8.316404e-01 -5.162088e-01 -7.141736e-01 1.844163e-03 -5.067693e-01 -3.373808e-03 -2.911941e-02 -2.870081e-02 -5.256276e-02 -7.060175e-02 -2.570660e-01 9.716263e-03 -8.650900e-02 -1.042080e-01 -3.265832e-01 1.398248e-02 -8.568966e-03 -2.611353e-01 -4.412962e-05 
6.352477e+00 -7.095256e+00 -3.521041e+00 -2.127476e+00 9.402333e+00 -7.930542e+00 -3.733728e+00 -3.725996e+00 -1.031606e+00 -5.110072e+00 -2.985710e+00 2.686301e+00 9.020591e-01 -4.807017e-01 -6.349195e-01 -1.896896e-01 -3.657064e-01 -1.850478e+00 -2.636407e-01 -5.773179e-01 -1.215807e+00 -1.365784e+00 -9.585224e-01 -3.989390e-01 -1.090505e+00 -2.782441e-03 3.552864e-02 1.683847e-01 9.790742e-02 5.965993e-02 -4.149488e-02 2.048461e-01 2.027773e-01 7.856937e-02 -4.804931e-02 2.357266e-01 2.195244e-01 3.831047e-03 1.838164e-04 
5.911864e+00 -7.737472e+00 -4.110410e+00 -3.124768e+00 7.392119e+00 -8.959237e+00 -4.593267e+00 -5.827158e+00 -2.473010e+00 -6.692453e+00 -3.967247e+00 8.540328e-01 9.006888e-01 -2.890340e-01 -2.667486e-01 1.753156e-01 -1.070139e-01 -1.349603e+00 2.111185e-01 1.425311e-01 -8.354663e-01 -9.673099e-01 -2.702132e-01 1.874474e-01 -5.626507e-01 -2.484093e-03 6.919798e-02 2.810686e-01 2.737834e-01 1.675954e-01 1.818848e-01 4.054193e-01 5.195884e-01 2.833149e-01 2.673979e-01 3.700824e-01 5.317247e-01 2.249101e-01 4.313095e-05 
5.756205e+00 -8.119079e+00 -3.694588e+00 -3.428033e+00 5.512039e+00 -8.087863e+00 -5.324391e+00 -6.943264e+00 -3.725378e+00 -7.253337e+00 -3.634177e+00 -1.907766e-01 8.974915e-01 -1.451814e-01 1.527150e-01 7.141148e-01 2.102621e-01 -9.438837e-01 7.915008e-01 1.189682e+00 -3.466703e-01 -2.717023e-01 2.772425e-01 1.061938e+00 -6.759150e-02 -3.038167e-03 4.018272e-02 2.472931e-01 3.184835e-01 7.525285e-02 2.038793e-01 3.002062e-01 6.513246e-01 2.198217e-01 3.641769e-01 2.682085e-01 5.414522e-01 1.475271e-01 1.018983e-04 
6.236873e+00 -6.912958e+00 -1.679983e+00 -1.996916e+00 7.064313e+00 -6.185999e+00 -1.226125e+00 -4.999362e+00 -2.226143e+00 -4.424113e+00 -7.167575e-01 2.377594e+00 8.933806e-01 -1.175097e-01 3.816385e-01 1.157498e+00 4.018919e-01 -6.756349e-01 1.344570e+00 1.889336e+00 1.503595e-01 2.736350e-01 5.183628e-01 1.929962e+00 1.064743e-01 -3.032840e-03 -7.267867e-02 1.232146e-01 1.633862e-01 -2.141276e-01 -2.412000e-02 6.528556e-02 3.275695e-01 -1.122117e-01 1.413237e-01 -2.849396e-02 2.048872e-01 -2.719196e-01 2.318987e-04 
5.464154e+00 -6.744140e+00 -1.165485e+00 -1.640053e+00 4.846543e+00 -5.359523e+00 5.308524e-01 -5.873463e+00 -2.513429e+00 -4.857798e+00 6.984491e-01 1.586427e+00 8.905346e-01 -3.653348e-01 2.773320e-01 9.117629e-01 -2.439143e-01 -1.168048e+00 6.707240e-01 1.806047e+00 -6.095738e-01 -1.654329e-01 -1.175143e-02 1.437096e+00 -6.873329e-01 -1.999279e-03 -9.863970e-02 4.363810e-02 4.338544e-02 -4.539953e-01 -6.471590e-02 -7.269029e-02 6.882703e-02 -3.478331e-01 -1.862326e-02 -8.776487e-02 -1.520966e-01 -4.818215e-01 2.871044e-04 
5.469731e+00 -6.516909e+00 4.129483e-01 -2.008826e+00 4.346323e+00 -3.600612e+00 1.925396e+00 -5.610490e+00 -1.710645e+00 -5.298568e+00 3.516174e+00 4.976792e-01 8.890062e-01 -5.425563e-01 2.869709e-01 8.934937e-01 -9.506165e-01 -1.358164e+00 5.979493e-01 1.472172e+00 -1.265128e+00 -3.137461e-01 -2.680917e-01 1.024338e+00 -1.612320e+00 -1.839449e-03 -1.090387e-01 -1.155326e-02 -7.307944e-02 -5.706891e-01 -1.232590e-01 -1.828642e-01 -9.330212e-02 -4.962184e-01 -1.835726e-01 -6.252571e-02 -5.022436e-01 -5.105678e-01 -1.402943e-04 
4.313187e+00 -6.930289e+00 -1.821799e-01 -4.641092e+00 1.030925e+00 -6.026882e+00 2.129978e+00 -9.685697e+00 -4.810163e+00 -6.874927e+00 1.434828e+00 -2.687249e+00 8.896738e-01 -4.259686e-01 4.183007e-01 1.063028e+00 -1.383364e+00 -9.261710e-01 8.013009e-01 1.742355e+00 -1.378074e+00 -7.119678e-02 2.317672e-01 7.544352e-01 -1.617289e+00 -2.196401e-03 -1.639342e-02 -2.740175e-02 -5.937255e-02 -4.313147e-01 -1.066609e-01 -2.580261e-02 -1.623404e-01 -2.291182e-01 -2.107427e-01 7.461340e-02 -5.670789e-01 -1.897158e-01 -6.602961e-04 
4.099726e+00 -5.384927e+00 2.296241e+00 -5.249454e+00 2.181266e+00 -2.862495e+00 5.335588e+00 -9.418793e+00 -2.646501e+00 -4.756109e+00 4.036397e+00 -3.547177e+00 8.846142e-01 -6.324896e-01 2.533209e-01 7.163867e-01 -1.881632e+00 -1.412975e+00 3.650160e-01 1.454487e+00 -1.946381e+00 -6.912705e-01 8.390342e-02 -2.400387e-01 -1.981398e+00 -3.634863e-03 5.334503e-02 6.967579e-03 -1.160772e-01 -2.119000e-01 -2.148757e-01 3.476207e-02 -2.303722e-01 1.324850e-01 -2.886890e-01 8.511391e-02 -6.111283e-01 2.145185e-01 -7.439950e-04 
4.019615e+00 -5.218355e+00 3.207747e+00 -6.936193e+00 1.298331e+00 -1.722095e+00 7.537422e+00 -1.085946e+01 -2.401500e+00 -3.970587e+00 4.210409e+00 -4.477292e+00 8.817506e-01 -4.023662e-01 1.571902e-01 7.033237e-01 -1.934974e+00 -1.673942e+00 6.582016e-01 1.003267e+00 -1.414503e+00 -1.030376e+00 1.853695e-01 -7.660742e-01 -1.451250e+00 -4.402042e-03 9.552261e-02 1.225094e-01 -1.411773e-01 4.527798e-03 -3.313079e-01 1.704297e-01 -3.459559e-01 4.748662e-01 -2.373569e-01 7.878271e-03 -5.260119e-01 4.673792e-01 -5.196107e-04 
2.453895e+00 -6.106096e+00 2.299697e+00 -1.026982e+01 -2.852231e+00 -3.927826e+00 6.494274e+00 -1.475557e+01 -6.371270e+00 -6.331049e+00 9.281993e-01 -8.514159e+00 8.747762e-01 -2.874062e-01 4.522950e-01 4.929914e-01 -1.734248e+00 -2.058701e+00 8.433142e-01 6.898266e-01 -5.845394e-01 -1.277564e+00 1.806652e-01 -1.271035e+00 -6.226602e-01 -4.449991e-03 1.894768e-01 2.886773e-01 -4.348304e-02 1.660260e-01 -1.708866e-01 3.823027e-01 -3.050462e-01 7.707325e-01 1.313188e-01 3.321232e-02 -2.437286e-01 6.317155e-01 2.710350e-05 
3.124193e+00 -5.783864e+00 3.332532e+00 -1.180584e+01 -4.822362e+00 -2.203038e+00 6.566761e+00 -1.408984e+01 -8.099649e+00 -5.160739e+00 -8.413754e-01 -7.460219e+00 8.725626e-01 -1.209686e-01 9.314853e-01 4.688533e-01 -1.434393e+00 -2.259936e+00 1.414259e+00 3.949084e-01 3.152876e-01 -9.648452e-01 2.227275e-01 -1.360124e+00 4.019626e-02 -4.386059e-03 1.565347e-01 3.340330e-01 -4.195788e-03 1.673422e-01 1.496326e-02 3.327279e-01 -2.339449e-01 6.435786e-01 5.162769e-01 -6.663735e-02 7.218830e-02 3.281827e-01 1.001174e-04 
3.109997e+00 -2.841097e+00 4.698256e+00 -1.148608e+01 -5.051881e+00 1.594226e+00 9.270115e+00 -1.072623e+01 -6.185031e+00 -3.257700e+00 2.072279e-01 -5.169171e+00 8.669410e-01 1.742648e-01 1.309725e+00 6.162374e-01 -1.301809e+00 -1.974270e+00 1.898456e+00 2.334682e-01 1.042452e+00 -6.757231e-02 2.312137e-01 -1.161828e+00 4.315193e-01 -3.506999e-03 1.488991e-01 1.933637e-01 7.638673e-02 1.524581e-01 2.601739e-01 1.314657e-01 -1.381870e-01 3.421868e-01 7.760108e-01 -1.439362e-01 3.456618e-01 -7.090945e-02 -3.290621e-04 
3.086673e+00 -2.193746e+00 4.352697e+00 -1.350037e+01 -8.901543e+00 2.588080e+00 8.124308e+00 -1.129761e+01 -7.318941e+00 -4.393642e+00 -2.229846e+00 -5.948641e+00 8.637260e-01 1.494416e-01 1.398627e+00 6.206864e-01 -1.314451e+00 -1.641271e+00 1.794284e+00 6.163172e-02 9.899707e-01 9.459010e-01 -1.730825e-01 -4.597690e-01 -3.375196e-01 -4.375404e-03 1.408999e-01 1.353709e-02 1.004393e-01 1.999456e-01 4.380927e-01 -1.810039e-01 -8.061033e-03 1.101820e-01 7.795092e-01 -1.533298e-01 5.171792e-01 -2.754549e-01 -1.207010e-03 
3.343739e+00 -1.352542e+00 4.871035e+00 -1.593198e+01 -1.068388e+01 3.168517e+00 6.882833e+00 -1.093941e+01 -7.099434e+00 -5.558638e+00 -4.186574e+00 -7.112425e+00 8.616706e-01 3.217798e-01 1.185539e+00 7.990240e-01 -1.032017e+00 -1.067184e+00 1.310542e+00 1.653550e-01 7.891127e-01 1.647090e+00 -3.411473e-01 7.112899e-03 -7.883170e-01 -6.101558e-03 1.264286e-01 -1.699268e-01 2.736497e-02 2.866686e-01 3.362963e-01 -5.319552e-01 8.830065e-02 -1.327733e-01 4.008614e-01 -1.312534e-01 5.302563e-01 -2.645991e-01 -1.885506e-03 
3.754943e+00 4.653045e-01 6.349640e+00 -1.615508e+01 -1.021277e+01 5.981265e+00 8.068747e+00 -9.033506e+00 -2.912645e+00 -4.875514e+00 -9.433356e-01 -8.176065e+00 8.533258e-01 5.097851e-01 1.061266e+00 8.797681e-01 -5.696695e-01 -5.229122e-01 8.032064e-01 3.888141e-01 9.928817e-01 2.075357e+00 -2.577606e-01 6.412772e-01 -7.270844e-01 -9.127655e-03 1.168296e-01 -3.569168e-01 -1.912468e-01 2.765433e-01 -1.440680e-01 -9.149803e-01 -1.023093e-01 -4.094175e-01 -4.287897e-01 -2.523255e-01 2.007575e-01 -6.026794e-02 -1.951396e-03 
4.384172e+00 1.757118e+00 7.695014e+00 -1.531858e+01 -9.732314e+00 6.450356e+00 1.012487e+01 -7.913032e+00 -1.526473e-01 -4.722448e+00 -4.004545e-01 -7.997175e+00 8.416256e-01 6.263728e-01 6.287210e-01 6.236208e-01 -2.408310e-01 -8.519745e-01 -2.658184e-01 5.114179e-01 3.771668e-01 1.372066e+00 -3.826561e-01 9.389608e-01 -6.967357e-01 -1.056079e-02 1.400999e-01 -3.082578e-01 -3.425463e-01 4.952493e-01 -5.452029e-01 -9.283472e-01 -2.843649e-01 -3.289794e-01 -9.460342e-01 -3.024875e-01 1.772186e-01 3.171126e-01 -2.095643e-03 
5.115314e+00 1.557489e+00 7.339473e+00 -1.665487e+01 -1.199181e+01 4.963346e+00 8.447371e+00 -7.846633e+00 -4.156818e-01 -6.100743e+00 -9.161462e-01 -9.141844e+00 8.281335e-01 5.816096e-01 -1.074488e-01 -2.478102e-01 -3.271646e-01 -2.469241e+00 -1.992447e+00 -6.228462e-01 -8.511856e-01 -1.060604e+00 -1.413921e+00 7.824084e-02 -6.847337e-01 -1.190335e-02 2.187102e-01 -1.025615e-01 -4.099458e-01 9.344332e-01 -5.677698e-01 -8.822175e-01 -3.788648e-01 1.641568e-02 -1.025844e+00 -2.493525e-01 1.790540e-01 6.886368e-01 -3.263867e-03 
5.795247e+00 1.244565e+00 7.494206e+00 -1.688575e+01 -1.405419e+01 2.348506e+00 9.250981e+00 -9.647256e+00 -1.487719e+00 -6.859691e+00 4.949820e-01 -1.011304e+01 8.214577e-01 9.865128e-01 2.286212e-01 -3.499473e-01 1.323041e+00 -2.820051e+00 -1.933374e+00 -7.505883e-01 6.627364e-02 -1.515184e+00 -1.275558e+00 1.174856e+00 7.761344e-01 -1.519583e-02 2.403081e-01 2.014921e-01 -3.610550e-01 1.266390e+00 2.354849e-02 -6.649012e-01 -6.517973e-01 5.114350e-01 -5.099075e-01 1.868946e-03 5.360495e-02 7.769470e-01 -5.525518e-03 
5.956990e+00 1.844754e-01 5.210834e+00 -1.700761e+01 -2.039837e+01 -1.930061e+00 5.391518e+00 -1.242201e+01 -7.548085e+00 -1.087623e+01 -9.995269e-01 -1.054187e+01 8.039075e-01 1.423361e+00 7.485186e-01 -6.831471e-01 3.320430e+00 -2.377726e+00 -2.774093e+00 -8.745065e-01 1.230418e+00 -1.610218e+00 -1.058051e+00 1.418655e+00 1.979764e+00 -2.312868e-02 1.912221e-01 4.421887e-01 -3.248261e-02 1.327547e+00 1.066164e+00 -1.774210e-01 -7.492660e-01 6.447172e-01 5.764368e-01 4.791675e-01 -1.237740e-02 6.149319e-01 -7.712375e-03 
8.896264e+00 3.586519e+00 7.009273e+00 -8.526731e+00 -1.962964e+01 2.304146e-01 7.899856e+00 -5.293787e+00 -4.162215e+00 -8.712417e+00 5.515499e+00 -3.416505e+00 7.777665e-01 1.407083e+00 1.208173e+00 -9.640005e-01 4.267171e+00 -7.800413e-01 -3.199489e+00 -2.621789e+00 1.893623e+00 -9.025769e-01 -5.511821e-01 5.367407e-01 1.855770e+00 -3.257991e-02 -1.546341e-01 3.376332e-01 2.278609e-01 5.801498e-01 1.506873e+00 1.517573e-01 -1.068744e+00 -8.749753e-02 8.874047e-01 6.249411e-01 -4.634710e-01 -1.291163e-01 -9.530600e-03 
1.068153e+01 4.129241e+00 4.166096e+00 -4.232005e+00 -2.109296e+01 -7.848289e+00 4.749807e+00 -3.871461e+00 -7.129593e+00 -1.046452e+01 3.667075e+00 -2.591099e+00 7.343387e-01 1.327323e+00 1.613781e+00 -1.032659e-01 4.838514e+00 1.841535e+00 -2.246432e+00 -3.433532e+00 1.458639e+00 1.515305e+00 6.197367e-01 3.354510e-01 1.850113e+00 -4.177008e-02 -7.047606e-01 3.105386e-01 6.658265e-01 -2.455665e-01 1.451886e+00 9.027524e-01 -9.386180e-01 -8.360209e-01 7.934376e-01 1.031614e+00 -4.025359e-01 -7.528942e-01 -1.192938e-02 
1.046908e+01 5.313217e+00 3.196613e+00 -1.937362e+00 -1.760680e+01 -1.068977e+01 -3.537241e+00 -4.454632e+00 -6.209905e+00 -9.821430e+00 8.452718e-01 -4.809393e+00 6.933529e-01 2.613495e-01 1.484172e+00 4.995228e-01 3.464731e+00 2.604656e+00 -1.438470e+00 -4.814795e+00 -4.853995e-01 1.359090e+00 1.010289e+00 -6.009472e-01 1.952272e-01 -5.352284e-02 -1.263759e+00 5.054165e-02 7.867876e-01 -7.385156e-01 7.136378e-01 1.293701e+00 5.046435e-01 -8.337103e-01 1.538017e-02 9.837294e-01 -4.167143e-01 -9.559398e-01 -1.685158e-02 
1.180714e+01 7.390068e+00 6.601130e+00 3.890179e+00 -1.220157e+01 -7.701744e+00 -6.057722e+00 -5.548460e+00 1.052151e+00 -7.222866e+00 3.012717e+00 -5.947772e-01 6.372586e-01 -1.527550e+00 2.163283e+00 1.914391e+00 2.493940e+00 3.189372e+00 8.591939e-01 -4.471003e+00 -1.760161e+00 1.226145e+00 3.319288e+00 -2.509824e-02 -9.545090e-01 -7.229743e-02 -1.651647e+00 -4.939487e-01 1.917167e-01 -1.016505e+00 -2.391559e-02 1.232379e+00 1.641359e+00 -2.025957e-01 -8.195022e-01 7.548057e-01 -5.957110e-01 -8.557025e-01 -2.373626e-02 
9.640082e+00 9.377054e+00 8.289374e+00 4.735839e+00 -1.105177e+01 -7.035103e+00 -1.077047e+01 -6.882545e+00 -1.457560e+00 -5.281916e+00 2.837799e+00 -3.438759e+00 5.586776e-01 -3.484107e+00 1.186141e+00 1.961153e+00 1.746846e+00 2.114310e+00 1.716247e+00 4.202417e-01 -6.656311e-01 -6.811220e-01 3.017657e+00 -1.366471e+00 -1.521732e+00 -1.015728e-01 -1.341206e+00 -1.050316e+00 -5.193390e-01 -9.580823e-01 -2.552263e-01 8.707131e-01 2.228889e+00 5.026277e-01 -7.359322e-01 3.639782e-01 -3.143912e-01 5.011088e-02 -2.289571e-02 
3.458328e+00 1.291390e+01 1.119168e+01 4.901214e+00 -8.423836e+00 -5.379637e+00 -1.398859e+01 -1.145836e+01 -3.374976e+00 3.861953e+00 2.544607e+00 -8.049102e+00 4.401999e-01 -5.058143e+00 -7.069530e-01 1.244837e-01 6.147968e-01 1.967196e+00 2.338189e+00 2.155694e+00 5.357739e-01 -1.562085e+00 3.390038e+00 -2.260360e+00 -1.569893e+00 -1.364315e-01 -4.391873e-01 -1.364874e+00 -1.077174e+00 -8.352120e-01 -4.158111e-01 4.004239e-01 1.610010e+00 9.384403e-01 -4.347192e-02 -6.327158e-01 -2.369836e-01 8.358681e-01 -9.512791e-03 
-2.776664e+00 8.482253e+00 1.070713e+01 6.291560e+00 -8.924055e+00 -3.269806e+00 2.529576e+00 -4.827687e+00 -7.401644e+00 -2.754109e-01 -5.753135e+00 -8.690766e+00 2.840216e-01 -4.679487e+00 -2.332310e+00 -1.202257e+00 -3.860564e-01 1.939545e+00 2.175671e+00 3.016311e+00 8.797691e-01 -9.264259e-01 2.794801e+00 -1.055136e+00 7.535066e-01 -1.359360e-01 6.401951e-01 -7.174236e-01 -9.508004e-01 -6.080008e-01 -1.702325e-01 2.355074e-01 -2.818993e-01 4.512571e-01 9.059759e-01 -6.537167e-01 4.622092e-01 1.028237e+00 1.291852e-02 
-7.275066e+00 4.302553e+00 6.014833e+00 6.186654e+00 -3.429323e+00 2.106777e+00 -1.929284e+00 -3.896797e+00 -3.786318e+00 7.224071e+00 -3.993530e+00 -5.818254e+00 9.242643e-02 -3.125798e+00 -2.901865e+00 -1.889766e+00 -6.156113e-01 1.197580e+00 2.631556e+00 2.281047e+00 2.159272e+00 1.131401e+00 2.670959e-01 -1.365632e+00 2.087246e+00 -1.026809e-01 1.356778e+00 2.860050e-01 -3.513205e-01 -2.532617e-01 -3.463525e-01 -1.563026e-01 -6.662893e-01 5.088230e-01 1.116830e+00 -6.025110e-01 1.137312e+00 8.362966e-01 3.214433e-02 
-8.391047e+00 2.021258e+00 4.866043e+00 2.162668e+00 -3.851024e+00 1.000318e-01 -1.718447e+00 -6.264428e+00 -5.884376e+00 7.010772e+00 8.316771e-01 -7.865063e-01 5.288116e-02 -1.249407e+00 -1.303445e+00 -1.785735e+00 -6.778949e-01 1.647974e+00 2.747160e+00 -1.051840e+00 7.789659e-01 2.501957e+00 1.310629e+00 4.971054e-01 1.790868e+00 -5.385315e-02 1.413645e+00 9.442556e-01 1.687118e-01 7.444283e-02 -3.694917e-01 -5.814956e-01 -5.311817e-01 4.534003e-01 6.000758e-01 -3.087815e-01 1.154198e+00 8.892737e-02 3.267680e-02 
-9.363538e+00 1.635158e+00 4.663316e+00 3.887888e+00 -4.972263e+00 6.092971e+00 -4.596782e-01 5.653382e-02 1.523499e+00 1.554638e+00 -7.575729e+00 -1.564835e+00 4.235801e-02 1.067576e-02 2.086550e-01 -1.340365e+00 -5.055360e-01 3.812220e-01 1.270979e+00 8.584367e-01 3.130293e+00 2.307831e+00 1.119596e+00 2.649983e+00 2.092827e+00 -1.674617e-02 1.100658e+00 8.240372e-01 4.333332e-01 3.282795e-02 -4.358433e-01 -9.640039e-01 -8.653564e-04 2.832479e-01 6.341002e-02 1.065893e-01 1.089087e+00 -1.604695e-01 1.985484e-02 
-7.978829e+00 3.298629e+00 2.454046e+00 4.051431e+00 8.704130e-02 8.472905e+00 -3.464754e+00 -2.909557e+00 2.453447e+00 9.112582e+00 -1.476247e+00 -1.862985e+00 3.977554e-02 8.204822e-01 8.337194e-01 -6.334511e-01 -6.893459e-02 5.003890e-01 -5.157791e-02 1.071739e+00 2.661209e+00 1.485729e+00 8.246059e-01 2.708179e+00 1.195436e+00 -1.552082e-02 6.665198e-01 1.225465e-01 5.398453e-01 1.433960e-01 -6.675629e-01 -6.070237e-01 5.560699e-01 -3.610137e-03 -9.130560e-02 -6.887922e-01 2.240670e-01 -8.301505e-02 6.372193e-03 
-7.427684e+00 4.706947e+00 5.193034e-01 2.714226e+00 -3.492469e+00 4.275155e+00 3.235678e+00 1.007746e+01 3.584247e+00 1.177103e+01 1.041049e+01 5.184200e+00 1.525079e-02 1.342787e+00 1.497029e-01 -2.992101e-01 -7.559034e-01 -4.078781e-01 -7.891243e-01 1.214776e+00 2.634344e+00 1.956547e+00 1.043127e+00 2.974250e+00 1.582708e+00 -2.257993e-02 2.565246e-01 -5.884087e-01 4.658107e-01 3.051979e-01 -4.713289e-01 3.138588e-02 -1.022477e-02 -1.168958e+00 -8.787256e-02 -1.041097e+00 -4.124012e-01 -2.090347e-01 1.590670e-03 
-5.256059e+00 4.654312e+00 3.771007e+00 2.404547e+00 -2.088998e+00 7.512274e-01 1.792933e+00 2.031452e+00 5.139558e-01 6.025769e+00 5.379099e+00 1.816387e+00 -1.117128e-02 1.417257e+00 -6.612543e-01 3.928421e-01 1.643203e-01 -1.295382e+00 7.421375e-01 1.550323e+00 1.008850e+00 2.220988e+00 -2.095127e+00 1.455417e+00 1.630945e+00 -1.907968e-02 -1.021303e-01 -8.609508e-01 2.875918e-03 3.293973e-01 -3.447990e-01 3.244252e-01 -9.194349e-02 -1.111727e+00 -1.528714e-01 -9.920734e-01 -4.071703e-01 -2.436018e-01 6.135343e-03 
-4.011798e+00 1.705767e+00 2.508568e+00 9.317431e-01 -5.924383e+00 6.007844e+00 2.985838e+00 1.075761e+01 1.227589e+01 8.313597e+00 3.867370e+00 4.508869e+00 -4.505969e-02 9.950585e-01 -1.985913e+00 4.754794e-01 9.037060e-01 -1.077614e+00 1.031058e+00 5.679399e-01 -1.888328e+00 1.500807e+00 -2.626071e+00 1.214492e+00 8.299518e-01 -7.012583e-03 -3.923556e-01 -6.300899e-01 -2.728769e-01 2.500151e-01 6.819171e-02 -2.056608e-02 -2.555822e-01 -1.135537e+00 -6.590648e-01 -7.602083e-01 -6.840392e-01 -7.818905e-01 9.641794e-03 
-2.600216e+00 1.492978e+00 3.423529e+00 5.764282e+00 -5.174328e+00 1.131726e+01 4.412025e+00 1.794689e+00 9.212440e+00 3.655492e-01 9.072322e+00 6.629301e+00 -2.547152e-02 4.837411e-01 -2.403225e+00 -1.006408e+00 7.483055e-01 -8.887776e-01 6.604702e-01 9.355121e-01 -6.361886e-01 9.492355e-01 -2.301103e+00 1.552290e+00 3.537745e-01 7.372032e-03 -5.532122e-01 -2.531407e-01 -2.998542e-01 -2.529074e-01 4.301615e-01 -4.923022e-01 -1.484522e-01 -4.826557e-01 -8.587369e-01 7.701714e-02 -8.182523e-01 -1.115098e+00 6.623290e-03 
-3.780084e+00 -3.641861e+00 3.070292e+00 5.553555e+00 -7.337738e+00 4.147286e+00 4.765629e+00 7.541548e-01 6.739108e+00 1.470665e+00 1.463617e+01 6.927452e+00 -1.266454e-02 -1.525063e-01 -2.129807e+00 -9.640951e-01 2.022454e-01 -2.703096e-01 -8.511007e-01 2.443424e-01 -2.220929e+00 -7.029413e-01 -2.654943e+00 -4.942553e-01 -1.688154e+00 1.240665e-02 -4.885641e-01 3.080518e-01 -1.186527e-01 -4.507046e-01 6.233293e-01 -1.313602e-01 1.549236e-01 2.638584e-01 -7.481931e-01 1.922697e-01 -8.385793e-01 -8.995898e-01 -5.249532e-04 
-2.952605e+00 -4.687829e+00 -1.541760e+00 3.835206e+00 -5.826096e+00 4.984178e+00 5.580646e+00 3.852169e+00 8.028475e+00 -2.058336e+00 7.755903e+00 2.376168e+00 9.470967e-03 -7.751213e-01 -1.855099e+00 -3.867697e-01 -7.494285e-01 4.517776e-01 -7.783261e-01 9.698077e-01 -1.238097e+00 -9.708619e-01 -1.695535e+00 -1.781384e+00 -2.685458e+00 4.335280e-03 -2.736767e-01 6.001169e-01 2.715571e-01 -1.455288e-01 5.470843e-01 1.557292e-02 -1.559498e-01 4.772694e-02 -5.400202e-01 4.231542e-01 -3.155842e-01 -1.880017e-01 -6.829084e-03 
-4.597929e+00 -5.852869e+00 1.710575e-01 2.907088e+00 -6.950081e+00 4.918807e+00 3.623501e+00 -1.375839e+00 9.353286e+00 -3.749139e+00 2.054292e+00 -1.805067e+00 -5.075809e-04 -8.184602e-01 -7.197762e-01 -4.277571e-01 -6.009654e-01 1.368901e+00 1.093579e+00 1.325430e+00 -2.680737e-01 -1.280101e+00 -1.967557e+00 -1.311748e+00 -2.148430e+00 -8.115404e-03 8.628717e-02 6.295498e-01 1.342700e-01 2.975027e-01 4.218625e-01 1.412153e-01 -3.161668e-01 2.037809e-01 -2.087809e-01 6.979385e-01 5.007983e-01 6.362506e-01 -7.778266e-03 
-6.067312e+00 -6.677382e+00 2.939364e+00 3.339996e+00 -3.109754e+00 7.039773e+00 9.831980e+00 -3.330663e+00 3.051338e+00 -5.501946e+00 6.456251e+00 -2.431610e+00 -9.871254e-03 -5.517124e-01 -1.077070e-01 8.330707e-02 4.222420e-01 1.027145e+00 -2.338775e-01 -3.846890e-01 -1.373998e+00 -1.462340e+00 -5.291363e-01 3.831091e-01 -3.560193e-01 -1.651708e-02 4.434876e-01 5.555407e-01 -7.857966e-02 4.647216e-01 7.227992e-02 -2.917635e-01 -7.299937e-01 2.074930e-04 -2.977247e-02 6.728259e-01 5.191981e-01 8.277263e-01 -4.428528e-03 
-6.315759e+00 -6.246029e+00 -1.309084e+00 2.796226e+00 -1.851791e+00 8.587125e+00 9.266803e+00 3.005151e+00 2.827168e+00 -6.644975e+00 8.727469e+00 -1.410767e+00 -4.356642e-02 1.671434e-01 1.442810e-01 -5.276223e-01 1.103815e+00 1.551342e+00 -4.172659e-01 -6.592928e-01 -1.134133e+00 -1.501049e+00 2.515070e-01 9.273456e-01 3.283183e-01 -1.606424e-02 5.036998e-01 3.335505e-01 1.667011e-02 2.995784e-01 -2.048596e-01 -6.293479e-01 -5.956911e-01 -8.321107e-02 7.603053e-02 7.958905e-01 3.259313e-01 5.119807e-01 -1.303175e-03 
-4.851953e+00 -5.029959e+00 -3.856754e-01 6.002038e+00 -3.239339e+00 1.980346e+00 8.355179e-01 -5.208168e+00 3.980043e+00 -3.255929e+00 6.334805e+00 3.989615e-01 -5.157737e-02 9.494815e-01 4.905063e-01 -7.296247e-01 7.216346e-01 7.219945e-01 -1.481663e+00 -1.687802e+00 -8.040276e-01 -1.009136e+00 5.591337e-01 -3.050597e-01 2.148736e-01 -1.383196e-02 3.141916e-01 1.365021e-01 5.538721e-03 -7.779070e-02 -4.479035e-01 -1.784201e-01 2.533483e-01 6.065074e-01 7.426497e-02 5.730078e-01 -1.168112e-01 -7.701582e-02 -9.826260e-04 
-4.369764e+00 -5.954930e+00 -8.049529e-01 7.095532e+00 8.716892e-01 5.362396e+00 4.825237e+00 -6.107605e+00 1.383898e+00 -3.614498e+00 6.751709e+00 -1.578530e+00 -5.997481e-02 9.492780e-01 6.490315e-01 6.210344e-02 7.470722e-01 4.971417e-01 -1.429305e+00 -1.001412e+00 -9.691221e-01 -1.126569e+00 1.467901e+00 6.618732e-01 1.259678e-01 -1.596834e-02 5.043623e-02 9.348476e-02 1.281586e-01 -2.742717e-01 -8.613847e-01 -8.733191e-02 5.802736e-01 9.601740e-01 -8.600891e-02 2.294642e-01 -2.564387e-01 -1.070282e-02 -2.428658e-03 
-2.292447e+00 -4.370412e+00 -9.608380e-01 4.798599e+00 -8.617842e-01 1.244024e+00 3.613566e+00 -2.794670e+00 -1.272876e+00 -4.221798e+00 5.918808e+00 -1.273533e+00 -7.083175e-02 6.282040e-01 3.223422e-01 -1.838207e-01 2.116496e-01 -6.853769e-01 -6.199823e-01 1.053097e+00 1.575993e+00 -1.278144e+00 1.727746e+00 -6.832583e-02 -6.399369e-01 -2.147179e-02 -2.476429e-01 5.150667e-02 9.594306e-02 -4.979431e-02 -4.921379e-01 2.359208e-01 6.584699e-01 1.025643e+00 4.055820e-04 -1.586749e-01 -2.140870e-01 2.829027e-01 -2.042219e-03 
-2.848663e+00 -3.330863e+00 -7.105002e-01 7.133555e+00 -5.553926e-01 1.809016e+00 2.870668e+00 -3.047159e+00 -1.790751e-01 1.177290e+00 1.224487e+01 5.544691e-02 -1.137852e-01 5.799819e-01 6.957629e-01 -1.596827e-01 -1.250941e-02 -2.051911e+00 -1.284754e+00 8.715813e-01 2.476819e+00 -1.796588e+00 8.145516e-01 -4.733001e-01 7.022883e-01 -2.438600e-02 -4.081359e-01 7.073271e-02 -6.037656e-02 5.935617e-02 1.140614e-01 3.222548e-01 2.842054e-02 8.898157e-01 2.164582e-01 -6.539382e-01 -5.763935e-01 3.964954e-01 1.471355e-03 
-2.471430e+00 -4.730194e+00 -1.352087e+00 7.041476e+00 -5.952936e+00 6.571219e-01 7.078216e+00 1.141625e+00 -1.629185e+00 2.987144e+00 3.246546e+00 -3.617649e+00 -1.320382e-01 -1.042842e-01 7.246796e-01 -1.389523e-01 8.525225e-01 -4.641651e-01 -3.743452e-01 6.679587e-01 2.601159e+00 -6.720608e-01 9.229744e-02 -8.078648e-01 1.341217e+00 -1.984153e-02 -4.180985e-01 2.186767e-01 -6.753557e-02 8.264431e-02 1.006394e+00 4.224036e-01 -8.906133e-01 5.750543e-02 3.814075e-01 -7.058081e-01 -3.115005e-01 2.315878e-01 5.020545e-03 
-1.380800e+00 -2.296449e+00 -1.407760e+00 5.911792e+00 -6.841910e+00 -7.677500e-01 7.450953e+00 4.307785e+00 -7.420921e+00 -3.146445e+00 5.721685e+00 3.104852e+00 -1.512926e-01 -7.250680e-01 8.014464e-01 -2.622931e-01 7.234846e-01 9.569827e-01 5.912665e-02 -6.668211e-01 2.967361e+00 -3.473811e-01 -9.841656e-01 -1.850236e+00 1.117845e+00 -9.426002e-03 -2.631322e-01 1.007224e-01 -5.880507e-02 9.084578e-02 1.367669e+00 6.670394e-01 -9.979949e-01 -5.287017e-01 7.397514e-01 -1.113017e-02 -1.154806e-01 -4.299709e-01 6.475482e-03 
-3.547862e+00 -1.263961e+00 -1.306780e+00 9.672367e+00 -3.924913e-02 6.610729e-01 4.662970e+00 6.533444e+00 -1.012329e+00 -1.598432e+00 5.140739e+00 3.908004e+00 -1.512926e-01 -8.097110e-01 1.362911e+00 -4.702590e-01 2.569748e-01 2.842301e+00 8.200843e-01 -2.630871e+00 1.618244e+00 -9.562568e-02 -9.018858e-01 -9.374279e-01 3.102008e-01 -3.847968e-03 8.563270e-02 -5.753987e-02 -6.526564e-02 -1.266452e-01 5.598804e-01 3.908466e-01 -4.752768e-01 -8.078575e-01 4.362381e-01 5.618115e-01 3.028512e-01 -6.343378e-01 4.911914e-03 
-5.935483e+00 -1.056629e+00 -2.044355e+00 9.435528e+00 1.272524e+00 2.102467e+00 7.446334e-01 9.093718e+00 -2.224589e+00 -1.450682e+00 2.046589e+00 1.881724e+00 -1.512926e-01 -3.828332e-01 8.801926e-01 -2.879457e-01 7.396722e-01 3.133281e+00 1.453187e+00 -2.468833e+00 3.246859e-01 1.613963e+00 1.256021e+00 -9.858044e-01 -9.321105e-01 -1.415153e-06 3.082285e-01 -2.180291e-01 2.758324e-02 -1.368717e-01 -3.812658e-01 3.641571e-02 4.823017e-01 -8.173346e-01 2.942410e-01 9.588381e-01 6.836034e-01 -4.026530e-01 2.270947e-03 
-4.242498e+00 1.464414e+00 -3.385122e+00 6.564590e+00 4.201364e+00 3.322247e+00 -2.722592e+00 6.840100e+00 -4.705695e+00 -2.370135e+00 3.971003e-01 -1.454990e+00 -1.512926e-01 1.529006e-01 3.976460e-01 -4.523684e-01 2.113413e-01 1.247077e+00 8.828774e-01 -8.073493e-01 -1.167857e-01 5.285075e-01 1.781431e+00 2.741420e-01 -8.055172e-01 -1.415153e-06 2.487436e-01 -3.313811e-01 8.991901e-02 -1.734746e-01 -1.132147e+00 -2.042583e-01 1.179880e+00 -4.452161e-01 1.053585e-01 5.833818e-01 5.097458e-01 -1.923745e-02 7.697088e-04 
-2.947534e+00 7.403565e-01 -1.808608e+00 1.116395e+01 6.704660e+00 5.167720e+00 -1.200737e+00 5.778162e+00 2.495421e+00 3.519683e+00 3.164525e+00 1.125649e+00 -1.512926e-01 3.348018e-01 1.938524e-01 -1.331781e-01 6.179916e-02 -1.518314e-01 2.098482e-01 8.329839e-01 -2.516891e-01 8.117958e-01 2.468449e+00 9.620714e-01 -3.375960e-01 -1.415153e-06 1.698505e-02 -1.745292e-01 3.072621e-02 -4.449839e-01 -1.172293e+00 -1.054875e-01 1.063340e+00 -1.330077e-01 -3.400865e-01 -1.810359e-01 8.696321e-02 1.282795e-01 3.910778e-07 
-4.276977e+00 -1.743439e-01 -3.686909e+00 9.864313e+00 3.480410e+00 3.542784e+00 1.599021e+00 7.607615e+00 -7.300175e-01 4.823216e+00 5.952795e+00 2.583031e-01 -1.512926e-01 7.517542e-02 4.918308e-02 -9.796498e-02 -2.715102e-01 -1.175920e+00 4.204591e-01 1.617481e+00 -3.196398e-01 8.321652e-01 1.408866e+00 6.374454e-01 -8.326276e-02 -1.415153e-06 -1.203102e-01 -4.610817e-02 6.377116e-02 -3.388709e-01 -5.280324e-01 2.844622e-01 4.875852e-01 -5.765974e-02 -1.454495e-01 -4.548081e-01 -4.891206e-01 4.168338e-02 3.910778e-07 
-4.244526e+00 7.320119e-01 -2.559621e+00 8.094199e+00 8.738856e-01 3.041367e+00 2.748876e+00 7.451665e+00 -1.535800e-01 7.294934e+00 4.079447e+00 -6.629666e-01 -1.512926e-01 -2.589206e-01 1.817177e-01 -3.114211e-01 -1.243688e+00 -1.516692e+00 1.157098e+00 1.635286e+00 -2.389639e-01 -2.382122e-01 5.371801e-01 -7.325459e-01 -6.517859e-01 -1.415153e-06 -1.418354e-01 -4.766704e-02 -3.191780e-03 -1.364667e-01 3.176579e-02 4.165814e-01 -1.832619e-02 2.602673e-02 -1.894578e-01 -5.013645e-01 -5.593702e-01 -1.302395e-02 3.910778e-07 
-3.218290e+00 1.714432e+00 -3.499540e+00 6.741876e+00 1.237382e+00 6.487351e+00 3.390219e+00 4.405635e+00 7.797886e-01 2.786246e+00 3.126460e+00 -9.770942e-01 -1.512926e-01 -1.516925e-01 1.731116e-01 -4.448263e-02 -8.303662e-01 -7.106667e-01 1.831488e+00 1.229474e+00 -4.113774e-01 3.261897e-01 4.730720e-01 -1.324081e+00 -4.400326e-01 -1.415153e-06 -6.737011e-02 -5.995240e-02 -2.056815e-03 7.636663e-02 3.191667e-01 2.763318e-01 -2.064202e-01 6.514069e-02 -1.073264e-01 -2.065914e-01 -3.104451e-01 1.454397e-02 3.910778e-07 
-4.771842e+00 7.047313e-01 -3.459225e+00 6.506869e+00 2.429825e-01 9.480409e+00 6.080327e+00 6.183979e+00 5.494002e-01 7.224071e+00 9.146046e-01 -1.515476e+00 -1.512926e-01 -2.607518e-01 -1.064161e-01 -1.759640e-01 -3.410396e-01 -2.256343e-01 1.587122e+00 9.353926e-01 -7.561608e-02 1.175654e-01 4.296261e-01 -8.540860e-01 -2.243042e-01 -1.415153e-06 -1.130302e-02 -8.559950e-02 1.396365e-02 2.294608e-01 3.066977e-01 6.156486e-02 -1.693851e-01 6.624579e-02 5.029908e-02 -2.583720e-02 2.267859e-02 1.070679e-01 3.910778e-07 
