-1.738415e+00 4.058236e-01 -1.594532e+00 1.265312e+00 -4.818843e+00 2.713763e+00 5.701638e+00 6.321960e+00 3.141968e+00 5.133286e+00 1.599350e+00 8.736965e+00 -8.386710e-02 2.067208e-02 1.191024e-01 8.273318e-01 -3.915720e-01 -1.686145e+00 -8.698635e-01 1.583583e+00 1.312021e+00 -1.056552e-02 1.054559e+00 4.945881e-01 -8.395497e-01 1.352445e-02 -5.395856e-01 2.053676e-01 2.434276e-01 3.217869e-01 5.094978e-01 -4.372873e-01 -7.634883e-01 -1.663048e-01 -6.786370e-01 -2.207845e-01 -1.773307e-01 -5.957228e-02 -7.565808e-03 
-1.221900e+00 1.137695e+00 -2.050988e+00 -3.434435e+00 -1.019023e+01 1.952226e+00 1.178010e+01 6.909364e+00 3.166396e+00 8.036657e+00 5.480111e+00 7.702193e+00 -4.867867e-02 -9.003535e-01 2.629394e-01 2.018253e+00 2.353259e-01 -1.652513e+00 -2.541747e+00 -3.093854e-01 1.467635e+00 -8.656477e-01 7.067702e-01 3.211246e-01 -9.269561e-01 1.541145e-03 -8.229375e-01 3.250591e-01 1.549592e-02 5.304468e-01 1.214385e+00 -1.879845e-01 -8.204148e-01 -1.509278e-01 -9.351788e-01 -3.983642e-01 -4.272276e-01 -1.317690e-01 -1.230068e-02 
-1.893416e+00 6.353825e-01 2.770509e+00 1.657141e+00 -1.056357e+01 -1.254945e+00 1.058004e+01 1.258804e+01 3.076921e+00 8.954910e+00 2.131963e+00 5.056048e+00 -3.383382e-02 -2.216837e+00 1.074092e+00 1.448906e+00 9.039553e-01 8.446336e-01 -2.220433e+00 -1.287482e+00 4.027949e-01 -2.976280e+00 1.245064e-01 -3.052391e-01 -1.093682e+00 -1.831556e-02 -3.889699e-01 3.130618e-01 -4.977102e-01 4.437588e-01 1.483435e+00 5.883621e-01 -4.338946e-01 -2.382295e-01 -2.937621e-01 -5.447334e-01 -1.080040e-01 -2.389815e-02 -1.176469e-02 
-6.162904e+00 1.605521e+00 6.314254e+00 2.245712e+00 -1.020889e+01 -8.010904e+00 1.715287e+00 1.052686e+01 -1.153397e+00 6.756417e+00 2.938280e+00 5.942287e+00 -1.011715e-01 -2.975492e+00 1.266877e+00 5.939869e-01 1.612991e+00 3.120302e+00 -1.134475e+00 -1.083044e+00 1.012055e+00 -3.203734e+00 -4.721906e-01 -1.241433e+00 -1.371473e+00 -3.206026e-02 5.223767e-01 3.668039e-02 -1.072692e+00 2.246186e-01 9.873608e-01 1.379367e+00 2.686424e-01 -5.587568e-01 7.979626e-01 -6.175171e-01 5.498248e-01 1.499988e-01 -3.374833e-03 
-1.035257e+01 5.542160e+00 1.467512e+00 2.945053e+00 -5.861651e-01 -3.406635e+00 4.296841e+00 6.526980e+00 -9.579380e+00 6.395675e+00 1.343728e+00 4.148307e+00 -1.491669e-01 -8.864665e-01 1.182346e+00 -9.491078e-01 1.138313e+00 3.344606e+00 1.368353e+00 -1.990570e-01 3.487623e-01 -3.103779e-01 -1.079649e+00 7.358884e-01 -7.369159e-01 -2.850226e-02 1.276485e+00 -2.678826e-01 -6.920192e-01 1.490100e-01 -3.287536e-01 1.272294e+00 1.223577e-01 -8.664324e-01 1.512991e+00 -5.126593e-01 8.060868e-01 3.663962e-01 5.760662e-03 
-1.186963e+01 5.018947e+00 1.570937e+00 3.986073e+00 4.224027e-01 -2.644150e+00 9.507019e+00 1.499999e+01 -6.524166e+00 6.955261e+00 -3.334284e-01 1.299044e+00 -1.512926e-01 1.046384e+00 3.921714e-01 -2.146138e+00 1.241251e+00 2.034328e+00 2.560689e+00 4.896217e-01 -1.299061e+00 1.791148e+00 -1.778771e+00 2.549685e+00 -3.554592e-01 -1.023667e-02 1.272586e+00 -2.231141e-01 -1.185128e-02 -1.377040e-01 -1.139588e+00 7.067723e-01 -2.156158e-01 -1.231242e+00 7.203648e-01 -3.978708e-01 1.795667e-01 5.795925e-01 9.219849e-03 
-3.472662e+00 4.840594e+00 3.962034e-01 6.478129e+00 8.437505e-01 2.903516e+00 5.689299e+00 1.209502e+01 4.210554e+00 3.457018e+00 7.447000e+00 3.693444e+00 -1.512926e-01 2.154563e+00 1.721229e-01 -6.410159e-01 1.834896e+00 -2.560140e-01 2.293504e+00 -1.461910e+00 -2.773867e+00 2.091156e+00 -1.785481e+00 1.829714e+00 2.302326e-01 -4.257375e-04 3.006102e-01 -3.598799e-02 6.459208e-01 -4.837070e-01 -1.029598e+00 -2.487461e-02 -2.121914e-01 -6.467350e-01 -4.743668e-01 1.430105e-01 -1.441782e+00 1.074598e-01 6.723855e-03 
-4.370183e+00 3.917134e+00 -3.880885e+00 6.685341e+00 -7.525707e-01 1.637444e+00 3.467399e+00 1.247371e+00 9.076506e-01 -6.676470e-01 1.263505e+01 4.392775e+00 -1.512926e-01 1.866782e+00 6.563889e-01 3.807662e-01 5.761984e-01 -7.772630e-01 1.936862e+00 -1.529700e+00 -3.582877e+00 -8.025911e-01 -2.108454e+00 -8.906928e-01 1.042957e+00 2.866842e-06 -4.726290e-01 1.713484e-01 9.100658e-01 -7.448688e-01 -2.760402e-01 -2.396315e-01 1.026570e-01 5.788265e-01 -6.035303e-01 7.026429e-01 -1.893925e+00 -4.716182e-01 2.089851e-03 
-3.329263e+00 6.953302e+00 9.882528e-01 1.076951e+01 -1.278455e+00 5.920302e+00 7.047299e-03 -4.661093e-01 -2.839219e+00 1.279696e+00 4.008028e+00 3.752659e+00 -1.512926e-01 2.061163e-01 8.704184e-01 1.016954e+00 -9.478579e-01 -3.976508e-01 1.555976e+00 -2.503364e-01 -1.743152e+00 -1.385277e+00 -1.996066e-01 -4.752769e+00 -8.988243e-01 2.866842e-06 -8.147702e-01 1.029072e-01 4.037109e-01 -8.301592e-01 2.942814e-01 -4.438910e-01 5.415512e-01 1.534952e+00 2.475540e-01 9.327132e-01 -7.754664e-01 -8.160954e-01 8.435332e-05 
-2.607627e+00 7.244518e+00 3.178917e+00 4.721235e+00 -2.402761e+00 5.531641e+00 4.699452e+00 3.366063e+00 -7.012159e+00 -2.498756e+00 -3.067181e+00 6.484484e+00 -1.512926e-01 -3.423116e-01 8.997169e-01 1.575042e+00 -1.091599e+00 7.249623e-01 1.731328e+00 3.969691e-01 1.079624e+00 5.117072e-01 9.416255e-01 -3.628781e+00 -2.148925e+00 2.866842e-06 -6.414922e-01 -5.168919e-02 -8.704167e-02 -1.530253e-01 2.692655e-01 -7.755694e-01 1.840382e-01 1.350157e+00 1.056663e+00 9.205620e-01 9.509330e-01 -6.166287e-01 -6.924259e-07 
-3.323230e+00 7.528767e+00 1.951249e+00 2.720757e+00 -3.194893e-01 8.735970e+00 3.821568e+00 2.319888e+00 1.243963e+00 3.374408e+00 -8.465644e+00 -1.846623e+00 -1.512926e-01 -8.146816e-01 5.650414e-01 7.802555e-01 -1.482019e+00 4.642922e-01 1.767089e-01 2.824645e-01 2.569673e+00 2.671786e+00 1.352844e+00 -6.787460e-01 -2.254226e+00 2.866842e-06 -1.491767e-01 -2.184843e-01 -4.537244e-01 4.315816e-01 -1.635689e-01 -8.856199e-01 -1.806058e-01 4.098147e-01 4.265395e-01 1.618849e-01 1.863934e+00 6.171950e-01 -6.924259e-07 
-6.084939e+00 8.127919e+00 3.512810e+00 5.251390e+00 2.393137e+00 8.886572e+00 3.545088e+00 5.252516e+00 1.424617e+00 2.993325e+00 7.280995e-01 -3.552608e+00 -1.512926e-01 -8.302778e-01 5.506134e-01 6.404972e-02 7.807154e-02 1.381812e-01 -1.251344e+00 -8.758870e-01 1.011486e+00 2.452067e+00 1.718104e+00 1.826824e+00 -1.362354e+00 2.866842e-06 2.500616e-01 -3.253329e-01 -7.498801e-01 5.169221e-01 -1.721343e-01 -6.298279e-01 -2.314489e-01 -3.350010e-01 -4.427713e-01 -4.519034e-01 1.017048e+00 1.451391e+00 -6.924259e-07 
-5.663559e+00 9.336674e+00 4.722561e+00 3.094400e+00 -1.355258e+00 5.126561e+00 1.996795e+00 1.143957e+01 6.300859e+00 5.298090e+00 -1.283173e+00 -2.499972e+00 -1.512926e-01 -2.957368e-01 -4.748298e-02 -4.961936e-01 6.252162e-01 -9.219987e-01 -1.380780e+00 -5.168340e-01 3.400033e-01 -2.227450e-01 2.214870e-01 1.839074e+00 1.793913e+00 2.866842e-06 4.110520e-01 -2.056817e-01 -4.248227e-01 5.147262e-01 2.095477e-01 2.664176e-01 1.513649e-01 -2.476992e-01 -7.399596e-01 -6.145564e-01 -9.561813e-02 1.256128e+00 -6.924259e-07 
-5.588843e+00 9.093530e+00 2.113310e+00 4.925141e+00 -1.194186e+00 1.079552e+00 1.232703e+00 3.863908e+00 2.719873e+00 5.129550e+00 2.475942e+00 -1.036849e-03 -1.512926e-01 6.483624e-01 -4.206626e-01 -1.536183e+00 4.393460e-01 5.574408e-01 -6.388971e-01 -3.605677e-01 5.195053e-01 -2.549586e-01 -7.521179e-01 1.975853e-01 3.083931e+00 2.866842e-06 2.836871e-01 -4.814636e-02 2.545968e-01 1.481116e-01 2.036639e-01 7.943776e-01 3.548983e-01 1.571537e-01 -2.606719e-01 -3.055342e-01 -6.386481e-01 4.334635e-01 -6.924259e-07 
-5.050053e+00 6.808391e+00 1.698077e-01 6.010249e+00 -3.136119e+00 5.735285e+00 2.393922e+00 4.714283e+00 -5.171312e-01 3.413430e+00 -1.439726e-01 5.346830e+00 -1.512926e-01 5.011607e-01 2.235542e-02 -5.436292e-01 9.109768e-01 1.302447e+00 1.202500e+00 7.815647e-01 1.577293e+00 3.253771e-01 -4.849779e-01 -3.422200e-01 1.803290e+00 2.866842e-06 -2.313632e-02 1.171188e-01 6.750527e-01 -1.615095e-01 -2.344938e-01 5.635120e-01 1.355318e-01 -1.818171e-01 3.563735e-01 1.660792e-01 -4.216081e-01 -6.677681e-01 -6.924259e-07 
-3.149666e+00 7.289106e+00 -1.891778e+00 5.990409e+00 6.070596e+00 5.387352e+00 1.543915e+00 1.121216e+01 3.558949e+00 1.750532e-01 1.146464e+00 7.943685e+00 -1.512926e-01 1.894520e-01 2.749775e-01 1.360743e+00 6.759562e-01 4.421233e-02 1.428815e+00 2.494437e-01 1.178589e+00 8.746741e-01 5.435743e-01 -2.756544e-01 8.002669e-01 2.866842e-06 -2.571168e-01 -5.796967e-02 6.546143e-01 -1.895071e-01 -8.358751e-01 -6.174897e-02 -1.539353e-01 -8.936240e-01 1.907861e-02 2.339284e-01 -3.372579e-01 -1.076034e+00 -6.924259e-07 
-4.377144e+00 1.035070e+01 4.007134e+00 7.116849e+00 1.524840e+00 8.985394e+00 5.749165e+00 1.565149e+01 7.508344e+00 5.350810e+00 -2.329906e+00 2.544212e+00 -1.512926e-01 -1.820775e-01 1.903570e-01 1.430578e+00 -3.006904e-01 -1.837990e+00 4.029253e-01 -1.440870e-01 -8.987651e-01 9.943249e-01 4.040537e-01 -3.227397e-02 -4.032058e-01 2.866842e-06 -2.446820e-01 -5.415264e-01 -2.221442e-02 -2.915693e-02 -6.492368e-01 -9.988769e-01 -3.457854e-01 -8.956081e-01 -5.093668e-01 -4.290197e-01 -6.385059e-02 -6.413113e-01 -6.924259e-07 
-4.977657e+00 8.697462e+00 6.998735e+00 7.751161e+00 -3.303591e+00 6.598487e+00 8.022152e-01 4.287998e+00 3.080613e+00 6.878879e+00 2.190320e+00 5.401744e+00 -1.512926e-01 -2.955232e-01 -7.945503e-01 7.498296e-01 9.767866e-02 -2.051903e+00 -5.478565e-01 -6.674672e-01 -2.710620e+00 -4.940644e-01 -2.704176e-02 -1.643716e+00 -1.193047e+00 2.866842e-06 -3.371705e-01 -8.252752e-01 -4.993798e-01 3.479380e-01 -6.006325e-02 -1.122211e+00 7.066859e-02 1.001231e-02 -5.560749e-01 -6.101770e-01 2.141441e-01 -4.750093e-02 -6.924259e-07 
-5.046804e+00 7.055716e+00 2.877599e+00 3.626207e+00 -7.639206e+00 7.144382e+00 2.044322e+00 3.682594e+00 4.694003e+00 2.082129e+00 -8.274108e-01 4.601847e+00 -1.512926e-01 -4.796856e-01 -2.150513e+00 -3.492150e-01 1.054321e+00 -8.956583e-01 -2.803489e+00 -4.888634e-01 -9.562103e-01 -1.536945e+00 -2.344576e+00 2.261953e-02 -4.065610e-01 2.866842e-06 -4.329700e-01 -6.502270e-01 -1.982152e-01 5.347887e-01 1.676411e-01 -7.191509e-01 4.008666e-01 6.849325e-01 -1.526412e-01 -7.700589e-02 7.194428e-01 6.031953e-01 -6.924259e-07 
-4.292683e+00 4.963908e+00 2.421957e+00 8.224002e+00 3.930684e-01 3.568440e+00 5.914451e-02 3.643961e+00 2.496044e+00 1.674478e+00 -7.822892e+00 9.497097e-01 -1.512926e-01 -1.347300e+00 -2.680895e+00 -2.463181e-01 1.738053e+00 -7.272253e-01 -2.579054e+00 7.752519e-01 1.257306e+00 -6.399561e-01 -1.132824e+00 7.676688e-01 5.644588e-01 2.866842e-06 -4.493045e-01 8.909824e-02 1.810184e-01 2.051550e-01 -7.807467e-02 1.006159e-03 5.477958e-01 4.760125e-01 2.994934e-01 6.425038e-01 1.126515e+00 6.625879e-01 6.678067e-04 
-7.118433e+00 1.464790e+00 4.549100e+00 1.215277e+01 -4.801776e+00 -3.517140e+00 3.676244e+00 1.119285e+01 1.157264e-01 -3.769863e+00 2.789921e+00 2.737073e+00 -1.512926e-01 -1.820952e+00 -2.117674e+00 9.375357e-01 1.552978e+00 -1.662083e+00 -2.177188e+00 1.138870e+00 5.419146e-01 3.040319e-01 5.720608e-01 2.359234e+00 1.734036e+00 2.866842e-06 -2.221669e-01 8.296715e-01 3.673823e-01 -3.618848e-01 1.510306e-01 9.710386e-01 2.721877e-01 -4.368681e-01 3.195468e-01 1.274673e+00 3.344478e-01 2.349611e-01 6.314449e-03 
-1.067835e+01 -1.911711e+00 4.931041e+00 1.217867e+01 -8.357631e+00 -9.657373e-01 3.862241e+00 6.819365e+00 2.169957e+00 4.141141e+00 4.220087e+00 9.156432e+00 -1.512926e-01 -1.871372e+00 -3.653407e-01 1.011444e+00 8.741472e-01 -2.059013e+00 -8.559105e-01 1.257647e+00 -1.079518e+00 8.294226e-02 1.727346e+00 2.820686e+00 1.049582e+00 3.343632e-03 2.410125e-02 8.660661e-01 -8.992032e-02 -8.464289e-01 6.840885e-01 1.138615e+00 -1.789943e-01 -5.958691e-01 -1.927895e-01 8.033680e-01 -3.641513e-01 -4.387594e-01 1.434435e-02 
-1.095819e+01 -9.474709e-02 6.310589e+00 9.413817e+00 -1.157374e+01 -1.474376e+00 5.836908e+00 4.804719e+00 6.377267e+00 3.708997e+00 4.947498e+00 9.169003e+00 -1.512926e-01 -1.328499e+00 8.399692e-01 8.587160e-01 -3.230796e-01 5.252671e-01 1.190230e+00 6.308343e-01 -1.972137e+00 -3.006844e-01 2.598653e+00 6.683982e-01 5.256593e-01 2.989949e-02 2.490315e-01 2.356428e-01 -8.083743e-01 -1.083735e+00 8.151717e-01 9.382105e-01 -4.637881e-01 -2.381393e-01 -3.809090e-01 3.113381e-01 -1.116996e+00 -6.468650e-01 1.855708e-02 
-1.172948e+01 3.917134e+00 6.598470e+00 1.396422e+01 -6.515968e+00 -1.732642e+00 5.267037e+00 1.440099e+00 -2.200176e-01 6.571272e+00 5.201476e+00 2.981542e+00 -1.345855e-01 -1.472923e+00 1.705297e-01 -6.565882e-01 -1.555944e+00 1.599574e+00 1.430300e+00 1.342592e-01 -4.650255e-01 -1.301658e+00 1.870791e+00 -2.075865e-01 -1.025116e+00 5.677239e-02 3.432859e-01 -4.054091e-01 -9.607126e-01 -1.076399e+00 4.475786e-01 4.562099e-01 -4.549248e-01 3.567392e-01 2.896121e-01 -3.318721e-01 -1.165106e+00 -1.456916e-01 1.273244e-02 
-1.323494e+01 2.750529e+00 8.008965e+00 9.644727e+00 -3.096117e+00 2.817322e+00 6.128469e+00 4.021515e+00 -1.924650e-01 8.008014e+00 5.640800e+00 8.452800e+00 -1.015234e-02 -7.749436e-01 -1.207385e+00 -2.270237e+00 -2.650763e+00 5.844192e-01 1.370728e+00 -6.183245e-01 -9.560965e-01 -9.082402e-01 2.057030e+00 -1.711553e+00 -4.629966e-01 6.606665e-02 3.863295e-01 -2.709424e-01 -4.755446e-01 -3.448666e-01 1.430389e-02 -2.471896e-01 -3.466717e-01 4.218096e-01 7.513375e-01 -1.077411e+00 -3.837623e-01 -5.147329e-02 -5.785781e-03 
-1.690484e+01 -2.481602e+00 7.989110e-01 4.283665e+00 -4.599102e+00 4.039823e+00 4.387783e+00 4.885499e+00 -1.053697e+00 1.134519e+01 2.835538e+00 4.388805e+00 6.199889e-02 -4.318290e-01 -1.368659e+00 -2.227713e+00 -3.343901e+00 1.493007e-01 1.334905e+00 -3.923260e-01 1.961060e-01 1.834818e+00 3.388514e-01 -1.814984e+00 8.154082e-01 4.892247e-02 4.390855e-01 5.060255e-01 6.829978e-01 5.303969e-01 1.145274e-01 -5.139371e-01 -9.986925e-02 4.510858e-03 6.363317e-01 -1.331475e+00 3.140914e-01 2.240467e-01 -2.058770e-02 
-1.224507e+01 -2.932359e+00 -2.140976e+00 1.000235e+00 -9.610474e+00 2.493069e+00 3.184520e+00 -1.698428e+00 2.253183e+00 1.160713e+01 -2.427305e+00 6.150366e+00 8.074380e-02 8.262926e-02 2.549731e-01 -7.334914e-01 -1.153335e+00 1.321952e+00 1.851342e-03 -8.391756e-01 -1.937250e-01 1.887887e+00 -2.022615e+00 -4.466910e-01 -6.520044e-01 4.899524e-03 4.448257e-02 8.465805e-01 1.098445e+00 9.566000e-01 2.472115e-01 -4.682449e-01 3.313300e-01 1.232881e-01 3.435735e-02 -1.037503e+00 9.731244e-01 5.377505e-02 -2.317862e-02 
-1.438352e+01 -8.464510e-02 5.350541e-01 1.566761e+00 -2.512631e+00 5.103828e+00 4.777141e+00 5.280613e+00 7.731321e+00 6.466246e+00 1.605540e-01 8.209655e+00 6.458136e-02 2.939246e-01 1.969510e+00 1.990103e+00 3.472720e-01 1.803462e+00 -4.550345e-01 -2.546097e-01 -8.236882e-01 4.819414e-01 -2.746932e+00 7.304568e-01 1.896264e-01 -1.558541e-02 -9.082878e-02 3.364928e-01 5.309474e-01 7.406538e-01 -8.944188e-02 -3.357491e-01 3.982076e-01 3.395716e-02 -6.702088e-01 -2.815448e-02 5.948958e-01 -5.910948e-02 -1.353285e-02 
-1.408234e+01 2.826468e+00 4.473771e+00 5.235959e+00 2.470473e+00 2.294476e+00 1.737680e+00 2.855488e+00 4.854205e+00 3.348756e-01 4.744891e+00 3.282578e+00 1.307238e-02 -9.155223e-01 1.356455e+00 1.113143e+00 2.867284e-01 9.932885e-01 -7.543430e-02 9.693950e-01 1.702841e-01 -5.991413e-02 -1.587721e+00 1.881487e+00 1.187378e-01 -1.756991e-02 -1.171700e-01 -3.959883e-01 -2.834233e-01 1.231583e-01 -6.608441e-01 4.478969e-02 4.012292e-01 4.813336e-01 -2.485486e-01 1.086978e+00 -2.575523e-01 9.450141e-02 9.961228e-04 
-1.451718e+01 4.486328e+00 7.441754e+00 3.902307e+00 -1.621934e+00 1.863822e+00 3.838020e+00 -1.509651e+00 5.550838e-02 3.246965e+00 2.901704e+00 6.770965e+00 1.792111e-02 -3.867498e-01 -2.369938e-01 -4.961936e-01 -3.608365e-01 -1.336084e-01 -3.052132e-01 6.944479e-01 1.839345e-01 -5.423359e-01 -1.944537e-02 -4.538307e-03 1.344813e-01 -7.512387e-03 2.086378e-02 -7.426226e-01 -7.315719e-01 -6.848340e-02 -6.777349e-01 2.367959e-01 6.857363e-02 8.175986e-01 4.153711e-01 1.368243e+00 -6.175462e-01 -3.549541e-01 7.780004e-03 
-1.675587e+01 1.564068e+00 -2.849223e-02 1.266414e+00 -5.089252e+00 3.735776e+00 8.501177e+00 2.548176e+00 5.791278e+00 5.278163e+00 5.609566e+00 7.463349e+00 1.621703e-02 -1.630630e-01 -6.217688e-01 -9.073021e-01 -1.834451e-01 -1.013689e+00 1.508810e-01 6.924084e-01 1.709246e+00 1.157254e+00 2.048674e+00 -1.367053e+00 -1.518264e-01 5.844802e-03 3.248177e-01 -2.921188e-01 6.949943e-02 2.002142e-01 -4.031608e-01 1.489235e-01 -3.048531e-01 3.469538e-01 1.950333e-01 6.573690e-01 -6.280971e-01 -5.451648e-01 1.062805e-02 
-1.498079e+01 -6.381641e-01 3.049936e-01 1.747521e+00 5.994754e-01 2.857104e+00 4.868083e+00 6.353569e+00 4.551127e+00 3.897463e+00 -2.943865e-01 6.791806e+00 2.544016e-02 2.195395e-02 -7.544529e-01 -6.574267e-01 2.399628e-01 -5.817605e-01 6.158814e-01 2.267175e-01 2.494823e+00 1.950258e+00 2.275933e+00 -7.329462e-01 -1.449932e+00 1.161041e-02 5.638015e-01 3.773159e-01 5.410802e-01 1.160216e-01 -1.899856e-01 -1.071357e-01 -4.737391e-01 -3.074486e-01 -2.784003e-01 -2.532287e-01 -2.199084e-02 -4.666817e-01 1.223996e-02 
-1.466568e+01 2.279916e+00 3.505481e+00 5.396328e+00 -3.708939e+00 2.552110e+00 4.684371e+00 7.469987e+00 8.392868e+00 1.025342e+01 -4.924726e-01 2.512785e+00 3.852822e-02 5.041518e-01 1.545084e-01 1.541262e+00 9.872856e-01 -7.984995e-01 2.085731e-01 -3.210399e-01 7.495136e-01 -3.311357e-01 5.514238e-01 -8.948531e-01 -1.814871e+00 2.600682e-02 1.420258e+00 5.532901e-01 -8.514176e-02 -5.727406e-01 2.934408e-01 -3.711348e-01 -7.304524e-01 -1.061960e+00 -1.099924e+00 -1.355654e+00 8.400491e-03 7.842190e-03 3.352315e-02 
-1.545275e+01 3.560104e-01 2.387753e+00 3.037086e+00 -5.220990e+00 5.535113e+00 6.879766e+00 8.503871e+00 8.505919e+00 1.213932e+01 2.287719e+00 1.996391e+00 6.482732e-02 2.098588e+00 1.261389e+00 9.848515e-01 -3.660033e-01 -1.191236e+00 -8.698635e-01 -1.167539e+00 -8.735120e-01 -1.190232e+00 -5.367600e-01 -3.506563e-01 -1.367515e+00 4.360895e-02 2.163992e+00 1.347122e-01 -1.141837e+00 -1.298983e+00 6.624748e-01 -6.234913e-01 -7.864522e-01 -1.420230e+00 -8.358254e-01 -1.982334e+00 -5.583691e-01 6.621637e-01 5.774735e-02 
-1.399881e+01 1.839609e+00 6.636746e+00 5.558350e+00 -6.171422e+00 3.439939e+00 5.890376e+00 5.220029e+00 2.158595e+00 3.914068e+00 -1.554797e-01 7.866206e-01 1.265608e-01 5.899981e+00 1.136760e+00 -2.154164e+00 -2.744294e+00 7.583208e-01 -9.618937e-01 -2.262665e+00 -1.916284e+00 -2.772129e+00 -3.323245e+00 -1.516132e+00 -1.538050e-01 1.574592e-01 1.869236e+00 -7.801846e-01 -2.025008e+00 -1.591935e+00 1.023344e+00 -2.100480e-01 -5.765936e-01 -9.622118e-01 2.230167e-01 -1.736350e+00 -8.477175e-01 8.524900e-01 6.229630e-02 
-4.820799e+00 5.888762e+00 3.663469e+00 -1.631289e-01 -4.125486e+00 -1.935971e+00 -1.572778e+00 3.110995e+00 1.717186e+00 4.382742e+00 -2.216069e+00 8.170550e-01 1.994674e-01 8.143900e+00 -5.720233e-01 -4.518997e+00 -4.389305e+00 1.952208e+00 -1.916337e+00 -2.734766e+00 -3.273356e+00 -1.008504e+00 -5.698385e+00 -3.214248e+00 1.030397e+00 2.346197e-01 3.217273e-01 -1.384560e+00 -1.217028e+00 -4.896459e-01 1.150464e+00 6.415741e-01 1.809314e-02 -2.610921e-01 8.034015e-01 -9.662619e-01 -5.321637e-01 7.255287e-01 3.608639e-02 
9.518647e+00 5.197647e+00 -7.903482e+00 -6.725029e+00 -4.650943e-01 1.478002e+00 -2.402677e+00 5.848956e-01 -2.073427e+00 -2.484642e+00 -5.821071e+00 2.333155e+00 7.584945e-01 6.827630e+00 -2.829689e+00 -5.831861e+00 -4.960694e+00 2.746614e+00 -3.183745e-01 -2.420291e+00 -2.861570e+00 6.930438e-01 -5.549496e+00 -3.701702e+00 1.248655e+00 2.419823e-01 -1.779167e+00 -1.147673e+00 4.668110e-01 9.520585e-01 5.490429e-01 8.259078e-01 3.170279e-01 3.067301e-01 7.687337e-01 6.136370e-01 3.983270e-01 3.039568e-01 -2.606425e-02 
1.350783e+01 -4.183264e+00 -1.293753e+01 -1.276780e+01 1.686979e+00 -3.065964e+00 -2.647625e+00 -5.545527e+00 5.579378e+00 -1.315331e+01 -1.095035e+01 6.375317e+00 9.219459e-01 3.243514e+00 -3.678106e+00 -3.261594e+00 -1.705912e+00 3.566996e+00 2.016325e+00 -9.982584e-01 -1.706296e+00 1.094197e+00 -4.254943e+00 -1.918530e+00 1.558879e+00 1.817781e-01 -2.657918e+00 -1.212173e-01 1.502320e+00 1.678650e+00 -2.234468e-01 7.036040e-01 1.460872e-01 6.220265e-01 -3.697406e-01 1.780890e+00 1.184258e+00 -3.558797e-01 -6.357338e-02 
1.097445e+01 -7.273077e+00 -1.422220e+01 -1.294305e+01 4.655614e+00 2.412874e+00 -5.673833e+00 -4.759249e+00 3.692735e+00 -1.506537e+01 -1.429727e+01 4.250858e+00 9.752468e-01 -5.454884e-01 -3.048587e+00 -4.488777e-01 6.743665e-01 2.696212e+00 1.201313e+00 -1.545724e+00 -1.166198e+00 2.027736e-02 -9.768446e-01 -1.724546e-01 1.101716e+00 5.356079e-02 -1.920291e+00 8.713401e-01 1.747984e+00 1.505823e+00 -7.877646e-01 2.738316e-02 1.520498e-01 7.048188e-01 -8.053510e-01 2.059873e+00 1.473779e+00 -5.892078e-01 -6.731737e-02 
1.066862e+01 -6.266362e+00 -9.484995e+00 -5.584260e+00 1.114917e+01 7.678278e+00 -4.928021e+00 -2.748116e+00 4.304858e+00 -1.060155e+01 -7.570558e+00 7.652903e+00 9.999999e-01 -1.459250e+00 -1.068593e+00 3.011080e-01 1.186404e+00 8.602191e-01 8.418009e-01 -2.441560e+00 -1.010925e+00 -2.520784e+00 9.198491e-01 9.425190e-01 -6.754045e-01 1.096457e-02 -6.796796e-01 1.101665e+00 9.154777e-01 3.578195e-01 -1.002901e+00 -7.214794e-01 4.021109e-02 6.325784e-01 -5.948945e-01 1.492654e+00 8.468571e-01 -8.599842e-01 -4.680552e-02 
8.210884e+00 -9.003652e+00 -1.187396e+01 -6.944917e+00 8.284538e+00 2.112300e+00 -8.991146e+00 -6.644824e+00 -1.334620e+00 -8.644655e+00 -8.373177e+00 7.203002e+00 9.872633e-01 -4.226422e-01 2.222225e-01 1.126799e+00 1.122151e+00 1.612404e-01 4.057950e-01 -9.384323e-01 3.147502e-01 -1.526175e+00 2.162366e+00 2.236503e+00 -5.802554e-01 -9.197447e-03 2.351987e-01 7.900562e-01 2.246588e-01 -2.436060e-01 -5.045050e-01 -9.471536e-01 2.067202e-01 5.810812e-01 2.684254e-02 4.444459e-01 1.131072e-01 -8.300564e-01 -1.879382e-02 
7.593665e+00 -8.660881e+00 -1.260649e+01 -9.834865e+00 4.173464e+00 1.293616e+00 -1.319640e+01 -9.657353e+00 -4.511122e+00 -1.176431e+01 -9.199632e+00 1.522010e+00 9.707670e-01 -2.164744e-01 1.948713e-01 5.281041e-01 -1.406538e-01 -1.800915e-01 -1.193256e+00 -1.100817e+00 7.161840e-01 -1.107005e+00 1.638721e+00 1.111244e+00 -1.899955e+00 -2.086958e-02 3.724967e-01 2.666426e-01 7.468101e-02 -1.162940e-01 2.777509e-01 -1.066671e+00 3.803602e-01 6.022754e-01 6.230043e-01 9.810667e-02 -2.767619e-01 -3.310428e-01 -8.805893e-03 
1.039853e+01 -4.964948e+00 -7.027624e+00 -5.207311e+00 8.949628e+00 7.634077e+00 -6.231822e+00 2.688039e-01 4.696495e-01 -3.671894e+00 -2.300317e+00 4.414939e+00 9.438706e-01 8.921576e-03 2.699321e-01 5.609257e-01 1.198029e-01 6.938824e-01 -2.517008e+00 -1.182592e+00 8.756655e-01 -5.524211e-01 8.860452e-01 3.085280e-01 -2.436351e+00 -2.449216e-02 9.628201e-02 -1.182784e-01 -9.867142e-02 -4.447828e-02 4.063124e-01 -1.049722e+00 3.835785e-02 1.037625e-01 2.499205e-01 -1.660117e-01 -5.846318e-01 -2.272986e-01 -3.449989e-03 
8.493041e+00 -7.311395e+00 -9.267557e+00 -7.155986e+00 9.916594e+00 -1.048774e+00 -1.181216e+01 -2.623874e+00 -2.132225e+00 -4.894432e+00 -5.050919e+00 -4.525918e-01 9.173431e-01 1.873155e-01 2.406336e-01 9.574203e-01 1.106253e+00 1.982741e+00 -3.030002e+00 -4.176744e-01 1.720167e+00 1.072249e-01 2.048547e+00 5.225549e-01 -1.402702e+00 -2.540809e-02 9.245592e-02 -4.367755e-02 1.002434e-01 2.206760e-01 2.890381e-01 -2.396315e-01 3.323775e-01 5.249075e-02 1.781354e-01 9.002645e-02 -1.853586e-01 2.401676e-01 -3.827078e-05 
7.806211e+00 -8.328560e+00 -1.073832e+01 -7.685590e+00 8.882425e+00 -9.301602e+00 -1.559607e+01 -5.782596e+00 -5.286003e+00 -7.649190e+00 -8.904968e+00 -3.991261e+00 8.915184e-01 -1.431940e-01 -3.922492e-01 4.186189e-01 2.762624e-01 1.111410e+00 -3.924378e+00 -1.088289e+00 3.315856e-01 -8.837618e-01 1.127611e+00 -3.923753e-01 -1.965337e+00 -2.418098e-02 7.052945e-02 3.768687e-02 9.771022e-02 9.346381e-02 -9.308419e-02 5.328597e-01 5.246304e-01 -1.262482e-02 1.960713e-01 1.425170e-01 7.159151e-02 4.522069e-01 2.002827e-03 
9.826793e+00 -5.775545e+00 -5.964052e+00 -3.064098e+00 1.412047e+01 -5.388778e+00 -1.060250e+01 1.969114e+00 -1.097156e+00 4.668849e-01 -3.284583e+00 -1.288217e+00 8.698748e-01 3.219122e-01 3.075510e-01 1.100566e+00 8.844807e-01 1.056360e+00 -1.687647e+00 5.139017e-01 1.250595e+00 -5.071022e-02 1.968025e+00 5.349203e-01 -9.345267e-01 -2.121598e-02 -1.393897e-02 3.422455e-02 -1.138131e-01 -2.126638e-01 -4.865737e-01 6.908163e-01 3.134826e-01 -4.016948e-01 1.040251e-01 -3.878168e-01 -1.011230e-01 3.196534e-01 3.411026e-03 
9.016054e+00 -7.693877e+00 -6.586233e+00 -5.871933e+00 1.240468e+01 -9.817819e+00 -1.227738e+01 -3.699647e-01 -4.466527e+00 -7.145559e-01 -5.145442e+00 -4.993945e+00 8.466852e-01 2.943519e-01 4.250105e-01 9.777841e-01 6.978155e-01 6.916950e-01 -5.239088e-01 9.748337e-01 1.047432e+00 5.069095e-01 1.638975e+00 6.603087e-01 -4.093139e-01 -1.657766e-02 -1.548413e-02 1.674029e-01 -1.278034e-01 -4.188313e-02 -3.197479e-01 8.082341e-01 3.617069e-01 -2.816549e-01 3.611482e-01 -3.554959e-01 -6.737831e-03 4.798206e-01 3.806588e-03 
9.497299e+00 -6.091145e+00 -5.841082e+00 -3.640545e+00 1.343725e+01 -9.229300e+00 -1.090138e+01 9.224991e-01 -2.795475e+00 1.478540e+00 -4.256109e+00 -4.623769e+00 8.336850e-01 -1.011058e-01 3.236160e-03 1.088500e-01 -1.678124e-01 -2.402462e-01 -1.276182e+00 1.182344e-01 -6.463475e-01 -6.804098e-02 -1.461786e-01 -5.094429e-01 -5.823202e-01 -1.216245e-02 -1.657320e-01 -5.350521e-03 -3.799733e-01 -2.056769e-01 -3.905528e-01 3.031774e-01 -7.118440e-02 -5.335944e-01 2.758987e-02 -5.811870e-01 -2.134562e-01 1.627258e-01 3.007554e-03 
9.442075e+00 -6.045860e+00 -5.910710e+00 -3.908377e+00 1.268256e+01 -1.000094e+01 -1.057234e+01 -2.226389e-02 -1.902430e+00 4.013814e-02 -5.117907e+00 -4.370369e+00 8.267457e-01 -9.024642e-03 5.969068e-01 2.754736e-01 5.931559e-01 1.608759e-01 -8.889250e-02 9.182127e-01 -1.283171e-01 9.305829e-01 4.072189e-01 9.611904e-02 2.576761e-01 -9.673023e-03 -1.648490e-01 -7.016829e-02 -3.958635e-01 -2.117156e-01 -3.717008e-01 1.256766e-01 -2.501021e-01 -4.800229e-01 -2.185723e-01 -4.981642e-01 -1.562288e-01 -8.602899e-02 1.666600e-03 
9.107941e+00 -6.583355e+00 -5.757608e+00 -4.885471e+00 1.278069e+01 -1.167809e+01 -1.086390e+01 -1.436335e+00 -2.719351e+00 -6.414943e-01 -5.845729e+00 -4.511624e+00 8.190510e-01 -3.549166e-01 1.948713e-01 -4.481590e-01 -9.137108e-02 -6.309779e-01 -3.893268e-01 1.864127e-01 -8.294896e-01 -1.245373e-01 -3.221618e-01 -2.501145e-01 -4.543936e-01 -9.626052e-03 -8.751774e-02 -9.376036e-02 -2.383436e-01 -1.536242e-01 -2.575485e-01 2.383610e-01 -1.926921e-01 -2.235740e-01 -1.553399e-01 -2.864131e-01 6.425172e-02 -1.829084e-01 9.308552e-04 
9.165950e+00 -4.463332e+00 -5.251068e+00 -2.283746e+00 1.353698e+01 -9.037969e+00 -7.705625e+00 1.678301e-01 1.481078e-01 2.381433e+00 -3.869800e+00 -3.761679e+00 8.056291e-01 -4.029869e-01 -2.163658e-02 -7.230699e-01 -3.989909e-01 -9.714896e-01 -3.388586e-01 -3.096768e-01 -1.261182e+00 -5.577084e-01 -7.638923e-01 -2.504612e-01 -9.034699e-01 -9.508627e-03 -6.801832e-03 -1.863169e-01 -4.570422e-02 -2.038802e-01 -7.719412e-02 1.816371e-01 -1.930144e-01 -9.699547e-02 -9.879195e-02 -2.590884e-01 6.734820e-02 -5.802962e-02 1.294772e-03 
7.860507e+00 -5.908264e+00 -8.411651e+00 -4.909719e+00 9.854725e+00 -1.165757e+01 -1.140316e+01 -3.320154e+00 -4.443519e+00 -1.302786e+00 -6.130529e+00 -7.199783e+00 7.960898e-01 -3.416706e-01 -1.562680e-01 -5.836380e-01 -4.400599e-01 -9.616461e-01 4.064260e-02 -2.311066e-01 -1.197708e+00 -1.006463e-01 -9.927970e-01 -1.505475e-02 -9.162883e-01 -7.588713e-03 1.625029e-01 -2.330625e-02 3.412442e-01 1.418733e-01 4.042311e-01 4.557900e-01 2.071230e-01 3.579116e-01 3.801636e-01 1.972281e-01 2.759589e-01 4.584162e-01 2.242142e-03 
8.051242e+00 -6.492089e+00 -8.199100e+00 -5.891221e+00 9.287772e+00 -1.170556e+01 -1.185147e+01 -5.386164e+00 -3.828840e+00 -3.448558e+00 -6.227518e+00 -7.543494e+00 7.906613e-01 -4.961728e-02 -1.591005e-01 1.145998e-01 -2.519375e-01 -5.959999e-02 6.042044e-01 1.618413e-01 -4.290796e-01 4.246618e-01 -5.529656e-01 3.152308e-01 1.984015e-01 -4.218592e-03 1.737605e-01 7.569183e-02 3.686489e-01 3.033713e-01 4.932475e-01 4.710588e-01 2.628812e-01 5.896941e-01 4.061956e-01 4.424721e-01 2.732064e-01 5.422214e-01 2.894819e-03 
7.956107e+00 -6.350313e+00 -7.201900e+00 -5.281709e+00 1.009687e+01 -1.014081e+01 -9.946718e+00 -4.647739e+00 -1.234067e+00 -2.690543e+00 -4.742283e+00 -7.202429e+00 7.885883e-01 2.808923e-01 1.470732e-01 8.394302e-01 5.444031e-01 9.343187e-01 1.418029e+00 9.860997e-01 5.440760e-01 1.285129e+00 5.585138e-01 8.467155e-01 1.286766e+00 -1.065708e-03 1.271115e-01 1.244058e-01 2.128563e-01 2.586550e-01 3.738919e-01 2.464917e-01 1.540238e-01 3.995333e-01 1.811662e-01 3.560569e-01 1.953932e-01 3.588757e-01 2.778128e-03 
8.870335e+00 -5.037752e+00 -5.283236e+00 -3.357833e+00 1.311777e+01 -6.775458e+00 -7.624280e+00 -1.313850e+00 6.664944e-01 3.103834e-01 -2.987864e+00 -2.768258e+00 7.882896e-01 1.544141e-01 2.052276e-01 4.086766e-01 6.254812e-01 5.467770e-01 1.327780e+00 3.960950e-01 8.165140e-01 7.803831e-01 6.729662e-01 6.846929e-01 7.060641e-01 1.705542e-03 2.461630e-02 5.620624e-02 -4.345888e-02 9.236586e-02 -9.671307e-03 -1.102659e-01 -1.333127e-02 1.325907e-02 -2.808622e-02 7.657998e-02 1.576777e-03 -9.825461e-02 1.803068e-03 
8.855947e+00 -5.899904e+00 -5.672914e+00 -3.454825e+00 1.261109e+01 -7.032777e+00 -8.585793e+00 -2.635728e+00 -2.654652e-01 -3.895144e-01 -3.516779e+00 -3.153651e+00 7.919437e-01 1.918021e-01 2.834749e-01 3.334504e-01 4.144396e-01 6.045619e-01 9.114668e-01 4.219289e-01 1.772230e-01 6.272457e-01 1.746426e-01 7.770296e-01 6.242496e-01 3.337761e-03 -4.314974e-02 -8.414587e-04 -1.333880e-01 -1.333621e-01 -1.955091e-01 -3.452540e-01 -8.891099e-02 -2.405744e-01 -1.704111e-01 -1.473223e-01 -1.686147e-01 -2.302296e-01 2.663117e-04 
8.373775e+00 -5.691246e+00 -6.920126e+00 -3.676917e+00 1.076462e+01 -6.621067e+00 -1.055132e+01 -2.309978e+00 -4.114656e-01 -1.234290e+00 -3.416914e+00 -6.037318e+00 7.975303e-01 1.180944e-01 5.377827e-02 1.501765e-01 2.748052e-01 5.697241e-02 3.062440e-01 3.773508e-01 -1.793921e-01 6.132440e-01 2.170178e-02 3.581055e-01 3.838582e-02 2.597978e-03 -3.226009e-02 -3.268671e-02 -3.724099e-02 -1.538737e-01 -1.371521e-01 -3.614009e-01 9.511861e-03 -2.451740e-01 -8.351320e-02 -1.484326e-01 -1.815740e-01 -6.786411e-02 -1.379225e-03 
9.163165e+00 -4.606153e+00 -4.716025e+00 -3.049770e+00 1.429648e+01 -5.660621e+00 -6.373490e+00 -3.263521e+00 2.441223e+00 -1.044994e+00 -6.420647e-01 -2.446381e+00 8.006574e-01 8.327019e-02 2.185934e-01 3.015871e-01 5.303271e-02 2.016170e-01 2.025367e-01 5.510015e-01 -1.608504e-01 5.167009e-01 1.474221e-01 1.669606e-01 4.694818e-01 -1.791432e-04 -1.183472e-01 -1.180771e-01 -1.520416e-01 -2.399129e-01 -3.287136e-01 -4.122081e-01 -2.494172e-01 -2.168099e-01 -3.426291e-01 -2.100520e-01 -3.956895e-01 -1.591128e-01 -2.138703e-03 
9.307029e+00 -5.416054e+00 -5.010828e+00 -2.186754e+00 1.255988e+01 -5.929937e+00 -6.843736e+00 -1.896863e+00 2.379300e+00 7.466779e-01 -2.634022e+00 -2.929693e+00 7.969154e-01 4.737776e-02 7.422525e-02 2.384594e-01 3.687009e-02 6.253216e-02 -1.247150e-01 3.791961e-01 -2.403636e-01 4.180036e-01 -5.552825e-02 8.202007e-02 4.441030e-01 -3.431839e-03 -1.438791e-01 -1.177148e-01 -1.914792e-01 -2.274861e-01 -3.301145e-01 -3.173501e-01 -3.878860e-01 -1.881302e-01 -4.717096e-01 -2.900523e-01 -3.199979e-01 -1.479670e-01 -1.539427e-03 
8.805828e+00 -4.944744e+00 -5.119140e+00 -3.934830e+00 1.272149e+01 -6.365327e+00 -7.685060e+00 -3.646343e+00 9.227051e-01 -6.431547e-01 -3.073346e+00 -2.360370e+00 7.913640e-01 -3.645307e-01 -3.170999e-01 -4.707987e-01 -6.663367e-01 -1.041761e+00 -9.340867e-01 -8.260644e-01 -8.762420e-01 -9.882359e-01 -8.369443e-01 -1.063232e+00 -3.740417e-01 -4.347761e-03 -8.442743e-02 -9.219024e-02 -1.184765e-01 -1.233837e-02 -3.059792e-01 -5.491614e-02 -2.671841e-01 9.786842e-03 -2.942603e-01 -1.542923e-01 -1.141396e-01 -1.168052e-01 -2.558297e-04 
8.789585e+00 -5.150964e+00 -5.526326e+00 -3.050321e+00 1.186439e+01 -6.892278e+00 -7.999928e+00 -3.320154e+00 2.437814e+00 -1.712927e+00 -1.791539e+00 -3.859930e+00 7.850044e-01 -3.773494e-01 -2.670889e-01 -4.209674e-01 -5.031207e-01 -9.719453e-01 -7.122245e-01 -8.734590e-01 -7.623754e-01 -9.927399e-01 -9.363305e-01 -6.267417e-01 -2.796668e-01 -3.020849e-03 3.285712e-02 6.260750e-02 1.207970e-01 1.964213e-01 6.152142e-04 2.837860e-01 1.169189e-01 2.250199e-01 9.709156e-02 1.280837e-01 2.004966e-01 1.294428e-01 8.161423e-04 
7.599698e+00 -6.323839e+00 -6.812222e+00 -5.949637e+00 9.434978e+00 -9.850338e+00 -9.926154e+00 -6.933258e+00 -2.529607e+00 -3.999841e+00 -6.379576e+00 -3.851660e+00 7.848815e-01 -1.267433e-01 -7.164760e-02 3.889447e-02 2.612921e-01 -8.109861e-01 2.217344e-01 -1.585579e-01 1.490123e-01 -2.491817e-01 -1.837808e-01 -4.949319e-02 2.473525e-01 -1.670451e-03 1.248306e-01 1.383356e-01 2.946676e-01 2.959352e-01 2.663037e-01 4.126554e-01 4.326939e-01 3.513730e-01 4.725419e-01 2.624250e-01 4.080178e-01 2.692083e-01 8.378982e-04 
8.023397e+00 -6.061884e+00 -6.269442e+00 -3.694552e+00 9.343774e+00 -7.748849e+00 -1.009021e+01 -4.065603e+00 -8.585562e-01 -2.257154e+00 -4.115147e+00 -3.582381e+00 7.850571e-01 9.267060e-02 2.645327e-01 5.873986e-01 5.552665e-01 -4.993879e-02 7.162241e-01 6.300573e-01 3.720817e-01 5.338358e-01 2.582029e-01 5.776795e-01 7.806520e-01 -6.899456e-04 8.134553e-02 6.111789e-02 2.284010e-01 7.235328e-02 2.545762e-01 2.124039e-01 3.321358e-01 1.630609e-01 3.210415e-01 1.034112e-01 2.280208e-01 1.856344e-01 2.425780e-04 
8.555227e+00 -4.847556e+00 -4.553557e+00 -2.306341e+00 9.927261e+00 -4.828360e+00 -7.432343e+00 -2.529047e+00 1.325200e+00 -1.289502e+00 -2.158944e+00 -1.262083e+00 7.829841e-01 2.473134e-02 1.089232e-01 4.981574e-01 2.842113e-01 -1.712506e-01 4.148991e-01 5.856735e-01 3.133852e-01 6.110899e-01 -1.221233e-01 3.745158e-01 4.418662e-01 -1.324045e-03 4.750034e-03 -4.701909e-02 8.061103e-02 -1.434931e-01 1.318984e-01 6.388441e-03 7.933044e-02 -3.273669e-02 5.436919e-02 -9.458499e-02 1.082331e-01 -6.531871e-02 -5.485453e-04 
8.775663e+00 -4.566791e+00 -3.718825e+00 -2.095823e+00 1.136891e+01 -5.821958e+00 -6.096552e+00 -3.662148e+00 3.179746e+00 -1.776856e+00 -1.013168e+00 -1.251166e+00 7.825098e-01 -4.641260e-02 -5.190874e-02 4.913296e-01 -1.527096e-01 -1.895004e-02 2.533018e-01 4.152277e-01 -2.923837e-02 1.823249e-01 -4.499079e-01 3.012474e-01 5.513823e-01 -1.981630e-03 -4.101596e-02 -9.291491e-02 -1.035438e-02 -1.311662e-01 -9.696665e-02 -2.319503e-02 -3.403914e-02 -2.994087e-02 -2.054110e-01 -1.740302e-01 9.435634e-02 -1.665176e-01 -1.351535e-03 
7.347705e+00 -6.527272e+00 -5.596770e+00 -5.328552e+00 7.566113e+00 -8.738974e+00 -8.994802e+00 -5.567917e+00 -1.493402e+00 -4.850429e+00 -6.057788e+00 -2.807956e+00 7.795233e-01 -3.359387e-02 -1.485672e-01 4.898921e-01 -1.021020e-01 -1.668758e-01 4.851588e-01 3.455926e-01 1.860958e-01 1.984807e-01 -3.025378e-01 6.299150e-01 3.537477e-02 -3.766502e-03 -3.998585e-02 -4.585591e-03 4.405215e-02 4.899695e-02 -1.211420e-01 1.417557e-02 9.246424e-02 3.364151e-02 -2.082758e-01 -4.252616e-02 2.558891e-01 -1.097089e-01 -1.909277e-03 
8.395586e+00 -5.481194e+00 -3.290872e+00 -2.947266e+00 1.042968e+01 -4.527155e+00 -7.233094e+00 -2.691922e+00 1.462395e+00 -2.726243e+00 -6.593253e-01 -5.297394e-02 7.768881e-01 -8.337326e-02 -7.138205e-02 5.398433e-01 9.251192e-02 -5.369179e-01 5.650173e-01 5.797491e-01 2.859707e-01 -2.867807e-01 -5.218204e-01 9.219484e-01 1.513431e-01 -6.226574e-03 -1.204074e-01 2.371683e-02 1.232940e-02 -3.604701e-03 -3.133838e-01 -1.448117e-01 1.863346e-01 -1.641403e-01 -2.558558e-01 -1.419560e-01 7.617889e-02 -1.395209e-01 -2.198037e-03 
8.577503e+00 -5.132850e+00 -2.317696e+00 -2.391761e+00 9.562982e+00 -3.049861e+00 -5.136410e+00 -2.083445e+00 3.176053e+00 -2.327725e+00 8.131696e-01 -1.684526e+00 7.669798e-01 -1.564400e-01 9.573442e-02 6.941288e-01 4.064908e-01 -5.179601e-01 3.299937e-01 9.657044e-01 3.240780e-01 -1.957207e-01 -2.989928e-01 1.343531e+00 9.327291e-02 -8.745358e-03 -2.012705e-01 -1.561669e-02 -4.178926e-02 -2.327762e-01 -4.444669e-01 -3.095630e-01 1.127290e-01 -5.258383e-01 -3.494796e-01 -3.284179e-01 -1.900033e-01 -2.079381e-01 -1.911255e-03 
7.744025e+00 -5.620880e+00 -2.659325e+00 -3.101573e+00 7.686118e+00 -5.841533e+00 -5.126813e+00 -3.974727e+00 -5.887111e-01 -5.647466e+00 1.609649e-01 -1.055988e+00 7.576337e-01 -5.867220e-01 -5.544934e-02 4.509614e-01 -4.249571e-01 -1.410254e+00 -3.931862e-01 1.036796e+00 -9.188994e-01 -8.997217e-01 -1.161690e+00 3.254005e-01 -1.753125e-01 -1.048326e-02 -1.674979e-01 -7.806350e-03 -4.616481e-02 -3.963204e-01 -4.955794e-01 -1.101132e-01 -6.442068e-03 -6.315383e-01 -3.280562e-01 -2.433597e-01 -3.096763e-01 -3.287674e-01 -1.108265e-03 
6.890591e+00 -5.978978e+00 -2.441887e+00 -3.218956e+00 6.347939e+00 -6.432261e+00 -5.219125e+00 -3.306105e+00 -1.446534e+00 -4.884884e+00 2.497338e-01 -1.839676e+00 7.454240e-01 -7.881896e-01 -2.346039e-01 3.253049e-01 -1.007342e+00 -1.952557e+00 -5.833821e-01 6.807540e-01 -1.840639e+00 -1.242518e+00 -1.624691e+00 -2.187310e-02 -8.410121e-01 -1.119369e-02 -5.543739e-02 1.973114e-02 5.190345e-03 -3.950728e-01 -4.663208e-01 1.446864e-01 2.582838e-02 -5.114083e-01 -2.753694e-01 -8.921874e-02 -2.938499e-01 -3.381005e-01 -1.074941e-04 
6.304929e+00 -5.335238e+00 -9.739796e-01 -4.658419e+00 4.985759e+00 -4.802155e+00 -2.007378e+00 -6.675116e+00 -7.247698e-01 -7.256068e+00 1.249617e+00 -8.518789e-01 7.352347e-01 -6.048818e-01 5.475194e-02 4.933659e-01 -1.182348e+00 -2.297535e+00 4.711068e-01 6.899804e-01 -1.789336e+00 -1.403782e+00 -1.075851e+00 5.624902e-02 -1.025288e+00 -1.054784e-02 1.073188e-01 1.105163e-01 1.465897e-01 -3.464666e-02 -1.240238e-01 3.561605e-01 2.525273e-01 2.326991e-02 5.461830e-02 3.925721e-01 2.090107e-02 -2.135689e-01 7.093407e-04 
5.356360e+00 -6.448895e+00 -1.533861e+00 -6.650080e+00 1.150428e+00 -6.486567e+00 -3.291986e+00 -9.936567e+00 -2.968176e+00 -9.646763e+00 1.597320e-01 -5.991997e+00 7.222168e-01 -4.245650e-01 1.392838e-01 6.989202e-01 -1.190297e+00 -2.405995e+00 6.212251e-01 1.268234e+00 -1.797754e+00 -1.320654e+00 -7.879475e-01 8.982830e-03 -1.172141e+00 -9.256161e-03 2.293124e-01 3.107670e-01 2.790077e-01 2.533648e-01 2.402872e-01 5.441586e-01 6.204346e-01 4.089579e-01 4.126724e-01 8.084875e-01 1.960239e-01 2.499635e-01 1.278949e-03 
5.486765e+00 -5.112298e+00 -6.461944e-01 -7.297618e+00 -1.202719e+00 -3.458730e+00 -2.640313e+00 -9.605989e+00 -6.846844e+00 -8.645486e+00 4.868618e-01 -4.106383e+00 7.165073e-01 -2.320705e-01 3.102950e-01 9.971896e-01 -5.068301e-01 -1.803629e+00 7.851973e-01 2.005861e+00 -8.239157e-01 -5.875722e-01 3.827839e-01 4.143858e-01 -1.077680e+00 -7.911635e-03 1.672855e-01 3.165644e-01 2.129139e-01 2.176816e-01 2.947217e-01 3.762391e-01 5.253556e-01 4.171199e-01 5.946473e-01 7.169529e-01 4.739314e-02 2.850206e-01 1.170170e-03 
5.176763e+00 -5.393760e+00 8.884921e-01 -7.850918e+00 -2.587833e+00 -3.997994e+00 1.438350e+00 -1.082909e+01 -4.988605e+00 -8.129903e+00 6.759067e-01 -6.073045e+00 7.085139e-01 1.721467e-01 1.191463e+00 1.468431e+00 -7.825551e-02 -9.981035e-01 1.980305e+00 3.124976e+00 -2.785846e-01 4.128142e-01 1.688478e+00 7.792253e-01 4.349838e-01 -6.115019e-03 8.517163e-02 2.826256e-01 7.375984e-02 7.105570e-02 9.863736e-02 3.333335e-01 6.293336e-02 4.225312e-01 3.883427e-01 4.020093e-01 -1.255507e-01 2.381621e-01 8.794321e-04 
5.233844e+00 -4.311454e+00 2.800641e+00 -6.591664e+00 -2.163286e+00 -2.120357e+00 5.656395e+00 -1.034793e+01 -2.652600e+00 -6.099950e+00 3.063625e+00 -6.199415e+00 7.025233e-01 -6.670891e-02 1.111534e+00 1.173037e+00 -6.500416e-01 -1.527829e+00 1.672844e+00 2.388417e+00 -4.634330e-01 7.028352e-01 1.270549e+00 -9.190565e-02 -4.038080e-01 -6.267673e-03 5.647590e-02 1.614848e-01 -7.109394e-02 -2.139614e-01 -2.099183e-01 1.748424e-01 -3.979982e-01 2.586600e-01 4.996825e-02 -1.814319e-01 -2.246953e-01 8.382122e-03 4.838705e-04 
6.343911e+00 -8.917587e-01 4.084907e+00 -7.394060e+00 -3.359060e+00 2.745967e+00 8.184938e+00 -1.095860e+01 -3.001410e+00 -2.476754e+00 2.767729e+00 -2.770243e+00 6.986232e-01 -8.123681e-02 1.151719e+00 9.798205e-01 -7.634449e-01 -2.050810e+00 1.843941e+00 1.391479e+00 1.347932e-01 -2.407764e-02 7.781763e-01 -3.657953e-01 -3.182943e-01 -5.674672e-03 -1.121656e-02 -7.954876e-02 -2.075420e-01 -2.877235e-01 -2.860866e-01 -2.422654e-01 -7.264639e-01 2.405773e-01 -9.818153e-03 -6.453353e-01 -2.214268e-01 -3.521002e-01 1.634656e-04 
4.569753e+00 -1.805466e+00 3.620714e+00 -1.077614e+01 -8.455768e+00 1.533570e+00 5.928307e+00 -1.185858e+01 -4.326491e+00 -5.119014e+00 -1.018510e+00 -7.776714e+00 6.901028e-01 1.768469e-01 1.137468e+00 8.859075e-01 -1.234148e+00 -2.326974e+00 1.727667e+00 8.825696e-01 2.628789e-01 -1.192500e-01 -6.920177e-02 -1.363983e-01 -6.590589e-01 -5.715772e-03 7.678364e-02 -3.409580e-02 -1.563596e-01 -8.180849e-02 5.749127e-02 -2.340202e-01 -4.901765e-01 2.408479e-01 2.760356e-01 -4.924896e-01 8.687201e-03 -8.464059e-02 3.652021e-04 
5.102511e+00 -8.882753e-01 5.378132e+00 -9.575850e+00 -9.695809e+00 3.394789e+00 8.259885e+00 -9.400090e+00 -4.271954e+00 -4.729628e+00 8.879656e-01 -6.875920e+00 6.863433e-01 -5.606316e-03 7.808412e-01 5.743418e-01 -1.224742e+00 -2.028844e+00 7.415571e-01 2.456560e-01 5.612527e-01 7.747040e-01 -8.682161e-01 -3.055858e-01 -1.197778e+00 -5.574861e-03 6.729198e-02 -2.056861e-02 -3.015588e-01 -1.813723e-01 1.732046e-01 -4.026650e-01 -5.165247e-01 -9.803263e-02 3.834850e-01 -3.799216e-01 -2.093276e-01 -1.264468e-01 4.166251e-04 
6.738839e+00 1.374221e+00 6.583812e+00 -1.167167e+01 -1.063024e+01 6.193408e+00 1.003165e+01 -9.812765e+00 -2.613685e+00 -5.319518e+00 3.321301e+00 -7.441935e+00 6.800891e-01 2.793967e-01 1.126493e+00 5.941067e-01 -8.284929e-01 -1.251300e+00 1.053965e+00 5.104054e-01 5.276955e-01 1.683639e+00 -3.684998e-01 -7.861564e-02 -3.872043e-01 -4.494543e-03 -6.286781e-03 -4.001394e-02 -4.703054e-01 -2.082720e-01 6.821807e-02 -5.530636e-01 -6.796495e-01 -3.478076e-01 7.172386e-02 -2.769759e-01 -4.880677e-01 -1.149540e-01 7.765861e-04 
5.231524e+00 1.422292e+00 5.475450e+00 -1.307035e+01 -1.241644e+01 4.123807e+00 7.361436e+00 -9.174874e+00 1.545770e-02 -6.717653e+00 -9.301525e-01 -8.926939e+00 6.757674e-01 2.037662e-01 1.054353e+00 -3.820367e-01 -1.873102e+00 -1.722511e+00 1.675059e-01 -1.005154e+00 -4.877761e-01 9.919750e-01 -9.717803e-01 -1.441130e+00 -1.086370e+00 -4.200978e-03 1.257135e-01 2.399865e-02 -3.201549e-01 -7.996193e-02 3.267554e-02 -3.867472e-01 -4.947693e-01 -3.354068e-01 -1.801264e-01 -1.766869e-02 -2.374252e-01 1.015591e-01 1.037657e-03 
5.902112e+00 2.671455e+00 6.542279e+00 -1.317120e+01 -1.335193e+01 6.439044e+00 8.929837e+00 -9.332920e+00 1.948116e+00 -5.967941e+00 -5.023358e-01 -8.687433e+00 6.729038e-01 4.096840e-02 8.006685e-01 -9.875594e-01 -1.951266e+00 -2.139036e+00 -7.506199e-01 -1.890209e+00 -9.516602e-01 1.307243e-01 -1.402243e+00 -2.009018e+00 -1.289486e+00 -2.515917e-03 1.613256e-01 -5.805019e-02 -1.144826e-02 2.506200e-01 1.148076e-01 -4.414862e-01 -2.854344e-01 -3.237594e-02 -1.751857e-01 2.147456e-01 1.249770e-01 2.348839e-01 1.255216e-03 
6.540215e+00 3.734950e+00 3.488379e+00 -1.819168e+01 -1.694726e+01 4.109599e+00 3.784552e+00 -1.207897e+01 -1.592819e+00 -9.264435e+00 -4.406112e+00 -1.168490e+01 6.689160e-01 7.423664e-01 1.063824e+00 -2.355373e-01 -1.063116e+00 -1.421556e+00 -2.899737e-01 -1.027880e+00 -3.760708e-01 6.504512e-01 -4.396527e-01 -5.277023e-01 -2.388026e-01 -1.376887e-03 1.980415e-01 -1.498016e-01 4.651990e-01 8.056822e-01 3.558804e-01 -3.400244e-01 1.060412e-01 2.817931e-01 9.414376e-02 4.437674e-01 7.149128e-01 5.268334e-01 1.235438e-03 
6.289150e+00 4.221238e+00 2.639802e+00 -1.886733e+01 -1.905986e+01 2.447288e+00 2.368788e+00 -1.311900e+01 -1.155670e+00 -1.105735e+01 -4.985986e+00 -1.251027e+01 6.709363e-01 8.167151e-01 8.314718e-01 4.636588e-01 1.964762e-02 -8.278476e-01 -9.247848e-01 -9.054115e-01 3.098589e-01 9.784629e-01 4.392504e-01 8.941625e-02 3.633209e-01 3.668869e-04 2.215131e-01 -1.424743e-01 5.572007e-01 1.120993e+00 5.040544e-01 -2.829570e-01 8.815345e-02 3.916418e-01 9.210936e-02 5.265434e-01 9.266200e-01 5.778956e-01 -4.358102e-04 
8.749210e+00 5.966443e+00 6.248697e+00 -1.553761e+01 -1.667045e+01 4.669702e+00 5.502389e+00 -9.161704e+00 4.819836e+00 -6.371026e+00 -1.326736e+00 -8.209744e+00 6.698471e-01 8.062464e-01 2.900250e-01 1.218316e+00 1.169976e+00 -5.987132e-01 -1.445597e+00 -9.673741e-01 2.904071e-01 1.038778e+00 3.263173e-01 1.084202e+00 7.213774e-01 5.312831e-04 5.625517e-02 -7.636826e-02 2.130866e-01 1.095440e+00 3.387896e-01 -3.924349e-01 -2.577970e-01 1.762735e-01 -4.004642e-01 2.602045e-01 5.380124e-01 3.903075e-01 -4.648541e-03 
8.881008e+00 5.712848e+00 7.480844e+00 -1.439959e+01 -1.762941e+01 1.535149e+00 3.544173e+00 -9.242483e+00 3.634222e+00 -5.218228e+00 -1.595097e+00 -8.608370e+00 6.742917e-01 1.116673e+00 4.752871e-01 1.071457e+00 2.537175e+00 -3.025182e-02 -1.587601e+00 -1.479683e+00 6.732992e-01 3.971480e-01 8.474301e-01 1.818273e+00 1.119954e+00 -5.645316e-03 -1.901601e-01 3.152358e-01 1.797156e-02 9.388332e-01 4.518213e-01 -1.551564e-01 -2.594085e-01 -1.221897e-02 -7.958848e-01 3.109680e-01 2.049693e-01 3.771177e-01 -1.275755e-02 
9.275007e+00 4.438953e+00 7.159574e+00 -1.457539e+01 -2.065619e+01 -2.662462e+00 -1.639956e+00 -1.256540e+01 1.205900e+00 -1.055256e+01 -6.806956e-01 -1.002920e+01 6.698998e-01 8.737584e-01 8.598851e-01 5.259479e-01 3.155197e+00 -1.263169e-01 -1.920790e+00 -2.029674e+00 3.236229e-01 -1.061084e+00 6.572670e-01 1.297882e+00 1.334427e+00 -2.160936e-02 -8.269843e-01 5.285305e-01 2.321071e-02 5.746641e-01 7.392835e-01 2.964591e-01 -1.586893e-01 9.717879e-02 -8.782987e-01 5.282704e-01 -4.765419e-01 1.262417e-01 -2.339223e-02 
1.160884e+01 7.361562e+00 7.541515e+00 -6.662204e+00 -1.721820e+01 -1.824519e+00 -1.458529e+00 -8.050554e+00 2.636931e+00 -4.729628e+00 3.781996e+00 -6.000598e+00 6.426696e-01 -1.679769e-01 2.122641e+00 8.999226e-01 3.721287e+00 1.195080e+00 -1.462816e+00 -1.671301e+00 2.320519e-01 -1.951023e+00 1.828505e+00 1.007351e+00 1.942314e+00 -5.235144e-02 -1.637969e+00 1.087405e-02 -1.991150e-02 -1.294195e-01 8.852561e-01 7.112767e-01 3.846307e-01 1.906133e-01 -6.776406e-01 3.543298e-01 -1.170726e+00 -3.571910e-01 -3.370650e-02 
1.175363e+01 9.441874e+00 8.848177e+00 -3.630074e+00 -1.750781e+01 -3.254769e+00 -2.144476e+00 -8.139674e+00 1.290127e-02 -3.329417e+00 2.474298e+00 -2.841367e+00 5.775982e-01 -2.686216e+00 2.108922e+00 1.420037e+00 3.451291e+00 2.485032e+00 -2.565879e-02 -1.664988e+00 9.969260e-01 -2.178673e+00 2.477237e+00 -8.930041e-01 9.414420e-01 -9.308060e-02 -1.858706e+00 -7.697574e-01 -3.666739e-01 -5.834705e-01 9.251213e-01 1.099908e+00 9.815332e-01 5.779698e-01 1.559230e-01 3.002972e-01 -8.675005e-01 -3.805238e-01 -3.284417e-02 
6.801489e+00 1.382474e+01 1.113575e+01 -1.265872e+00 -1.322873e+01 -5.483181e+00 -4.560142e+00 -1.029480e+01 -5.524603e+00 3.124590e-01 1.864012e+00 -2.490709e+00 4.586989e-01 -5.293331e+00 -9.483855e-02 5.249897e-01 1.741895e+00 3.090498e+00 1.021210e+00 2.611952e-01 1.289726e+00 -2.432172e+00 1.709115e+00 -2.939896e+00 -4.695349e-01 -1.384481e-01 -1.278831e+00 -1.536701e+00 -9.361289e-01 -7.793043e-01 3.290634e-01 8.553768e-01 1.156825e+00 8.967384e-01 1.060358e+00 -1.717525e-02 -1.260668e-01 -1.554875e-01 -1.595171e-02 
-1.752337e+00 1.175174e+01 1.246237e+01 -1.708848e-02 -1.022596e+01 -9.610013e-01 -8.413964e+00 -6.458681e+00 -5.606409e+00 -6.871578e-01 -4.186656e+00 -7.077052e+00 2.964772e-01 -5.857141e+00 -1.880099e+00 -1.120044e+00 1.227605e+00 3.551501e+00 2.336749e+00 1.911848e+00 2.684677e+00 -4.082092e-02 2.218453e+00 -1.065890e+00 6.378424e-01 -1.427869e-01 -2.527010e-02 -1.239183e+00 -1.029397e+00 -5.781804e-01 -2.440999e-01 2.132055e-01 9.607851e-01 7.077950e-01 1.436971e+00 -2.386103e-01 7.644565e-01 3.404794e-01 1.132028e-02 
-8.104592e+00 5.732356e+00 8.359145e+00 2.408245e-01 -5.406597e+00 2.134717e+00 2.982072e+00 -2.442560e+00 -6.714193e+00 2.494762e+00 -7.586997e+00 -6.230511e+00 9.100343e-02 -4.976923e+00 -3.566400e+00 -2.510650e+00 9.366780e-01 2.307029e+00 1.632865e+00 2.324415e+00 3.871802e+00 2.281697e+00 1.871931e+00 4.635010e-01 1.316705e+00 -1.072539e-01 1.123957e+00 -2.218258e-01 -3.723161e-01 -2.834814e-01 -7.778783e-01 -1.923743e-01 -1.659008e-01 6.020180e-02 1.228632e+00 -4.058277e-01 1.035226e+00 4.174969e-01 3.548712e-02 
-1.007923e+01 4.087474e+00 4.636238e+00 1.754134e+00 -3.660937e+00 4.620132e+00 3.643798e+00 1.357564e+00 4.037505e-01 6.671732e+00 1.870588e+00 2.217703e+00 4.750540e-02 -2.971005e+00 -2.351265e+00 -2.209266e+00 9.630416e-01 1.656265e+00 7.345312e-01 2.107351e+00 3.244796e+00 2.649168e+00 1.202942e+00 1.227503e+00 1.750812e+00 -5.207549e-02 1.565135e+00 5.043749e-01 3.588040e-01 -2.513415e-01 -1.103165e+00 -2.753989e-01 -5.128987e-01 -6.672076e-01 3.481406e-02 -4.286497e-01 3.365121e-01 -2.689891e-01 3.904717e-02 
-1.391945e+01 -1.748663e-01 2.495658e+00 2.532282e+00 -4.975648e+00 -1.094815e-01 1.033454e+00 5.155932e+00 2.878940e+00 5.992590e+00 1.152628e+00 -5.541503e-01 4.690809e-02 -1.116563e+00 -9.683053e-01 -7.919474e-01 4.568334e-01 1.486627e-01 8.603059e-01 -6.661076e-01 1.310656e+00 2.366099e+00 1.878097e-01 1.089518e+00 1.061368e+00 -6.367485e-03 1.547108e+00 9.338228e-01 6.787373e-01 -1.918028e-01 -9.104024e-01 6.131826e-02 -4.063378e-01 -1.190116e+00 -9.401195e-01 -1.077231e-01 2.485768e-02 -7.123125e-01 2.628833e-02 
-1.369994e+01 2.949433e+00 4.347950e+00 3.652109e+00 -2.160085e+00 3.833652e+00 3.097234e+00 5.966357e+00 2.842582e+00 3.577819e+00 -2.419497e+00 -1.160855e+00 5.815152e-02 3.840465e-02 -6.573519e-01 -1.852268e-01 2.106846e-01 -8.851768e-01 1.345988e+00 8.427504e-01 6.293906e-01 9.116703e-02 9.171904e-01 3.036743e-01 -5.793951e-01 2.004977e-03 1.191576e+00 6.148469e-01 4.285825e-01 -2.651157e-01 -6.220595e-01 2.929177e-02 -4.384471e-01 -1.047665e+00 -1.159502e+00 1.893330e-01 -1.119033e-01 -7.348740e-01 8.636395e-03 
-1.187752e+01 1.459913e+00 4.543807e+00 1.575579e+00 -5.414063e+00 6.829600e+00 -7.521145e-02 1.806239e+00 3.896682e+00 4.980520e+00 5.208425e-03 7.657796e-01 5.386496e-02 1.254047e+00 2.558582e-01 -1.289269e-01 3.538961e-01 -9.743150e-01 1.633756e+00 9.251082e-01 -7.711344e-01 -1.139807e+00 1.476285e+00 1.049764e+00 -1.079831e+00 -2.856452e-03 6.721094e-01 3.567030e-01 7.312653e-02 -1.504302e-01 1.529118e-01 -2.676499e-01 1.293170e-03 -5.192546e-01 -7.206536e-01 2.859211e-02 -2.866821e-01 -4.906315e-01 -3.513279e-03 
-1.090853e+01 -1.671797e-02 2.686221e+00 3.286181e+00 -7.867481e+00 7.880345e+00 8.411607e+00 6.179718e+00 3.506337e-01 1.176363e+01 3.962410e+00 -1.339161e+00 5.404064e-02 1.801834e+00 1.109590e-01 -3.978485e-01 -3.110238e-01 -8.925594e-01 4.942628e-01 -8.803545e-01 -9.526839e-01 -1.395460e+00 1.505278e+00 6.878132e-01 -8.528843e-01 -1.065353e-02 2.745634e-01 3.766315e-01 8.654106e-02 -9.498385e-02 6.767238e-01 -4.904230e-01 -2.096935e-01 -3.460039e-01 1.738590e-01 -9.447352e-01 -3.884070e-01 -6.697431e-03 -6.948732e-03 
-9.044808e+00 2.587155e+00 2.682149e+00 4.484264e+00 -6.993851e+00 6.035859e+00 3.001723e+00 1.193811e+00 -1.574072e+00 9.281197e+00 3.210340e+00 -5.863974e+00 3.468085e-02 1.362152e+00 4.309410e-01 -3.198673e-01 -3.453693e-02 9.169103e-01 -5.198143e-02 2.018548e-01 -4.946012e-01 -4.939665e-01 3.689458e-02 -5.360230e-01 -1.255160e+00 -1.760514e-02 -2.644736e-02 9.956571e-02 1.165942e-01 4.530089e-03 5.635321e-01 -5.077913e-01 3.423688e-01 3.137647e-01 8.166043e-01 -1.186155e+00 -1.470540e-01 4.844486e-01 -7.656787e-03 
-6.106750e+00 2.940377e+00 3.289672e+00 6.420224e-01 -5.833278e+00 6.702046e+00 -2.843675e+00 1.509025e+00 -1.399098e+00 8.954080e+00 -5.832964e-01 -2.110278e+00 1.447781e-02 1.357238e+00 1.138354e+00 3.429136e-01 -6.990924e-02 1.552727e+00 -2.633542e-01 1.559170e-01 -1.238772e+00 6.375266e-01 -3.086744e+00 -8.453912e-01 -5.252823e-01 -2.536112e-02 -1.210697e-01 -1.429574e-01 1.317935e-01 3.357608e-01 2.393266e-01 -1.710742e-01 1.093775e+00 5.352207e-01 7.882888e-01 -8.487594e-01 3.652405e-01 6.949839e-01 -7.781389e-03 
-7.466954e+00 2.136398e+00 2.642652e+00 2.725165e+00 -1.846475e+00 7.158905e+00 6.561699e+00 1.668388e+00 2.301755e+00 6.570027e+00 -4.020599e-01 -5.124615e+00 -1.436863e-02 1.343992e+00 2.399255e-01 8.369477e-02 2.558604e-01 6.206943e-01 -5.264817e-01 2.118811e+00 9.407321e-01 1.926759e+00 -2.158464e+00 1.081082e+00 1.178627e+00 -3.378055e-02 3.771332e-02 -3.629756e-01 1.236757e-01 4.648694e-01 -3.313953e-01 -7.575817e-02 6.140691e-01 3.304945e-01 2.432361e-01 3.130608e-02 4.763696e-01 7.769380e-01 -5.576133e-03 
-4.911758e+00 5.900258e+00 4.420022e+00 3.815784e+00 -2.677437e+00 6.002076e+00 7.411249e+00 -2.518694e-01 1.600442e+00 -2.314026e+00 1.542225e+00 -4.335634e+00 -4.823947e-02 1.205550e+00 -5.082925e-01 5.937803e-02 1.222571e+00 4.521701e-01 -1.239234e-01 3.629903e+00 1.005799e+00 1.335751e+00 -1.640896e+00 1.705365e+00 1.405229e+00 -4.147781e-02 -8.310301e-02 -4.788423e-01 -1.308548e-01 2.096466e-01 -3.605738e-01 3.329986e-02 -8.935416e-02 -1.135900e-01 -4.416504e-01 8.562904e-01 1.799108e-01 3.975580e-01 -3.824094e-04 
-2.922270e+00 2.306738e+00 2.535155e+00 4.176752e+00 -5.467932e+00 3.753457e+00 8.468731e+00 6.778098e+00 6.559626e+00 4.123291e+00 7.553029e+00 1.141579e+00 -1.028580e-01 1.626645e+00 -5.606049e-01 4.401805e-01 1.643727e+00 -1.897528e-01 -5.005549e-01 1.535314e+00 3.548700e-02 3.731591e-01 -5.296700e-01 5.703989e-01 1.664179e+00 -3.742662e-02 -1.981802e-01 -1.056772e-01 -1.435784e-01 -1.859637e-01 1.221723e-01 1.391896e-01 -1.032610e+00 -7.177128e-01 -7.419109e-01 3.976916e-01 -2.054856e-01 -4.730809e-02 6.379716e-03 
-2.351458e+00 3.138607e-01 3.640667e+00 6.028986e+00 -1.761672e+00 7.784995e+00 1.435252e+01 3.983759e+00 3.150489e+00 1.973367e+00 3.966109e+00 1.782688e+00 -1.486574e-01 8.002644e-01 -8.556257e-01 -4.896053e-01 2.843437e-01 1.552250e-01 -1.097725e-01 8.161787e-04 -1.354231e+00 -7.938768e-01 3.802517e-01 3.094525e-01 1.219749e+00 -2.545506e-02 -2.412973e-01 1.098721e-01 -2.645394e-01 -6.780936e-01 2.509339e-01 -8.633188e-02 -1.483389e+00 -1.717611e-01 -5.724747e-01 7.109036e-02 -8.093854e-02 3.021360e-03 1.128072e-02 
-6.144258e-01 2.126296e+00 5.233173e+00 9.837610e+00 -3.253456e+00 3.764508e+00 1.076786e+01 -2.716251e-01 3.392781e+00 1.778259e+00 1.237699e+00 1.375723e-01 -1.512926e-01 5.556403e-01 -1.148430e-01 -3.595167e-01 -2.047744e-01 1.380101e+00 1.623601e-01 -1.229598e+00 -1.467643e+00 -7.179935e-01 -1.180555e+00 7.517208e-01 1.034784e+00 -9.890260e-03 -3.318728e-01 1.502078e-02 -1.641320e-01 -5.214365e-01 4.811599e-01 -8.400337e-02 -9.437757e-01 3.160194e-01 -4.327239e-01 -3.244703e-01 1.303672e-01 7.193993e-02 1.067749e-02 
-2.064195e+00 1.712811e+00 6.230064e-01 2.407183e+00 -3.008648e+00 5.447657e+00 6.266024e+00 -3.498394e+00 -7.852719e-01 7.599618e-01 6.246976e+00 2.265339e+00 -1.512926e-01 5.342758e-01 -1.818489e-01 -8.634601e-01 -1.243687e+00 9.218320e-01 -8.871810e-01 -2.404557e+00 8.987573e-01 -9.810882e-01 -9.597527e-01 1.210168e+00 1.735068e+00 1.159511e-03 -1.691902e-01 -7.415399e-02 2.174046e-01 3.773830e-01 2.759498e-01 -2.269583e-01 -1.315354e-01 6.787997e-01 -2.720480e-01 -3.851645e-01 -1.172660e-02 -1.649336e-02 6.522119e-03 
-2.872531e-01 1.032843e+00 2.246052e+00 4.963717e+00 2.056059e+00 5.734022e+00 6.363821e+00 3.180360e+00 4.937715e+00 -1.173267e+00 1.017130e+01 6.073949e+00 -1.510115e-01 1.001482e-01 -8.224325e-01 -1.936119e-01 -1.994752e-01 1.832810e+00 -5.318254e-01 -1.980920e+00 4.891333e-01 -1.696937e+00 -1.481878e+00 7.718291e-01 1.766297e+00 2.650819e-03 -2.702138e-01 -2.752904e-01 1.002434e-01 7.334672e-01 -1.849024e-01 -2.208126e-01 5.051715e-01 4.383140e-01 -2.603813e-01 1.381377e-01 -3.264202e-01 -4.965708e-01 1.773401e-03 
1.568664e-01 -4.876564e-02 8.168272e-01 2.247365e+00 1.930615e-01 2.364567e+00 4.531279e+00 6.751318e+00 -2.527335e+00 -1.350110e+00 5.549976e+00 7.489483e+00 -1.430005e-01 1.821880e-01 -8.726206e-01 5.145682e-01 2.168482e+00 1.308736e+00 -8.973736e-01 -2.811235e-01 1.061310e+00 -1.664527e+00 -1.394900e+00 2.408067e-01 7.714469e-01 8.835606e-04 -3.537257e-01 -1.597054e-01 -4.553150e-02 8.084270e-01 -1.571648e-01 -4.834191e-03 6.734129e-01 -9.843848e-02 2.693096e-01 3.600045e-01 -3.700002e-01 -8.945785e-01 -1.100354e-03 
-1.223756e+00 -1.104945e+00 4.168381e+00 8.920587e+00 4.309469e+00 2.646829e+00 1.730368e+00 -2.950502e+00 -4.220825e+00 -4.576033e+00 5.445179e+00 6.357122e+00 -1.421924e-01 -6.191961e-01 -1.145955e+00 -5.474623e-01 1.756335e+00 2.620450e-01 -9.365607e-01 2.345843e-01 6.426997e-01 -1.678039e+00 -2.724054e-01 -3.954956e-01 -9.663578e-01 -8.836982e-04 -2.165013e-01 2.689374e-01 -3.188883e-01 4.859769e-02 -2.309716e-01 -9.125610e-02 1.406080e-01 -9.947564e-02 6.656021e-01 5.756415e-01 -4.156446e-01 -6.548868e-01 -1.240778e-03 
-6.849652e-01 -1.581480e+00 2.235058e+00 1.127101e+01 2.408071e+00 2.504435e+00 7.177269e+00 4.874084e+00 -4.528733e+00 -4.513349e+00 9.814170e+00 5.980991e+00 -1.512926e-01 -8.745024e-01 -8.185378e-01 -9.141300e-01 1.820588e+00 9.213763e-01 -7.088600e-01 -1.452525e-01 3.297656e-01 3.561221e-01 2.354137e-01 -5.631154e-02 -1.371387e+00 -2.568759e-03 -4.903604e-02 5.446746e-01 -3.794551e-01 -8.150375e-01 -8.960198e-02 -5.663389e-02 -6.437532e-01 -7.721862e-01 5.496829e-01 4.575839e-01 -3.053756e-01 -8.213376e-02 -2.696743e-04 
-2.961716e+00 -3.930366e+00 -1.200783e+00 9.234160e+00 2.258732e+00 9.813606e-01 6.213927e+00 7.332136e+00 -2.451778e+00 -9.536669e-01 6.061630e+00 1.996391e+00 -1.512926e-01 -4.538345e-01 4.951145e-01 -1.073566e+00 2.175736e-01 8.715209e-01 -1.082424e+00 -1.345851e+00 3.577488e-01 6.208813e-01 5.813030e-01 -1.157764e+00 -4.365854e-01 -1.823105e-03 3.126772e-01 5.711653e-01 -1.154828e-01 -7.511071e-01 -3.292605e-02 -2.563805e-02 -6.572093e-01 -6.446607e-01 2.347955e-02 1.378910e-01 9.022771e-02 3.589528e-01 4.344253e-04 
-3.346434e+00 -2.728578e+00 -1.069669e+00 1.119331e+01 5.825254e+00 -3.472251e-01 1.563566e+00 3.258504e+00 -1.631165e+00 -1.984003e+00 4.960238e+00 2.812829e+00 -1.512926e-01 -1.457577e-01 1.030188e+00 -1.119684e+00 -1.137305e+00 5.560736e-01 -1.107658e+00 -2.709806e+00 -2.657156e+00 -6.559314e-02 4.659644e-01 -9.049073e-01 9.585381e-02 2.866842e-06 3.981021e-01 1.934508e-01 2.729839e-02 -4.981301e-01 -3.378394e-01 7.139573e-02 -7.053980e-02 5.700014e-02 -7.084057e-01 -2.519378e-02 2.887461e-01 1.751828e-01 6.954960e-04 
-2.162579e+00 1.944112e+00 4.528024e-01 1.004758e+01 6.958626e+00 -1.339560e+00 -2.192003e+00 -3.541602e-01 -2.565397e+00 -2.934635e+00 2.083469e+00 5.758357e+00 -1.512926e-01 5.795686e-01 7.854440e-01 -1.022178e+00 -5.200781e-01 2.800914e-01 -8.653114e-01 -1.769101e+00 -1.087254e+00 -1.349832e+00 3.018822e-01 4.797957e-01 9.473542e-02 2.866842e-06 1.515397e-01 -3.834274e-01 1.066340e-01 5.812987e-02 -2.681552e-01 5.384328e-01 7.631739e-01 8.213415e-01 -7.356832e-01 2.445948e-02 4.334777e-01 -1.415264e-01 3.652021e-04 
-1.813131e+00 6.322474e-01 -4.189940e+00 5.178094e+00 2.838485e+00 -1.873773e+00 -2.169154e+00 -4.568716e+00 -4.799998e+00 -1.193193e+00 7.278914e+00 4.579351e+00 -1.512926e-01 5.992240e-01 3.501705e-03 -8.033271e-01 -3.013528e-01 -4.721150e-01 -4.604771e-01 -2.861737e-01 1.337275e+00 -2.200606e+00 2.492139e-01 5.686654e-01 -7.610903e-01 2.866842e-06 -9.862813e-02 -5.204707e-01 2.932283e-01 5.362359e-01 -9.740693e-02 5.967600e-01 9.486988e-01 1.482733e+00 3.801097e-02 1.439357e-01 -3.411988e-03 3.900403e-02 -6.924259e-07 
-8.302206e-01 -1.683545e+00 -4.751450e+00 9.641420e+00 5.152164e+00 -2.581952e+00 -7.657279e-01 5.809628e+00 -7.616896e+00 1.601088e-01 7.301517e+00 1.586849e+00 -1.512926e-01 -6.884537e-02 -9.086462e-01 -6.985136e-01 9.012727e-02 4.485033e-02 1.286119e+00 1.258327e+00 2.467181e+00 -1.990091e+00 8.119802e-01 2.728183e-01 -7.158386e-01 2.866842e-06 -3.415116e-01 -3.115642e-01 4.470059e-01 6.069537e-01 -1.102951e-01 3.844079e-01 1.531778e-01 3.905145e-01 1.093739e+00 4.416085e-01 -3.765945e-01 4.284884e-01 -6.924259e-07 
-1.016779e+00 -8.973323e-01 -2.484235e+00 9.889965e+00 4.367604e+00 -2.028164e+00 -5.801888e-01 6.862828e+00 -1.010884e+01 -2.285382e+00 5.194489e+00 1.092950e+00 -1.512926e-01 -3.143240e-01 -7.250659e-01 1.846751e-01 1.238734e+00 1.865783e-01 8.003377e-01 5.200202e-01 2.979297e+00 4.445383e-01 9.307373e-01 -8.184645e-01 6.960846e-01 2.866842e-06 -2.576318e-01 -2.278288e-02 3.738305e-01 4.407645e-01 -7.775447e-02 1.725903e-01 -3.282602e-01 -5.139335e-01 1.561360e+00 5.822414e-01 -3.943706e-01 3.034168e-01 -6.924259e-07 
-2.905099e+00 -1.834727e+00 -3.892694e+00 8.141889e+00 6.418341e+00 5.168237e+00 3.305623e+00 6.265766e+00 -9.861439e+00 1.671573e+00 4.489681e+00 3.922364e+00 -1.512926e-01 -6.713256e-01 -4.080049e-01 7.186850e-01 1.744544e+00 -6.007183e-01 4.264771e-01 -1.406260e+00 4.424597e-02 2.796332e+00 2.169077e+00 -7.094864e-01 1.508551e+00 2.866842e-06 1.078349e-02 2.141845e-01 2.444639e-01 4.036309e-02 -1.907061e-01 -1.250385e-01 -3.589997e-01 -7.849478e-01 1.098804e+00 2.740828e-01 -2.842164e-01 -3.673340e-01 -6.924259e-07 
-2.347745e+00 -2.917729e+00 -3.695615e+00 1.212135e+01 3.138229e+00 -1.747165e+00 -1.604310e+00 1.009969e+01 -1.454772e+00 2.704399e+00 4.592422e+00 6.892041e+00 -1.512926e-01 -3.878180e-01 -3.608264e-01 3.571682e-01 1.075385e+00 -5.381939e-01 8.323010e-01 -5.952099e-01 -2.082066e-02 3.212956e+00 2.482048e+00 -9.119568e-01 -3.562335e-01 2.866842e-06 1.377069e-01 2.190961e-01 -4.829501e-02 -5.718423e-01 -2.426714e-03 2.442395e-01 3.529242e-01 -6.271642e-01 -1.387741e-01 -1.384402e-01 -8.919581e-02 -1.003491e+00 -6.924259e-07 
-3.520926e+00 -2.713251e+00 -5.517271e-01 1.724820e+01 2.763283e+00 -5.903361e-01 -7.285191e+00 4.412239e+00 2.037875e+00 8.510728e+00 4.055289e+00 6.230091e+00 -1.512926e-01 2.174030e-02 -1.995479e-02 4.375452e-01 3.735032e-01 -5.462145e-01 6.448758e-01 2.101716e-02 4.242592e-02 2.119649e+00 1.406778e+00 -1.101599e+00 -2.026247e+00 2.866842e-06 1.812655e-01 1.705834e-01 -1.543446e-01 -7.369336e-01 2.181531e-01 4.051736e-01 8.120832e-01 -5.343478e-02 -8.538444e-01 -4.961287e-01 -8.747555e-02 -1.032261e+00 -6.924259e-07 
-2.647073e+00 -2.262145e+00 -2.368594e+00 1.071385e+01 3.504108e+00 5.012583e+00 1.739051e+00 7.685105e+00 6.368182e-03 6.705357e+00 8.518005e-01 -1.841992e+00 -1.512926e-01 2.750873e-02 1.762832e-01 8.369477e-02 -9.350072e-01 1.472955e-01 1.912222e+00 1.571054e+00 -1.556178e-01 8.911084e-02 6.196648e-01 -1.068432e+00 -2.553954e+00 2.866842e-06 8.362647e-02 1.270227e-01 -9.009304e-02 -5.329151e-01 2.064257e-01 3.427238e-01 5.882447e-01 -4.676089e-02 -8.278539e-01 -4.512249e-01 -2.801176e-02 -4.923285e-01 -6.924259e-07 
