-9.158091e+00 6.597066e+00 -3.434672e-01 7.966228e+00 -5.394626e+00 -2.725003e+00 3.446002e+00 2.838948e+00 5.730500e+00 4.897647e+00 3.588294e+00 -5.146050e-01 -1.512926e-01 -1.251651e-01 -4.270899e-02 -8.315206e-01 -1.034384e+00 1.030968e-01 3.336605e-01 -1.427380e+00 8.026692e-01 -7.927932e-01 -3.193124e-01 1.266794e+00 6.233410e-01 9.440845e-08 -6.721637e-02 -4.110540e-02 4.737536e-02 1.561491e-01 -2.199670e-01 5.621342e-02 1.678147e-01 2.411992e-01 1.332002e-01 2.348311e-01 -2.184383e-01 -3.753113e-01 7.782176e-07 
-9.743606e+00 5.614334e+00 -2.485485e+00 3.185059e+00 -6.801086e+00 7.383680e-02 1.603389e+00 3.800370e+00 3.707615e+00 2.048111e+00 9.668133e+00 1.026317e+00 -1.512926e-01 -1.274624e-01 -4.626527e-02 -9.718019e-01 -6.993548e-01 -3.220320e-01 1.080927e-01 -1.694410e+00 1.573024e+00 -6.853673e-01 2.280378e-01 1.039823e+00 4.778147e-01 9.440845e-08 -1.076738e-01 -6.435854e-02 2.554044e-01 4.987006e-01 -2.038603e-01 2.286778e-02 5.739483e-01 9.480094e-02 2.053795e-01 2.560171e-01 -5.130883e-01 -7.581956e-01 7.782176e-07 
-9.491612e+00 6.874711e+00 -3.430259e+00 5.184824e+00 -4.175913e+00 -2.456279e+00 -2.769978e+00 6.371484e+00 2.777786e+00 4.725578e+00 6.882476e+00 1.831742e+00 -1.512926e-01 -4.602084e-01 -2.463749e-01 -5.245091e-01 -4.211107e-01 -7.842121e-01 7.275869e-01 -4.547601e-01 1.623392e+00 -1.803992e-01 5.810882e-01 2.880028e-01 -1.180440e+00 9.440845e-08 -1.484964e-01 -8.435089e-02 4.245517e-01 6.661578e-01 1.829005e-01 2.477325e-02 9.396418e-01 -3.013191e-01 2.907656e-01 -1.772801e-01 -5.460568e-01 -8.245003e-01 7.782176e-07 
-9.628479e+00 6.227001e+00 -3.659218e+00 5.860308e+00 -7.614247e+00 -2.319309e+00 -1.918153e+00 8.937849e+00 3.779963e+00 6.123307e+00 7.140482e+00 7.010251e-01 -1.512926e-01 -4.960807e-01 -2.626517e-01 2.920450e-01 1.152489e+00 -4.726365e-01 2.510136e-01 9.560632e-01 8.661844e-01 -7.208917e-02 5.105206e-01 -8.091606e-01 -2.265604e+00 9.440845e-08 -7.649090e-02 -5.676786e-02 4.525907e-01 6.634953e-01 6.853700e-01 -1.251567e-01 8.003889e-01 -6.637353e-01 2.747017e-01 -4.826480e-01 -3.338773e-01 -4.982187e-01 7.782176e-07 
-1.151695e+01 5.058660e+00 -2.379143e+00 4.522387e+00 -8.909129e+00 2.109610e+00 2.932569e+00 8.387235e+00 4.792475e+00 5.765555e+00 6.292524e+00 -6.254352e+00 -1.512926e-01 -6.835706e-01 -3.562095e-01 6.593336e-01 1.370441e+00 1.092824e+00 3.859661e-01 1.945489e+00 -3.505529e-01 3.544094e-01 -1.346947e+00 -5.390323e-01 -2.127531e+00 9.440845e-08 1.344136e-01 1.425677e-01 1.731896e-01 3.630533e-01 7.988491e-01 -1.146265e-01 4.303126e-02 -6.997315e-01 -5.029368e-02 -3.867010e-01 1.125919e-01 2.035903e-01 7.782176e-07 
-1.121159e+01 5.209227e+00 -1.550839e+00 9.278647e+00 -6.797380e+00 -9.537836e-01 3.532521e+00 7.123346e+00 2.340136e+00 4.080793e+00 5.917526e+00 -6.259035e+00 -1.512926e-01 -3.981830e-01 -2.749619e-01 6.992992e-01 1.722505e+00 2.166349e+00 -3.469250e-01 1.107407e+00 -7.586489e-01 4.209427e-01 -1.221092e+00 -2.160545e-01 -1.539706e+00 9.440845e-08 2.378210e-01 2.968403e-01 -1.621755e-01 -2.273209e-01 4.316893e-01 4.361029e-01 -2.050928e-01 -1.610341e-01 -3.823507e-01 2.961124e-02 1.967027e-01 5.288603e-01 7.782176e-07 
-1.211778e+01 5.602396e+00 -1.188049e+00 1.032775e+01 8.796854e-01 -1.208951e+00 4.232353e+00 5.525824e+00 5.270041e+00 -9.878650e-01 4.798770e+00 -5.325928e+00 -1.512926e-01 1.628731e-01 4.726792e-01 1.378817e-01 1.109065e+00 1.890481e+00 4.534934e-01 -3.152428e-01 -1.062811e+00 -6.782940e-01 -4.865524e-01 5.544035e-01 -5.255283e-01 9.440845e-08 3.228984e-01 3.418498e-01 -2.553473e-01 -3.193873e-01 -4.461931e-01 5.656244e-01 -1.288706e-01 2.811370e-01 -6.619579e-01 6.756722e-01 -5.982853e-02 5.071572e-01 7.782176e-07 
-1.131931e+01 4.580386e+00 -7.583429e-01 1.157019e+01 -1.677141e+00 -2.394399e+00 2.968980e+00 6.575107e+00 5.645679e+00 3.394408e+00 6.806977e+00 -7.461865e+00 -1.512926e-01 2.697831e-01 8.071071e-01 -2.581208e-01 1.467346e-01 1.287007e+00 2.397790e+00 1.061079e+00 4.171366e-01 -1.467521e+00 2.283562e-01 -3.724490e-01 -4.222991e-01 9.440845e-08 1.930549e-01 2.040950e-01 -2.502873e-01 -3.729876e-01 -8.279954e-01 4.561605e-01 -6.643017e-03 3.396159e-01 -1.602606e-01 2.495575e-01 -2.153219e-01 4.214485e-01 7.782176e-07 
-1.064831e+01 7.736527e+00 -2.085801e+00 8.922225e+00 -2.016816e+00 5.097218e+00 1.638130e+00 3.347115e+00 -2.522646e-01 3.675769e+00 8.619884e+00 -8.280714e+00 -1.512926e-01 5.970511e-01 8.118944e-01 -1.385894e-01 5.612616e-01 -6.984952e-01 1.841839e+00 1.324286e+00 4.671493e-01 -2.011060e+00 1.306608e+00 -7.599560e-01 -1.505748e-01 9.440845e-08 -4.340928e-02 -9.803550e-02 -1.453977e-01 -2.893991e-01 -7.693923e-01 -3.600805e-01 -2.035675e-01 1.667533e-01 6.979128e-01 -1.980777e-02 -2.804716e-01 2.608367e-01 7.782176e-07 
-1.059692e+01 8.177447e+00 -2.392527e+00 1.071501e+01 1.085549e+00 7.882153e+00 1.013533e+01 1.029821e+01 -2.236303e+00 2.891059e+00 2.144768e+00 -6.893073e+00 -1.512926e-01 3.500097e-01 5.759484e-01 -4.138915e-01 1.313693e-01 -6.791058e-01 1.239814e+00 2.543862e-01 1.744465e-01 2.859972e-01 -8.699522e-01 -6.354535e-01 3.799593e-01 9.440845e-08 -1.536083e-01 -2.482989e-01 -5.659114e-03 -3.352222e-01 -6.075265e-01 -1.353630e+00 -9.666140e-01 -4.884997e-01 1.208019e+00 1.635033e-01 3.164719e-01 5.758070e-01 7.782176e-07 
-9.493588e+00 7.863604e+00 -1.063984e+00 1.356106e+01 -3.994342e+00 2.861900e+00 7.270526e+00 6.000154e+00 -8.442330e-01 5.796944e+00 3.329975e+00 -6.362991e+00 -1.512926e-01 -9.424076e-02 9.803796e-02 -5.112847e-01 -3.304225e-01 -9.733076e-01 -7.678214e-01 -9.297770e-01 -1.077740e-01 1.934521e+00 -3.640512e-02 -7.164671e-01 3.775324e-01 9.440845e-08 -1.781457e-01 -2.536979e-01 1.517703e-01 -5.829747e-01 -9.530640e-02 -1.455372e+00 -1.162549e+00 -4.844778e-01 1.107162e+00 5.564612e-01 6.404491e-01 7.314069e-01 7.782176e-07 
-1.014680e+01 7.396499e+00 -3.338747e+00 9.907281e+00 -4.084098e+00 4.922356e+00 1.424339e+00 6.120962e+00 7.371689e+00 -2.016119e+00 6.274742e+00 -6.520954e+00 -1.512926e-01 -1.527320e-01 -7.758796e-02 -1.000851e-01 -1.083485e+00 -1.613257e+00 -3.065589e+00 -2.644977e+00 -1.737937e+00 2.599854e+00 1.717386e+00 1.188182e+00 2.192668e+00 9.440845e-08 1.224370e-01 -2.058018e-01 2.949330e-01 -3.566623e-01 4.632618e-02 -1.129788e+00 -5.970455e-01 -1.724966e-01 -1.439271e-02 1.016636e+00 4.869897e-01 3.675587e-01 7.782176e-07 
-1.134451e+01 8.617211e+00 -4.168860e+00 7.673854e+00 -4.298608e+00 2.738141e+00 1.344501e+00 4.897145e+00 4.616416e+00 5.947456e+00 2.972448e+00 -6.579332e+00 -1.512926e-01 -4.246456e-02 -1.298380e-01 4.632320e-01 -1.746361e+00 -7.080940e-01 -3.282371e+00 -3.038809e+00 -9.989406e-01 2.367761e+00 2.795320e+00 1.530461e+00 2.600124e+00 9.440845e-08 4.057851e-01 -2.152634e-01 2.409094e-01 -1.082091e-01 2.885591e-01 1.882421e-01 4.572859e-01 2.340402e-01 -7.965596e-01 -1.101985e-01 3.094845e-01 -9.551655e-02 2.230494e-03 
-1.043486e+01 7.412672e+00 -1.340688e+00 8.240810e+00 -6.828672e+00 -7.384059e+00 -1.269838e-01 2.160105e+00 8.032441e+00 1.140261e+01 8.264230e+00 4.178401e+00 -1.512926e-01 9.361587e-01 -3.391119e-01 5.734113e-01 -9.440293e-01 -5.800466e-01 -3.152016e+00 -1.676359e+00 -2.423551e-01 -2.571787e-03 2.797337e+00 6.760069e-01 1.106464e+00 9.440845e-08 2.950018e-01 -3.749884e-01 -1.157228e-01 4.096096e-02 3.935523e-01 1.645522e+00 1.355216e+00 4.800617e-01 -9.228598e-01 -1.474235e+00 -4.283543e-01 -9.639609e-01 6.568701e-03 
-9.562269e+00 7.205883e+00 2.529846e-01 5.662822e+00 -6.162086e+00 -7.396922e+00 -7.148021e+00 2.985580e+00 1.066405e+01 1.306392e+01 9.987599e+00 1.287924e+00 -1.512926e-01 1.390482e+00 -8.475243e-01 3.565598e-01 -9.410231e-01 -4.712370e-02 2.164838e-01 8.723883e-01 3.145352e-01 -7.471483e-01 -1.127285e+00 1.087039e+00 4.430583e-01 1.115744e-02 -9.175372e-02 -5.409143e-01 -3.502691e-01 1.124280e-01 6.908856e-02 1.801419e+00 1.263699e+00 -2.722445e-02 -4.953364e-01 -1.777751e+00 -6.682208e-01 -7.406309e-01 9.929174e-03 
-6.357009e+00 6.406450e+00 -2.682614e+00 6.193008e+00 -6.052566e+00 -5.770667e+00 -2.710851e+00 5.864504e+00 4.334867e+00 8.412391e+00 6.147142e+00 -4.922278e+00 -1.512926e-01 6.060633e-01 -1.593798e+00 -6.253363e-01 -1.281229e+00 2.390709e-02 3.412539e+00 2.175439e+00 5.487320e-03 -4.571425e-01 -3.692446e+00 -7.318746e-01 -1.548546e+00 2.726224e-02 -6.994185e-01 -5.293679e-01 -6.778630e-02 1.562892e-01 7.390535e-03 9.738452e-01 3.152298e-01 -3.441124e-01 3.567996e-01 -8.199530e-01 -5.227000e-01 1.157664e-01 1.027893e-02 
-6.431125e+00 4.883061e+00 -1.715053e+00 3.993386e+00 -4.921963e+00 3.013471e+00 6.998277e+00 4.617534e+00 2.729673e+00 1.806080e+00 9.466283e+00 1.862398e-01 -9.551460e-02 -3.359809e-01 -2.206984e+00 -6.888282e-01 -1.015678e+00 -6.646116e-01 2.442433e+00 1.353808e+00 -1.258953e+00 1.184481e-01 -2.848605e+00 -1.106625e+00 2.243787e-01 3.601978e-02 -8.966668e-01 -2.450916e-01 2.248544e-01 3.267592e-01 -5.760204e-02 -6.397325e-01 -5.463819e-01 -1.950596e-01 4.951208e-01 6.642435e-01 -5.328038e-01 2.644692e-01 5.020619e-03 
-8.970331e+00 6.051742e-01 -3.483068e+00 2.669698e+00 -7.329332e+00 4.473206e+00 3.677164e+00 1.371733e+00 9.713902e+00 -1.430706e+00 4.865846e+00 -3.013296e+00 -4.286371e-02 -1.697713e+00 -2.306150e+00 7.570921e-01 -1.251631e-01 -2.343954e-01 6.042806e-01 -3.408521e-01 -1.176072e+00 1.348541e+00 -4.416650e-01 -8.406383e-01 1.794746e+00 3.896550e-02 -6.358843e-01 1.191007e-01 2.746170e-01 2.023925e-01 1.270594e-01 -1.484706e+00 -4.081184e-01 4.006688e-01 6.651924e-02 1.123379e+00 6.079362e-02 2.425822e-01 -2.135536e-03 
-9.935813e+00 -9.282265e-01 -2.790764e+00 2.345893e+00 -8.846959e+00 -3.064801e-01 -3.573031e+00 -1.062544e+00 8.566673e+00 3.742327e+00 5.095150e+00 1.455565e+00 -2.541881e-02 -1.940866e+00 -1.716763e+00 7.896053e-01 1.148350e-01 -2.058871e-01 -1.578047e+00 -6.013911e-01 -7.002022e-02 8.256687e-01 5.686726e-01 -1.522627e+00 9.384706e-02 3.041268e-02 -1.479852e-01 5.561529e-01 -8.055937e-03 -8.746960e-02 2.625688e-01 -9.672719e-01 1.433280e-01 7.931288e-01 -2.057029e-01 6.428767e-01 3.040390e-01 -4.915974e-01 -6.881134e-03 
-1.309314e+01 -2.218640e+00 1.640847e+00 6.390494e+00 -5.262050e+00 -1.089363e+00 8.704859e-01 2.824403e+00 8.158960e+00 5.235734e+00 4.129264e+00 3.416682e+00 8.487167e-03 -1.770871e+00 -1.243503e+00 8.632908e-03 -8.344686e-01 4.298384e-01 -2.000680e+00 1.112564e+00 1.414280e+00 -4.781414e-01 2.158344e-01 -2.199478e-01 -2.704455e-01 1.939181e-02 3.589742e-01 9.140374e-01 -2.743316e-01 -2.744051e-01 -4.298722e-04 -1.650712e-01 1.369383e-01 4.150673e-01 -5.884848e-01 2.744294e-02 3.913645e-01 -8.440422e-01 -9.844151e-03 
-1.407394e+01 -2.289110e+00 -3.286373e-01 2.707061e+00 -6.985128e+00 -2.095429e+00 5.395177e+00 3.541240e+00 7.635776e+00 1.316345e+00 2.221515e+00 -2.559386e+00 3.086863e-02 -1.039289e+00 4.236837e-02 -3.548564e-01 -1.098183e+00 3.160932e-01 -1.091564e+00 1.343670e+00 1.411438e+00 3.285799e-03 3.702767e-02 1.031128e-01 -1.201069e+00 1.139628e-02 4.371870e-01 9.923497e-01 -2.704030e-02 -1.572225e-02 8.223350e-02 5.750514e-01 -3.616183e-01 -3.317651e-01 -8.625937e-01 -1.534288e-01 3.088613e-01 -4.981267e-01 -8.570313e-03 
-1.575588e+01 -4.932320e+00 -4.670907e+00 -1.683288e+00 -6.111031e+00 -4.635974e+00 4.756141e+00 6.141146e+00 7.789025e+00 8.614028e-01 5.202783e+00 -2.358030e+00 2.594963e-02 -3.536519e-01 1.384594e+00 -4.236519e-02 -8.907521e-01 -4.975933e-01 -4.645104e-01 -6.286899e-01 1.585455e-01 -1.182820e+00 -3.873968e-02 3.032447e-01 -1.777974e+00 -7.448660e-04 3.042033e-01 7.107996e-01 1.293619e-01 2.416293e-01 1.079577e-01 5.251583e-01 -5.918927e-01 -7.224153e-01 -9.925594e-01 -2.162641e-01 -2.627244e-01 -1.438427e-01 -4.472564e-03 
-1.380070e+01 6.406018e-01 -1.409050e+00 8.917347e-01 -6.842259e+00 -3.991104e+00 1.202530e+00 4.336143e+00 8.768036e+00 6.114987e+00 5.074248e+00 -1.662492e+00 2.284011e-02 -4.635659e-01 1.930894e+00 6.799374e-01 6.439701e-02 6.689434e-01 5.290913e-01 -1.538798e+00 -1.101009e+00 -3.134943e+00 -7.131753e-02 -2.398285e-01 -1.643108e+00 -2.371268e-03 3.071400e-02 2.460832e-03 -7.675489e-03 2.670632e-01 2.506884e-01 2.440521e-01 -1.652709e-01 -7.435706e-01 -8.690084e-01 -3.365141e-01 -4.762160e-01 2.042340e-01 1.552835e-03 
-1.499841e+01 3.239912e+00 1.969275e+00 2.844648e+00 -7.821758e+00 -2.463927e+00 -1.767571e-01 3.219777e+00 1.678671e+00 2.642599e+00 4.219114e+00 -5.921256e+00 8.768252e-03 -5.379611e-01 1.366128e+00 1.380278e-01 -2.076677e-01 7.932473e-01 -1.852067e-01 -4.056756e-01 -9.414660e-01 -3.871673e+00 -8.113757e-01 -1.362091e+00 -7.685633e-01 3.912558e-03 1.422275e-01 -5.071838e-01 -1.569253e-01 1.887297e-01 2.572442e-01 -1.133030e-02 3.003069e-01 -5.282364e-01 2.845125e-01 -1.402836e-01 -2.287717e-01 5.531383e-01 8.224096e-03 
-1.677028e+01 3.279576e+00 -2.490621e-01 7.654150e-01 -2.785099e+00 -5.359217e-01 1.673132e-01 -5.033225e-01 -4.984091e+00 6.912956e-02 1.514259e+00 -8.993110e+00 2.758344e-02 -7.934846e-01 6.384288e-02 -4.834476e-01 -1.042864e-01 9.240783e-01 -1.082077e-02 4.057300e-01 -1.756503e+00 -2.997235e+00 -1.259188e+00 -1.445176e+00 -6.846625e-01 1.682710e-02 5.799565e-01 -5.058475e-01 -8.550520e-03 2.156349e-01 -3.211331e-01 -9.115925e-02 1.275394e-01 -2.006541e-02 1.597270e+00 4.460859e-02 2.814695e-01 7.678239e-01 1.107781e-02 
-1.696100e+01 5.786034e-01 -4.560949e+00 -2.657670e+00 -4.173031e+00 -7.289501e+00 3.245239e+00 3.853502e+00 -4.693274e+00 -1.721451e-01 1.724393e-01 -2.535348e+00 4.313100e-02 5.223025e-01 -2.177878e-01 -2.452617e-01 1.373818e-01 6.610724e-01 -2.510995e-01 -9.943113e-02 -2.154828e+00 1.710559e-01 -1.462360e-01 -2.379232e-01 5.084974e-01 3.077663e-02 1.477177e+00 1.828366e-02 1.445799e-01 7.571357e-02 -5.521846e-01 4.280298e-01 -2.541900e-01 2.101097e-01 1.799577e+00 1.079408e-01 6.234236e-01 4.507385e-01 3.110154e-02 
-1.678658e+01 2.290683e+00 -5.612137e-01 3.121603e+00 -4.046219e+00 -1.632375e+00 1.520211e+00 -4.763084e+00 -3.032128e+00 1.226340e+00 -1.286200e-01 -6.778815e+00 8.980882e-02 1.905946e+00 1.935106e-01 8.288402e-01 9.701102e-01 -8.706009e-01 1.062538e-01 -1.054267e+00 -5.947532e-01 2.830068e+00 -1.808300e-01 6.055134e-01 1.557518e+00 3.958536e-02 2.330142e+00 1.772603e-01 -9.335241e-02 -9.782858e-01 -3.514497e-01 6.597443e-01 -3.075744e-01 7.350522e-01 9.029149e-01 2.753963e-01 1.155443e-01 7.640664e-02 5.341857e-02 
-1.237817e+01 2.644959e+00 8.993516e-01 2.353010e+00 -3.885646e+00 -3.171024e+00 -1.350271e+00 -5.424415e+00 1.557854e+00 1.332607e+00 3.850980e+00 -4.486163e+00 1.315325e-01 5.498296e+00 1.392800e+00 2.048075e-01 -3.663303e-01 -1.070351e+00 1.896494e+00 -9.465831e-01 -4.717203e-01 2.212590e+00 -8.109513e-01 7.296847e-01 3.639245e-01 1.480425e-01 2.008820e+00 -3.319033e-01 -2.834243e-01 -2.030323e+00 3.535185e-01 8.225613e-01 3.095279e-02 8.686205e-01 -5.779733e-01 5.611140e-01 -7.599093e-01 -3.268932e-01 6.101987e-02 
-9.531634e+00 3.213727e+00 1.165205e+00 3.110928e+00 -7.281983e+00 -2.063794e+00 -2.806389e+00 1.162173e+00 6.040205e+00 -1.587648e+00 2.702274e+00 -2.298966e-01 1.813023e-01 8.369313e+00 1.449536e-01 -1.175137e+00 -4.743916e+00 3.254597e-02 2.214005e+00 -7.084522e-01 1.077161e+00 4.964282e-01 4.500341e-01 -1.351323e+00 -2.302286e-01 2.252909e-01 7.331690e-01 -1.036928e+00 -2.446186e-01 -2.343447e+00 1.252233e+00 5.501801e-01 2.798189e-01 4.669904e-01 -1.403534e+00 1.003988e+00 -1.078408e+00 -3.773805e-01 3.918972e-02 
6.902796e+00 7.080730e+00 -4.399990e+00 -4.484263e+00 -7.906985e+00 2.408927e+00 6.757354e-01 -1.467713e+00 1.833346e+00 -2.820115e+00 2.405582e+00 -3.990108e+00 7.375888e-01 7.335026e+00 -1.852996e+00 -6.604066e-01 -7.157091e+00 1.977062e+00 2.807960e+00 -1.174821e-01 1.352186e+00 -1.551958e+00 2.343900e+00 -3.058988e+00 -2.320487e-01 2.430221e-01 -1.343159e+00 -1.228405e+00 1.635262e-01 -1.025931e+00 1.352867e+00 -4.962034e-03 5.725336e-02 4.131770e-01 -9.005969e-01 9.512712e-01 -7.050602e-01 1.188012e-01 -2.167635e-02 
1.541969e+01 7.977157e-01 -3.787623e+00 -1.717969e+01 -1.872711e+00 6.648035e+00 -3.035213e+00 -1.355512e+00 -6.877766e-01 5.552643e+00 -6.162599e+00 -8.178007e+00 9.132147e-01 4.653620e+00 -3.368112e+00 3.836962e-02 -7.351662e+00 3.866865e+00 2.401570e+00 -6.982037e-02 8.281642e-01 -2.305377e+00 3.261810e+00 -2.892239e+00 -3.139747e-02 1.880486e-01 -2.455666e+00 -2.503837e-01 1.629555e-01 1.124808e+00 7.734910e-01 -3.671006e-01 -2.853268e-02 2.232574e-02 1.282950e-02 -1.307069e-01 4.706858e-01 3.016219e-01 -6.181521e-02 
1.182112e+01 -5.412133e+00 7.357882e-02 -2.328751e+01 3.295289e+00 6.512455e+00 -1.823284e+00 2.595253e+00 -2.837538e+00 9.481865e+00 -7.011493e+00 -1.672170e+00 9.806929e-01 6.403452e-01 -2.992650e+00 4.156679e-01 -4.192271e+00 3.776828e+00 1.777989e+00 -9.796618e-01 1.718709e+00 -8.893881e-01 2.539473e+00 -2.025194e+00 8.585754e-01 5.828330e-02 -1.979086e+00 8.296311e-01 -2.187481e-01 2.248243e+00 -3.923241e-02 -5.456628e-01 -1.637044e-01 -2.643173e-01 7.006620e-01 -1.070481e+00 1.071402e+00 9.613252e-02 -6.921381e-02 
1.127711e+01 -7.380293e+00 -8.798758e-01 -2.424588e+01 6.451178e+00 7.891887e+00 -1.906128e+00 3.271425e+00 -3.150807e+00 8.570467e+00 -7.050178e+00 -1.546049e+00 9.999999e-01 -5.618170e-01 -5.371698e-01 -8.984465e-01 -6.023201e-01 3.000097e+00 8.934937e-01 -4.199919e-01 1.005562e+00 2.294107e-01 -3.013786e-01 4.852355e-01 7.326375e-01 8.581356e-03 -1.027241e+00 1.233327e+00 -2.735707e-01 2.175515e+00 -6.907555e-01 -4.515428e-01 -4.226010e-02 -4.583353e-01 7.373715e-01 -1.251760e+00 9.682645e-01 -1.469694e-01 -4.866942e-02 
1.217589e+01 -3.793244e+00 -3.775325e+00 -2.191282e+01 6.815145e+00 1.067682e+01 -4.787298e+00 4.812550e+00 -1.382030e+00 8.368523e+00 -7.276675e+00 -3.012984e+00 9.856119e-01 4.712772e-02 8.797374e-01 -1.285754e+00 7.094024e-01 2.214343e+00 8.336283e-01 -7.609157e-01 -5.802784e-02 6.839814e-01 -1.226929e+00 6.093239e-01 -1.334132e-01 -1.331252e-02 -1.620796e-01 6.704941e-01 8.386034e-02 1.245882e+00 -7.564470e-01 -4.648309e-01 2.554146e-01 -6.799839e-01 2.482342e-01 -7.283427e-01 4.516264e-01 -3.445960e-01 -1.755475e-02 
1.243381e+01 -2.697683e+00 -6.355368e+00 -2.087854e+01 1.136761e+01 9.033532e+00 -3.652869e+00 2.563789e+00 -2.683023e-01 4.602294e+00 -3.604062e+00 -3.844632e+00 9.536560e-01 -1.861303e-01 8.623663e-01 -4.788446e-01 1.075329e+00 1.194283e+00 6.160289e-01 -3.904701e-01 -5.751212e-01 5.947914e-01 -1.113702e+00 6.318552e-01 -2.701855e-01 -1.949967e-02 -2.142790e-02 -2.109870e-01 5.908456e-01 5.086499e-01 -6.904228e-01 -4.063131e-01 1.561072e-01 -3.604816e-01 -2.213354e-01 1.626450e-01 -2.018720e-01 -1.518893e-01 -3.681631e-03 
1.147920e+01 -3.355020e+00 -3.617260e+00 -2.142414e+01 1.190862e+01 1.011017e+01 -4.754228e+00 2.659071e+00 -8.588451e-01 5.331412e+00 -5.688079e+00 -1.190163e+00 9.373003e-01 -3.577163e-01 -3.399326e-01 6.251400e-01 1.198250e+00 8.974898e-01 -4.074033e-01 2.826631e-01 -8.908316e-01 1.689560e-01 -6.960269e-01 1.595241e-01 -3.628404e-01 -1.545073e-02 -1.503951e-01 -4.722774e-01 4.347857e-01 4.445398e-01 -5.718853e-01 -4.389567e-01 1.429851e-02 -2.923541e-02 -4.066620e-01 3.663290e-01 -1.760877e-01 9.810970e-02 2.486852e-03 
1.069505e+01 -3.288015e+00 -3.352854e+00 -1.911362e+01 9.875925e+00 1.125564e+01 -3.875011e+00 1.472357e+00 -4.386580e-01 4.520608e+00 -4.685068e+00 -3.808732e+00 9.266541e-01 -4.663933e-01 -9.823897e-01 1.100343e+00 1.696284e+00 2.063794e-01 -5.175310e-01 -1.612313e-01 -3.804006e-01 -6.197181e-01 2.462899e-01 -2.993048e-01 8.777985e-02 -8.757455e-03 -8.437791e-02 -3.093985e-01 5.490823e-02 3.467980e-01 -3.500853e-01 -4.076168e-01 -1.974665e-01 7.070958e-02 -3.766368e-01 3.032679e-01 -1.124141e-01 3.307739e-01 3.887876e-03 
1.125685e+01 -5.198027e+00 -2.150546e+00 -1.680310e+01 1.204820e+01 7.528604e+00 -3.263034e+00 9.042304e-01 -4.518446e-01 4.929036e+00 -5.938598e+00 -4.845482e+00 9.218581e-01 -5.646444e-01 -5.594650e-01 9.850062e-02 2.621538e+00 -1.512702e-01 -7.944850e-01 -8.039535e-01 -3.016063e-01 -7.421749e-01 -7.545608e-02 1.943981e-01 1.781813e-01 -6.243925e-03 3.348906e-02 -5.147576e-02 -1.514468e-01 -1.849229e-03 -2.010649e-01 -1.946059e-01 -1.952404e-01 -5.944012e-02 -1.468382e-01 1.574953e-01 -6.225977e-03 3.755135e-01 2.689553e-03 
1.021231e+01 -6.687913e+00 -1.587009e+00 -1.470726e+01 1.232982e+01 7.736492e+00 -5.204859e+00 1.538846e+00 -3.570637e+00 6.034814e+00 -4.975520e+00 -1.577891e+00 9.175891e-01 -5.045628e-01 -5.749212e-01 5.897344e-02 2.097617e+00 -3.186168e-02 -1.228356e+00 -8.346313e-01 -5.162253e-01 -8.328016e-01 9.242062e-02 5.225142e-02 1.113051e+00 -4.663017e-03 1.748710e-01 -1.004775e-02 -4.766059e-02 -5.249603e-01 1.525839e-01 -2.610465e-01 1.434516e-01 -2.814105e-01 1.662442e-01 -2.416258e-03 -2.984522e-02 1.844621e-01 1.407765e-03 
8.897004e+00 -4.452121e+00 -4.007902e+00 -1.052033e+01 9.925333e+00 7.897449e+00 -8.109413e+00 1.117946e+00 -3.003617e+00 4.196892e+00 -4.570884e+00 -1.414933e+00 9.105971e-01 -1.709332e-01 -8.010190e-01 3.886345e-01 9.884816e-01 1.133272e-02 -1.025059e+00 -3.568579e-01 -1.120108e+00 -4.588003e-01 1.685063e-01 -4.740034e-02 1.002022e+00 -4.048851e-03 2.790087e-01 -1.425105e-01 2.776226e-01 -9.001625e-01 3.787434e-01 -2.755882e-01 4.603364e-01 -3.076737e-01 2.248932e-01 7.040224e-02 -1.474165e-01 7.061303e-02 7.638895e-04 
9.352569e+00 -6.535420e+00 -2.129567e+00 -1.176751e+01 1.077843e+01 4.929308e+00 -5.624759e+00 -1.215410e+00 -3.326865e+00 5.349186e+00 -5.107487e+00 4.138813e-02 9.089808e-01 2.109384e-01 -9.118111e-01 7.170535e-01 -1.118020e-01 8.880830e-01 -1.707483e+00 3.323701e-01 -1.378255e+00 6.981913e-02 1.122644e-01 -3.276347e-01 5.982054e-01 -2.814832e-03 2.213897e-01 6.746271e-02 1.895108e-01 -5.677004e-01 1.424340e-01 -5.493783e-04 2.808082e-01 -8.095745e-02 1.620395e-01 -6.606469e-02 4.163579e-02 -1.747879e-01 1.468910e-05 
1.083192e+01 -9.279138e+00 6.381278e-02 -1.333079e+01 1.288071e+01 3.806783e+00 -4.837406e+00 -3.319319e+00 -2.867475e+00 6.114609e+00 -6.109251e+00 -6.450964e-01 9.059416e-01 4.724701e-01 -1.103440e+00 1.157624e+00 -7.746779e-01 1.282496e+00 -1.932846e+00 9.141813e-01 -1.408991e+00 -6.910512e-02 2.666643e-01 -3.526512e-01 7.886291e-01 -3.349384e-03 -1.704622e-02 3.907081e-01 -6.984072e-02 -3.632159e-02 -2.120468e-01 2.220891e-01 -7.284791e-02 2.544716e-01 1.412323e-02 -1.762863e-01 1.788242e-01 -1.324393e-01 -1.124961e-04 
1.029977e+01 -8.833211e+00 -3.746465e-02 -1.386038e+01 1.529261e+01 1.244337e+00 -5.178803e+00 -3.133505e+00 -3.289443e+00 5.637733e+00 -5.844381e+00 1.028190e+00 9.058537e-01 2.805624e-01 -8.634190e-02 6.219983e-01 1.407221e-01 4.483237e-02 -7.773222e-01 -6.599677e-02 -7.766820e-01 -2.173131e-01 -2.870529e-01 4.131681e-01 3.457229e-01 -4.935979e-03 -2.050930e-01 4.709448e-01 -2.439719e-01 2.688849e-01 -4.270248e-01 4.723068e-01 -2.991648e-01 3.994622e-01 -6.420127e-02 -2.199683e-01 1.744284e-01 -7.694020e-02 4.936209e-04 
1.078597e+01 -8.820889e+00 7.344140e-01 -1.334680e+01 1.408090e+01 7.557499e-02 -3.761435e+00 -4.967895e+00 -3.367850e+00 5.385869e+00 -5.965740e+00 2.034971e+00 8.954185e-01 -2.909197e-01 7.396744e-01 8.702970e-02 6.805091e-01 -6.272725e-01 -3.799224e-01 -5.219845e-01 -1.485481e-01 -2.445011e-01 -5.133999e-01 4.764548e-01 4.661137e-01 -3.548419e-03 -2.710371e-01 3.885699e-01 -2.984520e-01 2.657319e-01 -2.876551e-01 4.221630e-01 -3.217552e-01 3.892868e-01 4.296260e-02 -2.487434e-01 4.878717e-02 -1.070118e-01 2.095360e-03 
1.077806e+01 -7.196223e+00 6.454346e-01 -1.105585e+01 1.040252e+01 2.908484e+00 -6.492618e+00 -4.274508e+00 -4.163319e+00 4.278199e+00 -3.113632e+00 4.300526e-01 8.895508e-01 -4.329950e-01 5.213730e-01 3.252457e-02 5.051451e-01 -2.921799e-01 -1.223788e-01 -4.454234e-01 -1.103551e-02 -1.633791e-01 -5.975505e-01 1.299516e-01 3.747588e-01 -2.444346e-04 -1.729607e-01 4.741690e-02 -1.541480e-01 -2.062686e-02 1.181075e-01 5.069759e-02 5.531586e-02 1.708557e-01 1.265159e-01 -1.193234e-01 -1.813692e-01 -1.183102e-02 2.637884e-03 
9.138127e+00 -6.398716e+00 1.574944e-01 -1.133103e+01 1.218942e+01 1.075384e+00 -6.790255e+00 -3.491775e+00 -3.652964e+00 4.227524e+00 -5.092512e+00 1.984710e+00 8.963495e-01 -5.261214e-01 5.355982e-01 -3.995411e-02 3.717015e-01 1.277253e-02 -1.495531e-01 -5.048227e-01 1.546369e-01 1.186692e-01 -8.218813e-01 3.278495e-02 2.389400e-01 4.776940e-03 4.699921e-02 -1.898186e-01 -9.387506e-03 -9.090282e-02 1.298881e-01 -8.193278e-02 2.598255e-01 -9.527951e-03 8.317599e-02 -5.965016e-02 -9.181292e-02 -8.406726e-02 1.038133e-03 
8.958767e+00 -7.437285e+00 4.135816e-01 -1.234336e+01 1.477754e+01 1.325878e-01 -5.891330e+00 -3.926626e+00 -3.963739e+00 3.229146e+00 -5.631299e+00 2.927183e+00 9.041672e-01 -4.669234e-01 2.527365e-01 -8.525328e-02 1.919952e-01 3.153253e-01 -6.387942e-01 2.021006e-01 -7.401767e-02 2.336105e-01 -7.294536e-01 -2.718860e-01 4.001544e-01 4.088847e-03 1.158645e-01 -1.661378e-01 5.688656e-02 -1.358769e-03 -7.660397e-02 -1.406010e-01 2.566925e-01 -3.969244e-02 2.032234e-02 -1.574223e-02 -1.373821e-02 -5.781208e-02 -1.724171e-03 
9.065494e+00 -6.022490e+00 6.504984e-01 -1.084472e+01 1.195721e+01 7.155781e-01 -6.586151e+00 -4.368602e+00 -2.873890e+00 1.800785e+00 -4.542806e+00 1.981277e+00 9.120025e-01 -3.875364e-02 -7.512592e-02 9.901206e-02 3.823904e-01 -2.816213e-01 -5.314247e-01 4.534807e-01 -1.647156e-01 -2.732837e-02 -7.455834e-01 2.183377e-01 3.308829e-02 -5.230839e-04 1.086347e-01 -2.153169e-01 1.430581e-01 8.804515e-02 -1.730446e-01 -1.075563e-01 1.977430e-01 -3.044199e-02 -6.393174e-02 4.031718e-02 -3.607807e-02 8.722519e-03 -3.874396e-03 
8.479980e+00 -6.120686e+00 -2.733690e-02 -1.033826e+01 1.209513e+01 -1.058925e-01 -5.584339e+00 -4.206237e+00 -3.384600e+00 1.844654e+00 -4.747776e+00 2.432377e+00 9.021645e-01 -9.724484e-02 -4.000156e-03 2.474764e-01 4.927861e-01 -5.280213e-01 -6.346056e-01 3.588686e-01 -4.976643e-02 1.135379e-02 -7.143850e-01 -3.157866e-02 1.887555e-01 -6.215491e-03 4.699921e-02 -1.356682e-01 1.807224e-01 1.785001e-01 -2.256243e-01 6.859893e-02 -2.300874e-02 3.028917e-02 -8.215176e-02 7.080880e-02 -1.068739e-02 -4.452355e-02 -3.431235e-03 
9.183585e+00 -7.432664e+00 8.733088e-01 -1.042069e+01 1.212231e+01 -1.462379e+00 -4.676394e+00 -4.175664e+00 -4.079210e+00 1.191548e+00 -4.442973e+00 2.397101e+00 8.947333e-01 -1.677524e-01 -4.125629e-01 5.090426e-01 6.616366e-01 -4.306900e-01 -6.894652e-01 4.053743e-01 -9.614187e-03 -8.977245e-02 -6.278999e-01 -2.676614e-01 3.882800e-01 -9.439862e-03 2.282699e-02 -3.308707e-02 8.933879e-02 2.143037e-01 -1.066876e-01 1.220522e-01 -1.491526e-01 4.641711e-02 1.002101e-01 3.223126e-02 -5.077449e-02 -1.191048e-01 -1.676477e-03 
8.413770e+00 -6.752222e+00 1.539570e+00 -1.009096e+01 1.205479e+01 -1.951507e+00 -5.052199e+00 -4.272430e+00 -3.304768e+00 -3.827168e-02 -5.838765e+00 3.662992e+00 8.817155e-01 -1.672222e-01 -2.569070e-01 6.134499e-01 9.450582e-01 -7.383301e-01 -2.168761e-01 1.110453e-01 -1.979535e-04 -1.458063e-01 -4.343429e-01 -8.235715e-02 -1.946789e-04 -8.603915e-03 1.243357e-01 -2.993320e-02 5.678242e-03 1.313458e-01 -8.050610e-03 1.465224e-01 -7.222956e-02 -4.307086e-02 1.961616e-01 5.689559e-02 -1.305302e-03 -2.296433e-01 1.279634e-04 
8.260102e+00 -7.769612e+00 2.412364e+00 -7.660046e+00 9.824048e+00 -1.808975e+00 -4.825380e+00 -4.383740e+00 -3.362504e+00 -3.971582e-01 -5.335544e+00 3.307418e+00 8.750222e-01 1.102134e-01 -1.141083e-01 3.627701e-01 1.227979e+00 -7.099177e-01 -1.301429e-01 -1.683450e-01 4.261926e-02 5.523515e-01 -7.245722e-01 -1.012412e-02 -4.678898e-01 -7.711099e-03 1.903529e-01 2.566052e-02 -3.567648e-02 -1.235535e-01 1.697555e-01 2.978763e-02 1.689558e-02 -1.982410e-02 2.450538e-01 -2.775818e-02 -6.058303e-02 -1.136331e-01 9.010110e-04 
8.105448e+00 -7.237042e+00 2.270214e+00 -6.993458e+00 9.552719e+00 -1.017054e+00 -4.954991e+00 -4.103239e+00 -4.472311e+00 4.673461e-01 -4.713146e+00 1.976282e+00 8.689964e-01 3.855285e-01 -3.028651e-01 3.490343e-01 8.665619e-01 -4.285782e-01 -1.816312e-01 2.846194e-01 -2.913017e-01 6.710505e-01 -3.817090e-01 -1.668499e-01 -5.313355e-01 -6.437274e-03 1.206843e-01 -1.869063e-03 -2.042050e-02 -2.737044e-01 2.372772e-01 -1.116681e-01 1.003731e-01 9.725432e-02 1.842486e-01 -1.569975e-01 -1.724136e-01 1.878647e-01 8.871001e-04 
9.888673e+00 -7.761140e+00 2.321576e+00 -5.829894e+00 9.823636e+00 -2.580038e+00 -5.566968e+00 -4.046842e+00 -7.333948e-01 -2.683973e+00 -5.056011e+00 9.011326e-01 8.625490e-01 5.078123e-01 -2.612839e-01 4.627936e-01 8.326951e-02 2.632041e-01 -5.579861e-01 4.030624e-01 3.675632e-02 7.269739e-01 -7.929114e-01 -5.284293e-01 8.578634e-02 -6.016456e-03 -1.392949e-01 8.857764e-02 -5.354756e-03 -3.312985e-01 9.048653e-02 -6.744123e-02 1.209024e-01 2.537477e-01 -1.436578e-01 -8.137826e-02 -1.406260e-01 3.705935e-01 1.175254e-03 
9.527482e+00 -8.270989e+00 3.330010e+00 -6.673804e+00 9.912157e+00 -2.474356e+00 -3.258357e+00 -5.897260e+00 -1.264064e+00 -8.033164e-01 -6.812762e+00 2.209480e+00 8.557678e-01 2.372683e-01 -1.927570e-01 4.613324e-01 1.489057e-01 -3.848482e-02 -5.613574e-01 3.273016e-01 4.890020e-01 6.881812e-01 -1.185013e+00 -6.854036e-01 6.623445e-01 -5.021280e-03 -3.272686e-01 1.956490e-01 -9.042297e-02 -2.058807e-01 -8.472388e-02 -4.873758e-02 4.983314e-02 3.294806e-01 -3.028942e-01 -6.651641e-02 6.259786e-02 3.212558e-01 1.870798e-03 
1.008780e+01 -8.559031e+00 4.196655e+00 -7.403255e+00 1.096041e+01 -3.870473e+00 -3.657880e+00 -3.303290e+00 -1.331778e+00 -3.726218e+00 -6.927883e+00 3.619599e+00 8.515515e-01 -5.121613e-01 2.736639e-01 2.798434e-01 -6.971468e-02 -4.524791e-01 -2.775588e-01 4.148000e-01 9.211717e-01 -1.743206e-01 -7.297720e-01 -4.538768e-01 7.881957e-01 -2.547557e-03 -3.900725e-01 1.615444e-01 -1.348593e-01 -5.551961e-02 -2.536114e-01 -3.384487e-02 1.753174e-01 5.844269e-02 -3.254806e-01 1.295786e-01 2.866198e-01 7.884364e-02 2.810776e-03 
9.192479e+00 -7.801959e+00 3.639629e+00 -5.462203e+00 8.792259e+00 -3.178672e+00 -4.272863e+00 -2.029903e+00 -7.319692e-01 -4.936373e+00 -7.204296e+00 3.928657e+00 8.493906e-01 -7.406482e-01 4.079821e-01 -1.160559e-02 -8.624900e-02 -4.943297e-01 -5.656481e-01 5.279077e-01 9.137986e-01 -3.927091e-01 -7.457956e-01 1.089113e-01 7.237967e-01 1.182932e-03 -2.286810e-01 -9.406288e-03 -1.292567e-02 -1.442929e-01 -1.572041e-01 -1.582015e-01 3.151474e-01 -1.844015e-01 -2.037084e-01 1.908329e-01 3.209989e-01 -3.799424e-02 2.739235e-03 
7.495228e+00 -6.627070e+00 3.566203e+00 -6.784111e+00 8.121144e+00 -3.615654e+00 -2.985439e+00 -1.374509e+00 -1.871357e+00 -4.266250e+00 -7.129733e+00 3.982352e+00 8.529921e-01 -9.535844e-01 2.460342e-01 2.499906e-02 -7.656223e-02 -7.769170e-01 -7.250167e-01 1.179344e+00 1.165278e-01 -3.598845e-01 -3.647303e-01 5.075184e-01 4.492121e-01 4.936168e-03 3.670228e-02 -1.843661e-01 1.581999e-01 -8.943144e-02 -1.232935e-01 -2.166692e-01 3.632964e-01 -2.887706e-01 1.139021e-01 3.998275e-03 2.162213e-01 -1.231052e-01 9.029983e-04 
7.120202e+00 -7.196993e+00 3.587544e+00 -7.414524e+00 8.860606e+00 -5.429981e+00 -9.554248e-01 -2.292298e+00 -2.957998e+00 -4.262468e+00 -6.167591e+00 5.646898e+00 8.609679e-01 -6.853377e-01 -2.259946e-01 5.240936e-01 -5.690845e-01 -6.622120e-01 -1.128648e+00 1.520624e+00 -3.075630e-02 -2.376488e-01 -4.134379e-01 4.389301e-01 6.418893e-01 4.930481e-03 1.750170e-01 -1.108114e-01 2.919655e-01 -2.048672e-02 -1.967387e-01 -6.152425e-02 3.000184e-01 -1.202115e-01 3.183651e-01 -1.912384e-01 3.894582e-02 -3.022474e-01 -2.755564e-03 
6.355822e+00 -7.630982e+00 4.347848e+00 -6.809613e+00 7.041595e+00 -6.369997e+00 5.798634e-01 -2.589718e+00 -2.018547e+00 -5.887101e+00 -4.908445e+00 5.006928e+00 8.704545e-01 -3.564793e-01 -3.311787e-01 8.030489e-01 -2.754751e-01 -9.850181e-01 -1.079407e+00 1.735013e+00 -5.038826e-02 3.176061e-01 -8.758947e-01 4.621242e-01 2.137178e-01 8.539522e-05 2.297879e-01 1.333733e-01 2.466922e-01 1.501234e-01 -1.622957e-01 2.426983e-01 9.855928e-02 2.320292e-01 3.048888e-01 -2.783767e-01 -9.719285e-02 -4.330176e-01 -6.344571e-03 
6.335069e+00 -8.429259e+00 5.869180e+00 -8.295203e+00 6.020923e+00 -7.444896e+00 1.547603e+00 -1.576055e+00 -1.846409e+00 -6.193043e+00 -6.120170e+00 6.625895e+00 8.653247e-01 -1.642182e-01 1.427651e-01 1.059208e+00 -8.925524e-02 -1.373960e+00 -6.962077e-01 1.750218e+00 3.962610e-01 8.603721e-01 -1.446378e+00 3.263559e-01 -6.697545e-01 -1.016776e-02 1.436151e-01 3.508838e-01 5.741919e-02 4.682220e-01 -1.261221e-01 6.299087e-01 5.111106e-02 4.041679e-01 1.247370e-01 -1.587592e-01 -1.953767e-01 -5.906406e-01 -7.063963e-03 
6.105310e+00 -7.666794e+00 6.440674e+00 -7.721130e+00 4.615698e+00 -8.005637e+00 4.437793e+00 -1.984488e+00 -8.388871e-01 -7.680778e+00 -4.842929e+00 4.561447e+00 8.512529e-01 -6.526022e-02 7.285952e-01 9.908943e-01 4.339975e-01 -1.232570e+00 2.721606e-01 1.557437e+00 1.063215e+00 6.156798e-01 -1.240193e+00 7.793060e-02 -1.060136e+00 -1.923240e-02 3.429236e-02 3.579933e-01 -1.447510e-01 5.568552e-01 8.222494e-03 7.894162e-01 1.277324e-02 4.068626e-01 -1.404235e-01 1.109222e-01 -3.096676e-01 -4.479614e-01 -4.013505e-03 
6.424502e+00 -6.465721e+00 7.836855e+00 -7.405628e+00 3.203886e+00 -8.093243e+00 5.866854e+00 -6.134453e-01 7.541885e-01 -1.059725e+01 -4.568388e+00 2.521036e+00 8.197361e-01 -1.127954e-01 9.985995e-01 7.171996e-01 1.417205e+00 -1.169026e+00 1.345038e+00 1.865015e+00 1.433379e+00 2.371471e-01 -1.024989e+00 -3.457758e-01 -1.674484e+00 -2.072800e-02 -9.013159e-03 1.835680e-01 -2.633747e-01 3.857546e-01 1.187066e-01 4.751649e-01 7.908868e-03 6.387229e-02 -2.717908e-01 3.945620e-01 -3.106845e-01 -7.232910e-03 1.395841e-03 
5.985243e+00 -4.970058e+00 8.318646e+00 -5.084430e+00 2.287381e+00 -4.684991e+00 6.207583e+00 2.244997e+00 -2.405037e-01 -9.885529e+00 -5.294674e+00 1.758692e+00 7.970911e-01 -2.106930e-01 1.030880e+00 2.503259e-01 1.755574e+00 -1.046450e+00 1.846947e+00 1.741593e+00 1.465448e+00 -7.286281e-02 -5.319703e-01 -7.500985e-01 -1.523757e+00 -1.469439e-02 4.247148e-02 -4.702204e-03 -1.479848e-01 -3.506040e-02 6.592712e-02 -3.051229e-01 -1.346419e-01 -4.274468e-01 1.169748e-02 4.266347e-01 -1.277338e-01 4.814998e-01 5.123957e-03 
5.831082e+00 -4.784448e+00 8.516138e+00 -2.527199e+00 1.339996e+00 -2.379798e+00 9.987679e+00 3.475641e+00 -9.600606e-01 -1.021567e+01 -7.623283e+00 -3.450911e-01 7.887639e-01 -1.366513e-01 9.092820e-01 1.125287e-01 1.178877e+00 -8.734806e-01 8.923699e-01 1.697666e+00 5.144970e-01 -1.542059e-01 1.723265e-01 -8.130539e-01 -4.741304e-01 -5.459158e-03 1.312003e-01 -9.097937e-02 1.346882e-01 -4.687675e-01 -8.535618e-02 -9.716846e-01 -5.317064e-01 -7.383421e-01 4.548535e-01 4.429872e-01 2.588672e-01 7.377063e-01 5.199473e-03 
5.348835e+00 -3.353094e+00 7.352532e+00 -1.383205e+00 3.156191e-01 -1.627508e+00 1.108536e+01 3.297842e+00 -3.463523e-01 -1.053145e+01 -7.065777e+00 -1.624406e+00 7.932613e-01 1.591622e-01 7.497962e-01 5.533189e-01 3.778810e-01 -1.050770e+00 -1.027102e+00 9.679786e-01 -6.147405e-01 8.697664e-01 2.944669e-01 -3.270548e-01 7.472854e-01 -1.245297e-03 2.067111e-01 -9.252959e-02 3.115966e-01 -4.784366e-01 -2.849263e-01 -1.146235e+00 -7.382772e-01 -5.736440e-01 6.421746e-01 3.608180e-01 4.897453e-01 4.519800e-01 2.188761e-03 
6.059359e+00 -2.727334e+00 8.882545e+00 -3.362213e+00 -1.776301e-01 -5.160561e+00 1.191614e+01 1.432879e+00 3.605710e-02 -9.412434e+00 -7.748075e+00 1.841732e+00 7.943681e-01 3.583151e-01 6.842784e-01 1.239236e+00 -2.377301e-01 -1.593579e+00 -2.076278e+00 -4.068316e-01 -1.218445e+00 2.040178e+00 7.767676e-01 7.369742e-01 8.785105e-01 -1.461393e-03 2.293498e-01 -4.351090e-02 3.109218e-02 -8.015017e-03 -4.160430e-01 -4.722021e-01 -7.745126e-01 -1.503358e-01 5.195400e-01 2.559268e-01 4.801007e-01 -4.085556e-01 -2.012325e-03 
6.667108e+00 -2.249831e+00 1.090194e+01 -2.777466e+00 -2.207445e+00 -8.430104e+00 1.008322e+01 1.930332e-01 3.610320e+00 -8.814919e+00 -6.867359e+00 4.401610e+00 7.880612e-01 5.756691e-01 6.808589e-01 1.244935e+00 7.174559e-02 -2.111048e+00 -2.399817e+00 -8.974986e-01 -5.363903e-01 2.040841e+00 9.697939e-01 9.236866e-01 5.987069e-02 -5.749180e-03 2.024025e-01 2.346884e-02 -5.350147e-01 5.979137e-01 -3.029965e-01 5.675800e-01 -5.861213e-01 2.152980e-01 9.972512e-03 2.332952e-01 1.683268e-01 -1.070637e+00 -6.386304e-03 
6.963077e+00 -1.914809e+00 1.293798e+01 -3.018244e+00 -5.366217e+00 -9.360038e+00 8.454395e+00 -1.064029e+00 7.262633e+00 -7.189530e+00 -4.037713e+00 1.034746e+00 7.840558e-01 8.018587e-01 7.261332e-01 -7.780084e-02 1.291611e+00 -2.423584e+00 -7.824302e-01 -1.242157e+00 -2.762002e-01 1.857930e+00 1.114325e+00 9.621226e-01 -2.173122e+00 -1.326703e-02 1.038149e-01 2.009945e-01 -1.037206e+00 1.019289e+00 1.394390e-01 1.186104e+00 -3.608351e-01 4.175207e-01 -6.292912e-01 1.469249e-01 -3.148179e-01 -9.353147e-01 -1.072054e-02 
7.774891e+00 -3.556080e-01 1.154976e+01 -1.196394e+00 -7.645127e+00 -1.152652e+01 8.328794e+00 1.864465e+00 6.244419e+00 -6.793961e+00 -4.302582e+00 -9.216881e-01 7.696677e-01 9.492353e-01 8.460895e-01 -1.463371e+00 2.602832e+00 -2.150691e+00 1.163807e+00 -1.544934e+00 -9.258858e-03 1.010790e+00 1.292177e+00 4.019852e-01 -3.079997e+00 -2.727342e-02 -8.328249e-02 5.447134e-01 -9.229197e-01 7.344719e-01 5.225391e-01 1.180989e+00 -5.331492e-01 1.954297e-01 -1.111259e+00 -4.844731e-02 -4.101150e-01 -1.015861e-01 -1.348284e-02 
9.514635e+00 -4.369075e-02 8.169624e+00 2.305566e+00 -9.576539e+00 -7.524505e+00 6.582720e+00 -7.841207e-01 8.008206e+00 -4.851663e+00 -4.219908e+00 -6.362366e+00 7.372198e-01 6.905310e-01 1.606725e+00 -2.592636e+00 3.593388e+00 -8.765521e-01 2.072412e+00 -1.887191e+00 6.055502e-01 -5.913144e-01 1.350329e+00 -5.763085e-01 -2.228247e+00 -4.429946e-02 -4.110315e-01 9.203451e-01 -6.051974e-02 -1.344137e-01 7.348549e-01 3.971412e-01 -5.317064e-01 -2.187890e-01 -1.355397e+00 -2.583652e-01 -2.424840e-01 1.013685e+00 -1.294429e-02 
1.013770e+01 1.044554e+00 5.969372e+00 7.574815e+00 -1.085578e+01 -3.528744e+00 3.294678e+00 6.922783e-03 8.291183e+00 -3.523139e+00 -4.766494e+00 -7.299844e+00 6.751174e-01 2.148261e-01 2.964133e+00 -2.112245e+00 2.593313e+00 -2.719266e-01 2.077725e+00 -3.240660e+00 -2.028875e-05 -2.291009e+00 6.095275e-01 -3.577870e-01 -4.205656e-01 -5.765188e-02 -7.595935e-01 8.814830e-01 8.382891e-01 -7.940128e-01 8.182504e-01 -4.274738e-01 -4.562674e-01 -7.414390e-01 -1.123657e+00 -2.687097e-01 1.629468e-01 1.448022e+00 -1.008660e-02 
9.234478e+00 5.418712e+00 2.765388e+00 1.056319e+01 -8.143728e+00 -2.996509e+00 1.535577e+00 2.892673e+00 3.282795e+00 -2.073223e+00 -6.687035e+00 -6.917423e+00 6.098528e-01 -8.860809e-01 4.269017e+00 -5.588188e-02 6.242256e-01 3.111978e-01 7.461799e-01 -3.052859e+00 -1.374879e+00 -3.268231e+00 1.637311e-01 1.295375e-01 1.565492e+00 -6.280405e-02 -9.279957e-01 1.040797e-01 1.244303e+00 -9.401700e-01 5.911923e-01 -5.703837e-01 4.810175e-02 -9.964696e-01 -3.723782e-01 -3.272085e-01 5.678528e-01 1.014374e+00 -8.260299e-03 
8.989402e+00 1.173369e+01 3.690992e+00 7.641237e+00 -9.721056e+00 -3.401856e+00 -5.350839e+00 2.591970e-02 -2.847873e+00 -5.135671e+00 -4.857904e+00 -2.746694e+00 5.450976e-01 -2.060500e+00 3.922279e+00 1.459814e+00 1.173402e-01 1.346616e+00 -3.103519e-01 -3.243417e+00 -2.726109e+00 -3.269005e+00 5.418251e-01 8.637962e-01 2.263308e+00 -6.845665e-02 -8.778256e-01 -1.157523e+00 7.468293e-01 -6.159757e-01 1.973432e-01 -1.241037e-01 9.634689e-01 -2.635531e-01 6.265960e-01 -1.922322e-01 4.716372e-01 4.486363e-02 -1.158897e-02 
5.658145e+00 1.595689e+01 9.029397e+00 5.393577e+00 -8.587982e+00 -3.856915e+00 -4.358714e+00 -7.667832e+00 -2.763408e+00 -3.226651e+00 -3.526691e+00 -8.111762e-01 4.882129e-01 -2.811873e+00 1.647896e+00 1.842884e+00 1.305343e-01 1.270113e+00 4.144685e-01 -1.645326e+00 -3.013748e+00 -1.964089e+00 -2.519282e-01 1.652147e+00 1.501613e+00 -8.019973e-02 -4.996143e-01 -2.160616e+00 -3.886183e-01 -2.436462e-01 -1.907154e-01 5.917994e-01 1.538990e+00 9.729896e-01 1.428762e+00 -1.841011e-01 9.609126e-02 -4.975290e-01 -1.721294e-02 
1.622789e+00 1.538697e+01 1.013622e+01 1.074585e+01 -3.900879e+00 -4.650575e+00 -9.975410e+00 -8.343707e+00 -5.030778e+00 -2.375690e-01 -2.027946e+00 9.635687e-01 3.936275e-01 -3.211239e+00 -1.512961e+00 6.724119e-01 -2.399012e-01 2.352717e-01 1.623013e+00 8.729219e-01 -4.983700e-01 1.899549e-01 -1.436892e-01 1.239126e+00 -1.642693e-01 -1.068989e-01 6.299231e-02 -2.269825e+00 -1.144645e+00 -2.854054e-01 -7.370457e-01 5.170852e-01 1.456873e+00 1.566787e+00 1.691389e+00 2.884330e-02 -1.719543e-01 -4.679632e-01 -1.422409e-02 
-1.142224e+00 1.183189e+01 8.757033e+00 9.663537e+00 -4.703336e+00 -2.998750e-01 -4.379091e+00 -7.991374e+00 -5.446332e+00 -5.781969e+00 1.584003e-01 -1.264150e+00 2.845662e-01 -2.808692e+00 -3.816341e+00 -1.605260e+00 -4.154322e-01 -8.667057e-02 2.738593e+00 2.583943e+00 2.376069e+00 2.146057e+00 -4.140746e-01 4.223629e-01 2.915514e-01 -1.296515e-01 6.735783e-01 -1.325641e+00 -1.248926e+00 -1.682554e-01 -6.005048e-01 -1.129718e-01 7.548369e-01 1.455420e+00 1.361326e+00 3.859340e-01 -3.365017e-01 2.541364e-02 5.263066e-03 
-3.666607e+00 6.231622e+00 7.189404e+00 4.306517e+00 -1.048687e+01 2.934904e+00 -9.764699e-01 -2.304171e+00 -5.566241e-01 -4.576730e+00 -5.048663e-01 -3.341710e+00 1.124362e-01 -1.747192e+00 -4.694744e+00 -2.539299e+00 -1.036889e+00 -1.660195e+00 1.112830e+00 1.926371e+00 2.412845e+00 3.132784e+00 7.670048e-01 6.188500e-01 5.284325e-01 -1.148546e-01 1.118245e+00 6.008586e-02 -6.919876e-01 2.438714e-01 3.334763e-02 -5.145234e-01 -4.293280e-03 4.504201e-01 4.557160e-01 3.192139e-01 -7.550908e-02 5.303317e-01 3.362338e-02 
-5.740860e+00 1.452742e+00 2.476386e+00 6.535791e+00 -5.728125e+00 6.043491e+00 4.061320e+00 1.192746e+00 5.729787e+00 -3.127570e+00 -2.176136e+00 2.799189e+00 -1.944574e-02 -1.758811e-01 -3.389450e+00 -2.795897e+00 -3.122180e-01 -7.845961e-01 1.046193e-01 1.601987e+00 2.807794e+00 3.371176e+00 1.222246e+00 2.797192e-01 1.282327e+00 -4.990657e-02 1.113425e+00 9.978021e-01 2.090658e-01 4.361319e-01 3.176111e-01 -4.374022e-01 -3.682141e-01 -2.485915e-01 -4.763078e-01 -2.364746e-02 1.141009e-01 4.066886e-01 5.099409e-02 
-4.813919e+00 -2.897541e+00 5.799659e-01 7.125876e+00 -1.168952e+01 -2.257777e+00 -4.563820e+00 -8.713878e-01 5.045514e+00 2.270099e+00 2.233682e+00 1.573881e+00 -2.863373e-02 1.063567e+00 -1.425968e+00 -2.192176e+00 9.280228e-01 7.511088e-01 3.674752e-01 1.342426e+00 1.537846e+00 1.855941e+00 6.340405e-01 9.329643e-01 1.991843e+00 2.135373e-02 5.669576e-01 1.021697e+00 5.711764e-01 3.483395e-01 5.267655e-01 1.248102e-01 -3.122326e-01 -5.229275e-01 -1.229527e+00 -7.883321e-01 -1.099538e-01 4.316103e-01 3.953550e-02 
-1.447581e+00 -5.512302e-01 -1.917969e+00 6.692357e+00 -8.025151e+00 2.819836e+00 5.424907e+00 5.331106e+00 8.608728e+00 -3.093913e+00 1.874143e-01 2.689926e+00 1.055672e-01 1.353019e+00 -4.616671e-01 -7.336159e-01 7.828882e-01 2.957438e-01 9.243458e-01 1.034847e+00 1.570714e+00 4.030384e-01 -4.659657e-01 8.358805e-01 1.593401e+00 5.721419e-02 -1.618605e-01 3.879819e-01 5.882585e-01 -7.104162e-03 2.406716e-01 2.607699e-02 -7.272705e-01 -1.068945e+00 -1.733057e+00 -1.039944e+00 -8.889332e-02 1.980725e-01 8.740786e-03 
-4.959342e-01 1.034110e-01 -1.573988e+00 8.868850e+00 -5.583197e+00 6.384177e+00 5.054113e+00 3.315948e+00 7.283303e+00 -1.423143e+00 2.978063e+00 6.672098e+00 1.566897e-01 3.229730e-01 -1.050096e+00 -7.145464e-01 1.574234e-01 4.334860e-01 1.326956e+00 6.487516e-01 4.168701e-01 -1.530628e+00 -2.330543e+00 -2.089306e-01 2.531045e+00 2.925827e-02 -5.356171e-01 -1.153016e-01 1.775647e-01 -4.737422e-01 -8.365898e-02 -4.924100e-01 -6.032291e-01 -8.582761e-01 -1.219824e+00 -8.435332e-01 -2.930685e-01 -5.841573e-01 -1.607027e-02 
-1.135306e+00 -2.355729e+00 -1.145078e-01 9.578138e+00 -7.302981e+00 6.344546e+00 4.426769e+00 6.952374e+00 6.625759e+00 -3.610497e+00 1.631251e+00 8.217078e+00 1.739589e-01 -6.150069e-01 -1.637431e+00 -5.934077e-01 3.750786e-02 5.774673e-01 -2.447656e-01 -1.687563e+00 -1.976363e+00 -3.600787e+00 -2.495130e+00 4.061270e-01 2.003111e+00 -1.015639e-02 -3.443571e-01 1.248739e-01 -1.538437e-01 -4.302313e-01 -9.613835e-02 -8.356946e-01 -5.070547e-01 -7.716437e-01 -2.812243e-01 -1.430391e-01 -4.092949e-01 -1.252262e+00 -2.434525e-02 
-3.355320e+00 -7.245899e+00 -3.894688e+00 6.469963e+00 -9.883276e+00 2.615077e+00 -8.208031e-01 4.019993e-01 -1.616536e+00 -9.124266e+00 4.672591e-01 1.146531e+01 8.344925e-02 -6.307341e-01 -1.414752e+00 -1.374453e+00 -1.067953e+00 1.918853e-01 -1.509907e+00 -3.125752e-01 -9.800193e-01 -2.241275e+00 -2.568987e+00 -3.175287e-01 -1.133723e+00 -2.531150e-02 6.467195e-02 6.954044e-01 -2.951321e-02 7.889912e-03 3.697497e-02 -6.277983e-01 -3.055956e-01 -1.644125e-01 6.226070e-01 7.789823e-01 -3.126856e-01 -1.544380e+00 -1.505676e-02 
-3.092951e+00 -5.063633e+00 -3.724687e+00 8.079500e+00 -2.988080e+00 3.480350e+00 -7.554029e-02 -3.094027e+00 -4.945244e+00 -1.171929e+01 3.473485e+00 1.030869e+01 9.138992e-02 1.079162e-01 3.449264e-01 -1.172945e+00 -7.556383e-01 -6.420948e-02 -1.835693e+00 -1.019676e+00 -1.589143e+00 -6.479009e-01 -1.061917e+00 -1.156161e+00 -2.835488e+00 -3.723087e-02 2.581227e-01 9.472333e-01 2.090278e-01 3.397914e-01 -1.272536e-01 3.124180e-02 1.060207e-01 4.609173e-01 7.994705e-01 1.182601e+00 -2.568524e-01 -6.523472e-01 -6.326686e-03 
-2.670491e+00 -5.616227e+00 -6.641115e+00 4.278050e+00 -6.781323e+00 2.664287e-01 5.742253e+00 3.438835e+00 1.862570e+00 -1.021340e+01 4.691310e-01 -4.196401e-02 7.143283e-02 2.848035e-01 1.435886e+00 -5.724386e-01 5.934951e-01 9.391484e-01 -1.016375e+00 -1.213080e+00 -5.987507e-01 1.058488e-01 8.477597e-01 -9.911515e-01 -2.771522e+00 -3.248246e-02 1.309082e-01 7.093028e-01 4.259213e-01 6.342779e-01 -3.125417e-03 6.874738e-01 -1.242743e-03 1.223512e-01 4.959296e-02 1.025716e+00 2.137282e-01 8.064939e-01 8.727293e-06 
-9.376642e-01 -1.446163e+00 -4.605800e+00 6.895773e+00 -9.175105e+00 -1.659838e+00 -3.953513e+00 -2.511950e+00 1.646596e+00 -8.375482e+00 -4.150649e+00 -2.067952e-01 -6.199569e-03 2.180069e-01 1.673474e+00 5.079036e-02 9.058101e-01 -4.324177e-01 -3.352788e-01 -7.071184e-01 1.375811e-01 -7.770993e-01 1.709428e+00 -5.412688e-01 -4.396339e-01 -3.820898e-02 -7.634485e-02 1.146105e-01 2.100550e-01 3.777671e-01 2.882929e-01 9.813668e-01 5.450919e-01 4.742260e-02 -3.193354e-01 4.770927e-01 8.256305e-01 1.468943e+00 7.286106e-03 
-3.008953e+00 -1.875531e+00 -6.316304e+00 1.002886e+01 -2.093809e+00 1.030385e-01 -4.947308e+00 -2.882687e+00 -4.383213e+00 -6.557602e+00 -6.764545e-01 2.865059e+00 -3.017971e-02 -3.133179e-02 1.467482e+00 1.433614e-01 1.272738e+00 3.603435e-01 1.177088e+00 -4.751231e-01 -1.231681e+00 -1.928723e+00 1.173856e+00 4.435689e-01 1.700791e+00 -2.478264e-02 -3.267419e-02 -1.690779e-01 -1.048800e-01 -1.058969e-01 3.121868e-01 4.462320e-01 6.760589e-01 -4.026315e-01 -2.004201e-01 2.125427e-02 8.847770e-01 1.116820e+00 9.990779e-03 
-1.832983e+00 1.433103e+00 -3.633175e+00 9.733517e+00 -7.493611e+00 1.885730e+00 1.734002e+00 7.549264e-01 -5.707925e+00 -4.999907e+00 1.339863e+00 6.656801e+00 -4.885435e-02 -1.157995e-01 9.021694e-01 -4.804520e-01 7.935771e-01 1.666638e+00 1.974237e+00 1.336735e+00 -1.035628e+00 -1.227249e+00 1.160592e+00 2.254613e+00 2.273015e+00 -4.657330e-03 -3.785916e-02 -3.355917e-01 -4.408918e-01 -3.113297e-01 6.827742e-01 -3.248294e-01 2.365755e-01 -5.470591e-01 1.673223e-01 3.132780e-02 4.073732e-01 -8.066466e-02 9.380687e-03 
-2.378969e+00 2.813193e-01 -6.410708e+00 9.222901e+00 -5.819940e+00 4.378996e+00 5.230752e-01 -4.352573e+00 -4.103445e+00 -6.031941e+00 -5.811288e-02 5.030342e+00 -3.116351e-02 2.883377e-01 9.761676e-01 -8.312284e-01 1.200124e-01 1.450570e+00 5.997565e-02 1.145287e+00 -2.025310e+00 -6.709996e-01 1.228400e+00 2.034849e+00 1.456109e+00 6.938744e-04 -3.369658e-02 -2.273978e-01 -2.866201e-01 -3.726373e-01 1.716191e-01 -9.319707e-01 2.233708e-02 2.089434e-01 3.994388e-01 5.332694e-02 -2.091874e-01 -9.358664e-01 2.051640e-03 
-1.831500e+00 1.986467e+00 -6.960500e+00 1.126655e+01 1.021320e+00 6.073388e+00 -5.055995e-03 -6.955151e+00 -4.629480e+00 -2.835242e+00 6.813217e+00 1.007580e+01 -2.898509e-02 -1.309966e-01 2.409734e-01 -1.666341e+00 -7.439105e-02 2.436266e+00 -1.400903e+00 -3.344498e-01 -2.200843e+00 -5.693208e-01 1.838784e+00 7.000293e-01 -7.205457e-01 -4.043164e-03 -8.430488e-02 -5.473655e-02 8.458319e-02 -3.551909e-01 -5.368766e-01 -7.198623e-01 -3.327207e-01 6.955568e-01 3.983608e-02 -1.484598e-01 -6.782917e-01 -1.214328e+00 -4.563978e-03 
-1.568142e+00 2.728907e+00 -8.808452e+00 9.862208e+00 9.015069e-01 -1.691126e+00 1.648486e+00 -9.154044e+00 -8.277873e+00 -1.498021e+00 6.760804e+00 8.436229e+00 -3.664468e-02 -1.919617e-01 6.611625e-01 -6.967191e-01 -1.565616e-01 8.337541e-01 -1.795238e+00 4.721541e-01 3.956392e-01 -2.604161e-01 1.101379e+00 1.748488e-01 -1.481720e+00 -1.483087e-02 -1.446259e-01 5.935439e-03 4.408349e-01 -1.106614e-01 -8.234696e-01 3.284943e-01 -2.555091e-01 1.115446e+00 1.332541e-01 -1.505829e-01 -2.076784e-01 -6.933163e-01 -5.835830e-03 
-2.893826e+00 1.414234e+00 -1.076600e+01 9.041428e+00 1.327233e+00 -2.083610e+00 -5.011184e-01 -7.848897e+00 -6.467041e+00 1.926717e+00 1.430649e+00 1.350984e+00 -6.631681e-02 -2.972812e-01 7.859061e-01 -1.247074e-01 -8.439884e-01 -7.092459e-01 -6.974337e-01 9.586227e-03 1.231552e+00 -1.233328e+00 4.818691e-01 -2.068597e-01 -2.329656e+00 -1.971577e-02 -1.016125e-01 6.115497e-02 7.374322e-01 1.166320e-01 -6.092237e-01 9.498764e-01 -6.753008e-02 6.756884e-01 1.327150e-01 -1.242924e-01 4.614022e-01 1.660697e-01 -2.892685e-03 
-2.808346e+00 3.872989e+00 -7.991722e+00 9.552637e+00 -1.804364e+00 -5.181921e-01 3.131996e+00 -1.927795e+00 -4.486567e+00 -2.906338e+00 3.507491e+00 1.984086e+00 -8.664283e-02 -3.518848e-01 7.332457e-01 6.021251e-01 -4.850399e-02 -1.094060e+00 1.350657e+00 -3.042166e-01 1.835790e+00 3.273318e-01 1.153800e+00 1.449778e+00 -1.205922e+00 -2.065407e-02 -9.321428e-02 -9.969262e-02 5.904271e-01 4.362020e-01 1.756125e-01 8.216587e-01 -3.082339e-01 -1.478422e-01 3.433772e-01 8.146957e-02 4.724901e-01 3.961589e-01 3.858067e-03 
-2.698161e+00 5.344006e+00 -7.992807e+00 7.201787e+00 -1.171951e+00 1.999756e+00 -6.985413e-01 -4.410454e+00 -1.269180e+01 2.782594e-01 7.405352e+00 1.653487e+00 -1.025593e-01 -5.593430e-01 5.107042e-01 1.371334e+00 4.547071e-01 3.541043e-01 1.775537e+00 -2.838536e-01 4.575554e-01 -1.996298e-01 1.191153e+00 2.369590e+00 -2.819051e-02 -1.559289e-02 -3.975789e-02 -5.495037e-02 5.139189e-01 4.784516e-01 5.318238e-01 1.391513e-01 -1.616845e-01 -2.944416e-01 4.240196e-01 -1.491374e-01 1.864349e-01 5.301937e-01 9.283311e-03 
-3.425483e+00 4.430589e+00 -7.184396e+00 1.054006e+01 -3.319109e+00 3.020424e+00 2.261058e-01 -1.694192e+00 -3.528583e+00 5.095054e+00 1.102243e+01 2.255059e+00 -1.217961e-01 -5.270050e-01 3.001993e-01 1.507305e+00 1.375284e+00 1.180173e+00 1.076563e+00 -9.223076e-01 4.341875e-02 9.396153e-01 1.154013e+00 1.249149e+00 -6.516395e-01 2.399891e-03 2.998372e-02 1.022088e-01 1.554226e-01 -1.003617e-01 1.941818e-01 -5.403475e-01 7.201137e-02 -3.281453e-01 -1.068404e-01 -6.617128e-01 -4.708689e-01 1.565057e-01 1.031868e-02 
-5.381646e+00 3.688919e+00 -4.312819e+00 1.082176e+01 3.855238e+00 5.024561e+00 -4.677136e-01 -5.677608e+00 -7.944289e+00 3.881495e+00 9.521192e+00 1.074705e+00 -1.267151e-01 -4.082555e-01 7.277745e-01 1.992225e+00 8.363325e-01 8.128288e-01 1.352671e-01 -4.897061e-01 6.556516e-01 5.805343e-01 -2.639194e-01 8.256088e-01 4.418262e-02 1.517795e-02 9.293373e-02 1.754428e-01 -2.244168e-01 -4.313524e-01 -4.285889e-01 -6.763877e-01 4.292540e-01 -9.909636e-02 -7.331110e-03 -5.015754e-01 -5.476971e-01 6.656669e-02 5.741998e-03 
-4.101419e+00 6.201201e+00 -2.294866e+00 1.461906e+01 1.583327e+00 3.352071e+00 -1.595462e+00 -1.077089e+00 -2.162530e+00 1.062213e+00 8.695384e+00 -9.847485e-01 -6.257485e-02 -2.774897e-01 1.135790e+00 1.068780e+00 -7.411082e-01 -3.524601e-01 -5.308118e-01 1.587070e-01 9.600753e-02 -5.968404e-01 -1.427277e+00 -1.325558e-01 -4.595691e-01 1.555328e-02 8.782178e-02 1.984287e-01 -3.276705e-01 -6.195490e-01 -5.133821e-01 -5.184346e-01 6.274564e-01 -9.326456e-02 -2.449999e-01 -1.340045e-01 -3.002527e-01 -1.417605e-02 -3.552458e-03 
-4.401341e+00 8.097734e+00 -4.765747e-01 9.343884e+00 4.407842e-01 2.510090e+00 -2.236502e+00 -1.440702e+00 -1.047183e+01 9.752330e-01 1.269713e+01 3.494414e+00 -5.628556e-02 -2.195286e-01 9.701492e-01 4.685656e-01 -6.439064e-01 -1.022549e+00 -8.027599e-01 1.321885e+00 -6.424611e-02 5.317947e-01 -2.611179e-02 3.218828e-01 2.086906e-01 6.539823e-03 1.168869e-01 1.116704e-01 -2.736088e-01 -1.875936e-01 -1.934775e-01 -3.053235e-01 3.625132e-01 -3.374396e-03 3.137294e-02 2.699755e-01 -2.654471e-01 -4.212924e-01 -8.045673e-03 
-5.303083e+00 7.905193e+00 -3.758325e+00 7.573036e+00 -3.374280e+00 1.623611e+00 1.904033e+00 -3.332676e+00 -5.248891e+00 -5.881358e-01 8.771506e+00 -1.252599e+00 -7.922919e-02 -1.820659e-01 1.171080e+00 6.308390e-01 -9.824424e-01 -4.689890e-01 -1.046614e+00 1.309080e+00 -6.300246e-02 -2.610792e-01 3.650346e-01 -3.494646e-04 -8.047066e-01 -1.104352e-02 1.636247e-01 6.842491e-02 7.320780e-02 2.180872e-01 2.045314e-01 -1.231009e-01 -1.550475e-01 3.091699e-01 -2.048384e-03 3.042617e-01 -6.540529e-02 -3.760930e-01 -6.243221e-03 
-5.879210e+00 7.687236e+00 -1.238326e+00 1.112481e+01 1.221419e+00 1.874954e+00 4.392362e+00 -4.871130e+00 -3.742062e+00 4.576578e+00 1.109232e+01 2.251937e+00 -8.569416e-02 1.285913e-01 1.268604e+00 8.431606e-01 1.896938e-02 -9.636532e-02 -1.133348e+00 7.476319e-01 7.183673e-01 5.694822e-01 1.898358e-01 -5.677764e-01 -1.889784e+00 -1.174867e-02 1.720959e-01 8.750853e-02 2.174737e-01 2.323806e-01 3.135512e-01 -2.913135e-02 -4.940693e-01 3.943142e-01 -2.680174e-01 -3.548272e-02 -6.878415e-02 -3.485044e-01 -2.157396e-03 
-4.273368e+00 1.226202e+01 1.240078e+00 8.816662e+00 -1.152189e+00 -1.563195e+00 1.635792e+00 3.230434e-01 -6.832700e+00 1.086794e+00 9.495921e+00 -4.387202e+00 -1.030864e-01 3.666205e-01 1.328924e+00 1.247565e+00 1.780029e-02 2.071473e-01 -9.811301e-01 -3.292924e-01 1.250562e+00 -6.257968e-01 -1.390837e-02 -1.476294e-02 -1.290777e+00 -6.511201e-03 1.335372e-01 3.758109e-02 1.637925e-01 1.999402e-01 1.655624e-01 2.833346e-02 -4.353671e-01 3.159267e-01 -1.924960e-01 -9.614975e-02 5.242847e-02 -3.730452e-02 1.429625e-03 
