-1.336704e+01 3.765963e+00 -1.018725e+01 2.073123e+00 -1.750009e+00 -5.090322e-01 5.833210e+00 -3.097952e+00 1.019752e+00 -1.876070e+00 8.434635e+00 4.018974e+00 -1.512926e-01 -7.405604e-02 -2.692328e-01 -1.098910e-01 9.278178e-01 -2.797845e-02 3.217487e-01 -1.721564e-02 1.040009e+00 4.666130e-02 5.470768e-01 -1.269474e+00 -1.548544e+00 -2.384011e-06 6.374586e-03 4.261044e-02 -1.020162e-01 4.741599e-02 -1.398458e-02 -1.028840e-02 2.469401e-01 4.382997e-01 6.602917e-01 2.160437e-01 -1.966444e-01 5.826098e-02 -1.944236e-07 
-1.346165e+01 4.694756e+00 -8.228086e+00 5.713837e+00 -2.757822e+00 -1.009972e+00 4.842798e+00 -2.458143e+00 -2.229427e+00 -1.913297e+00 7.510895e+00 5.253351e-01 -1.512926e-01 -7.190894e-02 -1.476576e-01 -4.823613e-01 1.119965e+00 -1.528580e-02 2.180064e-01 7.035758e-02 2.324369e+00 2.110319e+00 1.507397e+00 -2.119925e+00 -1.471756e+00 -2.384011e-06 3.064600e-03 8.381520e-02 4.034659e-04 -8.010619e-02 -1.690744e-01 3.154123e-03 2.421360e-01 1.514462e-01 5.682629e-01 2.482641e-02 1.209019e-01 5.593340e-01 -1.944236e-07 
-1.368995e+01 1.955281e+00 -1.171676e+01 4.891759e+00 -1.386013e+00 1.350123e+00 6.242360e+00 1.781090e+00 2.877851e+00 8.779009e-01 2.549564e+00 -1.976512e+00 -1.512926e-01 -4.320544e-02 -1.169766e-01 -4.336512e-01 1.068767e+00 -1.042163e-01 3.221853e-01 1.173655e+00 2.589009e+00 2.316450e+00 1.147180e+00 -1.827403e+00 -1.295605e+00 -2.384011e-06 3.738393e-02 2.280847e-01 3.021967e-01 -1.439627e-01 -2.880048e-01 -1.458117e-01 1.964503e-01 -5.319162e-01 -2.304658e-02 -2.418356e-01 5.067949e-01 9.082495e-01 -1.944236e-07 
-1.356481e+01 3.932851e+00 -1.183489e+01 6.263257e+00 -2.008689e+00 -3.484340e-01 5.980413e+00 6.084304e+00 1.064219e+01 4.283786e+00 7.774637e-01 -3.418960e-01 -1.512926e-01 -7.405604e-02 7.377464e-02 5.388331e-02 4.568554e-01 -8.351495e-01 3.373799e-01 5.979810e-01 1.022397e+00 1.753096e+00 3.711309e-01 -3.858018e-01 1.121758e+00 -2.384011e-06 1.059790e-01 1.892043e-01 3.606726e-01 -3.420179e-01 -1.730921e-01 -2.068522e-01 -6.400566e-02 -1.260907e+00 -8.161582e-01 -3.939695e-01 9.931270e-01 9.524463e-01 -1.944236e-07 
-1.353129e+01 3.561989e+00 -1.055260e+01 7.142212e+00 -2.645971e+00 7.712483e-01 1.113290e+01 5.576414e+00 6.166173e+00 7.610238e-01 2.664689e+00 -2.025693e+00 -1.512926e-01 1.139857e-01 7.603641e-01 1.132867e+00 5.395129e-01 -1.057967e+00 -4.669723e-01 7.012592e-01 -9.687223e-01 1.100593e-01 -9.387696e-02 3.973505e-01 1.696056e+00 -2.384011e-06 1.106392e-01 6.669938e-02 5.445468e-02 -3.132610e-01 -1.458096e-02 -3.113630e-01 -4.456466e-01 -1.217568e+00 -6.776592e-01 6.431899e-03 9.282655e-01 5.908277e-01 -1.944236e-07 
-1.391156e+01 4.260628e+00 -8.540561e+00 6.872486e+00 -6.303615e+00 9.663087e-01 5.387072e+00 7.567356e-01 4.892136e+00 8.898519e-04 5.524535e+00 6.158506e+00 -1.512926e-01 3.794366e-01 3.596716e-01 5.377375e-01 -3.256144e-01 -4.037630e-01 -4.216505e-01 -1.336741e-02 -2.201374e+00 -8.672109e-01 1.581087e-01 1.733302e+00 1.794651e+00 -2.384011e-06 1.752401e-02 -2.245866e-01 -3.845054e-01 -1.866926e-01 3.576848e-01 -2.251794e-01 -1.579676e-01 -3.002582e-01 -2.533085e-01 7.549881e-02 4.747021e-01 -2.776408e-01 -1.944236e-07 
-1.294656e+01 5.593552e+00 -7.699355e+00 7.284698e+00 -4.528220e+00 -1.642004e+00 1.004548e+01 -3.988791e-01 6.303170e+00 2.550109e+00 2.162616e+00 3.253567e+00 -1.512926e-01 2.833816e-01 7.354482e-02 -4.032344e-01 -1.061712e-01 -3.927900e-01 -8.551327e-01 -7.487953e-01 -1.887058e+00 2.382488e-01 1.285939e+00 1.754310e+00 1.322098e+00 -2.384011e-06 -1.282460e-01 -4.563898e-01 -5.963723e-01 -2.735832e-01 4.932510e-01 1.671529e-01 -5.020573e-02 2.821167e-01 1.094870e-01 -1.069685e-01 -9.948197e-02 -4.926926e-01 -1.944236e-07 
-1.196033e+01 4.715480e+00 -1.057308e+01 4.563983e+00 -3.086456e+00 -1.250307e+00 6.457503e+00 -1.935082e+00 6.237550e+00 4.179462e+00 9.695069e+00 5.991683e+00 -1.512926e-01 -7.111789e-02 -7.056623e-01 -1.100547e+00 -1.536684e-01 6.205754e-01 -5.943797e-01 5.330812e-01 -1.967782e-02 4.224339e-01 5.875751e-02 1.309115e+00 -7.951332e-02 -2.384011e-06 -1.944458e-01 -3.225271e-01 -8.626936e-02 -1.841651e-01 2.604751e-01 3.495168e-01 1.092234e-01 3.360857e-01 2.719622e-01 -3.026581e-01 -7.569407e-01 -5.455859e-01 -1.944236e-07 
-1.308995e+01 3.702153e+00 -1.155242e+01 7.765513e+00 -6.218670e+00 -2.396117e+00 6.853441e+00 -2.512889e+00 6.684230e+00 5.101060e+00 9.351065e+00 4.668223e+00 -1.512926e-01 -3.018759e-01 -9.889164e-01 -1.029863e+00 -9.143944e-01 8.960470e-01 4.551816e-01 1.770679e-01 -6.487613e-01 1.252390e-02 -5.790880e-01 1.119127e-01 1.696637e-01 -2.384011e-06 1.801579e-03 7.309140e-02 5.272510e-01 -6.950234e-03 1.861789e-01 2.969963e-01 -1.127057e-01 3.582164e-02 1.882613e-02 -1.420853e-01 -7.421687e-01 -3.625869e-01 -1.944236e-07 
-1.419573e+01 1.677679e+00 -1.211688e+01 5.864532e+00 -2.355389e+00 -1.628715e+00 9.648790e+00 1.715790e+00 6.813553e+00 -9.813105e-01 8.475751e+00 5.053522e+00 -1.512926e-01 -3.002938e-01 -7.217498e-01 4.196424e-01 -8.425318e-01 2.542899e-01 6.707001e-01 6.983755e-02 -1.139880e+00 6.053129e-01 -4.227903e-01 -1.230023e+00 -3.570251e-01 -2.384011e-06 2.774450e-01 4.662271e-01 7.139577e-01 4.319378e-01 -1.985794e-01 -1.061658e-01 -4.618486e-01 -1.576491e-01 -3.114059e-01 2.758551e-01 -4.417350e-01 -2.853745e-01 -1.944236e-07 
-1.333799e+01 2.167981e+00 -1.207687e+01 2.061982e+00 -4.135622e-01 8.232794e-01 9.335512e+00 -5.468545e+00 6.077911e+00 2.234974e+00 3.332138e+00 4.570848e+00 -1.512926e-01 4.068970e-01 4.470035e-01 1.472972e+00 2.034857e-01 7.212977e-01 -2.664335e-03 -1.080679e+00 -1.147557e+00 2.408613e-01 8.162685e-01 -6.868733e-01 -3.521107e-01 -2.384011e-06 3.642451e-01 3.870928e-01 3.728190e-01 8.739734e-01 -4.104193e-01 -5.105017e-01 -2.572517e-01 3.852302e-01 -5.811087e-01 6.149876e-02 2.563468e-01 -3.767187e-01 -1.944236e-07 
-1.333799e+01 1.874018e+00 -8.212843e+00 3.203040e+00 -4.717713e+00 4.935239e-01 5.565980e+00 -6.156506e+00 9.567316e+00 3.498978e+00 6.553806e+00 4.255244e+00 -1.512926e-01 9.618689e-01 9.073344e-01 1.217839e+00 1.447203e+00 -2.849433e-01 -8.963502e-01 -1.147347e+00 -5.582148e-01 -1.248731e+00 7.403398e-01 -5.002456e-01 -1.245539e+00 -2.384011e-06 2.600676e-01 -5.173789e-02 -3.141000e-01 7.130207e-01 -4.091952e-01 -5.260648e-01 1.370724e-02 3.741911e-01 -7.642543e-01 -8.235174e-02 4.389684e-01 -3.129238e-01 -1.944236e-07 
-1.148472e+01 5.839521e+00 -6.139837e+00 1.011389e+01 -1.430984e+00 -3.470300e+00 3.491926e+00 -4.314909e+00 6.511929e+00 6.942523e+00 6.877252e+00 3.306703e+00 -1.512926e-01 8.884151e-01 1.321491e-01 4.352297e-01 2.310633e+00 -8.864115e-01 -1.313765e+00 -5.005324e-01 9.867203e-01 -1.965878e+00 -8.531641e-01 1.028685e+00 -1.269727e+00 -2.384011e-06 -3.791826e-02 -6.454034e-01 -6.942371e-01 -2.140021e-02 -4.067783e-01 8.195381e-02 4.009529e-01 1.618311e-01 -1.276144e-01 -3.676027e-01 4.251663e-02 -1.501441e-01 -1.944236e-07 
-1.031339e+01 4.378977e+00 -8.996412e+00 9.074271e+00 -3.271337e+00 -3.963357e+00 6.834192e+00 -1.652114e+00 3.531848e-01 3.666719e-01 4.201513e+00 -5.423304e-01 -1.512926e-01 7.591363e-01 -8.231007e-01 -6.320639e-01 1.669113e+00 -9.878709e-01 -1.303984e+00 -1.517997e-01 -3.360260e-01 -2.112529e+00 1.458727e-04 1.069050e-01 -1.462926e+00 -2.384011e-06 -2.239308e-01 -5.880337e-01 -4.051108e-01 -6.047403e-01 -1.197573e-02 4.189635e-01 1.454895e-01 -1.862691e-01 4.626693e-01 -4.454197e-01 -2.616621e-01 4.284518e-01 -1.944236e-07 
-1.040836e+01 1.576237e+00 -9.508948e+00 1.067973e+01 -5.568704e+00 -3.516926e+00 6.198576e+00 -2.787282e+00 8.555087e-01 -4.648870e-01 9.652125e+00 6.212273e-01 -1.512926e-01 3.186394e-01 -1.914864e+00 -1.073270e+00 -1.441532e-02 -9.610935e-01 6.109697e-01 4.263708e-01 -4.496042e-01 3.464354e-02 -6.515756e-01 -7.779887e-01 -9.942119e-01 -2.384011e-06 -1.288558e-01 -4.513457e-02 1.144923e-01 -8.224913e-01 4.375053e-01 5.102591e-01 -1.180750e-01 -6.247265e-01 1.919025e-01 -3.694305e-01 -6.748624e-01 5.560107e-01 -1.944236e-07 
-1.008024e+01 -1.095511e-01 -9.688526e+00 1.126550e+01 -7.588173e+00 -6.003157e+00 3.453804e+00 -8.600314e+00 1.832910e+00 7.203549e+00 5.701334e+00 -1.716515e+00 -1.512926e-01 1.269814e-01 -1.009370e+00 -5.349552e-02 -4.139777e-01 -3.075445e-01 2.361700e-01 -8.831713e-01 -7.713716e-01 6.433959e-02 -1.587586e+00 -9.052570e-01 7.588580e-01 -2.384011e-06 1.797133e-01 6.507505e-01 8.416678e-01 -2.170232e-01 6.272165e-01 4.974982e-01 -1.014020e-01 -6.402631e-01 -4.899854e-02 -4.091751e-01 -3.957025e-01 3.734155e-01 1.302799e-02 
-1.000836e+01 -1.490469e+00 -1.115992e+01 8.945271e+00 -4.078125e+00 6.043434e-01 7.313545e+00 -3.088718e+00 5.945135e+00 2.662441e-01 2.237539e+00 -1.077152e+00 -1.512926e-01 5.602460e-01 -3.425429e-04 7.183980e-01 -7.601827e-01 9.609023e-01 4.674944e-01 -7.251858e-01 -1.919122e+00 -2.094677e+00 -1.906508e+00 -1.839373e+00 3.994134e-01 -2.384011e-06 7.973742e-01 1.181658e+00 1.258027e+00 5.379996e-01 3.252606e-01 2.592058e-01 -2.707691e-01 -9.792867e-01 -1.727928e-01 3.122552e-01 1.437698e-02 -3.907756e-02 4.146704e-02 
-9.878372e+00 8.655993e-01 -8.438625e+00 7.871645e+00 -5.554098e+00 -4.843156e+00 1.860236e+00 -5.358392e+00 -1.870241e+00 -7.936796e+00 3.382391e+00 4.101273e+00 -1.512926e-01 1.537069e+00 1.473498e+00 2.680443e+00 9.568095e-01 1.187241e+00 1.255255e+00 -8.294756e-02 -2.802458e+00 -1.292883e+00 -1.418189e+00 -1.340925e+00 -2.926000e-01 6.513983e-02 1.324925e+00 6.984001e-01 1.092316e+00 5.653259e-01 -2.667235e-01 4.777320e-01 -3.334574e-01 -8.160713e-01 5.728986e-01 1.022369e+00 9.175569e-03 -4.381532e-01 6.237854e-02 
-7.708148e+00 1.086481e+00 -6.542339e+00 8.575865e+00 -1.781527e+00 -1.759130e+00 3.369257e+00 -1.400440e+01 -7.766502e+00 -2.427556e+00 1.614860e+00 -2.907370e-01 -1.512926e-01 3.600443e+00 2.751875e+00 3.849812e+00 1.990182e+00 -8.227027e-02 1.397420e+00 -1.327694e+00 -4.330458e+00 -1.507609e-01 8.250380e-01 -4.882761e-01 -6.638700e-01 1.747689e-01 1.245355e+00 -1.898267e-01 5.566625e-01 1.718074e-02 -8.411615e-01 2.479974e-01 -6.788795e-01 -6.892734e-02 1.297160e+00 9.443963e-01 9.047367e-02 -1.488269e-02 5.802182e-02 
-3.545354e+00 5.969323e+00 1.404820e+00 1.623432e+01 -2.800487e+00 1.455086e+00 5.011137e+00 -1.715463e+01 2.224332e+00 1.459256e+00 -6.922051e-01 -3.572573e+00 1.743981e-01 5.231570e+00 1.106589e+00 3.842234e+00 1.037616e+00 -1.119547e+00 2.159856e+00 -2.249293e+00 -3.646279e+00 1.956788e+00 2.158453e+00 -1.534881e+00 -9.002234e-01 2.245083e-01 4.556617e-01 -1.205894e+00 -3.464613e-01 -9.805826e-01 -8.164589e-01 -1.009402e-01 -7.299816e-01 7.087991e-01 7.052042e-01 3.571720e-01 6.899183e-02 4.058720e-01 1.352788e-02 
4.827162e+00 9.716671e+00 3.167733e+00 1.471506e+01 -5.866589e+00 4.442257e+00 -9.000111e-01 -1.884320e+01 3.144171e+00 -3.064536e-01 1.833688e+00 -5.598777e-01 5.596966e-01 4.939676e+00 -7.658753e-01 2.920747e+00 -7.146903e-01 -2.091477e+00 1.255255e+00 -3.036412e+00 -1.842123e+00 2.766158e+00 1.027071e+00 -1.289993e+00 6.287023e-01 2.104211e-01 -7.706012e-01 -1.499715e+00 -7.986957e-01 -1.262381e+00 -2.527557e-01 -3.311671e-01 -2.824414e-03 1.294199e+00 -1.178871e-01 -2.431579e-01 1.418116e-01 3.577929e-01 -3.836227e-02 
1.001194e+01 2.083447e+00 5.918087e+00 9.989580e+00 -9.109501e+00 2.855421e+00 -7.251637e+00 -2.117026e+01 2.458801e+00 1.795170e+00 -4.401783e+00 -2.652811e-01 6.157556e-01 3.145708e+00 -2.797031e+00 1.412572e+00 -2.593605e+00 -1.890360e+00 8.215980e-01 -2.878322e+00 -5.024418e-01 7.746936e-01 2.665624e-01 -5.951473e-01 1.090429e+00 1.149563e-01 -1.529241e+00 -6.583459e-01 -7.650763e-01 -7.350284e-01 3.066473e-01 -4.624873e-01 6.761508e-01 1.309572e+00 -7.921821e-01 -5.359922e-01 5.717605e-01 1.765643e-01 -5.718298e-02 
1.021194e+01 -7.994646e-01 5.804719e+00 8.124367e+00 -9.084132e+00 3.816757e+00 -5.681470e+00 -2.120654e+01 5.947438e+00 2.539720e+00 -2.980539e+00 1.199299e+00 6.801418e-01 7.904390e-01 -2.794847e+00 1.071060e+00 -2.506013e+00 -9.606021e-01 4.107330e-01 -1.027116e+00 5.685356e-01 -1.490192e-01 5.551803e-01 -2.490067e-01 1.298108e-01 3.773642e-02 -1.424411e+00 1.983433e-01 -4.291432e-01 -8.506592e-02 6.669541e-01 -4.303388e-01 8.713279e-01 1.118555e+00 -8.277473e-01 -5.263088e-01 4.372520e-01 -1.316641e-01 -4.761572e-02 
9.490891e+00 -2.757401e+00 7.149411e+00 6.561715e+00 -1.064351e+01 5.875928e+00 -6.989691e+00 -1.848570e+01 4.696041e+00 1.368785e+00 -1.260520e+00 1.000100e+00 6.889609e-01 -3.399589e-01 -1.170590e+00 9.417070e-01 -1.741894e+00 -1.517933e-01 2.697029e-01 1.267289e-01 1.696189e+00 -5.465631e-01 -2.855859e-01 8.032169e-01 2.320924e-01 2.493411e-02 -9.515616e-01 5.559267e-01 -1.335099e-01 -1.373815e-01 8.060986e-01 -8.246402e-01 4.571888e-01 1.466083e+00 -5.150634e-02 -7.289596e-01 2.748118e-01 -1.714816e-01 -1.789045e-02 
9.039863e+00 -1.837334e+00 7.907735e+00 3.899050e+00 -9.902452e+00 4.985768e+00 -6.166486e+00 -1.734262e+01 1.280699e+00 2.682570e+00 -9.818445e-01 -5.435661e-01 7.117816e-01 -4.396301e-01 -5.874196e-01 1.010334e+00 -1.565939e+00 3.740922e-01 -6.205773e-01 -1.823775e-01 2.651556e+00 -7.118508e-01 -1.328274e+00 1.969211e-01 3.996438e-01 1.734832e-02 -5.121609e-01 6.675221e-02 -1.791021e-01 -8.343183e-01 8.074169e-01 -1.000226e+00 9.091563e-03 2.130229e+00 3.734143e-01 -1.062627e+00 9.775565e-02 4.829108e-02 3.814667e-03 
8.897590e+00 -3.250975e+00 9.575380e+00 3.393021e+00 -9.459275e+00 3.619670e+00 -6.375590e+00 -1.462112e+01 2.059321e+00 2.961127e-01 -1.384325e+00 1.766496e+00 7.246061e-01 -9.970881e-01 -1.121063e+00 7.754431e-01 -3.750655e+00 1.472785e+00 -2.785980e+00 -1.014843e+00 5.786587e+00 7.984679e-01 -2.436566e+00 5.558863e-01 9.809731e-02 3.570120e-02 -3.157829e-01 -5.968558e-01 -4.222892e-01 -1.238393e+00 7.316455e-01 -6.150126e-01 -7.276602e-02 2.270221e+00 2.196403e-01 -8.619989e-01 -2.737294e-01 -7.718681e-02 1.108315e-02 
8.310620e+00 -3.490400e+00 9.643497e+00 1.879037e+00 -7.806109e+00 1.842278e+00 -6.900614e+00 -9.881252e+00 3.706743e+00 -3.565593e+00 -1.933909e+00 2.814390e+00 7.490606e-01 -1.441879e+00 -2.485969e+00 2.586824e-01 -5.673211e+00 2.264152e+00 -3.062539e+00 -4.107751e-01 9.174515e+00 1.045442e+00 -3.682397e+00 3.635181e-01 4.382681e-01 5.142271e-02 -1.245005e-01 -7.439250e-01 -7.303725e-01 -6.434643e-01 4.921838e-01 4.158964e-01 2.058365e-02 1.420045e+00 -3.486050e-01 -2.318412e-01 -4.991586e-01 -2.245923e-01 1.062887e-02 
4.870365e+00 -7.536074e+00 1.015889e+01 -1.118156e+01 -4.327580e+00 -6.482023e+00 -1.169717e+01 6.716199e+00 7.475515e+00 -7.690055e+00 1.994498e+00 -1.884191e-01 8.488109e-01 -1.417696e+00 -3.205422e+00 -7.939981e-01 -5.880317e+00 2.561405e+00 -1.584298e+00 -1.227819e-01 9.785760e+00 -3.269342e-01 -3.418533e+00 -6.486440e-01 -1.731947e-01 6.331020e-02 2.473503e-01 -2.665309e-01 -9.099215e-01 8.912848e-01 1.484501e-01 1.481301e+00 6.000528e-02 -7.318469e-01 -9.630167e-01 6.940677e-01 -9.369617e-01 -2.453085e-01 4.960477e-04 
3.844285e+00 -1.212495e+01 8.908989e+00 -1.718004e+01 -1.147705e+00 -5.276073e+00 -5.559934e+00 1.786142e+01 3.799610e+00 -1.173617e+01 -8.534712e-01 2.625324e+00 9.068024e-01 -8.517625e-01 -3.264716e+00 -1.856745e+00 -3.718425e+00 2.290683e+00 8.580999e-01 -5.253899e-01 7.752190e+00 -1.892117e+00 -1.996535e+00 -1.696470e+00 -5.876195e-01 5.668548e-02 4.307061e-01 5.147219e-01 -8.077186e-01 1.862914e+00 5.695909e-03 1.465587e+00 -3.450908e-01 -2.569901e+00 -6.719216e-01 1.428604e+00 -7.117404e-01 -3.925587e-01 -9.257300e-03 
4.042425e+00 -1.496096e+01 5.972865e+00 -1.647934e+01 1.846730e-02 -7.428343e-01 -7.659654e+00 2.043583e+01 3.781283e-01 -1.271144e+01 -5.167911e+00 9.949102e-01 9.622818e-01 -5.529707e-02 -2.064363e+00 -2.716534e+00 -2.716403e-01 2.201753e+00 2.660230e+00 -6.576858e-01 2.838294e+00 -2.547781e+00 1.908557e-01 -3.098987e+00 -6.155703e-01 3.554702e-02 3.877634e-01 9.562468e-01 -3.589547e-01 1.613640e+00 5.849110e-02 6.234413e-01 -3.204582e-01 -3.088576e+00 6.586643e-02 1.402937e+00 2.004652e-02 -3.487346e-01 -1.484002e-02 
4.465520e+00 -1.610136e+01 2.452756e+00 -1.406411e+01 1.474453e+00 3.262885e+00 -1.154619e+01 2.201952e+01 -2.205251e+00 -1.103793e+01 -6.834937e+00 -7.153317e-01 9.757388e-01 3.047440e-02 -4.828511e-01 -2.818609e+00 8.369871e-01 2.472393e+00 2.143177e+00 -1.868838e+00 -2.014482e-01 -1.203621e+00 1.655925e+00 -1.969817e+00 -1.303284e+00 1.901863e-02 2.287970e-01 9.612125e-01 1.888453e-01 5.571709e-01 1.077394e-01 -2.855383e-01 4.385042e-02 -2.482324e+00 6.669792e-01 7.606457e-01 7.823138e-01 -3.824335e-01 -1.309953e-02 
4.283023e+00 -1.586903e+01 -1.956624e-01 -1.409812e+01 5.370021e+00 2.549541e+00 -1.199233e+01 1.882839e+01 -2.260895e+00 -7.084892e+00 -1.050979e+01 -1.595909e+00 9.920769e-01 7.997098e-02 1.848930e-01 -2.107765e+00 -8.967060e-02 2.763014e+00 8.904102e-01 -1.053325e+00 -1.680449e+00 -3.419129e-01 1.769818e+00 -4.118173e-01 -1.559064e+00 7.948307e-03 1.450891e-01 5.566134e-01 6.107137e-01 -3.874184e-01 -2.575521e-02 -6.004719e-01 3.190012e-01 -1.107586e+00 6.822160e-01 2.747086e-02 1.186204e+00 -2.932945e-01 -8.005748e-03 
3.876315e+00 -1.408507e+01 -2.099570e+00 -1.418549e+01 8.538365e+00 3.793557e+00 -1.273778e+01 1.765826e+01 -8.989792e-01 -6.270216e+00 -8.031869e+00 -2.595856e+00 9.869822e-01 2.246185e-01 4.166672e-01 -1.216910e+00 -1.023422e+00 2.548795e+00 3.151993e-01 -1.083251e-01 -2.400079e+00 3.397901e-01 1.017191e+00 8.714923e-01 -2.028009e+00 4.987998e-03 1.561079e-01 1.263406e-01 6.608174e-01 -5.292475e-01 -3.142455e-01 -4.265522e-01 4.933606e-01 -1.542965e-01 1.814913e-01 -3.900806e-01 7.124588e-01 1.685949e-02 -3.773094e-03 
4.736658e+00 -1.504441e+01 -2.289628e+00 -1.686751e+01 1.030146e+01 3.443980e+00 -1.233052e+01 1.421450e+01 -1.984597e+00 -6.246407e+00 -6.628443e+00 -5.860392e+00 9.963986e-01 5.729026e-01 2.688924e-01 -4.636350e-01 -1.278488e+00 2.034783e+00 5.719354e-01 5.714879e-02 -1.600515e+00 9.151018e-02 6.475380e-01 1.411467e+00 -1.719628e+00 2.531353e-03 4.369904e-02 4.266327e-02 4.096918e-01 -1.118198e-01 -5.437256e-01 -1.334673e-01 2.365784e-01 4.677374e-01 -2.004546e-01 -3.133137e-01 1.032692e-01 4.033873e-01 -2.101926e-03 
5.361989e+00 -1.443030e+01 -2.584955e+00 -1.779689e+01 1.175283e+01 4.391577e+00 -1.191873e+01 1.232673e+01 -6.441717e-01 -6.371076e+00 -4.418229e+00 -8.723070e+00 9.985242e-01 5.645402e-01 1.068688e-01 -3.364474e-01 -1.214799e+00 1.265362e+00 1.695409e-01 4.269193e-02 -1.012979e+00 -5.129482e-01 2.665624e-01 6.809562e-01 -1.138727e+00 2.860276e-03 -1.174015e-01 8.590103e-03 1.272460e-01 1.450844e-01 -6.265908e-01 -1.134361e-01 -6.922003e-03 6.544212e-01 -5.140440e-01 -1.081741e-01 -3.621534e-01 6.304278e-01 -1.848332e-03 
6.404830e+00 -1.435176e+01 -2.271527e+00 -1.868464e+01 1.393681e+01 5.110102e+00 -1.211613e+01 1.349224e+01 -1.930873e+00 -3.796750e+00 -5.259280e+00 -7.130469e+00 9.989811e-01 1.284505e-01 5.530658e-01 -4.996805e-01 -5.530766e-01 6.861678e-01 2.959004e-01 5.402860e-02 -3.525814e-02 -9.177203e-01 5.784917e-01 1.997303e-01 1.316979e-02 -1.497957e-03 -2.216661e-01 1.973652e-02 -2.038511e-04 2.139006e-01 -5.084765e-01 -1.589513e-01 8.008292e-03 4.329028e-01 -4.117940e-01 1.707661e-04 -3.856638e-01 5.078694e-01 -2.129292e-03 
5.864788e+00 -1.389691e+01 -3.791033e+00 -1.935074e+01 1.304739e+01 3.808424e+00 -1.263172e+01 1.295533e+01 -3.490801e+00 -6.161996e+00 -5.311817e+00 -7.654416e+00 9.999999e-01 -1.402775e-01 3.176144e-01 -5.626790e-01 -6.608705e-01 9.018609e-02 -1.139166e-01 -1.412950e-01 8.938439e-02 -1.725871e+00 5.109996e-01 -3.335266e-01 2.578163e-01 -2.238034e-03 -1.211905e-01 -4.782872e-02 6.221967e-02 1.889589e-01 -2.757320e-01 -4.667788e-02 1.417822e-02 2.451560e-01 -1.516285e-01 9.883223e-02 -1.735501e-01 2.533729e-01 -2.111048e-03 
5.127351e+00 -1.254599e+01 -4.185438e+00 -1.885586e+01 1.308505e+01 5.215065e+00 -1.170397e+01 1.372442e+01 -5.150120e+00 -3.458239e+00 -5.182530e+00 -6.328979e+00 9.881592e-01 -1.828807e-01 2.622276e-01 -3.516017e-01 -4.859945e-01 8.003196e-02 -8.116967e-02 1.891327e-01 1.261182e-02 -1.361071e+00 5.263185e-01 -9.615130e-03 1.215177e-01 -5.568382e-03 3.302868e-02 -1.420714e-01 1.306730e-01 1.887205e-01 -1.236554e-01 -3.183430e-02 6.528034e-02 -1.732968e-02 2.821834e-01 -7.694617e-02 5.172314e-02 -8.780895e-02 -1.363036e-03 
5.299419e+00 -1.374584e+01 -4.441229e+00 -2.101542e+01 1.262958e+01 3.769456e+00 -1.283139e+01 1.265719e+01 -7.664042e+00 -3.985052e+00 -6.124544e+00 -7.835079e+00 9.927444e-01 1.143248e-01 1.310197e-02 -9.939131e-02 -3.035621e-01 1.897620e-01 1.246558e-01 4.591612e-02 1.891887e-01 -1.049393e+00 7.869627e-01 -8.204328e-02 7.406267e-02 -5.666031e-03 6.773999e-02 -1.066776e-01 1.904503e-01 3.216793e-01 9.901947e-03 3.359859e-02 1.534491e-01 -2.755108e-02 6.697530e-01 -1.480353e-01 1.316689e-01 -7.206210e-02 -8.138856e-04 
5.772794e+00 -1.311647e+01 -3.704340e+00 -2.028247e+01 1.454565e+01 4.723585e+00 -1.107099e+01 1.370463e+01 -6.649800e+00 -2.253539e+00 -4.901114e+00 -6.432779e+00 9.747549e-01 1.663075e-01 -4.938957e-03 -7.806709e-02 2.118131e-01 1.812455e-02 1.750778e-02 2.868985e-01 -1.716423e-01 1.550824e-01 5.576032e-02 3.327392e-01 -3.339887e-01 -6.606546e-03 9.945887e-03 -1.281780e-01 1.854183e-01 3.389430e-01 -5.896407e-02 -3.986195e-02 1.001805e-01 2.690857e-02 6.466128e-01 -2.639635e-01 1.113377e-03 8.100887e-03 1.968429e-04 
6.113952e+00 -1.354623e+01 -4.527922e+00 -2.015464e+01 1.326571e+01 4.677411e+00 -1.271891e+01 1.391109e+01 -7.987924e+00 -2.829700e+00 -5.863228e+00 -7.232293e+00 9.783739e-01 2.369405e-02 -8.227363e-02 2.527290e-01 5.985759e-01 1.706002e-01 4.758305e-03 5.769718e-01 4.377245e-02 8.647397e-01 6.029238e-03 1.535620e-01 1.251267e-01 -5.784238e-03 -1.036825e-01 -9.114655e-02 2.558671e-01 2.646901e-01 -6.006267e-02 -9.779733e-02 2.191048e-01 9.731362e-02 5.143452e-01 -3.009470e-01 -5.948310e-02 1.991441e-01 4.978721e-04 
5.551563e+00 -1.267034e+01 -4.532209e+00 -1.822669e+01 1.285712e+01 4.848370e+00 -1.032592e+01 1.223901e+01 -4.212628e+00 -3.757358e+00 -3.649817e+00 -8.300205e+00 9.623169e-01 -8.784276e-02 -3.309397e-01 3.995089e-01 7.575681e-01 -2.051843e-01 -2.205407e-01 4.243947e-01 2.201236e-01 9.149008e-01 -4.030311e-01 -1.218605e-01 1.364145e-01 -4.519939e-03 -1.276363e-01 -7.276288e-02 2.579059e-01 1.052636e-01 -1.551066e-01 -7.901566e-02 1.238711e-01 2.431118e-01 7.057806e-02 -1.870799e-01 -3.138323e-01 3.833854e-01 6.474745e-04 
5.528844e+00 -1.438013e+01 -2.763580e+00 -1.905053e+01 1.432656e+01 3.730940e+00 -1.031912e+01 1.360899e+01 -4.558767e+00 -3.203274e+00 -5.982922e+00 -6.275595e+00 9.700292e-01 -2.770146e-01 -2.795747e-01 9.411658e-01 7.470817e-01 1.091825e-03 -2.453410e-01 1.072561e+00 4.800213e-01 1.142367e+00 -4.883954e-01 -1.521508e-01 8.345709e-01 -4.216713e-03 -1.054246e-01 -1.129994e-03 1.361822e-01 1.233856e-01 -4.035453e-01 5.956226e-03 -2.053353e-02 2.498988e-01 -1.489307e-01 -2.095189e-01 -3.586684e-01 2.562614e-01 1.767743e-04 
5.626052e+00 -1.435395e+01 -2.588765e+00 -1.704752e+01 1.298935e+01 4.094257e+00 -1.014890e+01 1.495655e+01 -3.789740e+00 -4.081583e+00 -5.450698e+00 -6.229132e+00 9.563262e-01 -3.215389e-01 -2.702670e-01 8.672346e-01 6.639616e-01 -6.727654e-01 -2.525017e-01 6.585127e-01 8.259495e-01 3.692249e-01 -6.324823e-01 -1.083579e+00 1.228186e+00 -4.149900e-03 -2.851093e-02 7.717639e-04 5.363047e-02 1.655910e-01 -5.708765e-01 6.820836e-02 -2.066677e-01 2.944641e-01 -3.136477e-01 -8.814621e-02 -4.661297e-01 1.985540e-01 -3.395365e-04 
4.691593e+00 -1.410198e+01 -7.939382e-01 -1.700882e+01 1.320536e+01 3.827794e+00 -7.444511e+00 1.495259e+01 -2.487305e+00 -5.109236e+00 -5.723434e+00 -4.095037e+00 9.602966e-01 -3.865173e-01 -1.182406e-01 6.996717e-01 1.262303e+00 -1.613414e+00 5.051670e-02 3.573107e-01 9.903331e-01 3.929992e-01 -9.267616e-01 -1.158817e+00 8.606021e-01 -5.095555e-03 5.872463e-02 -2.928658e-02 -8.662910e-03 2.186696e-01 -6.788524e-01 4.420115e-02 -3.617638e-01 3.198132e-01 -4.081463e-01 -1.773685e-03 -3.199179e-01 1.248019e-02 -1.184243e-03 
4.362726e+00 -1.416033e+01 -1.180722e+00 -1.592757e+01 1.005431e+01 3.537682e+00 -8.471158e+00 1.569662e+01 -3.402156e+00 -5.966768e+00 -9.197737e+00 -3.249554e+00 9.464531e-01 -1.756483e-01 -4.079296e-01 7.884324e-01 1.327997e+00 -2.252305e+00 -2.746468e-02 -2.514376e-01 1.437195e+00 -2.786019e-01 -6.246009e-01 -1.949053e+00 1.116076e+00 -5.779098e-03 5.476136e-02 1.086165e-02 1.024327e-01 1.556239e-01 -4.214366e-01 -1.283554e-01 -5.077092e-02 1.942126e-01 -2.829462e-01 4.559315e-02 1.840471e-01 -3.923285e-02 -1.691432e-03 
4.227901e+00 -1.506786e+01 3.059633e-02 -1.329950e+01 7.727349e+00 4.262063e+00 -9.371362e+00 1.819056e+01 -2.787778e+00 -6.893992e+00 -9.903105e+00 -3.462346e+00 9.494923e-01 -5.631412e-02 -3.572541e-01 9.371607e-01 1.508425e+00 -2.603441e+00 -1.367958e-01 -2.813914e-01 1.773188e+00 -5.744304e-01 -5.012722e-01 -1.319062e+00 9.530548e-01 -9.320162e-03 -6.604044e-03 9.601815e-02 1.802995e-01 -8.044002e-02 -1.221802e-01 -3.459349e-01 3.321417e-01 -9.174152e-02 -2.460131e-01 9.739333e-02 5.649987e-01 2.139409e-02 -2.061789e-03 
4.979491e+00 -1.591048e+01 9.413473e-01 -1.226223e+01 4.466757e+00 3.739950e+00 -1.044255e+01 2.052289e+01 -5.032694e+00 -6.312204e+00 -1.310559e+01 -9.649480e-01 9.328204e-01 -2.129403e-01 -9.629270e-02 1.260704e+00 1.318898e+00 -2.284979e+00 -8.006418e-01 7.238286e-01 1.405582e+00 -5.618030e-01 -6.172744e-01 -8.314253e-02 9.858433e-01 -1.048681e-02 -1.191436e-01 1.925852e-01 2.225948e-01 -2.044809e-01 4.129029e-02 -3.173838e-01 6.185490e-01 -4.440939e-01 -6.438733e-02 8.175994e-02 9.202033e-01 -3.963662e-02 -1.521760e-03 
4.102015e+00 -1.501332e+01 2.830965e+00 -1.129942e+01 2.981559e+00 3.042823e+00 -7.865738e+00 2.140543e+01 -4.544185e+00 -7.442882e+00 -1.036497e+01 -4.718941e-01 9.205053e-01 -4.008691e-01 2.061514e-01 1.365161e+00 8.645909e-01 -2.207922e+00 -1.292457e+00 1.530293e+00 5.473102e-01 -6.954788e-01 -4.435486e-01 7.331094e-01 1.032761e+00 -1.304625e-02 -1.312076e-01 1.986603e-01 2.236792e-01 -3.318123e-01 8.736838e-02 -1.619806e-01 5.587808e-01 -6.440246e-01 -3.148192e-02 1.602769e-01 8.374488e-01 -7.010539e-02 -9.945031e-04 
3.361227e+00 -1.466863e+01 3.722662e+00 -1.033310e+01 1.002065e+00 1.437217e-01 -5.604472e+00 2.111785e+01 -5.333167e+00 -8.778744e+00 -9.382759e+00 1.845224e-01 9.085065e-01 -5.990814e-01 2.731441e-01 1.687405e+00 6.275677e-01 -2.243543e+00 -1.036507e+00 1.935605e+00 -1.702875e-01 -5.401188e-01 -2.447353e-01 1.625820e+00 8.781098e-01 -1.151984e-02 -3.722142e-02 1.975509e-01 1.944847e-01 -4.449322e-01 1.274199e-01 1.807343e-02 4.030253e-01 -7.607121e-01 -4.789663e-02 2.760884e-01 6.368302e-01 -2.635712e-01 -1.286410e-03 
3.033104e+00 -1.465827e+01 5.465569e+00 -9.940239e+00 -1.580119e+00 -4.022671e-01 -4.138857e+00 2.063041e+01 -6.114858e+00 -7.878790e+00 -8.099026e+00 1.126886e+00 8.964374e-01 -5.191862e-01 4.513701e-01 1.842087e+00 1.950041e-01 -2.187368e+00 -8.288478e-01 1.906691e+00 -6.589224e-01 -7.427661e-01 1.138169e-01 2.013610e+00 6.564228e-01 -1.378118e-02 3.825498e-02 2.077993e-01 1.676759e-01 -5.322043e-01 3.096292e-01 3.116256e-03 3.873885e-01 -8.365959e-01 1.696428e-02 2.329216e-01 4.846888e-01 -4.959538e-01 -1.996109e-03 
2.518389e+00 -1.472263e+01 8.060637e+00 -9.804203e+00 -4.469796e+00 2.799936e-01 -2.627949e+00 2.005854e+01 -6.947587e+00 -7.317780e+00 -6.109011e+00 2.626066e+00 8.872494e-01 -3.398459e-01 7.689823e-01 1.994604e+00 -5.708109e-01 -1.658207e+00 -9.421959e-01 2.550905e+00 -1.794705e+00 -7.776873e-01 4.844689e-01 2.460637e+00 -1.437081e-01 -1.655647e-02 6.961274e-02 2.918464e-01 5.739180e-03 -5.249555e-01 4.317613e-01 -1.016218e-01 3.574808e-01 -8.603095e-01 2.824939e-02 2.278660e-01 1.907049e-01 -5.549035e-01 -3.379020e-03 
1.926949e+00 -1.272979e+01 9.872137e+00 -1.058934e+01 -5.218929e+00 -1.169444e+00 1.791009e-01 1.863974e+01 -7.450679e+00 -7.603913e+00 -1.933452e+00 1.589293e+00 8.622152e-01 -3.391679e-01 9.973092e-01 2.049917e+00 -1.197219e+00 -9.524133e-01 -1.323982e+00 3.159550e+00 -2.823457e+00 -4.918736e-01 3.564780e-01 2.739357e+00 -9.360066e-01 -2.050869e-02 5.053677e-02 1.875139e-01 -4.766134e-02 -4.280500e-01 4.783415e-01 -5.667457e-02 1.456779e-01 -6.600518e-01 -1.069755e-02 3.559276e-01 -2.089197e-01 -2.709942e-01 -2.859060e-03 
2.215220e+00 -1.178845e+01 1.149215e+01 -1.286325e+01 -5.469537e+00 -4.183645e+00 4.990756e+00 1.313936e+01 -8.553566e+00 -6.493580e+00 -1.622655e-01 -7.652550e-01 8.428203e-01 -3.410890e-01 1.459479e+00 1.612175e+00 -1.301311e+00 -7.021633e-01 -1.296911e+00 3.096418e+00 -3.389768e+00 -5.241822e-01 7.733088e-01 2.216726e+00 -1.100256e+00 -2.505708e-02 4.766231e-02 5.909235e-02 -6.679183e-02 -2.425372e-01 4.725347e-01 1.404572e-01 -4.210611e-01 -8.397325e-02 -1.407613e-01 5.905840e-01 -6.344994e-01 2.583734e-01 -1.868400e-03 
1.489329e+00 -1.113835e+01 1.399910e+01 -1.439658e+01 -5.842374e+00 -4.790449e+00 7.849516e+00 9.971972e+00 -7.771107e+00 -6.508731e+00 2.624029e+00 -1.857635e+00 8.160995e-01 -2.659400e-01 1.043733e+00 1.794892e+00 -1.580126e+00 -2.736428e-01 -9.347733e-01 2.362342e+00 -3.161708e+00 -9.229454e-01 1.749170e+00 1.090975e+00 -2.203425e-01 -2.382876e-02 1.477458e-01 -1.740059e-02 -1.548528e-01 7.660207e-02 4.988067e-01 3.242600e-01 -9.897311e-01 4.445961e-01 -3.160416e-01 8.158292e-01 -8.217503e-01 6.842528e-01 -1.381280e-03 
1.032341e+00 -8.221080e+00 1.405816e+01 -1.440655e+01 -7.668890e+00 -4.394247e+00 9.019215e+00 7.444394e+00 -9.408552e+00 -3.998904e+00 2.695754e+00 -1.151789e+00 7.850395e-01 -1.381304e-01 1.041090e+00 1.788181e+00 -1.592000e+00 3.650845e-01 -4.344873e-01 8.442677e-01 -2.045796e+00 -1.265887e+00 2.741017e+00 1.122791e-01 7.902643e-01 -2.423991e-02 2.825407e-01 6.749178e-02 -4.146110e-01 6.969970e-01 7.874225e-01 2.902561e-01 -1.440325e+00 2.836703e-01 -9.334106e-02 7.340456e-01 -6.531205e-01 6.132833e-01 -3.986551e-03 
1.189140e+00 -9.294945e+00 1.756351e+01 -1.771832e+01 -5.487602e+00 -5.738046e+00 9.976789e+00 5.679312e+00 -1.163812e+01 -1.051653e-01 2.092262e+00 6.807892e-01 7.719691e-01 2.981853e-01 1.119574e+00 1.187531e+00 -6.688895e-01 1.007906e+00 -1.339141e-01 -6.629902e-01 -1.272651e+00 -1.701139e+00 3.451683e+00 -3.172821e-01 1.539945e+00 -2.782209e-02 3.550555e-01 4.071141e-01 -8.813775e-01 1.401994e+00 7.595811e-01 2.588650e-01 -1.547427e+00 -4.178453e-01 4.601234e-01 3.384275e-01 -3.928937e-01 1.021472e-01 -7.303346e-03 
1.674433e+00 -7.504442e+00 1.865145e+01 -1.916252e+01 -3.821752e+00 -5.882427e+00 8.148451e+00 5.057311e+00 -1.294938e+01 4.009774e+00 6.646231e-01 1.917007e+00 7.436848e-01 7.895349e-01 1.759050e+00 -1.570858e-01 1.728022e+00 2.594079e+00 -2.461269e-01 -2.592617e+00 -2.916036e+00 -6.016880e-01 3.592329e+00 -3.448854e-01 1.086052e+00 -4.299368e-02 3.015296e-01 4.596238e-01 -1.056328e+00 1.607393e+00 3.351793e-01 3.221395e-01 -1.155660e+00 -9.475595e-01 8.167254e-01 -1.608298e-01 -1.406252e-01 -4.549250e-01 -6.580876e-03 
2.659172e+00 -5.898825e+00 1.764067e+01 -1.536290e+01 -2.726688e+00 -4.716119e+00 4.969619e+00 4.801387e+00 -1.450624e+01 6.745564e+00 2.053431e+00 4.307886e+00 6.976746e-01 1.045493e+00 2.720275e+00 -1.639390e+00 3.769630e+00 2.409749e+00 2.653366e-01 -3.656393e+00 -4.815931e+00 1.045529e+00 3.015648e+00 -6.451020e-01 1.425576e-01 -5.096493e-02 1.635989e-01 3.232254e-01 -9.192915e-01 1.100738e+00 -3.264869e-01 3.651177e-01 -2.917280e-01 -8.815700e-01 9.253969e-01 -6.637427e-01 1.344073e-02 -7.657933e-01 -8.138856e-04 
4.244661e+00 -1.123424e+00 1.323410e+01 -6.943935e+00 3.921339e+00 -6.135825e+00 -1.440133e+00 -6.696716e+00 -1.098306e+01 1.053758e+01 9.908102e-01 2.464680e+00 6.072176e-01 9.958836e-01 2.538832e+00 -2.079946e+00 4.225788e+00 1.340044e+00 9.766002e-01 -3.437356e+00 -5.011927e+00 1.444379e+00 2.154789e+00 -4.269625e-01 -7.855789e-01 -4.557367e-02 -8.041276e-03 -4.405245e-03 -5.387205e-01 1.863360e-01 -1.016246e+00 1.940001e-01 9.118799e-01 5.961707e-02 4.948527e-01 -9.737660e-01 7.018816e-02 -4.820704e-01 7.801024e-03 
5.131820e+00 1.115932e+00 1.207518e+01 -4.979040e+00 2.690208e+00 -4.284554e+00 -3.510791e+00 -1.252294e+01 -7.393884e+00 1.170894e+01 -1.296154e+00 1.119718e+00 5.853807e-01 1.013174e+00 2.345897e+00 -2.447437e+00 3.585964e+00 2.565811e-03 1.080343e+00 -1.699308e+00 -4.632580e+00 1.902882e+00 8.517907e-01 -2.090674e-01 -1.353196e+00 -3.060252e-02 -1.123494e-01 -2.350991e-01 -2.414822e-01 -2.406296e-01 -1.047571e+00 -1.944699e-01 1.539141e+00 9.238575e-01 3.060520e-02 -1.018683e+00 8.776893e-02 1.702756e-03 1.052671e-02 
5.417484e+00 1.682042e+00 1.103439e+01 -3.225821e+00 1.702926e-01 -1.215169e+00 -4.797874e+00 -1.133962e+01 -9.283834e+00 1.230199e+01 2.045807e-01 -4.170280e-01 5.719765e-01 7.654647e-01 1.924291e+00 -2.446571e+00 2.751524e+00 -1.283487e+00 3.163345e-01 9.884203e-01 -2.709427e+00 1.443856e+00 -1.946712e-01 -2.118766e-01 -5.764084e-01 -1.417178e-02 -9.867392e-02 -2.747190e-01 -1.189343e-01 -1.256021e-01 -8.457756e-01 -3.390433e-01 1.455823e+00 1.050030e+00 5.283346e-02 -9.532326e-01 -3.779320e-02 4.475530e-01 6.850502e-03 
7.138542e+00 4.428061e+00 6.503025e+00 7.074881e-01 -8.382887e-01 -1.774672e+00 -1.848150e+00 -1.603991e+01 -5.841631e+00 1.012201e+01 1.401057e+00 -1.017343e+00 5.622790e-01 5.990070e-01 1.852242e+00 -2.663386e+00 3.303756e+00 -1.516295e+00 -3.768527e-01 1.826398e+00 -1.347843e+00 1.198799e+00 -9.031172e-01 -3.138622e-01 4.657257e-02 -1.403301e-02 -1.335594e-01 -3.449256e-01 1.665481e-01 -7.986774e-02 -3.841787e-01 -1.836023e-01 6.455366e-01 9.979422e-01 1.262437e-01 -5.030532e-01 -3.370826e-01 7.786407e-01 -1.187817e-04 
7.068523e+00 6.841941e+00 3.786968e+00 3.970586e+00 -7.322031e-01 -5.809223e+00 2.670608e+00 -1.848504e+01 -4.539964e+00 1.035750e+01 -1.417217e+00 6.511318e-01 5.478909e-01 7.096398e-01 1.412021e+00 -2.566615e+00 3.738787e+00 -2.129309e+00 1.008514e-02 2.078925e+00 -1.404068e+00 2.060507e+00 -1.734004e+00 -5.636355e-01 7.522542e-01 -1.960415e-02 -1.116961e-01 -3.370544e-01 3.981962e-01 -3.530342e-01 9.056998e-02 1.597690e-01 -3.342581e-01 8.290028e-01 3.759980e-01 -1.607520e-01 -1.496236e-01 6.307073e-01 -5.794551e-03 
7.301300e+00 7.797457e+00 2.381782e+00 7.942008e+00 -4.440200e+00 -3.871683e+00 1.887035e+00 -1.568967e+01 -3.771703e+00 8.165403e+00 -2.054059e+00 8.186960e-01 5.272487e-01 3.732212e-01 8.774577e-01 -1.554526e+00 2.693078e+00 -1.495495e+00 3.155486e-01 9.831160e-01 -2.956075e-01 2.225707e+00 -8.937926e-01 -1.718578e+00 1.875586e+00 -2.848508e-02 -1.957088e-01 -1.575496e-01 5.842087e-01 -8.699425e-01 5.429388e-01 7.248724e-02 -7.159933e-01 8.896771e-01 2.945704e-01 2.450550e-01 2.776726e-01 2.973212e-01 -6.340053e-03 
8.884554e+00 7.057914e+00 2.620947e-01 1.185128e+01 -8.675165e+00 -1.164339e-01 3.729338e+00 -1.853517e+01 -1.636280e-02 4.610609e+00 -8.859072e-01 2.426126e+00 4.914629e-01 3.198825e-01 7.263505e-01 -1.010163e+00 1.291757e+00 -8.410455e-01 7.691156e-01 -2.613182e-01 9.094961e-01 2.810484e+00 -1.003134e+00 -2.575564e-01 1.662653e+00 -3.592697e-02 -4.080705e-01 -3.161095e-02 6.215587e-01 -1.038001e+00 1.009432e+00 -6.773151e-02 -6.149194e-01 8.711968e-01 -2.300543e-01 5.682228e-01 7.404424e-01 -2.664907e-01 -4.703548e-03 
8.096838e+00 8.707162e+00 4.931168e-01 1.023292e+01 -4.344108e+00 -3.043465e+00 2.538125e+00 -1.749301e+01 3.024826e+00 8.526424e+00 -7.457159e+00 7.473317e+00 4.480703e-01 -1.846888e-01 1.407194e+00 -5.206800e-01 1.775782e-01 5.542460e-01 -3.939685e-01 -5.833214e-01 1.943894e+00 2.296769e+00 -4.325782e-02 9.215691e-01 1.078066e+00 -3.756645e-02 -5.413846e-01 -2.775188e-01 4.610969e-01 -6.772286e-01 6.687433e-01 1.567397e-01 -2.218199e-02 2.408222e-01 -6.710477e-01 3.441831e-01 9.792913e-01 -6.705047e-01 -3.725659e-03 
8.270023e+00 1.001827e+01 -3.195093e-01 9.284188e+00 -4.985234e+00 -2.377872e+00 1.038541e+00 -1.303611e+01 6.114367e+00 5.161663e+00 -3.740415e-03 5.636784e+00 4.078575e-01 -1.051783e+00 9.892655e-01 2.422424e-02 -1.936092e-01 1.893035e+00 2.624030e-02 -2.123313e-01 1.832122e+00 8.747545e-01 6.818392e-01 1.818432e+00 -1.814110e-01 -3.858405e-02 -6.217824e-01 -7.743531e-01 1.418650e-01 -2.409158e-01 1.937748e-01 4.713704e-01 3.846097e-01 -4.322370e-01 -9.678043e-01 1.671991e-01 3.199601e-01 -4.841824e-01 -9.956053e-03 
6.684907e+00 1.335276e+01 6.917940e-02 1.011330e+01 -3.513873e+00 -4.710938e+00 3.161131e-01 -8.719701e+00 4.646538e+00 7.673654e+00 2.112820e+00 4.603471e+00 3.812070e-01 -1.647776e+00 -6.415424e-01 2.337861e-01 4.973672e-02 4.812018e-01 1.470599e+00 8.476999e-01 4.475059e-01 -1.617336e-01 -1.539509e-02 2.139779e+00 -5.549078e-01 -4.578438e-02 -4.984854e-01 -1.201720e+00 -5.689129e-01 -2.707695e-01 -4.870383e-01 5.000731e-01 2.181628e-01 -8.099384e-01 -7.365165e-01 -2.335134e-01 6.893982e-02 -1.772275e-01 -1.924782e-02 
4.331440e+00 9.681221e+00 5.955287e-01 1.094300e+01 3.747763e-01 8.487319e-01 3.778783e+00 -1.376166e+01 3.546721e+00 8.446342e+00 3.421680e+00 2.954027e+00 3.319819e-01 -2.057535e+00 -2.121013e+00 -6.780679e-01 1.512080e-01 1.643767e-01 2.193564e+00 9.462978e-01 -5.035708e-01 -7.992844e-01 -1.810174e-01 7.332315e-01 5.809077e-02 -8.159590e-02 -2.132604e-01 -6.255934e-01 -9.784181e-01 -4.048252e-01 -7.796090e-01 -2.342295e-01 7.046120e-02 -1.970629e-01 -5.853579e-02 5.259317e-02 3.269300e-01 1.000041e-01 -1.841954e-02 
1.826762e+00 5.668270e+00 1.204284e+00 9.651250e+00 -4.618162e+00 2.696625e+00 5.406322e+00 -1.489353e+01 3.499904e+00 6.807465e+00 1.529430e+00 6.040124e+00 2.570900e-01 -2.174157e+00 -3.046157e+00 -3.013990e+00 -1.348809e+00 -1.016614e+00 1.022795e+00 -7.171489e-02 -9.380133e-01 -5.487403e-01 -7.794555e-01 1.808906e+00 7.206618e-02 -1.122988e-01 1.747919e-01 6.623723e-01 -4.594223e-01 -2.181201e-01 -1.055130e-01 -7.692419e-01 6.221892e-02 6.518045e-01 3.970864e-01 1.311879e-01 3.155909e-01 5.708075e-02 1.860714e-03 
4.114792e-01 3.256027e+00 -4.277370e+00 1.027103e+01 -3.611119e+00 4.885985e+00 3.224696e+00 -1.246753e+01 2.691351e+00 4.689826e+00 3.954361e+00 5.209223e+00 6.194618e-02 -1.854803e+00 -9.365172e-01 -3.243902e+00 -1.518441e+00 -1.256136e+00 -9.209759e-01 5.995411e-01 1.539709e+00 7.756516e-01 1.326789e+00 3.618510e+00 5.107052e-03 -9.742533e-02 6.770824e-01 1.748963e+00 7.269716e-01 1.373587e-01 1.923938e-01 -9.748178e-01 1.905158e-01 9.322799e-01 2.670986e-01 -4.016306e-01 -3.339097e-01 -3.210922e-01 3.492285e-02 
-2.225789e+00 1.334086e+00 -1.256463e+01 3.705551e+00 -6.604191e+00 -1.616101e+00 2.345852e-01 -1.405716e+01 2.330629e+00 5.654278e+00 1.089063e+01 3.836581e+00 -4.527050e-02 -8.751547e-01 2.078156e+00 -7.804675e-01 -2.061004e-01 6.638942e-01 -8.183688e-01 1.332161e+00 2.684749e+00 1.036211e+00 -1.134142e-01 2.275108e+00 -2.429950e-01 -2.856731e-02 1.081205e+00 1.962224e+00 1.779712e+00 6.644250e-01 3.038224e-01 -6.601492e-01 5.359986e-02 5.779651e-01 -2.701412e-01 -7.908320e-01 -1.533460e+00 -4.387433e-01 5.242085e-02 
-2.916298e+00 7.165900e+00 -8.739669e+00 6.323652e+00 -4.912972e+00 -1.599884e+00 9.362688e+00 -6.481027e+00 8.009690e+00 1.565679e+01 1.683327e+01 4.081501e+00 -3.968451e-03 6.784502e-01 4.061738e+00 1.839922e+00 2.667125e-01 2.860624e-01 -1.760084e+00 1.196849e+00 2.346272e+00 -2.563081e-01 -2.522153e+00 -1.169443e+00 -1.389747e+00 5.115032e-02 9.664448e-01 7.753156e-01 1.308868e+00 4.606470e-01 3.373172e-03 -2.265426e-01 -6.679526e-01 -5.176062e-01 -8.250875e-01 -1.119950e+00 -2.174794e+00 -6.262458e-01 3.878149e-02 
-8.849944e-01 1.410376e+01 -4.671729e-01 1.059470e+01 -6.476422e-01 1.847684e+00 8.998455e+00 -4.461999e+00 6.021884e+00 7.566950e-01 6.465178e+00 5.388650e+00 1.472206e-01 1.965135e+00 4.265820e+00 3.342685e+00 1.080796e+00 -2.686476e-01 -1.858412e+00 -1.022927e-01 1.548741e+00 -1.383452e+00 -2.809105e+00 -3.464426e+00 -1.424148e+00 7.551634e-02 3.369812e-01 -6.730317e-01 -1.992737e-01 -2.473848e-02 -3.009054e-01 9.373022e-02 -7.831560e-01 -9.093723e-01 -3.692374e-01 7.542103e-02 -1.236251e+00 -5.344046e-01 4.597343e-03 
3.133664e+00 1.717974e+01 -1.126896e+00 8.160134e+00 -5.159352e+00 -5.646147e+00 4.826945e+00 -5.533845e+00 -4.357975e-01 -5.471988e+00 3.201624e-01 -2.515781e+00 2.214624e-01 1.557297e+00 1.846267e+00 1.238839e+00 1.413384e-01 -7.729146e-01 -1.533649e+00 -2.022975e+00 -4.803132e-01 -2.139961e+00 -2.924997e+00 -4.385717e+00 -2.535501e+00 4.443823e-02 -3.367752e-01 -1.257453e+00 -1.063139e+00 4.972184e-03 2.193877e-01 9.217517e-01 -1.956937e-01 -7.425590e-01 4.375152e-01 9.275573e-01 1.826947e-01 -7.861552e-02 -2.194431e-02 
4.575018e+00 1.765640e+01 3.421189e-01 8.191212e+00 -7.824174e+00 -8.885139e+00 1.990832e+00 -6.787740e+00 -3.640369e-01 2.173072e+00 1.825465e+00 1.423967e-02 2.196002e-01 3.702831e-01 -1.792580e-01 -1.476373e+00 -2.670140e-01 -3.111475e-01 -4.629554e-01 -9.736567e-01 -4.489268e-01 1.318306e-01 4.650427e-01 -2.298003e+00 -2.342225e+00 -2.227755e-03 -7.095406e-01 -8.761501e-01 -9.573789e-01 8.909677e-02 6.785050e-01 1.257512e+00 4.863900e-01 -2.583914e-01 7.555503e-01 6.061007e-01 8.707898e-01 2.320354e-01 -2.456418e-02 
2.139987e+00 1.462078e+01 -2.949827e+00 8.232843e+00 -5.189333e+00 -3.901415e+00 2.751381e+00 -7.720411e+00 5.028459e-01 3.233840e-01 -2.775416e+00 -5.908585e+00 1.820225e-01 -2.080810e-01 -2.985481e-03 -1.066234e+00 9.655996e-01 1.404245e+00 2.150862e+00 6.540404e-01 -3.678640e-01 1.173631e+00 4.785855e-01 -8.390580e-01 -1.323863e+00 -1.969666e-02 -5.221779e-01 -5.754882e-02 1.609955e-01 3.603079e-01 7.074764e-01 7.788445e-01 6.464786e-01 3.557108e-01 6.090338e-01 4.613557e-01 1.233901e+00 8.931859e-01 -1.165459e-02 
1.463258e+00 1.448662e+01 -6.937696e+00 9.223207e+00 -2.188189e+00 -1.339052e+00 5.168154e+00 -5.613657e+00 6.211839e+00 1.844302e-01 -3.477129e+00 -4.625657e+00 1.558113e-01 -6.999956e-01 8.095457e-01 -2.916341e-01 1.114260e+00 2.035356e+00 2.586789e+00 9.912285e-01 2.002530e-01 7.374212e-01 -1.480353e+00 -8.837607e-01 -8.698921e-01 -1.523564e-02 -2.079470e-01 2.712440e-01 1.127410e+00 4.258812e-01 2.356783e-01 -1.376326e-01 1.006986e-01 4.667562e-01 5.157955e-02 5.780430e-02 8.747429e-01 8.902043e-01 1.123648e-03 
3.649498e+00 1.874936e+01 -2.818358e+00 1.247165e+01 -9.559053e-01 1.335031e+00 6.508835e+00 -7.959845e+00 2.144512e+00 -2.084717e+00 -1.223972e+00 -6.814865e+00 1.548626e-01 -5.185082e-01 1.064187e+00 1.451432e+00 1.252433e+00 1.591195e+00 8.358320e-01 2.268869e-01 9.736238e-01 6.025262e-01 3.545909e-01 1.076685e+00 1.194323e+00 -7.331205e-03 -1.401794e-01 -1.843855e-01 9.702021e-01 7.025935e-02 -3.556153e-01 -9.075673e-01 -2.533425e-01 3.122903e-01 -5.059442e-02 1.843881e-01 4.689285e-01 8.911050e-01 4.469634e-03 
3.206031e-01 1.963997e+01 -1.181674e+00 1.164253e+01 2.356351e-01 1.430534e+00 5.068509e+00 -5.666424e+00 2.502164e+00 -4.024877e+00 -3.368857e+00 -3.882245e+00 1.570235e-01 -5.141010e-01 6.433853e-01 2.901695e+00 1.718923e+00 7.737880e-01 -4.935192e-01 -2.565339e-01 1.214103e+00 6.752423e-01 8.161575e-01 1.117724e+00 8.497750e-01 -2.793092e-03 -2.689949e-02 -5.501042e-01 3.531679e-01 -1.165411e-01 -3.476427e-01 -7.747325e-01 -2.368109e-01 2.911640e-02 9.926581e-02 2.955718e-01 2.978540e-01 7.810944e-01 -8.704426e-04 
1.187391e-01 1.736462e+01 1.429590e+00 1.328493e+01 1.554786e+00 -1.107277e+00 3.935800e+00 -2.826198e+00 5.370283e+00 4.201106e+00 2.554132e+00 -3.087786e-01 1.447611e-01 -1.001947e+00 -8.419460e-01 2.188037e+00 1.014485e+00 2.569922e-01 -8.469241e-01 1.117805e-02 6.866298e-01 9.517378e-01 2.522425e-01 5.049545e-01 2.271889e+00 -3.574285e-03 -6.801300e-02 -5.379012e-01 -4.385566e-01 -3.988163e-01 4.402107e-02 -9.590402e-02 -1.473233e-01 -3.835014e-01 -6.780706e-02 -9.623513e-02 -1.234085e-01 8.472315e-02 -7.348957e-03 
6.576639e-01 1.839595e+01 5.446992e+00 1.741115e+01 4.255129e-01 -2.585546e+00 5.171929e+00 -2.109875e+00 7.975153e+00 1.122477e+00 2.228545e-01 -3.629910e+00 1.468868e-01 -5.927531e-01 -9.877673e-01 1.106023e+00 6.505452e-01 9.642597e-01 -4.455776e-01 -8.481967e-02 4.895050e-01 1.059201e+00 4.854488e-02 8.914009e-01 2.496724e+00 -2.146462e-02 -1.327319e-01 -2.899331e-01 -9.496573e-01 -5.098855e-01 3.376904e-01 3.934038e-01 -2.542845e-01 -6.398543e-01 -4.629380e-01 2.406605e-01 1.086266e-01 -3.574001e-01 -1.217272e-02 
-1.528576e+00 1.516181e+01 4.807275e+00 1.465994e+01 2.340977e-01 -8.912694e-01 6.512609e+00 -6.304255e+00 4.166855e+00 -3.397203e+00 -4.953051e-01 4.418360e+00 1.420732e-01 -8.192168e-01 -8.098860e-01 1.563911e-01 -2.074883e-01 1.716156e+00 3.324024e-01 -5.954901e-01 -5.814724e-01 7.156767e-02 2.571268e-01 5.728636e-01 7.944877e-01 -3.473976e-02 -5.529568e-02 6.860114e-02 -8.635918e-01 -2.723910e-01 1.779865e-01 4.765581e-01 -3.497065e-01 -4.950373e-01 -8.574610e-01 2.275549e-01 1.631374e-01 -1.082967e+00 -1.390045e-02 
-1.819081e+00 1.580264e+01 2.659485e+00 1.420786e+01 5.717105e+00 -9.054597e-01 3.355669e+00 -1.479959e+00 8.400344e+00 1.690634e-02 2.612608e+00 6.237840e+00 5.105411e-02 -1.269206e+00 -8.225262e-01 -8.308013e-01 -2.195168e-01 1.732698e+00 8.838609e-01 -1.224728e+00 -1.351004e+00 -1.199267e+00 2.016919e+00 1.627041e+00 -1.984579e-01 -4.807143e-02 -1.341692e-01 -1.227641e-02 -5.918174e-01 -2.004272e-01 -3.964829e-01 3.437990e-01 6.429127e-02 -6.802785e-02 -1.018948e+00 -1.073185e-01 -1.550851e-01 -7.809811e-01 -8.989111e-03 
-2.739015e+00 1.461206e+01 3.605008e+00 1.384901e+01 7.489810e+00 -2.853660e-01 1.866653e+00 -6.048331e+00 5.515723e+00 6.039539e+00 4.223442e+00 -1.270172e+00 1.897518e-02 -9.401332e-01 -5.816740e-01 -1.161597e+00 8.767278e-02 7.626513e-01 8.711987e-01 -1.167524e+00 -8.684663e-01 -2.206320e+00 4.057650e-01 9.529587e-01 -1.795341e+00 -5.976876e-02 -5.607963e-02 -1.355737e-01 -3.743545e-01 -1.299896e-01 -6.980621e-01 1.602234e-01 7.892819e-01 6.807515e-01 -2.653155e-01 -6.075091e-01 -3.469132e-01 2.407630e-01 -2.831694e-03 
-5.082798e+00 1.455861e+01 1.894016e+00 1.671924e+01 5.461116e+00 1.530767e+00 1.371446e+00 -8.992775e+00 1.304492e+00 6.488867e+00 5.998283e+00 -1.777807e+00 -3.191892e-02 -1.202985e+00 -1.163350e+00 -1.194071e+00 -4.992567e-01 -5.414169e-01 1.004020e+00 5.226805e-01 2.928317e-01 -2.896557e+00 -5.624370e-01 -7.410428e-02 -1.132232e-01 -5.389440e-02 1.224854e-01 -1.469315e-01 -9.685402e-02 -2.152587e-01 -5.162608e-01 -8.408974e-02 1.149964e+00 9.898469e-01 8.870579e-01 -5.856146e-01 -3.923216e-01 6.950924e-01 6.222901e-03 
-4.597505e+00 1.287555e+01 -6.176945e-01 1.384197e+01 4.175406e+00 2.246364e+00 1.666985e+00 -6.890637e+00 -3.316964e+00 -4.604067e+00 2.576518e+00 -5.504861e-01 -1.152785e-01 -1.132695e+00 -1.317330e+00 -1.533635e+00 -7.174662e-01 -6.369803e-01 1.073357e+00 2.477269e+00 2.000570e+00 -4.064430e-01 -1.490788e+00 -3.111752e-01 1.955676e+00 -4.598996e-02 2.279695e-01 1.808049e-01 2.321817e-01 -1.849114e-02 -7.374799e-02 -2.714141e-01 6.998885e-01 4.515467e-01 1.471148e+00 3.568609e-01 3.804342e-02 4.464349e-01 1.480680e-02 
-6.905161e+00 1.085435e+01 -1.199299e+00 1.171465e+01 4.667012e+00 2.848664e+00 6.069113e+00 4.058298e-01 -1.666088e+00 2.526734e+00 3.065798e+00 5.311788e+00 -1.512926e-01 -5.605464e-01 -1.189205e+00 -1.128907e+00 -8.931132e-01 -1.487634e-01 3.622676e-01 2.702651e+00 2.163599e+00 2.336044e+00 3.700016e-02 2.974412e-01 1.401420e+00 -2.384418e-02 4.414636e-01 6.615799e-01 4.882092e-01 3.227285e-01 2.271720e-01 -4.239016e-01 -3.472103e-01 -4.421313e-01 1.086200e+00 5.822617e-01 2.688822e-01 -5.607426e-01 1.668777e-02 
-7.491386e+00 9.877561e+00 -2.516839e+00 1.276424e+01 4.701990e+00 4.422436e+00 1.190402e+01 -7.451678e-01 4.968501e+00 5.666615e-01 4.134357e+00 4.963314e+00 -1.512926e-01 -1.215185e-01 3.351957e-01 -3.314550e-02 1.920740e-01 1.974595e-01 -1.649145e-01 1.241987e+00 4.540541e-01 2.533118e+00 1.890482e+00 9.573557e-01 -3.205508e-01 -7.630190e-04 4.345823e-01 8.122414e-01 6.270679e-01 3.881587e-01 1.989853e-01 -4.193576e-01 -1.135078e+00 -9.038119e-01 -1.757566e-01 4.998947e-01 1.291202e-01 -1.001189e+00 1.329982e-02 
-6.438862e+00 1.011153e+01 -2.801210e+00 1.279239e+01 4.454457e+00 2.254022e+00 9.766176e+00 -1.247121e+00 8.841652e+00 4.088558e+00 6.706849e+00 2.472589e+00 -1.331274e-01 4.986578e-01 1.318254e+00 4.968210e-01 6.596437e-01 1.771513e-01 -4.963136e-01 -5.956981e-01 -1.144848e+00 1.064687e+00 6.581947e-01 6.361313e-01 -1.778832e+00 6.935840e-03 2.774450e-01 6.513844e-01 4.657385e-01 2.934947e-01 6.850398e-02 -2.342295e-01 -1.129426e+00 -7.374891e-01 -9.154065e-01 1.296526e-02 -1.056717e-01 -6.862515e-01 6.379801e-03 
-5.438481e+00 1.492238e+01 1.773531e-02 1.426298e+01 5.269317e+00 1.719070e+00 6.028349e+00 -3.793827e+00 4.094327e+00 4.067347e+00 5.542352e+00 -7.338676e-01 -1.281733e-01 5.106364e-01 1.490160e+00 7.887571e-01 4.468317e-01 1.949210e-01 -5.942051e-01 -1.549019e+00 -8.644019e-01 -6.495849e-01 6.980461e-01 1.651651e-01 -1.460085e+00 5.116484e-03 1.276246e-01 2.482116e-01 1.935737e-01 2.967544e-02 1.270153e-03 -9.563895e-02 -6.534933e-01 -2.356589e-01 -8.079509e-01 -2.344856e-01 -2.055388e-01 -1.960181e-01 9.941143e-04 
