-1.119039e+01 2.842952e+00 -5.207872e+00 -2.042215e-01 2.322011e+00 4.587163e+00 2.299674e+00 1.174761e+01 1.102712e+00 6.199172e+00 5.989597e+00 -5.789195e-01 -1.512926e-01 -1.409883e-02 -8.446646e-03 -2.483927e-01 -3.024905e-02 -1.411724e-01 -1.165159e-01 -4.195988e-01 -1.157407e+00 2.158185e-01 -1.245886e+00 -8.776513e-01 -7.038363e-01 2.656159e-06 -2.884843e-02 -5.629607e-02 1.973031e-01 -1.045146e-01 -5.385403e-02 4.239856e-02 2.755747e-01 -1.318804e-01 -1.601033e-01 2.574198e-01 1.183099e-01 1.769845e-01 7.345552e-07 
-1.109113e+01 2.617798e+00 -6.420431e+00 1.047057e+00 2.372655e+00 1.520114e+00 7.854433e-01 1.069598e+01 2.595740e+00 9.149025e-01 2.761517e+00 -9.142659e-01 -1.512926e-01 -5.333917e-02 -1.297733e-01 2.772764e-01 -1.828225e-01 -1.084541e-01 -1.821143e-01 -9.019317e-02 -1.993218e+00 2.230803e-02 -1.293863e+00 -1.253026e+00 -5.374179e-01 2.656159e-06 -9.863430e-03 -5.797418e-02 2.324086e-01 -4.588045e-02 -9.197935e-02 1.385533e-01 2.691925e-01 2.621488e-01 -3.625352e-01 5.198114e-01 3.111107e-01 2.023186e-01 7.345552e-07 
-1.131051e+01 2.913570e+00 -5.843830e+00 -9.810877e-01 1.590526e+00 5.538144e+00 9.586319e-01 6.486242e+00 1.434563e+00 2.612251e+00 3.215598e+00 -3.930743e+00 -1.512926e-01 -1.388561e-01 -2.292866e-01 4.753089e-01 -4.765916e-01 -4.268402e-01 1.282860e-01 7.933660e-01 -1.398761e+00 -4.881182e-01 6.532381e-02 -9.839109e-02 9.776092e-02 2.656159e-06 5.791303e-02 5.999751e-02 1.076678e-01 1.382368e-01 -7.200605e-02 -3.667441e-02 2.719524e-01 7.475546e-01 -2.686869e-01 4.525871e-01 3.270727e-01 2.705258e-01 7.345552e-07 
-1.139664e+01 2.158940e+00 -3.503893e+00 -7.296972e-01 2.145572e+00 3.201604e+00 2.519336e+00 4.412242e+00 1.047906e+00 1.523826e+00 1.111758e+00 -1.590151e+00 -1.512926e-01 -1.108920e-03 -1.878579e-01 5.518311e-01 -3.641779e-02 -4.583239e-01 4.538118e-01 3.197482e-01 2.739116e-01 -1.245185e+00 6.975779e-01 2.883137e-01 -9.321946e-02 2.656159e-06 9.521856e-02 1.188994e-01 -1.734121e-01 3.158062e-01 -5.525034e-02 -5.667558e-02 1.357428e-01 1.020297e+00 -8.521072e-02 7.214311e-02 6.975354e-02 4.162344e-02 7.345552e-07 
-1.173190e+01 1.926186e+00 -4.289782e+00 -1.698598e+00 3.011362e-01 4.388058e+00 5.399683e+00 7.895518e+00 -5.643716e-01 6.221661e+00 6.322378e+00 2.475576e-01 -1.512926e-01 2.494880e-01 3.206150e-01 1.526126e-01 5.878587e-01 -3.262160e-01 -6.179571e-01 7.351364e-01 1.446862e+00 -4.940593e-01 2.130209e-02 -1.285913e-02 4.265386e-01 2.656159e-06 1.504649e-01 1.925269e-01 -8.563153e-02 3.453911e-01 -9.720034e-02 -1.210893e-01 -6.336800e-02 4.380531e-01 1.887518e-01 -3.882718e-01 -3.473113e-01 -1.268141e-01 7.345552e-07 
-1.088603e+01 2.172557e+00 -4.438171e+00 1.223816e+00 7.254872e-01 4.363965e+00 1.635691e-01 1.136070e+01 -2.630761e+00 2.598248e+00 2.649765e+00 -3.469403e+00 -1.512926e-01 2.286500e-01 1.896498e-01 -4.284509e-01 8.640811e-01 -4.350198e-01 -9.251250e-02 6.175101e-01 1.685485e+00 -4.006990e-01 -9.109377e-01 -9.471171e-01 -4.938099e-01 2.656159e-06 5.985899e-02 9.825860e-02 1.019012e-01 8.841266e-02 -1.222125e-01 -5.574385e-02 6.364206e-02 -2.213497e-01 2.642167e-01 -2.846058e-01 -1.698440e-01 9.176496e-02 7.345552e-07 
-1.031864e+01 4.510233e+00 -4.613542e+00 9.811541e-01 6.695333e-01 1.866958e+00 5.812260e+00 1.024626e+01 8.033841e-01 2.181124e+00 2.382055e+00 -8.582382e-01 -1.512926e-01 4.984612e-01 5.446677e-01 5.372204e-01 7.999262e-01 -9.245597e-01 -2.039804e-01 3.275294e-01 8.570185e-02 3.351126e-02 -1.071840e+00 -1.217179e+00 -3.361340e-01 2.656159e-06 -1.122401e-01 -1.943213e-01 2.510573e-01 -2.311288e-01 -7.042762e-02 1.396092e-01 -4.591173e-01 -7.428207e-01 2.364628e-01 3.826654e-01 1.763763e-01 5.194670e-02 7.345552e-07 
-1.095980e+01 1.815034e+00 -5.484225e+00 2.250763e+00 -2.134762e-01 3.999392e+00 5.400686e+00 1.166459e+01 -1.640026e+00 -1.010739e+00 -1.653753e+00 -3.506299e+00 -1.512926e-01 1.737136e-01 1.914253e-01 8.689564e-01 2.995729e-01 -7.703825e-01 -3.184634e-02 8.417394e-01 -1.522911e-01 -1.880073e-01 -1.789011e-01 4.119039e-02 7.469901e-01 2.656159e-06 -1.752703e-01 -2.356869e-01 1.410534e-01 -3.616717e-01 2.142374e-01 6.854916e-02 -7.419433e-01 -8.850873e-01 3.266630e-01 9.238976e-01 4.742080e-01 1.244445e-02 7.345552e-07 
-9.202780e+00 4.827856e+00 -1.081089e+00 1.787698e+00 -3.852521e+00 3.550722e+00 4.419061e+00 8.171732e+00 -8.920066e-01 2.666990e+00 2.388420e+00 -1.414416e+00 -1.512926e-01 -2.841806e-01 -6.519430e-01 7.592186e-01 -2.854978e-01 -5.107967e-01 4.969950e-02 -1.672637e+00 -1.348347e+00 5.819606e-01 1.568570e+00 3.747743e-01 6.580943e-02 2.656159e-06 -1.613638e-01 -2.706337e-01 -3.318757e-01 -1.829118e-01 4.867607e-01 4.308182e-02 -7.581573e-01 -3.975141e-01 1.459765e-01 4.697237e-01 1.272335e-01 -5.053509e-01 7.345552e-07 
-1.057588e+01 2.970572e+00 -1.859654e+00 2.317975e+00 -8.657269e-01 3.363435e+00 5.068685e+00 1.163691e+01 -2.723510e+00 1.460600e+00 2.852404e+00 5.435479e-01 -1.512926e-01 -2.563065e-01 -3.904354e-01 1.657517e-01 -4.016072e-01 4.293916e-01 1.233538e-01 -2.092045e+00 -2.023256e+00 9.584572e-01 2.388523e+00 6.280270e-01 -6.325439e-01 2.656159e-06 4.604740e-02 4.447492e-02 -3.291104e-01 1.355581e-01 3.467654e-01 -1.884846e-01 -5.047697e-01 -7.154059e-02 -1.368559e-01 -4.272524e-01 -2.878623e-01 -6.220669e-01 7.345552e-07 
-1.193159e+01 6.727960e-01 -2.630126e+00 -4.800526e-01 -1.558411e+00 2.433819e+00 -2.384778e+00 3.518672e+00 4.254995e+00 8.788476e+00 2.002946e+00 -2.554375e+00 -1.512926e-01 -9.339138e-02 -5.175959e-01 -7.705931e-01 2.361034e-01 9.093629e-01 -6.604298e-02 -1.996336e+00 -9.666765e-01 1.903566e-01 -6.897335e-03 -8.743081e-01 -2.172980e+00 2.656159e-06 1.449593e-01 2.685876e-01 -1.487944e-01 3.555703e-01 6.604648e-02 -2.322760e-01 4.965342e-01 5.578657e-01 -6.530928e-01 -1.212840e+00 -3.409433e-01 1.036156e-01 7.345552e-07 
-1.087676e+01 1.940436e+00 -3.880456e+00 1.376134e+00 7.863422e-01 5.174480e+00 -1.657252e+00 3.875249e+00 5.787373e-01 7.871059e+00 1.679006e+00 -6.098879e+00 -1.512926e-01 3.084838e-01 3.466558e-01 -1.178380e-02 7.164426e-01 2.534535e-01 -9.163557e-01 -1.520254e+00 -7.005361e-01 -6.767060e-01 -1.527625e+00 -7.735457e-01 -1.244097e+00 2.656159e-06 8.738725e-02 2.053645e-01 8.773758e-02 1.147236e-01 -3.603137e-01 -1.671790e-01 5.999132e-01 5.263087e-01 -4.880000e-01 -9.480159e-01 -2.137500e-01 7.567720e-01 7.345552e-07 
-9.519114e+00 2.754918e+00 -3.923239e+00 3.438757e+00 -1.313832e-01 2.315174e+00 -2.199553e+00 7.219619e+00 -1.591242e+00 -5.728230e-01 -1.396653e+00 -8.957932e+00 -1.512926e-01 1.581527e-01 3.224750e-01 1.040505e-01 9.331710e-01 -9.255797e-02 -5.919808e-01 5.242650e-01 7.799354e-01 -1.866116e+00 -2.537700e+00 -6.291350e-01 8.895749e-01 2.656159e-06 4.359343e-04 1.116835e-01 1.863769e-01 -4.603080e-01 -6.712658e-01 -5.642712e-02 2.534960e-01 6.630460e-02 2.064914e-01 2.326669e-01 4.647816e-01 1.219949e+00 7.345552e-07 
-1.023984e+01 3.662818e+00 -1.271490e+00 3.941102e+00 -3.123144e-01 -1.159179e+00 -2.625169e+00 6.283472e+00 -3.183645e+00 -1.496605e+00 6.845539e-01 -2.474843e+00 -1.512926e-01 5.491005e-02 2.162825e-01 1.671182e-01 -1.766538e-01 -8.713153e-01 -4.496044e-01 -3.526801e-01 -2.648809e-01 -4.533202e-01 -1.086131e+00 -5.633841e-01 1.620088e+00 2.656159e-06 2.578091e-02 -8.994233e-02 4.814697e-02 -7.018690e-01 -5.550685e-01 1.756362e-01 -2.540843e-01 -1.866717e-01 7.545595e-01 6.731420e-01 4.849750e-01 4.919490e-01 7.345552e-07 
-1.145922e+01 1.423943e+00 -3.414473e+00 2.903243e+00 -1.471826e+00 2.640653e+00 7.205812e-01 6.213753e+00 -3.194486e+00 7.837824e-01 -6.455086e-01 8.166085e-02 -1.512926e-01 3.556050e-02 1.060316e-01 7.199111e-02 -1.618905e+00 -1.884502e+00 -5.816231e-01 -1.312625e+00 -8.530364e-01 1.110889e+00 9.356781e-01 1.344601e+00 2.494642e+00 2.656159e-06 1.973104e-01 -1.463690e-01 7.937431e-02 -4.907859e-01 -3.388226e-01 4.616778e-01 -3.843142e-01 -5.578133e-01 5.945454e-01 3.106280e-01 2.350144e-02 -2.666520e-01 7.345552e-07 
-9.632283e+00 3.687201e+00 -3.299230e+00 7.607511e-01 -2.900079e+00 2.763390e+00 -4.880299e+00 3.053525e+00 -8.859839e-01 1.761879e+00 -1.513709e+00 -2.518298e+00 -1.512926e-01 4.987319e-01 5.250163e-03 2.450068e-01 -1.516778e+00 -1.625997e+00 -4.335482e-02 -1.872355e+00 -8.175370e-01 1.607736e+00 1.014344e-01 6.645243e-01 4.132168e-01 2.656159e-06 3.380367e-01 -1.530396e-01 2.297444e-01 2.775302e-01 2.582515e-01 1.056309e+00 6.281440e-01 -2.156278e-01 -3.989443e-01 -6.202512e-01 -4.356260e-01 -6.528786e-01 7.896762e-03 
-9.645415e+00 3.273310e+00 -2.549572e+00 -3.065533e+00 -8.259809e+00 -2.554284e+00 -7.635268e+00 4.569775e+00 2.814364e+00 2.476463e+00 6.425289e+00 3.537341e+00 -1.512926e-01 9.227982e-01 -3.039426e-01 4.618545e-01 -8.508285e-01 -1.409161e+00 1.513250e+00 -6.373436e-01 -1.732959e+00 7.628725e-02 -1.578282e+00 -1.125425e+00 1.596864e-01 2.656159e-06 6.551338e-01 2.715662e-01 6.801804e-01 1.056502e+00 8.480406e-01 1.491738e+00 1.208573e+00 -2.012364e-01 -8.099596e-01 -8.255206e-01 -9.266356e-01 -9.085371e-01 3.455731e-02 
-8.653542e+00 2.764735e+00 -4.786637e-01 -6.581208e-01 -5.048382e+00 1.221001e+00 -7.808791e+00 3.017868e+00 1.850130e+00 -1.836074e+00 4.716590e-01 -2.136763e+00 -1.512926e-01 1.301265e+00 -3.440185e-01 1.120912e+00 8.269316e-01 1.823066e-01 3.784532e+00 2.450510e+00 -9.032397e-01 -1.930789e+00 -2.930450e+00 -1.506557e+00 -4.767413e-01 3.948213e-02 1.145279e+00 7.648490e-01 7.248632e-01 9.897124e-01 5.665324e-01 6.774669e-01 8.838316e-01 -3.953468e-01 -3.723349e-01 9.303501e-02 -3.543078e-01 -3.522929e-01 6.175813e-02 
-7.334519e+00 3.656237e-01 -2.515268e+00 -6.410996e-01 -7.443780e+00 1.097810e+01 -1.002278e+00 -2.432966e+00 -4.181606e+00 -5.308424e+00 -7.265407e+00 6.894932e-01 -1.512926e-01 2.909848e+00 1.638468e+00 3.035016e+00 2.491669e+00 1.451530e+00 4.963165e+00 2.568784e+00 -1.816351e+00 -1.169648e+00 -1.676023e+00 -2.203165e+00 -1.603161e+00 1.530524e-01 1.365505e+00 8.665849e-01 4.857008e-01 3.690234e-01 2.288229e-02 -9.132476e-01 -1.938279e-01 -5.370065e-01 7.727283e-01 8.403300e-01 6.021554e-01 -8.278228e-02 6.879125e-02 
-4.281650e+00 3.420880e+00 2.288328e+00 3.682728e+00 -2.396494e+00 1.492021e+01 4.055298e+00 2.039145e+00 -7.041788e+00 -8.998034e+00 -2.201197e+00 -3.477875e+00 4.611754e-02 5.231523e+00 2.858329e+00 2.582821e+00 1.760605e+00 -2.237398e-01 1.618964e+00 9.436735e-01 -2.752569e+00 3.690991e-01 6.155316e-01 -5.682132e-01 -4.668541e-01 2.322626e-01 8.522456e-01 1.414282e-01 -1.518969e-01 -5.224543e-01 -8.129609e-01 -2.171769e+00 -9.492186e-01 -1.102865e+00 1.827019e+00 5.876175e-01 1.010841e+00 4.398060e-01 3.787532e-02 
2.717857e+00 1.113756e+01 1.124183e+01 7.221834e+00 -2.327879e+00 1.541207e+01 -7.231031e-01 -4.023192e+00 1.411677e+00 -2.322789e+00 -3.254001e+00 -3.807756e+00 5.152674e-01 5.785218e+00 2.427725e+00 2.159531e+00 5.275421e-01 -1.091701e+00 -1.970040e+00 -8.530135e-01 -3.493225e+00 2.789847e+00 8.503141e-01 1.416203e+00 -2.591174e-01 2.475644e-01 -3.941199e-01 -1.124964e+00 -7.559404e-01 -9.668836e-01 -9.312829e-01 -2.157731e+00 -4.364637e-01 -8.518831e-01 1.657992e+00 -6.125820e-01 1.097480e+00 7.763125e-01 -1.841251e-02 
1.247823e+01 1.167052e+01 5.556762e+00 4.213441e+00 -8.725410e+00 7.099626e+00 -3.229992e+00 -9.949817e+00 8.985428e-01 -2.511756e-01 -4.375059e+00 -2.222308e+00 6.767513e-01 4.124810e+00 -3.152831e-02 7.991615e-01 -8.032606e-01 -2.610787e+00 -3.607697e+00 -5.848203e-01 -5.579286e+00 5.224683e+00 -1.255711e+00 1.737807e+00 1.050477e+00 1.815957e-01 -1.604414e+00 -1.576126e+00 -4.427901e-01 -5.149539e-01 -1.781256e-01 -7.395107e-01 4.002274e-01 -1.909197e-01 9.733719e-01 -1.389443e+00 4.593353e-01 6.978874e-01 -5.219590e-02 
1.321171e+01 8.379654e+00 6.647911e+00 1.731397e+00 -9.737889e+00 5.038106e+00 -1.624486e+00 -1.390409e+01 5.797409e+00 -5.430209e+00 9.027534e-01 -1.234307e+00 7.712137e-01 1.492595e+00 -2.541342e+00 1.470416e-01 -1.060977e+00 -2.011363e+00 -3.212134e+00 1.150784e+00 -4.662604e+00 4.692530e+00 -3.803357e+00 2.131291e+00 1.519758e+00 8.631729e-02 -1.744903e+00 -1.017438e+00 -1.924655e-01 1.243670e-01 2.942520e-01 4.367695e-01 7.460122e-01 6.480287e-01 -1.842092e-01 -9.771058e-01 -3.742917e-01 6.763455e-01 -5.631955e-02 
1.109587e+01 4.642286e+00 8.581221e+00 2.412246e+00 -1.174529e+01 2.068792e+00 1.581843e+00 -2.091695e+01 1.688882e+01 -1.372260e+01 4.409861e+00 4.875201e-01 8.261308e-01 -6.442446e-01 -2.537791e+00 1.375075e+00 -1.969365e-02 -6.544794e-01 -1.457419e+00 1.942914e+00 -3.122477e+00 4.284460e+00 -4.004836e+00 1.370976e+00 2.133081e+00 5.190702e-02 -1.180384e+00 -8.184541e-02 -5.910743e-03 -7.187838e-03 1.385498e+00 5.162773e-01 -1.714071e-02 2.216256e+00 -1.860960e+00 6.008931e-01 -8.929939e-01 1.117268e-01 -3.773640e-02 
1.087185e+01 1.945186e+00 1.046520e+01 2.818137e+00 -1.087453e+01 1.866504e+00 2.624319e+00 -2.185256e+01 1.687918e+01 -1.460353e+01 3.010130e+00 2.435918e+00 8.721762e-01 -5.548037e-01 -1.406451e+00 9.092146e-01 7.575675e-01 -5.984570e-01 -8.614438e-01 1.613249e+00 -1.481523e+00 2.338662e+00 -2.660450e+00 -2.717767e-01 2.581234e+00 3.081361e-02 -5.324731e-01 3.269441e-01 -2.588995e-01 -5.545394e-01 1.967213e+00 -2.804776e-01 -6.059638e-01 3.063527e+00 -2.697654e+00 1.845838e+00 -1.001376e+00 -3.728341e-01 -1.720024e-02 
1.042689e+01 2.198841e+00 1.052378e+01 3.571436e+00 -1.142917e+01 1.398287e+00 4.359548e+00 -2.158805e+01 1.677981e+01 -1.568898e+01 1.425796e+00 6.607933e+00 8.858088e-01 -7.534410e-01 -1.008145e+00 3.884858e-01 -1.748586e+00 3.610321e+00 -2.201525e+00 -9.019056e-01 3.911233e+00 -2.903264e+00 1.177223e+00 -1.525503e+00 1.078161e+00 2.067520e-02 -2.086364e-01 -1.635686e-02 -7.408326e-01 -8.630088e-01 1.930484e+00 -8.555424e-01 -6.617930e-01 3.123780e+00 -2.790859e+00 2.076707e+00 -5.378079e-01 -7.297764e-01 -8.353476e-03 
1.077258e+01 2.569031e+00 1.022276e+01 4.940117e+00 -1.288846e+01 1.065534e+00 5.052637e+00 -2.097655e+01 1.754529e+01 -1.774956e+01 1.035724e+00 8.611812e+00 8.954185e-01 -1.115129e+00 -1.671510e+00 -6.541281e-01 -2.969311e+00 5.692254e+00 -4.242637e+00 -4.566893e-01 7.138317e+00 -5.201964e+00 2.834737e+00 -1.427433e+00 1.828955e-01 1.593892e-02 -2.623165e-01 -3.399819e-01 -8.774438e-01 -3.519092e-01 1.070175e+00 -3.614140e-01 -3.873615e-01 2.114303e+00 -1.754165e+00 1.438420e+00 1.452484e-01 -6.876933e-01 -2.946912e-03 
7.378272e+00 -7.104294e-01 1.064480e+01 -7.391543e+00 7.313751e+00 -8.537916e+00 -4.141739e+00 -1.798579e+00 2.039243e+00 -6.263607e+00 -2.230550e+00 2.790669e+00 9.178702e-01 -1.407266e+00 -2.487146e+00 -1.547482e+00 -2.471151e+00 5.852450e+00 -4.044527e+00 -3.310224e-01 8.186494e+00 -5.899451e+00 3.631084e+00 -7.402059e-01 -3.166717e-01 1.757840e-02 -7.427005e-02 -1.285810e-01 -8.750495e-01 1.044894e+00 -1.011419e+00 9.044368e-01 1.515544e-01 -3.560739e-01 3.697959e-01 2.649830e-02 6.314400e-01 -1.505681e-01 -4.269033e-04 
6.820923e+00 -4.957641e+00 7.133936e+00 -6.546592e+00 8.215548e+00 -1.437836e+01 4.591247e+00 3.943903e+00 -1.760480e+00 -5.142933e+00 -2.298450e+00 5.259168e+00 9.358246e-01 -1.539330e+00 -2.366834e+00 -2.510000e+00 -6.406801e-01 3.631464e+00 -1.747104e+00 -6.089422e-01 6.952418e+00 -4.934105e+00 3.304813e+00 6.180721e-02 -1.598284e-01 1.762866e-02 1.417318e-01 3.725889e-01 -5.596735e-01 1.491288e+00 -1.806223e+00 1.771817e+00 -2.491971e-01 -1.978399e+00 1.543328e+00 -6.529906e-01 5.793226e-01 -6.787677e-02 -3.083640e-06 
5.366329e+00 -6.473552e+00 4.330714e+00 -3.041092e+00 7.281077e+00 -1.110220e+01 2.935256e+00 6.884330e+00 -3.064395e+00 -3.836823e+00 -6.080222e-01 6.701130e+00 9.534978e-01 -9.127027e-01 -1.303218e+00 -3.058794e+00 2.311816e+00 -4.161914e-01 1.072968e+00 -6.801665e-02 2.224067e+00 -1.188151e+00 1.074634e+00 8.870375e-01 4.968943e-01 1.769775e-02 3.359484e-01 6.691124e-01 -1.540215e-01 1.048525e+00 -1.484647e+00 1.396640e+00 -2.163091e-01 -2.557696e+00 1.896833e+00 -7.918820e-01 2.169307e-01 -2.290459e-01 -1.576180e-03 
4.081683e+00 -6.383617e+00 8.294809e-01 -4.385906e-01 5.284708e+00 -6.388209e+00 -1.530537e+00 9.444764e+00 -4.573684e+00 -2.439057e+00 5.335470e-01 5.857435e+00 9.657602e-01 -6.537164e-01 -4.004121e-01 -2.696890e+00 2.095773e+00 -2.044484e-01 2.057766e+00 -1.834098e+00 2.274893e-01 1.591233e-01 8.478898e-01 6.555160e-01 -5.631248e-01 1.586354e-02 4.419796e-01 5.667892e-01 2.351401e-01 2.145506e-01 -5.145755e-01 4.007426e-01 9.181542e-02 -2.172336e+00 1.524587e+00 -4.594101e-01 -2.186517e-01 -4.219222e-01 -3.401277e-03 
4.184424e+00 -6.513770e+00 -1.496966e+00 1.112960e+00 6.698258e+00 -7.168268e+00 -1.420873e+00 6.570862e+00 -2.495250e+00 -2.242165e+00 7.885258e-01 4.975750e+00 9.913741e-01 -1.702483e-01 -1.247004e-01 -2.224093e+00 1.403229e+00 3.471328e-01 1.036141e+00 -7.998418e-01 -1.239539e+00 1.038068e+00 9.000779e-01 4.750545e-02 -1.260229e+00 1.058077e-02 3.751524e-01 2.585189e-01 4.126234e-01 -5.115014e-01 2.713040e-01 -3.523451e-01 2.614305e-01 -1.092635e+00 6.260189e-01 7.849001e-02 -5.365092e-01 -4.301387e-01 -4.550554e-03 
4.143095e+00 -6.939377e+00 -3.436443e+00 1.854910e+00 7.485288e+00 -6.056366e+00 -2.401160e+00 5.238223e+00 -1.249755e+00 -1.701135e+00 2.806902e-01 3.306397e+00 9.961877e-01 2.992827e-01 -1.222485e-01 -1.751716e+00 8.864257e-01 6.767851e-01 2.751014e-01 2.161281e-01 -2.177227e+00 1.575654e+00 1.095177e+00 -6.116757e-01 -1.390845e+00 4.179880e-03 3.146852e-01 7.451323e-02 3.789343e-01 -5.371575e-01 1.628775e-01 -5.189388e-01 5.383343e-01 -5.181070e-01 1.439736e-01 1.891377e-01 -5.331995e-01 -3.480023e-02 -3.920552e-03 
4.484535e+00 -6.819042e+00 -4.656710e+00 2.828175e+00 7.916583e+00 -6.087732e+00 -6.288189e-01 2.790084e+00 4.637037e-01 2.945218e-01 -2.444741e-01 1.675308e+00 9.911985e-01 4.865538e-01 -1.497267e-01 -1.468227e+00 3.589299e-01 4.997668e-01 2.025980e-01 2.140531e-01 -2.036699e+00 1.233785e+00 1.343485e+00 -1.161922e+00 -1.240038e+00 7.815671e-04 2.022465e-01 2.853280e-02 3.367470e-01 -4.540577e-01 2.518924e-02 -2.325244e-01 1.765080e-01 -4.145740e-02 -2.068844e-01 1.493109e-01 -3.242272e-01 2.223857e-01 -2.425729e-03 
5.427742e+00 -6.842159e+00 -6.348741e+00 3.136303e+00 8.059938e+00 -5.552691e+00 -8.461406e-01 4.489188e-01 1.824834e+00 1.768669e+00 -2.008106e+00 5.533869e-01 9.867362e-01 5.912849e-01 -1.529505e-02 -1.180218e+00 -6.780981e-02 5.335654e-01 -1.202973e-01 3.504841e-01 -1.964440e+00 7.812424e-01 1.571888e+00 -1.405702e+00 -7.472361e-01 1.164741e-03 9.388961e-02 3.969228e-02 3.110502e-01 -3.438135e-01 -3.096669e-02 -1.400227e-02 -7.021010e-02 2.607617e-01 -4.034507e-01 4.479853e-02 -5.531799e-03 2.689457e-01 -1.894999e-03 
5.974663e+00 -7.310834e+00 -7.382075e+00 2.266911e+00 8.909866e+00 -6.407301e+00 -1.128324e+00 -1.217944e+00 2.136208e+00 2.740400e+00 -3.876772e+00 1.524471e-01 9.999999e-01 6.950689e-01 -3.550207e-02 -8.260927e-01 -3.899551e-01 5.448316e-01 7.123681e-02 1.537224e-02 -1.553362e+00 4.006718e-01 1.408178e+00 -1.176688e+00 -4.700804e-01 -3.503308e-05 6.659867e-02 3.449012e-02 3.129724e-01 -1.978531e-01 -1.214687e-02 1.039550e-01 -1.425984e-01 4.023348e-01 -4.271274e-01 -2.094481e-02 2.344428e-01 2.058474e-01 -1.828181e-03 
6.354727e+00 -6.770274e+00 -7.974864e+00 1.796864e+00 9.656463e+00 -6.497763e+00 -3.987924e-01 -2.579854e+00 1.820016e+00 4.935496e+00 -4.931344e+00 3.317358e-01 9.975932e-01 6.644885e-01 1.903152e-02 -5.175866e-01 -4.582225e-01 4.994581e-01 2.706624e-01 -3.546515e-02 -1.115396e+00 -2.505111e-02 1.286703e+00 -6.319211e-01 -4.310518e-01 -4.884382e-03 7.808460e-02 -5.885519e-02 3.160412e-01 -1.323138e-01 1.389735e-02 1.183657e-01 -1.601348e-01 4.391802e-01 -3.101032e-01 -1.429640e-01 3.282458e-01 5.668697e-02 -1.102724e-03 
7.496463e+00 -7.032796e+00 -7.974479e+00 1.548092e+00 9.842295e+00 -5.259033e+00 -7.759290e-01 -3.462249e+00 2.469866e+00 5.751920e+00 -4.665756e+00 -5.644343e-01 9.855943e-01 7.828860e-01 5.588355e-03 -2.347281e-01 -4.349183e-01 4.560909e-01 5.269728e-01 -3.059927e-01 -4.495197e-01 -4.986424e-01 1.381254e+00 -3.767182e-01 -3.687100e-01 -5.336653e-03 3.047970e-02 -6.321830e-02 2.456616e-01 -7.963230e-02 2.755690e-02 3.762746e-03 -9.435869e-02 3.786670e-01 -1.713337e-01 -2.257911e-01 2.699279e-01 2.993078e-02 6.288277e-04 
7.989310e+00 -6.886176e+00 -8.640499e+00 1.205049e+00 1.009102e+01 -4.773996e+00 -1.199873e+00 -4.005629e+00 1.532131e+00 6.696494e+00 -4.772911e+00 -1.243600e+00 9.695197e-01 9.379531e-01 -3.300680e-01 1.042607e-01 -7.067541e-01 6.473078e-01 2.436997e-01 -2.895225e-01 -3.203355e-01 -3.195604e-01 8.703473e-01 -1.645135e-01 -5.144171e-01 -1.699641e-03 -3.373707e-02 9.570066e-03 1.396708e-01 -2.879617e-02 -1.765608e-03 -7.854022e-02 -5.048876e-02 2.670037e-01 1.300091e-02 -3.383429e-01 1.749100e-01 9.492514e-02 1.237830e-03 
9.071951e+00 -7.225016e+00 -8.222694e+00 3.880299e-01 1.097322e+01 -4.634895e+00 -2.258062e+00 -2.752821e+00 -2.132481e-01 8.765985e+00 -5.839860e+00 -9.036070e-01 9.873511e-01 7.106297e-01 -1.770358e-01 9.133186e-02 -6.639842e-01 6.087249e-01 1.032962e-01 -3.294661e-01 -5.755604e-02 -3.085269e-01 4.874220e-01 -6.077932e-02 -2.787879e-01 1.516507e-03 -1.407650e-01 1.493153e-01 2.019073e-02 7.305468e-02 -1.032105e-01 -4.145730e-02 2.672923e-02 1.309791e-01 1.474786e-01 -3.734095e-01 1.427346e-01 1.682413e-01 -1.644732e-05 
1.025656e+01 -8.324503e+00 -7.329271e+00 -1.156974e+00 1.232755e+01 -5.591331e+00 -1.105589e+00 -4.536237e+00 1.563449e+00 7.780251e+00 -5.166872e+00 -2.070350e+00 9.882119e-01 5.318832e-01 1.582824e-01 1.785801e-02 -4.875583e-01 4.144214e-01 8.981480e-02 -2.761647e-01 2.394551e-02 -5.526589e-02 4.197316e-02 8.456001e-02 -1.319912e-03 -2.126786e-03 -2.158982e-01 2.107764e-01 -4.730443e-03 1.563331e-01 -2.076302e-01 7.382897e-02 1.563237e-02 9.465389e-02 9.611957e-02 -1.975474e-01 5.444695e-03 3.183498e-01 -5.319037e-04 
9.916279e+00 -7.198732e+00 -8.173360e+00 -5.909088e-01 1.176801e+01 -4.333509e+00 -2.470369e+00 -3.485134e+00 9.111905e-01 7.647434e+00 -4.772557e+00 -1.544783e+00 9.838200e-01 2.822334e-01 5.079738e-01 -9.051329e-02 -1.791213e-01 5.652637e-02 3.967625e-01 -1.791586e-01 3.318796e-02 1.066718e-01 -7.159013e-02 2.122543e-01 2.158877e-01 -5.211022e-03 -2.278587e-01 5.357871e-02 3.469155e-02 1.666908e-01 -2.101800e-01 3.742932e-02 4.472567e-02 3.752183e-02 8.081200e-02 -8.256266e-02 -4.952156e-02 2.330250e-01 7.586463e-04 
1.022605e+01 -6.108112e+00 -8.575747e+00 -7.432269e-01 1.176556e+01 -4.475792e+00 -2.474715e+00 -3.520259e+00 6.931686e-01 7.465393e+00 -4.883602e+00 -9.295710e-01 9.606479e-01 7.263586e-02 3.813206e-01 1.715329e-01 -1.676063e-01 -1.147817e-01 4.663067e-01 -2.865396e-01 1.075476e-01 -4.660885e-02 1.621716e-01 -2.738198e-01 8.300431e-01 -1.002390e-03 -2.423823e-01 -1.391531e-01 5.361007e-02 1.832989e-01 -1.255515e-01 -5.723462e-02 6.013477e-02 5.893552e-02 8.066894e-02 -2.665702e-02 -3.640842e-02 5.837239e-02 2.633380e-03 
1.049835e+01 -5.793656e+00 -8.051950e+00 -7.144218e-01 1.153643e+01 -3.208879e+00 -2.469366e+00 -3.095028e+00 7.552025e-01 8.565699e+00 -4.920027e+00 -3.947114e-01 9.750887e-01 -1.990697e-01 -2.070614e-02 1.880356e-01 9.642136e-03 -1.774404e-01 1.023097e-01 -1.008275e-01 8.822251e-02 9.122490e-02 1.453933e-02 -1.292235e-01 4.707711e-01 4.751500e-03 -1.913601e-01 -2.018728e-01 4.082911e-02 1.716315e-01 -6.927415e-02 -1.503457e-01 3.949348e-02 1.070513e-01 1.277361e-01 -1.202739e-01 -1.593667e-03 -7.756799e-02 1.810559e-03 
1.032840e+01 -7.120831e+00 -6.532590e+00 -1.932967e+00 1.186930e+01 -3.821652e+00 -2.538909e+00 -4.193497e+00 1.408666e+00 8.132027e+00 -6.462277e+00 1.505038e+00 9.875619e-01 -4.395183e-01 -2.730825e-01 1.466212e-01 3.346662e-01 -9.626193e-02 -4.927348e-02 -1.458551e-02 2.909261e-01 3.556892e-01 -1.342413e-01 7.323004e-02 1.631210e-01 6.064342e-03 -7.740258e-02 -8.335572e-02 -3.025863e-02 1.930018e-01 -1.197841e-01 -1.290401e-01 3.052400e-02 1.583748e-01 1.364629e-01 -2.413939e-01 7.771359e-02 -1.606280e-01 -4.956308e-04 
8.869946e+00 -6.796241e+00 -8.255071e+00 5.196980e-02 1.082904e+01 -4.148495e+00 -2.942458e+00 -2.707051e+00 1.009963e+00 7.386890e+00 -4.629330e+00 -4.081033e-01 9.941148e-01 -4.186803e-01 -1.743302e-01 1.260191e-01 4.278827e-01 -2.990537e-01 -9.728030e-02 -1.175572e-01 4.768253e-01 5.441072e-01 -5.246949e-01 3.088197e-02 1.614557e-01 3.104516e-04 9.483887e-02 5.315918e-02 2.302345e-02 6.870920e-02 -1.780042e-01 -7.711156e-02 3.874602e-02 1.168478e-01 3.488930e-02 -2.198673e-01 -4.906072e-02 2.113495e-02 -1.959909e-03 
8.842908e+00 -6.972311e+00 -7.741294e+00 5.464582e-01 1.163772e+01 -4.251685e+00 -2.311223e+00 -2.260000e+00 2.343991e+00 7.383496e+00 -4.662927e+00 -1.071935e-01 9.814483e-01 -2.046175e-01 4.135225e-02 5.117877e-02 5.882699e-01 -6.529361e-01 -7.919554e-02 -1.254681e-01 7.051557e-01 4.093289e-01 -7.750446e-01 3.468958e-02 1.816466e-01 -1.259933e-03 1.715857e-01 9.427307e-02 7.967782e-02 -4.290409e-02 -2.471519e-01 -1.254995e-01 1.378702e-01 3.665488e-02 -1.368559e-01 -1.437045e-01 -9.782651e-02 1.232614e-01 -1.746090e-03 
9.147655e+00 -6.739240e+00 -6.817422e+00 1.850845e-01 1.015719e+01 -3.479808e+00 -3.171148e+00 -1.677769e+00 3.007693e+00 6.316713e+00 -5.665513e+00 1.218614e+00 9.796739e-01 1.578821e-01 8.785376e-02 3.507503e-01 2.262334e-01 -7.890565e-01 -2.682635e-01 1.483017e-01 4.650622e-01 2.389039e-01 -7.643263e-01 -3.552656e-01 5.670418e-01 -1.385564e-03 8.230876e-02 1.892557e-02 1.408173e-01 -9.195442e-02 -1.642839e-01 -2.023363e-01 2.343496e-01 3.370725e-02 -2.440088e-01 7.404463e-04 -7.943460e-02 1.665559e-01 -1.608635e-03 
9.166580e+00 -6.942227e+00 -6.995105e+00 9.418744e-01 8.940497e+00 -4.551707e+00 -3.052122e+00 -1.182287e+00 2.456013e+00 4.792070e+00 -5.770546e+00 1.599875e+00 9.884754e-01 1.301433e-01 6.722400e-02 4.326331e-01 2.207501e-01 -1.087071e+00 -5.913231e-01 5.416431e-01 4.801862e-01 -1.761250e-01 -7.329369e-01 -2.229279e-01 5.766169e-01 -1.818990e-03 -1.012288e-01 -8.562118e-02 2.311608e-01 -1.206465e-01 -6.969911e-02 -2.440779e-01 2.764946e-01 1.003758e-01 -2.812048e-01 1.102774e-01 -3.787475e-02 2.576744e-01 -1.572362e-03 
9.497205e+00 -6.372217e+00 -6.874080e+00 9.855186e-01 8.232701e+00 -5.339494e+00 -1.830775e+00 -9.204422e-01 2.148856e+00 4.860812e+00 -5.851884e+00 1.573365e+00 9.836618e-01 -1.744430e-01 -9.265666e-02 6.393901e-01 1.519344e-01 -9.032620e-01 -8.527302e-01 7.207412e-01 7.576696e-01 -3.833849e-01 -5.421760e-01 -2.374154e-01 7.966346e-01 -7.453531e-03 -2.815863e-01 -1.699886e-01 2.777995e-01 -4.921396e-02 -9.137227e-02 -2.207846e-01 2.281974e-01 2.292914e-01 -3.436511e-01 1.224423e-01 6.413960e-02 2.792690e-01 -3.257211e-04 
9.319146e+00 -6.819992e+00 -5.549362e+00 1.250002e+00 7.164677e+00 -6.278201e+00 -2.730802e-01 -2.381566e-01 1.892891e+00 4.447084e+00 -5.684256e+00 2.598535e+00 9.703630e-01 -5.446553e-01 -2.965024e-01 1.062784e+00 2.239086e-02 -9.443142e-01 -1.007437e+00 9.706485e-01 1.060780e+00 -6.855327e-01 -3.349549e-01 -2.134553e-01 1.355317e+00 -6.090437e-03 -3.004764e-01 -1.812739e-01 3.343864e-01 -4.064206e-02 -1.810396e-01 -1.812171e-01 2.591881e-01 1.907120e-01 -3.775566e-01 8.917397e-02 1.665310e-01 2.359218e-01 1.711286e-03 
8.199039e+00 -7.263967e+00 -4.343356e+00 7.908656e-01 6.528354e+00 -6.880519e+00 -9.571418e-01 1.638927e+00 1.372529e+00 3.778329e+00 -6.895847e+00 4.702444e+00 9.514775e-01 -9.127027e-01 -5.801616e-01 1.424793e+00 7.941744e-02 -1.317334e+00 -1.164117e+00 1.074917e+00 1.321459e+00 -1.224476e+00 -3.510324e-01 -3.923381e-02 1.574190e+00 -8.767594e-04 -1.858069e-01 -9.203998e-02 4.090488e-01 -1.230276e-01 -3.226133e-01 -1.143808e-01 4.293782e-01 -6.902643e-02 -3.620345e-01 6.130048e-02 3.879462e-01 6.124095e-03 2.308834e-03 
7.092066e+00 -7.979013e+00 -2.946563e+00 1.150930e+00 5.071103e+00 -8.818392e+00 1.364522e+00 2.842241e+00 -5.830420e-01 3.658666e+00 -6.315868e+00 6.812092e+00 9.741225e-01 -1.003091e+00 -5.954648e-01 1.711856e+00 5.378290e-02 -1.785267e+00 -1.341841e+00 1.660455e+00 1.151944e+00 -1.643240e+00 -3.824218e-01 5.107340e-01 1.367390e+00 3.451221e-03 -5.243730e-02 1.040062e-01 4.540350e-01 -3.241101e-01 -3.484147e-01 7.736956e-02 4.707182e-01 -4.484908e-01 -1.888587e-01 1.123931e-01 5.405278e-01 -3.269061e-01 -1.233568e-04 
6.047277e+00 -8.693426e+00 -1.051796e+00 1.431998e+00 2.693267e+00 -9.890291e+00 2.724955e+00 4.146673e+00 -2.735556e+00 3.499539e+00 -5.731998e+00 7.337387e+00 9.773725e-01 -8.744095e-01 -4.035404e-01 2.360087e+00 -4.789220e-01 -2.095782e+00 -1.257500e+00 2.522616e+00 3.671763e-01 -1.714703e+00 -2.119493e-01 1.340236e+00 8.211966e-01 -6.757501e-04 5.762826e-02 3.542975e-01 4.637135e-01 -5.903152e-01 -2.242645e-01 3.624173e-01 3.505503e-01 -8.321166e-01 7.487495e-02 2.952897e-01 5.457647e-01 -6.097422e-01 -2.362728e-03 
5.379462e+00 -9.082300e+00 1.364070e+00 1.198066e+00 1.561462e-01 -1.148223e+01 6.188059e+00 4.267483e+00 -4.268936e+00 2.673779e+00 -3.712680e+00 8.117949e+00 9.746495e-01 -8.259680e-01 1.351162e-01 2.865259e+00 -1.318967e+00 -2.297031e+00 -5.738961e-01 2.600428e+00 -7.047372e-01 -1.384547e+00 1.574505e-01 1.799378e+00 9.734461e-02 -6.806533e-03 6.735807e-02 5.601606e-01 3.284175e-01 -7.508598e-01 1.195465e-02 6.910702e-01 -1.065480e-01 -9.937162e-01 2.896101e-01 5.132000e-01 2.368727e-01 -7.826040e-01 -2.719729e-03 
4.683837e+00 -8.729843e+00 5.301994e+00 -1.627021e+00 -1.493064e+00 -1.183589e+01 9.244269e+00 2.761878e+00 -5.358442e+00 3.210990e+00 -1.496734e+00 8.155391e+00 9.478234e-01 -7.131181e-01 8.261287e-01 3.166722e+00 -2.185881e+00 -2.182825e+00 2.639217e-01 2.357524e+00 -1.910876e+00 -9.793631e-01 8.555458e-01 2.045294e+00 -8.395520e-01 -7.566599e-03 1.097261e-02 6.736013e-01 -4.013943e-02 -5.788265e-01 2.623798e-01 8.869202e-01 -6.548934e-01 -7.950111e-01 4.299533e-01 4.950584e-01 -2.582844e-01 -7.845001e-01 -1.492180e-03 
3.643683e+00 -7.284867e+00 8.203115e+00 -3.914412e+00 -4.321390e+00 -1.071535e+01 1.110722e+01 1.144706e-02 -6.194394e+00 4.590510e+00 5.632533e-01 6.889711e+00 9.548857e-01 -7.469460e-01 1.590614e+00 2.950610e+00 -2.847033e+00 -1.682019e+00 1.352953e+00 1.210310e+00 -2.677579e+00 -5.629762e-01 1.649978e+00 1.342651e+00 -1.715252e+00 -6.712310e-03 4.280398e-03 6.261945e-01 -3.570329e-01 -3.756605e-01 5.373313e-01 9.415818e-01 -1.009648e+00 -4.526522e-01 4.547029e-01 2.876205e-01 -6.817592e-01 -6.021051e-01 -1.095088e-03 
3.349365e+00 -5.461150e+00 1.136247e+01 -6.941135e+00 -5.982444e+00 -8.953856e+00 1.205307e+01 -3.279171e+00 -6.669585e+00 6.818703e+00 2.356592e+00 3.753526e+00 9.494221e-01 -8.589840e-01 2.236815e+00 2.116750e+00 -2.609056e+00 -1.091547e+00 2.213788e+00 -5.686355e-02 -2.621494e+00 2.434498e-02 1.517020e+00 2.770766e-01 -2.194836e+00 -8.188471e-03 1.771229e-02 4.462583e-01 -6.075937e-01 -1.408262e-01 7.489634e-01 7.600183e-01 -1.204504e+00 -6.391142e-02 5.047743e-01 -1.194805e-01 -1.014447e+00 -2.390532e-01 -1.352816e-03 
2.311528e+00 -2.763734e+00 1.308688e+01 -1.037986e+01 -6.009400e+00 -6.158646e+00 1.083540e+01 -6.100384e+00 -6.427472e+00 9.119883e+00 1.073918e+00 1.742541e+00 9.402868e-01 -7.317911e-01 2.560889e+00 1.605061e+00 -2.985761e+00 -1.561426e-01 3.159128e+00 -1.240649e+00 -2.612462e+00 3.870922e-01 1.265012e+00 -7.253469e-01 -2.235426e+00 -1.196368e-02 1.250250e-01 1.506578e-01 -6.411816e-01 1.680158e-02 9.072927e-01 3.393725e-01 -1.101125e+00 2.064039e-01 5.545597e-01 -4.616315e-01 -1.021947e+00 2.109037e-01 -8.469048e-04 
1.055078e+00 1.936705e-01 1.344379e+01 -1.143998e+01 -6.106605e+00 -3.045685e+00 9.096156e+00 -7.290393e+00 -5.119944e+00 8.531752e+00 -3.668356e-01 -2.452130e-01 9.141809e-01 -6.320665e-01 2.572387e+00 8.015791e-01 -2.820713e+00 7.988614e-01 3.160772e+00 -2.439348e+00 -2.262929e+00 1.069641e+00 4.506734e-01 -1.992817e+00 -1.774679e+00 -1.169985e-02 3.164888e-01 -2.267509e-01 -5.017714e-01 1.192477e-01 1.001878e+00 -2.778066e-01 -8.001873e-01 3.340190e-01 5.086370e-01 -5.180131e-01 -8.552046e-01 5.700054e-01 3.539176e-04 
1.131554e+00 2.691900e+00 1.518747e+01 -1.659392e+01 -5.039805e+00 2.126523e+00 6.382311e+00 -1.104509e+01 -5.033819e+00 1.005894e+01 -1.701849e+00 -2.287901e+00 9.126877e-01 -2.351979e-01 2.176025e+00 4.022555e-01 -2.657172e+00 1.909277e+00 2.576305e+00 -3.103995e+00 -1.824963e+00 1.687177e+00 -1.250542e-01 -2.632125e+00 -8.708791e-01 -9.193518e-03 4.865469e-01 -5.841061e-01 -4.965780e-01 7.916657e-01 6.515859e-01 -9.362925e-01 -1.849734e-01 5.144315e-01 2.354613e-01 -4.772872e-01 -3.367538e-01 5.445660e-01 7.319190e-04 
7.789138e-01 4.673003e+00 1.432025e+01 -1.793772e+01 -2.472870e+00 2.707931e+00 2.082686e+00 -1.212121e+01 -2.018854e+00 8.602192e+00 -6.219676e+00 -3.104813e+00 9.047294e-01 4.751877e-01 1.295540e+00 2.092684e-01 -2.177108e+00 2.885116e+00 1.116207e+00 -3.126171e+00 -1.345197e+00 1.917522e+00 -3.779559e-01 -3.045668e+00 -2.713088e-02 -7.799016e-03 6.679961e-01 -8.366629e-01 -5.224435e-01 1.664571e+00 -2.993617e-01 -1.013253e+00 4.351853e-01 4.690033e-01 4.762176e-02 -5.091275e-01 5.100282e-01 4.561863e-01 -4.992738e-06 
1.273692e+00 5.876992e+00 1.466020e+01 -2.041714e+01 1.719996e+00 3.846199e+00 -1.178141e+00 -1.280935e+01 4.582832e-01 8.459190e+00 -9.160242e+00 -1.182106e+00 8.990550e-01 1.147145e+00 2.785945e-01 -5.817054e-01 6.509169e-01 2.058671e+00 -5.000773e-01 -1.822296e+00 -4.988827e-01 1.140595e+00 -7.072894e-01 -1.882675e+00 -3.862989e-01 -1.025510e-02 6.042065e-01 -7.930318e-01 -6.585151e-01 2.333536e+00 -1.499824e+00 -5.991919e-01 6.701165e-01 2.456767e-01 1.637161e-01 -8.071675e-01 1.251947e+00 3.205093e-01 -1.035905e-03 
3.359794e+00 5.078977e+00 1.475347e+01 -2.041365e+01 4.938774e+00 1.675126e+00 -2.754559e+00 -1.313453e+01 1.721846e+00 7.442054e+00 -1.186599e+01 -9.336706e-01 8.819790e-01 2.016657e+00 -6.623425e-01 -1.318546e+00 3.848106e+00 -7.726974e-01 -3.672365e-01 -9.043697e-01 -5.808044e-01 1.580916e+00 -1.803749e+00 1.825364e-01 2.638670e-01 -1.119105e-02 2.225605e-01 -4.321106e-01 -6.270517e-01 2.086499e+00 -2.011298e+00 -5.306109e-03 4.660610e-01 1.077449e-01 4.489089e-01 -1.144664e+00 1.606840e+00 3.165590e-01 -4.402670e-04 
5.577218e+00 3.881955e+00 1.206203e+01 -1.210119e+01 1.548050e+00 1.422830e-01 -3.105263e-01 -1.303287e+01 -1.200971e+00 7.103009e+00 -8.292396e+00 -5.304925e+00 8.727559e-01 2.015168e+00 -8.101327e-01 -2.126338e+00 5.997843e+00 -3.761175e+00 3.221218e-01 -8.644260e-01 -9.788597e-01 2.674080e+00 -3.447865e+00 2.013533e+00 5.859838e-01 -1.267977e-02 -2.012323e-01 -1.635686e-02 -2.318875e-01 6.955295e-01 -1.448464e+00 4.591932e-01 3.713612e-02 -7.908306e-02 7.021275e-01 -1.086854e+00 1.216252e+00 3.732316e-01 2.584627e-04 
8.710813e+00 2.358760e+00 9.026390e+00 -2.854732e+00 -6.249961e+00 2.723387e+00 -2.873250e+00 -1.491422e+01 6.715871e+00 2.614235e-01 -5.740839e+00 2.762547e-01 8.619165e-01 1.153910e+00 -3.206832e-01 -2.153773e+00 5.581796e+00 -4.261518e+00 6.787205e-01 -1.274886e+00 -5.663106e-01 3.395331e+00 -4.731003e+00 3.040381e+00 1.069419e+00 -8.791499e-03 -5.531667e-01 2.730346e-01 2.677501e-01 -8.206255e-01 -1.682907e-01 3.488762e-01 -6.555288e-02 -9.033433e-03 1.442597e-01 -4.181023e-01 5.059225e-01 -9.563369e-02 9.724653e-04 
8.673734e+00 3.186226e+00 6.891887e+00 7.926114e-01 -1.149084e+01 4.932644e+00 -5.440988e+00 -1.681418e+01 1.133167e+01 -5.189610e+00 -2.154870e+00 1.142908e+00 8.456838e-01 5.723413e-01 2.604902e-02 -1.323697e+00 3.261665e+00 -3.439085e+00 1.272887e+00 -1.451520e+00 -9.017693e-01 3.744159e+00 -4.677922e+00 2.769669e+00 1.077225e+00 -1.016716e-02 -4.965914e-01 2.570086e-01 6.455134e-01 -1.567512e+00 8.109474e-01 1.556350e-01 7.266904e-02 5.312695e-02 -6.088153e-01 4.085819e-01 -1.166374e-01 -3.746248e-01 7.395553e-04 
7.581436e+00 3.823371e+00 6.570054e+00 1.048366e+00 -9.849389e+00 2.673383e+00 -6.563371e+00 -1.407599e+01 1.243202e+01 -1.006694e+01 2.672516e-01 1.189096e+00 8.515691e-01 -2.776529e-02 2.846820e-01 -3.811502e-01 1.113024e+00 -1.775236e+00 9.016563e-01 -9.387368e-01 -6.648266e-01 1.767297e+00 -3.279434e+00 2.334116e+00 -4.597769e-01 -7.585444e-03 -2.336491e-01 1.468821e-01 6.233912e-01 -1.339345e+00 9.108745e-01 5.904549e-02 1.748981e-01 -4.761275e-02 -1.145009e+00 9.267537e-01 -3.882428e-01 -4.422527e-01 -4.402670e-04 
9.003200e+00 3.279644e+00 6.671807e+00 2.255127e+00 -1.384744e+01 6.531401e+00 -5.722838e+00 -1.796055e+01 1.466102e+01 -1.112269e+01 2.552158e+00 -3.755800e-01 8.271146e-01 1.231071e-01 1.722329e-01 2.149445e-01 3.947086e-01 -9.494071e-01 9.887919e-01 -6.689873e-01 -6.639864e-01 4.439571e-01 -2.130659e+00 1.783498e+00 -5.226391e-01 -9.582973e-03 -8.063003e-02 1.172213e-01 3.652091e-01 -7.162746e-01 7.768896e-01 -1.624582e-01 1.113643e-01 2.657033e-01 -1.400875e+00 8.915284e-01 -3.582040e-01 -1.150688e-01 -9.099050e-04 
8.406839e+00 3.735336e+00 7.230679e+00 1.978860e+00 -1.394791e+01 6.432302e+00 -7.426305e+00 -1.766518e+01 1.388770e+01 -1.316927e+01 3.576317e+00 -1.263278e+00 8.332633e-01 2.103830e-01 3.406529e-01 1.939220e-01 3.186274e-01 -9.518764e-01 1.115714e+00 -7.916715e-01 -9.231949e-01 -6.797614e-01 -1.370933e+00 1.592189e+00 -3.419623e-01 -1.129155e-02 5.857751e-02 5.907455e-02 1.930203e-01 -2.271404e-01 4.519136e-01 -1.956278e-01 6.502198e-02 5.284761e-01 -1.176626e+00 6.702859e-01 -3.038662e-01 4.230571e-01 -2.095455e-03 
8.876512e+00 4.091276e+00 7.636149e+00 2.300954e+00 -1.418888e+01 7.997420e+00 -8.354770e+00 -1.834001e+01 1.282349e+01 -1.429164e+01 5.107957e+00 -2.438465e-01 8.069115e-01 5.003884e-02 5.841517e-01 2.148394e-01 7.736119e-02 3.368529e-02 3.535235e-01 -9.683055e-01 5.560162e-01 -2.036880e+00 -1.174558e+00 1.349709e+00 4.428786e-01 -1.286194e-02 3.551073e-02 -4.274526e-02 1.664130e-01 -1.662442e-01 4.099029e-01 -4.675693e-01 1.088344e-01 7.837932e-01 -1.030989e+00 5.528682e-01 -6.074793e-01 6.518014e-01 -1.583816e-03 
8.696522e+00 5.121094e+00 7.057621e+00 2.618683e+00 -1.443802e+01 7.519203e+00 -9.205667e+00 -1.850180e+01 9.951266e+00 -1.533636e+01 6.950099e+00 -5.865721e-01 8.052250e-01 3.015830e-01 3.741340e-01 5.841007e-01 1.358957e-01 -7.058260e-03 2.413980e-01 -4.640815e-01 1.367251e+00 -2.875256e+00 -4.061553e-01 1.031634e+00 1.172871e+00 -1.642357e-02 -2.256280e-01 -2.124030e-01 1.894119e-01 -3.490519e-01 7.520595e-01 -1.133385e+00 8.499660e-01 9.116684e-01 -9.557391e-01 5.966618e-01 -9.855399e-01 3.501096e-01 -5.242673e-04 
9.108644e+00 5.507435e+00 7.832333e+00 2.322340e+00 -1.343370e+01 7.755584e+00 -9.674747e+00 -1.476201e+01 6.444849e+00 -1.591133e+01 7.613539e+00 1.500392e+00 7.768178e-01 2.550358e-01 -5.816099e-02 8.519281e-01 -3.452660e-01 6.277077e-01 -9.117523e-01 -2.887443e-01 2.109377e+00 -3.613312e+00 1.511981e-01 -9.734917e-01 1.979048e+00 -1.494113e-02 -5.091215e-01 -2.460912e-01 1.149024e-02 -4.676894e-01 8.104010e-01 -1.648881e+00 1.626458e+00 5.685292e-01 -7.879997e-01 6.341614e-01 -1.003848e+00 -4.689035e-01 1.997651e-03 
9.798861e+00 4.898157e+00 1.005279e+01 2.647489e+00 -1.436123e+01 7.760130e+00 -9.086642e+00 -1.261722e+01 2.700535e+00 -1.439009e+01 7.481629e+00 3.728655e+00 7.662068e-01 -1.020411e+00 -4.000739e-01 8.224965e-01 -1.215469e+00 2.511479e+00 -3.918427e+00 3.118399e+00 2.858435e+00 -4.670320e+00 9.495863e-01 -2.173911e+00 6.404158e-01 -1.287450e-02 -3.993408e-01 -1.904185e-02 -3.957805e-01 -4.318541e-01 5.182687e-01 -1.414581e+00 1.574366e+00 5.120041e-01 -5.818483e-01 5.930123e-01 -5.831383e-01 -1.359442e+00 4.114840e-03 
9.600718e+00 3.912039e+00 1.039852e+01 5.604244e-01 -1.108854e+01 3.318431e+00 -9.857633e+00 -1.073535e+01 -1.617140e+00 -1.400903e+01 -2.521359e-02 7.493717e+00 7.517133e-01 -1.834445e+00 -2.591321e-01 1.531382e-01 -1.585594e+00 2.826470e+00 -5.811079e+00 5.372752e+00 2.653001e+00 -5.079238e+00 1.318476e+00 -2.066741e+00 -1.635425e+00 -4.645683e-03 1.066096e-01 1.880799e-01 -5.629783e-01 4.031478e-02 -3.079824e-01 -1.392836e-03 7.056495e-01 6.978783e-01 -4.915925e-02 5.381116e-01 1.836242e-01 -1.573913e+00 3.410383e-03 
3.348593e+00 3.918372e+00 9.887053e+00 -2.577591e+00 -3.053646e+00 -9.854834e+00 6.477598e+00 -6.223856e+00 -9.369562e+00 -1.154024e+01 -1.001865e-01 -3.815927e-01 7.533823e-01 -6.504689e-01 3.793760e-01 -1.045463e+00 -1.403136e+00 1.484865e+00 -4.381890e+00 4.576991e+00 3.655806e+00 -5.051400e+00 1.975229e+00 -1.337537e+00 -3.817076e+00 -9.898271e-04 7.760682e-01 1.443649e-01 -3.913628e-01 7.346388e-01 -9.544131e-01 1.559568e+00 -1.123146e+00 7.635065e-01 5.074925e-01 2.242043e-01 7.942021e-01 -4.670601e-01 -1.163815e-03 
3.161264e+00 4.701503e+00 8.681046e+00 -2.993084e+00 -4.955262e+00 -1.249231e+01 9.407093e+00 -4.693769e+00 -1.291693e+01 -1.074376e+01 1.070735e+00 -4.621661e+00 7.599702e-01 6.031923e-01 4.924169e-01 -1.028855e+00 -4.971484e-02 -3.989062e-01 -6.870080e-01 2.510166e+00 5.199924e+00 -3.668479e+00 2.329062e+00 -4.736730e-01 -3.661794e+00 -3.829083e-03 6.737865e-01 -1.575285e-01 6.386181e-02 1.146328e+00 -4.837353e-01 1.898905e+00 -2.141526e+00 4.735981e-01 9.642159e-01 -2.394899e-01 1.186256e+00 9.355329e-01 -9.886482e-03 
9.766417e+00 6.400135e+00 5.684339e+00 -2.591558e+00 -1.000336e+01 -6.243653e+00 4.165965e+00 2.640535e+00 -1.690697e+01 -6.146490e+00 2.456792e-01 -9.299018e+00 7.571242e-01 1.641032e+00 -5.401813e-02 -5.433393e-01 1.689733e+00 -6.478431e-01 1.317441e+00 -1.065960e+00 5.402418e+00 -2.838251e+00 1.565253e+00 1.000523e+00 -6.817721e-01 -1.909951e-02 -2.413381e-01 -5.420273e-01 3.708745e-01 1.102278e+00 5.816490e-01 1.215822e+00 -1.828975e+00 -7.047615e-01 1.166719e+00 -7.813038e-01 1.038869e+00 1.877740e+00 -2.003524e-02 
9.407597e+00 5.133128e+00 7.355172e+00 3.186357e-01 -9.608419e+00 -1.921963e+00 3.849010e+00 1.083222e+01 -1.619027e+01 -5.060187e+00 -2.566514e+00 -6.356333e+00 7.307022e-01 3.885883e-01 -8.301706e-01 2.213564e-01 2.599553e+00 1.474217e+00 8.337562e-01 -2.513399e+00 4.147546e+00 -1.364856e+00 3.258814e-01 2.695374e+00 1.474485e+00 -4.502342e-02 -9.706470e-01 -6.856322e-01 3.261870e-03 4.742077e-01 1.000481e+00 4.004941e-01 -9.428365e-01 -1.819400e+00 9.984791e-01 -8.567791e-01 4.832573e-01 1.663533e+00 -2.902137e-02 
8.430786e+00 3.432280e+00 7.833104e+00 4.215623e+00 -3.966471e+00 -8.552464e+00 3.926911e+00 1.302490e+01 -2.192389e+01 -6.555975e+00 6.721291e+00 -2.923338e+00 6.725349e-01 -1.749875e+00 -1.669481e+00 1.838311e-01 2.783519e+00 3.456606e+00 9.368393e-01 -2.056252e+00 6.581032e-01 -3.698052e-01 -9.296948e-01 2.272265e+00 3.003473e+00 -8.057065e-02 -1.239000e+00 -6.554681e-01 -6.134951e-01 -3.324439e-01 2.595264e-01 2.182474e-01 1.541993e-01 -1.863008e+00 1.276877e+00 -2.228292e-01 -4.548139e-01 5.714275e-01 -3.497966e-02 
5.772271e+00 2.034488e+00 8.713423e+00 6.601650e+00 -6.031112e-01 -7.169177e+00 -3.040420e+00 1.085191e+01 -1.723280e+01 -8.909348e+00 1.130985e+01 -4.368005e-01 5.771590e-01 -2.554573e+00 -2.127901e+00 -1.376148e+00 1.774313e+00 2.551143e+00 1.505852e+00 -1.708820e+00 -1.524794e+00 8.969718e-02 -7.071618e-01 1.306896e+00 2.813221e+00 -1.181971e-01 -7.158682e-01 -3.516868e-01 -1.088212e+00 -7.436570e-01 -6.858360e-01 7.823917e-02 6.479229e-01 -1.106420e+00 1.028164e+00 3.812902e-01 -1.138708e+00 -4.413047e-01 -3.149747e-02 
2.834889e+00 -3.981904e-01 5.924461e+00 8.184625e+00 2.776585e+00 1.064171e+00 -2.670305e+00 5.921041e+00 -1.823438e+01 -8.870309e+00 4.668729e+00 2.758692e+00 4.310471e-01 -3.082288e+00 -2.682453e+00 -2.812094e+00 4.400831e-01 1.113141e-01 2.072891e+00 -6.973888e-01 -1.076746e+00 2.818703e+00 9.675778e-01 -5.792646e-01 1.505916e+00 -1.574127e-01 6.558598e-03 2.148459e-01 -9.677873e-01 -8.337215e-01 -1.175212e+00 -6.186340e-01 5.842741e-01 1.320195e-01 9.328139e-01 5.998881e-01 -7.924877e-01 -8.224750e-01 -1.542286e-02 
-5.675314e-01 -3.591199e+00 1.428822e+00 7.206122e+00 -2.240951e-01 7.982415e-01 -1.396466e+00 6.760327e+00 -1.758633e+01 -7.439020e+00 4.994083e+00 4.868887e+00 2.604279e-01 -2.524534e+00 -2.082076e+00 -3.721740e+00 5.296040e-02 -2.823859e-01 6.570187e-01 4.662687e-02 -5.169475e-01 2.181817e+00 1.283769e+00 -1.572401e+00 1.678940e-02 -1.640900e-01 4.968938e-01 8.282819e-01 -3.591238e-01 -6.534140e-01 -6.968243e-01 -8.903891e-01 3.669368e-01 4.219279e-01 3.846743e-01 1.556049e-01 -4.590453e-01 -6.023685e-01 7.314487e-03 
-3.810819e+00 -7.167065e+00 -2.585416e+00 6.114145e+00 -3.599707e+00 -2.171982e+00 -3.817410e-01 9.687449e+00 -7.653694e+00 -2.452636e+00 6.982988e+00 1.953533e+00 4.381615e-02 -1.732014e+00 -6.181238e-01 -3.482293e+00 -5.242965e-01 -1.002652e+00 -1.731979e+00 -1.238083e-02 8.141745e-01 3.248161e+00 1.074378e+00 -2.505098e-01 2.893657e-01 -1.347426e-01 6.819501e-01 1.173219e+00 3.181657e-01 -5.536465e-01 -4.256213e-02 -5.176343e-01 2.380868e-01 1.415559e-01 -4.661831e-01 -3.409874e-01 -1.713942e-01 -1.382961e-01 2.901138e-02 
-3.527703e+00 -4.991208e+00 -5.640323e+00 7.901810e+00 1.173118e+00 -2.266080e+00 -3.951499e+00 6.384058e+00 -1.161422e+01 -5.699238e+00 2.290814e+00 4.968406e-02 -4.966247e-02 -7.451870e-01 9.813592e-01 -2.836796e+00 -1.010393e+00 -3.760652e-01 -1.043607e+00 -2.166382e-01 -3.606662e-01 1.798191e+00 1.747411e-02 -1.152635e+00 4.097822e-01 -9.296413e-02 3.995482e-01 9.647968e-01 8.605639e-01 -4.748327e-01 1.873433e-01 3.745920e-01 5.784094e-01 -4.327799e-02 -3.432934e-01 -2.041588e-01 6.659650e-03 -7.045759e-02 3.616095e-02 
-4.344994e+00 -2.788751e+00 -7.952509e+00 5.215075e+00 -2.934795e+00 -6.063185e+00 -1.454975e+00 1.017974e+01 -4.979615e+00 -4.368517e+00 4.767750e+00 6.615039e+00 -8.759149e-02 -5.622458e-01 1.651911e+00 -1.663842e+00 -1.796291e+00 -5.474673e-02 3.351099e-01 6.247726e-01 -4.472091e-01 6.797342e-01 -1.041279e-01 -1.646046e+00 6.180393e-01 -4.791921e-02 4.955963e-02 4.478106e-01 1.121781e+00 -2.555349e-01 5.237932e-01 1.298994e+00 6.226243e-01 -2.635702e-01 -2.588157e-01 2.332485e-02 -1.956095e-01 -4.931843e-01 3.077348e-02 
-4.025957e+00 -8.738325e-01 -1.007121e+01 2.603408e+00 -2.436520e+00 -2.474278e+00 -1.943448e+00 4.711341e+00 -9.932685e+00 -6.393878e+00 3.383344e-01 4.587109e+00 -1.386613e-01 -1.111611e+00 1.606847e+00 -3.280682e-01 -1.685116e+00 1.804547e-01 1.496481e+00 2.620270e+00 -1.025079e-01 1.749473e+00 8.522282e-01 -8.412469e-01 -4.998463e-01 -2.669389e-02 -2.556243e-01 -7.043421e-02 1.102660e+00 6.864967e-02 3.831909e-01 1.097740e+00 1.609264e-01 1.472102e-02 4.569919e-01 4.542267e-01 2.431570e-01 -5.123034e-01 2.147999e-02 
-6.372773e+00 -9.659842e-01 -8.689063e+00 -2.186240e-01 -2.068531e+00 -3.927573e-01 1.737646e+00 8.288284e+00 -5.095853e+00 -2.626190e+00 -2.713512e-01 2.775091e+00 -1.512926e-01 -1.301047e+00 1.308223e+00 8.723200e-01 -1.464687e+00 1.338096e+00 3.492874e+00 1.682242e+00 -6.326881e-01 1.978631e+00 7.736270e-01 -1.384342e+00 -1.721913e+00 -1.399890e-02 -1.846204e-01 -2.562019e-01 6.782245e-01 4.019418e-01 2.093807e-01 4.490684e-01 -6.862291e-01 -3.452179e-02 4.147888e-01 5.667785e-01 3.941466e-01 -3.465519e-01 1.200132e-02 
-8.072245e+00 2.131706e+00 -6.912238e+00 2.193153e+00 1.642396e+00 2.381088e+00 7.553507e+00 6.817273e+00 -2.808430e+00 -2.309634e+00 6.039225e-01 -5.294512e-01 -1.512926e-01 -1.653804e+00 8.010179e-01 1.408500e+00 -8.330077e-01 8.436176e-01 2.866155e+00 5.907684e-02 -1.940921e-01 3.433863e+00 1.849799e+00 -6.765159e-02 -9.818246e-01 -2.528804e-03 9.151649e-02 -3.364159e-01 1.278340e-01 3.878935e-01 -1.332009e-01 -4.155165e-01 -1.150802e+00 -4.379816e-02 -1.816341e-01 4.990253e-01 4.204567e-01 8.254777e-02 6.739849e-03 
-8.826965e+00 2.249508e+00 -5.170486e+00 -1.902853e+00 1.715912e+00 8.973403e+00 2.208064e+00 5.963085e+00 1.351450e+00 -2.542171e+00 -2.286779e+00 5.637725e-01 -1.512926e-01 -1.214041e+00 7.738779e-01 8.589706e-01 -2.128437e-01 6.605803e-01 1.895332e+00 -1.525961e+00 -5.740826e-01 1.911411e+00 2.230938e+00 -6.207948e-02 -8.738973e-01 2.656159e-06 3.375147e-01 -2.680745e-01 -3.442857e-01 4.648620e-01 -2.166759e-01 -1.188295e+00 -4.335888e-01 -2.097826e-03 -6.134648e-01 1.116526e-01 3.618037e-01 1.038790e-01 3.053382e-03 
-1.106795e+01 1.523378e+00 -4.787755e+00 -7.192227e-01 -1.105537e-01 7.173722e+00 -1.882932e+00 4.902935e+00 4.012280e+00 2.813386e+00 1.007786e+00 7.837837e-01 -1.512926e-01 -6.974220e-01 1.920172e-01 3.177449e-01 -3.714489e-01 -1.467284e-01 2.173946e-01 -1.529721e+00 -3.507936e-01 8.751119e-01 2.618584e+00 5.999807e-01 -5.111907e-01 2.656159e-06 4.855028e-01 -2.003205e-01 -4.024913e-01 3.392598e-01 -3.545917e-02 -1.028907e+00 2.679276e-01 -1.891858e-01 -8.517335e-01 -3.806556e-01 5.576060e-02 -9.015604e-02 5.047363e-04 
-1.094512e+01 3.207443e+00 -5.456474e+00 1.737370e-01 2.110856e+00 6.687776e+00 -1.174129e+00 6.375543e+00 1.050315e+00 5.967059e+00 -7.837842e-01 -2.250732e+00 -1.512926e-01 -9.163233e-02 2.723379e-01 -3.037872e-01 6.287094e-01 7.499383e-01 -1.124331e+00 3.088545e-01 -5.650502e-01 1.905263e-01 9.474171e-01 9.078221e-02 -1.437888e+00 2.656159e-06 3.161091e-01 -2.335473e-01 -1.170275e-01 2.911619e-01 -9.021879e-02 -6.627360e-01 5.820892e-01 -1.551147e-01 -4.270559e-01 -6.698099e-01 1.918356e-01 7.886089e-02 7.345552e-07 
-1.050056e+01 2.612732e+00 -5.180507e+00 -7.022014e-01 7.111924e-01 4.611256e+00 1.596220e+00 4.856633e+00 1.717630e+00 6.528457e+00 2.852404e+00 -1.677883e+00 -1.512926e-01 2.124127e-01 5.014526e-02 -2.250530e-02 4.424135e-01 6.216887e-01 -7.685539e-01 4.813385e-01 -1.144383e+00 3.537847e-02 5.882254e-01 1.346162e-01 -1.150637e+00 2.656159e-06 4.139608e-02 -1.008081e-01 6.399670e-02 2.581244e-01 -1.997987e-01 -1.661851e-01 2.383743e-01 2.224424e-01 -2.436512e-01 -5.107671e-01 2.686711e-01 1.570753e-01 7.345552e-07 
-9.568939e+00 3.066523e+00 -6.493277e+00 1.232545e+00 5.054766e+00 4.632621e+00 2.012809e+00 3.161563e+00 3.452168e+00 3.373798e-01 -2.755007e+00 -5.394570e+00 -1.512926e-01 -8.838485e-02 -3.228814e-01 4.439853e-01 8.361161e-01 -1.748167e-01 -9.252337e-01 3.788856e-01 -9.528128e-01 1.959582e-01 -1.031071e-01 1.129703e+00 -1.597243e-01 2.656159e-06 -1.613638e-01 -1.270695e-02 2.288339e-01 -6.398581e-04 -3.005759e-01 2.108556e-01 -1.818111e-01 7.012594e-01 -2.264838e-01 -2.625503e-01 2.998829e-01 4.540268e-01 7.345552e-07 
-1.069368e+01 1.844484e+00 -4.381899e+00 9.636965e-01 1.525587e+00 4.358964e+00 -1.069815e+00 7.879328e-01 2.989023e+00 8.569518e+00 2.666386e+00 -3.397797e+00 -1.512926e-01 -4.921544e-01 -1.436502e-02 2.638220e-01 8.155537e-01 -6.834937e-01 -7.129843e-01 -3.727817e-01 9.553318e-01 -3.458710e-01 5.898842e-01 1.423911e+00 -3.647550e-01 2.656159e-06 -1.275230e-01 1.374846e-01 -1.255414e-02 -3.142286e-01 -5.954537e-03 2.529078e-01 -1.980251e-01 7.769442e-01 -1.462979e-01 -3.744144e-01 -1.246393e-01 2.890128e-01 7.345552e-07 
-1.129081e+01 1.977170e+00 -3.635709e+00 3.521245e+00 8.300434e-01 2.187437e+00 2.052930e+00 3.645869e+00 1.394813e+00 4.430959e+00 4.957658e+00 -2.189785e+00 -1.512926e-01 -5.461438e-01 2.410551e-01 6.970969e-01 4.389864e-01 -1.004289e-01 -9.777352e-02 -1.733227e-01 1.891339e+00 -7.513942e-01 -3.662167e-01 9.454517e-01 4.393400e-01 2.656159e-06 7.476223e-02 1.051808e-01 -1.795834e-01 -6.208526e-01 2.224332e-01 4.265826e-01 -1.583524e-01 1.710323e-01 4.755023e-02 -3.336885e-01 -6.600576e-01 8.728804e-02 7.345552e-07 
-1.210038e+01 3.085840e+00 -5.289968e+00 2.231123e+00 -5.937175e-01 2.268807e+00 -2.877912e-01 9.391543e+00 1.017190e+00 7.431022e+00 6.115495e+00 -5.104046e+00 -1.512926e-01 -1.963634e-01 4.557230e-01 -2.118135e-01 -9.301996e-01 5.548632e-01 8.225208e-02 -2.325898e-01 1.318098e+00 -2.224657e-01 -1.152355e+00 -3.964992e-01 -5.066665e-03 2.656159e-06 1.923269e-01 -1.695271e-01 -1.296736e-01 -3.416705e-01 1.531641e-01 2.850215e-01 4.944040e-02 -5.683035e-01 2.894670e-01 -3.031704e-01 -6.872894e-01 2.264413e-01 7.345552e-07 
-1.159633e+01 3.651417e+00 -2.553426e+00 2.793696e+00 5.612671e+00 5.188118e+00 7.553526e-01 8.316491e+00 6.811232e-01 -9.241741e-01 2.481547e-01 -2.344749e+00 -1.512926e-01 1.375854e-01 -3.195105e-02 -2.161231e-01 -1.395460e+00 3.181185e-01 8.100816e-01 -4.830158e-01 -2.789546e-01 3.719848e-01 -9.004746e-01 -1.260363e+00 9.682422e-02 2.656159e-06 1.283949e-01 -2.938337e-01 -2.029196e-01 1.343081e-01 -2.097550e-01 3.824862e-03 5.863986e-02 -6.193669e-01 3.023425e-01 2.966119e-01 -7.754932e-02 5.084063e-02 7.345552e-07 
-1.152295e+01 3.285977e+00 -5.981813e+00 -3.323907e+00 1.908687e+00 3.270246e+00 -1.584365e+00 5.043437e+00 2.233174e+00 5.485436e+00 3.038421e+00 -3.345595e+00 -1.512926e-01 1.275723e-01 -7.255000e-01 7.209622e-02 2.444711e-02 -1.268196e-01 2.583319e-01 2.924878e-02 -8.009426e-01 5.400333e-01 -6.586741e-01 -9.095982e-01 9.386990e-01 2.656159e-06 2.858120e-02 -1.967126e-01 1.853831e-02 6.585631e-01 -3.683880e-01 -4.189211e-02 1.521869e-01 -5.480844e-02 -1.804340e-02 4.762822e-01 6.829708e-01 1.343220e-01 7.345552e-07 
-1.089105e+01 1.717499e+00 -4.370336e+00 -6.786336e-01 1.169443e+00 5.736795e+00 2.862723e-01 4.425548e+00 2.646933e+00 9.013237e-01 1.944005e-01 -2.584985e+00 -1.512926e-01 -6.605845e-02 -6.375698e-01 -4.593541e-01 6.332332e-01 -8.083480e-01 -1.666600e-01 -1.095427e-02 -1.459894e-01 3.791141e-01 8.699644e-01 8.143213e-01 2.217160e-01 2.656159e-06 -2.742456e-02 1.850173e-01 4.055933e-02 4.792080e-01 -3.054173e-02 -1.215862e-01 2.199179e-01 5.348915e-01 -2.948672e-01 3.353280e-01 9.048049e-01 -6.497994e-02 7.345552e-07 
-1.181495e+01 4.251581e-01 -4.021138e+00 4.089928e+00 9.938208e-01 3.286611e+00 9.302319e-02 7.331382e+00 2.734262e+00 3.224569e+00 1.594485e+00 -2.908551e-01 -1.512926e-01 4.827978e-02 -2.249746e-01 2.511544e-03 1.348259e+00 -7.239286e-01 3.612507e-01 2.922545e-01 9.775977e-01 -3.161655e-01 3.437453e-01 1.980936e+00 6.039890e-01 2.656159e-06 4.215548e-02 3.971314e-01 1.098440e-02 -8.796610e-02 3.824624e-01 1.501067e-01 8.135103e-02 4.968324e-01 -1.930790e-01 -1.808870e-02 2.175173e-01 -2.951990e-01 7.345552e-07 
-1.178018e+01 1.893885e+00 -5.830725e+00 2.253382e+00 2.028355e+00 4.346691e+00 -1.380064e-01 6.442069e+00 2.325923e+00 4.555714e+00 5.041826e+00 -2.763454e+00 -1.512926e-01 4.029641e-02 6.429127e-01 2.153696e-02 3.386416e-01 4.639618e-01 1.506454e-01 4.849697e-01 1.506097e+00 -6.743295e-01 2.748417e-01 1.818416e+00 -6.064351e-02 2.656159e-06 7.106014e-02 2.776075e-01 9.289718e-02 -2.798814e-01 3.977004e-01 2.555166e-01 1.172260e-02 -6.105049e-02 -8.458294e-03 -2.862983e-01 -6.445564e-01 -1.861202e-01 7.345552e-07 
-1.083659e+01 2.073122e+00 -5.239092e+00 1.951364e+00 -2.140414e+00 5.771798e+00 8.934544e-02 8.923204e+00 8.130204e-01 5.377231e+00 1.051945e+01 -2.361939e-01 -1.512926e-01 2.850749e-01 6.199156e-01 -1.135330e-01 -2.680882e-01 1.149348e+00 8.500325e-01 1.879860e-01 8.572358e-01 1.010702e-01 -4.515806e-01 -3.240618e-01 -3.962902e-01 2.656159e-06 -1.892877e-02 4.623694e-02 -7.639147e-02 -3.843515e-01 1.771442e-01 6.103319e-02 -1.166674e-01 -5.589404e-01 3.248747e-01 -1.098543e-01 -1.018972e+00 -3.163722e-01 7.345552e-07 
-1.117919e+01 4.108059e+00 -3.653439e+00 2.084042e+00 5.056808e+00 5.247668e+00 2.713253e+00 1.116112e+01 2.366478e-01 1.199208e+00 4.823980e+00 -2.915412e+00 -1.512926e-01 1.707367e-01 3.279707e-01 6.305652e-02 4.199375e-02 2.435763e-01 8.666376e-01 9.966895e-02 -3.911242e-01 1.282295e-01 -1.639720e-01 -1.256091e+00 -2.086403e-01 2.656159e-06 -4.569762e-02 -2.018308e-01 -5.052606e-02 -1.877930e-01 -2.795705e-01 -1.780492e-01 -2.968043e-01 -4.699045e-01 4.123567e-01 2.415525e-01 -3.962447e-01 -2.474276e-01 7.345552e-07 
-1.068982e+01 2.417345e+00 -5.677324e+00 2.834285e+00 5.226304e+00 7.086442e+00 -3.931085e-01 9.258492e+00 4.284506e+00 2.644924e+00 8.300207e-02 -2.196071e+00 -1.512926e-01 -1.115231e-01 1.636090e-01 -4.001756e-01 -4.251855e-01 2.719733e-01 3.086405e-01 -9.849315e-02 -8.683705e-01 9.068544e-01 1.377374e-02 -1.576673e+00 -9.037672e-01 2.656159e-06 -6.938142e-02 -1.548855e-01 1.173462e-01 -9.874050e-02 -2.514015e-01 -5.383809e-01 -2.547743e-01 1.261242e-01 1.619993e-01 4.452882e-01 4.931026e-01 -2.699702e-01 7.345552e-07 
-1.099997e+01 3.361346e+00 -5.296521e+00 2.022068e+00 -4.372917e-01 8.022422e+00 6.015558e-01 4.319107e+00 1.230996e+00 5.101836e+00 3.979473e+00 -2.826861e+00 -1.512926e-01 1.012194e-02 -1.381436e-01 -8.778036e-02 -5.218291e-01 -4.952092e-01 -4.686756e-01 -8.558666e-01 1.953435e-02 9.844283e-01 1.249827e+00 4.635567e-01 -1.044166e+00 2.656159e-06 4.612635e-03 -9.422153e-02 1.991916e-01 -3.409408e-02 1.810903e-01 -5.520463e-01 -2.333281e-01 6.736904e-01 7.830843e-02 2.856635e-01 6.559486e-01 -2.017630e-01 7.345552e-07 
-1.148355e+01 3.264444e+00 -6.418504e+00 -1.431196e-01 1.966275e+00 5.927719e+00 6.523756e-01 8.002491e+00 4.850038e+00 3.494872e+00 3.058226e+00 -4.799310e+00 -1.512926e-01 1.851125e-02 7.855345e-02 5.485725e-01 -4.798816e-01 2.616331e-01 -1.174310e+00 -6.080343e-01 1.282388e+00 4.828289e-01 1.067871e+00 1.281636e+00 -1.328503e+00 2.656159e-06 5.995392e-02 -4.908016e-02 2.642092e-01 1.069256e-01 3.413623e-01 -3.604822e-01 -1.383436e-01 7.422662e-01 -6.031804e-02 9.340524e-02 4.473114e-01 -1.636585e-02 7.345552e-07 
-1.073153e+01 2.993689e+00 -3.721660e+00 9.641329e-01 4.210557e+00 3.483898e+00 -2.088552e+00 1.188652e+01 4.875935e+00 7.023658e+00 5.653987e+00 -6.834619e+00 -1.512926e-01 1.289255e-01 -1.006042e-01 5.846263e-01 -1.009839e-01 1.154133e+00 -1.152115e+00 -8.121620e-01 1.901842e+00 7.316765e-01 7.372612e-01 5.944085e-01 -1.005034e+00 2.656159e-06 3.479879e-02 -1.039954e-02 1.380858e-01 1.220455e-01 4.191307e-01 -1.344441e-01 -1.167853e-02 4.383999e-01 -2.569719e-02 -1.356122e-01 -4.252509e-02 4.014869e-02 7.345552e-07 
