-1.143460e+01 1.322327e+00 -4.213328e+00 7.413154e+00 2.977374e+00 6.102445e+00 1.995265e+00 7.112087e+00 4.346924e+00 2.144536e-01 2.892767e+00 -1.322181e+00 -1.512926e-01 -4.845867e-02 3.834492e-01 -1.586003e-01 -1.534753e+00 -9.456345e-01 4.648698e-02 1.132041e+00 -8.289071e-01 -9.865896e-01 1.286292e+00 -8.399819e-01 -1.309544e+00 -2.836190e-06 -2.453713e-02 3.650630e-02 -7.960737e-02 1.295638e-01 2.815528e-01 4.096234e-02 -3.527210e-01 -1.449716e-02 -1.519152e-01 8.523592e-02 -4.077928e-02 4.003631e-01 3.314976e-07 
-1.200216e+01 2.749795e+00 -3.417381e+00 2.686131e+00 1.527256e+00 4.071302e+00 4.579908e-01 3.099665e+00 2.395128e+00 2.714214e+00 2.759606e+00 -5.450053e+00 -1.512926e-01 1.040049e-02 4.617990e-01 -8.110555e-01 -1.842157e+00 -3.606935e-01 3.325516e-01 4.805939e-01 -1.256703e+00 -1.365793e+00 1.594226e+00 -1.148863e+00 -7.430340e-01 -2.836190e-06 -3.277937e-02 -4.957313e-02 9.947796e-02 4.993749e-01 3.025541e-01 9.158064e-03 -3.202071e-01 2.567579e-01 8.771807e-02 -3.381145e-01 8.994439e-02 6.725963e-01 3.314976e-07 
-1.139320e+01 2.525871e+00 -5.404598e+00 2.102844e+00 -1.025955e+00 7.350965e+00 8.423832e+00 4.973907e+00 3.893310e-01 5.396163e+00 -1.240528e+00 -5.806108e+00 -1.512926e-01 -2.005926e-01 5.267208e-01 -2.304199e-01 -7.332872e-01 1.697077e-01 1.083186e-01 -3.057820e-01 -6.875407e-01 -1.556578e+00 1.558561e+00 -8.894520e-01 4.090139e-01 -2.836190e-06 -8.452226e-02 -1.126215e-01 3.716657e-01 7.308297e-01 3.192173e-01 -1.942938e-01 -3.774690e-01 4.399538e-01 4.235011e-01 -8.621907e-01 3.008084e-01 6.847293e-01 3.314976e-07 
-1.140365e+01 3.029414e+00 -7.673161e+00 8.576521e-01 3.175737e+00 7.141164e+00 1.183916e+00 1.897686e+00 -5.035072e-01 5.594826e+00 -7.844402e-01 -2.795532e+00 -1.512926e-01 -1.361394e-01 6.389058e-02 3.747167e-01 5.614932e-01 9.478079e-03 6.138618e-02 2.499224e-01 3.844146e-01 -2.631338e-01 -5.403527e-01 -3.654620e-01 1.194253e+00 -2.836190e-06 -4.938871e-02 -2.443422e-01 4.294806e-01 5.707905e-01 1.272056e-01 -2.162922e-01 -7.477455e-02 5.765871e-01 4.092201e-01 -9.630390e-01 7.316697e-01 4.929484e-01 3.314976e-07 
-1.273693e+01 3.816390e+00 -3.237895e+00 4.661020e+00 3.001565e+00 5.109286e+00 1.032894e-01 4.275434e+00 -1.987147e+00 6.566821e+00 2.177311e-01 -6.041759e-01 -1.512926e-01 -3.978437e-01 1.917209e-02 1.106847e+00 9.176449e-01 4.653110e-01 -7.894644e-01 -6.399943e-01 5.504277e-01 5.795894e-01 -1.957206e+00 2.724817e-01 1.145567e+00 -2.836190e-06 1.226991e-01 -2.148456e-01 -2.223953e-02 -1.308633e-01 -1.132956e-01 3.193739e-02 2.209222e-01 4.190193e-01 1.653654e-01 -4.580223e-01 7.260493e-01 -1.086609e-01 3.314976e-07 
-1.201101e+01 2.424018e+00 -2.627492e+00 4.214728e+00 -4.392227e-01 5.499128e+00 5.868154e+00 5.370735e+00 2.267906e+00 -5.734143e-01 2.030711e-01 -2.079820e+00 -1.512926e-01 -1.379635e-01 -5.061162e-01 6.676997e-01 1.863153e-01 1.273907e-01 -3.001322e-01 2.739075e-01 1.007272e+00 -3.878861e-01 -1.463042e+00 1.928502e+00 1.353568e+00 -2.836190e-06 2.132387e-01 -6.690379e-02 -3.441254e-01 -4.294433e-01 -1.342158e-01 1.073912e-01 8.147964e-02 2.420814e-01 -6.528617e-02 5.005054e-01 3.846623e-01 -5.438861e-01 3.314976e-07 
-1.307860e+01 2.924891e+00 -2.393479e+00 5.012687e+00 3.108443e+00 4.224519e+00 2.881491e+00 5.989657e+00 1.901801e+00 -1.305560e+00 -3.719252e-01 -4.361392e-01 -1.512926e-01 4.139020e-01 -2.624435e-01 -4.880542e-01 -1.200114e+00 -4.559070e-01 4.487653e-01 7.868729e-01 1.096176e+00 -6.672882e-01 -2.703040e-01 1.593655e+00 -2.138734e-01 -2.836190e-06 2.638161e-01 -1.139109e-03 -3.181929e-01 -3.180756e-01 -3.345794e-01 9.355003e-02 1.339626e-01 -1.137314e-01 1.968126e-02 7.455859e-01 -1.329633e-01 -6.070303e-01 3.314976e-07 
-1.192298e+01 9.450517e-01 -4.757086e+00 1.613241e+00 3.759391e+00 6.082603e+00 1.163878e+00 6.077024e+00 -4.386964e+00 2.216103e+00 9.152978e+00 3.888268e+00 -1.512926e-01 5.240805e-01 -1.297664e-01 -5.484650e-01 -5.267342e-01 -2.010801e-01 -2.066583e-02 -5.606052e-02 1.321869e+00 3.401323e-02 1.118657e+00 8.970118e-01 -8.453640e-01 -2.836190e-06 1.124171e-01 1.901485e-01 9.909964e-02 2.228931e-01 -2.082474e-01 -2.742601e-01 -2.594464e-01 -6.615310e-01 4.949061e-01 3.677416e-01 -8.701344e-01 -4.337752e-01 3.314976e-07 
-1.071108e+01 3.244183e+00 -4.613574e+00 -3.869802e-02 -1.377379e+00 7.061432e+00 6.389835e+00 9.402929e+00 -1.995842e+00 3.820912e+00 3.711282e+00 -4.657693e+00 -1.512926e-01 5.901146e-01 -1.746081e-01 1.240026e-01 -3.163261e-01 -1.043416e+00 -4.614692e-01 1.947467e-01 -1.752415e-01 4.672048e-01 4.800318e-01 1.233328e-01 -7.902009e-01 -2.836190e-06 -6.807943e-02 1.388452e-01 3.212452e-01 6.668879e-01 2.446992e-01 -3.568297e-01 -6.322461e-01 -1.055935e+00 4.163157e-01 -4.263036e-02 -6.327744e-01 2.278472e-01 3.314976e-07 
-1.057402e+01 1.615298e+00 -4.259903e+00 4.106451e+00 7.980180e-01 3.977240e+00 3.833806e+00 1.027338e+01 4.386281e+00 2.456437e+00 2.646806e+00 -4.195838e+00 -1.512926e-01 3.359500e-01 4.008192e-01 8.572549e-01 8.588251e-01 -6.201423e-01 -1.216433e+00 -7.272487e-01 -1.664606e+00 1.519533e+00 5.773776e-04 -1.686882e+00 -5.272401e-01 -2.836190e-06 -1.573703e-01 1.031892e-01 3.296154e-02 3.124394e-01 3.158928e-01 6.690907e-02 -4.274345e-01 -8.282623e-01 4.810852e-02 -2.948122e-01 -3.355975e-01 3.090388e-01 3.314976e-07 
-1.080273e+01 1.716388e+00 -2.022012e+00 2.184759e+00 -6.283494e-01 2.969752e+00 2.520462e+00 3.015058e+00 -1.488432e-01 9.742181e-01 3.497898e+00 -3.450783e-01 -1.512926e-01 1.677636e-01 1.663859e-01 4.153023e-01 1.441551e+00 9.771215e-01 -7.376365e-01 -2.038830e+00 -2.690261e+00 6.715404e-01 7.551382e-02 -2.782124e-01 7.662074e-01 -2.836190e-06 -1.950431e-01 -4.123300e-02 -3.510728e-01 -2.078612e-01 3.318667e-01 4.380602e-01 -9.022076e-02 1.017231e-01 4.514454e-02 -1.764145e-01 2.842147e-02 2.283691e-01 3.314976e-07 
-1.019739e+01 3.713011e+00 -1.766794e+00 4.795661e+00 2.842970e-01 2.046405e+00 -5.375636e-01 9.476902e-01 2.286669e+00 3.642600e+00 8.253051e-01 -9.045456e-01 -1.512926e-01 -5.149892e-02 2.156624e-01 -5.293879e-01 1.564702e-01 3.682488e-01 4.519580e-01 -1.076464e+00 -1.561794e+00 1.723162e-01 -1.533199e-01 -5.799558e-01 -7.824308e-02 -2.836190e-06 -7.740397e-02 -2.078445e-01 -4.097476e-01 -8.666564e-01 -1.998144e-01 4.791931e-01 4.128904e-01 5.980431e-01 -1.649837e-01 -2.791809e-01 3.984121e-01 2.447639e-01 3.314976e-07 
-1.006072e+01 3.027125e+00 -3.783547e+00 6.823747e+00 3.765109e+00 4.338789e+00 -1.618893e+00 6.138582e-01 2.411145e+00 3.605775e+00 3.230353e+00 -2.472233e+00 -1.512926e-01 -1.914718e-01 -2.881906e-01 -9.380491e-01 -1.004505e+00 1.217416e-01 8.945706e-01 -8.172360e-02 2.819547e-01 1.366604e+00 -3.249798e-01 -2.879342e-01 1.273279e-01 -2.836190e-06 5.264012e-02 -1.364942e-01 -6.285788e-02 -8.287342e-01 -8.164333e-01 6.682229e-02 6.783774e-01 4.324293e-01 -2.359396e-01 -5.513610e-01 3.127517e-01 4.685518e-01 3.314976e-07 
-1.120227e+01 2.038350e+00 -6.025982e+00 2.568909e+00 4.426357e-01 5.552772e+00 5.209160e-01 3.664789e+00 3.968006e+00 3.743530e-01 -1.194480e-01 -3.523691e+00 -1.512926e-01 1.286053e-01 -4.110124e-01 -5.148930e-01 -2.251409e+00 -1.191525e+00 3.635206e-01 3.586943e-01 -1.604535e-01 3.469694e-01 -1.195075e+00 3.100150e-01 1.016010e+00 -2.836190e-06 1.562092e-01 1.829571e-02 3.488286e-01 -4.094793e-02 -6.641536e-01 -4.175746e-01 9.398168e-02 -3.037812e-01 -3.093655e-01 -1.473966e-01 5.323474e-01 6.553316e-01 3.314976e-07 
-1.125734e+01 1.112518e+00 -4.582523e+00 -1.724062e+00 -9.879458e-02 5.689088e+00 1.582208e+00 3.066558e+00 5.843378e+00 9.834244e-01 2.530747e+00 1.600937e+00 -1.512926e-01 3.409360e-01 -2.026957e-01 9.370365e-02 -1.498193e+00 -2.325253e+00 -3.591969e-01 6.355594e-01 -1.228888e+00 -5.954481e-01 -2.160506e+00 8.405272e-01 2.561892e+00 -2.836190e-06 2.083267e-01 2.676583e-01 5.350677e-01 6.560002e-01 -3.913802e-01 -3.806504e-01 -3.520809e-01 -7.046666e-01 -4.926382e-01 1.681674e-01 4.203416e-01 6.476822e-02 2.381088e-03 
-8.956152e+00 2.615135e+00 -3.941449e+00 -2.186831e+00 -3.741463e+00 3.189107e+00 -3.445695e-01 -1.080592e+00 2.305890e+00 -1.021617e+00 2.725399e+00 2.138786e+00 -1.512926e-01 4.633971e-01 2.643231e-01 6.988403e-01 1.986264e-01 -1.729014e+00 -1.009121e+00 -9.652244e-01 -2.325138e+00 -3.934785e-01 2.749899e-02 1.517481e+00 1.981010e+00 -2.836190e-06 2.732239e-01 4.190050e-01 6.705425e-01 8.645725e-01 3.233121e-01 2.162547e-01 -7.771872e-02 -2.157467e-02 -2.367030e-01 4.628761e-01 9.340694e-02 -6.555191e-01 1.491963e-02 
-9.479095e+00 1.725543e+00 -4.357219e+00 1.710691e+00 -5.769078e+00 3.724450e+00 1.991398e+00 -3.158076e+00 2.653129e-01 -6.498414e+00 6.010452e+00 7.505806e+00 -1.512926e-01 6.827813e-01 7.123703e-01 1.130413e+00 1.050704e+00 -1.566422e+00 -3.224810e-01 -1.180103e+00 -2.159125e+00 -7.264380e-01 -9.545229e-02 1.209954e+00 -3.137977e-02 1.190033e-02 6.180655e-01 6.213874e-01 9.265997e-01 5.359131e-01 8.186668e-01 7.161415e-01 1.942114e-01 8.215436e-01 9.481366e-02 1.560868e-01 -5.931307e-01 -1.155628e+00 3.823904e-02 
-9.774129e+00 3.053447e+00 -2.644532e+00 1.844391e+00 -5.367514e+00 1.489752e+00 -4.509938e+00 -4.848848e+00 4.789911e+00 4.252640e+00 5.727434e+00 3.429033e+00 -1.512926e-01 1.323908e+00 1.226448e+00 2.319458e+00 7.970209e-01 4.573518e-02 1.426365e+00 8.779768e-01 1.969236e-01 -7.710692e-01 8.689305e-02 5.921918e-01 -9.650021e-01 6.864640e-02 1.050075e+00 7.865068e-01 9.240202e-01 1.953510e-01 7.360401e-01 7.032115e-01 4.940043e-01 1.000791e+00 2.205134e-01 -8.121952e-01 -1.114520e+00 -8.059432e-01 5.848463e-02 
-7.434755e+00 4.455356e+00 4.211145e-01 1.513438e+00 -7.118035e+00 4.926307e+00 -2.235842e+00 -5.845286e+00 9.691495e-01 -2.131222e+00 7.079815e+00 7.987505e-01 -9.177265e-02 3.001030e+00 2.423130e+00 3.916416e+00 8.822038e-01 8.806756e-01 2.003709e+00 6.849115e-01 1.617982e+00 6.745975e-02 -1.409754e+00 -1.662516e+00 -1.743156e+00 1.568729e-01 1.184115e+00 5.173652e-01 3.834625e-01 7.908104e-03 3.409483e-01 -1.447434e-01 1.524810e-01 9.732758e-02 5.485272e-01 -8.090526e-01 -8.541264e-01 -2.028943e-03 5.662868e-02 
-3.359339e+00 7.382389e+00 5.266471e+00 1.897117e+00 -2.838493e+00 9.720142e+00 6.158875e+00 1.247955e+00 -1.901570e+00 -2.770820e+00 5.151623e+00 6.670726e-01 1.621709e-01 4.554717e+00 3.341399e+00 3.925861e+00 1.259620e+00 7.277384e-01 1.343781e+00 5.722901e-01 7.902048e-01 3.121248e-01 -3.376419e+00 -2.618816e+00 -1.192841e+00 2.199368e-01 6.805066e-01 -1.104791e-01 -5.274067e-01 -2.029710e-01 -4.552355e-01 -1.256244e+00 -3.282716e-01 -1.354084e+00 7.071899e-01 -5.271591e-01 1.331008e-01 5.633551e-01 2.331475e-02 
2.318669e+00 1.167662e+01 1.126940e+01 6.095463e+00 -2.630014e+00 9.628285e+00 8.184558e-02 1.883432e+00 3.948328e+00 -1.003558e+01 -2.013841e+00 1.708238e-01 4.763546e-01 4.987891e+00 2.241792e+00 2.244459e+00 8.589495e-01 -2.027235e-01 -1.005077e+00 -2.648198e-01 -1.969169e+00 1.474579e+00 -2.409184e+00 -1.455282e+00 7.236730e-02 2.193989e-01 -3.239216e-01 -8.824777e-01 -1.327323e+00 -5.626787e-01 -6.857225e-01 -1.633860e+00 8.152231e-02 -1.794902e+00 5.703977e-01 2.052661e-01 1.145870e+00 8.751621e-01 -2.182299e-02 
8.122488e+00 1.614976e+01 1.156059e+01 5.851603e+00 -3.972814e+00 5.857738e+00 -2.807090e+00 -4.762401e+00 4.860844e+00 -8.677406e+00 -2.819732e+00 -2.221324e+00 6.643307e-01 3.732999e+00 7.647267e-01 5.183560e-01 -2.062723e-01 -1.688854e+00 -3.350317e+00 -2.886075e-01 -4.779949e+00 2.061345e+00 -2.049212e+00 1.153961e+00 9.440451e-01 1.539543e-01 -1.177076e+00 -1.302163e+00 -1.263902e+00 -6.563771e-01 -3.954345e-01 -1.054398e+00 4.732672e-01 -8.972495e-01 3.328752e-01 6.865706e-01 1.115711e+00 7.357404e-01 -4.977730e-02 
1.176379e+01 1.128065e+01 8.496457e+00 3.831049e+00 -7.564463e+00 1.832562e+00 9.234265e-01 -1.268562e+01 4.960608e+00 -1.122368e+01 3.789061e+00 2.604899e+00 7.541552e-01 1.792350e+00 -7.008819e-01 -1.016508e+00 -1.198249e+00 -1.339738e+00 -3.818471e+00 1.523008e+00 -4.571684e+00 2.044891e+00 -1.047145e+00 2.180406e+00 1.564098e+00 8.074986e-02 -1.543897e+00 -1.083215e+00 -5.284041e-01 -3.909214e-01 5.122831e-01 -3.514929e-01 4.482204e-01 1.000716e+00 -3.561155e-01 6.532674e-01 1.527219e-01 2.023678e-02 -5.069695e-02 
1.058325e+01 1.140386e+01 9.244693e+00 1.997391e+00 -8.815338e+00 -3.133964e+00 4.295023e+00 -1.536732e+01 7.899056e+00 -1.242244e+01 8.019682e+00 4.170622e+00 7.930505e-01 2.671189e-01 -1.698117e+00 -7.631758e-01 -9.935614e-01 -6.809475e-01 -2.521390e+00 2.044660e+00 -2.395029e+00 1.691390e+00 -6.245868e-01 1.142024e+00 1.740013e+00 4.037637e-02 -1.279230e+00 -1.064392e+00 -3.048130e-03 -2.042166e-01 1.427501e+00 2.347818e-01 6.838023e-02 2.660282e+00 -1.193081e+00 8.014176e-01 -7.123125e-01 -5.131403e-01 -3.219736e-02 
1.004946e+01 1.054479e+01 7.344946e+00 2.031758e+00 -6.907357e+00 -4.968533e+00 4.145620e+00 -1.567264e+01 1.265339e+01 -1.339832e+01 3.468578e+00 4.795600e+00 8.157482e-01 -9.985964e-01 -1.942898e+00 2.431409e-01 -7.019498e-01 1.854790e+00 -3.176848e+00 8.096736e-01 1.842091e+00 -1.211743e-01 1.448994e-01 -6.856645e-01 -2.243999e-01 2.270475e-02 -7.778687e-01 -1.029999e+00 1.516180e-01 -1.843789e-01 1.484180e+00 5.018857e-01 -4.715544e-01 3.036731e+00 -1.690446e+00 8.710442e-01 -7.363496e-01 -5.735447e-01 -1.239493e-02 
1.031555e+01 8.027458e+00 8.320758e+00 1.783661e+00 -7.706088e+00 -3.348909e+00 5.804877e+00 -1.524454e+01 9.471934e+00 -1.071297e+01 3.050769e+00 5.383237e+00 8.354066e-01 -1.267597e+00 -3.936259e+00 -1.267116e-01 -1.475560e+00 3.851498e+00 -2.497232e+00 4.099218e-01 5.314634e+00 -2.821093e+00 1.362062e+00 -9.746096e-01 -7.274466e-01 2.199513e-02 -2.925345e-01 -7.628082e-01 -2.337920e-01 -1.815186e-01 9.409040e-01 6.690208e-01 -6.993646e-01 2.154873e+00 -1.286222e+00 8.170897e-01 -2.835590e-01 -3.037033e-01 -1.285843e-03 
6.904566e+00 3.254864e+00 1.017431e+01 4.283079e-01 1.154720e+00 -1.394444e+01 4.216630e+00 -3.536971e+00 3.568494e+00 -1.135451e+01 2.845122e+00 8.767090e-01 8.465095e-01 -1.329740e+00 -4.731829e+00 -5.765195e-01 -1.878966e+00 3.814933e+00 -1.321046e+00 -1.736850e-02 6.757170e+00 -4.151103e+00 2.314726e+00 -4.428668e-01 -7.004452e-02 2.796961e-02 1.804363e-01 -1.630067e-01 -5.750068e-01 5.335021e-02 -1.604877e-01 1.209607e+00 -5.082071e-01 1.448587e-01 -6.991178e-02 5.413182e-01 3.158292e-02 3.148227e-01 2.016227e-03 
5.818083e+00 -4.632066e+00 7.196511e+00 -4.578825e+00 6.411124e+00 -1.113214e+01 6.308982e+00 5.138524e+00 -1.664060e+00 -6.634571e+00 3.458397e+00 2.492875e+00 8.876359e-01 -1.029972e+00 -4.117597e+00 -1.522238e+00 -1.312655e+00 3.043468e+00 -1.043142e-01 -1.038660e+00 5.921647e+00 -2.724626e+00 2.375785e+00 -3.972116e-01 1.442311e-01 3.131738e-02 3.874496e-01 7.881519e-01 -4.213037e-01 5.668229e-01 -8.398266e-01 1.019172e+00 -5.883396e-01 -1.401839e+00 1.029590e+00 2.095587e-02 -3.756764e-02 2.955576e-01 -6.144334e-04 
5.650066e+00 -6.784712e+00 5.024128e+00 -4.181963e+00 5.108788e+00 -7.681990e+00 3.806738e+00 7.921837e+00 -2.534474e+00 -3.863950e+00 1.050498e+00 5.890623e+00 9.294826e-01 -2.153074e-01 -2.667264e+00 -1.934079e+00 -5.165371e-01 1.456270e+00 1.674650e+00 -1.007075e+00 2.263021e+00 -5.188760e-01 2.344423e+00 -8.163543e-01 9.138825e-01 2.812984e-02 3.961913e-01 1.205006e+00 -2.360620e-01 7.563881e-01 -8.249067e-01 6.363054e-01 -5.781844e-01 -1.845562e+00 1.231455e+00 -3.581944e-01 -6.120329e-02 -9.152669e-02 -4.771177e-03 
5.793162e+00 -7.540789e+00 3.284555e+00 -2.474473e+00 5.534103e+00 -7.001513e+00 8.169106e-01 8.634104e+00 -1.099800e+00 -2.578940e+00 1.962267e+00 3.597397e+00 9.504937e-01 1.124312e-01 -1.027709e+00 -1.554408e+00 6.772674e-01 8.317850e-01 1.100712e+00 -2.036855e+00 5.523642e-01 5.106530e-01 1.451846e+00 -9.755941e-01 2.584035e-01 1.884194e-02 2.711841e-01 1.059819e+00 -5.480988e-02 6.386076e-01 -6.680458e-01 2.979565e-01 -3.803279e-01 -1.368016e+00 6.163394e-01 -4.156995e-01 1.713055e-02 -3.481478e-01 -6.887035e-03 
5.840191e+00 -8.627221e+00 2.459830e+00 -3.206524e+00 8.874169e+00 -7.636428e+00 1.927418e+00 6.030122e+00 6.918250e-01 -1.659761e+00 -4.887976e-01 4.893867e+00 9.557114e-01 8.008293e-02 -2.517259e-01 -1.740783e+00 9.078209e-01 7.963496e-01 1.258005e+00 -2.409168e+00 2.140002e-01 3.884818e-01 9.858528e-01 -4.597261e-01 -5.847312e-01 1.034949e-02 9.318524e-02 6.796153e-01 -2.911817e-02 3.672006e-01 -4.553165e-01 4.872900e-02 -2.326928e-01 -5.359982e-01 1.144388e-01 -4.470437e-01 2.810870e-01 -7.048342e-01 -6.775411e-03 
6.285154e+00 -8.849619e+00 7.066255e-01 -1.679810e+00 8.687242e+00 -5.651582e+00 -2.935753e+00 8.846542e+00 -7.240853e-01 -4.769902e-01 -6.500572e-01 4.282974e+00 9.687291e-01 1.782221e-01 -2.616236e-02 -1.892932e+00 1.168219e+00 3.320440e-02 1.593875e+00 -2.239298e+00 1.062590e-01 -9.665404e-02 9.765551e-01 -4.899989e-01 -8.471859e-01 5.771345e-03 2.728902e-02 2.835351e-01 -2.371844e-02 -6.927428e-02 -2.476552e-01 -1.062741e-02 3.380062e-01 -4.838481e-01 1.516233e-01 -3.067295e-01 2.831444e-01 -6.192938e-01 -4.432973e-03 
5.804417e+00 -7.388582e+00 -2.390828e+00 -4.011034e-02 7.513776e+00 -2.067320e+00 -6.362893e+00 8.885628e+00 -7.799163e-01 1.433710e-02 5.810040e-02 2.624225e+00 9.721022e-01 2.177453e-01 2.300759e-01 -1.910420e+00 1.073834e+00 -4.209851e-01 1.671777e+00 -2.069230e+00 -1.937265e-01 3.568636e-01 3.468115e-01 3.461947e-01 -2.057535e+00 7.926159e-04 1.367685e-02 4.404303e-02 1.363475e-01 -3.220893e-01 3.314575e-02 -3.619497e-01 7.228386e-01 -6.469290e-01 4.072890e-01 -2.425311e-01 3.138219e-02 -2.776977e-01 -1.665698e-03 
6.702383e+00 -8.291144e+00 -3.754768e+00 1.783190e+00 6.380336e+00 -1.817101e+00 -6.234581e+00 7.737448e+00 -8.471881e-01 1.466514e+00 -7.608214e-01 4.964154e-01 9.711536e-01 1.801678e-01 1.490159e-01 -1.588260e+00 2.479952e-01 2.022672e-01 8.406142e-01 -5.168115e-01 -1.663198e+00 1.284547e+00 2.378761e-01 3.719069e-02 -2.101766e+00 1.456446e-03 -6.745502e-02 2.567942e-02 2.017289e-01 -4.420379e-01 3.797075e-01 -6.001997e-01 8.080915e-01 -6.142234e-01 4.969270e-01 -2.096769e-01 -8.448765e-02 8.894739e-02 2.718943e-04 
6.720471e+00 -7.755939e+00 -4.861597e+00 4.311326e-01 7.922818e+00 -1.194678e+00 -6.769621e+00 5.615821e+00 2.537909e+00 -8.975740e-01 1.297682e+00 -3.500434e+00 9.584520e-01 1.475764e-01 -1.191719e-01 -1.211394e+00 -2.424595e-01 8.773888e-01 -1.751918e-01 3.437900e-01 -2.136062e+00 1.734193e+00 1.426791e-01 -5.662962e-01 -1.345982e+00 4.180441e-03 -9.800955e-02 2.835744e-02 2.060968e-01 -2.894263e-01 3.908568e-01 -5.880507e-01 6.747079e-01 -3.105608e-01 1.502760e-01 -1.079643e-02 -1.752164e-01 4.636812e-01 5.684476e-04 
6.728108e+00 -7.921116e+00 -5.999097e+00 -6.761235e-01 9.494329e+00 -1.884708e+00 -5.316717e+00 2.165763e+00 4.040311e+00 1.168036e+00 -1.084155e+00 -3.163378e+00 9.828362e-01 -1.239784e-01 2.767654e-01 -1.233838e+00 -3.839750e-01 1.282380e+00 -4.837116e-01 5.945972e-01 -1.993992e+00 1.699349e+00 3.027441e-02 -4.560343e-01 -7.581153e-01 5.433707e-03 -7.011917e-02 9.714447e-02 1.762092e-01 -3.748787e-02 1.141912e-01 -2.959113e-01 2.028305e-01 1.881433e-01 -2.217933e-01 -1.222488e-02 9.702003e-02 3.438725e-01 -8.993245e-04 
6.529141e+00 -8.169455e+00 -7.325171e+00 -2.269177e-02 1.034408e+01 -2.909465e+00 -5.102982e+00 9.913735e-01 5.447527e+00 8.768248e-01 -2.612049e+00 -2.275699e+00 9.871403e-01 -1.203301e-01 3.079328e-01 -1.057187e+00 -5.741978e-02 9.932472e-01 -6.063107e-01 7.484770e-01 -1.581336e+00 9.008265e-01 3.966303e-01 -2.832579e-01 -4.110434e-01 1.639572e-03 -6.387575e-03 1.246899e-01 1.953662e-01 5.095124e-02 -1.412703e-01 -3.685136e-03 -7.618263e-02 3.907837e-01 -4.352448e-01 7.217585e-02 2.522324e-01 1.065164e-01 -1.622381e-03 
6.178235e+00 -6.700407e+00 -8.692141e+00 9.029354e-02 1.158176e+01 -3.378671e+00 -4.095124e+00 7.954299e-02 6.194838e+00 7.304926e-01 -1.086191e+00 -3.906605e+00 9.839605e-01 -3.641930e-02 4.211458e-01 -7.843102e-01 -3.192708e-02 7.153103e-01 -4.233699e-01 2.950301e-01 -9.998496e-01 5.922797e-01 4.970238e-02 3.807745e-01 -8.499188e-01 -1.771143e-03 9.097899e-02 -2.673339e-02 2.958287e-01 -7.177752e-03 -2.326543e-01 8.009938e-02 -1.831540e-01 4.018097e-01 -4.488522e-01 1.971852e-01 4.041492e-02 9.725355e-02 -9.493054e-04 
6.393682e+00 -6.826674e+00 -8.801195e+00 -2.387762e-01 1.184522e+01 -3.479714e+00 -3.637773e+00 -1.247508e+00 5.965107e+00 1.304192e+00 -1.174119e-01 -5.184077e+00 9.660764e-01 7.193507e-02 4.321098e-01 -4.593450e-01 -1.636186e-01 4.546290e-01 -2.237206e-01 1.127236e-01 -6.792665e-01 1.116608e-01 4.937702e-01 2.762965e-01 -7.674272e-01 -3.290288e-04 1.256546e-01 -1.089871e-01 3.389577e-01 -1.389829e-01 -1.071331e-01 3.579902e-02 -1.795271e-01 3.749897e-01 -3.536006e-01 2.819533e-01 -2.306172e-01 2.644204e-01 -8.296998e-05 
6.613551e+00 -6.486783e+00 -9.182508e+00 -7.274377e-01 1.232023e+01 -3.716338e+00 -4.574621e+00 -1.713310e+00 6.742622e+00 1.202923e+00 -4.273072e-01 -5.958422e+00 9.845051e-01 2.348923e-01 8.113739e-02 -5.358273e-02 -3.666897e-01 3.883802e-01 -2.744843e-01 -3.352507e-03 -4.359684e-01 -1.503190e-01 9.675350e-01 -5.338083e-01 -9.362800e-02 1.668186e-03 1.177038e-01 -1.593722e-01 3.265418e-01 -1.853477e-01 2.341543e-02 -6.577506e-02 -5.659752e-02 3.308111e-01 -3.531515e-01 3.695782e-01 -4.236667e-01 4.754229e-01 -9.963028e-05 
6.671031e+00 -6.115611e+00 -9.376760e+00 -4.317927e-01 1.224810e+01 -3.859267e+00 -4.299718e+00 -1.508688e+00 5.731716e+00 3.109602e+00 -1.559382e+00 -5.087120e+00 9.852254e-01 3.721898e-01 -6.706192e-02 2.722241e-01 -5.849321e-01 6.211240e-01 -5.018035e-01 1.021381e-04 1.172128e-02 -4.958614e-01 1.347491e+00 -9.790398e-01 5.331055e-01 -4.949864e-04 7.128921e-02 -1.185515e-01 2.205076e-01 -1.064584e-01 3.618648e-02 -7.840132e-02 -7.460387e-02 3.622501e-01 -2.745162e-01 1.394352e-01 -2.845124e-01 3.959273e-01 -3.062180e-04 
7.214473e+00 -6.650053e+00 -8.672450e+00 -1.646856e+00 1.332217e+01 -4.561422e+00 -3.781201e+00 -1.970351e+00 5.560104e+00 4.665472e+00 -3.033930e+00 -4.423162e+00 9.827483e-01 4.019842e-01 -1.261938e-01 4.827267e-01 -7.480854e-01 7.491024e-01 -6.131217e-01 6.840541e-02 3.087140e-01 -8.696880e-01 1.470858e+00 -1.109853e+00 8.769384e-01 -2.188899e-03 -2.803384e-02 2.590896e-02 2.542943e-02 9.791577e-02 -1.310940e-01 4.317519e-02 -1.199184e-01 3.402726e-01 -1.540709e-01 -1.348671e-01 -3.646364e-02 1.730962e-01 1.719326e-04 
7.954069e+00 -7.079971e+00 -7.695124e+00 -2.703739e+00 1.444989e+01 -5.565971e+00 -4.033956e+00 -1.060820e+00 4.076922e+00 6.310497e+00 -3.709103e+00 -3.286212e+00 9.644953e-01 3.447059e-01 -5.696023e-02 3.749973e-01 -5.050964e-01 4.553480e-01 -4.463572e-01 -2.962077e-01 7.593964e-01 -9.011987e-01 9.393644e-01 -8.580717e-01 7.269353e-01 7.155861e-05 -1.391791e-01 1.414084e-01 -1.592620e-01 2.942165e-01 -3.343767e-01 1.473960e-01 -1.068617e-01 1.967853e-01 5.268922e-02 -4.113325e-01 2.024520e-01 -1.116180e-01 6.200945e-04 
7.981804e+00 -6.635557e+00 -7.609925e+00 -3.332220e+00 1.496493e+01 -5.928622e+00 -4.365456e+00 -3.936156e-01 3.221609e+00 6.956878e+00 -4.902261e+00 -2.474199e+00 9.839253e-01 1.084180e-01 2.055607e-01 2.207104e-02 8.297659e-02 -1.841328e-01 -8.622230e-02 -4.549240e-01 8.914323e-01 -7.179419e-01 4.973782e-01 -7.764828e-01 6.748088e-01 2.246176e-03 -1.800156e-01 1.283626e-01 -1.948589e-01 3.676620e-01 -3.925965e-01 1.083891e-01 -8.552130e-03 6.991152e-02 1.860234e-01 -4.678582e-01 3.018121e-01 -2.492132e-01 4.818141e-04 
8.010745e+00 -6.407818e+00 -8.032890e+00 -2.114803e+00 1.370306e+01 -5.407609e+00 -5.488267e+00 1.499938e+00 2.395128e+00 6.661307e+00 -4.915699e+00 -2.426703e+00 9.849795e-01 -1.770003e-01 4.741181e-01 -2.937297e-01 4.705900e-01 -5.840907e-01 -2.811543e-02 -2.726174e-01 7.042934e-01 -3.081952e-01 -2.225667e-01 -1.333706e-01 7.601109e-02 3.863059e-04 -1.858434e-01 1.730205e-03 -5.886827e-02 2.163882e-01 -2.399926e-01 -4.551231e-02 1.849522e-01 -1.330269e-01 2.471443e-01 -3.394205e-01 2.563473e-01 -2.002025e-01 5.151347e-04 
7.728171e+00 -5.958063e+00 -8.393376e+00 -1.526809e+00 1.277502e+01 -5.071780e+00 -5.328318e+00 1.206571e+00 2.811572e+00 6.976745e+00 -6.312875e+00 -1.479081e+00 9.837321e-01 -2.371971e-01 2.501560e-01 -1.571975e-01 6.022815e-01 -6.941972e-01 -2.804440e-01 1.382202e-02 6.859845e-01 -2.359249e-01 -2.873728e-01 3.669845e-02 -4.352577e-02 6.011326e-05 -1.592435e-01 -1.483541e-01 9.861813e-02 5.215072e-02 -9.655137e-02 -1.502104e-01 2.506199e-01 -2.022375e-01 2.310669e-01 -2.216758e-01 1.797197e-01 -1.033119e-01 1.181546e-03 
7.195983e+00 -5.048252e+00 -8.772038e+00 -1.253290e+00 1.262416e+01 -6.135117e+00 -4.915261e+00 1.660877e+00 2.741097e+00 5.187809e+00 -3.670824e+00 -3.404133e+00 9.665156e-01 -4.115857e-01 -7.051128e-02 1.702926e-01 3.172607e-01 -4.895963e-01 -5.768316e-01 3.941291e-01 1.970996e-01 9.359320e-02 -3.652235e-01 1.700883e-02 8.501937e-02 3.734072e-03 -1.018809e-01 -2.315259e-01 2.073694e-01 -2.641568e-02 -9.144295e-02 -7.380206e-02 1.940407e-01 -1.535889e-01 1.548118e-01 -9.931924e-02 -3.074291e-02 1.609631e-01 1.096579e-03 
7.202816e+00 -6.064875e+00 -8.026453e+00 -7.519178e-01 1.203303e+01 -6.966974e+00 -4.582706e+00 2.955740e+00 1.868852e+00 6.256713e+00 -5.341245e+00 -2.202981e+00 9.934647e-01 -5.705298e-01 -2.637987e-01 2.830718e-01 4.204751e-01 -7.141232e-01 -5.628902e-01 4.649000e-01 1.338985e-01 2.365206e-01 -5.396588e-01 4.691244e-02 1.536443e-01 6.480957e-03 -5.579934e-02 -1.412764e-01 1.826751e-01 -3.763828e-03 -1.965305e-01 7.051037e-02 9.620047e-02 -5.271573e-02 6.180570e-02 -1.381321e-01 -5.387674e-02 2.573754e-01 -6.677464e-04 
6.215616e+00 -6.707654e+00 -7.364931e+00 -9.162173e-01 1.162618e+01 -7.344323e+00 -3.890177e+00 1.610756e+00 3.334187e+00 5.195078e+00 -5.316405e+00 -1.639583e+00 9.988053e-01 -5.198184e-01 -4.265346e-01 5.230318e-01 4.294286e-01 -1.031399e+00 -2.558603e-01 4.722041e-01 2.125919e-01 2.295302e-01 -5.929470e-01 -2.922412e-01 7.821996e-01 2.658209e-03 5.313965e-02 -4.322239e-02 1.543695e-01 6.396106e-02 -2.944013e-01 1.292159e-01 6.723402e-03 1.868023e-01 -1.657920e-01 -8.368796e-02 -8.779965e-02 3.432637e-01 -2.183833e-03 
5.365483e+00 -6.447491e+00 -7.681113e+00 4.071232e-01 9.703689e+00 -7.281860e+00 -3.516493e+00 1.900905e+00 3.697546e+00 4.274930e+00 -5.255322e+00 -1.593070e+00 9.999999e-01 -4.621754e-01 -2.783352e-01 5.798890e-01 5.272957e-01 -1.405987e+00 -8.835075e-02 4.558192e-01 4.148708e-01 5.083605e-03 -8.642446e-01 -7.811665e-02 8.948538e-01 -2.738276e-03 1.428051e-01 1.140936e-02 1.770002e-01 2.400891e-02 -2.325327e-01 5.159269e-02 -3.133157e-03 2.997445e-01 -2.912672e-01 -4.499750e-02 -5.658656e-02 3.803152e-01 -1.920601e-03 
5.515814e+00 -6.989944e+00 -6.329290e+00 3.143811e-01 8.631824e+00 -7.256875e+00 -3.087617e+00 3.250947e+00 2.974489e+00 3.213779e+00 -5.174692e+00 2.022693e-01 9.765293e-01 -2.001061e-01 -2.794440e-01 7.936646e-01 5.836284e-01 -1.615621e+00 -1.680615e-01 4.323276e-01 9.907233e-01 -6.197533e-01 -6.213951e-01 -3.594321e-01 1.430796e+00 -2.578041e-03 1.412649e-01 3.225971e-02 2.154862e-01 -4.320850e-02 -1.296750e-01 -8.083111e-02 8.399712e-02 2.796294e-01 -3.041111e-01 2.304454e-03 7.950657e-02 2.148444e-01 -6.744105e-04 
5.242083e+00 -7.314958e+00 -5.644670e+00 1.269578e+00 6.500409e+00 -7.452347e+00 -2.704793e+00 4.209680e+00 2.074328e+00 2.925960e+00 -5.802627e+00 1.350029e+00 9.909174e-01 -1.647528e-02 -2.803063e-01 1.032689e+00 4.635018e-01 -1.584704e+00 -3.488739e-01 4.691443e-01 1.243528e+00 -7.951593e-01 -7.503135e-01 -2.024074e-01 1.731004e+00 -5.064318e-04 7.682566e-02 4.048508e-02 3.464898e-01 -2.296365e-01 -1.060017e-02 -1.602333e-01 2.422141e-01 1.061186e-01 -2.241735e-01 7.895076e-02 2.314572e-01 3.006500e-02 -2.262485e-04 
5.277053e+00 -7.671253e+00 -4.414776e+00 1.570872e+00 5.149252e+00 -8.099388e+00 -2.134247e+00 5.410280e+00 1.046947e+00 2.762669e+00 -6.840226e+00 4.042874e+00 9.904431e-01 -3.641930e-02 -2.642914e-01 1.374020e+00 2.452594e-01 -1.590456e+00 -5.297927e-01 8.855771e-01 1.196347e+00 -8.909820e-01 -6.383252e-01 1.675114e-01 1.438387e+00 -1.828370e-03 -5.097124e-03 5.314832e-02 4.902190e-01 -4.764079e-01 2.868602e-02 -1.476505e-01 4.305128e-01 -2.460436e-01 -1.801179e-01 2.167345e-01 4.007706e-01 -2.324270e-01 -5.994391e-04 
5.402462e+00 -7.508746e+00 -3.474937e+00 2.096254e+00 3.521443e+00 -8.604602e+00 -1.647719e+00 7.038975e+00 6.854182e-01 7.489052e-01 -5.434906e+00 5.141500e+00 9.905133e-01 -1.598533e-01 -8.344638e-02 2.022080e+00 -4.516239e-01 -1.471517e+00 -7.087959e-01 1.440294e+00 8.424910e-01 -9.802444e-01 -4.611143e-01 8.157921e-01 1.041517e+00 -4.243340e-03 -5.405098e-02 9.936341e-02 5.742071e-01 -6.441054e-01 -3.715585e-02 -3.995850e-02 5.194778e-01 -5.899364e-01 -2.543073e-01 4.522648e-01 4.121619e-01 -3.653690e-01 -6.444220e-04 
5.253337e+00 -8.214468e+00 -5.440946e-01 1.127405e+00 2.168967e+00 -9.329905e+00 8.116376e-01 7.817917e+00 -7.858655e-01 1.110859e+00 -4.521102e+00 5.498210e+00 9.676048e-01 -1.537728e-01 -1.121500e-01 2.750095e+00 -1.340760e+00 -1.528829e+00 -7.262492e-01 2.099243e+00 -3.898050e-02 -1.427847e+00 3.176695e-01 1.135256e+00 6.132690e-01 -3.711131e-03 -4.497620e-02 1.818849e-01 4.841314e-01 -6.481652e-01 -1.207150e-01 2.277962e-01 3.555858e-01 -9.152040e-01 -1.935457e-01 5.007095e-01 3.842608e-01 -3.884175e-01 -3.761912e-04 
4.454252e+00 -7.460680e+00 2.530261e+00 -7.665117e-01 6.326421e-01 -1.038075e+01 3.023863e+00 7.217847e+00 -1.909807e+00 1.446164e+00 -2.883258e+00 5.829698e+00 9.811145e-01 -2.279548e-01 1.403925e-01 3.215801e+00 -1.963901e+00 -1.801323e+00 -4.504012e-01 2.459612e+00 -1.088402e+00 -1.798340e+00 1.032896e+00 1.374362e+00 3.168055e-01 -2.789780e-03 -3.715025e-02 2.404572e-01 2.446172e-01 -4.951845e-01 -1.234314e-01 5.209769e-01 6.193720e-02 -1.104956e+00 -2.413869e-03 4.111255e-01 2.569997e-01 -4.826119e-01 -6.694124e-04 
4.982420e+00 -8.255668e+00 6.332783e+00 -3.700835e+00 -1.050586e+00 -1.084297e+01 6.026346e+00 5.126109e+00 -4.794256e+00 4.002616e+00 -2.439387e+00 6.765200e+00 9.765996e-01 -2.273467e-01 5.332500e-01 3.197752e+00 -2.239346e+00 -2.029136e+00 4.800536e-01 2.153728e+00 -2.414218e+00 -1.449679e+00 1.118379e+00 1.809626e+00 -1.414023e-01 -4.432188e-03 -1.475046e-01 4.600554e-01 -1.836124e-01 -1.956356e-01 -5.329197e-02 8.252653e-01 -4.008944e-01 -1.026358e+00 3.837119e-01 1.271506e-01 1.071066e-01 -7.003549e-01 -8.360153e-04 
4.397979e+00 -6.786238e+00 9.165552e+00 -5.308992e+00 -3.875172e+00 -1.010040e+01 8.043117e+00 2.942406e+00 -6.302150e+00 4.467778e+00 3.960940e-01 6.091743e+00 9.720671e-01 -3.088253e-01 7.961406e-01 3.021289e+00 -2.478231e+00 -1.838607e+00 1.293018e+00 1.722786e+00 -3.494799e+00 -9.813198e-01 1.194148e+00 1.763724e+00 -9.942537e-01 -7.230578e-03 -2.439969e-01 5.857696e-01 -5.953676e-01 1.035903e-01 1.285029e-01 9.260584e-01 -8.350950e-01 -6.397024e-01 6.821308e-01 -8.417772e-02 -2.524964e-01 -7.946364e-01 -5.211357e-04 
4.144747e+00 -5.885201e+00 1.212707e+01 -7.797964e+00 -5.722896e+00 -7.069854e+00 9.070661e+00 -2.115656e+00 -5.838570e+00 5.192171e+00 2.886659e+00 4.659992e+00 9.499667e-01 -8.508404e-01 1.860391e+00 1.929313e+00 -2.061768e+00 -1.776672e+00 2.528161e+00 4.632220e-01 -3.967488e+00 8.219343e-02 8.727543e-01 1.476256e+00 -2.233044e+00 -5.668287e-03 -2.430812e-01 5.472443e-01 -8.503931e-01 3.419653e-01 3.259474e-01 6.609938e-01 -1.012044e+00 -1.904166e-02 6.515929e-01 -1.714353e-01 -7.287220e-01 -4.994851e-01 1.702665e-04 
3.328780e+00 -4.665255e+00 1.473983e+01 -1.110938e+01 -6.223862e+00 -5.802227e+00 1.011543e+01 -6.635723e+00 -6.294828e+00 6.822175e+00 3.271890e+00 1.911134e+00 9.582763e-01 -1.136259e+00 2.405637e+00 8.730590e-01 -1.534877e+00 -1.285095e+00 3.155843e+00 -8.705672e-01 -3.510116e+00 8.463012e-01 7.348157e-01 2.785116e-01 -2.610683e+00 -4.781272e-03 -4.247856e-02 3.211040e-01 -8.002478e-01 2.955082e-01 5.622727e-01 3.370935e-01 -9.148435e-01 4.167098e-01 4.325278e-01 -4.703813e-02 -1.166358e+00 1.454815e-01 -2.978878e-04 
1.262734e+00 -1.434990e-02 1.319262e+01 -1.110985e+01 -8.759480e+00 -3.506958e-01 7.306294e+00 -9.922083e+00 -4.387422e+00 7.188490e+00 3.503599e+00 -2.309437e+00 9.551492e-01 -1.029120e+00 2.464645e+00 1.992019e-02 -1.001147e+00 -6.762227e-01 2.853709e+00 -1.609763e+00 -2.501890e+00 8.943738e-01 4.908560e-01 -1.091517e+00 -1.830708e+00 -4.804162e-03 2.925806e-01 -1.670620e-01 -3.923446e-01 1.367487e-02 8.612369e-01 -1.458715e-01 -5.466093e-01 6.067596e-01 9.912491e-02 1.302115e-01 -1.393832e+00 7.614417e-01 -1.084254e-03 
1.577618e-01 2.306143e+00 1.299837e+01 -1.132734e+01 -8.782351e+00 2.319405e+00 4.572386e+00 -1.070516e+01 -2.796239e+00 7.143912e+00 1.480117e+00 -3.476850e+00 9.455747e-01 -4.321377e-01 2.099506e+00 -2.524763e-02 -1.531147e+00 4.225830e-01 2.815609e+00 -1.814870e+00 -2.143984e+00 7.752139e-01 1.150019e+00 -2.784086e+00 -4.680284e-01 -9.147674e-03 5.028408e-01 -4.826866e-01 -1.037388e-02 -2.342960e-01 9.175512e-01 -3.521437e-01 -3.161962e-01 5.514060e-01 -7.431284e-02 2.251419e-01 -1.232748e+00 9.492217e-01 -1.032607e-03 
5.850393e-01 2.952357e+00 1.309720e+01 -1.269447e+01 -7.824841e+00 3.137667e+00 3.793731e+00 -1.259044e+01 -3.116123e+00 7.486000e+00 -1.675033e+00 -1.799759e+00 9.322934e-01 2.599439e-01 1.178157e+00 4.167985e-01 -1.995362e+00 1.675661e+00 1.968909e+00 -1.797695e+00 -1.616721e+00 6.132510e-01 1.316128e+00 -3.961648e+00 5.029429e-01 -8.907322e-03 5.015920e-01 -5.085487e-01 1.238971e-01 -1.062738e-01 6.731984e-01 -3.343975e-01 -3.667164e-01 5.885071e-01 9.846230e-03 5.556506e-02 -6.378427e-01 7.280431e-01 -9.796425e-05 
1.507123e+00 4.349307e+00 1.466107e+01 -1.797276e+01 -4.578020e+00 6.531600e+00 2.797122e+00 -1.602164e+01 -3.054343e+00 1.242398e+01 -8.059446e+00 -6.840998e-01 9.239486e-01 7.336142e-01 6.354989e-01 6.228124e-01 -2.209252e+00 2.126564e+00 1.837583e+00 -2.357545e+00 -1.195615e+00 6.151868e-01 1.447822e+00 -4.450197e+00 9.685395e-01 -7.888685e-03 3.740039e-01 -3.868897e-01 -5.082027e-02 4.894560e-01 9.168987e-02 -4.188329e-01 -4.608444e-01 8.234061e-01 8.470918e-02 -5.189149e-01 3.874223e-01 3.129527e-01 8.483406e-04 
1.887773e+00 4.854756e+00 1.444524e+01 -1.776374e+01 -2.483551e+00 7.387708e+00 -7.945375e-01 -1.534800e+01 -1.191784e+00 1.112928e+01 -1.153467e+01 -1.191486e+00 9.214365e-01 8.960850e-01 6.539776e-01 3.152411e-01 -1.193524e+00 1.837637e+00 1.670819e+00 -3.172052e+00 -3.352302e-02 1.023643e+00 6.199132e-01 -3.447749e+00 1.091214e+00 -5.925807e-03 2.086181e-01 -7.799847e-02 -4.505035e-01 1.147375e+00 -5.183204e-01 -5.167623e-01 -1.158222e-01 7.295359e-01 -2.837115e-02 -8.593339e-01 1.404708e+00 -3.013550e-01 -3.212122e-04 
3.174429e+00 4.532794e+00 1.543847e+01 -1.983937e+01 -8.201151e-01 9.382109e+00 -4.920886e+00 -1.530432e+01 -6.819833e-01 1.256111e+01 -1.584104e+01 1.061779e+00 9.115458e-01 1.119847e+00 4.271822e-01 -2.285496e-01 5.152333e-01 8.000472e-01 8.705190e-01 -3.432039e+00 1.181207e+00 9.936379e-01 -1.096270e+00 -1.104069e+00 8.026454e-01 -6.395067e-03 1.600389e-01 2.759229e-02 -7.376179e-01 1.716624e+00 -9.329944e-01 -7.547086e-01 5.389349e-01 3.996492e-01 -2.023029e-01 -1.138085e+00 1.894784e+00 -5.939839e-01 -1.640708e-03 
4.231971e+00 6.130780e+00 1.428506e+01 -1.772843e+01 -5.157531e-01 1.006626e+01 -8.207410e+00 -1.311602e+01 8.158430e-01 1.051682e+01 -1.502252e+01 2.783746e+00 9.088579e-01 1.109875e+00 8.922299e-01 -1.410020e+00 2.379309e+00 -2.527439e-01 -1.312392e-01 -1.839447e+00 8.424910e-01 2.821197e-01 -1.708390e+00 1.389006e+00 -9.209729e-01 -1.125362e-02 2.683951e-01 -1.823650e-01 -6.259431e-01 1.698216e+00 -1.172766e+00 -6.305721e-01 9.467233e-01 -2.419461e-01 -1.795341e-01 -1.189468e+00 1.614167e+00 -4.046819e-01 -2.858575e-03 
5.934248e+00 5.846965e+00 1.359855e+01 -1.541412e+01 -1.561668e+00 9.544879e+00 -1.065657e+01 -1.123120e+01 9.101151e-01 7.248574e+00 -1.183561e+01 1.341512e+00 8.982469e-01 1.426912e+00 6.543472e-01 -2.202561e+00 4.587474e+00 -1.493086e+00 -1.034982e+00 -3.291749e-01 3.645211e-01 -2.567429e-02 -3.078478e+00 2.605332e+00 -9.952659e-01 -1.342824e-02 3.039449e-01 -3.941204e-01 -1.969225e-01 1.052938e+00 -9.979849e-01 -3.097959e-01 8.968432e-01 -6.967696e-01 2.767502e-02 -1.035033e+00 8.293737e-01 1.673993e-01 -2.237146e-03 
6.057246e+00 8.658793e+00 8.315078e+00 -8.079957e+00 -3.376405e+00 6.650280e+00 -7.123971e+00 -1.317212e+01 -5.771858e-01 5.243048e+00 -6.592228e+00 -5.936148e+00 8.718072e-01 2.084456e+00 -3.714680e-01 -1.827472e+00 5.261477e+00 -2.879586e+00 -5.293670e-01 1.016996e-02 -8.347167e-01 6.355128e-01 -4.336439e+00 2.768510e+00 -3.320167e-02 -1.670161e-02 1.998347e-01 -5.638308e-01 4.244936e-01 -2.795011e-03 -5.381865e-01 1.062197e-01 2.144365e-01 -5.096252e-01 1.950501e-01 -7.981964e-01 -2.992361e-03 8.866864e-01 -5.111396e-04 
9.396281e+00 6.540481e+00 7.410833e+00 -1.726416e+00 -6.855457e+00 5.915056e+00 -7.108855e+00 -1.345445e+01 -1.140632e-01 -1.945012e-01 -7.029177e+00 4.453166e-01 8.629355e-01 2.152315e+00 -9.115393e-01 -1.004538e+00 4.338765e+00 -2.876402e+00 -4.794547e-01 1.273318e-01 -1.463912e+00 9.553519e-01 -4.957578e+00 2.353059e+00 1.195771e+00 -1.485891e-02 -2.140668e-01 -2.941535e-01 6.664841e-01 -9.534808e-01 1.695730e-01 2.577347e-01 -2.241590e-01 -8.884831e-02 -1.004049e-01 3.071011e-02 -4.304412e-01 5.625288e-01 5.197842e-05 
1.292343e+01 3.927017e+00 8.241618e+00 1.735171e+00 -1.226668e+01 9.234402e+00 -9.930647e+00 -1.617845e+01 4.505722e+00 -7.443758e+00 -3.583271e+00 3.065444e+00 8.430135e-01 1.746381e+00 -1.143878e+00 1.134354e-01 2.489736e+00 -2.252020e+00 1.221536e-01 -9.956253e-01 -7.915850e-01 7.668254e-01 -4.759830e+00 1.500129e+00 2.416848e+00 -1.309632e-02 -6.651416e-01 1.876618e-01 4.728160e-01 -1.198776e+00 7.699746e-01 7.792992e-02 -1.922852e-01 3.245530e-01 -6.587558e-01 9.229580e-01 -6.433125e-01 -2.444296e-01 5.697650e-05 
1.326308e+01 3.655409e+00 8.612328e+00 1.372206e+00 -1.149874e+01 5.855533e+00 -8.616248e+00 -1.704751e+01 3.145185e+00 -1.119558e+01 -1.574857e+00 2.819122e+00 8.383580e-01 5.257830e-01 -4.302303e-01 1.593513e-01 1.205899e+00 -9.590898e-01 -7.228091e-02 -9.470629e-01 -1.014775e-01 -5.934047e-01 -2.713093e+00 1.087386e+00 5.922160e-01 -1.497336e-02 -7.580541e-01 4.644167e-01 1.043618e-01 -9.239088e-01 9.306061e-01 -9.467226e-02 1.368214e-01 5.528960e-01 -7.527050e-01 1.422914e+00 -7.730827e-01 -1.016598e+00 -1.397467e-03 
1.285590e+01 4.382113e+00 8.281377e+00 2.819360e+00 -1.231506e+01 7.291075e+00 -1.134840e+01 -1.533329e+01 1.627223e+00 -1.305526e+01 -1.818782e+00 4.961344e+00 8.186117e-01 -4.280030e-01 3.261652e-01 -4.535339e-02 8.340786e-01 1.153231e-02 -3.433399e-01 -4.140605e-01 1.067871e-01 -1.883838e+00 -8.437065e-01 1.847398e-01 -9.537671e-01 -1.636397e-02 -5.680665e-01 5.672912e-01 -1.156514e-01 -4.704104e-01 8.840626e-01 -2.930042e-01 7.246734e-01 5.588560e-01 -4.876533e-01 1.239012e+00 -7.755919e-01 -1.334406e+00 -1.589061e-03 
1.205883e+01 4.162004e+00 8.187469e+00 3.760904e+00 -1.162673e+01 6.525722e+00 -1.113537e+01 -1.438467e+01 -1.641636e+00 -1.095428e+01 -2.474408e+00 2.458809e+00 8.002533e-01 -5.507073e-01 6.754129e-01 -4.033294e-01 5.470681e-01 6.447476e-01 -7.199703e-01 5.207666e-01 8.512934e-01 -1.482910e+00 1.988814e-01 -8.548721e-01 -2.201869e+00 -2.021533e-02 -3.099764e-01 4.748610e-01 -1.990079e-02 -2.249769e-01 4.813488e-01 -3.347880e-01 8.995313e-01 6.826008e-01 -3.496935e-01 2.666893e-01 -7.529598e-01 -8.228164e-01 -6.760765e-04 
1.138555e+01 5.304512e+00 8.227228e+00 4.710922e+00 -1.214529e+01 7.182316e+00 -1.074129e+01 -1.697624e+01 -2.520287e+00 -1.178333e+01 -2.209307e+00 -1.522973e+00 7.802435e-01 -5.556933e-01 1.139845e+00 -1.834753e-01 4.669837e-01 1.366295e+00 -1.019018e+00 1.893741e+00 1.526261e+00 -1.226738e+00 -2.079339e-02 -1.406797e+00 -2.858057e+00 -1.842413e-02 -2.946992e-01 1.925587e-01 -7.588031e-03 -1.479329e-01 1.560722e-01 -6.871516e-01 7.988323e-01 9.156373e-01 -2.692170e-01 -1.478048e-01 -3.188870e-01 -3.458864e-01 -4.195080e-04 
1.124447e+01 6.571380e+00 6.622838e+00 3.161611e+00 -8.360114e+00 2.310219e+00 -6.315786e+00 -1.196968e+01 -2.195827e+00 -1.083750e+01 -5.653991e+00 -4.948236e+00 7.564566e-01 -9.602893e-01 1.537260e+00 1.290524e-01 2.645344e-01 7.702609e-01 -1.408313e+00 2.396738e+00 2.601913e+00 -2.670315e+00 -1.791236e+00 -1.881563e+00 -2.569590e+00 -1.732538e-02 -3.730004e-01 -2.805338e-01 2.663319e-02 -1.589129e-01 -3.358768e-01 -6.410289e-01 3.345073e-01 5.809081e-01 -1.254191e-01 1.032343e-01 5.177947e-01 1.870992e-01 -1.997238e-03 
1.048477e+01 8.876232e+00 8.146574e+00 5.454271e+00 -7.116276e+00 4.303149e+00 -4.289524e+00 -8.909092e+00 -4.229082e+00 -1.321758e+01 -7.263736e+00 -5.625624e+00 7.483930e-01 -1.696759e+00 8.581058e-01 -3.495582e-01 2.356841e-01 7.290736e-01 -3.434817e+00 2.642215e+00 3.809601e+00 -2.636331e+00 -5.878124e-01 -8.962203e-01 -2.499345e+00 -1.990058e-02 -2.802961e-01 -8.032464e-01 -1.629421e-01 -3.016057e-01 -7.204273e-01 -5.187582e-01 -2.855598e-01 -7.260728e-02 2.625480e-01 7.647271e-01 1.168553e+00 6.291085e-01 -6.940348e-03 
7.708073e+00 1.006223e+01 8.872847e+00 4.711864e+00 -1.028965e+01 9.235450e-01 -2.377863e+00 -5.409373e+00 -1.413862e+01 -1.919297e+01 -9.355225e+00 -8.337795e+00 7.295427e-01 -1.845366e+00 -5.864370e-01 -1.871224e-01 -1.319082e-01 -7.160748e-01 -2.717101e+00 1.819121e+00 2.614060e+00 -1.405262e+00 9.984810e-01 1.478963e+00 -1.445781e+00 -2.945746e-02 2.304302e-02 -9.575772e-01 -3.702298e-01 -1.518544e-01 -5.397271e-01 -1.181458e-01 -8.170886e-01 -5.818158e-01 5.937952e-01 1.485153e+00 1.464425e+00 1.078598e+00 -1.317296e-02 
4.670102e+00 7.849692e+00 5.354321e+00 5.114374e+00 -7.534994e+00 -9.298674e+00 5.005268e-01 -1.208883e+00 -9.730264e+00 -1.054484e+01 -4.839956e+00 -1.232482e+01 6.942137e-01 -1.514709e+00 -1.814533e+00 -8.401387e-01 -8.428436e-01 -1.492572e+00 -2.958468e+00 7.546954e-01 1.157264e+00 -5.465151e-01 2.407980e+00 2.755835e+00 -2.745022e-01 -4.706041e-02 1.844742e-01 -6.007493e-01 -3.728093e-01 2.411161e-01 -9.347010e-02 7.471213e-01 -1.078821e+00 -5.604343e-01 2.884155e-01 9.264679e-01 1.011684e+00 1.515519e+00 -2.066177e-02 
4.924941e+00 4.152848e+00 7.082912e+00 2.672479e+00 -1.173097e+01 -4.474342e+00 3.845194e-01 -2.749753e+00 -6.471474e+00 -7.181136e+00 5.292553e-01 -8.827821e+00 6.362573e-01 -9.360889e-01 -1.914318e+00 -1.476790e+00 4.442666e-02 -8.174508e-01 -2.237134e+00 -7.449168e-01 1.018891e+00 -7.461187e-01 4.136652e+00 3.614425e+00 1.710964e+00 -6.961348e-02 -7.482307e-02 -2.029858e-01 -4.564191e-01 5.939498e-01 7.452028e-01 7.243420e-01 -6.878867e-01 1.725727e-01 -3.802654e-02 2.903679e-02 1.031422e-01 1.200189e+00 -2.848877e-02 
4.302715e+00 2.758187e+00 4.840856e+00 2.260082e+00 -1.385886e+01 -7.790013e+00 -1.896959e+00 -4.452940e+00 -1.079517e+01 -7.183558e+00 1.572963e+00 -6.753402e+00 5.597317e-01 -1.228925e+00 -1.481792e+00 -1.568715e+00 1.353135e+00 3.124765e-01 6.085406e-02 -1.469800e+00 1.804945e+00 -1.523777e+00 2.475423e+00 3.094373e+00 3.499866e+00 -1.031312e-01 -4.360243e-01 -1.088340e-01 -2.846940e-01 5.545974e-01 1.155174e+00 1.033664e+00 9.922998e-02 6.928073e-01 3.286986e-01 -7.142446e-01 -3.419204e-01 6.621157e-01 -2.903190e-02 
3.211409e+00 3.036280e+00 1.746052e+00 6.360978e+00 -1.121461e+01 -1.101677e+01 -4.903660e+00 1.307272e+00 -1.733701e+01 -1.901403e-01 5.510385e+00 -2.568535e+00 4.487203e-01 -2.362451e+00 -1.767720e+00 -2.105025e+00 1.739878e+00 2.107357e+00 -6.049272e-01 -5.081255e-01 3.153119e+00 -1.106717e+00 1.109914e+00 1.825377e+00 2.667866e+00 -1.438709e-01 -5.296860e-01 -2.020676e-01 -1.194691e-01 -1.710923e-01 6.814692e-01 1.086555e+00 9.729221e-01 3.453386e-01 1.008708e+00 -1.121678e+00 -7.118107e-01 -5.564932e-02 -1.697318e-02 
-6.172063e-01 9.988393e-01 1.791496e-01 1.003583e+01 -6.230899e+00 -5.723230e+00 -4.204100e+00 5.786875e+00 -1.191637e+01 -1.663153e+00 8.141440e+00 2.044777e+00 2.723038e-01 -2.981688e+00 -2.432091e+00 -1.949416e+00 1.082415e+00 2.820790e+00 1.393694e+00 1.132535e+00 3.553980e+00 1.277234e+00 3.501420e-01 1.940685e+00 2.557641e+00 -1.550931e-01 -2.805458e-01 -1.345803e-02 1.190821e-01 -9.191570e-01 -2.207384e-02 7.216953e-01 1.210248e+00 -2.528977e-01 1.252607e+00 -4.241478e-01 -9.420952e-01 -6.055952e-01 7.029310e-03 
-4.427332e+00 -3.805799e+00 -1.111709e+00 7.483770e+00 -5.008173e+00 -8.532218e+00 -1.002648e+00 7.895627e+00 -1.144455e+01 -4.391618e+00 6.371657e+00 1.125187e-01 6.061102e-02 -2.708066e+00 -2.449584e+00 -1.883768e+00 -6.757110e-01 1.335687e+00 2.529119e+00 2.818501e+00 1.871138e+00 2.896755e+00 -4.090752e-01 6.321864e-01 1.903781e+00 -1.284941e-01 2.896667e-01 4.087903e-01 2.161053e-01 -8.534159e-01 -5.200232e-01 6.289292e-01 8.874986e-01 -6.332954e-01 7.463055e-01 -1.336763e-02 -7.713766e-01 -4.546493e-01 3.014714e-02 
-6.786402e+00 -5.981332e+00 -3.477967e+00 7.110447e+00 -2.857846e+00 -2.063646e+00 1.814926e+00 1.002277e+01 -7.355159e+00 -3.332406e+00 1.084580e+01 4.694385e+00 -2.169443e-02 -2.458887e+00 -1.208184e+00 -1.084026e+00 -2.034783e+00 5.878456e-01 2.102363e+00 2.918192e+00 1.181383e+00 2.737481e+00 1.114216e+00 -1.019527e+00 8.539622e-01 -7.567380e-02 6.946600e-01 7.256008e-01 2.811084e-01 -2.289906e-01 -5.714318e-01 -1.699959e-01 2.605618e-01 -7.356586e-01 -2.036951e-01 -1.070737e-01 -7.644013e-01 -5.454516e-01 3.631311e-02 
-7.244630e+00 -5.721169e+00 -5.844224e+00 4.444465e+00 -6.222982e+00 -2.011525e-01 6.179616e+00 8.544898e+00 -5.133818e+00 -1.401015e+00 7.318854e+00 5.625957e+00 -4.676377e-02 -1.175539e+00 -3.356193e-01 -1.457245e+00 -9.685661e-01 6.237946e-01 2.185373e+00 3.036439e+00 1.172757e+00 1.894651e+00 6.611282e-01 -5.514058e-01 1.246480e+00 -3.284528e-02 8.346530e-01 6.818725e-01 2.237749e-01 5.520139e-01 -2.043147e-01 -8.645700e-01 -4.286719e-01 -5.599128e-01 -8.721624e-01 -4.019456e-01 -2.988143e-01 -4.597808e-01 2.648187e-02 
-1.150334e+01 -4.084654e+00 -2.874380e+00 1.381151e+00 -2.684553e+00 6.226214e-01 6.795861e+00 1.136960e+01 -1.384447e+00 2.412344e+00 2.569841e+00 3.557763e+00 -5.238549e-02 -2.746530e-01 1.387910e-01 -7.571908e-01 8.384708e-02 3.196663e-01 7.155674e-01 2.326263e+00 2.249152e-01 7.598349e-01 -7.203389e-01 -1.289397e+00 1.591100e-01 -2.135414e-02 8.378584e-01 4.824360e-01 2.312727e-01 1.016677e+00 4.165978e-02 -9.852353e-01 -9.833701e-01 -5.576033e-01 -1.025122e+00 -9.223079e-01 1.476535e-01 -1.881999e-01 1.198408e-02 
-7.946845e+00 -6.432232e+00 -8.699335e+00 5.505115e+00 -1.975987e+00 1.051410e+00 1.168926e+01 1.308658e+01 -4.956715e+00 -3.958436e+00 7.752544e+00 6.913256e+00 -8.825907e-02 3.730410e-01 2.862512e-01 -9.282300e-01 1.024963e+00 4.481582e-01 -1.100432e+00 9.710549e-01 -4.504043e-01 -4.752127e-01 -1.501621e+00 -7.270126e-01 -4.767565e-02 -2.324835e-02 3.493604e-01 3.443646e-01 4.770808e-01 6.259208e-01 1.592751e-01 -9.184160e-01 -1.586028e+00 -6.104984e-01 -4.061439e-01 -3.856205e-01 1.773611e-01 -6.813030e-02 3.703915e-03 
-7.808974e+00 -4.931903e+00 -5.836273e+00 6.999345e+00 -3.383002e+00 8.879045e-01 1.069160e+01 8.876891e+00 -3.644229e+00 -5.655308e+00 4.182029e+00 4.846372e+00 -1.077243e-01 9.561602e-01 8.929690e-01 -1.920787e-01 2.051759e+00 8.838596e-01 -1.180994e+00 -9.659154e-01 -7.949299e-01 -1.203078e+00 -2.415984e+00 -1.935470e-01 5.600291e-01 -2.055297e-02 -9.742676e-02 1.844099e-01 2.226400e-01 -2.215630e-01 2.376853e-01 -1.434417e-01 -1.426318e+00 -2.591557e-01 2.340309e-01 5.469911e-01 3.402012e-01 8.799503e-03 3.089150e-03 
-7.226542e+00 -3.866452e+00 -9.004915e+00 6.760664e+00 -3.632826e+00 -5.835663e+00 9.087183e+00 7.539264e+00 -6.379947e+00 -4.874708e+00 2.877700e+00 4.743191e+00 -1.353410e-01 -4.408072e-02 1.009015e+00 6.455366e-01 1.177049e+00 1.138070e+00 -1.458438e+00 -3.247561e+00 -1.369726e+00 8.453333e-01 -4.192055e-01 -2.126214e-01 7.053762e-01 -1.472156e-02 -3.920657e-01 7.717405e-02 2.160021e-01 -9.223403e-01 8.690579e-02 7.444312e-01 -5.583860e-01 5.776799e-02 7.169800e-01 1.014950e+00 -5.718874e-02 -5.627163e-01 4.656884e-03 
-7.082241e+00 -9.024163e-01 -3.682444e+00 1.101221e+01 2.563494e+00 -1.838780e+00 3.267128e+00 1.016854e+01 -6.688391e+00 -9.209435e+00 4.039909e+00 7.443243e+00 -1.316166e-01 -5.532612e-01 6.994352e-01 -4.309164e-01 -1.100009e+00 1.163132e+00 1.772806e-01 -2.695903e+00 -6.111360e-01 1.269706e+00 1.473356e+00 1.543439e-01 -1.732855e-01 -1.017203e-02 -3.709190e-01 -1.934969e-02 -1.034418e-01 -1.306730e+00 -2.305866e-01 9.748712e-01 5.266889e-01 2.721794e-01 6.910228e-01 1.264030e+00 -2.674004e-01 -1.058650e+00 4.252039e-03 
-8.530482e+00 -3.401820e+00 -6.548535e+00 9.383806e+00 7.408402e-01 -4.877410e+00 -8.363705e-01 5.592370e+00 7.925039e-01 -4.277266e+00 6.760554e+00 9.141298e+00 -1.499223e-01 -8.324773e-01 7.689152e-01 2.711954e-01 -2.010782e+00 7.429397e-01 1.942729e+00 -9.559463e-01 -2.535828e-01 1.873357e+00 1.628502e+00 -1.186888e+00 -2.494487e+00 -5.158968e-03 3.519754e-03 9.098501e-02 -2.025286e-01 -8.318713e-01 -3.334037e-01 8.017049e-01 8.803303e-01 3.666456e-01 1.102623e-01 8.152124e-01 3.303819e-02 -7.886351e-01 3.498994e-03 
-9.922853e+00 -1.667267e+00 -9.218859e+00 1.877434e-01 2.460318e-01 1.295382e+00 2.173846e+00 6.794809e+00 -8.819681e-01 1.413215e+00 3.012490e+00 1.780439e+00 -1.512926e-01 -5.042524e-01 9.163754e-01 -5.220937e-01 -2.887980e+00 -7.156116e-02 1.992854e+00 5.216548e-01 7.672178e-03 1.737957e+00 2.880218e+00 -1.043277e+00 -3.133265e+00 -4.071659e-03 1.876795e-01 2.026205e-01 3.612571e-02 1.171998e-01 -3.214435e-01 2.382361e-02 4.403693e-01 -2.403318e-02 -2.466279e-01 1.343336e-01 3.701096e-01 1.846639e-01 2.522700e-03 
-9.968675e+00 3.606369e-01 -4.880530e+00 2.118851e+00 1.240927e+00 2.310586e+00 4.853616e+00 7.958623e+00 8.317578e-02 -2.043520e+00 -2.542821e+00 -4.897792e+00 -1.512926e-01 -5.101248e-02 1.355430e+00 -3.215037e-01 -2.088504e+00 8.846309e-02 1.642297e+00 -4.546279e-01 1.539679e-01 1.162591e+00 2.953490e+00 5.513359e-01 -1.757832e+00 -2.775247e-04 1.860977e-01 1.017354e-01 -4.355071e-03 4.525949e-01 -2.322083e-01 -3.586955e-01 1.408750e-01 -7.156427e-02 -3.817135e-01 -1.625382e-01 7.188733e-01 1.049852e+00 1.439781e-03 
-8.884604e+00 1.798404e+00 -7.126752e+00 2.051619e-01 1.955210e+00 4.530954e+00 3.030191e+00 9.024035e+00 2.355772e+00 4.074813e+00 3.475093e+00 -1.203605e+00 -1.512926e-01 -5.530398e-03 1.419243e+00 4.601092e-02 -4.751270e-01 -1.168569e-01 4.467433e-01 -7.447194e-01 -9.348879e-01 3.919232e-01 1.482515e+00 1.135748e+00 3.815841e-01 -2.836190e-06 6.350419e-03 -1.097905e-01 1.813338e-01 5.460626e-01 -1.842865e-01 -3.248085e-01 2.367951e-01 -1.299724e-01 -3.079284e-01 -5.934798e-01 2.723553e-01 9.949273e-01 8.416764e-04 
-9.305048e+00 1.642382e+00 -9.202198e+00 -1.066864e+00 3.287198e-01 1.715720e+00 -3.537937e+00 5.247502e+00 4.986235e+00 9.159129e+00 9.286139e+00 1.844312e+00 -1.512926e-01 -1.512190e-01 1.026262e+00 -3.459915e-02 -9.541410e-01 -3.954100e-01 9.223469e-01 3.814950e-01 -1.400319e-01 6.377713e-01 1.514710e+00 1.318123e+00 9.972850e-01 -2.836190e-06 -1.155763e-01 -2.765550e-01 1.827783e-01 2.649674e-01 -2.733189e-01 -1.232223e-01 5.532290e-01 1.947491e-02 -1.341763e-01 -7.034701e-01 -3.774994e-01 2.755098e-01 5.531047e-05 
-1.028260e+01 4.787999e+00 -6.828367e+00 -5.956215e-01 1.176016e-01 3.826227e+00 2.645961e+00 3.475341e+00 -1.373921e+00 3.224439e+00 2.776709e+00 3.175693e-01 -1.512926e-01 -4.224089e-01 5.318949e-01 2.411771e-01 -7.247067e-01 -7.510993e-01 7.287638e-01 1.287500e+00 -4.952965e-01 4.607521e-01 6.321250e-01 -6.494921e-02 4.637721e-01 -2.836190e-06 -6.708037e-02 -3.747239e-01 1.407154e-01 1.210751e-01 -1.860298e-01 -5.160369e-03 3.632663e-01 1.339816e-01 -1.468405e-01 -3.483993e-01 -4.577903e-01 -3.598025e-01 3.314976e-07 
-1.002575e+01 3.996826e+00 -5.202771e+00 -2.251798e+00 1.826964e-01 7.274908e+00 6.953350e+00 1.003289e+01 5.136795e+00 5.954842e+00 4.396635e+00 -6.719802e-01 -1.512926e-01 -4.205848e-01 4.162181e-01 4.948837e-01 -6.389020e-01 -9.610413e-01 8.850989e-01 1.295298e+00 3.143864e-02 4.572031e-01 -1.386101e-01 -7.358730e-01 -4.212663e-01 -2.836190e-06 -5.971300e-03 -3.178732e-01 1.496576e-01 5.701446e-01 1.027581e-01 -6.725030e-02 -1.709080e-01 -2.122951e-01 -5.837132e-01 -4.946721e-01 -4.670238e-01 -5.556278e-01 3.314976e-07 
-1.063592e+01 3.280804e+00 -7.920427e+00 -2.826140e+00 -1.727044e+00 5.395145e+00 4.222255e+00 4.154501e+00 4.584435e+00 8.837876e+00 5.595087e+00 2.373644e+00 -1.512926e-01 -2.064299e-01 -1.493538e-01 4.848776e-01 -2.745031e-02 -7.642463e-01 4.396129e-01 6.148316e-01 -3.507612e-01 -2.519491e-01 5.671801e-01 -1.262332e-01 -7.080131e-01 -2.836190e-06 9.260245e-02 -2.192835e-01 1.474909e-01 6.059908e-01 3.947490e-01 1.192798e-01 -3.499048e-01 -1.497149e-01 -6.769439e-01 -5.750324e-01 -1.174571e-01 -4.967454e-01 3.314976e-07 
-1.123121e+01 4.477481e+00 -6.181612e+00 -3.145794e+00 -3.553656e+00 5.356933e+00 2.150293e+00 5.065412e+00 4.293381e+00 5.658786e+00 4.197504e+00 -1.290408e+00 -1.512926e-01 -2.891245e-01 -2.224063e-01 5.917654e-01 1.547999e+00 1.250283e-01 7.307858e-01 -1.367018e-01 -1.273780e+00 -1.924383e+00 -9.261366e-01 -9.864234e-01 -1.194865e+00 -2.836190e-06 7.840750e-02 -2.397130e-01 -8.167095e-02 4.270366e-01 4.941604e-01 2.421411e-02 -2.732285e-01 -1.258749e-01 -3.003837e-01 -4.412483e-01 8.838876e-02 -1.324921e-01 3.314976e-07 
-1.071229e+01 3.801131e+00 -3.914564e+00 -2.858534e-01 -1.835242e+00 6.983170e+00 8.121861e+00 4.205542e+00 -2.211844e+00 6.208259e+00 2.244878e+00 -2.913780e+00 -1.512926e-01 -2.510958e-02 -2.450736e-01 9.301032e-01 1.211868e+00 6.796695e-01 1.402314e+00 2.539692e-01 -5.912426e-01 -1.733275e+00 -1.849243e+00 -5.269169e-01 -1.633234e+00 -2.836190e-06 4.227420e-03 -1.529832e-01 -3.303337e-01 -5.543404e-02 2.594569e-01 -2.027113e-01 -2.362344e-01 1.381537e-01 4.644130e-01 -2.838744e-01 1.583924e-01 1.774884e-01 3.314976e-07 
-1.143340e+01 2.624672e+00 -4.247029e+00 4.218024e+00 8.617933e-01 1.013460e+01 4.320334e+00 3.639039e+00 -1.086987e+00 2.639110e+00 1.139273e+00 -4.002907e+00 -1.512926e-01 -1.192356e-01 -7.343900e-01 -1.362501e-01 8.766078e-01 7.877218e-01 5.247512e-01 1.096637e-01 -4.776917e-01 -3.041085e-01 -1.136652e+00 -9.349916e-02 -6.210679e-01 -2.836190e-06 -7.345006e-03 -8.855756e-02 -4.391194e-01 -5.082865e-01 -1.124037e-01 -5.513868e-01 -5.463474e-02 3.537571e-01 8.972889e-01 3.195826e-01 2.930303e-01 4.223244e-01 3.314976e-07 
-1.066044e+01 2.981730e+00 -4.237184e+00 -4.487405e-01 -5.364251e-01 1.001776e+01 4.406812e+00 1.911481e+00 -1.391769e+00 1.101653e+00 4.489481e+00 -4.435937e+00 -1.512926e-01 -2.701534e-01 -6.581345e-01 -8.029197e-01 3.099636e-02 2.015483e-01 -4.710473e-01 -6.896425e-01 -5.781762e-02 1.259920e+00 -7.469830e-01 2.193197e-01 -1.073935e-01 -2.836190e-06 -4.401877e-02 -1.510311e-02 -3.936172e-01 -4.509418e-01 -2.741298e-01 -6.598164e-01 -4.315676e-02 2.344824e-01 6.966813e-01 5.197282e-01 1.463989e-01 4.348923e-01 3.314976e-07 
-1.185304e+01 1.215134e+00 -6.701515e+00 1.318538e+00 -2.646104e-01 6.463626e+00 4.555864e+00 3.823888e+00 2.362636e+00 2.528634e+00 2.607712e+00 -3.634733e+00 -1.512926e-01 -2.032680e-01 -4.585643e-01 -7.373656e-01 -4.031256e-01 -1.979988e-01 -1.089683e+00 6.198964e-02 2.282601e-01 1.065370e+00 1.206145e-01 1.054891e-01 1.537455e-01 -2.836190e-06 -1.009242e-02 7.514640e-02 -1.136910e-01 -2.993451e-01 -2.371140e-01 -3.847290e-01 6.564941e-02 1.698162e-01 2.544644e-01 3.382340e-01 2.842147e-02 1.810979e-01 3.314976e-07 
