-9.095655e+00 5.532851e+00 -8.068964e+00 4.958809e+00 5.242137e-01 4.408907e+00 2.438307e+00 -2.515538e+00 4.262211e+00 3.376333e+00 5.548391e+00 4.377593e-01 -1.512926e-01 1.354775e-01 6.817178e-01 4.577476e-01 2.181521e-02 3.224310e-01 -6.620997e-01 -2.245738e-01 -1.114012e+00 6.446635e-01 -2.305781e+00 -2.286129e+00 -1.900156e-01 3.939967e-07 8.362109e-02 1.107307e-01 1.460907e-01 5.848468e-02 1.294557e-01 2.684408e-01 -1.441468e-02 1.405210e-01 -2.019665e-01 4.712034e-01 3.214621e-03 -1.102761e-01 -3.081158e-07 
-9.121817e+00 5.477873e+00 -8.006441e+00 8.315150e+00 1.597024e+00 1.867203e+00 2.671060e+00 -6.082039e+00 3.533478e+00 -2.653732e+00 1.247590e+00 3.114383e+00 -1.512926e-01 5.344173e-01 1.274292e+00 1.169570e+00 3.918604e-01 8.002236e-01 -2.043853e-01 -2.182699e-01 -8.928981e-01 5.313454e-01 -1.093532e+00 -3.079703e+00 -5.944816e-01 3.939967e-07 -1.664555e-03 -4.369456e-02 2.101278e-02 -5.988405e-02 5.602085e-02 4.980693e-01 -1.284338e-01 1.369178e-01 -2.169561e-01 6.957239e-01 5.870942e-01 6.737068e-02 -3.081158e-07 
-8.404861e+00 8.969222e+00 -5.811842e+00 3.389421e+00 1.599793e+00 2.369448e+00 1.199114e+00 -6.302451e+00 7.850212e+00 -5.137747e+00 -3.731553e+00 -1.850724e+00 -1.512926e-01 3.542264e-01 9.391892e-01 8.322408e-01 1.291566e-01 7.307177e-01 4.512565e-01 -2.998212e-01 -5.222195e-01 -3.086182e-01 -5.560316e-01 -1.873279e+00 -5.391622e-01 3.939967e-07 -1.055781e-01 -3.191276e-01 -2.219388e-01 -1.312185e-01 -1.776514e-01 3.277646e-01 -9.963304e-02 1.489844e-01 -3.848400e-01 7.349152e-01 1.338188e+00 4.821407e-01 -3.081158e-07 
-6.768734e+00 1.018630e+01 -3.349947e+00 7.703483e+00 3.986893e+00 4.406816e+00 1.966875e+00 -5.085848e+00 5.125247e+00 2.165929e+00 -5.209885e+00 -1.390269e+00 -1.512926e-01 1.795692e-02 3.344845e-01 3.756354e-01 -3.314697e-01 3.984177e-01 1.271661e+00 -8.291543e-01 -7.255470e-01 3.651321e-02 2.978840e-01 4.429158e-01 3.213860e-01 3.939967e-07 -1.559574e-01 -4.093688e-01 -4.564733e-01 -1.094122e-01 -4.291471e-01 -2.369366e-01 2.680079e-01 2.700697e-01 -2.711740e-01 2.744907e-01 1.295868e+00 4.664684e-01 -3.081158e-07 
-8.501021e+00 7.874707e+00 -6.236076e+00 5.910591e+00 2.982760e+00 5.395173e+00 1.291784e+00 -5.624439e+00 1.923413e+00 -1.813490e+00 -5.891423e-01 -5.878132e-03 -1.512926e-01 -1.341029e-01 -4.439422e-01 -2.550611e-01 -2.727144e-01 -3.648516e-01 2.386287e-01 -4.173952e-01 -4.526919e-01 -1.032100e+00 6.731201e-01 2.643502e+00 1.762712e+00 3.939967e-07 4.680159e-02 -4.812465e-02 -2.171953e-01 1.167701e-01 -4.303044e-01 -6.672922e-01 4.575422e-01 1.499062e-01 -3.012808e-01 9.462225e-02 5.165735e-01 2.397961e-04 -3.081158e-07 
-8.983941e+00 7.697669e+00 -5.916327e+00 5.396640e+00 2.897467e+00 6.712485e+00 -1.521185e+00 -1.004829e+01 6.678866e+00 -2.826323e+00 1.891019e+00 3.798842e+00 -1.512926e-01 -1.267784e-03 -8.088732e-02 -5.691486e-01 4.573162e-02 -7.977650e-01 -1.282931e+00 1.180510e+00 4.228697e-01 -4.626331e-01 -3.356227e-01 1.141145e+00 5.868735e-01 3.939967e-07 2.143186e-01 2.949457e-01 4.373153e-02 2.786355e-01 -3.582005e-01 -9.275866e-01 3.594033e-01 3.011763e-03 -5.361397e-01 -1.135160e-01 -4.316252e-01 -6.079890e-01 -3.081158e-07 
-7.967547e+00 7.993742e+00 -5.803870e+00 3.179414e+00 3.203964e-01 2.409783e+00 8.559111e-01 -6.084932e+00 1.912513e+00 7.238913e-01 5.935431e+00 4.368608e+00 -1.512926e-01 5.977393e-01 9.062801e-01 2.186464e-01 5.244364e-01 -8.227159e-01 -1.607870e+00 9.829861e-01 -3.469858e-01 -1.565472e+00 2.337389e-01 3.604580e-01 -6.706590e-01 3.939967e-07 1.677656e-01 2.655397e-01 1.255476e-01 3.268877e-01 -7.117370e-02 -3.418331e-01 -1.193226e-01 -3.418089e-01 -1.613988e-01 -3.011555e-01 -1.053882e+00 -8.913746e-01 -3.081158e-07 
-7.042011e+00 9.722267e+00 -6.411895e+00 9.298244e+00 1.329514e+00 -5.149544e-01 8.086874e+00 -2.741156e+00 2.817591e+00 -7.809756e-01 -2.766546e+00 -6.429132e-01 -1.512926e-01 7.236232e-01 1.134112e+00 3.575466e-01 6.630386e-01 -1.163765e+00 -2.442976e+00 2.676359e-01 -7.631404e-01 -2.377537e+00 -5.005452e-02 -5.735654e-01 -1.501734e+00 3.939967e-07 -9.988382e-03 -1.464587e-01 -1.033695e-02 -7.513686e-02 8.831137e-02 2.846256e-01 -8.323668e-01 -4.587044e-01 1.839369e-01 -2.095830e-01 -3.869396e-01 -3.348839e-01 -3.081158e-07 
-6.483437e+00 1.139380e+01 -4.894979e+00 6.582183e+00 -3.464408e-01 9.696735e-01 1.402773e+00 -1.101208e+01 -3.973022e+00 -1.667772e+00 3.541732e+00 -1.138348e+00 -1.512926e-01 3.422788e-01 2.762608e-01 -9.072700e-02 1.053234e+00 -5.378873e-01 -8.904864e-01 -5.574833e-01 -1.568770e+00 -8.816801e-01 -9.754679e-01 -1.768503e+00 -1.649781e+00 3.939967e-07 -2.034502e-01 -4.734482e-01 -3.387067e-01 -4.358686e-01 1.982033e-01 6.520677e-01 -5.682954e-01 3.133085e-01 1.052826e+00 -1.293101e-01 9.348708e-02 3.788044e-01 -3.081158e-07 
-6.107990e+00 1.166818e+01 -4.582783e+00 7.010296e+00 -2.587878e+00 -4.782102e+00 -4.560176e-01 -1.140026e+01 -2.265637e+00 -1.880861e+00 2.198491e-01 -9.563855e-01 -1.512926e-01 7.660857e-02 -4.981578e-01 -4.660972e-01 -5.943618e-01 -4.986789e-01 -2.183801e-01 -2.211024e+00 -1.259737e+00 1.151744e-01 -7.788069e-01 2.708097e-01 -5.980335e-01 3.939967e-07 -2.761494e-01 -4.486118e-01 -4.312580e-01 -7.401708e-01 1.005216e-01 9.301287e-01 -1.188335e-01 7.587682e-01 1.312242e+00 3.360710e-01 8.136765e-01 7.874843e-01 -3.081158e-07 
-6.723129e+00 8.402293e+00 -7.172242e+00 9.589771e+00 -4.106876e-01 9.096739e-02 2.339710e+00 -9.599367e+00 4.552265e-02 -3.603358e+00 -4.400075e+00 -3.723822e+00 -1.512926e-01 -9.587072e-02 -6.447721e-01 -1.063138e+00 -1.026364e+00 -1.642726e-01 5.401651e-01 -6.191221e-01 1.468006e+00 2.452146e+00 -4.844879e-02 4.057491e-01 7.714981e-01 3.939967e-07 -2.086862e-01 -1.177154e-01 -1.301008e-01 -7.064174e-01 -2.832032e-01 2.804881e-01 1.278647e-01 6.460625e-01 6.829324e-01 6.501057e-01 1.142060e+00 7.778462e-01 -3.081158e-07 
-6.538940e+00 8.726613e+00 -7.604028e+00 4.822223e+00 -1.131802e+00 -1.167485e+00 -3.437086e+00 -9.746308e+00 1.384259e+00 -3.707063e+00 2.558723e+00 -2.340776e+00 -1.512926e-01 -4.381140e-01 -6.483583e-01 -1.312544e+00 -1.998085e+00 -8.478287e-01 1.492286e+00 -2.957186e-01 1.512269e+00 2.516570e+00 1.166758e+00 2.407615e+00 1.225086e+00 3.939967e-07 -6.956415e-02 1.868794e-01 3.234183e-01 -4.869093e-02 -3.594736e-01 -2.773984e-01 4.299511e-01 -6.385747e-02 -3.118692e-01 3.832015e-01 1.990428e-01 1.679413e-01 -3.081158e-07 
-6.747169e+00 9.640557e+00 -8.700068e+00 2.544533e+00 -1.896117e+00 1.863020e+00 -2.027911e-01 -4.499241e+00 6.462426e+00 -9.967136e-01 4.400911e+00 3.411038e+00 -1.512926e-01 -4.438705e-01 -2.371000e-01 -3.180978e-01 -1.776812e+00 -1.779273e+00 -3.432755e-01 -8.758837e-01 2.757301e-01 1.332194e+00 1.302232e+00 2.873412e+00 1.327865e+00 3.939967e-07 1.292343e-01 3.519090e-01 6.808552e-01 2.958021e-01 -2.014353e-01 -5.727393e-01 1.776677e-01 -8.301722e-01 -1.344560e+00 -1.047368e-01 -3.790540e-01 -3.911475e-01 -3.081158e-07 
-8.286077e+00 7.807120e+00 -1.038190e+01 5.427131e-01 -6.084342e+00 1.793106e+00 -6.634478e-01 -6.388649e+00 7.108632e+00 2.649636e+00 7.857535e+00 1.601508e+00 -1.512926e-01 -9.739132e-02 2.324875e-01 7.785225e-01 -4.625391e-01 -1.488450e+00 -1.163563e+00 6.710971e-02 -9.830414e-01 -8.842686e-01 4.619230e-01 3.221440e-02 -3.660264e-02 3.939967e-07 3.232667e-01 4.891371e-01 6.754341e-01 5.629872e-01 3.931616e-01 -2.815967e-01 2.061596e-01 -4.506600e-01 -1.042088e+00 -4.793017e-01 -1.122675e+00 -3.541040e-01 -3.081158e-07 
-8.068657e+00 7.676485e+00 -7.373658e+00 2.844698e+00 -6.830934e+00 -3.105957e+00 -3.426310e+00 -9.899035e+00 3.844124e+00 -2.703958e-01 7.317480e+00 9.446293e-01 -1.512926e-01 3.799679e-01 6.744397e-01 1.295643e+00 -3.152743e-01 -8.510692e-01 -9.957419e-01 8.782275e-02 -1.435374e+00 -2.570379e+00 -2.197559e-01 -3.019124e-01 -5.533699e-01 3.939967e-07 3.070554e-01 2.500169e-01 1.839672e-01 4.681646e-01 7.981820e-01 5.042147e-01 8.400726e-02 -5.954413e-03 2.453650e-02 -1.857658e-01 -1.085274e+00 -3.026733e-01 -3.081158e-07 
-6.365005e+00 1.087075e+01 -4.375073e+00 2.359359e+00 -6.106496e+00 -4.500653e+00 -1.489397e+00 -1.196084e+01 -1.727651e+00 -1.760880e+00 1.261773e+00 -1.290375e+00 -1.512926e-01 7.664171e-01 1.341482e+00 1.257711e+00 8.584338e-02 6.537589e-01 4.105656e-01 2.532268e-01 1.146445e-01 -7.424771e-01 -4.686456e-01 -1.618062e+00 3.952208e-01 3.939967e-07 1.641407e-01 -1.423774e-01 -2.715847e-01 3.418505e-01 8.063992e-01 7.146162e-01 -2.713052e-01 4.410136e-01 9.960563e-01 -4.315645e-02 -3.097725e-01 9.083717e-02 1.800368e-03 
-5.807845e+00 1.148055e+01 -5.225217e+00 6.007376e-02 -6.140281e+00 3.151057e-02 6.495584e-01 -8.889538e+00 -1.970951e+00 1.096058e-01 6.189365e+00 2.090216e+00 -1.512926e-01 6.596494e-01 4.584211e-01 3.620414e-01 2.896037e-01 1.140625e+00 1.390794e+00 -5.489780e-01 -3.027227e-01 1.384108e+00 8.386803e-01 -1.727788e+00 -4.013929e-01 3.939967e-07 8.086886e-02 -3.713119e-01 -2.079936e-01 4.757040e-01 6.563467e-01 5.491182e-01 -1.066595e-01 5.939414e-01 1.156414e+00 -1.486328e-01 -7.177460e-02 9.924599e-02 1.389436e-02 
-5.584415e+00 1.261239e+01 -5.167310e+00 2.364758e+00 -3.161114e+00 2.277425e+00 -1.435519e+00 -6.320385e+00 6.303989e+00 1.160401e-01 3.314059e-01 3.004735e+00 -1.512926e-01 5.835109e-01 -3.714789e-01 -1.127625e-01 9.441976e-01 1.547615e+00 1.216270e+00 -9.710436e-01 6.557061e-01 2.118806e+00 -2.830558e-01 -8.037562e-01 3.416396e-01 8.999355e-03 3.385047e-01 -1.479238e-01 2.326503e-01 2.955701e-01 -2.592068e-02 1.765651e-01 3.021879e-01 1.475599e-01 1.001863e-01 -2.773803e-01 3.663322e-01 1.583312e-01 4.020899e-02 
-5.160888e+00 9.097839e+00 -5.167310e+00 4.289917e+00 -2.600062e+00 4.587631e-01 -6.197793e+00 -1.423264e+01 6.748937e+00 2.984598e+00 -8.561695e-01 -3.209888e+00 -1.512926e-01 8.756830e-01 -3.258069e-01 9.408832e-01 1.634007e+00 1.983607e+00 1.346928e+00 1.666724e-01 1.263668e+00 1.780865e+00 -1.055670e+00 -1.067845e+00 -3.040566e-02 6.497102e-02 7.995708e-01 2.236108e-01 9.791592e-01 -2.827606e-01 -8.699878e-01 -6.456306e-02 7.372880e-01 -1.371790e-01 -5.041193e-01 -7.336462e-01 3.870228e-01 5.895557e-01 6.080085e-02 
-3.770816e+00 1.020496e+01 -4.967573e+00 4.965287e+00 -1.381926e-01 1.367048e+00 -2.920396e+00 -6.010882e+00 4.506290e+00 -4.613542e+00 7.659046e-01 3.067967e+00 -1.062837e-01 2.350989e+00 9.939322e-01 2.131565e+00 8.916568e-01 1.027339e-01 1.315292e+00 1.406353e+00 6.916869e-02 -4.399119e-01 -9.084493e-01 -1.163590e-01 1.001391e+00 1.685550e-01 9.230185e-01 4.298869e-02 1.286558e+00 -1.044009e+00 -1.440859e+00 -2.714356e-01 5.610345e-01 -9.049183e-01 -4.183913e-01 -5.269361e-01 1.496633e-01 2.555495e-01 5.639067e-02 
-2.336199e+00 1.105536e+01 -6.207563e-01 6.929856e+00 2.266630e+00 7.221005e+00 2.224950e+00 -2.725536e+00 7.832305e+00 -2.803613e+00 6.328002e-01 1.906572e+00 1.510680e-01 3.773726e+00 8.938338e-01 4.135696e+00 -1.097925e+00 -2.486970e+00 1.018342e+00 1.948894e+00 -6.950277e-01 1.429287e-01 -2.516894e+00 -1.364365e-01 2.216527e+00 2.242265e-01 5.004165e-01 -5.201211e-01 8.531896e-01 -1.380441e+00 -1.411288e+00 -5.473062e-01 -1.277131e-01 -1.039914e+00 -9.474274e-02 -3.502181e-01 1.213499e-01 5.991170e-02 1.816508e-02 
4.757696e+00 1.660358e+01 3.217064e+00 5.502993e+00 -5.081317e+00 5.472855e+00 1.384454e+00 -1.172886e+01 3.563063e+00 -1.531895e+00 -9.952745e-01 5.453317e+00 5.403016e-01 3.749614e+00 -7.662826e-01 4.722650e+00 -2.909734e+00 -3.421493e+00 2.341351e-02 9.430609e-01 -2.889591e+00 8.457025e-01 -2.187125e+00 -5.211772e-01 4.959594e-01 2.113259e-01 -4.081895e-01 -1.145182e+00 9.993993e-02 -7.888870e-01 -4.263694e-01 -5.404307e-01 -4.708258e-01 -1.242744e-01 3.581994e-01 -1.496409e-01 4.129127e-02 -1.855085e-01 -3.167164e-02 
9.443357e+00 1.036788e+01 1.141891e+01 -1.468824e+00 -1.256330e+01 3.497634e+00 1.394152e+00 -1.484933e+01 7.935075e+00 -1.114094e+01 -6.578766e-01 6.680299e+00 6.465345e-01 2.678461e+00 -2.046257e+00 3.911285e+00 -3.367347e+00 -3.310834e+00 -7.437168e-01 -2.402837e-01 -2.456459e+00 6.643648e-01 -2.167350e+00 -2.586757e-01 5.218809e-01 1.344141e-01 -1.077553e+00 -9.215849e-01 -7.484645e-01 2.905825e-01 6.812879e-01 -4.452693e-01 -5.114660e-01 9.013890e-01 -1.013127e-01 5.718911e-01 6.934182e-02 -1.655341e-01 -5.343490e-02 
9.087354e+00 6.717649e+00 1.262572e+01 -5.383925e+00 -9.830593e+00 3.346153e+00 2.210403e+00 -1.439636e+01 8.683661e+00 -1.138052e+01 -1.194658e+00 3.161134e+00 7.026111e-01 8.575444e-01 -3.261889e+00 2.743515e+00 -1.918050e+00 -1.617255e+00 -5.059217e-01 1.468599e-01 3.282800e-01 1.090458e+00 -1.831496e+00 1.512786e-01 9.211323e-01 5.510611e-02 -1.179754e+00 -5.170863e-01 -1.024549e+00 6.451668e-01 1.683393e+00 -7.045901e-01 -4.490772e-01 2.142911e+00 -6.860998e-01 1.006272e+00 -7.755745e-02 2.334310e-02 -4.487777e-02 
8.891146e+00 5.767389e+00 1.423118e+01 -4.463455e+00 -1.191252e+01 4.566064e+00 6.107663e-01 -1.367438e+01 8.593349e+00 -8.715969e+00 -5.610486e-01 5.662187e+00 7.419983e-01 -1.680991e-01 -2.466269e+00 1.382908e+00 -1.408917e-01 1.735014e-02 -9.432906e-01 -2.103649e-01 2.203098e+00 -4.862171e-01 1.647766e-01 -1.258841e-01 1.176266e+00 3.515981e-02 -9.512520e-01 -4.574022e-01 -1.050727e+00 1.701793e-02 2.351483e+00 -1.067591e+00 -4.035725e-01 2.795012e+00 -1.028757e+00 1.202523e+00 -3.273838e-01 -4.050877e-01 -2.002739e-02 
9.321743e+00 2.594307e+00 1.552864e+01 -2.589584e+00 -1.349321e+01 2.408588e+00 2.509965e+00 -1.067481e+01 8.686387e+00 -1.190170e+01 -2.874753e-01 1.056810e+01 7.681041e-01 -7.259415e-01 -3.141750e+00 8.641428e-01 -1.297354e+00 3.331439e+00 -3.399683e+00 -1.317361e+00 5.495145e+00 -2.009397e+00 1.678229e+00 -9.753954e-01 2.854889e-01 3.656698e-02 -5.933946e-01 -4.116711e-01 -1.025976e+00 -7.896410e-01 2.199347e+00 -8.678977e-01 -5.013510e-01 2.338575e+00 -1.058417e+00 9.673747e-01 -4.166049e-01 -8.948666e-01 1.461167e-04 
8.485649e+00 9.810836e-02 1.688190e+01 -3.569979e+00 -1.064531e+01 -7.503914e-01 1.921344e-01 -5.695017e+00 5.503238e+00 -1.005657e+01 -1.740987e+00 8.857788e+00 7.896072e-01 -1.286173e+00 -4.393350e+00 -4.027315e-01 -3.592575e+00 5.972179e+00 -4.634759e+00 -1.526093e+00 8.935141e+00 -2.929460e+00 2.090481e+00 -1.332214e+00 -1.185688e+00 4.354867e-02 -2.797408e-01 -3.189183e-01 -1.004683e+00 -7.558296e-01 1.234798e+00 1.240560e-01 -2.591311e-01 9.932294e-01 -3.019824e-01 7.265327e-02 -1.519459e-01 -8.949784e-01 4.291333e-03 
5.660606e+00 -6.156259e+00 1.562095e+01 -1.231687e+01 6.192883e+00 -1.099429e+01 -4.167671e+00 9.089332e+00 1.813816e-01 -2.319149e+00 -5.481549e+00 2.990608e+00 8.616354e-01 -1.550432e+00 -4.356855e+00 -1.493432e+00 -4.140204e+00 6.401852e+00 -2.999712e+00 -1.702004e+00 8.655414e+00 -2.979935e+00 2.042563e+00 -1.328666e+00 -2.372182e+00 5.164232e-02 8.164083e-02 3.383048e-01 -8.646262e-01 3.649327e-01 -4.505005e-01 1.566627e+00 -5.788608e-02 -1.145916e+00 4.687400e-01 -6.302282e-01 1.622428e-01 -3.314477e-01 -8.572258e-05 
4.291039e+00 -1.182453e+01 1.217170e+01 -1.756274e+01 8.105332e+00 -1.190646e+01 -3.680614e+00 2.111940e+01 -1.801225e+00 -3.054929e+00 -4.625098e+00 3.522368e+00 9.129863e-01 -1.154533e+00 -3.453437e+00 -2.461786e+00 -2.498447e+00 4.656103e+00 -5.228566e-01 -1.313659e+00 5.589128e+00 -1.510826e+00 3.457181e-01 -7.090651e-01 -1.969832e+00 4.907893e-02 3.759283e-01 1.028980e+00 -4.544761e-01 1.345346e+00 -1.345087e+00 2.038296e+00 -2.030224e-01 -2.696477e+00 9.139642e-01 -6.566917e-01 2.373823e-01 1.272661e-01 -6.612085e-03 
3.667062e+00 -1.322874e+01 1.041644e+01 -1.629406e+01 9.140481e+00 -7.011882e+00 -4.063687e+00 1.919529e+01 -2.561490e+00 -5.189600e+00 -5.488641e+00 1.375149e+00 9.646358e-01 -3.835897e-01 -1.920105e+00 -2.429555e+00 -1.980311e-02 1.737177e+00 2.377491e+00 -1.713011e+00 1.438497e+00 -3.750560e-01 -6.005698e-01 -4.757928e-01 -9.796765e-01 3.336887e-02 4.860512e-01 1.140814e+00 -8.469895e-02 1.293034e+00 -1.294336e+00 1.384579e+00 -3.382496e-01 -2.490926e+00 8.309152e-01 -2.433136e-01 2.435406e-01 3.079300e-01 -1.159227e-02 
3.709838e+00 -1.363275e+01 7.175314e+00 -1.407359e+01 1.116093e+01 -5.355755e+00 -6.427852e+00 1.719770e+01 -6.793180e-01 -6.892416e+00 -5.282711e+00 -1.834676e-01 9.834862e-01 1.013670e-02 -4.668309e-01 -2.207008e+00 1.073949e+00 1.579209e+00 2.868017e+00 -2.535628e+00 -9.387782e-01 3.379280e-01 1.286052e-01 -5.716978e-01 -1.245693e+00 1.962689e-02 3.936501e-01 8.250914e-01 2.389273e-01 5.466325e-01 -7.449344e-01 5.020243e-01 -2.771220e-01 -1.412722e+00 2.925002e-01 3.346008e-01 2.512386e-01 7.452238e-02 -1.152255e-02 
4.033670e+00 -1.485235e+01 5.971852e+00 -1.416051e+01 1.335141e+01 -2.381719e+00 -1.135876e+01 1.824249e+01 -2.254737e+00 -3.403138e+00 -7.531848e+00 -5.464797e-02 9.932364e-01 2.976384e-01 -1.460726e-01 -2.044428e+00 5.387486e-01 1.468550e+00 2.227546e+00 -2.782283e+00 -5.351548e-01 2.502071e-01 9.345176e-01 -1.794864e-01 -1.194606e+00 8.404016e-03 2.456001e-01 3.550833e-01 3.510588e-01 -1.358001e-01 -2.203003e-01 -2.355371e-01 7.021171e-02 -3.115585e-01 -1.331417e-01 4.146637e-01 3.576579e-01 -1.507837e-01 -8.231474e-03 
4.158465e+00 -1.334676e+01 3.358895e+00 -1.326002e+01 1.389696e+01 1.184550e-01 -1.271110e+01 1.690150e+01 -2.647341e-01 -3.305488e+00 -6.462103e+00 -1.991315e+00 9.968202e-01 4.731589e-01 -2.149497e-01 -1.459776e+00 -4.466110e-02 1.065610e+00 2.062195e+00 -2.164595e+00 -4.876578e-01 -3.608193e-01 1.251102e+00 3.990254e-01 -1.489718e+00 3.951277e-03 1.574615e-01 -3.472973e-02 4.440381e-01 -3.498614e-01 -2.114465e-01 -4.089450e-01 3.854502e-01 1.913852e-01 -4.129058e-01 1.589750e-01 3.879240e-01 -4.510079e-02 -4.895080e-03 
4.930924e+00 -1.410183e+01 2.102560e+00 -1.400719e+01 1.511598e+01 1.388859e+00 -1.483335e+01 1.666721e+01 -1.517829e+00 -2.310823e+00 -5.796309e+00 -3.693887e+00 9.999999e-01 6.129453e-01 -2.706420e-01 -1.047789e+00 -1.393851e-01 8.925742e-01 1.602716e+00 -1.547506e+00 -3.445605e-01 -6.914265e-01 9.115302e-01 8.271896e-01 -1.611466e+00 4.959553e-05 3.169788e-02 -4.069466e-02 3.857968e-01 -1.326684e-01 -2.575096e-01 -3.314286e-01 4.528321e-01 1.709390e-01 -3.389781e-01 -3.782173e-02 2.395227e-01 5.857076e-02 -2.426776e-03 
5.626667e+00 -1.508285e+01 1.810926e+00 -1.437322e+01 1.560670e+01 3.070083e+00 -1.551383e+01 1.554722e+01 -2.852283e+00 -1.183308e+00 -4.155141e+00 -5.812180e+00 9.998595e-01 6.397730e-01 -5.782155e-01 -4.852823e-01 -3.361776e-01 8.102688e-01 1.135711e+00 -1.225904e+00 -7.736460e-02 -1.255716e+00 9.349402e-01 8.644496e-01 -1.262772e+00 -6.687469e-04 -1.296098e-01 1.461017e-01 1.503349e-01 1.367206e-01 -3.152044e-01 -3.064822e-01 3.519394e-01 1.790672e-01 -7.988067e-02 -1.227573e-01 4.771248e-02 1.939779e-01 -1.400059e-03 
6.364127e+00 -1.533757e+01 1.506704e+00 -1.430088e+01 1.695865e+01 4.156141e+00 -1.769481e+01 1.719654e+01 -4.418359e+00 9.333084e-02 -4.549273e+00 -6.201666e+00 9.919539e-01 3.726908e-01 -1.679066e-01 -6.026951e-01 2.106193e-02 3.086594e-01 1.033866e+00 -9.875540e-01 1.142403e-01 -9.971554e-01 9.034170e-01 7.854471e-01 -1.015120e+00 -1.411690e-03 -2.149626e-01 2.552144e-01 1.102652e-02 2.527115e-01 -3.477842e-01 -2.871335e-01 3.711141e-01 6.703193e-02 1.834904e-01 -1.871100e-01 -1.135514e-02 1.351162e-01 -9.538124e-04 
6.640586e+00 -1.562002e+01 1.230595e+00 -1.479431e+01 1.702622e+01 4.413389e+00 -1.740980e+01 1.625068e+01 -5.093372e+00 1.671359e-01 -2.763273e+00 -7.051270e+00 9.974878e-01 -5.481457e-02 4.642223e-01 -9.305959e-01 5.587103e-01 -2.183868e-01 8.141822e-01 -6.849636e-01 1.783107e-01 -6.075883e-01 6.413433e-01 6.584452e-01 -8.180261e-01 -2.321918e-03 -1.330333e-01 1.902979e-01 3.845308e-02 2.206400e-01 -2.576832e-01 -2.706446e-01 3.363679e-01 1.549737e-02 3.318560e-01 -2.727596e-01 -9.100068e-02 5.689458e-02 -1.473272e-03 
6.287412e+00 -1.467279e+01 -6.203367e-01 -1.369083e+01 1.594953e+01 5.886663e+00 -1.882302e+01 1.688646e+01 -5.382997e+00 1.531205e+00 -2.564980e+00 -8.149769e+00 9.941148e-01 -1.144437e-01 4.842632e-01 -7.698795e-01 6.767858e-01 -3.322858e-01 3.276548e-01 3.769120e-02 -1.373927e-01 -9.808804e-02 1.227738e-01 8.733211e-01 -1.158331e+00 -3.891448e-03 5.230606e-02 -1.150644e-01 3.292317e-01 -4.770501e-02 -3.170751e-02 -3.442060e-01 3.090599e-01 1.390525e-02 2.316486e-01 -2.637284e-01 -2.054935e-01 6.801322e-02 -1.475015e-03 
5.390864e+00 -1.309407e+01 -1.778481e+00 -1.188498e+01 1.501961e+01 6.275970e+00 -1.837422e+01 1.659374e+01 -5.407911e+00 1.304491e+00 -1.854998e+00 -8.928405e+00 9.871579e-01 2.182414e-01 4.726830e-02 -2.093457e-01 4.391283e-01 -1.577919e-01 1.354900e-01 -5.656812e-02 1.259630e-01 -4.588692e-02 -3.856081e-02 3.655941e-01 -9.066731e-01 -6.794338e-03 1.547428e-01 -2.923726e-01 4.583755e-01 -2.310287e-01 1.075815e-01 -3.689091e-01 2.395417e-01 1.922414e-03 2.033916e-01 -2.185723e-01 -2.888941e-01 1.216229e-01 -1.285011e-03 
6.416803e+00 -1.417900e+01 -8.376985e-01 -1.237194e+01 1.630123e+01 4.863050e+00 -1.702403e+01 1.633804e+01 -4.751194e+00 1.391278e-01 -6.368744e-01 -1.105477e+01 9.776361e-01 4.977057e-01 -5.346531e-01 6.829259e-01 -1.576520e-01 1.197459e-01 -3.478620e-01 2.436208e-01 2.096385e-01 -1.198026e-01 -7.523929e-02 -9.562784e-02 -6.306810e-01 -6.553250e-03 3.055670e-02 -1.326452e-01 2.916049e-01 -1.185755e-01 2.199428e-02 -2.462458e-01 5.106268e-02 1.014721e-01 1.358425e-01 -9.188306e-02 -4.581738e-01 3.373469e-01 -5.720621e-04 
7.666878e+00 -1.563062e+01 2.923311e-01 -1.325840e+01 1.606196e+01 5.602226e+00 -1.859242e+01 1.715489e+01 -5.638754e+00 6.705245e-01 -1.899730e+00 -1.013218e+01 9.717509e-01 4.127694e-01 -4.881374e-01 6.347986e-01 -1.791203e-01 9.349885e-02 -6.925591e-01 4.098254e-01 1.459767e-02 4.201843e-01 -3.525252e-01 -3.015388e-01 -4.737161e-01 -7.419198e-03 -1.591124e-01 1.031612e-01 6.256278e-02 1.141603e-01 -9.866115e-02 -1.674517e-01 4.361219e-04 1.930612e-01 9.897440e-02 -3.303308e-02 -4.550946e-01 4.230275e-01 -4.388692e-05 
7.637889e+00 -1.607750e+01 1.758894e+00 -1.379232e+01 1.602707e+01 4.483900e+00 -1.749600e+01 1.765414e+01 -5.866873e+00 1.471783e+00 -3.021026e+00 -1.070161e+01 9.690629e-01 -5.894190e-02 8.882659e-02 2.661158e-01 3.929903e-01 -3.478396e-01 -4.896923e-01 5.980511e-02 4.254972e-01 3.481381e-01 -1.796969e-01 -1.084094e+00 3.118639e-01 -6.440087e-03 -2.128816e-01 1.886933e-01 -4.746446e-02 2.681963e-01 -2.306588e-01 3.686532e-02 -1.106489e-01 3.385311e-01 -6.438075e-02 6.269792e-02 -3.905445e-01 6.262360e-01 -6.173840e-04 
6.843865e+00 -1.458553e+01 9.720903e-02 -1.207015e+01 1.562387e+01 3.002858e+00 -1.608925e+01 1.600829e+01 -2.749124e+00 -1.124642e+00 -2.170576e+00 -1.147385e+01 9.543586e-01 -2.989792e-01 2.512625e-01 3.117216e-01 7.345995e-01 -4.170215e-01 -6.308170e-01 3.749107e-02 9.833343e-01 2.149749e-01 -1.515542e-01 -1.415699e+00 7.371880e-01 -7.069867e-03 -1.256828e-01 4.490723e-02 1.162746e-01 1.821890e-01 -3.043830e-01 1.666474e-01 -8.334091e-02 3.950934e-01 -2.934352e-01 2.108100e-01 -2.535211e-01 7.434288e-01 -1.621440e-03 
6.533821e+00 -1.425718e+01 5.906790e-01 -1.100122e+01 1.478090e+01 3.714547e+00 -1.797660e+01 1.903909e+01 -4.454952e+00 1.379924e-01 -5.921776e+00 -8.824811e+00 9.541303e-01 -2.107845e-01 3.914651e-02 6.071721e-01 7.263135e-01 -7.781608e-01 -1.943889e-01 -1.235102e-01 1.417881e+00 -3.391048e-01 1.376480e-01 -1.491247e+00 1.895040e+00 -9.815312e-03 1.666129e-02 -1.383311e-01 2.524801e-01 -2.027315e-02 -3.246948e-01 1.137124e-01 2.226833e-01 1.809505e-02 -1.839151e-01 1.457852e-01 1.260813e-01 5.518138e-01 -2.653386e-03 
6.724019e+00 -1.528461e+01 2.435317e+00 -1.098071e+01 1.459924e+01 2.832853e+00 -1.816463e+01 2.137915e+01 -5.269716e+00 5.796875e-01 -7.527484e+00 -7.384587e+00 9.438531e-01 -1.397508e-01 -2.387877e-01 1.045689e+00 5.651131e-01 -1.213343e+00 -7.045898e-03 8.472080e-02 1.494079e+00 -7.035061e-01 5.428016e-01 -1.365552e+00 2.451785e+00 -1.383508e-02 5.220537e-02 -1.483075e-01 2.493416e-01 -1.001329e-01 -3.917063e-01 7.416407e-03 5.917656e-01 -5.342046e-01 3.448706e-02 6.513425e-02 4.163501e-01 2.582034e-01 -2.435492e-03 
6.643768e+00 -1.553226e+01 3.625352e+00 -1.070537e+01 1.264858e+01 3.596828e+00 -1.707576e+01 2.205832e+01 -6.302089e+00 1.307898e+00 -7.798603e+00 -3.271103e+00 9.252311e-01 -5.524902e-02 -3.577667e-01 1.161457e+00 3.762300e-01 -1.573024e+00 -2.328454e-01 1.149691e+00 2.607736e-01 -1.121809e-01 2.020466e-01 -4.787810e-01 2.213580e+00 -1.632467e-02 5.002372e-02 -7.536796e-02 1.866064e-01 -1.156177e-01 -3.438492e-01 -1.591160e-01 8.543442e-01 -8.960359e-01 2.548666e-01 -7.923935e-02 5.863807e-01 -2.558521e-01 -1.391344e-03 
6.090497e+00 -1.514187e+01 3.808305e+00 -9.392423e+00 1.062314e+01 3.026162e+00 -1.611619e+01 2.196865e+01 -5.343290e+00 1.004351e+00 -8.059902e+00 -1.991652e+00 8.996347e-01 -1.157471e-01 -2.917376e-01 1.281282e+00 4.089974e-01 -1.978070e+00 -5.744847e-01 2.359653e+00 -1.109363e+00 2.740787e-01 1.419582e-01 1.597765e-01 1.868892e+00 -1.599503e-02 2.881139e-02 8.209208e-02 5.974522e-02 -4.538519e-02 -2.976703e-01 -1.249820e-01 8.519763e-01 -9.752231e-01 2.275663e-01 -1.303603e-01 6.551740e-01 -5.442384e-01 -1.537769e-03 
6.574123e+00 -1.611735e+01 5.711270e+00 -9.914473e+00 8.903987e+00 2.453405e+00 -1.325257e+01 2.004859e+01 -4.978923e+00 9.362228e-01 -8.049538e+00 -4.528790e-01 8.946103e-01 2.740636e-02 -3.111455e-01 1.422265e+00 2.261404e-01 -2.114976e+00 -7.064363e-01 3.010762e+00 -1.760577e+00 4.465006e-01 -5.808323e-02 6.779625e-01 9.071513e-01 -1.569490e-02 -1.425099e-02 2.834693e-01 -1.235741e-01 1.522053e-01 -2.702407e-01 -3.961582e-03 5.910449e-01 -7.864307e-01 1.135813e-01 -8.612829e-02 5.734632e-01 -6.441944e-01 -3.101376e-03 
6.179939e+00 -1.645074e+01 7.798446e+00 -9.330878e+00 6.581687e+00 5.319637e-01 -8.278022e+00 1.683729e+01 -4.560836e+00 1.475189e+00 -6.603117e+00 5.511071e-01 8.791857e-01 -3.689323e-02 1.484216e-01 1.214079e+00 4.133287e-01 -2.430750e+00 -3.953740e-01 3.414116e+00 -2.371369e+00 1.550083e-01 2.110511e-02 1.331835e+00 3.838092e-01 -2.184017e-02 -3.146922e-02 4.123256e-01 -3.061087e-01 2.904665e-01 -1.525944e-01 -1.473112e-02 3.339228e-01 -6.030849e-01 8.143333e-02 -9.427739e-02 4.608104e-01 -5.855840e-01 -4.007815e-03 
6.735685e+00 -1.643360e+01 8.741746e+00 -9.605130e+00 4.094340e+00 1.312073e+00 -5.940795e+00 1.582143e+01 -4.460402e+00 7.817999e-01 -5.137332e+00 -6.887164e-03 8.569800e-01 -1.659269e-01 8.396181e-01 5.771337e-01 1.135152e+00 -2.697756e+00 -3.423346e-01 3.577619e+00 -3.040369e+00 5.150954e-01 -1.682032e-01 1.802582e+00 -2.649083e-01 -2.891043e-02 -1.288378e-01 4.508360e-01 -4.129974e-01 2.745178e-01 4.363703e-02 -1.366642e-01 1.860582e-01 -4.234262e-01 6.988812e-02 -4.805243e-03 1.129009e-01 -2.500134e-01 -2.480814e-03 
5.824997e+00 -1.424205e+01 8.363671e+00 -7.481301e+00 8.736940e-01 1.619814e+00 -2.701113e+00 1.222484e+01 -4.827104e+00 1.186782e+00 -2.856827e+00 -2.958064e-01 8.092481e-01 -1.764624e-01 1.194446e+00 1.733696e-01 1.407084e+00 -2.449544e+00 -8.301556e-01 3.745825e+00 -3.484819e+00 6.469644e-01 -2.745201e-01 1.901475e+00 -4.730360e-01 -2.942704e-02 -1.020875e-01 2.762137e-01 -3.165229e-01 -4.045557e-02 3.122617e-01 -1.219398e-01 -1.334012e-01 2.521771e-02 9.355261e-02 9.827675e-02 -3.332793e-01 2.851132e-02 1.422104e-03 
5.921864e+00 -1.302345e+01 8.314157e+00 -5.164200e+00 -1.731069e+00 1.979299e-01 1.847266e+00 7.152487e+00 -2.269919e+00 2.390486e-01 -9.099022e-01 -1.353944e+00 7.850395e-01 -5.470539e-01 1.419957e+00 -1.223002e-01 1.102008e+00 -1.887340e+00 -1.172148e+00 3.775243e+00 -3.320904e+00 5.500400e-01 6.564327e-02 9.577399e-01 8.559869e-02 -2.430516e-02 -5.409123e-02 1.190328e-01 -1.195082e-01 -5.101028e-01 5.599959e-01 1.849017e-02 -4.243173e-01 5.173518e-01 -2.323898e-02 2.451287e-01 -5.933571e-01 1.044142e-01 4.355830e-03 
5.704797e+00 -1.218365e+01 8.878962e+00 -4.516362e+00 -2.753479e+00 -3.062037e+00 6.556739e+00 3.746811e+00 -2.421349e+00 3.741687e-01 7.907253e-01 -1.140702e+00 7.680163e-01 -3.567619e-01 1.239274e+00 -1.870066e-02 2.276470e-01 -1.274586e+00 -5.901260e-01 2.648334e+00 -2.105183e+00 6.055486e-01 3.954961e-01 8.796445e-02 3.511617e-01 -1.703318e-02 5.109776e-02 -1.033146e-03 7.932543e-02 -7.535678e-01 6.201211e-01 1.533224e-01 -6.175836e-01 7.745218e-01 -1.941184e-02 2.834799e-01 -5.667711e-01 1.141431e-02 4.971162e-03 
4.060184e+00 -1.036282e+01 7.872719e+00 -5.577737e+00 -3.529425e+00 -2.207830e+00 8.306157e+00 3.456400e+00 -2.913011e+00 1.516066e+00 -2.172212e+00 8.433898e-01 7.560526e-01 -3.462264e-01 1.412363e+00 7.558041e-02 -8.258049e-01 -4.852313e-01 -3.697363e-01 2.004729e+00 -1.143319e+00 4.197529e-01 7.224754e-01 -2.573684e-01 -1.549498e-01 -1.332830e-02 2.689940e-01 -1.515516e-01 2.975610e-01 -6.487700e-01 4.532289e-01 9.789271e-02 -6.855575e-01 7.329590e-01 -4.977383e-02 2.206394e-01 -1.657646e-01 -2.145902e-01 4.160597e-03 
4.971934e+00 -9.375744e+00 8.490815e+00 -6.135957e+00 -4.600574e+00 -1.277381e-01 7.311570e+00 3.547226e+00 -1.477733e+00 2.525871e+00 -1.785719e+00 3.610729e-01 7.385550e-01 -2.136141e-02 1.193180e+00 4.709031e-01 -1.396785e+00 -4.988755e-02 -4.648779e-01 1.543038e+00 -7.008890e-01 6.151835e-01 8.145097e-01 -3.247914e-01 -2.957420e-01 -1.006132e-02 2.723504e-01 -1.925735e-01 3.707103e-01 -3.551390e-01 2.773671e-01 -1.525447e-01 -5.189043e-01 4.374942e-01 -2.527399e-01 2.420623e-01 1.097091e-01 -2.342294e-01 2.954335e-03 
4.556891e+00 -7.365772e+00 8.886515e+00 -8.483830e+00 -3.233669e+00 -3.118207e+00 1.149358e+01 1.535754e+00 -6.435042e-01 2.775673e+00 -9.085385e-01 -2.879599e+00 7.331265e-01 6.302150e-01 6.851985e-01 1.120675e+00 -1.329556e+00 -2.336165e-01 -7.452456e-01 9.000339e-01 -3.581022e-01 2.965122e-01 9.592798e-01 3.352444e-01 -6.639330e-01 -6.996064e-03 2.459693e-01 -9.940207e-02 2.496982e-01 4.137602e-02 7.610115e-02 -9.382944e-02 -6.718135e-01 2.619415e-01 -4.831338e-01 4.165540e-01 1.284095e-01 -6.571777e-02 1.610365e-03 
5.349502e+00 -7.716320e+00 1.072696e+01 -1.004782e+01 -3.150591e+00 -4.931192e+00 1.267836e+01 1.202533e+00 -4.803956e-01 3.817271e+00 -1.464959e+00 -7.579427e-01 7.291737e-01 5.168218e-01 6.400540e-01 1.312307e+00 -1.296035e+00 -1.359539e-02 -1.164974e+00 6.061489e-01 -3.102010e-01 -5.963715e-01 1.487399e+00 3.401937e-01 -5.655372e-01 -5.426535e-03 1.191316e-01 1.687056e-01 -1.474698e-01 5.132271e-01 4.161164e-02 -1.298496e-01 -7.998598e-01 2.811308e-01 -6.855896e-01 4.935084e-01 5.180554e-02 -3.950647e-03 -4.430688e-04 
7.022750e+00 -7.766758e+00 1.235843e+01 -1.026970e+01 -5.422490e+00 -3.532612e+00 1.012292e+01 2.838553e+00 -1.929688e+00 5.666940e+00 -6.562400e-01 -1.916647e+00 7.257656e-01 6.144659e-01 1.191914e+00 9.033900e-01 -6.693125e-01 -1.229579e-01 -4.888691e-01 -8.858900e-01 -2.905915e-02 -1.390318e+00 2.468760e+00 5.229189e-02 -3.486430e-01 -7.591403e-03 -2.103087e-02 3.793965e-01 -5.089725e-01 1.226165e+00 -8.992303e-02 -9.571563e-02 -5.374871e-01 -6.234914e-02 -7.064475e-01 2.021989e-01 -2.360224e-01 2.491800e-01 -2.592376e-03 
6.323118e+00 -5.975184e+00 1.331641e+01 -1.172356e+01 -3.574841e+00 -5.745362e+00 1.102753e+01 1.344267e+00 -3.816921e+00 8.517330e+00 -2.111039e-01 -2.947877e+00 7.150843e-01 5.822075e-01 1.783223e+00 -1.577104e-01 8.391160e-01 1.027339e-01 -1.242357e+00 -1.563316e+00 5.402985e-01 -1.969419e+00 2.527243e+00 7.573119e-02 -4.731115e-01 -1.197526e-02 1.193666e-01 3.636993e-01 -7.085908e-01 2.064200e+00 -7.743315e-01 2.271880e-01 -1.822389e-02 -7.619622e-01 -1.187899e-01 -6.280019e-01 -3.688401e-01 6.090832e-01 -3.406428e-03 
7.142242e+00 -2.276534e+00 1.210834e+01 -1.099204e+01 -3.636318e+00 -5.154976e+00 7.889681e+00 1.319970e+00 -5.926822e+00 1.276926e+01 -1.274030e+00 -3.527733e+00 7.022071e-01 4.923836e-01 2.010633e+00 -6.891925e-01 3.733755e+00 -7.415446e-01 -1.185084e+00 -7.026747e-01 -1.095215e+00 -2.549384e+00 1.450298e+00 -7.125204e-01 5.357107e-01 -1.667893e-02 1.778683e-01 1.822051e-01 -6.032357e-01 2.076379e+00 -1.186470e+00 5.201560e-01 5.130847e-01 -1.269012e+00 6.017970e-01 -1.455934e+00 -1.602822e-01 7.986308e-01 -2.219341e-03 
8.200706e+00 -1.545681e+00 1.006354e+01 -5.490819e+00 -3.529979e+00 -1.033160e+01 5.978629e+00 4.663167e+00 -8.328684e+00 1.290211e+01 -7.776160e-01 -2.317905e+00 6.810730e-01 1.174698e+00 2.049238e+00 -1.434451e+00 6.823302e+00 -3.576059e+00 3.189521e-01 4.234340e-01 -3.587090e+00 -6.108958e-01 -1.143225e+00 -1.121541e+00 2.037646e+00 -1.791880e-02 2.132445e-01 3.187648e-03 -3.639220e-01 1.065286e+00 -1.066277e+00 9.043305e-01 5.794628e-01 -1.234823e+00 1.090013e+00 -1.550279e+00 1.927718e-01 6.362093e-01 2.681373e-04 
8.546103e+00 7.137598e-02 1.053897e+01 5.283268e+00 -9.152679e+00 -7.165155e+00 9.134262e+00 -4.296763e+00 -1.242080e+01 1.072581e+01 -3.935574e+00 4.471769e-01 6.593766e-01 1.207608e+00 1.969919e+00 -1.474466e+00 6.720481e+00 -4.215870e+00 1.331287e+00 6.861993e-01 -4.310256e+00 9.394633e-01 -2.975628e+00 -1.504441e-01 2.389211e+00 -1.571950e-02 1.244683e-01 -2.774777e-01 -2.209758e-01 -4.862667e-01 -2.139348e-01 6.771966e-01 1.997508e-01 -2.152769e-01 1.153097e+00 -9.820679e-01 5.946795e-01 2.511914e-01 2.715523e-03 
1.149453e+01 3.097178e+00 6.929419e+00 1.425529e+01 -1.869665e+01 -3.145694e+00 1.252211e+01 -1.378314e+01 -3.624616e+00 3.822948e+00 -4.487903e+00 5.252520e+00 6.469034e-01 1.290806e+00 1.819508e+00 -1.584643e+00 4.671956e+00 -3.491485e+00 2.021034e+00 6.396700e-01 -4.026083e+00 1.736142e+00 -3.011208e+00 7.584592e-01 1.781227e+00 -1.111423e-02 -2.235885e-01 -5.557362e-01 1.786531e-01 -1.724296e+00 9.908255e-01 6.795704e-02 7.771438e-03 7.927893e-01 3.150803e-01 8.336473e-02 4.845050e-01 -1.476828e-01 3.121678e-03 
1.153306e+01 5.251908e+00 6.302930e+00 1.273664e+01 -1.713202e+01 -2.091606e+00 8.049159e+00 -1.100803e+01 -3.581406e+00 2.430871e+00 -1.707361e-01 4.632975e+00 6.407019e-01 1.056634e+00 7.381484e-01 -1.719049e+00 2.378052e+00 -1.853478e+00 1.349750e+00 1.879858e-01 -1.951980e+00 2.042589e+00 -2.526106e+00 1.320909e+00 1.919903e+00 -6.504049e-03 -4.552459e-01 -5.572013e-01 4.043070e-01 -1.703707e+00 1.370963e+00 -3.111064e-01 6.591348e-02 1.179173e+00 6.963298e-02 7.461307e-01 -1.616340e-01 -2.853808e-01 1.378525e-03 
1.316106e+01 4.961887e+00 4.258554e+00 1.414191e+01 -1.699743e+01 -2.762960e+00 9.719377e+00 -1.211183e+01 -4.067617e+00 1.993717e+00 1.132215e+00 4.495410e+00 6.348519e-01 1.321104e-01 -1.135855e-01 -4.187374e-01 3.730286e-01 1.967046e-01 6.494191e-01 7.114152e-01 -8.025528e-01 4.128503e-01 -9.512127e-01 5.653418e-01 1.533877e+00 -6.917342e-03 -6.199436e-01 -5.165631e-01 6.404108e-01 -1.042095e+00 1.208295e+00 -2.332250e-01 1.246217e-01 1.082556e+00 6.395605e-02 8.366530e-01 -6.290305e-01 -3.677928e-01 -2.799811e-03 
1.299596e+01 2.829854e+00 3.278748e+00 1.722994e+01 -1.926988e+01 -6.075755e-01 1.147580e+01 -1.489214e+01 -1.986523e+00 -9.899008e-01 -1.412786e-01 1.042515e+01 6.328843e-01 -4.892712e-01 1.505311e-01 -3.591243e-02 3.513720e-01 7.948771e-01 4.616057e-01 9.798841e-01 -2.643165e-02 1.949404e+00 -2.749426e-01 -8.620276e-01 1.086032e+00 -1.093219e-02 -5.750688e-01 -2.326187e-01 5.076648e-01 -4.793072e-01 7.297816e-01 1.295929e-01 6.789529e-02 9.353264e-01 1.984163e-01 7.826757e-01 -7.428850e-01 -8.267859e-01 -7.769538e-03 
1.142382e+01 3.740268e+00 6.347410e+00 1.387414e+01 -1.664407e+01 -6.404411e-01 1.436581e+01 -1.585362e+01 -2.358286e+00 7.776365e-01 -1.676344e+00 1.002591e+01 6.162300e-01 -1.035926e+00 -4.694678e-01 7.758914e-01 4.747204e-01 1.225846e+00 1.299181e+00 8.668129e-01 4.238803e-01 2.102556e+00 4.645890e-02 -1.295328e+00 3.591725e-01 -2.289800e-02 -4.817949e-01 -2.181773e-01 -2.693022e-01 -1.893879e-01 3.001672e-01 4.370420e-01 -4.962420e-02 9.992628e-01 4.984004e-01 4.824189e-01 -3.139031e-01 -8.134324e-01 -1.506637e-02 
9.955265e+00 6.615260e+00 5.078907e+00 1.462833e+01 -1.333481e+01 -8.451040e-01 1.062560e+01 -9.269618e+00 5.310934e+00 1.664055e+00 -3.076668e+00 7.297826e+00 5.953593e-01 -1.234582e+00 -2.470150e-01 2.219353e-01 -6.933079e-02 1.280933e+00 1.672808e+00 4.498506e-01 2.111742e+00 2.189558e+00 8.884583e-01 -1.463232e+00 -1.626656e+00 -3.736325e-02 -5.890984e-01 -3.686957e-01 -6.867637e-01 -8.710666e-01 3.813565e-01 -8.257314e-02 -1.588818e-01 8.788479e-01 -2.908837e-01 3.083893e-01 3.890130e-01 -5.157154e-01 -2.172696e-02 
9.501689e+00 7.220319e-01 7.238257e+00 1.781677e+01 -1.383660e+01 3.851686e+00 1.447842e+01 -1.280372e+01 2.796569e+00 8.987525e-01 -3.876658e+00 7.854811e+00 5.391245e-01 -1.904188e+00 -1.005823e+00 -1.894346e+00 -3.634838e-01 1.454454e+00 2.228957e+00 7.282258e-01 3.124742e+00 2.784766e+00 8.793309e-01 -7.036489e-01 -1.176997e+00 -6.903428e-02 -6.382694e-01 -2.076428e-01 -7.104097e-01 -1.550077e+00 7.092962e-01 -1.316385e+00 -3.985021e-01 7.570084e-01 -8.271300e-01 -1.050308e-01 7.474743e-01 4.013281e-02 -2.097566e-02 
7.783896e+00 3.103735e+00 3.943422e+00 1.491230e+01 -1.426916e+01 5.510501e+00 1.366863e+01 -5.858735e+00 6.384181e+00 3.391850e+00 -6.357093e+00 3.377403e+00 4.846466e-01 -3.000757e+00 -1.424781e+00 -2.134543e+00 -3.584666e+00 2.587288e+00 -4.160723e-01 2.547278e-01 3.017418e+00 1.540017e-01 8.505966e-01 7.872214e-01 -7.244669e-01 -9.649366e-02 -3.718063e-01 -2.701175e-01 -2.883117e-01 -1.277325e+00 7.093540e-01 -1.949111e+00 -4.917765e-01 1.222535e-01 -1.338436e+00 -4.403204e-01 1.102706e+00 5.006066e-01 -1.019426e-02 
2.988288e+00 4.668134e-01 -2.556031e+00 1.191443e+01 -8.904000e+00 7.326474e+00 1.648537e+01 -1.935294e+00 1.102869e+01 4.310440e+00 -3.554262e+00 6.101451e+00 3.264304e-01 -3.344194e+00 -9.188036e-01 -1.597908e+00 -5.517941e+00 4.119173e+00 -4.238434e+00 -1.028180e+00 3.756351e+00 -1.015131e+00 -4.597718e-01 1.316800e+00 1.087996e-01 -9.821079e-02 3.124256e-01 -1.069367e-01 1.131361e-01 -2.439616e-01 -3.205472e-02 -1.520033e+00 -6.959814e-01 -3.139886e-01 -1.666932e+00 -6.893302e-01 9.642558e-01 -6.728220e-02 7.003678e-03 
-1.792119e+00 -3.810568e-01 -6.967070e-01 -3.437453e-01 -2.864250e+00 -4.662889e+00 1.089553e+01 3.827872e-01 1.964677e+00 4.211277e+00 6.985341e-01 4.552252e+00 2.192313e-01 -2.373618e+00 -1.641222e+00 -1.367797e+00 -3.878631e+00 3.495402e+00 -4.839037e+00 -1.130744e+00 2.407436e+00 -2.602592e+00 -6.436713e-01 3.040102e+00 2.334948e-01 -7.374287e-02 9.315437e-01 1.016961e-01 -7.018320e-02 1.308403e+00 -9.376938e-01 1.653697e-01 -3.951562e-01 -5.895100e-01 -1.067666e+00 -7.005457e-01 4.965213e-01 -5.653861e-01 1.806398e-02 
-2.431298e+00 -2.129253e+00 1.568807e+00 -2.144735e+00 1.056465e+00 -1.225364e+01 1.072420e+01 2.856487e+00 -6.931516e-02 -1.810084e+00 -8.201658e-01 7.811423e+00 1.807752e-01 -6.555595e-01 -1.432164e+00 -1.712032e+00 -1.436144e+00 8.400802e-01 -3.159771e+00 -2.058928e+00 1.859704e+00 -4.171645e+00 -1.820256e+00 2.991263e+00 -1.992277e+00 -4.538802e-02 1.019817e+00 2.992014e-01 -1.818154e-01 1.916021e+00 -1.378477e+00 1.414758e+00 -8.083140e-03 -8.532999e-01 -6.828468e-01 -1.448943e-01 4.106597e-02 -6.789750e-01 1.640973e-02 
-1.373895e+00 -3.804314e+00 -4.958341e+00 2.548851e+00 -1.772054e+00 -8.894482e+00 1.089553e+01 3.782100e+00 -1.079888e+00 3.233643e+00 7.476223e+00 3.689530e+00 1.887510e-01 3.127358e-01 -6.595389e-01 -2.428459e+00 9.163265e-01 -4.615766e-01 -1.284131e-01 -1.205591e+00 1.018098e+00 -3.606061e+00 -1.972041e+00 2.432735e+00 -2.500807e+00 -3.258086e-02 5.880852e-01 7.438847e-01 2.899999e-01 1.585853e+00 -9.550543e-01 1.187624e+00 -2.697480e-02 -8.065417e-01 -1.104978e-01 1.461212e-01 -7.808490e-01 -2.302345e-01 6.935695e-03 
-4.982063e-01 -4.982556e+00 -8.985409e+00 3.286847e+00 -5.249688e+00 -6.356661e+00 6.190908e+00 5.663986e+00 -8.307274e+00 -4.302046e+00 8.013005e+00 -3.428848e+00 1.147201e-01 4.117919e-01 8.640060e-02 -1.976677e+00 1.664703e+00 -7.948487e-01 4.801871e-01 -1.031181e+00 1.841720e-01 -3.927465e+00 -5.201138e-01 1.825928e+00 -1.918896e+00 -3.674331e-02 3.414803e-02 8.998797e-01 7.247234e-01 9.240670e-01 -1.464604e-01 6.272430e-01 1.845654e-01 -8.621823e-01 9.636532e-01 6.837943e-01 -8.993973e-01 6.737836e-01 7.893399e-04 
-1.195010e+00 -2.251819e+00 -7.562067e+00 1.522028e+00 -2.019072e+00 -8.253603e+00 7.134311e+00 4.070197e+00 -1.194666e+01 -4.402724e+00 8.445322e+00 -2.331695e+00 8.935206e-02 3.316291e-02 1.319015e+00 2.144805e-01 2.500271e+00 -4.625487e-01 -7.210192e-01 -1.779452e+00 -7.875963e-01 -3.277180e+00 -5.631307e-01 -2.815547e-01 -9.543596e-01 -4.338552e-02 -1.806939e-01 8.318238e-01 8.257273e-01 2.300933e-01 1.550335e-01 2.470843e-01 1.801900e-01 -6.864620e-01 1.861182e+00 9.441036e-01 -6.531382e-01 9.357980e-01 -3.049082e-03 
-4.621465e-01 -2.473243e+00 -7.012787e+00 6.692316e+00 -2.793911e+00 -1.017355e+01 7.448959e+00 3.634002e+00 -1.427339e+01 -5.928673e-01 7.825077e+00 1.227494e+00 4.674998e-02 -3.449230e-01 2.078034e+00 5.900699e-01 2.391988e+00 1.082425e-01 2.728514e-01 -8.491669e-01 -1.548155e+00 4.821641e-01 8.942051e-01 -1.486698e-01 6.034240e-01 -3.604465e-02 -2.951466e-01 6.050171e-01 4.755304e-01 -4.218917e-01 3.648061e-01 5.595835e-01 3.554140e-01 -3.957736e-01 2.513199e+00 6.546843e-01 -1.867931e-01 7.537093e-01 -2.864307e-03 
-1.226474e+00 1.536108e+00 -4.872319e+00 1.334723e+01 -5.312827e+00 -1.059124e+01 1.368829e+00 8.588993e-01 -1.448243e+01 -1.436895e+00 6.162363e+00 -3.410686e+00 5.816851e-03 -2.123051e-01 2.503848e+00 4.167463e-01 1.703120e+00 -1.378636e-01 1.210507e+00 -3.956815e-01 -1.548155e+00 3.494874e+00 2.041295e+00 1.542668e-01 9.170514e-01 -4.817283e-02 -3.622071e-01 -5.637649e-03 -2.601719e-01 -1.118533e+00 4.609833e-01 8.291871e-01 4.085371e-01 3.669777e-02 2.026961e+00 3.721960e-01 2.454933e-01 3.498065e-01 -1.107210e-03 
-2.207515e+00 3.513800e+00 -7.379533e+00 9.334955e+00 -3.061975e+00 -3.823622e+00 4.827796e+00 -4.716690e-01 -4.628960e+00 -1.313886e+00 8.410955e+00 1.276503e-01 -2.373230e-02 -9.412147e-01 2.519037e+00 2.997720e-01 -4.635597e-02 8.669752e-01 2.312221e+00 5.390140e-02 -1.414355e+00 5.252455e+00 1.450974e+00 6.740403e-01 9.139529e-01 -4.867468e-02 -4.008390e-01 -4.464141e-01 -4.336119e-01 -1.146777e+00 4.513772e-01 3.987705e-01 -6.771798e-02 3.514539e-03 2.912244e-01 -2.685170e-01 -1.494675e-01 -3.004384e-01 1.962482e-03 
-1.383794e+00 7.273985e+00 -5.294874e+00 8.716809e+00 -2.574585e+00 -5.376072e+00 6.466225e+00 -1.617693e+00 7.053534e-01 6.164272e+00 8.923462e+00 2.803265e+00 -1.162622e-01 -1.479832e+00 1.070193e+00 -9.413395e-01 -1.873231e+00 1.462879e+00 2.405245e+00 -1.883511e-01 -6.711781e-01 4.472458e+00 1.019453e+00 5.346185e-01 6.393211e-01 -4.260813e-02 -3.812042e-01 -6.607677e-01 -3.081416e-01 -7.838994e-01 2.347760e-01 -7.976492e-04 -3.995317e-01 -8.983424e-02 -8.756709e-01 -7.530949e-01 -6.552411e-01 -4.293364e-01 9.885109e-03 
-5.089476e+00 7.252801e+00 -5.302427e+00 8.776195e+00 1.719642e-01 -1.220070e+00 5.169920e+00 -2.199672e+00 4.394956e+00 2.861211e+00 9.814825e+00 2.690590e+00 -1.356045e-01 -1.715308e+00 5.628442e-01 -8.989130e-01 -1.553655e+00 1.564789e+00 1.669163e+00 -1.291445e+00 -1.969160e+00 1.449395e+00 6.251630e-02 -1.086242e+00 -7.599106e-01 -2.901375e-02 -1.831221e-02 -5.540618e-01 1.031322e-02 -9.131759e-02 -3.079129e-01 -2.881679e-01 -4.335572e-01 -1.273749e-01 -1.327592e+00 -5.647413e-01 -7.039071e-01 -3.322299e-01 1.251030e-02 
-7.184836e+00 5.017874e+00 -1.061730e+01 4.260224e+00 3.851970e-01 1.333939e-01 2.562492e-01 -1.632734e+00 3.368034e+00 1.572461e+00 8.133836e+00 -1.495545e+00 -1.512926e-01 -1.731274e+00 1.781663e-01 -5.246391e-01 -1.462697e+00 6.869727e-01 1.528155e+00 -1.720715e+00 -1.719952e+00 1.018124e+00 -1.029979e+00 -2.241865e+00 -3.927020e-01 -8.575434e-03 2.761096e-01 -2.251538e-01 3.929298e-01 5.450086e-01 -4.610904e-01 -2.455157e-01 -7.233788e-03 7.231108e-02 -9.212777e-01 -3.581572e-01 -1.670413e-01 5.197779e-02 1.110880e-02 
-7.883761e+00 7.455564e+00 -9.212841e+00 3.794320e+00 3.282394e+00 1.767411e+00 1.476047e+00 -1.031035e+01 1.286939e+00 1.294272e+00 3.374534e+00 -1.522116e+00 -1.512926e-01 -9.071099e-01 1.947264e-01 1.431120e-01 -7.081060e-01 -2.844904e-01 1.309765e+00 -1.347681e+00 -1.526730e+00 3.416669e-01 -3.480461e-01 -1.457162e+00 -2.312028e-01 -3.138664e-03 4.007991e-01 -1.533654e-01 3.320493e-01 6.014962e-01 -4.098769e-01 -2.873769e-01 4.077907e-01 7.555839e-01 -3.057458e-01 -1.866479e-01 4.893491e-01 3.490243e-01 6.660277e-03 
-8.643140e+00 8.063347e+00 -5.962905e+00 3.894195e+00 -6.948134e-01 7.706873e-01 -2.900734e-01 -6.161873e+00 7.349986e+00 1.797661e+00 9.341944e-01 2.946211e+00 -1.512926e-01 -5.034997e-01 1.284863e-01 5.023667e-01 4.289591e-01 8.231957e-02 1.357395e+00 -1.964561e-01 -5.307083e-01 4.200405e-01 -5.661731e-01 -1.151450e-01 6.348623e-01 3.939967e-07 4.242267e-01 -5.307798e-02 1.232650e-01 5.371212e-01 9.467688e-02 -3.967152e-01 5.330573e-01 8.977858e-01 -2.866101e-01 -4.370252e-02 6.062452e-01 1.624099e-01 2.028721e-03 
-8.895205e+00 6.703527e+00 -6.914177e+00 5.418774e+00 -7.114289e-01 5.010347e+00 -1.294898e+00 -7.569383e+00 4.111949e+00 1.008514e+00 6.128814e+00 -6.863015e-01 -1.512926e-01 -3.252638e-01 -1.790872e-01 2.478078e-01 5.080527e-01 -1.820947e-01 3.177761e-01 -1.464173e-02 1.213947e+00 2.197205e-01 -1.102744e+00 2.970505e-01 4.713982e-01 3.939967e-07 2.533869e-01 4.298869e-02 7.162175e-02 1.704159e-01 2.700179e-01 -6.609644e-01 3.622860e-01 7.096637e-01 1.911471e-02 1.588070e-01 7.290916e-02 1.903462e-01 6.272267e-04 
-9.196057e+00 6.036226e+00 -9.254803e+00 5.593151e+00 2.793343e+00 5.298668e+00 6.597952e-01 -5.656257e+00 4.055503e+00 -1.115180e+00 6.180910e+00 1.260792e+00 -1.512926e-01 9.898309e-02 9.969081e-02 3.929316e-02 6.148291e-01 1.109031e+00 4.058368e-02 2.780425e-01 1.398478e+00 -3.539167e-01 -8.711792e-01 -8.787700e-02 6.806578e-02 3.939967e-07 1.424585e-01 4.483747e-02 1.106038e-01 -3.233621e-02 1.164932e-01 -3.888053e-01 1.511576e-01 3.426768e-02 4.207756e-02 5.285411e-01 -3.272712e-01 -5.507404e-02 -3.081158e-07 
-9.233532e+00 7.573590e+00 -6.327972e+00 5.485178e+00 6.277840e-01 1.092172e+00 9.275688e-01 -4.493456e+00 4.032536e+00 -2.762737e+00 2.236872e+00 1.677522e+00 -1.512926e-01 5.857862e-02 4.241408e-01 7.326975e-01 5.119284e-02 5.523353e-01 -1.336440e+00 2.266101e-01 1.056904e+00 8.239880e-01 5.984954e-01 -1.106226e+00 1.003960e+00 3.939967e-07 4.686872e-02 -3.525297e-02 -1.165657e-02 -1.051785e-01 -3.002933e-02 1.228400e-02 6.992859e-02 -6.169113e-01 2.498300e-02 5.626078e-01 -2.076714e-01 -1.948672e-01 -3.081158e-07 
-7.979214e+00 8.126395e+00 -6.059417e+00 6.934715e+00 4.180741e+00 2.932645e+00 -1.152431e-02 -7.071217e-01 5.620412e+00 -6.723496e-01 2.440893e+00 2.104679e+00 -1.512926e-01 1.697940e-02 5.096003e-02 8.128364e-01 4.956237e-01 2.976422e-01 2.403927e-01 4.387436e-01 -2.806922e-01 3.282931e-01 1.225833e+00 -1.049822e+00 9.323155e-02 3.939967e-07 -7.278628e-02 -1.711207e-01 -1.867015e-01 -3.160500e-01 -4.696549e-01 8.170798e-02 -6.130923e-02 -8.176866e-01 -1.945673e-01 2.312248e-01 5.672471e-02 -3.547466e-01 -3.081158e-07 
-9.210552e+00 7.778874e+00 -4.847981e+00 5.004158e+00 1.356652e+00 -4.892595e-01 1.732771e-01 -4.759570e+00 7.449642e+00 3.779800e+00 2.467896e+00 3.911517e+00 -1.512926e-01 -4.992693e-02 -3.310808e-01 -1.972865e-01 4.177693e-02 7.324653e-02 2.792020e-01 2.546277e-01 -1.031145e+00 3.581918e-03 6.617109e-01 -2.602632e-01 -5.155079e-01 3.939967e-07 -4.868746e-02 -1.315987e-01 -3.698068e-01 -3.179059e-01 -5.028134e-01 1.318441e-01 -2.812400e-01 -4.882006e-01 -5.543824e-01 -2.605780e-01 5.909042e-02 -7.648233e-01 -3.081158e-07 
-9.122877e+00 6.188550e+00 -5.930594e+00 8.311911e+00 3.917662e+00 7.291218e+00 3.230313e+00 -6.926661e+00 3.988158e+00 1.742401e+00 8.163643e-01 6.099672e-01 -1.512926e-01 -2.107845e-01 -3.784404e-01 -4.291522e-01 -9.608290e-01 -9.998022e-01 -3.585640e-01 -4.255930e-02 -1.645776e+00 -9.163371e-01 2.532613e-01 -2.271120e-01 -9.459710e-01 3.939967e-07 -5.335283e-02 2.959378e-02 -2.564984e-01 -3.872684e-01 -5.383446e-01 -2.973555e-01 -4.225414e-01 6.585879e-02 -4.533459e-01 -4.780415e-01 -1.617842e-01 -4.628600e-01 -3.081158e-07 
-8.911468e+00 6.887123e+00 -7.379113e+00 5.006317e+00 1.126250e+00 3.087766e-01 5.800558e-01 -6.539639e+00 4.866375e+00 -6.621305e-01 1.747823e+00 -1.525240e-01 -1.512926e-01 -7.088947e-02 -1.918276e-02 -4.953682e-01 -8.101745e-01 -1.313146e+00 -3.777334e-01 -9.390234e-01 -7.014953e-01 -1.325605e+00 -2.181502e-01 -1.222115e+00 -2.300615e+00 3.939967e-07 -3.029449e-02 8.809189e-02 1.452171e-02 5.082928e-02 -1.102927e-01 1.341562e-01 -1.311105e-01 1.960778e-01 -3.065750e-01 -2.707433e-01 -9.026986e-03 -1.465024e-02 -3.081158e-07 
-9.182624e+00 6.680325e+00 -6.940194e+00 2.129376e+00 -7.031211e-01 7.408095e-01 -4.274623e-01 -8.045495e+00 2.329822e+00 2.814657e+00 1.665178e+00 -5.934706e-01 -1.512926e-01 -2.392414e-01 4.294371e-02 -3.206193e-01 -1.014688e+00 -1.700856e+00 -9.178881e-01 -1.077110e+00 -1.163728e-01 -1.273836e+00 -7.245498e-01 -1.377786e+00 -1.328445e+00 3.939967e-07 3.797431e-02 1.066146e-01 1.115311e-01 4.064575e-01 3.352354e-01 3.448012e-01 2.994854e-01 1.240970e-01 3.219078e-02 -5.970670e-02 5.535237e-01 3.698927e-01 -3.081158e-07 
-9.535444e+00 7.437406e+00 -6.820183e+00 4.044278e+00 -2.898588e+00 8.976679e-01 -2.692492e+00 -7.708225e+00 1.650916e+00 2.153060e+00 -4.067314e+00 -6.989719e+00 -1.512926e-01 -1.872152e-01 -1.013500e-01 -1.789785e-01 3.227476e-01 -1.276564e-01 1.229794e+00 1.163407e-01 -8.152860e-01 -1.350627e+00 -2.032759e-01 2.698758e-01 -3.974631e-01 3.939967e-07 8.811864e-02 1.765193e-01 2.008012e-01 3.303094e-01 4.613305e-01 1.104876e-01 8.038720e-01 9.384666e-02 3.521398e-01 1.105844e-01 9.472077e-01 6.295605e-01 -3.081158e-07 
-1.000705e+01 6.128024e+00 -7.812998e+00 3.719279e+00 -2.574585e+00 2.407094e+00 -5.190548e-01 -6.924925e+00 -7.735240e-01 -3.287321e+00 -3.165313e+00 -2.613551e+00 -1.512926e-01 3.718163e-02 1.956757e-01 -2.977320e-02 5.048513e-01 8.377774e-02 5.616866e-01 9.272510e-01 -9.684891e-01 -7.429085e-01 -5.258990e-02 1.794458e+00 -4.816529e-02 3.939967e-07 1.893807e-01 2.993758e-01 1.957724e-01 2.477819e-01 3.152130e-01 -1.307014e-01 7.008173e-01 3.466593e-01 5.837456e-01 3.659791e-01 7.060180e-01 2.619190e-01 -3.081158e-07 
-9.435396e+00 6.656619e+00 -7.837755e+00 5.825293e+00 1.423669e+00 5.624634e+00 1.207196e+00 -1.117638e+01 -3.348046e-01 1.372998e+00 5.512660e+00 -1.129939e+00 -1.512926e-01 2.314924e-01 7.869846e-01 3.632473e-01 8.151206e-02 1.012757e-01 -5.650764e-01 2.078075e+00 1.936715e-01 1.696764e-01 -1.206224e-03 1.927809e+00 2.070443e-01 3.939967e-07 1.351751e-01 2.026812e-01 1.129602e-04 -2.132820e-01 -1.489487e-01 -4.906596e-01 4.810281e-02 6.654194e-01 5.383302e-01 1.023513e-01 -1.291900e-01 8.223279e-02 -3.081158e-07 
-9.046515e+00 8.049225e+00 -6.580162e+00 3.763008e+00 -2.445538e+00 1.185989e+00 2.258893e+00 -1.115382e+01 -3.916396e-01 2.941829e+00 5.847331e+00 -3.763847e+00 -1.512926e-01 4.983574e-01 1.095718e+00 3.870368e-01 3.449692e-01 -2.392872e-01 -6.742128e-01 1.446077e+00 1.112082e+00 8.848174e-01 1.004410e+00 1.323337e+00 -3.211345e-01 3.939967e-07 -9.317105e-03 -1.601327e-01 -1.305644e-01 -1.550546e-01 -9.738804e-02 3.710870e-02 -3.991971e-01 4.169642e-01 2.569078e-01 -2.541931e-01 -6.084902e-01 3.541366e-01 -3.081158e-07 
-8.857731e+00 1.041176e+01 -5.620078e+00 4.430281e+00 -2.456615e+00 -1.316875e+00 6.308901e+00 -4.624778e+00 2.308411e+00 -9.675700e-01 1.065662e+00 -5.379305e+00 -1.512926e-01 2.581028e-01 4.621128e-01 -3.869449e-01 -6.636629e-01 -7.107611e-01 -6.054146e-01 9.742879e-02 1.471442e+00 5.271750e-01 -2.199249e-01 -1.404520e-01 1.502135e-01 3.939967e-07 -1.670335e-01 -5.576199e-01 -2.029292e-01 -6.997526e-02 -5.751678e-02 1.942710e-01 -6.596652e-01 -2.217292e-01 -2.031784e-01 -4.266685e-01 -4.262930e-01 5.653908e-01 -3.081158e-07 
-7.804218e+00 9.729329e+00 -6.986351e+00 6.141113e+00 -1.830763e+00 2.507185e+00 4.160786e+00 -4.639819e+00 2.328654e+00 2.904737e+00 5.675222e+00 -2.094573e+00 -1.512926e-01 -2.255616e-02 -4.425710e-01 -3.074638e-01 1.022271e-01 2.930494e-03 7.673758e-01 -7.838184e-02 4.774407e-01 3.629500e-01 -1.214216e+00 -2.139449e-01 1.750922e+00 3.939967e-07 -2.600724e-01 -5.812005e-01 -2.642197e-02 -2.601470e-02 1.532396e-01 -7.308134e-02 -3.683373e-01 -4.405206e-01 -2.282462e-01 -3.512263e-01 -4.114604e-01 3.888614e-01 -3.081158e-07 
-8.766168e+00 8.127404e+00 -9.569097e+00 1.317959e+00 -2.438338e+00 1.936519e+00 7.433061e-01 -7.075916e+00 9.408683e-01 2.916584e-01 4.896507e+00 -1.213688e+00 -1.512926e-01 -3.431852e-01 -1.231862e+00 -3.041749e-01 -1.469179e-01 -3.074970e-01 -3.143449e-01 -4.579207e-01 -5.974062e-01 -5.852985e-01 -1.025161e+00 5.650616e-01 1.998046e+00 3.939967e-07 -1.501844e-01 -2.393859e-01 2.198464e-01 2.282374e-01 3.459989e-01 -2.665071e-01 -2.283099e-02 -2.364773e-01 8.156090e-02 3.551416e-01 -3.098476e-01 -1.604497e-01 -3.081158e-07 
-9.205603e+00 6.978416e+00 -6.142920e+00 5.830151e+00 -2.440553e+00 3.396348e+00 4.649459e+00 -7.541036e+00 2.106764e+00 -3.759295e+00 2.862300e+00 2.907868e+00 -1.512926e-01 -5.013274e-01 -9.632097e-01 2.137131e-01 -4.353120e-02 3.253474e-01 -1.184967e+00 -1.179067e-01 -5.614254e-02 2.998197e-01 -3.492292e-01 -1.086709e+00 6.991748e-01 3.939967e-07 -6.262798e-03 1.423343e-01 1.187712e-01 1.846782e-02 3.126668e-01 -3.344100e-01 -7.639167e-02 1.220859e-01 2.815290e-01 8.243874e-01 -3.570491e-01 -7.367194e-01 -3.081158e-07 
-9.873064e+00 5.627675e+00 -7.562486e+00 3.851006e+00 -3.689488e+00 -3.333028e+00 3.775020e+00 -6.160716e+00 -5.068667e-01 -2.761223e+00 5.297456e+00 2.109388e+00 -1.512926e-01 -2.534699e-01 -4.744253e-01 4.517180e-01 5.504243e-01 8.580642e-01 -9.618720e-01 2.969349e-03 5.558614e-01 9.664986e-01 1.123150e+00 -1.253305e+00 -1.261565e-01 3.939967e-07 8.912556e-02 3.098057e-01 1.198948e-02 -1.250176e-02 3.240090e-01 7.112183e-03 -1.038541e-01 2.783655e-01 3.854997e-01 7.900267e-01 -3.313267e-01 -7.306851e-01 -3.081158e-07 
-9.757107e+00 6.162827e+00 -6.921311e+00 4.657024e+00 4.211974e-01 -7.829582e-01 2.055235e+00 -5.377995e+00 4.551058e+00 2.685593e+00 4.092178e-02 -2.601540e-01 -1.512926e-01 -9.880330e-02 -1.095773e-01 -9.160403e-02 -1.540740e-01 9.834666e-01 -5.808353e-01 -6.907672e-01 5.109918e-01 9.946843e-01 1.833563e+00 -1.089977e+00 -8.705493e-01 3.939967e-07 9.597258e-02 2.072160e-01 -1.153710e-01 -9.259349e-02 1.441543e-01 1.589201e-01 -1.839506e-01 1.089299e-01 1.417746e-01 5.075803e-01 1.568153e-02 -3.884098e-01 -3.081158e-07 
