-1.108044e+01 6.530153e+00 -8.719441e+00 4.990356e+00 -2.568111e+00 1.223251e+00 9.223785e-01 -2.903307e+00 9.921011e-01 3.670406e-01 2.303035e+00 -6.131019e+00 -1.512926e-01 1.333311e-02 5.401918e-01 -2.802663e-01 -1.957569e-01 1.328298e+00 -6.157784e-01 -9.515363e-01 -4.105366e-01 5.332726e-01 2.309429e-01 -2.726282e-01 1.905205e+00 -2.231043e-06 -1.902890e-02 -2.121966e-01 9.660941e-02 -4.893939e-02 -2.993867e-01 1.519603e-01 1.327298e-01 2.066333e-01 -2.229758e-01 8.557586e-02 4.042761e-01 6.940646e-02 1.126071e-07 
-1.040594e+01 8.611233e+00 -8.902638e+00 5.812838e+00 3.336327e+00 2.069675e+00 -2.785773e+00 -5.701095e+00 3.479891e+00 1.578092e+00 4.317392e+00 -9.160505e-01 -1.512926e-01 -1.322434e-01 -4.644862e-02 -4.315214e-01 7.281380e-02 5.920028e-01 -4.099800e-01 -1.050922e+00 -4.535620e-01 1.149790e+00 1.166279e+00 7.990595e-01 1.871091e+00 -2.231043e-06 8.154010e-03 -2.602749e-01 3.345794e-01 -2.383747e-02 -4.186797e-01 2.051105e-01 4.855727e-01 6.076865e-01 -7.702691e-01 -1.273896e-01 2.699901e-01 -2.649615e-01 1.126071e-07 
-1.135111e+01 8.190840e+00 -1.002921e+01 3.600203e+00 1.121112e+00 -2.278574e+00 -1.980731e+00 -3.557308e+00 2.414582e+00 9.161174e-01 -6.736303e-02 7.875002e-01 -1.512926e-01 -8.939494e-03 -2.274446e-01 2.783151e-01 -5.745765e-01 1.996144e-01 4.106372e-02 -2.382804e-01 6.442358e-01 -8.899747e-01 1.911744e-01 1.212884e+00 2.269260e+00 -2.231043e-06 6.234994e-02 -9.964183e-02 4.418464e-01 -2.192093e-02 -2.561761e-01 3.521579e-01 6.595987e-01 5.747045e-01 -8.127902e-01 -3.070458e-01 1.413631e-01 -6.440898e-01 1.126071e-07 
-1.160610e+01 5.467367e+00 -1.022202e+01 6.049036e+00 -1.453412e+00 9.243445e-01 -2.880151e+00 -4.844333e+00 6.030039e+00 5.923805e+00 7.483569e+00 -2.351231e-01 -1.512926e-01 6.516139e-02 -3.773264e-01 1.113203e+00 -1.255433e-01 -2.006572e-01 8.128914e-02 1.119666e+00 2.100392e+00 -2.606502e+00 -3.861583e-01 3.345398e-01 3.984535e-01 -2.231043e-06 8.915909e-02 1.406797e-01 2.664578e-01 -5.513528e-03 -9.173303e-03 2.756257e-01 5.179114e-01 2.319277e-01 -2.682154e-01 -5.093430e-01 -2.049852e-01 -8.255351e-01 1.126071e-07 
-1.052523e+01 6.964619e+00 -6.668009e+00 1.998668e+00 8.243141e-01 2.001389e+00 -2.219033e-01 -1.108982e-01 -4.732428e+00 -8.500407e-01 6.784107e+00 4.874708e+00 -1.512926e-01 2.264049e-01 2.074565e-01 1.156606e+00 -2.062207e-01 4.436007e-01 8.994223e-01 1.261186e+00 1.185871e+00 -1.652608e+00 -5.281028e-01 6.663986e-01 -5.789726e-01 -2.231043e-06 4.131716e-02 8.073890e-02 -3.081474e-01 1.991817e-01 7.527717e-03 -1.239778e-01 -1.754422e-01 -5.115923e-01 9.024928e-01 -1.144806e-01 -2.837880e-01 -9.353772e-01 1.126071e-07 
-1.049276e+01 7.337343e+00 -5.017018e+00 5.985666e+00 2.481129e+00 3.363455e-01 1.932704e+00 3.077353e+00 -5.978935e+00 5.305241e-01 2.564420e+00 -9.673870e-01 -1.512926e-01 1.959177e-01 4.394192e-01 4.615411e-01 -1.388884e-01 4.238926e-01 5.389506e-01 7.890304e-01 4.352557e-01 1.900299e-01 -1.020734e+00 4.731457e-02 -8.325630e-01 -2.231043e-06 4.688966e-02 4.166223e-02 -4.715809e-01 8.563872e-02 -2.740700e-01 -5.110194e-01 -9.981954e-01 -1.032174e+00 1.214625e+00 -3.063882e-02 -1.456857e-01 -2.942418e-01 1.126071e-07 
-1.077547e+01 8.292987e+00 -6.848615e+00 2.600463e+00 1.372733e+00 2.512514e+00 1.918787e+00 -1.588853e+00 1.563081e-01 9.720636e-01 5.724286e+00 -1.741131e+00 -1.512926e-01 1.321486e-01 -2.322046e-01 -9.365818e-01 4.279762e-01 -7.511661e-02 -8.076926e-01 -9.502684e-01 -1.081061e+00 2.224243e+00 -6.396414e-02 -6.247850e-02 -1.792034e+00 -2.231043e-06 1.542622e-01 1.860001e-02 -2.641545e-01 -5.847532e-02 -4.910507e-01 -6.730037e-01 -9.603559e-01 -8.447597e-01 3.689625e-01 -7.133904e-02 -4.425518e-01 1.629122e-01 1.962675e-03 
-1.050115e+01 7.000484e+00 -7.824183e+00 5.054170e+00 3.919874e-01 3.363845e+00 -5.311770e-03 -1.929299e+00 4.535733e+00 -9.091430e-02 8.250120e+00 -1.089773e+00 -1.512926e-01 3.468294e-01 5.084105e-02 -1.981131e-01 -1.438447e-02 -1.311603e+00 -1.620376e+00 -2.765740e+00 -1.927040e+00 1.528226e+00 -7.714484e-01 -2.934772e-02 -4.661992e-01 -2.231043e-06 3.018654e-01 2.236130e-01 8.866370e-02 -4.365000e-01 -2.779802e-01 -9.705957e-02 -1.344532e-01 -4.534399e-01 -5.590234e-01 1.005249e-01 -4.887176e-01 3.837492e-01 6.246744e-03 
-9.860219e+00 5.971748e+00 -9.947414e+00 4.604375e+00 1.493028e+00 -3.550663e+00 -4.003992e+00 -3.013562e+00 1.131182e+00 -8.590859e-01 3.628890e+00 -4.024168e+00 -1.512926e-01 9.222758e-01 4.947977e-01 1.657085e-01 -5.607764e-01 -1.143887e+00 -1.385901e+00 -1.763105e+00 -1.856821e+00 -4.768684e-01 -1.009371e+00 -1.507972e+00 5.252402e-02 9.812690e-03 3.297958e-01 4.236019e-01 3.591090e-01 -4.867506e-01 -5.364308e-02 7.831659e-01 1.041453e+00 1.872905e-01 -1.036610e+00 7.480720e-02 -2.189876e-01 5.969780e-01 1.074153e-02 
-9.216366e+00 8.751969e+00 -4.458176e+00 4.911920e+00 -4.137199e+00 -4.733613e+00 -8.934277e+00 -5.845771e+00 1.174604e+00 -2.411174e+00 3.465151e+00 -2.156751e+00 -1.512926e-01 1.310226e+00 1.193937e+00 3.537908e-01 -1.826895e+00 -4.316362e-01 3.427544e-01 5.231566e-01 -1.444076e+00 -1.254480e+00 -4.545713e-02 -1.673557e+00 1.639294e-01 2.632382e-02 1.833819e-01 1.836641e-01 1.948372e-01 -3.987091e-02 -4.721451e-02 8.764296e-01 1.357566e+00 4.973953e-01 -5.885460e-01 2.565703e-01 6.892972e-02 4.375999e-01 1.200335e-02 
-6.806570e+00 9.891025e+00 -7.702793e+00 -1.319844e-01 -2.081678e+00 -3.685991e-01 -2.432616e+00 -8.914086e+00 -5.475863e-01 -2.914690e+00 5.769655e-01 -9.452097e-01 -1.022431e-01 1.299470e+00 1.314214e+00 5.830510e-01 -1.099586e+00 -7.832289e-01 2.126557e+00 2.612500e+00 -3.863232e-01 -1.567557e+00 -5.285994e-02 -3.353080e-01 8.777617e-01 4.054572e-02 -8.260293e-02 -2.740564e-01 2.894202e-01 5.736538e-01 -4.298799e-01 1.439904e-01 4.651225e-01 5.127704e-01 1.345659e-01 1.554050e-01 4.627597e-01 4.622032e-01 6.448880e-03 
-5.476914e+00 1.101056e+01 -7.177259e+00 -1.712248e+00 2.164681e-02 3.486516e+00 1.824843e+00 -6.198587e+00 -8.975745e-01 7.094179e-01 1.407950e+00 -1.809716e+00 -4.419886e-02 1.075051e+00 5.594640e-01 5.673690e-01 5.552579e-02 -1.727838e+00 1.005565e+00 1.834287e+00 -1.754805e-01 -8.691308e-01 3.304703e-02 -2.710440e-01 1.309190e+00 4.465149e-02 -2.550445e-01 -6.404700e-01 2.550860e-01 8.477182e-01 -5.540109e-01 -5.697645e-01 -3.253805e-01 2.073772e-01 3.425408e-01 -2.823648e-01 2.854138e-01 3.967920e-01 -2.734243e-03 
-5.232505e+00 1.141370e+01 -5.672825e+00 2.418329e+00 -4.502812e+00 2.971710e+00 3.679354e+00 -4.768499e+00 -5.670736e+00 -2.683870e+00 2.980908e+00 1.911753e-01 -2.123825e-03 6.267191e-01 -5.583223e-01 1.506061e+00 1.366230e+00 -2.645251e+00 -9.972711e-01 -9.305438e-02 7.298613e-02 3.168525e-03 -2.716731e-01 1.045530e-01 1.790807e+00 3.289490e-02 -2.388367e-01 -6.890367e-01 1.802717e-02 2.633155e-01 -1.097108e-01 -4.744951e-01 -4.322005e-01 -1.539364e-01 6.121520e-01 -1.318041e-01 -6.022378e-02 1.016510e-01 -7.644323e-03 
-4.628050e+00 1.078810e+01 -2.636572e+00 3.914395e+00 -1.156607e+01 -1.376130e+00 -2.818827e+00 -8.795764e+00 -6.092913e-01 -2.361258e+00 9.080971e-01 3.821283e+00 2.190902e-02 3.714733e-01 -1.072054e+00 1.167735e+00 1.178640e+00 -2.270600e+00 -9.440697e-01 2.490900e-01 -6.366525e-01 -3.271908e-01 -1.347834e+00 -4.663847e-01 1.691286e+00 1.648109e-02 -1.316001e-01 -3.801565e-01 -2.911990e-01 -2.218014e-01 6.671517e-01 1.949766e-01 1.492318e-01 -1.212644e-01 2.900798e-01 5.363773e-02 -1.517130e-01 -3.860019e-01 -5.012873e-03 
-4.097282e+00 7.210680e+00 -2.443383e+00 3.886033e+00 -9.513704e+00 -2.923410e+00 -5.759304e-01 -7.251119e+00 -6.755670e-01 -2.737806e+00 1.349827e+00 5.193405e+00 2.918211e-02 4.571763e-01 -1.315045e+00 3.730139e-01 -3.445247e-01 -1.060325e+00 7.287886e-01 1.244117e+00 -9.255368e-01 1.222167e+00 -2.144106e-02 -5.387076e-01 1.194963e+00 1.641158e-02 -8.291651e-03 1.726738e-01 -3.292144e-01 -2.731272e-01 8.750529e-01 7.216763e-01 6.036158e-01 7.315608e-03 -3.517823e-02 4.711633e-02 -1.861136e-01 -7.202711e-01 7.334606e-03 
-4.187385e+00 7.751834e+00 -2.953372e+00 3.447317e+00 -8.826079e+00 1.713932e+00 5.198104e+00 -8.140688e+00 -5.030832e+00 -6.002787e+00 -1.085469e-01 4.145319e+00 2.255903e-02 5.018908e-01 -9.629219e-01 -3.220512e-01 -1.980316e-01 8.154927e-01 1.117548e+00 1.911826e+00 -2.827644e-01 -2.825436e-02 1.761105e-01 -7.078744e-01 -3.228172e-01 2.782988e-02 1.191622e-01 6.171012e-01 3.313355e-01 2.418129e-01 5.672107e-01 3.629251e-01 4.493746e-01 3.008055e-01 4.026363e-02 3.222525e-01 1.836334e-01 -6.725795e-01 2.599119e-02 
-3.167070e+00 6.356730e+00 -3.649150e+00 9.289106e-01 -1.117472e+01 5.070596e+00 5.891806e+00 -9.723519e+00 2.650954e+00 -9.703082e-01 7.955057e-01 6.003700e+00 7.961946e-02 5.200138e-01 2.505287e-01 6.048034e-01 6.889644e-01 1.871983e-01 1.580270e+00 2.093724e+00 -6.763779e-02 -3.220583e-01 -7.980469e-01 -7.052569e-01 -8.034933e-01 6.389207e-02 4.172908e-01 8.746235e-01 9.679026e-01 6.974806e-01 1.905937e-02 -2.973100e-01 1.672720e-02 1.895223e-01 -1.723414e-01 -2.293241e-01 1.318351e-01 -2.128565e-01 4.080474e-02 
-2.583772e+00 6.400312e+00 -3.643598e+00 4.402300e+00 -6.658668e+00 2.144931e-01 3.506690e+00 -8.973248e+00 -2.413429e+00 -2.364273e+00 -2.354397e+00 1.801910e+00 1.358366e-01 9.358256e-01 1.230623e+00 2.708513e+00 1.870918e+00 -5.836472e-02 4.448750e-01 2.071194e+00 4.386083e-01 6.462902e-01 6.516116e-01 5.350465e-01 -6.724232e-01 1.226936e-01 7.669989e-01 5.009527e-01 1.074987e+00 2.303137e-01 -6.609769e-01 -4.524855e-01 -6.576402e-01 -2.955977e-01 4.263934e-01 -2.841039e-01 6.358670e-02 5.468821e-01 4.088559e-02 
-2.298872e+00 9.138766e+00 9.259563e-01 6.852905e+00 -9.661840e+00 5.728108e+00 1.073815e+01 -7.172596e+00 -3.594639e+00 -8.547167e+00 -1.053451e+00 2.347309e+00 2.919974e-01 2.326636e+00 1.961341e+00 3.697287e+00 2.108401e+00 -5.282060e-01 -4.213988e-01 1.248116e+00 -3.384553e-01 2.327917e-02 -1.405852e+00 -5.010308e-01 3.054305e-01 1.730008e-01 7.906481e-01 -2.937692e-01 4.044870e-01 -4.682865e-01 -6.536205e-01 -7.034582e-01 -1.402541e+00 -5.567876e-01 7.313892e-01 1.320617e-01 -7.664762e-02 8.290462e-01 1.975926e-02 
5.766521e-02 1.251371e+01 8.301566e+00 9.840162e+00 -9.874590e+00 3.609595e+00 1.313066e+01 -7.222614e+00 1.323806e+00 1.044090e+00 3.491389e+00 2.610973e+00 5.298312e-01 3.433576e+00 6.863585e-01 3.506675e+00 2.437224e-01 -2.131658e+00 -1.441030e-01 -9.534870e-01 -1.625118e+00 1.931067e+00 -9.405078e-01 -4.921454e-01 1.857154e+00 1.777044e-01 2.035992e-01 -9.134834e-01 -4.115508e-01 -1.194653e+00 -3.056164e-01 -5.939909e-01 -1.549551e+00 -2.966516e-01 5.845835e-01 1.762400e-01 -3.202416e-01 5.876900e-01 -1.381623e-02 
7.145151e+00 1.310662e+01 8.864479e+00 8.752235e+00 -1.220747e+01 1.265777e+00 7.320528e+00 -1.229112e+01 8.987274e-01 -9.703611e+00 -4.632463e+00 7.126122e+00 7.476200e-01 3.224400e+00 -9.462039e-01 2.228139e+00 -8.387493e-01 -2.044351e+00 -1.642435e+00 -3.406529e+00 -1.819756e+00 2.692549e+00 6.583258e-01 -5.748691e-01 2.076802e+00 1.351823e-01 -8.928916e-01 -1.133569e+00 -8.553072e-01 -1.484377e+00 8.899645e-01 -1.020882e+00 -6.265435e-01 7.638549e-01 4.741393e-01 9.197130e-01 2.040053e-01 -1.694796e-01 -3.837888e-02 
9.862100e+00 7.848533e+00 9.920359e+00 4.671290e+00 -1.604378e+01 1.724972e+00 4.483127e-01 -1.453978e+01 4.995092e+00 -6.488547e+00 -3.025628e+00 8.697840e+00 7.965465e-01 1.504836e+00 -1.882994e+00 1.385259e+00 -2.628816e+00 -8.283604e-01 -1.914670e+00 -3.349180e+00 -3.039977e-01 2.234717e+00 5.007149e-01 -1.029195e+00 1.380326e+00 7.252068e-02 -1.436108e+00 -8.673590e-01 -1.230031e+00 -1.335822e+00 2.362504e+00 -1.181758e+00 6.939781e-01 1.875880e+00 -3.510061e-01 5.768212e-01 3.061542e-01 -8.361405e-01 -3.939813e-02 
8.920944e+00 6.740349e+00 1.125751e+01 5.243394e+00 -1.679917e+01 -1.542144e+00 4.687896e-02 -1.261274e+01 8.032351e+00 -1.489234e+00 -6.695112e-01 9.688019e+00 8.345458e-01 -1.173551e+00 -2.421803e+00 4.813712e-01 -3.877192e+00 3.269940e+00 -4.640656e+00 -6.868328e-01 2.820275e+00 2.242049e+00 2.472013e+00 7.874879e-01 -3.034944e-01 3.369660e-02 -1.056397e+00 -7.629684e-01 -1.313606e+00 -1.033804e+00 2.581672e+00 -3.318286e-01 1.255404e+00 2.324670e+00 -1.024206e+00 -1.620367e-01 2.231401e-01 -1.067056e+00 -2.490066e-02 
6.693907e+00 6.281821e+00 1.403174e+01 -1.549613e+00 -1.171999e+01 -4.559830e+00 2.165344e-02 -8.582246e+00 8.930176e+00 -5.595894e-01 -3.636079e+00 8.231705e+00 8.489690e-01 -1.548036e+00 -2.912663e+00 -1.770154e+00 -4.916141e+00 7.023743e+00 -4.553717e+00 1.156631e+00 5.434203e+00 4.014012e-01 1.036816e+00 3.574076e-01 -1.133349e+00 3.145835e-02 -1.489632e-01 -7.243802e-01 -1.188042e+00 -1.421484e-01 1.500811e+00 8.909444e-01 5.887994e-01 1.724981e+00 -1.234177e+00 -5.472340e-01 1.444679e-02 -8.160166e-01 -8.966173e-03 
2.861434e+00 1.780986e+00 9.216069e+00 -7.523683e+00 1.980512e+00 -1.879489e+01 4.099924e+00 -1.168808e+00 1.014142e+01 -3.079990e-01 -3.898594e-01 5.841887e+00 8.898846e-01 -5.312026e-01 -4.246158e+00 -2.762165e+00 -4.864125e+00 6.937816e+00 -1.982015e+00 6.175681e-01 6.934502e+00 -1.511729e+00 -4.199874e-01 -1.525033e-01 -2.001593e+00 3.121274e-02 6.017609e-01 -4.002182e-01 -5.066805e-01 8.204193e-01 -4.988711e-01 2.277179e+00 -6.496997e-01 3.621197e-01 -1.091152e+00 -7.947462e-01 -4.167843e-01 -3.913046e-01 -3.132391e-03 
5.151579e+00 -4.234806e+00 2.090643e+00 -1.352611e+01 9.685173e+00 -1.241726e+01 4.205175e+00 6.909387e+00 5.947439e+00 -1.894928e+00 -1.378273e+00 4.954382e+00 9.261622e-01 4.388839e-01 -4.592709e+00 -2.933047e+00 -2.846129e+00 4.841859e+00 1.210715e+00 -1.057359e+00 6.263605e+00 -2.059325e+00 -7.893529e-01 -4.870484e-01 -1.850772e+00 2.892816e-02 4.645211e-01 2.550837e-01 3.856433e-01 1.486766e+00 -1.761521e+00 2.002508e+00 -1.181005e+00 -1.002788e+00 -2.764563e-01 -2.248428e-01 -2.159344e-01 -1.613114e-01 -5.038599e-03 
7.036079e+00 -9.232304e+00 3.417431e+00 -1.308917e+01 7.187344e+00 -7.523132e+00 1.042852e+00 1.431422e+01 1.965343e+00 -2.921390e+00 -2.560981e+00 1.318936e+00 9.520221e-01 8.417387e-01 -3.582893e+00 -1.470578e+00 -8.102393e-01 1.866723e+00 3.862998e+00 -2.828161e+00 4.216084e+00 -1.983386e+00 -5.886164e-01 -8.742170e-01 -1.901388e+00 1.930323e-02 1.036262e-02 9.518348e-01 6.202236e-01 1.431046e+00 -1.640306e+00 9.681099e-01 -8.872499e-01 -1.738186e+00 3.070288e-01 2.789103e-01 1.199121e-01 4.457259e-02 -6.436404e-03 
6.801155e+00 -1.117537e+01 2.265698e+00 -1.299744e+01 9.885314e+00 -4.141933e+00 -3.736514e+00 1.499404e+01 2.721801e+00 -3.199781e+00 -4.985516e+00 1.239262e+00 9.625453e-01 8.811150e-02 -1.968790e+00 -4.877741e-01 4.906073e-01 7.516385e-01 2.536337e+00 -3.025470e+00 1.779471e+00 -7.451152e-01 -3.020125e-03 -3.614132e-01 -1.990136e+00 1.222240e-02 -2.134547e-01 1.095895e+00 5.455413e-01 8.030770e-01 -1.028797e+00 -2.269142e-02 -2.530730e-01 -1.490512e+00 2.791629e-01 4.709738e-01 4.225950e-01 -2.729413e-02 -6.059083e-03 
6.245582e+00 -1.266354e+01 1.775693e+00 -1.183905e+01 1.121381e+01 -3.617723e+00 -6.069875e+00 1.586908e+01 1.837362e+00 -2.598778e+00 -2.956877e+00 -1.807252e+00 9.682021e-01 -3.039034e-01 -7.989923e-01 -8.836678e-01 6.226937e-01 7.815948e-01 2.195719e+00 -2.834696e+00 4.855450e-01 -6.335639e-01 5.814571e-01 3.842016e-01 -1.709015e+00 7.384447e-03 -1.643216e-01 7.712796e-01 2.489263e-01 2.100732e-01 -3.608888e-01 -4.980354e-01 2.187447e-01 -8.101038e-01 4.315217e-02 4.471290e-01 4.547057e-01 2.724817e-02 -4.747033e-03 
5.987311e+00 -1.236346e+01 4.725907e-01 -1.169813e+01 1.143076e+01 -1.688530e+00 -7.365945e+00 1.502899e+01 2.285948e+00 -2.071142e+00 -2.987433e+00 -3.433182e+00 9.791821e-01 -5.543251e-02 -5.052658e-01 -4.988021e-01 4.528466e-01 2.404102e-01 1.930750e+00 -2.319431e+00 6.762720e-01 -1.338274e+00 9.805200e-01 9.967421e-01 -2.083501e+00 4.590114e-03 7.230568e-02 2.907063e-01 1.836112e-01 -1.322853e-01 1.766762e-02 -3.971712e-01 3.543989e-01 -3.056411e-01 -1.071369e-01 2.411196e-01 2.824660e-01 -7.400682e-03 -4.210453e-03 
5.923108e+00 -1.263313e+01 -1.040162e-01 -1.062572e+01 1.032237e+01 2.228737e+00 -1.131591e+01 1.672423e+01 -9.847451e-01 -5.783498e-01 -1.638993e+00 -4.890318e+00 9.806226e-01 9.192240e-02 -4.583624e-01 -2.204725e-01 2.588873e-01 3.180601e-01 1.675513e+00 -2.087498e+00 7.170623e-01 -1.471089e+00 1.155261e+00 7.203309e-01 -1.718420e+00 -6.231940e-04 1.103278e-01 9.075230e-02 1.965503e-01 -1.751969e-01 2.188089e-01 -5.405767e-01 4.433416e-01 -3.294476e-01 2.086910e-01 5.393872e-02 2.671203e-02 -7.412936e-02 -3.236522e-03 
6.685152e+00 -1.371634e+01 7.116717e-01 -1.133963e+01 1.153267e+01 2.588979e+00 -1.271071e+01 1.794779e+01 -2.558713e+00 6.926676e-01 -6.608759e-01 -7.637026e+00 9.792874e-01 2.517263e-01 -6.855651e-01 9.873130e-02 1.094094e-02 1.071698e+00 8.104073e-01 -1.627047e+00 1.357547e-01 -8.621130e-01 9.157884e-01 8.828852e-01 -2.022540e+00 -4.826279e-03 1.861943e-02 1.308059e-01 -3.649927e-02 -9.418830e-02 2.902521e-01 -5.752537e-01 5.027402e-01 -4.771225e-01 4.980972e-01 -2.900011e-02 -2.113021e-01 7.477506e-02 -1.213932e-03 
6.356112e+00 -1.427883e+01 5.536414e-01 -1.072365e+01 1.275296e+01 2.620873e+00 -1.383542e+01 1.799566e+01 -3.095775e+00 1.795511e+00 -5.187251e-01 -8.297420e+00 9.650399e-01 9.412426e-02 -2.550758e-01 -1.996307e-01 -3.243072e-02 1.459751e+00 5.300159e-02 -9.642155e-01 -8.914518e-01 1.718047e-01 8.835087e-01 5.746519e-01 -2.110177e+00 -4.084831e-03 -5.287163e-02 1.991203e-01 -1.809798e-01 -1.495597e-02 4.921399e-02 -5.015189e-01 6.123548e-01 -4.135764e-01 5.115629e-01 -9.836105e-02 -2.622581e-01 1.599809e-01 2.243215e-03 
7.029513e+00 -1.496844e+01 6.372827e-01 -1.159399e+01 1.557438e+01 2.167811e+00 -1.424120e+01 1.507202e+01 -9.690740e-01 1.320806e+00 8.669133e-01 -1.184210e+01 9.628440e-01 3.653728e-02 4.724203e-02 -6.916396e-01 1.275592e-01 1.120771e+00 -1.343710e-01 -3.675111e-01 -9.048623e-01 3.306997e-01 9.713095e-01 1.308172e-02 -1.513820e+00 2.526418e-04 -1.105674e-01 2.021557e-01 -2.024113e-01 5.506765e-02 -2.992541e-01 -3.259699e-01 5.789071e-01 -3.719764e-02 2.922463e-01 -1.722034e-01 -3.703027e-01 4.280813e-01 4.243754e-03 
6.221870e+00 -1.328278e+01 -1.065151e+00 -1.066028e+01 1.560064e+01 2.704698e+00 -1.537157e+01 1.370540e+01 -9.207547e-01 3.525489e+00 4.703523e-01 -1.333825e+01 9.684305e-01 -6.491742e-02 1.707697e-01 -7.300857e-01 1.258910e-01 5.397763e-01 -3.597631e-01 3.444768e-01 -8.305458e-01 4.903280e-01 6.356870e-01 -1.561539e-01 -1.172850e+00 8.056385e-03 -6.041488e-02 8.342381e-03 1.441881e-02 5.118784e-02 -4.175530e-01 -2.018823e-01 4.126885e-01 3.273398e-01 4.493627e-02 -3.310580e-01 -2.447814e-01 5.291954e-01 3.290650e-03 
6.935398e+00 -1.397829e+01 -1.937093e+00 -1.073384e+01 1.571253e+01 1.875447e+00 -1.377975e+01 1.556844e+01 -1.992594e+00 4.684278e+00 -1.089985e+00 -1.268525e+01 9.788658e-01 -2.216726e-01 1.122566e-01 -6.480336e-01 2.073266e-01 3.544587e-02 -6.129237e-01 6.131791e-01 -8.067577e-02 4.398419e-01 1.786068e-01 -6.032472e-01 -3.506899e-01 1.032244e-02 -3.928017e-02 -7.420710e-02 1.868915e-01 7.142831e-02 -3.587018e-01 -4.712893e-02 8.956704e-02 3.808425e-01 -9.830132e-02 -3.526622e-01 -9.651941e-02 4.886180e-01 -2.424512e-04 
6.078873e+00 -1.391973e+01 -1.809781e+00 -1.052423e+01 1.538264e+01 9.680969e-01 -1.234364e+01 1.359514e+01 -1.326281e-01 3.292324e+00 -3.207768e-01 -1.374032e+01 9.973121e-01 -7.880604e-02 -2.459040e-01 -1.493472e-01 1.836693e-01 -8.536483e-02 -7.172503e-01 6.088877e-01 3.333732e-01 3.418025e-01 -3.753123e-01 -3.410939e-01 -4.579999e-02 7.333473e-03 1.596133e-03 -7.054366e-02 2.341283e-01 4.328798e-02 -2.288050e-01 1.566050e-01 -1.386674e-01 2.857404e-01 -2.960389e-01 -1.718689e-01 -2.448087e-02 5.098948e-01 -4.366036e-03 
5.992783e+00 -1.408861e+01 -2.230208e+00 -1.062572e+01 1.586067e+01 -2.880273e-02 -1.268940e+01 1.472351e+01 8.360429e-01 2.330518e+00 -1.753909e+00 -1.339493e+01 9.999999e-01 -1.529069e-01 -1.155266e-01 -4.756623e-02 4.557279e-01 -3.602929e-01 -1.912056e-01 -5.189563e-02 4.175613e-01 -8.659618e-02 -2.863926e-01 -3.770487e-01 3.657929e-01 -6.000237e-04 -1.084005e-02 1.605305e-02 2.148837e-01 -5.607018e-03 -1.532527e-01 2.781592e-01 -1.372035e-01 6.707992e-02 -3.447193e-01 -2.461907e-02 4.376755e-02 4.828871e-01 -5.287289e-03 
6.299205e+00 -1.445725e+01 -1.665074e+00 -9.795700e+00 1.510003e+01 7.096901e-02 -1.287250e+01 1.579432e+01 -6.262683e-01 2.825659e+00 -9.033294e-01 -1.321258e+01 9.945188e-01 -9.133969e-02 -6.815884e-02 1.402126e-01 2.180937e-01 -4.062128e-01 2.122164e-01 -1.629623e-02 3.490188e-01 -7.266804e-01 8.944874e-03 -3.916510e-01 1.018322e+00 -8.315720e-03 -8.596682e-02 7.958753e-02 1.498237e-01 -7.016151e-02 -1.171997e-01 1.994102e-01 -3.912260e-02 -7.438934e-04 -2.528807e-01 2.042875e-02 -4.408946e-02 5.156915e-01 -3.235297e-03 
6.060633e+00 -1.428746e+01 -2.247232e+00 -8.819003e+00 1.405257e+01 1.368002e+00 -1.377497e+01 1.655697e+01 -2.179015e+00 3.485623e+00 -2.684200e+00 -1.112052e+01 9.772496e-01 -2.696052e-01 1.036654e-01 2.816538e-01 1.621352e-01 -5.703813e-01 3.131692e-01 2.398244e-01 2.467638e-01 -7.495143e-01 -1.365288e-01 -3.591402e-01 1.531659e+00 -8.292549e-03 -6.422050e-02 -1.468495e-02 2.110566e-01 -1.472903e-01 -8.565336e-02 -3.954231e-03 1.116142e-01 5.970237e-02 -6.181227e-02 -8.521792e-02 -5.185394e-02 3.875369e-01 2.181750e-04 
5.587867e+00 -1.416080e+01 -1.100310e+00 -1.033723e+01 1.425533e+01 1.331201e+00 -1.188218e+01 1.442340e+01 -2.258350e+00 2.759327e+00 -1.814025e+00 -9.785768e+00 9.671129e-01 -4.503267e-01 4.236593e-02 4.351347e-01 -2.014714e-02 -5.664397e-01 2.756874e-02 2.673286e-01 4.149537e-01 -5.912477e-01 -3.481974e-01 -5.705297e-01 1.949750e+00 -5.002373e-03 -3.007196e-02 -6.838049e-02 2.176173e-01 1.547486e-02 -1.614044e-01 -7.161923e-02 1.230148e-01 1.009298e-01 9.399896e-02 -1.315366e-01 -8.862334e-02 2.264461e-01 1.693159e-03 
4.999827e+00 -1.371816e+01 -1.104381e+00 -9.543992e+00 1.343165e+01 9.067618e-01 -1.198526e+01 1.664302e+01 -2.095109e+00 1.680939e+00 -3.094378e+00 -7.449751e+00 9.722427e-01 -2.945032e-01 -2.441626e-01 8.603688e-01 -1.614842e-01 -7.085351e-01 -1.186701e-01 3.643735e-01 6.831636e-01 -4.634613e-01 -5.340422e-01 -5.469042e-01 1.837746e+00 -1.170012e-03 2.670635e-02 -9.632729e-02 2.098903e-01 9.475394e-02 -2.272807e-01 -6.190756e-02 2.304558e-01 -8.239285e-02 1.286614e-01 -3.920025e-02 -1.217605e-01 1.436446e-01 1.912235e-04 
4.577766e+00 -1.452989e+01 -6.108526e-02 -9.534243e+00 1.257856e+01 4.393884e-01 -1.243019e+01 1.782571e+01 -3.624349e+00 1.987136e+00 -3.550722e+00 -5.299367e+00 9.720144e-01 -2.293790e-01 -2.360358e-01 9.389810e-01 4.572444e-01 -1.144281e+00 7.000007e-02 5.364210e-01 6.354818e-01 -3.997776e-01 -4.501151e-01 -7.408674e-01 1.997544e+00 -3.412893e-03 4.512277e-02 -6.087916e-02 1.662983e-01 1.130311e-01 -2.332453e-01 -7.003580e-02 5.134311e-01 -4.295714e-01 1.891084e-01 -5.264436e-02 -3.395616e-02 -5.226895e-03 -1.629230e-03 
5.093213e+00 -1.532391e+01 1.535132e+00 -1.002835e+01 1.134777e+01 1.220797e+00 -1.167864e+01 1.827157e+01 -3.813382e+00 1.201544e+00 -4.550096e+00 -4.174892e+00 9.689575e-01 -2.465705e-01 -2.385899e-01 1.079208e+00 3.971914e-01 -1.417830e+00 -1.771729e-02 1.257675e+00 -2.756867e-01 -2.018134e-01 -2.816582e-01 -8.827580e-01 2.225912e+00 -8.134992e-03 -2.150934e-02 5.101272e-02 5.598352e-03 1.165837e-01 -2.113749e-01 -1.749113e-01 7.092824e-01 -6.828257e-01 2.381286e-01 -1.060864e-01 1.368097e-01 -1.792945e-01 -1.665982e-03 
4.394277e+00 -1.453851e+01 2.274950e+00 -7.808627e+00 9.575910e+00 1.524202e+00 -9.353541e+00 1.678608e+01 -3.398424e+00 7.486138e-01 -4.790556e+00 -1.435576e+00 9.516883e-01 -2.486876e-01 -2.648279e-01 1.157314e+00 2.655599e-01 -1.378217e+00 -3.731283e-01 2.387980e+00 -1.253535e+00 2.235477e-01 -7.376193e-01 -5.723206e-01 1.729419e+00 -9.664229e-03 -3.326595e-02 7.770348e-02 -9.481633e-02 1.094062e-02 -1.544457e-01 -2.170831e-01 6.409673e-01 -6.172958e-01 1.526618e-01 -5.241026e-02 2.649893e-01 -4.790466e-01 6.849266e-04 
3.858767e+00 -1.490715e+01 3.123576e+00 -8.420613e+00 7.844501e+00 2.758282e-01 -7.235468e+00 1.578464e+01 -3.217227e+00 8.919969e-01 -6.888277e+00 1.748109e+00 9.417449e-01 -3.924010e-01 2.518351e-02 7.791262e-01 5.172975e-01 -1.648415e+00 -7.716195e-01 2.985172e+00 -1.786602e+00 4.155415e-01 -9.206236e-01 5.282488e-02 1.075350e+00 -6.374052e-03 1.018496e-03 1.139890e-01 -1.735443e-01 5.658465e-03 -9.738384e-02 -6.655227e-02 3.577259e-01 -3.608176e-01 3.393433e-02 7.152978e-02 3.155242e-01 -7.257056e-01 2.689141e-03 
3.951788e+00 -1.606210e+01 4.931117e+00 -9.009999e+00 7.440016e+00 -9.537358e-01 -2.712271e+00 1.280184e+01 -2.804554e+00 -1.546186e+00 -5.243579e+00 3.866647e-01 9.373003e-01 -3.228732e-01 2.042351e-02 6.149208e-01 4.519367e-01 -1.800956e+00 -6.383566e-01 2.877594e+00 -1.695523e+00 5.480680e-02 -3.927003e-01 1.162624e-01 1.775238e-01 -8.687988e-04 8.334874e-02 1.281194e-01 -1.264533e-01 -9.311317e-02 -2.792881e-02 9.052341e-02 -7.084031e-02 4.649773e-03 -8.640733e-02 3.855602e-01 1.819752e-01 -6.976110e-01 2.212589e-03 
3.352440e+00 -1.443591e+01 4.102846e+00 -6.841236e+00 4.173664e+00 -1.398211e+00 -7.359464e-02 1.133088e+01 -2.032751e+00 -2.254056e+00 -4.059543e+00 2.905628e-01 9.442747e-01 -2.044812e-01 1.886487e-01 4.825853e-01 3.324372e-01 -1.693349e+00 -2.178063e-01 2.801518e+00 -1.858870e+00 5.229297e-02 -9.641597e-02 3.505197e-01 -6.266811e-01 9.153112e-04 1.942210e-01 3.440513e-02 6.788825e-02 -3.178151e-01 1.848104e-01 1.170722e-01 -2.572429e-01 1.448231e-01 -9.558270e-02 5.140820e-01 1.478895e-02 -5.553597e-01 -1.395454e-04 
3.033249e+00 -1.467199e+01 4.860059e+00 -6.339150e+00 2.406010e+00 -8.306568e-01 1.453419e+00 1.053543e+01 -3.716743e+00 3.579954e-01 -5.623534e+00 1.809080e-01 9.460666e-01 7.413819e-02 2.940652e-01 6.733994e-01 -1.074971e-01 -1.495480e+00 -1.973043e-01 2.125520e+00 -1.194119e+00 -2.699745e-02 7.780618e-01 1.886542e-01 -9.076313e-01 -2.245112e-03 1.835178e-01 7.578454e-02 1.014935e-01 -3.359988e-01 3.181534e-01 -2.712500e-02 -3.410397e-01 2.151268e-01 -5.144751e-02 4.197725e-01 -6.038170e-02 -3.204589e-01 -1.291111e-03 
3.295897e+00 -1.465882e+01 5.571750e+00 -8.094014e+00 1.894362e+00 -8.744091e-01 4.689245e+00 7.623624e+00 -2.499620e+00 -5.425040e-01 -4.945660e+00 -1.282388e+00 9.419206e-01 3.802807e-01 6.036104e-02 1.089325e+00 -7.920414e-01 -8.770394e-01 -4.067360e-01 2.074998e+00 -1.313137e+00 -2.144607e-02 1.064361e+00 9.057055e-02 -1.158828e+00 -6.383320e-03 9.170748e-02 1.467506e-01 2.272899e-02 -2.390503e-01 3.199428e-01 -8.497277e-02 -4.340636e-01 2.595780e-01 -1.709821e-01 4.029841e-01 -2.305948e-01 -2.429694e-02 -6.481609e-05 
4.350867e+00 -1.447995e+01 7.563228e+00 -8.921371e+00 1.102201e+00 -2.202109e+00 5.534299e+00 8.684761e+00 -2.706283e+00 1.488310e+00 -3.856944e+00 -3.365007e+00 9.272690e-01 3.023689e-01 4.634514e-01 8.189887e-01 -6.658693e-01 -6.184691e-01 -6.794903e-01 1.535545e+00 -8.927556e-01 -1.654676e-01 1.125821e+00 -5.572836e-02 -1.158657e+00 -3.677034e-03 -5.283765e-02 2.642946e-01 -1.526596e-01 -9.409481e-02 2.712315e-01 -7.114420e-02 -3.966677e-01 1.153129e-01 -2.418787e-01 2.994443e-01 -2.972114e-01 1.954202e-01 2.553158e-03 
4.595276e+00 -1.423026e+01 8.197940e+00 -9.510313e+00 4.403155e-01 -2.746356e+00 8.260830e+00 5.690666e+00 -2.645557e+00 2.502712e+00 -4.489648e+00 -3.730934e+00 9.217527e-01 1.399398e-01 8.376335e-01 5.233584e-01 -5.836754e-01 -5.319505e-01 -4.014159e-01 9.261612e-01 -7.115277e-01 -7.333839e-01 1.744644e+00 -6.801850e-01 -6.225772e-01 1.309206e-03 -6.333705e-02 2.799253e-01 -2.024113e-01 7.388020e-03 1.791108e-01 -8.655620e-02 -4.183600e-01 1.440791e-01 -2.812563e-01 2.386783e-01 -1.322886e-01 3.094123e-01 3.309026e-03 
3.895611e+00 -1.256911e+01 7.642058e+00 -8.959924e+00 4.055782e-02 -3.292238e+00 7.345318e+00 7.037928e+00 -4.471242e+00 4.464849e+00 -6.130029e+00 -4.388452e+00 9.377746e-01 -6.999863e-02 1.226908e+00 1.931266e-01 -6.820958e-01 -3.118110e-01 -5.556998e-01 7.166612e-01 -9.184591e-01 -8.804430e-01 1.935223e+00 -9.119627e-01 -1.985869e-01 6.675438e-03 8.198959e-02 1.105000e-01 -1.092133e-01 -4.094604e-02 2.684480e-01 -2.436319e-01 -3.148227e-01 1.301920e-01 -2.282431e-01 1.153402e-01 7.140382e-02 3.973519e-01 9.875189e-04 
4.223556e+00 -1.142597e+01 8.149457e+00 -1.099308e+01 -2.341771e-01 -2.336637e+00 8.414358e+00 4.889838e+00 -5.283855e+00 6.692647e+00 -7.210109e+00 -3.883711e+00 9.432030e-01 2.498631e-01 1.078187e+00 3.902135e-01 -7.468500e-01 -1.346351e-01 -9.013789e-01 3.925604e-01 -5.800304e-01 -1.070342e+00 1.853018e+00 -1.427225e-01 -9.179852e-02 4.984009e-03 1.997256e-01 -2.445412e-02 -9.397802e-02 1.519228e-01 3.145746e-01 -5.265370e-01 -2.337762e-01 3.362673e-01 -1.848301e-01 -1.103002e-01 2.120593e-01 4.396749e-01 -2.001652e-03 
4.186712e+00 -9.747580e+00 8.552860e+00 -1.159089e+01 -1.191352e-01 -5.185448e+00 9.041081e+00 4.493458e+00 -5.789249e+00 9.069523e+00 -7.056666e+00 -4.281261e+00 9.499140e-01 6.573757e-01 8.956822e-01 3.394241e-01 -7.890084e-01 5.251923e-01 -1.647755e+00 2.283155e-01 -3.077229e-01 -1.138215e+00 1.648322e+00 3.257447e-02 5.627829e-01 -5.768535e-04 2.681925e-01 -2.926892e-02 -8.246040e-02 6.215672e-01 1.726998e-02 -3.501436e-01 -3.065717e-01 2.396152e-01 7.123047e-02 -4.688769e-01 -9.294083e-03 6.145329e-01 -4.358686e-03 
5.698763e+00 -1.024969e+01 9.693491e+00 -1.192945e+01 -1.532800e-01 -6.306653e+00 9.376408e+00 4.062656e+00 -7.338404e+00 9.465502e+00 -4.740073e+00 -4.243478e+00 9.406206e-01 7.749209e-01 8.809379e-01 -1.964222e-02 2.293157e-01 6.223533e-01 -2.488077e+00 1.552235e-03 6.645378e-01 -1.528697e+00 1.336629e+00 -9.216533e-02 1.195135e+00 -5.076518e-03 2.583727e-01 1.245257e-01 -1.857909e-01 1.301469e+00 -9.074495e-01 4.404074e-01 -3.196580e-01 -4.685670e-01 6.641882e-01 -9.269467e-01 -2.930791e-01 8.336244e-01 -4.554697e-03 
6.444756e+00 -8.678892e+00 8.567294e+00 -1.243686e+01 2.625588e+00 -9.546372e+00 8.006400e+00 5.912789e+00 -9.135033e+00 1.131977e+01 -7.202138e+00 -1.394507e+00 9.361935e-01 1.008487e+00 1.179192e+00 -1.428000e-02 1.937644e+00 -6.040822e-01 -1.512935e+00 -6.206082e-01 -3.425529e-01 -2.952442e-01 -1.509901e-01 -9.836657e-01 2.230615e+00 -1.009056e-02 2.353692e-01 1.370861e-01 -1.275468e-01 1.578993e+00 -1.756352e+00 1.404290e+00 -2.880734e-01 -1.293674e+00 1.289047e+00 -1.244522e+00 -1.187337e-01 7.165363e-01 -3.530539e-03 
6.969323e+00 -7.555273e+00 8.044351e+00 -9.423900e+00 1.505111e+00 -1.259677e+01 8.939310e+00 7.503150e+00 -1.125422e+01 1.225075e+01 -7.598367e+00 6.486863e-01 9.247041e-01 1.366204e+00 1.558947e+00 -3.619137e-01 4.397242e+00 -4.107395e+00 1.233163e+00 -7.813419e-01 -2.905633e+00 1.828943e+00 -1.882041e+00 -1.100002e+00 3.242411e+00 -1.303319e-02 1.711835e-01 1.112327e-01 -9.769573e-02 1.118277e+00 -1.689349e+00 1.771962e+00 -2.060066e-01 -1.652074e+00 1.549611e+00 -1.182552e+00 3.610319e-01 2.988069e-01 -1.833817e-03 
8.593728e+00 -5.198622e+00 9.306002e+00 -3.155136e+00 -3.969627e+00 -9.604845e+00 6.156239e+00 1.059956e+00 -5.307362e+00 6.922127e+00 -1.054600e+01 4.425411e+00 9.074173e-01 1.538626e+00 1.242117e+00 -1.270890e-01 5.022036e+00 -5.891767e+00 3.512907e+00 -8.206475e-01 -4.990965e+00 3.628113e+00 -2.965003e+00 -5.710594e-02 3.121686e+00 -1.425194e-02 -3.965393e-02 1.139192e-01 -2.669245e-01 5.291740e-02 -5.762126e-01 1.116213e+00 2.528876e-02 -8.024163e-01 9.358384e-01 -6.351893e-01 9.650555e-01 -2.904212e-01 -1.064685e-04 
1.145550e+01 -4.194855e+00 7.514375e+00 5.416221e+00 -1.739277e+01 -1.114006e-01 6.394577e+00 -8.039039e+00 -1.074890e-01 2.254471e+00 -8.568181e+00 9.058428e+00 8.898319e-01 1.365865e+00 1.405698e+00 -4.516550e-01 4.278348e+00 -5.180501e+00 3.858845e+00 -9.285186e-01 -5.271654e+00 4.257722e+00 -3.169096e+00 1.249735e+00 2.243525e+00 -1.216198e-02 -3.562329e-01 2.909854e-01 -2.839458e-01 -1.085270e+00 1.111783e+00 -1.387702e-02 1.618746e-01 6.045247e-01 -5.892373e-02 -1.579010e-02 8.901217e-01 -6.522579e-01 2.267505e-04 
1.189470e+01 -4.148548e+00 8.196829e+00 5.253586e+00 -1.738436e+01 1.775676e+00 5.175488e+00 -1.127085e+01 3.432225e+00 1.493000e+00 -7.002529e+00 1.000918e+01 8.823479e-01 8.104893e-01 1.825507e+00 -1.304046e+00 2.261718e+00 -2.948756e+00 2.755241e+00 -4.204713e-01 -3.171608e+00 3.169548e+00 -2.683438e+00 2.666713e+00 1.277983e+00 -1.105445e-02 -6.311541e-01 4.863339e-01 -5.250001e-02 -1.042452e+00 1.844706e+00 -7.929745e-01 3.064009e-01 1.461994e+00 -7.565486e-01 2.919196e-01 2.439594e-01 -7.301520e-01 -1.801965e-03 
1.214787e+01 -1.051898e+00 6.340806e+00 7.763130e+00 -1.768956e+01 1.007351e+00 4.787102e+00 -1.268965e+01 5.664706e+00 -8.801913e-01 -3.121281e+00 9.074445e+00 8.764276e-01 -5.085943e-02 2.722127e+00 -1.193159e+00 3.509384e-01 -1.993391e-02 1.542510e+00 -1.720558e-01 -7.925494e-01 1.763583e+00 -2.101801e+00 1.988668e+00 9.028984e-01 -1.349659e-02 -8.003337e-01 3.139429e-01 4.617835e-01 -4.370610e-01 1.863594e+00 -1.021779e+00 3.823016e-01 1.540667e+00 -1.034783e+00 6.760468e-01 -3.546685e-01 -9.765474e-01 -5.290964e-03 
1.229998e+01 2.357551e+00 3.372280e+00 6.980088e+00 -1.856472e+01 3.612457e+00 4.857995e+00 -1.247236e+01 7.653959e+00 -4.928083e+00 6.415968e-02 1.080757e+01 8.588421e-01 -9.088207e-01 3.015622e+00 -1.883283e-02 1.773408e+00 7.514414e-01 7.063403e-01 3.330655e-01 7.931886e-02 1.092391e+00 -2.039050e+00 7.932048e-01 1.411866e-01 -2.259323e-02 -7.450845e-01 -1.565123e-01 6.329440e-01 1.856725e-01 1.476488e+00 -9.761767e-01 9.684215e-02 8.849953e-01 -9.313477e-01 8.127621e-01 -5.427004e-01 -1.025128e+00 -1.012632e-02 
1.099842e+01 6.162877e+00 3.960730e+00 6.307834e+00 -1.690213e+01 6.682891e+00 5.693047e+00 -1.140101e+01 6.599423e+00 -5.044331e+00 -2.158441e+00 1.317397e+01 8.341241e-01 -1.776267e+00 2.380337e+00 1.214579e+00 2.337239e+00 2.287294e+00 -2.255919e-01 6.062543e-01 8.062793e-01 1.223660e-01 -1.110494e-01 4.131307e-01 -2.070847e+00 -3.284376e-02 -5.274173e-01 -7.672599e-01 1.727861e-01 -1.939672e-02 6.267909e-01 -7.458413e-01 -2.581301e-01 5.220084e-02 -7.042575e-01 8.228619e-01 -6.672488e-02 -5.993953e-01 -1.649300e-02 
7.925435e+00 7.322361e+00 9.293049e+00 1.484817e+01 -1.402030e+01 2.469989e+00 6.388053e+00 -1.151826e+01 8.426741e+00 -6.620205e+00 -3.518174e+00 8.665396e+00 7.905207e-01 -2.052176e+00 1.213905e+00 6.567057e-01 2.196964e+00 3.279991e+00 -1.241478e+00 -3.253770e-01 4.538814e-01 -6.666626e-01 3.849385e-01 7.409257e-01 -2.360689e+00 -5.201019e-02 -2.230367e-01 -1.190579e+00 -6.199250e-01 -1.156603e+00 -2.175384e-01 -3.391123e-01 -6.371900e-01 -5.056407e-01 -7.255392e-01 5.513375e-01 2.226390e-02 2.526962e-01 -2.267960e-02 
5.453989e+00 8.367441e+00 9.453670e+00 1.551511e+01 -8.524554e+00 4.504288e-01 7.053485e+00 -9.135135e+00 5.889978e+00 -5.894051e-01 7.353905e-01 -2.088388e-01 7.463551e-01 -2.116284e+00 -2.132807e-01 -6.670544e-01 4.202902e-02 1.849577e+00 -1.212801e+00 -1.133435e+00 -7.187917e-01 -8.782434e-01 8.004424e-01 1.681192e+00 -8.430794e-01 -8.125106e-02 1.348866e-02 -1.168110e+00 -8.376662e-01 -1.422674e+00 -1.046227e+00 7.974232e-03 -5.900792e-01 -4.584616e-01 -5.145909e-01 -2.935683e-01 -3.121876e-01 1.070897e+00 -2.460542e-02 
4.811231e+00 7.324631e+00 3.909286e+00 1.336097e+01 -6.353465e+00 5.211685e-01 2.550294e+00 -1.133593e+01 4.675467e+00 -5.230595e+00 2.321634e+00 5.695271e+00 6.426696e-01 -1.854009e+00 -1.640467e+00 -2.177582e+00 -2.861901e+00 -1.174890e-01 -4.954915e-01 -1.983139e+00 -1.686396e+00 -2.034920e+00 2.618454e-01 2.705513e-01 7.908091e-01 -1.117941e-01 4.005995e-02 -7.235777e-01 -3.707653e-01 -8.997404e-01 -1.079629e+00 2.081190e-01 -1.356953e-01 1.618721e-01 -2.581055e-01 -5.555279e-01 -5.849444e-01 5.658863e-01 -1.623206e-02 
1.974267e+00 5.095551e+00 3.317506e+00 7.261487e+00 -1.148728e+01 1.593306e+00 1.944447e+00 -1.508622e+01 4.084208e+00 -1.736470e+00 3.327650e+00 1.044369e+01 5.017928e-01 -1.807855e+00 -2.032992e+00 -1.556576e+00 -2.246812e+00 -1.244990e+00 -5.586843e-01 -1.515177e+00 -4.157518e-01 -1.766359e+00 -1.517410e+00 -9.125826e-01 1.707873e+00 -1.259836e-01 1.330255e-01 -6.171814e-03 1.057214e-01 2.915026e-01 -5.430582e-02 3.271925e-01 3.904195e-01 1.085863e+00 -1.171193e-01 -6.763577e-01 -4.553961e-01 -2.483617e-01 1.446708e-04 
3.950951e-01 7.558819e-01 1.473326e+00 4.665086e+00 -1.312623e+01 -5.791829e-01 -9.730150e-01 -1.697453e+01 -8.446845e-01 -4.737464e+00 -3.461712e+00 7.293273e+00 3.538363e-01 -2.006022e+00 -1.494184e+00 -7.523440e-01 -1.157364e+00 -5.707755e-01 -5.280611e-01 -8.129425e-01 1.111741e+00 -1.513195e+00 -1.233779e+00 -8.870285e-01 -8.066568e-01 -1.108024e-01 2.704691e-01 7.158745e-01 2.839530e-01 1.028246e+00 7.554285e-01 3.697339e-01 8.342901e-01 1.214257e+00 2.310347e-01 2.056253e-02 3.072596e-01 -6.596356e-01 1.724910e-02 
-1.377415e+00 1.486802e+00 2.888566e+00 8.629040e+00 -1.136278e+01 -1.792800e+00 1.239437e+00 -8.395082e+00 -1.819268e-01 -8.423214e+00 -9.355458e-01 7.531475e+00 2.608496e-01 -1.375190e+00 -3.173040e-01 -8.510898e-01 6.472608e-01 1.804840e+00 4.392954e-01 2.335823e-01 3.311434e+00 -1.724566e+00 -1.833493e+00 -1.701838e-02 -1.286136e+00 -8.101936e-02 4.609534e-01 9.076642e-01 9.092349e-02 6.417142e-01 8.108335e-01 3.623973e-01 6.298329e-01 3.123367e-01 4.662383e-01 8.225275e-01 4.590486e-01 -5.671838e-01 2.380812e-02 
-3.543167e+00 1.657956e+00 3.619325e-01 6.891016e+00 -9.269962e+00 -4.258452e-01 -1.161771e+00 -9.123302e+00 -7.575139e-01 -8.056381e+00 1.832601e-02 3.117767e+00 2.091298e-01 -7.180215e-01 1.081090e+00 -1.110601e+00 8.322728e-01 2.134753e+00 8.541362e-01 1.313951e+00 2.521519e+00 -9.005537e-01 5.227512e-01 1.359046e+00 -1.010487e+00 -4.802955e-02 4.367606e-01 5.158856e-01 -5.847751e-02 6.918456e-02 2.110548e-01 1.230892e-01 1.831232e-01 -7.266570e-01 4.688295e-01 7.444379e-01 2.994952e-01 8.939871e-02 2.055679e-02 
-2.932510e+00 3.058054e+00 -3.823271e-01 9.385050e+00 -4.391448e+00 3.713047e+00 3.207028e+00 -2.454220e+00 -4.582246e+00 -9.244987e+00 1.502606e+00 6.100624e+00 1.690399e-01 -1.470636e-01 1.217853e+00 -9.227209e-01 -3.303732e-02 1.456400e+00 5.621775e-01 5.704598e-01 4.410297e-01 2.584271e-01 1.716927e+00 2.595995e-01 -1.026219e+00 -3.833047e-02 1.887165e-01 1.203389e-01 9.875984e-02 -3.777886e-01 -4.290184e-01 -1.486264e-01 -5.569864e-01 -1.625106e+00 5.772771e-01 6.279891e-01 -3.411409e-02 -7.650076e-02 1.259016e-02 
-2.417428e+00 5.375662e+00 -2.444493e+00 8.448679e+00 -5.937948e+00 9.382471e-01 4.613133e+00 -7.337709e+00 -3.147359e+00 -1.713019e+00 2.114386e+00 2.956365e+00 1.595884e-01 -4.362687e-01 3.177491e-01 -1.008820e+00 -4.711518e-01 6.584191e-01 2.614139e-02 -6.574526e-02 -1.086277e+00 -1.606494e-01 7.131582e-01 4.720911e-01 -4.896260e-01 -2.936358e-02 -2.175496e-03 -1.610480e-01 2.126968e-01 -2.217080e-01 -3.097254e-01 -1.839368e-01 -8.324647e-01 -9.835691e-01 4.811058e-01 -1.382921e-01 -1.721901e-01 -9.889735e-02 6.893580e-03 
-2.675334e+00 5.717515e+00 -3.220018e-01 7.685136e+00 -5.746211e+00 3.359366e-01 1.204643e+00 -7.082778e+00 2.305210e+00 -3.010502e+00 -6.857855e-01 2.481605e+00 9.397240e-02 -5.724450e-01 6.660415e-01 -4.081502e-01 -5.900447e-01 3.976808e-01 1.102255e-01 -1.861515e+00 -3.010123e+00 7.917782e-01 1.211298e+00 2.558112e-01 -1.929004e+00 -2.740338e-02 -2.821090e-03 -8.055868e-03 9.325618e-02 6.324799e-02 6.836715e-02 -1.866814e-01 -2.767171e-01 -3.843702e-03 1.725418e-01 -2.808599e-01 3.044960e-01 2.538819e-01 4.317258e-03 
-5.853011e+00 1.917183e+00 -4.712430e+00 5.385201e+00 -5.300227e+00 1.393353e+00 -4.893808e-01 -1.224056e+01 -5.004714e+00 -7.607806e+00 3.473122e+00 2.479552e+00 9.984007e-02 -5.162130e-01 5.516855e-01 -3.044469e-01 2.296938e-03 1.115450e+00 1.604424e-01 -1.632314e+00 -6.709237e-01 1.238297e+00 8.409195e-02 4.999871e-01 -1.053578e+00 -1.902501e-02 1.362875e-01 2.668416e-01 -2.971991e-02 1.543535e-01 2.162242e-01 -1.976070e-01 4.228027e-01 8.262230e-01 3.652244e-01 1.405563e-01 3.748237e-01 4.098347e-01 2.066805e-03 
-4.076854e+00 8.117294e+00 -1.289058e+00 7.966535e+00 -2.722026e+00 4.036896e+00 -3.549497e+00 -1.505287e+01 3.051838e-01 -2.413325e-01 2.102430e+00 -3.305868e+00 6.191105e-02 -1.210647e-01 1.060657e+00 -8.086979e-01 4.642684e-02 1.569919e+00 -4.385271e-01 -2.985326e-02 2.139826e-01 4.216166e-01 6.270791e-01 1.768186e+00 5.252488e-01 -2.191203e-02 5.331162e-02 4.727950e-02 -5.381215e-02 3.057597e-01 1.441845e-01 -2.593606e-01 1.093399e+00 1.286978e+00 8.091558e-02 1.738543e-02 2.104011e-01 5.200720e-01 2.892503e-03 
-4.297916e+00 6.933748e+00 -3.482977e+00 8.319280e+00 -1.873657e+00 -1.101739e-01 -1.171775e+00 -6.706298e+00 4.044378e+00 -2.677170e+00 3.220373e+00 5.821542e-01 8.049785e-02 1.959993e-02 1.454575e+00 -9.571201e-01 -1.741745e-02 1.153487e+00 -6.875354e-01 1.132540e+00 1.432661e+00 1.850625e+00 1.707975e+00 1.589997e+00 3.323627e-01 -2.177301e-02 -3.683371e-02 -8.544164e-02 2.109473e-01 4.128519e-01 -6.431317e-02 -7.383602e-02 8.884986e-01 6.050206e-01 -5.212175e-01 1.670766e-01 -5.393324e-02 -1.360493e-01 3.416832e-03 
-4.058249e+00 8.511809e+00 -4.980379e+00 6.450527e+00 3.898862e-01 -1.104620e+00 1.396444e+00 -8.779630e+00 -1.107538e-01 -2.340153e+00 8.281672e+00 6.056269e+00 -5.936052e-03 -5.737153e-01 4.510290e-01 -3.508857e-01 9.485877e-01 1.099684e+00 -7.626661e-01 2.223052e+00 2.372886e+00 8.901318e-01 4.862536e-01 7.628292e-01 -2.160373e-02 -1.156419e-02 -1.127760e-01 -2.900360e-01 3.562296e-01 3.280102e-01 -1.896371e-01 1.345426e-01 1.758481e-01 2.419711e-01 -5.498481e-01 -7.328998e-03 -3.015805e-01 -3.287259e-01 5.967428e-03 
-5.764368e+00 8.992582e+00 -7.652460e+00 6.055683e+00 -1.088324e+00 5.264843e-01 2.700343e+00 -8.213833e+00 4.456724e+00 1.981775e+00 8.333485e+00 -5.398566e-01 2.489555e-02 -4.741237e-01 4.293188e-01 5.214361e-01 1.615389e+00 1.028931e+00 -4.665364e-02 1.683599e+00 1.274715e+00 -1.601912e+00 9.897304e-01 7.329357e-01 -1.460469e+00 -7.110867e-03 2.031836e-02 -2.808250e-01 1.954568e-01 -2.855868e-02 -1.327078e-01 1.862150e-01 -4.981201e-01 -2.137007e-01 -6.164969e-01 -2.576170e-01 -2.628634e-01 1.754609e-01 1.843843e-03 
-6.212328e+00 9.343515e+00 -9.589341e-01 1.384134e+01 2.384472e+00 -9.463573e-02 5.629548e+00 -2.434858e+00 4.549771e+00 -1.394904e-01 3.360199e+00 -2.852874e+00 3.190513e-02 -4.380471e-01 1.231698e-01 2.330903e-01 8.700334e-01 6.840397e-01 -8.623026e-02 5.737760e-01 1.502880e+00 -6.011983e-01 9.495314e-01 6.887843e-01 -2.220137e-01 5.955616e-04 1.655091e-01 -4.144549e-02 -4.232871e-01 -8.406083e-01 -4.033704e-01 1.088911e-01 -8.550885e-01 -7.455658e-01 -2.014817e-01 -1.050831e-01 -3.016858e-01 3.979447e-01 -3.986265e-03 
-5.591458e+00 8.664350e+00 -2.886385e+00 1.270068e+01 2.273633e+00 -8.486484e-01 5.129821e+00 -3.504601e+00 -6.295622e+00 1.171058e+00 9.345811e+00 -2.265995e+00 2.601990e-02 5.330525e-02 2.144224e-01 -2.718689e-01 -1.209938e-01 6.980324e-01 -9.466463e-02 -5.335116e-01 7.993878e-01 -4.862953e-01 1.883338e-01 3.127052e-01 1.309960e+00 -1.863112e-02 7.115041e-02 2.871808e-02 -5.316110e-01 -8.455165e-01 -3.994602e-01 5.109615e-02 -8.206648e-01 -5.610653e-01 2.726212e-01 -5.511469e-01 -6.325841e-01 1.559298e-01 -6.540535e-03 
-6.334898e+00 9.291760e+00 -6.197989e+00 7.478629e+00 2.128649e+00 -8.482395e-01 3.050456e+00 -3.619158e+00 2.259176e+00 2.812928e+00 1.121968e+01 5.809443e+00 -3.511686e-03 -9.871049e-03 3.511852e-01 -2.070641e+00 -2.386178e+00 -7.516959e-01 -1.941901e-01 -9.439288e-01 -1.117195e+00 -6.750421e-01 3.616110e-01 -5.354703e-01 5.829607e-01 -2.573049e-02 -4.733311e-02 1.402960e-01 2.987283e-02 -3.359988e-01 -1.804250e-01 3.847764e-01 -3.356721e-01 -2.137627e-01 -4.014822e-02 -6.404064e-01 -4.839009e-01 -5.763400e-01 -3.355354e-03 
-5.436422e+00 1.009033e+01 -6.391919e+00 8.632142e+00 2.529982e+00 4.303926e-01 1.322508e+00 -3.625074e+00 3.170713e+00 1.447104e+00 5.967404e+00 1.678702e+00 -5.055843e-02 -3.324428e-01 4.588075e-01 -9.847406e-01 -9.838776e-01 -2.505188e-01 2.628226e-01 -1.660793e+00 -2.203684e-01 -2.019182e-01 -1.471874e+00 -1.817790e+00 -1.083332e+00 -2.664803e-02 -1.741414e-01 1.813613e-01 5.632552e-01 1.044301e-01 1.162169e-01 4.570861e-01 3.805715e-01 2.181646e-01 1.648107e-01 -7.461646e-02 -5.896041e-02 -5.910954e-01 5.560705e-03 
-6.339275e+00 1.038632e+01 -9.559556e+00 3.944972e+00 -1.502265e+00 -1.704886e+00 2.813858e+00 -7.960515e+00 -3.558726e+00 1.530521e+00 2.372118e+00 -1.910336e+00 -5.846397e-02 -4.818302e-01 7.024961e-01 7.388589e-01 -3.784941e-01 2.561767e-01 1.658904e+00 -5.409241e-01 9.441094e-01 -9.442315e-01 -1.422379e+00 -6.654449e-01 -1.907116e+00 -1.217589e-02 -1.384978e-01 1.573742e-03 7.333223e-01 4.628220e-01 5.931238e-01 3.732702e-01 7.516022e-01 4.416608e-01 5.145364e-01 5.114400e-01 3.023641e-01 -1.583471e-01 8.510672e-03 
-7.251613e+00 1.041129e+01 -6.129152e+00 9.547685e+00 2.836236e+00 8.940859e-01 -3.055860e+00 -2.435934e+00 -4.396152e+00 -5.547177e+00 4.680740e+00 -3.822929e+00 -7.975622e-02 -5.814218e-01 9.456041e-01 1.139609e+00 -6.027833e-01 7.750911e-01 1.264306e+00 1.167847e+00 8.593625e-01 4.724170e-01 7.072187e-01 8.292498e-02 -4.006214e-01 2.393574e-03 -8.325630e-03 -2.170114e-01 1.107513e-01 -2.802334e-03 3.206718e-01 -6.016579e-02 7.720081e-01 -1.572842e-01 5.278322e-01 9.471363e-01 4.360183e-01 3.806532e-01 4.492444e-03 
-7.836370e+00 1.264401e+01 -2.635091e+00 5.127732e+00 3.256480e+00 7.214462e+00 2.534637e+00 5.065297e-01 1.321521e+00 -8.017997e-01 8.536082e+00 -9.751902e-01 -4.980301e-02 -5.777802e-01 1.156234e-01 5.337793e-01 -2.627858e-01 1.700978e+00 1.171398e+00 1.399682e+00 5.511075e-01 1.560382e+00 1.829174e+00 2.596209e-02 -5.501594e-01 2.300893e-03 2.116783e-02 -4.729288e-01 -4.008351e-01 -9.848882e-02 -3.402114e-01 -5.645919e-01 1.541115e-01 -4.574697e-01 2.464544e-01 4.620780e-01 1.608137e-01 5.856809e-01 -4.285182e-03 
-7.595244e+00 1.368954e+01 -4.156179e+00 5.026695e+00 4.026578e+00 2.291708e+00 7.300956e+00 -3.561610e+00 3.092357e+00 6.149601e+00 3.300083e+00 -7.916108e-01 -4.293398e-02 -3.260913e-01 -3.328610e-01 -3.285263e-01 -1.055911e+00 6.304336e-01 2.057284e-01 1.228805e+00 -8.104301e-01 1.184878e+00 1.637992e+00 1.666343e-02 1.415286e-01 -1.142517e-02 5.976757e-02 -4.806743e-01 -3.881147e-01 -3.449527e-02 -6.766176e-01 -3.168389e-01 -4.689309e-01 -3.681332e-01 -2.257369e-01 -4.419886e-01 1.771323e-01 5.249466e-01 -9.208737e-03 
-9.056588e+00 9.325356e+00 -7.877107e+00 4.891535e+00 6.407790e+00 3.452986e+00 4.634009e+00 -4.641572e+00 4.991139e-01 4.828332e+00 3.191810e+00 -6.176605e+00 -6.536815e-02 -5.035947e-01 -1.022828e+00 -5.311778e-01 -6.443351e-01 -1.372501e+00 -6.347233e-01 1.991533e-01 -5.085077e-01 -6.816143e-02 4.225551e-01 1.717788e-01 7.502825e-01 -2.668974e-02 5.643766e-02 -1.172263e-01 -9.135375e-02 -5.085593e-02 -6.171699e-01 -1.114687e-01 -6.045408e-01 -1.232483e-01 -2.580206e-01 -5.737878e-01 1.449953e-01 5.855821e-01 -6.059083e-03 
-8.271928e+00 1.040630e+01 -5.150992e+00 4.386347e+00 4.412678e+00 3.803005e+00 2.038825e+00 -3.913888e+00 1.939551e+00 -1.726561e-01 7.436074e+00 -5.148044e-01 -1.290868e-01 -3.196551e-01 -8.885035e-01 -2.684290e-01 -5.844337e-01 -1.071361e+00 5.830688e-01 -5.765235e-01 -4.513269e-01 1.579786e-01 -7.995102e-01 8.956967e-01 1.573981e+00 -2.915505e-02 -3.670556e-03 7.501696e-02 3.333540e-02 1.146205e-01 -2.865783e-02 1.825731e-01 -3.758183e-01 1.378175e-01 -2.294325e-01 -3.037684e-01 -2.131971e-01 1.875814e-01 1.957774e-03 
-1.001598e+01 9.171453e+00 -4.793481e+00 2.226446e+00 -3.798903e+00 3.285336e+00 6.161458e+00 -1.859919e+00 1.557241e+00 4.472219e+00 7.326804e+00 2.637668e+00 -1.401721e-01 -2.989069e-01 -1.927314e-01 4.682907e-02 -7.527643e-01 -5.339213e-01 4.252813e-01 -7.203841e-01 -2.445818e-01 7.838178e-01 1.789511e-01 3.113965e-01 1.661447e+00 -1.912696e-02 4.869053e-02 2.355454e-01 2.717566e-02 2.152151e-01 6.185067e-01 3.297260e-01 -9.572652e-02 3.620582e-02 -1.281637e-01 -6.856327e-02 -6.052900e-01 -5.539764e-01 7.267227e-03 
-8.713687e+00 9.323994e+00 -7.040324e+00 3.437125e+00 3.773381e+00 5.291403e+00 3.654563e+00 -7.209706e+00 3.353543e+00 2.330183e+00 5.711001e+00 2.670934e+00 -1.512926e-01 -4.468546e-01 -3.727986e-01 -4.509468e-01 -4.285384e-01 6.796424e-02 5.886484e-01 -1.903919e-01 -2.533359e-01 -3.882559e-01 2.409281e-01 -1.119151e+00 6.238292e-01 -5.414804e-03 1.848352e-02 1.744532e-01 3.770918e-02 3.241771e-01 3.562609e-01 1.137470e-01 2.053034e-01 1.090513e-01 -2.662614e-01 9.045856e-02 -7.598162e-01 -1.087542e+00 7.493865e-03 
-1.033043e+01 8.902693e+00 -6.697987e+00 1.602495e+00 4.058097e+00 4.835478e+00 2.243274e-01 -4.217224e+00 3.711367e+00 4.471549e+00 5.611363e+00 5.373887e-01 -1.499047e-01 -1.964359e-01 -1.029881e-01 -3.041434e-01 3.538197e-01 1.150333e+00 1.011275e+00 -4.726512e-01 -4.265547e-01 -4.358092e-01 -4.403881e-01 -1.847201e+00 -1.544429e+00 -2.221942e-03 8.599907e-02 7.885485e-02 4.580067e-02 3.926582e-01 1.135659e-01 1.092606e-01 3.215278e-01 5.641712e-03 -2.055171e-01 -8.802713e-02 -4.353401e-01 -1.049896e+00 4.297657e-03 
-1.034904e+01 8.677061e+00 -6.452984e+00 2.555705e+00 8.243141e-01 5.970995e+00 4.055562e+00 -4.002092e+00 -1.078772e+00 1.032365e+00 2.697935e+00 3.654541e+00 -1.512926e-01 -2.784127e-01 -6.107690e-02 9.559491e-02 4.831764e-01 -1.322701e-01 8.588076e-01 3.260432e-01 1.845540e-01 -5.635956e-01 -3.753785e-02 -1.824058e+00 -2.260826e+00 -1.412526e-04 1.230698e-01 9.856763e-02 1.213941e-01 2.767312e-01 -8.837060e-02 3.204228e-02 2.740178e-01 -3.732163e-02 7.441636e-02 -4.073863e-02 -4.530019e-02 -6.140519e-01 1.221507e-03 
-1.018087e+01 8.980325e+00 -6.607684e+00 4.435979e+00 3.427205e+00 8.002005e+00 3.597589e+00 -5.596756e+00 1.594460e+00 2.918791e+00 -4.024802e-01 -5.576173e+00 -1.512926e-01 4.678437e-02 4.573276e-02 2.616048e-03 7.546285e-01 1.341835e-01 8.363592e-01 6.288819e-01 -4.353088e-01 -1.561455e-01 -1.219815e-01 -1.512794e+00 -2.145830e+00 -2.802742e-04 8.117411e-02 4.044108e-02 5.206975e-02 1.073283e-01 -1.765811e-01 -3.720614e-02 2.505955e-01 -6.379399e-02 9.667511e-02 5.524300e-02 9.801360e-02 -1.087782e-01 3.749840e-04 
