-9.504207e+00 8.701079e+00 -7.260411e+00 7.474501e-01 -2.148331e-01 9.097361e+00 9.552527e+00 1.806658e+00 5.540292e+00 -1.805938e+00 4.394571e-03 -2.125906e+00 -1.512926e-01 -1.720664e-01 -1.299741e-01 1.387443e-01 1.000044e+00 3.007804e-01 -1.766109e+00 -1.773657e+00 -1.251003e+00 5.976400e-01 1.624406e+00 1.650141e+00 5.984281e-01 -1.516523e-06 -2.105393e-01 -8.028911e-02 -3.185334e-01 1.018958e-01 1.674793e-01 7.214446e-02 4.946141e-02 -3.901272e-01 -6.223383e-01 -3.016048e-01 -8.007131e-01 -5.649855e-01 -2.757756e-07 
-9.270020e+00 7.948476e+00 -7.989246e+00 2.237866e+00 -5.664384e+00 4.798171e+00 6.261214e+00 1.511597e+00 7.499484e+00 1.857064e+00 5.229638e+00 1.351854e+00 -1.512926e-01 -7.472782e-01 -2.638522e-01 -4.247967e-01 1.017624e+00 1.719153e-01 -2.732906e+00 -2.434577e+00 -2.846022e+00 -1.105307e+00 5.599833e-01 -4.172595e-01 -5.511258e-01 -1.516523e-06 -1.782467e-01 -6.486851e-02 -3.392623e-01 4.942991e-02 4.256474e-01 5.788206e-01 5.536340e-01 -1.449441e-02 -8.788581e-01 -3.151884e-01 -7.694830e-01 -6.674867e-01 -2.757756e-07 
-1.048173e+01 8.427023e+00 -6.202294e+00 5.002944e+00 4.014441e+00 2.416480e+00 2.329494e+00 -4.300302e+00 7.548912e+00 4.484644e+00 5.642456e+00 -8.727348e-01 -1.512926e-01 -9.371899e-01 -4.644958e-01 -1.172170e+00 1.500768e+00 1.202672e+00 -9.221394e-01 -1.196083e+00 -2.403867e+00 -1.662583e+00 6.485380e-01 -1.319653e+00 -1.651769e+00 -1.516523e-06 2.431908e-02 1.641776e-02 -4.234584e-02 -1.558183e-01 2.534380e-01 8.251984e-01 8.678975e-01 4.912184e-01 -5.912519e-01 -1.193587e-01 -2.266137e-02 -2.255554e-01 -2.757756e-07 
-1.275170e+01 7.518839e+00 -9.913058e+00 3.708417e+00 -1.469484e+00 -1.226636e+00 9.913874e-01 -9.369929e+00 -9.906140e-01 -2.151498e+00 -4.901029e+00 -5.508626e+00 -1.512926e-01 -6.806819e-01 -2.871203e-01 -9.020789e-01 9.969045e-01 1.978155e+00 7.061120e-01 7.057356e-01 -7.467372e-01 -2.666403e+00 5.365201e-01 -7.122919e-01 -1.613942e+00 -1.516523e-06 2.005250e-01 2.601463e-02 4.668821e-01 -2.649939e-01 -2.598620e-02 7.647979e-01 6.821773e-01 1.132965e+00 6.527081e-01 2.799414e-01 9.190285e-01 4.870644e-01 -2.757756e-07 
-1.244982e+01 6.593369e+00 -1.215921e+01 7.515770e+00 3.701893e+00 7.499556e+00 6.207086e+00 -4.771537e+00 1.472427e+00 3.441040e+00 -1.528736e+00 -6.954820e+00 -1.512926e-01 -8.376035e-02 -3.638089e-02 1.656317e-01 2.313771e-01 6.649431e-01 6.403837e-01 9.954962e-01 1.556692e-01 -1.578113e+00 1.039339e+00 1.684340e+00 1.941308e-03 -1.516523e-06 2.213784e-01 8.559176e-02 7.185054e-01 -2.955504e-01 -5.186720e-01 3.381903e-02 -9.887393e-02 9.974158e-01 1.351253e+00 3.491177e-02 6.217974e-01 7.394602e-01 -2.757756e-07 
-1.169008e+01 7.429876e+00 -9.521269e+00 5.965755e+00 4.382370e+00 5.787288e+00 7.851336e+00 -1.986630e+00 -2.794346e+00 5.061208e+00 5.253698e+00 -3.676810e+00 -1.512926e-01 -1.713819e-01 -3.478082e-01 1.240764e+00 3.274408e-01 3.109325e-01 3.098721e-01 -1.195839e-01 1.539106e+00 2.116035e+00 1.764344e+00 2.675984e+00 1.057233e+00 -1.516523e-06 1.767941e-01 1.884231e-01 5.491585e-01 4.354143e-02 -5.948203e-01 -1.896101e-01 -5.762383e-01 4.165210e-01 1.393069e+00 -2.382149e-01 -3.683252e-01 3.037920e-01 -2.757756e-07 
-1.143151e+01 8.289573e+00 -5.570284e+00 5.031126e+00 4.412925e+00 2.111469e+00 3.877086e+00 -7.213336e+00 5.599978e-01 6.074914e+00 8.986632e+00 -1.778550e+00 -1.512926e-01 -8.503164e-02 -6.253961e-03 1.349043e+00 3.578924e-01 -5.570650e-01 -5.549522e-01 -1.277825e+00 1.440129e+00 2.702466e+00 2.091284e-01 9.531596e-02 7.099770e-01 -1.516523e-06 8.247414e-02 2.019572e-01 -5.773483e-03 1.906474e-01 -3.257905e-01 -6.834328e-02 -3.533950e-01 -2.896312e-02 4.016226e-01 -4.479920e-01 -9.999413e-01 -1.132013e-01 -2.757756e-07 
-1.411771e+01 4.931318e+00 -7.003849e+00 6.587609e+00 -2.702134e-01 3.016491e+00 1.558334e+00 -4.534221e-01 1.004584e+01 5.353266e+00 3.221239e+00 -2.810103e+00 -1.512926e-01 2.039433e-01 6.399556e-01 1.251957e+00 1.151517e+00 -3.851357e-01 3.556087e-01 -1.038781e+00 6.936723e-01 2.158528e+00 -2.395319e-01 -1.759385e+00 -4.489319e-01 -1.516523e-06 8.446357e-02 1.810956e-01 -3.035118e-01 -5.804819e-02 8.233777e-03 1.188572e-01 4.271327e-01 -4.348487e-01 -1.053172e+00 -6.111968e-01 -7.270213e-01 -3.729677e-01 -2.757756e-07 
-1.166065e+01 7.811448e+00 -6.672523e+00 8.994174e+00 3.242936e+00 6.109986e+00 2.964629e+00 1.663132e+00 8.564981e+00 4.340818e+00 -3.615730e-02 -3.837872e+00 -1.512926e-01 1.409653e-01 4.795102e-01 1.310795e-01 7.727558e-01 -6.160122e-01 2.756415e-01 -3.119180e-01 4.333843e-01 4.088487e-01 -1.987446e-01 -1.097662e+00 1.891442e-01 -1.516523e-06 -4.001741e-02 -1.423543e-01 -3.352900e-01 -3.286002e-01 2.346929e-01 2.531709e-01 8.765369e-01 -4.450945e-01 -1.145464e+00 -2.570540e-01 -7.828251e-03 -2.573675e-01 -2.757756e-07 
-1.055573e+01 1.086866e+01 -2.710099e+00 9.741693e+00 3.041785e+00 5.566372e+00 3.114010e+00 -2.956820e+00 3.995659e+00 4.730754e+00 9.681772e-01 -4.892134e+00 -1.512926e-01 1.378360e-01 3.147237e-01 3.321877e-01 -1.701441e-01 3.815053e-01 4.886475e-01 1.533116e+00 -1.316531e-01 -2.002945e+00 -1.087740e+00 -3.627996e-01 -5.471600e-01 -1.516523e-06 -9.060557e-02 -3.026302e-01 -2.673047e-01 -4.495528e-01 1.299891e-01 -1.411688e-02 6.400276e-01 -3.548900e-01 -5.357571e-01 -6.049658e-02 3.381673e-01 -1.581759e-02 -2.757756e-07 
-1.250784e+01 7.718268e+00 -7.061862e+00 7.317571e+00 -3.230475e-01 2.214585e+00 1.540057e+00 -3.794571e+00 5.629183e+00 5.392291e+00 4.625144e+00 2.080201e-01 -1.512926e-01 -2.520601e-01 -5.553107e-01 1.326611e-01 -6.244062e-01 2.331549e-01 6.442670e-01 1.818869e+00 -3.727267e-01 -9.440178e-01 -6.520303e-01 -6.422155e-01 -5.276365e-01 -1.516523e-06 1.422279e-01 6.814788e-02 1.684132e-01 -1.246782e-01 -6.353474e-02 -4.875932e-01 -2.744364e-01 -6.464104e-01 5.520568e-02 4.040988e-02 2.379371e-01 4.104688e-02 -2.757756e-07 
-1.300480e+01 6.551628e+00 -5.148263e+00 6.575135e+00 3.420535e+00 7.407452e+00 9.936350e+00 1.616932e+00 1.499134e+00 -6.112683e-01 -9.231617e-01 -7.569210e+00 -1.512926e-01 -5.266254e-02 -3.557958e-01 -8.535816e-02 -3.979030e-01 -1.596626e-01 1.006056e-01 1.095899e+00 -6.779228e-01 1.560585e-01 -3.154720e-01 -2.962814e-01 -1.696020e-01 -1.516523e-06 4.404635e-01 4.067450e-01 2.732905e-01 1.699582e-01 -6.477269e-01 -1.212049e+00 -1.478503e+00 -9.760756e-01 3.557530e-01 1.563149e-01 4.295356e-01 6.016718e-01 1.236501e-04 
-1.169639e+01 7.193344e+00 -4.790382e+00 7.455709e+00 4.219412e+00 8.410585e+00 8.647803e+00 -2.487433e+00 5.093444e+00 3.751666e+00 -2.301384e+00 -5.137722e+00 -1.512926e-01 9.473571e-01 1.155586e+00 1.182001e+00 2.630844e-01 -6.628424e-01 -1.968328e+00 -1.465579e+00 -2.525633e+00 -3.946000e-01 -3.827501e-01 5.874579e-02 2.057189e-01 -1.516523e-06 6.185168e-01 5.250517e-01 2.743407e-01 5.866051e-02 -8.491342e-01 -1.269071e+00 -1.644850e+00 -9.001321e-01 -2.368677e-01 -2.258037e-01 4.392979e-01 6.722081e-01 2.476817e-03 
-1.122465e+01 9.352071e+00 -4.273171e+00 7.683014e+00 -2.768581e-02 2.971774e+00 5.039801e+00 -6.999586e+00 5.044016e+00 3.973857e+00 2.950082e+00 -3.067466e+00 -1.512926e-01 1.740449e+00 1.493060e+00 1.173971e+00 2.360861e-01 -2.409153e+00 -4.265369e+00 -4.217217e+00 -3.935657e+00 -4.988177e-01 -4.407774e-01 1.434279e+00 2.094526e+00 6.205335e-04 5.024554e-01 1.466727e-01 1.414748e-01 -2.704580e-01 -7.459487e-01 -2.926461e-01 -8.049459e-01 -5.422910e-01 -5.074340e-01 -2.459365e-01 1.049603e-01 4.687716e-01 6.683173e-03 
-8.660801e+00 1.209602e+01 -1.589476e+00 8.078487e+00 -1.913163e+00 -5.409361e+00 -3.339269e+00 -1.211418e+01 1.883798e+00 1.185771e+00 2.981983e+00 -1.014452e+00 -1.512926e-01 1.944052e+00 1.145428e+00 8.746811e-01 -6.479512e-01 -2.887771e+00 -3.518194e+00 -3.748746e+00 -3.244609e+00 -1.801023e+00 -1.718303e+00 6.888400e-01 1.701410e+00 1.207772e-02 1.276625e-01 -4.381620e-01 -2.372158e-01 -4.001108e-01 -2.119186e-01 1.174030e+00 6.426980e-01 3.454928e-01 -2.815860e-01 -8.135705e-02 -1.679596e-01 1.222000e-01 9.326925e-03 
-5.820719e+00 1.156561e+01 -8.790256e-01 7.443697e+00 -5.559352e+00 -7.009502e+00 -5.156100e+00 -1.324761e+01 6.098247e-01 -1.532448e+00 3.606482e+00 8.417546e-01 -1.482006e-01 1.961165e+00 3.826178e-01 7.756477e-01 -1.294655e+00 -2.777082e+00 -5.876006e-01 -1.787281e+00 -3.030123e+00 -1.677781e+00 -8.773276e-01 -8.654653e-02 1.426453e+00 2.738192e-02 -2.321743e-01 -6.285135e-01 -2.794955e-01 -1.323704e-01 4.616192e-01 1.754328e+00 1.678113e+00 1.045806e+00 4.175796e-02 3.087257e-01 -1.467288e-01 -4.022081e-02 8.993607e-03 
-4.678380e+00 1.181353e+01 -2.114040e+00 4.335352e+00 -7.453742e+00 -4.189983e+00 -4.997931e+00 -1.558592e+01 -1.694568e+00 -2.086666e+00 8.146208e-01 1.414933e+00 -9.245779e-02 1.475335e+00 -4.800368e-01 1.950740e-01 -9.720878e-01 -1.538372e+00 2.062964e+00 5.328639e-01 -1.250780e+00 -1.213040e+00 -5.712968e-01 -2.072021e-02 1.150783e+00 3.325390e-02 -2.351584e-01 -3.790497e-01 4.166557e-02 5.145671e-01 7.885193e-01 1.421165e+00 1.786498e+00 1.424485e+00 7.201309e-01 5.697241e-01 1.262859e-01 -3.220097e-02 2.174942e-02 
-3.409909e+00 1.140623e+01 -1.322155e-01 3.081481e+00 -1.114322e+01 -5.762342e-01 -3.066868e+00 -2.041408e+01 -1.555850e+00 1.223222e+00 3.601075e+00 2.850192e+00 -4.381237e-02 8.138711e-01 -8.368716e-01 1.162367e-01 -2.636963e-01 -7.758245e-01 1.715769e+00 2.032612e+00 2.964258e-01 -5.839083e-01 5.292877e-01 1.055530e+00 2.168655e+00 3.499652e-02 2.213429e-01 -1.791672e-03 3.968421e-01 7.503187e-01 5.971560e-01 4.777650e-01 7.881535e-01 1.280213e+00 1.030349e+00 1.236901e-01 -5.517102e-02 -9.330449e-02 3.815891e-02 
-2.489562e+00 9.775384e+00 -9.876971e-01 5.399342e+00 -6.814003e+00 1.688992e+00 -1.719271e+00 -1.478574e+01 -3.098489e+00 -3.048759e+00 2.880873e+00 3.734982e+00 -3.720685e-02 1.341849e+00 -1.401321e-01 1.412673e+00 1.409413e+00 5.418468e-02 2.435761e+00 3.273740e+00 2.214738e+00 1.252826e+00 4.269410e-01 7.493291e-01 1.169290e+00 1.170189e-01 7.545080e-01 2.090660e-01 7.462656e-01 4.121818e-01 7.007111e-04 -2.901415e-01 -4.624081e-01 2.324430e-01 1.038133e+00 -2.035687e-01 -2.678581e-01 -1.143470e-01 4.765135e-02 
-2.846097e+00 8.400460e+00 -8.610498e-01 5.592920e+00 -9.758709e+00 -1.370131e+00 3.367783e+00 -1.216592e+01 -1.607271e+00 1.594904e+00 7.850910e+00 1.052523e+01 -8.413704e-04 3.134668e+00 2.036795e-01 2.151165e+00 1.266103e+00 -5.876848e-01 1.614947e+00 7.831272e-01 1.638082e+00 2.241034e+00 -7.579092e-01 -7.474783e-01 9.506664e-01 1.762945e-01 9.153670e-01 5.458650e-02 5.859591e-01 -2.306179e-01 -3.980262e-01 -3.944589e-01 -1.299065e+00 -5.564136e-01 5.371590e-01 -6.428918e-01 -4.499785e-01 -4.111574e-01 3.416052e-02 
1.748907e+00 1.261588e+01 5.313615e+00 1.012700e+01 -7.874505e+00 8.385890e+00 8.153614e+00 -8.636897e+00 4.595176e+00 -1.376179e-01 2.436425e+00 3.423791e+00 4.711369e-01 4.087454e+00 4.514414e-02 2.908879e+00 3.238306e-01 -1.629249e+00 6.628205e-01 -1.154296e+00 -7.592489e-01 2.565164e+00 -9.455308e-01 -4.585739e-01 1.188000e+00 2.008633e-01 2.413792e-01 -5.469538e-01 4.271571e-02 -9.346366e-01 -5.057666e-01 -6.937234e-01 -1.499132e+00 -7.352303e-01 -3.987930e-01 -4.704695e-01 4.804475e-02 -1.780474e-01 -1.087869e-02 
1.014386e+01 1.100443e+01 7.473155e+00 7.047762e+00 -1.355067e+01 4.150105e+00 -4.087583e+00 -1.529764e+01 5.802580e+00 -4.021866e+00 8.603899e-02 7.759007e+00 5.834834e-01 4.017924e+00 -6.565441e-01 2.297889e+00 -8.741405e-01 -1.924312e+00 6.298844e-01 -2.248654e+00 -9.985352e-01 1.445753e+00 -1.998852e+00 -5.903254e-01 1.035251e-01 1.638800e-01 -8.542239e-01 -8.621739e-01 -2.757971e-01 -9.365464e-01 1.308067e-01 -3.984196e-01 -3.301995e-01 -6.060046e-02 -8.667459e-01 4.206740e-02 4.760727e-01 -4.138689e-01 -3.952977e-02 
1.145269e+01 8.698972e+00 9.389613e+00 6.291004e+00 -1.306370e+01 2.243284e+00 -3.763513e+00 -1.701626e+01 6.022217e+00 -4.967908e+00 4.470236e+00 1.105804e+01 6.749417e-01 2.107266e+00 -2.444886e+00 1.552828e+00 -2.193761e+00 -1.806090e+00 -5.404258e-01 -2.706020e+00 -1.432711e-01 -3.435250e-01 -1.304964e+00 9.110286e-01 7.026557e-01 6.883428e-02 -1.412754e+00 -7.828562e-01 -3.854229e-01 -6.332629e-01 7.527810e-01 -1.811062e-01 4.070265e-01 6.205369e-01 -8.077049e-01 3.231178e-01 1.177557e-01 -5.445541e-01 -4.569757e-02 
1.239154e+01 7.076553e+00 8.590101e+00 3.140155e+00 -1.678628e+01 4.850897e+00 -1.917158e+00 -1.296918e+01 4.908089e+00 -5.984133e+00 3.882234e+00 7.225778e+00 7.166479e-01 -1.462494e-01 -2.862235e+00 1.450267e+00 -2.157972e+00 1.547224e-01 2.244396e-01 -9.187862e-02 1.027020e+00 -6.382917e-01 -3.677807e-01 9.481918e-01 -8.761125e-01 4.466256e-02 -1.407603e+00 -4.985047e-01 -2.357091e-01 -3.661061e-01 1.456101e+00 -7.326896e-01 6.193455e-01 9.019499e-01 -3.408112e-01 7.214476e-01 -5.386928e-01 -1.784675e-01 -2.879238e-02 
1.116133e+01 2.355602e+00 1.251943e+01 1.111969e+00 -1.528719e+01 5.333442e+00 -6.461870e+00 -1.051691e+01 3.325189e+00 -5.681374e+00 5.093383e+00 7.203910e+00 7.487268e-01 -8.942593e-01 -2.766297e+00 1.405616e+00 -2.200667e+00 1.095094e+00 -4.005600e-02 -1.976624e-01 1.330652e+00 -4.314071e-01 -1.453427e-01 -6.390527e-01 -1.045012e+00 3.198332e-02 -8.460531e-01 -1.893817e-01 -4.867388e-01 -4.469534e-01 1.865572e+00 -1.168714e+00 6.735903e-01 1.448992e+00 2.333643e-02 4.541830e-01 -1.207605e+00 -1.807971e-01 -4.963007e-03 
9.558186e+00 -1.349454e-01 1.315961e+01 -1.152761e+00 -1.166519e+01 3.727294e+00 -3.197972e+00 -1.341208e+01 3.959784e+00 -5.504188e+00 4.515114e+00 5.305651e+00 7.699136e-01 -1.519345e+00 -2.988386e+00 1.192950e+00 -2.701078e+00 3.905565e+00 -3.283758e+00 -4.060244e-01 2.774189e+00 -2.142867e-01 1.028491e+00 -2.508678e+00 8.511999e-02 3.834059e-02 -2.727443e-01 -1.938930e-01 -8.505905e-01 -6.375069e-01 1.603667e+00 -1.314036e+00 2.970186e-01 1.801364e+00 7.309696e-03 -1.282123e-01 -9.601809e-01 -1.252693e-01 2.533794e-03 
8.398188e+00 -1.526734e+00 1.413276e+01 -2.565562e+00 -1.014828e+01 2.605026e+00 -4.111132e+00 -1.014115e+01 4.338867e+00 -5.934722e+00 9.584448e-01 6.792635e+00 8.082291e-01 -1.436417e+00 -3.328638e+00 -7.520689e-01 -4.156945e+00 5.646472e+00 -4.629680e+00 8.190754e-01 6.228089e+00 -4.389546e-01 2.676603e-01 -3.398618e+00 -6.818932e-01 4.718164e-02 6.449802e-03 -1.113217e-01 -1.093173e+00 -3.038261e-01 9.202019e-01 -3.759369e-01 2.551831e-01 1.446292e+00 -1.952350e-01 -5.291699e-01 -2.218747e-02 -4.946019e-01 3.500985e-03 
6.176155e+00 -5.923876e+00 1.374832e+01 -8.526303e+00 1.721926e-01 -1.020411e+01 -5.122708e+00 7.145017e-01 3.329574e+00 -7.148106e-01 -6.593664e+00 7.856569e+00 8.786060e-01 -1.238878e+00 -3.550553e+00 -1.723788e+00 -4.367438e+00 5.897489e+00 -4.050781e+00 8.849040e-01 7.585162e+00 -5.978660e-01 -1.215400e+00 -2.473096e+00 -1.684105e+00 4.973602e-02 2.181811e-01 2.864150e-01 -9.357433e-01 4.990236e-01 -3.774125e-01 1.290171e+00 -5.248314e-02 -1.271800e-03 -2.476443e-01 -7.242315e-01 8.779887e-01 -7.655960e-01 -2.144050e-03 
5.670364e+00 -1.139279e+01 8.464680e+00 -1.598624e+01 7.025985e+00 -1.084951e+01 -1.404340e+00 1.356043e+01 1.445720e+00 -6.737567e+00 -6.345216e+00 2.518817e+00 9.302731e-01 -1.002124e+00 -3.041868e+00 -2.601948e+00 -2.886770e+00 4.700206e+00 -1.536132e+00 4.329188e-01 6.156817e+00 -1.215935e+00 -1.669190e+00 -7.677402e-01 -2.633542e+00 4.378904e-02 2.745599e-01 7.186021e-01 -2.887185e-01 1.334074e+00 -1.166749e+00 1.855151e+00 -6.993362e-01 -1.670851e+00 -8.921913e-02 -3.089863e-03 1.031248e+00 -3.671247e-01 -7.910163e-03 
4.727735e+00 -1.295450e+01 7.374697e+00 -1.627961e+01 9.234833e+00 -9.799320e+00 -1.266890e-01 1.266293e+01 2.417144e+00 -1.117981e+01 -4.198130e+00 -9.782871e-01 9.575560e-01 -6.455746e-01 -1.699700e+00 -2.560826e+00 -8.411775e-01 2.491651e+00 1.620269e+00 -4.754021e-01 2.803234e+00 -1.064054e+00 -1.624114e+00 5.656875e-01 -2.767055e+00 2.931866e-02 2.879885e-01 9.296238e-01 8.545196e-02 1.370838e+00 -1.216444e+00 1.517386e+00 -9.199281e-01 -2.007716e+00 3.613940e-02 7.854440e-01 6.251621e-01 4.776827e-02 -1.078752e-02 
4.111788e+00 -1.322096e+01 4.309834e+00 -1.312229e+01 8.821708e+00 -5.278213e+00 -4.445044e+00 1.466922e+01 -1.284393e+00 -9.048226e+00 -4.077826e+00 -1.957274e+00 9.877025e-01 -3.603157e-01 -6.610588e-01 -1.777319e+00 7.501526e-01 1.515584e+00 1.810550e+00 -1.997475e+00 2.646997e-01 -6.519393e-01 4.565433e-01 2.382362e-01 -1.976044e+00 1.783941e-02 2.561578e-01 7.865458e-01 3.384450e-01 6.987016e-01 -7.096265e-01 5.353696e-01 -6.403267e-01 -1.434921e+00 1.839722e-01 9.838206e-01 1.552413e-01 2.695359e-01 -1.047700e-02 
3.727084e+00 -1.350851e+01 3.021709e+00 -1.416411e+01 1.173268e+01 -4.888439e+00 -5.979631e+00 1.417642e+01 -6.254827e-01 -7.680148e+00 -4.898596e+00 -3.740310e+00 9.964864e-01 -1.199433e-01 -9.281462e-02 -1.708823e+00 6.682159e-01 1.407514e+00 1.862903e+00 -2.499490e+00 4.925914e-01 -6.991888e-01 1.648878e+00 1.497759e-01 -1.773893e+00 8.773359e-03 1.772559e-01 4.775321e-01 2.993158e-01 5.409826e-02 -2.380216e-01 -2.075496e-01 -1.866813e-01 -4.651015e-01 -4.468508e-02 8.538066e-01 -1.263037e-01 3.107426e-01 -7.494228e-03 
4.368678e+00 -1.442134e+01 1.754828e+00 -1.329323e+01 1.335526e+01 -4.252387e+00 -8.465339e+00 1.412715e+01 -2.930380e-01 -6.204750e+00 -4.803975e+00 -5.980458e+00 9.999999e-01 1.579176e-02 8.742603e-02 -1.335563e+00 -1.478548e-01 1.694063e+00 1.019508e+00 -1.756828e+00 1.375719e-01 -4.783464e-01 1.613473e+00 2.163929e-01 -1.782435e+00 1.679342e-03 9.817637e-02 2.661823e-01 1.936167e-01 -2.914656e-01 -1.232153e-01 -2.836763e-01 3.107892e-01 8.027915e-02 -2.940205e-01 3.726412e-01 -1.982419e-01 3.488941e-01 -5.055596e-03 
3.999530e+00 -1.281831e+01 1.080057e-01 -1.285295e+01 1.400518e+01 -9.973767e-01 -1.061362e+01 1.539732e+01 -1.574585e+00 -4.357041e+00 -3.086198e+00 -7.836245e+00 9.952742e-01 5.256150e-02 3.136819e-01 -1.284951e+00 -1.216413e-01 1.212333e+00 9.779427e-01 -1.529233e+00 5.415211e-01 -1.374226e+00 2.066422e+00 -5.481943e-02 -1.310106e+00 -7.651546e-05 7.067972e-02 1.212451e-01 2.132954e-01 -1.703007e-01 -1.846477e-01 -3.572401e-01 5.224799e-01 1.181235e-02 -2.846716e-01 5.961283e-02 -2.822647e-01 4.508224e-01 -2.927490e-03 
4.054608e+00 -1.312863e+01 -9.113002e-01 -1.451707e+01 1.615483e+01 -2.126319e+00 -1.091203e+01 1.474622e+01 -3.201730e+00 -2.642458e+00 -3.902102e+00 -8.821540e+00 9.967148e-01 4.424920e-02 4.666607e-01 -1.021065e+00 -3.123561e-01 9.971760e-01 8.346922e-01 -9.286466e-01 6.418381e-01 -1.784584e+00 2.110910e+00 -6.506168e-01 -4.635746e-01 -3.014709e-03 8.854899e-02 2.349921e-02 2.086839e-01 1.111794e-01 -3.028410e-01 -2.616595e-01 4.054034e-01 4.116515e-02 -1.349045e-01 -9.231284e-02 -2.523615e-01 4.618592e-01 -1.635527e-03 
4.147525e+00 -1.258642e+01 -2.070735e+00 -1.416087e+01 1.639417e+01 -1.061783e+00 -1.240268e+01 1.657387e+01 -6.042659e+00 8.707384e-01 -5.623393e+00 -8.870321e+00 9.977513e-01 2.192966e-01 3.238399e-01 -7.995173e-01 -1.012357e-01 8.326151e-01 1.689228e-01 -3.011565e-01 2.995538e-01 -1.469346e+00 1.698243e+00 -8.280315e-01 -1.793638e-01 -3.522055e-03 1.230797e-01 -1.247737e-01 2.774911e-01 1.502768e-01 -2.512774e-01 -3.146046e-01 3.345605e-01 -8.219969e-02 2.056175e-01 -3.577179e-01 -5.829877e-02 3.053578e-01 -9.517983e-04 
4.516253e+00 -1.220400e+01 -2.261114e+00 -1.420107e+01 1.714722e+01 -4.696965e-02 -1.221393e+01 1.674697e+01 -6.981795e+00 1.735583e+00 -6.788583e+00 -7.780735e+00 9.836970e-01 3.751768e-01 1.999462e-01 -5.349013e-01 3.976050e-01 3.697159e-01 1.158511e-01 -3.437448e-01 4.644401e-01 -1.105204e+00 1.336035e+00 -6.589192e-01 -3.863118e-02 -4.774978e-03 4.595404e-02 -1.913503e-01 2.782216e-01 1.495342e-01 -2.446203e-01 -2.564175e-01 1.577415e-01 -1.733277e-02 3.126926e-01 -4.781911e-01 1.521135e-01 1.378196e-01 2.433026e-04 
4.865219e+00 -1.166137e+01 -3.214645e+00 -1.351684e+01 1.767237e+01 -1.192263e+00 -1.146879e+01 1.589505e+01 -7.031622e+00 1.944871e+00 -5.783438e+00 -9.253421e+00 9.841889e-01 5.025018e-01 -1.767706e-01 -1.405930e-01 2.747000e-01 2.698331e-01 -2.356590e-01 -1.488920e-01 2.191214e-01 -6.859548e-01 6.652734e-01 -3.422412e-01 4.280073e-03 -3.954402e-03 -6.598648e-02 -1.862101e-01 2.911886e-01 -2.028013e-03 -2.104587e-01 -1.015431e-01 4.056024e-02 1.110165e-01 2.433356e-01 -5.125139e-01 1.796472e-01 8.950961e-02 7.532503e-04 
5.571560e+00 -1.259148e+01 -3.014053e+00 -1.285064e+01 1.736428e+01 -1.481924e+00 -1.309792e+01 1.740793e+01 -8.233047e+00 3.500521e+00 -7.116513e+00 -8.823222e+00 9.796212e-01 1.323597e-01 -2.398028e-01 4.068424e-02 2.473877e-01 5.565836e-02 -2.450077e-01 -2.160944e-01 5.953661e-01 -6.127542e-01 2.363760e-01 -1.329017e-01 1.338273e-01 -1.580906e-03 -1.452436e-01 -1.189773e-01 2.560773e-01 -1.467998e-01 -1.392742e-01 -3.112452e-02 8.051077e-02 1.000784e-01 1.322077e-01 -4.538135e-01 1.095572e-01 6.751235e-02 9.042404e-04 
6.132429e+00 -1.327662e+01 -2.397567e+00 -1.346233e+01 1.763482e+01 -1.522970e+00 -1.270496e+01 1.733955e+01 -8.846516e+00 3.314838e+00 -7.170852e+00 -8.327841e+00 9.800253e-01 1.070658e-02 -3.873119e-01 3.685648e-01 -3.609441e-02 -6.272726e-02 -1.584246e-01 -1.621722e-01 7.892975e-01 -4.989211e-01 -3.144628e-01 -1.926989e-01 1.820262e-01 -1.355909e-03 -1.913556e-01 3.495530e-02 1.258140e-01 -6.584645e-02 -2.044439e-01 8.239564e-02 9.339128e-02 1.347383e-02 1.486028e-01 -3.358871e-01 7.832707e-02 2.389971e-02 -4.731882e-04 
4.544422e+00 -1.259569e+01 -2.466201e+00 -1.299155e+01 1.744449e+01 -1.106500e+00 -1.267649e+01 1.900150e+01 -9.137903e+00 2.232838e+00 -6.759386e+00 -7.574256e+00 9.778820e-01 -1.050790e-01 -2.897249e-01 4.907140e-01 -1.809748e-01 -1.604813e-01 -7.845748e-02 6.553771e-02 6.798201e-01 -5.376926e-01 -4.431321e-01 -1.859779e-01 2.100914e-01 -1.554436e-03 -7.905982e-02 8.881805e-02 5.015803e-02 1.685446e-03 -2.555987e-01 1.018496e-01 2.316735e-01 -2.424632e-01 2.904486e-01 -2.743164e-01 1.145331e-01 5.025060e-02 -1.649771e-03 
5.431973e+00 -1.359621e+01 -1.645445e+00 -1.362726e+01 1.731909e+01 -2.172037e+00 -1.249055e+01 1.904401e+01 -9.073726e+00 1.006696e+00 -6.925649e+00 -8.967883e+00 9.782861e-01 -3.355744e-01 2.291794e-02 2.633267e-01 1.596433e-01 -6.445033e-01 9.283900e-02 1.773892e-01 2.443682e-01 1.968630e-02 -6.744844e-01 7.584482e-02 8.552673e-02 -6.336721e-03 -3.131369e-02 7.908448e-02 3.673447e-02 6.932344e-02 -2.760957e-01 9.864608e-02 2.726189e-01 -2.945229e-01 3.367788e-01 -1.755930e-01 1.363800e-01 2.253886e-01 -1.695353e-03 
5.395816e+00 -1.388039e+01 -9.362211e-01 -1.367346e+01 1.671945e+01 -1.549667e+00 -1.287789e+01 1.995444e+01 -1.080810e+01 2.438663e+00 -8.168969e+00 -7.452724e+00 9.727346e-01 -8.972566e-02 -7.842304e-04 3.439890e-01 1.579166e-01 -9.313796e-01 1.384318e-01 7.725946e-01 -3.445754e-01 5.801669e-01 -9.552861e-01 3.055451e-01 4.333926e-01 -7.338177e-03 3.366225e-02 -4.594819e-02 1.255400e-01 3.966882e-02 -2.402406e-01 3.003308e-02 2.410983e-01 -2.061876e-01 3.098834e-01 -1.084029e-01 9.789920e-02 3.244527e-01 -7.637729e-04 
4.028961e+00 -1.251980e+01 -1.846038e+00 -1.232303e+01 1.477477e+01 -8.371957e-01 -1.171729e+01 1.808552e+01 -7.913358e+00 -1.605923e-01 -6.086766e+00 -7.961141e+00 9.509153e-01 -1.534860e-01 -1.363988e-01 6.256378e-01 1.409642e-01 -1.057789e+00 2.264531e-01 8.474675e-01 -1.711990e-01 6.259690e-01 -9.363641e-01 2.433758e-01 1.197254e+00 -6.941124e-03 8.574248e-02 -1.611653e-01 2.409187e-01 -3.587354e-02 -1.636836e-01 -4.405498e-02 2.032945e-01 -3.609364e-02 6.017949e-02 8.427346e-02 3.183731e-02 2.946647e-01 1.179523e-04 
4.797107e+00 -1.313790e+01 -6.457495e-01 -1.285387e+01 1.405992e+01 -1.081472e+00 -9.199944e+00 1.775843e+01 -6.817167e+00 -1.959835e+00 -5.650969e+00 -5.911071e+00 9.548857e-01 -2.782341e-02 -4.398386e-01 9.372156e-01 2.669234e-02 -1.155051e+00 4.961462e-03 9.358497e-01 -1.434945e-01 7.085781e-01 -8.542008e-01 2.198522e-01 1.276568e+00 -5.070562e-03 -2.594936e-02 -5.393191e-02 1.657650e-01 1.277277e-02 -1.987211e-01 -7.294466e-02 2.007289e-01 -7.050011e-02 -2.852018e-02 1.470166e-01 8.894246e-02 3.697352e-03 -5.842941e-04 
4.964022e+00 -1.464944e+01 1.337301e+00 -1.333158e+01 1.336035e+01 -1.273689e+00 -1.009202e+01 1.928609e+01 -7.939268e+00 -1.475798e+00 -6.967823e+00 -3.752084e+00 9.524965e-01 6.224290e-02 -5.633851e-01 1.171294e+00 4.599926e-02 -1.351051e+00 -6.062308e-02 1.112156e+00 -3.647477e-02 2.562441e-01 -3.035302e-01 2.779692e-01 1.137361e+00 -6.874949e-03 -7.323366e-02 1.158588e-01 4.869696e-02 3.229496e-02 -2.452627e-01 -1.183178e-01 4.590722e-01 -3.571053e-01 6.059398e-02 3.774168e-02 2.560402e-01 -3.465022e-01 -1.359187e-03 
4.789119e+00 -1.501499e+01 2.158465e+00 -1.303590e+01 1.165183e+01 -1.306392e+00 -9.010845e+00 1.863684e+01 -7.252056e+00 -1.174613e+00 -6.629079e+00 -3.174280e+00 9.465761e-01 -3.273599e-01 -5.704432e-02 8.999869e-01 2.693631e-01 -1.778254e+00 -8.277225e-02 1.644051e+00 -7.643876e-01 6.225571e-01 -5.366485e-01 7.330208e-01 4.817949e-01 -1.029402e-02 -1.030395e-01 2.430241e-01 1.888204e-02 -3.714672e-02 -2.172326e-01 -1.114448e-01 6.375667e-01 -5.113460e-01 4.871209e-02 -5.555927e-03 2.808252e-01 -4.501491e-01 -1.478839e-03 
4.344292e+00 -1.439815e+01 2.608267e+00 -1.200240e+01 9.223374e+00 -1.028078e+00 -6.250978e+00 1.746398e+01 -6.414965e+00 -2.070615e+00 -4.208133e+00 -3.643168e+00 9.206986e-01 -3.699971e-01 2.515180e-01 8.878206e-01 1.811477e-01 -1.972453e+00 -3.212354e-01 2.788669e+00 -1.646239e+00 9.719141e-01 -9.065095e-01 1.266847e+00 -1.377745e-01 -1.112783e-02 -3.049661e-02 1.852515e-01 4.655102e-02 -1.037768e-01 -1.992467e-01 -1.079689e-02 5.097041e-01 -4.041806e-01 -1.010089e-01 1.334330e-01 9.406060e-02 -3.418049e-01 -1.098515e-03 
3.470194e+00 -1.354899e+01 3.218625e+00 -1.217196e+01 7.236685e+00 -1.618078e+00 -2.900264e+00 1.484724e+01 -4.466934e+00 -4.345711e+00 -3.365736e+00 -3.556539e+00 9.193107e-01 -3.268709e-01 3.677714e-01 1.173484e+00 -2.266522e-01 -1.930534e+00 -4.220572e-01 3.285417e+00 -1.895133e+00 5.942281e-01 -5.806316e-01 1.129560e+00 -3.366712e-01 -1.034255e-02 1.497592e-01 8.105949e-03 1.002909e-01 -9.242421e-02 -1.285293e-01 1.073246e-01 1.155395e-01 1.672756e-02 -3.894441e-01 4.432676e-01 -1.431272e-01 -1.454716e-01 -1.379129e-03 
3.773753e+00 -1.412493e+01 5.246206e+00 -1.285803e+01 5.705132e+00 -2.723994e+00 7.959613e-01 1.294937e+01 -4.472116e+00 -4.422503e+00 -2.265429e+00 -4.249989e+00 9.104917e-01 -9.050799e-02 1.504582e-01 1.267286e+00 -2.249255e-01 -2.271282e+00 5.515665e-02 2.839958e+00 -1.492077e+00 -2.345513e-01 3.856491e-01 5.499722e-01 -1.623823e-01 -1.234105e-02 2.000987e-01 -3.476552e-02 1.244421e-02 1.271972e-02 -1.090835e-01 2.524720e-01 -3.380012e-01 3.083172e-01 -4.029839e-01 5.435272e-01 -2.411774e-01 -3.896055e-02 -1.636952e-03 
3.440343e+00 -1.331246e+01 6.706735e+00 -1.374091e+01 3.757909e+00 -2.569152e+00 3.892551e+00 1.141801e+01 -5.252604e+00 -2.901785e+00 -1.952638e+00 -4.553609e+00 8.999686e-01 2.816878e-01 3.411786e-02 1.211686e+00 1.021082e-02 -2.271610e+00 2.658614e-01 2.195982e+00 -7.579083e-01 -7.215212e-01 1.033705e+00 3.758191e-01 -2.333588e-01 -1.658511e-02 1.895832e-01 4.370458e-02 -1.407853e-01 1.292693e-01 -7.982718e-02 2.511906e-01 -5.178571e-01 2.975868e-01 -1.419508e-01 3.417952e-01 -1.117075e-01 -9.341906e-02 -7.067955e-04 
3.907033e+00 -1.376402e+01 7.201067e+00 -1.234243e+01 -3.937052e-01 -2.768961e-01 4.552642e+00 1.171799e+01 -7.195054e+00 -8.643016e-01 -2.164860e+00 -3.956461e+00 8.686626e-01 3.262809e-01 2.445723e-01 9.308891e-01 1.263663e-01 -2.347422e+00 5.970921e-01 1.643365e+00 -6.734543e-01 -3.849846e-01 1.003934e+00 4.378895e-01 -3.841583e-01 -1.619246e-02 5.270386e-02 2.604133e-01 -2.346133e-01 1.086861e-01 7.281960e-02 7.375649e-03 -3.979008e-01 3.590380e-02 2.116966e-01 3.305212e-02 2.946781e-02 -6.447127e-02 1.521021e-03 
4.811822e+00 -1.355869e+01 8.299221e+00 -1.237801e+01 -1.071637e+00 -1.512292e+00 6.201462e+00 1.167303e+01 -6.713129e+00 -9.561992e-01 -1.536847e+00 -4.869846e+00 8.572962e-01 4.127289e-01 5.393299e-01 6.376824e-01 2.440914e-01 -2.291750e+00 5.627177e-01 1.294415e+00 -8.164452e-01 -4.038366e-02 8.191719e-01 6.270661e-01 -6.927736e-01 -1.194841e-02 -6.619963e-02 3.943593e-01 -2.570772e-01 2.200337e-02 1.782241e-01 -1.599049e-01 -3.209319e-01 -1.194445e-01 3.046332e-01 -6.385205e-02 4.297400e-02 1.600460e-01 2.495334e-03 
4.718905e+00 -1.277910e+01 9.104044e+00 -1.290746e+01 -3.617222e+00 -2.672185e-01 7.858015e+00 9.454219e+00 -5.666765e+00 -3.758593e-01 -2.837940e-01 -6.012839e+00 8.508664e-01 1.075205e-01 1.199865e+00 3.812177e-01 2.015534e-01 -1.896967e+00 -5.630831e-02 1.301170e+00 -1.283176e+00 4.833933e-01 6.581251e-01 5.716178e-01 -2.551195e-01 -7.060240e-03 -2.406651e-02 3.448985e-01 -1.265399e-01 -1.126891e-01 3.996028e-01 -3.995845e-01 -3.701501e-01 -2.570939e-02 1.283852e-01 1.002018e-01 -6.896156e-02 4.219128e-01 8.529607e-04 
5.097723e+00 -1.110862e+01 8.943488e+00 -1.223802e+01 -6.088967e+00 2.400212e-01 8.712125e+00 8.468013e+00 -6.218448e+00 9.500473e-01 2.422988e-01 -6.989723e+00 8.491447e-01 6.009148e-02 1.528223e+00 2.010355e-01 8.272950e-02 -1.605506e+00 -2.068939e-01 7.625200e-01 -1.050369e+00 3.674924e-01 8.873750e-01 5.237800e-01 5.024370e-01 -8.679335e-03 8.993448e-02 1.368024e-01 7.385473e-02 -2.347027e-01 5.881047e-01 -5.816594e-01 -4.913107e-01 1.465306e-01 -1.142724e-01 3.138195e-01 -1.418950e-01 6.051088e-01 -2.069980e-03 
4.301407e+00 -8.989944e+00 8.784566e+00 -1.140457e+01 -7.370353e+00 -1.434537e+00 9.803137e+00 6.905237e+00 -5.024995e+00 1.473109e+00 -1.964723e-01 -4.172191e+00 8.374445e-01 3.822179e-01 1.474654e+00 5.165065e-01 -3.563068e-01 -6.924797e-01 -1.015914e+00 5.866864e-02 -6.852958e-01 5.308148e-02 1.470928e+00 1.448340e-01 1.127802e+00 -1.356750e-02 2.615576e-01 -3.484754e-02 2.365355e-01 3.223878e-03 4.937370e-01 -6.266248e-01 -6.177596e-01 1.898676e-01 -3.349163e-01 4.157366e-01 -1.497144e-01 5.908259e-01 -4.276430e-03 
5.321398e+00 -7.812341e+00 9.464375e+00 -1.271573e+01 -7.223309e+00 -1.962801e+00 9.041468e+00 7.696173e+00 -5.196798e+00 2.556053e+00 1.038467e+00 -3.277730e+00 8.206145e-01 7.250761e-01 1.085956e+00 9.394055e-01 -6.506197e-01 4.648879e-02 -1.865636e+00 -5.408872e-01 -3.827808e-01 -3.965644e-01 1.981904e+00 1.308978e-01 1.641314e+00 -1.904242e-02 3.281322e-01 5.239918e-02 1.981825e-01 7.603981e-01 4.146067e-03 -1.458678e-01 -5.832545e-01 -6.140808e-01 9.336065e-03 -1.790999e-04 -2.101369e-01 5.054719e-01 -4.690940e-03 
6.518394e+00 -7.054257e+00 1.142618e+01 -1.444962e+01 -6.512276e+00 -4.245713e+00 7.986658e+00 6.413674e+00 -5.912710e+00 6.175624e+00 4.197263e-02 -2.229356e+00 7.973019e-01 1.082799e+00 1.246748e+00 1.194654e+00 5.843956e-01 -2.544694e-01 -2.359966e+00 -1.135749e+00 -6.676453e-01 -8.091964e-01 2.189625e+00 1.930930e-02 2.129607e+00 -2.325560e-02 2.532092e-01 2.147256e-01 -2.040678e-01 1.661601e+00 -8.362871e-01 8.183836e-01 -3.014016e-01 -1.616576e+00 6.586490e-01 -6.933855e-01 -1.697131e-01 4.385253e-01 -3.089875e-03 
7.614485e+00 -6.646544e+00 1.231966e+01 -1.396868e+01 -6.285662e+00 -7.682262e+00 6.916032e+00 6.799286e+00 -7.757898e+00 8.508313e+00 7.775835e-01 2.450265e-01 7.739894e-01 1.350553e+00 1.904158e+00 8.530251e-01 3.414508e+00 -1.803962e+00 -2.641365e-01 -1.556480e+00 -4.129364e+00 8.452606e-01 5.271012e-01 -4.641089e-01 2.529028e+00 -2.729231e-02 1.173601e-01 2.471253e-01 -5.448620e-01 1.831413e+00 -1.345382e+00 1.673542e+00 6.417451e-02 -1.957525e+00 1.043014e+00 -1.144433e+00 -1.014238e-01 1.512242e-01 3.997529e-06 
8.568466e+00 -3.339306e+00 1.332998e+01 -7.856401e+00 -9.111332e+00 -1.037497e+01 5.186722e+00 4.014995e+00 -7.790983e+00 9.444914e+00 3.061811e-02 4.714389e+00 7.444929e-01 1.335591e+00 2.139183e+00 -4.606871e-01 5.919228e+00 -3.948657e+00 2.275107e+00 -9.406675e-01 -6.894897e+00 2.725523e+00 -1.268633e+00 -4.061896e-01 2.876690e+00 -2.489234e-02 -3.117159e-02 -3.104707e-02 -7.213316e-01 9.094669e-01 -9.565826e-01 1.709770e+00 3.873916e-01 -1.191306e+00 8.491737e-01 -9.578202e-01 3.880367e-02 -3.358091e-01 3.996689e-03 
1.104907e+01 -1.488590e-01 1.277804e+01 1.059763e+00 -1.494345e+01 -2.188305e-01 2.658836e+00 -1.175198e+01 -3.114802e-02 3.556856e+00 -1.276504e+00 5.895650e+00 7.105694e-01 1.185382e+00 1.875420e+00 -9.573137e-01 5.839018e+00 -4.833192e+00 4.184538e+00 -3.175278e-01 -7.056656e+00 3.050996e+00 -2.011215e+00 -1.633439e-01 2.023956e+00 -1.820861e-02 -1.791704e-01 -4.481416e-01 -4.812599e-01 -5.995235e-01 1.209378e-01 4.866765e-01 5.329518e-01 6.867884e-01 -6.190921e-02 -2.085817e-01 2.536707e-01 -6.543494e-01 7.405362e-03 
1.147918e+01 3.929309e-01 8.894054e+00 7.632194e+00 -2.192710e+01 3.397922e+00 5.411673e+00 -1.878477e+01 3.851361e+00 2.308055e+00 -9.618212e-01 9.328835e+00 7.045612e-01 1.009455e+00 1.105838e+00 -1.506863e+00 3.919313e+00 -3.522600e+00 3.964628e+00 1.816251e-01 -5.160463e+00 2.333672e+00 -1.330361e+00 6.299584e-02 7.031641e-01 -7.810229e-03 -2.207706e-01 -6.423209e-01 1.102880e-02 -1.645127e+00 1.280504e+00 -8.199410e-01 2.617280e-01 1.936775e+00 -6.686224e-01 2.222517e-01 2.432448e-01 -7.500147e-01 7.933827e-03 
1.208630e+01 8.643093e-01 9.750762e+00 7.482044e+00 -2.404365e+01 6.353928e+00 5.215896e+00 -1.708402e+01 1.676119e+00 2.021032e+00 4.572237e-01 8.057581e+00 7.029098e-01 6.178963e-01 1.801510e-01 -1.030190e+00 1.416791e+00 -1.412290e+00 1.324563e+00 5.471745e-01 -1.562679e+00 7.317376e-01 -4.850127e-01 5.696411e-01 3.440111e-01 1.194055e-03 -2.570421e-01 -6.003790e-01 1.736639e-01 -1.543591e+00 1.638996e+00 -1.535660e+00 -7.122795e-02 2.036948e+00 -5.602577e-01 1.344033e-01 1.606912e-01 -3.293551e-01 5.664702e-03 
1.309746e+01 1.683108e+00 7.309330e+00 8.528938e+00 -2.217345e+01 6.161711e+00 4.816607e+00 -1.912172e+01 3.023836e+00 3.560947e+00 -5.211576e-01 7.148821e+00 7.092518e-01 5.156060e-01 -2.246959e-01 -3.691969e-01 -9.527092e-02 7.433756e-01 -3.945865e-01 -6.451680e-02 4.217020e-02 5.421192e-01 -9.204697e-01 4.437210e-01 -3.344522e-02 5.076353e-03 -3.009869e-01 -3.490287e-01 2.456672e-01 -9.217986e-01 1.174691e+00 -1.295747e+00 -2.451149e-01 1.507905e+00 -2.809873e-01 -1.521452e-01 -1.863321e-02 2.457055e-01 1.021044e-03 
1.332912e+01 1.066466e-01 8.419332e+00 7.695488e+00 -2.188191e+01 5.022090e+00 5.692159e+00 -1.939707e+01 4.041101e+00 5.053508e-01 1.351257e+00 8.705613e+00 7.142059e-01 1.471262e-01 -4.611966e-01 -6.577805e-01 1.284069e-01 1.228707e+00 -1.314208e+00 -5.505040e-01 5.267752e-01 1.145404e+00 -1.544137e+00 4.497502e-01 7.454652e-01 3.669020e-03 -3.081986e-01 3.408037e-02 7.627463e-02 -1.908309e-01 5.491546e-01 -3.840912e-01 -3.370063e-01 6.740503e-01 -1.451982e-02 2.003973e-03 -1.418476e-01 4.802667e-01 -4.410326e-03 
1.343550e+01 -3.516614e-01 7.713376e+00 7.048687e+00 -1.929113e+01 2.090445e+00 4.850702e+00 -1.741788e+01 5.379650e+00 -1.536854e+00 8.097546e-01 8.837659e+00 7.243074e-01 -2.600791e-01 -3.187232e-01 -4.645803e-01 -4.551242e-02 1.030416e+00 -1.194833e+00 -4.952079e-01 1.334227e+00 7.219155e-01 -1.561461e+00 2.978617e-02 1.731102e+00 -3.945578e-03 -3.520014e-01 3.732790e-01 -1.029366e-02 2.832717e-01 2.580513e-01 3.896980e-01 -2.218148e-01 1.524150e-01 -1.563196e-01 6.363887e-01 1.879879e-01 5.802855e-01 -8.526944e-03 
1.265305e+01 -4.237595e-01 6.259792e+00 8.863428e+00 -1.934141e+01 1.818137e+00 2.446187e+00 -1.530195e+01 6.225511e+00 -3.151042e+00 2.040639e+00 1.094029e+01 7.137492e-01 -5.353632e-01 3.975511e-01 -6.012074e-01 4.377885e-01 1.189737e+00 -1.956755e-01 -9.225789e-01 1.161520e+00 5.692075e-01 -1.545094e-01 6.734473e-02 1.863090e+00 -1.634246e-02 -3.240429e-01 5.712041e-01 5.093211e-03 2.988152e-01 3.947560e-01 8.326538e-01 1.003551e-01 -5.976972e-02 -2.483588e-02 8.941934e-01 3.615307e-01 9.588730e-02 -8.868808e-03 
1.213507e+01 3.545629e-01 6.066145e+00 7.717202e+00 -1.829110e+01 1.789105e+00 3.963903e+00 -1.449746e+01 5.541089e+00 -2.418064e+00 -7.168880e-01 1.468677e+01 6.897514e-01 -9.031584e-01 1.212367e+00 -4.490075e-01 1.166272e+00 2.053313e+00 9.946265e-01 -9.874917e-01 4.867824e-01 4.853229e-02 1.566547e+00 1.574728e+00 2.309184e+00 -2.755260e-02 -2.408425e-01 3.559992e-01 -1.664229e-03 3.578592e-01 4.084206e-01 7.587987e-01 4.121578e-01 -2.557094e-02 1.344643e-01 2.833778e-01 2.113986e-01 -5.032328e-01 -5.552723e-03 
1.130260e+01 1.740871e+00 6.237323e+00 9.550424e+00 -1.643236e+01 4.194155e+00 1.522834e+00 -1.504939e+01 6.806691e+00 1.733235e-01 2.451294e+00 1.509636e+01 6.497494e-01 -1.151452e+00 1.629369e+00 -6.402611e-01 1.016368e+00 2.691089e+00 1.754314e+00 1.974240e-01 6.516687e-01 1.357871e+00 1.362778e+00 1.484983e+00 9.358203e-01 -2.887170e-02 -2.527080e-01 -1.822391e-02 2.453476e-01 -2.219709e-01 4.127419e-01 -1.674768e-01 6.665741e-01 6.293288e-01 -3.097249e-01 -4.190865e-01 -4.200753e-01 -1.052974e+00 -1.545788e-03 
9.594764e+00 4.627325e+00 5.479891e+00 1.253680e+01 -1.047929e+01 5.875721e+00 3.755842e-01 -1.511099e+01 5.331418e+00 4.633821e+00 8.477841e+00 1.830541e+01 6.185313e-01 -1.156146e+00 8.452876e-01 -4.535090e-01 1.454463e+00 2.321850e+00 1.624008e+00 1.005800e+00 1.461354e+00 9.998295e-01 -9.032297e-01 3.778947e-01 -3.214184e-01 -2.544821e-02 -3.356953e-01 -4.652847e-01 3.761589e-01 -1.276381e+00 5.268474e-01 -1.310017e+00 5.786096e-01 1.343765e+00 -7.491705e-01 -9.107225e-01 -1.255848e+00 -1.521485e+00 -5.672009e-04 
8.165684e+00 5.586525e+00 3.351400e+00 1.153564e+01 -9.792446e+00 8.546739e+00 5.227495e+00 -1.173719e+01 1.311955e+01 1.368162e-01 4.868185e+00 1.380997e+01 6.049865e-01 -1.672389e+00 4.899288e-01 6.277061e-01 -8.162197e-01 3.119275e+00 -1.347720e+00 1.413594e+00 3.820704e+00 -1.454974e+00 -1.014995e+00 -1.434602e+00 -2.086474e+00 -2.512616e-02 -2.683036e-01 -6.774821e-01 1.726595e-01 -1.603908e+00 6.892463e-01 -1.961899e+00 -1.448982e-01 1.444977e+00 -1.317843e+00 -3.398894e-01 -1.028138e+00 -1.069357e+00 -5.129666e-03 
7.922668e+00 2.658330e+00 5.241712e+00 1.399719e+01 -1.000251e+01 7.732486e+00 7.140280e+00 -8.847567e+00 7.383487e+00 -6.916013e+00 -3.615730e-02 1.372334e+01 5.849064e-01 -2.321238e+00 -5.443712e-01 7.977903e-01 -4.299157e+00 4.473259e+00 -4.004469e+00 1.297507e+00 5.621048e+00 -2.290991e+00 -1.798196e+00 -3.244628e+00 -3.787163e+00 -3.225989e-02 -1.282270e-01 -5.821149e-01 -6.868595e-01 -1.254100e+00 4.624952e-01 -1.451961e+00 -4.164885e-01 6.928112e-01 -1.042856e+00 6.530043e-01 2.394536e-01 -4.190627e-01 -1.038726e-02 
3.776696e+00 5.175018e+00 9.495016e+00 4.739604e+00 -1.074820e+00 -3.472840e+00 5.208163e+00 9.227076e-01 -1.494065e+00 8.732561e-01 -4.649257e-01 6.955379e+00 5.409165e-01 -1.910415e+00 -1.063214e+00 -4.025324e-01 -4.126494e+00 5.061585e+00 -5.240939e+00 -6.731170e-01 5.796659e+00 -3.585959e+00 1.108184e-01 -1.844386e+00 -2.678080e+00 -5.111109e-02 2.045394e-01 -6.690882e-01 -1.555419e+00 2.420523e-01 -7.683144e-01 -3.333784e-02 -7.397056e-01 -9.658991e-01 -2.863756e-01 6.137494e-01 1.326584e+00 5.584028e-01 -1.537990e-02 
1.831835e-01 2.111480e+00 6.397470e+00 -5.561178e+00 7.528864e+00 -8.136442e+00 6.872800e+00 6.664999e+00 1.183431e+00 -4.725576e+00 -5.078647e+00 2.796785e+00 4.892670e-01 -1.678355e+00 -1.288689e+00 -3.372559e+00 -3.160991e+00 3.663227e+00 -3.689347e+00 -3.349147e-02 3.937554e+00 -3.149030e+00 1.798824e+00 1.780015e+00 -2.120844e+00 -6.439031e-02 4.235534e-01 -4.491806e-01 -1.337857e+00 1.536564e+00 -1.844667e+00 1.141005e+00 -7.836355e-01 -2.294598e+00 -3.819149e-02 3.011253e-01 1.717695e+00 9.812392e-01 -1.468478e-02 
2.483418e+00 5.438732e-01 7.608517e-01 6.827699e-01 6.749720e+00 -9.723234e+00 1.995934e+00 9.489946e+00 -1.710114e+00 -4.041840e-01 -1.832335e+00 5.882614e+00 3.972640e-01 -9.712215e-01 -2.483347e+00 -5.064155e+00 -1.750101e-01 -3.173464e-01 -1.671759e+00 -1.619332e+00 -1.669539e-01 -2.457760e+00 2.551298e-01 2.686066e+00 -1.276059e-01 -8.596353e-02 2.746310e-01 -9.844387e-02 -2.601820e-01 1.242140e+00 -1.961342e+00 1.513483e+00 -5.072804e-01 -2.499860e+00 2.334340e-01 -5.450982e-01 6.738318e-01 3.252165e-01 -7.871703e-03 
1.772973e-01 -1.469393e+00 -7.254283e+00 2.212305e-01 4.401467e+00 -7.589490e+00 8.578912e+00 6.557201e+00 -8.253377e+00 2.716559e+00 9.547871e+00 3.655502e+00 3.347927e-01 -6.730541e-01 -2.080150e+00 -3.560771e+00 1.407844e+00 -2.060546e+00 -8.406668e-02 -2.147564e+00 -2.870152e+00 -3.046053e+00 -3.647532e-01 3.078652e+00 -1.561795e-01 -8.825321e-02 1.971146e-01 3.739352e-01 9.549245e-01 5.190763e-01 -1.279979e+00 1.023931e+00 -5.960826e-01 -1.640737e+00 6.045358e-01 -9.306531e-01 -9.573376e-01 2.030987e-02 5.424339e-04 
-1.076459e+00 -5.451233e+00 -8.999972e+00 9.733687e-01 -1.098372e+00 -1.210559e+01 -3.741369e+00 1.422437e-01 -9.064159e+00 -1.572102e+00 5.652188e+00 5.887661e+00 1.883294e-01 -1.039774e+00 -1.159673e+00 -1.609547e+00 -2.001248e-01 -1.883213e+00 5.238848e-01 -2.152373e+00 -3.298901e+00 -2.470167e+00 -1.532868e+00 8.754467e-01 -2.034310e+00 -7.853864e-02 7.714534e-02 9.222142e-01 1.436757e+00 -1.098775e-01 -1.889106e-01 5.697343e-01 2.727236e-01 -8.746104e-02 1.196327e+00 -3.008771e-01 -1.387972e+00 -1.661704e-01 9.922339e-03 
-1.402301e+00 -5.291858e+00 -6.526266e+00 1.332806e+00 1.149305e+00 -7.365905e+00 -9.966164e-01 -3.012259e+00 -1.036962e+01 -5.965250e+00 6.572445e+00 2.013343e+00 1.524558e-01 -6.583853e-01 -8.074649e-02 -3.252767e-01 -5.529863e-01 -1.953786e+00 3.324527e-01 -2.747463e+00 -2.700126e+00 -1.202012e-01 -1.960504e+00 -2.101366e+00 -1.065857e+00 -6.539176e-02 7.973869e-02 7.946935e-01 8.136118e-01 1.754722e-02 3.074542e-01 1.250312e-01 8.733429e-01 1.045668e+00 1.700248e+00 4.364758e-01 -1.155523e+00 2.141990e-01 1.095933e-02 
-1.925750e+00 -3.343523e+00 -7.650975e+00 -8.737127e-01 -1.040446e+00 -7.215735e+00 -3.978271e+00 -2.219476e+00 -1.300327e+01 -3.727605e+00 4.032817e+00 -3.467808e+00 9.572919e-02 -5.928648e-01 1.127977e+00 5.019070e-01 2.560209e-01 -1.315355e+00 9.685941e-01 4.424358e-02 -6.890940e-01 2.060928e+00 -4.513736e-01 -1.663808e+00 -5.036387e-01 -4.778907e-02 9.952633e-02 3.968200e-01 7.901412e-02 7.748806e-01 7.145317e-01 1.715692e-01 1.196403e+00 1.406763e+00 1.453170e+00 8.407081e-01 -1.163517e-01 5.896038e-01 6.905385e-03 
-2.689692e+00 -2.926956e+00 -9.555178e+00 -1.620307e+00 -5.396394e+00 -8.372042e+00 -5.040109e+00 -5.763287e+00 -6.884932e+00 -6.008051e+00 -1.491618e-01 3.004526e+00 5.414605e-02 -4.978111e-01 7.494371e-01 -5.482842e-01 1.267515e+00 -8.072630e-01 3.186454e-01 1.120742e+00 1.053384e+00 3.189643e+00 1.276915e+00 -1.429364e+00 1.494869e-01 -4.883465e-02 -1.721011e-02 1.428722e-01 -2.412337e-01 9.617736e-01 1.033023e+00 2.811287e-01 9.691091e-01 1.164602e+00 6.179835e-01 1.001245e+00 8.596961e-01 1.714647e-01 2.097917e-03 
-3.396875e+00 -9.937984e-01 -4.975859e+00 3.730131e+00 -4.401458e+00 -6.759553e+00 -1.498187e+00 -1.927495e+00 -5.019122e-01 -3.807229e+00 6.937762e-01 2.873742e+00 -1.438678e-03 -6.223979e-01 4.092719e-01 -1.102944e+00 2.764037e+00 1.116053e+00 1.388421e+00 1.895574e+00 1.858154e+00 3.140739e+00 1.051954e+00 -4.236580e-02 3.060825e-01 -5.228901e-02 -4.420941e-02 7.886574e-02 -2.623736e-01 4.989706e-01 8.230312e-01 1.698219e-01 -2.096253e-02 1.591302e-01 -3.502062e-01 3.844459e-01 6.890915e-01 -1.079693e-01 1.018195e-03 
-3.155121e+00 -2.719937e+00 -1.060512e+01 5.368850e+00 -1.206586e+00 -6.000362e+00 3.367080e+00 2.109727e+00 -6.721207e-01 4.590873e-01 1.094969e+00 -4.101549e-01 -4.312722e-02 -7.295778e-01 9.930571e-01 -7.289531e-01 3.001999e+00 1.995512e+00 1.528220e+00 1.172489e+00 1.849217e+00 2.429929e+00 2.294075e+00 1.386342e+00 -6.133572e-01 -5.265077e-02 -2.570068e-02 3.063197e-01 1.880463e-01 -2.675934e-01 2.774971e-01 -8.931160e-02 -7.718545e-01 -7.115542e-01 -7.055115e-01 -3.620436e-01 3.248981e-01 2.971748e-03 5.906856e-03 
-4.804933e+00 -1.400668e+00 -1.264047e+01 9.452018e+00 2.444059e+00 -1.459232e+00 1.296126e+00 3.134741e+00 -4.062446e-01 -1.701451e+00 3.198800e+00 -2.301692e-01 -1.170879e-01 -6.979910e-01 1.400509e+00 -7.195851e-01 1.883767e+00 1.398508e+00 1.212810e+00 -8.649784e-02 -2.911772e-01 6.897610e-01 9.623059e-01 3.738423e-01 -6.620646e-01 -4.078770e-02 1.434357e-01 3.628892e-01 3.233778e-01 -9.678986e-01 -5.037811e-01 -6.358858e-01 -9.012880e-01 -9.363385e-01 -4.293727e-01 -5.770358e-01 -3.673300e-01 1.078789e-01 1.184817e-02 
-5.633623e+00 2.241763e+00 -9.368067e+00 1.052940e+01 1.158217e+00 -3.380736e+00 -5.751849e-01 9.516593e-01 5.217015e+00 4.409427e+00 5.529721e+00 1.489787e+00 -1.512926e-01 -5.884641e-01 1.785300e+00 2.001839e-01 3.696649e-01 4.389789e-01 -4.005600e-02 -1.747555e+00 -1.429742e+00 8.875473e-01 -4.885448e-01 -1.291198e-02 6.484573e-01 -2.505116e-02 1.946278e-01 1.690653e-01 2.626521e-01 -1.002169e+00 -6.285146e-01 -5.790966e-01 -4.353381e-01 -7.157080e-01 -1.979983e-01 -6.778614e-01 -7.382528e-01 -1.333525e-02 1.392500e-02 
-5.647498e+00 3.528145e+00 -9.191986e+00 1.056914e+01 1.408383e+00 -2.005516e+00 4.026675e-02 -2.804670e+00 2.734243e-03 -9.709910e-01 3.455709e-01 -1.386619e+00 -1.512926e-01 2.420186e-02 1.827582e+00 4.932228e-02 -7.592407e-01 -6.245267e-01 -1.006709e+00 -1.150747e+00 -1.183976e+00 1.765127e+00 -4.418706e-01 -1.179402e+00 2.146672e-01 -6.844067e-03 1.793164e-01 -2.421170e-02 2.196876e-01 -6.360745e-01 -1.733190e-01 -2.310225e-01 1.276870e-01 1.679914e-01 2.887907e-01 1.287030e-01 -1.025612e-01 -1.204192e-01 1.066304e-02 
-5.676087e+00 3.742331e+00 -1.132824e+01 6.658295e+00 1.506413e+00 -5.927279e+00 -4.743104e+00 -2.069173e+00 3.561169e+00 -2.348826e+00 2.457242e+00 3.410335e+00 -1.512926e-01 -1.176941e-01 1.624768e+00 1.999405e-01 -6.871929e-01 -1.354288e-01 -2.575206e-01 -4.721965e-01 -1.283176e+00 9.022288e-01 -3.931781e-01 -1.528400e+00 -1.118429e+00 -1.516523e-06 8.048472e-02 -2.086848e-01 2.439778e-01 3.170829e-03 3.210020e-01 3.267930e-01 5.886104e-01 6.409592e-01 -4.058629e-02 7.211646e-01 2.103561e-01 -3.215262e-01 5.694615e-03 
-4.662403e+00 6.987168e+00 -1.141362e+01 7.590614e+00 -8.526617e-01 -5.219813e+00 -2.373738e+00 -1.275158e+00 9.247410e+00 -5.316447e-01 -1.161877e+00 -1.170474e-01 -1.512926e-01 -3.682026e-02 1.359790e+00 3.790278e-01 -7.680309e-01 8.191882e-01 1.664778e-01 -8.558197e-02 4.753878e-01 2.126271e+00 1.558053e+00 6.186648e-01 -3.807010e-01 -1.516523e-06 -6.364180e-02 -2.765464e-01 3.991707e-01 3.201941e-01 3.541124e-01 4.883656e-01 4.042515e-01 6.922574e-01 -6.373057e-01 5.076683e-01 4.882520e-01 -8.472222e-04 1.368606e-03 
-6.714578e+00 8.636149e+00 -7.257143e+00 8.582531e+00 1.611444e+00 -3.061375e+00 -1.728761e+00 -6.228978e+00 5.105802e+00 2.223711e+00 -1.358418e+00 -4.737380e+00 -1.512926e-01 -1.555396e-01 9.757798e-01 1.255242e+00 3.899136e-01 1.322368e+00 1.007283e+00 6.629184e-01 9.454703e-01 5.038646e-01 2.117217e+00 1.397932e-01 -6.615562e-01 -1.516523e-06 -1.323127e-02 -3.938414e-01 9.540548e-02 2.996109e-01 -1.302228e-01 3.188717e-01 2.157561e-01 4.114674e-01 -6.581681e-01 -2.647351e-01 2.769392e-01 3.846397e-01 -2.757756e-07 
-5.312406e+00 7.880173e+00 -9.332523e+00 5.766633e+00 5.451783e+00 -2.606194e+00 -1.895014e+00 1.652044e+00 9.862074e+00 4.533111e+00 5.346968e+00 7.841424e-01 -1.512926e-01 -2.750412e-01 7.693191e-01 1.517424e+00 3.032680e-01 4.172011e-01 8.027629e-01 3.030933e-01 1.163085e+00 -1.222139e+00 8.412896e-01 4.277092e-01 -1.809072e-02 -1.516523e-06 1.955867e-02 -3.693708e-01 -1.525195e-01 1.664039e-01 -5.104966e-01 3.411796e-01 9.663759e-02 -3.549592e-01 -7.987244e-01 -1.248128e+00 -4.515897e-01 2.504540e-02 -2.757756e-07 
-6.128903e+00 8.174890e+00 -6.092806e+00 9.519932e+00 4.966092e+00 -2.198066e+00 -1.667603e+00 1.194361e+00 5.773481e+00 5.704806e+00 -9.833682e-02 -3.479168e-01 -1.512926e-01 -6.478873e-02 -4.931724e-02 1.077203e-01 2.751709e-01 -5.857198e-01 1.018645e+00 4.121971e-01 4.304798e-01 -7.142838e-01 -1.358534e+00 -4.819726e-02 6.233410e-01 -1.516523e-06 -1.472361e-03 -2.961776e-01 -3.937327e-01 -1.876479e-01 -3.512511e-01 2.052933e-01 -1.792567e-02 -6.938318e-01 -2.228213e-01 -1.153327e+00 -3.901721e-01 -9.143320e-02 -2.757756e-07 
-6.330715e+00 1.106430e+01 -4.408806e+00 8.638433e+00 -4.439931e-01 -1.638101e+00 -8.887103e-01 8.284605e-01 2.802605e+00 1.934170e+00 3.466523e-01 -2.402192e+00 -1.512926e-01 1.569397e-02 2.543575e-02 1.900859e-01 1.211864e-01 -7.792631e-01 1.866642e+00 5.230182e-01 -1.041656e+00 -1.258222e+00 -2.944697e+00 -1.545301e+00 -8.978731e-01 -1.516523e-06 -1.559013e-01 -1.544666e-01 -2.318738e-01 -2.872216e-01 1.388069e-01 1.850239e-01 1.696795e-01 -5.718515e-01 2.730863e-01 -4.291072e-02 -2.902736e-01 -1.748777e-01 -2.757756e-07 
-6.529583e+00 6.797436e+00 -9.180955e+00 8.522470e+00 1.630541e+00 1.547832e+00 -1.709762e-01 -3.664597e+00 5.063947e+00 -3.269376e+00 9.008611e-01 -2.747513e-02 -1.512926e-01 -3.081927e-01 -1.330996e-01 -4.971103e-02 -4.572365e-01 1.643832e-01 1.501756e+00 4.632572e-01 -1.421475e+00 -5.920761e-01 -1.756483e+00 -8.246710e-01 -6.788427e-01 -1.516523e-06 -3.489107e-01 1.982934e-01 2.563056e-01 -2.379918e-01 3.704633e-01 4.243934e-02 3.672331e-01 -1.290673e-01 1.332669e-01 1.162064e+00 1.410716e-01 -9.630854e-03 -2.757756e-07 
-5.033653e+00 8.696020e+00 -6.838390e+00 6.871278e+00 3.223203e+00 4.853900e+00 -2.827298e-02 -1.127319e+00 3.925902e+00 -5.703090e+00 -2.879384e+00 -3.865627e+00 -1.512926e-01 -9.328871e-01 3.889302e-02 4.368175e-01 -7.666182e-01 7.361709e-01 1.486223e+00 1.126009e+00 -7.701966e-01 8.213425e-02 8.258156e-01 -6.353956e-01 -2.413919e-01 -1.516523e-06 -3.091223e-01 2.466605e-01 2.256688e-01 -4.404315e-02 2.706064e-01 -3.016741e-01 2.435592e-01 1.218854e-01 2.464212e-01 1.401232e+00 7.129761e-01 3.218558e-01 -2.757756e-07 
-8.318141e+00 8.693913e+00 -5.126202e+00 8.116834e+00 3.953969e+00 2.064749e+00 2.181186e-01 -4.934775e+00 2.251321e+00 7.413893e-01 -2.608768e+00 -3.010274e+00 -1.512926e-01 -1.335203e+00 9.354079e-01 1.265826e+00 -4.708926e-01 5.088968e-01 1.421070e+00 1.946863e+00 -3.506078e-01 -7.180059e-01 2.566550e+00 2.023579e-01 2.470032e-01 -1.516523e-06 3.977262e-02 1.649368e-01 1.459493e-01 2.991335e-01 -7.971039e-02 -3.074986e-01 -1.996770e-02 1.902829e-01 2.864880e-01 6.218349e-01 7.475235e-01 1.975101e-01 -2.757756e-07 
-1.010039e+01 1.031043e+01 -4.251927e+00 5.008027e+00 2.075493e+00 5.534669e+00 4.546667e+00 -2.387642e+00 4.619492e+00 4.058201e+00 -1.075907e+00 -2.117916e+00 -1.512926e-01 -1.016499e+00 7.245194e-01 6.606766e-01 -9.228855e-02 4.014819e-01 3.984687e-01 9.989307e-01 -9.674793e-01 3.695254e-02 1.899993e+00 1.506035e+00 2.484268e-01 -1.516523e-06 4.137129e-01 -7.006339e-02 -8.969358e-02 4.756819e-01 -1.623405e-01 -4.480446e-01 -5.244021e-01 -6.703869e-02 -1.889493e-02 -3.780528e-01 2.995443e-01 -9.002018e-02 -2.757756e-07 
-1.067219e+01 1.066712e+01 -4.144890e+00 7.099968e+00 4.749026e+00 8.312474e+00 7.276306e+00 -4.787553e+00 1.127227e+00 4.682602e+00 1.010892e+00 3.337577e-01 -1.512926e-01 -6.752691e-02 3.487576e-01 5.680914e-01 7.011789e-01 -6.698455e-02 5.082078e-01 4.269656e-01 -3.711627e-01 8.630437e-01 8.157239e-01 1.842085e+00 6.386774e-02 -1.516523e-06 5.066118e-01 -3.437244e-01 -2.626932e-01 2.189228e-01 -2.098164e-01 -2.612518e-01 -6.671873e-01 -1.871733e-02 -5.721172e-02 -9.332001e-01 -5.019655e-01 -3.666664e-01 -2.757756e-07 
-8.939553e+00 1.133161e+01 -4.025596e+00 6.918402e+00 4.833052e+00 3.722622e+00 1.437423e+00 -6.038636e+00 4.672507e+00 1.825907e+00 2.840862e+00 -4.295405e+00 -1.512926e-01 5.018173e-01 -1.814845e-02 3.371759e-01 1.025786e+00 2.123596e-01 -2.973603e-01 -7.359690e-01 -1.095277e+00 -8.028896e-01 -1.889052e-01 4.233863e-02 -5.999348e-01 -1.516523e-06 2.241494e-01 -3.361782e-01 -2.074009e-01 -8.483814e-02 -1.569097e-01 9.002578e-02 -2.973176e-01 2.296046e-01 -3.590025e-01 -5.833020e-01 -6.122424e-01 -3.632675e-01 -2.757756e-07 
-9.236806e+00 9.927170e+00 -2.399201e+00 1.066754e+01 2.240998e+00 5.511643e+00 3.907314e+00 -4.965575e+00 6.540018e+00 5.935809e+00 4.643528e+00 -1.602349e+00 -1.512926e-01 4.387416e-01 -4.117954e-01 1.141684e-01 6.467832e-02 -4.457203e-01 4.627589e-01 -5.214249e-01 -3.803231e-01 -5.841150e-01 -1.054942e+00 -1.575546e+00 -1.162052e+00 -1.516523e-06 -9.568571e-02 -7.637928e-02 -2.537898e-01 -4.316221e-01 -4.368014e-02 -1.112118e-01 -1.269388e-01 4.838110e-01 -2.713160e-01 -4.104350e-01 -3.085188e-01 -7.203283e-02 -2.757756e-07 
-8.308891e+00 1.058997e+01 -3.439342e+00 8.353378e+00 4.391919e+00 5.448238e+00 2.550930e+00 -7.775122e+00 -2.101155e+00 2.487130e+00 -2.680680e+00 -4.149483e+00 -1.512926e-01 -1.488897e-01 -5.760610e-01 -1.494743e-01 -1.980842e-01 -1.937210e-01 8.713678e-01 -1.345666e-02 1.851611e-01 -1.034381e+00 -8.117630e-02 1.536306e-01 -9.549186e-01 -1.516523e-06 -2.572907e-01 8.963829e-02 -2.382203e-01 -4.471126e-01 -7.994397e-02 -6.391664e-02 8.998790e-02 6.001145e-01 2.762180e-01 -2.423332e-02 3.918604e-01 4.943969e-01 -2.757756e-07 
-8.793660e+00 8.978931e+00 -3.867491e+00 6.706344e+00 2.741330e+00 9.763781e+00 4.112230e+00 -5.821190e+00 1.593207e+00 -9.225244e-01 -4.105942e+00 -5.549838e+00 -1.512926e-01 -2.205712e-01 2.458746e-01 -4.575239e-01 -8.449447e-01 -8.221257e-02 -6.323305e-01 -5.689360e-01 1.407733e+00 -3.777473e-01 -1.290331e+00 2.437711e-01 -1.187593e-01 -1.516523e-06 -1.420108e-01 2.426960e-01 -1.533870e-01 -6.059768e-03 1.663698e-01 -2.934615e-01 2.917826e-01 1.970673e-01 2.782904e-01 3.882865e-01 5.992397e-01 8.552132e-01 -2.757756e-07 
-9.905727e+00 8.925385e+00 -4.039078e+00 7.908471e+00 3.614048e+00 5.953142e+00 1.267655e+00 -4.685298e+00 1.973885e+00 4.849088e+00 7.983379e+00 -7.096117e+00 -1.512926e-01 -4.549783e-01 1.011438e-01 -5.681152e-01 -7.548457e-01 -3.689252e-01 -6.954028e-02 -2.622317e-01 1.011380e+00 4.751221e-01 -1.924373e-01 1.091903e+00 1.350392e+00 -1.516523e-06 7.309544e-02 1.978559e-01 -2.504132e-02 3.013085e-01 2.361528e-01 -1.082996e-01 6.109680e-01 -2.373403e-01 2.963435e-01 3.948357e-01 -2.512566e-02 7.341518e-01 -2.757756e-07 
-9.541205e+00 1.198892e+01 -4.386337e+00 6.664763e+00 2.218082e+00 2.097119e+00 1.704201e+00 5.278556e-01 2.614060e+00 -1.696730e+00 5.302171e-01 -7.230271e-01 -1.512926e-01 -1.182809e-01 4.631010e-01 -4.434111e-01 3.128429e-01 4.736922e-01 -5.339537e-01 1.061783e+00 1.916403e-01 5.256452e-02 9.421225e-01 9.514534e-01 1.961318e+00 -1.516523e-06 1.380714e-01 -4.250316e-02 1.103814e-01 5.543542e-01 3.100820e-01 2.351149e-01 7.755872e-01 -5.808512e-01 1.290760e-01 6.999808e-01 4.382703e-02 1.183047e-01 -2.757756e-07 
-1.021013e+01 9.590712e+00 -6.020086e+00 4.599617e+00 2.808169e+00 8.933843e+00 2.443727e+00 -5.892645e+00 -2.360360e-01 1.912140e+00 4.607382e-01 1.890964e-01 -1.512926e-01 1.654133e-01 3.045657e-01 -2.817215e-01 7.294330e-01 7.091535e-01 2.806754e-01 2.225977e+00 -3.935051e-01 2.321541e-01 7.767867e-01 -3.258341e-01 1.675785e+00 -1.516523e-06 1.506829e-01 -8.704246e-02 1.433011e-01 4.750984e-01 3.052351e-01 1.777432e-01 5.656767e-01 -4.596324e-01 1.642836e-02 4.617833e-01 3.799804e-02 -3.732350e-01 -2.757756e-07 
-9.232601e+00 1.096184e+01 -5.093927e+00 9.925107e+00 5.512256e+00 5.603414e+00 8.833036e+00 -4.259030e+00 2.960855e+00 5.256648e+00 4.412923e+00 6.142493e-01 -1.512926e-01 1.594480e-01 -6.833106e-02 -4.885940e-02 1.184637e+00 9.292230e-01 3.682653e-01 2.064668e+00 -7.941029e-01 3.891011e-01 1.725071e+00 1.171764e+00 3.099465e-01 -1.516523e-06 5.494196e-02 -1.435573e-01 1.022086e-01 2.198777e-01 1.131127e-01 1.891593e-01 1.844450e-01 -2.372019e-01 8.302219e-02 2.514402e-01 1.938169e-01 -4.668380e-01 -2.757756e-07 
