-9.520020e+00 6.066437e+00 -3.435684e+00 9.711917e-01 7.834420e+00 1.404210e+01 4.563028e+00 5.797339e+00 1.962696e+00 5.373951e+00 -5.785413e-01 -2.566581e+00 -1.512926e-01 -9.936165e-02 -4.785016e-01 5.905592e-01 2.428464e-01 -9.006085e-01 -4.726896e-01 -1.041702e+00 -1.678648e+00 6.855156e-01 1.750477e-01 3.622261e-01 -1.861727e+00 -4.278405e-07 -2.913850e-02 1.330285e-01 -4.178886e-02 7.021730e-02 1.219376e-01 1.111172e-01 4.827964e-01 4.200812e-01 -2.645697e-01 -2.055079e-01 -2.965942e-02 6.414216e-01 6.040441e-07 
-9.574792e+00 5.011542e+00 -2.806707e+00 6.783428e-01 4.692846e+00 1.043502e+01 -3.409927e-01 -1.983945e-01 4.413264e-01 9.812624e+00 2.325273e+00 -6.786089e+00 -1.512926e-01 -2.524859e-01 -3.324753e-01 4.681430e-01 6.874782e-01 -5.204948e-01 3.855499e-02 6.318054e-02 -8.303778e-01 8.430277e-03 -5.839061e-01 6.073714e-02 -9.990950e-01 -4.278405e-07 -1.835788e-02 1.612020e-01 -2.159780e-01 -1.374944e-01 1.829910e-01 1.389271e-01 6.491069e-01 9.483152e-01 -3.901041e-01 -4.049816e-01 -3.345470e-02 9.521149e-01 6.040441e-07 
-9.989761e+00 4.201652e+00 -7.972094e-01 2.331987e+00 4.902353e+00 1.348259e+01 1.806370e+00 4.016091e-01 6.151358e+00 4.029662e+00 -2.197096e-01 -9.765546e+00 -1.512926e-01 -1.685902e-01 1.136621e-01 4.428687e-01 3.718267e-01 -4.809063e-01 -1.728381e-01 8.197697e-01 -2.619394e-03 -2.987571e-01 -4.730757e-01 3.646848e-01 9.140080e-01 -4.278405e-07 3.718273e-02 1.609629e-01 -3.697048e-01 -2.908662e-01 2.934976e-01 1.762913e-02 1.266125e-01 9.464723e-01 -3.947879e-01 -2.044421e-02 3.105788e-01 7.760569e-01 6.040441e-07 
-1.054774e+01 5.336517e+00 -2.413896e+00 3.727780e+00 6.698032e+00 1.451475e+01 6.257128e+00 4.342988e+00 -8.970455e-02 3.126367e+00 -4.545588e-01 -3.962271e+00 -1.512926e-01 -1.565046e-01 3.152236e-02 -4.155882e-01 -5.089895e-01 -1.953114e-01 7.194239e-02 1.273046e+00 2.224737e+00 -7.727899e-01 -1.525815e+00 1.936771e-01 1.510952e+00 -4.278405e-07 1.229727e-01 1.725591e-01 -2.535920e-01 -2.816440e-01 3.486084e-01 -1.839732e-01 -5.733868e-01 1.493987e-01 7.883001e-02 4.985043e-01 4.755442e-01 2.030671e-02 6.040441e-07 
-9.876415e+00 6.472166e+00 -1.417517e+00 1.305214e+00 4.426986e+00 1.113852e+01 5.362960e+00 3.513500e+00 7.342900e-01 6.351822e+00 2.634858e+00 5.917269e-01 -1.512926e-01 3.862621e-02 1.444403e-01 -8.161178e-01 -6.132451e-01 4.043091e-01 -4.011970e-01 -1.013558e+00 1.526184e+00 -8.977935e-01 5.438505e-01 1.848560e+00 7.635713e-01 -4.278405e-07 1.119192e-01 8.361522e-02 -1.445792e-01 1.050487e-01 3.654592e-01 -4.961173e-02 -5.313101e-01 -4.276734e-01 3.737224e-01 3.727268e-01 2.536496e-01 -6.578946e-01 6.040441e-07 
-1.041386e+01 4.033480e+00 -4.574360e+00 -1.354101e+00 3.954038e+00 1.196683e+01 4.246331e+00 9.369153e+00 -7.139763e-01 1.022444e+00 1.866463e+00 -4.409547e+00 -1.512926e-01 2.587497e-01 5.149431e-01 -1.702735e-01 -2.283645e-01 7.799168e-01 -7.671883e-01 -1.887180e+00 -8.480141e-01 7.021062e-01 1.400167e+00 1.696543e+00 -8.224313e-01 -4.278405e-07 5.669700e-02 3.376361e-02 1.035217e-01 3.553952e-01 -9.419142e-02 -7.726143e-02 2.266962e-01 -7.274591e-01 5.357533e-01 2.958317e-01 -5.398371e-02 -4.204042e-01 6.040441e-07 
-9.863863e+00 5.575642e+00 -3.797705e+00 1.806506e+00 8.295959e+00 1.275053e+01 -2.256008e+00 5.519568e+00 1.974282e+00 7.800710e+00 7.862664e+00 -5.723996e+00 -1.512926e-01 1.835369e-01 2.900782e-01 -4.025652e-01 7.567073e-01 8.587718e-01 -1.274005e-03 -2.567212e-01 -6.047475e-01 8.325357e-01 -7.235051e-02 8.813534e-01 -1.208820e+00 -4.278405e-07 -4.528667e-02 -1.534489e-01 1.147700e-01 2.329531e-01 -6.054932e-01 -1.848548e-01 1.023022e+00 -8.411780e-02 2.586221e-01 -2.318435e-01 -7.670651e-01 -3.225265e-02 6.040441e-07 
-9.260616e+00 8.360079e+00 -2.075193e+00 2.335590e+00 8.663115e+00 9.872773e+00 6.307277e-01 -9.007095e-01 2.800759e+00 9.402622e+00 5.414443e+00 -4.916935e+00 -1.512926e-01 5.470132e-02 1.275463e-01 -1.047726e-01 5.828105e-01 -8.935276e-01 -5.142424e-01 2.028150e+00 -3.471034e-01 1.040910e+00 2.614375e-01 4.073307e-01 3.950986e-01 -4.278405e-07 -5.647667e-02 -2.292824e-01 4.612340e-02 7.364661e-03 -6.684596e-01 -2.914865e-01 4.867105e-01 4.150131e-01 -1.675552e-01 -8.619010e-02 -5.656996e-01 4.142982e-01 6.040441e-07 
-9.535234e+00 5.759886e+00 -4.679887e+00 3.244502e+00 6.366485e+00 1.217929e+01 5.886978e+00 5.624270e+00 3.139515e+00 1.799511e+00 5.267693e+00 -5.199049e+00 -1.512926e-01 -8.586794e-02 -4.291789e-01 -2.750363e-01 1.458021e-01 -1.786360e+00 -1.451902e+00 2.143945e+00 8.552358e-01 2.257779e-01 -4.601458e-02 -1.342085e+00 -6.435056e-03 -4.278405e-07 2.876749e-02 -1.441433e-02 3.010052e-01 -1.513986e-01 -2.902542e-01 -5.293139e-01 -7.869797e-01 7.061277e-02 -2.625292e-01 4.000562e-01 -2.952428e-01 4.944274e-01 6.040441e-07 
-1.030470e+01 4.579156e+00 -4.656868e+00 8.409795e-01 4.511852e-01 9.681053e+00 1.031549e+01 7.581095e+00 3.907786e+00 5.330046e+00 5.200381e+00 -2.696329e+00 -1.512926e-01 1.109056e-01 -2.717929e-01 -3.482598e-03 1.140721e-01 -1.239632e+00 -1.499352e+00 -6.539574e-01 4.969495e-01 1.675542e-01 9.560478e-01 -2.014600e-02 6.477656e-01 -4.278405e-07 1.212897e-01 5.886874e-02 3.262540e-01 -9.060317e-02 3.936251e-01 -3.289538e-01 -1.485061e+00 -4.252162e-01 -3.451214e-01 3.810654e-03 -8.214642e-02 3.163323e-01 6.040441e-07 
-9.771056e+00 5.320052e+00 -3.882007e+00 3.282588e+00 3.470028e+00 5.586849e+00 3.621588e+00 5.554947e+00 2.549726e+00 9.606977e+00 1.259172e+00 -6.866140e+00 -1.512926e-01 2.991135e-01 4.177541e-01 1.051863e+00 2.341928e-01 -4.194315e-01 -2.155306e+00 -2.850517e+00 -6.739510e-01 -4.342847e-02 1.580628e+00 -3.810679e-01 1.136939e+00 -4.278405e-07 1.634569e-01 7.321452e-02 2.136114e-01 -1.852836e-02 4.033530e-01 -5.646404e-02 -8.195451e-01 -5.131400e-01 -2.398987e-01 -5.042682e-01 1.117148e-01 1.683421e-01 6.040441e-07 
-8.587765e+00 7.220902e+00 -2.491621e+00 2.886290e+00 3.913243e+00 5.671753e+00 -1.506439e+00 1.618828e+00 3.933717e+00 1.027944e+01 7.317982e+00 -8.444356e-01 -1.512926e-01 4.685476e-01 -1.488901e-03 8.629811e-01 8.543269e-02 3.912202e-01 -1.807369e+00 -2.899955e+00 -1.708745e+00 -5.502251e-01 -5.327306e-01 -4.840795e-01 1.405213e+00 -4.278405e-07 8.849298e-02 -6.279152e-02 -9.838486e-04 -2.711207e-02 1.100932e-01 6.299066e-02 5.161446e-01 -9.717199e-02 -4.035526e-01 -9.871604e-01 -3.313411e-01 -4.554890e-01 6.040441e-07 
-8.898136e+00 6.527439e+00 -5.030491e-01 3.392213e+00 2.538308e+00 3.407108e+00 -2.454369e+00 5.235582e+00 2.909448e+00 7.227999e+00 2.303496e+00 -4.400127e-01 -1.512926e-01 5.525606e-01 -1.982943e-01 3.598109e-01 6.730127e-02 -5.849736e-01 -1.580190e+00 -8.307452e-01 -6.078147e-01 -6.148138e-01 -1.822892e+00 -5.515668e-01 4.565108e-01 -4.278405e-07 6.597652e-02 -1.158709e-01 -1.845865e-01 9.384025e-02 -2.060412e-01 2.805417e-01 1.020086e+00 8.159365e-02 -1.451102e-01 -6.181201e-01 -1.720687e-01 -8.012218e-01 6.040441e-07 
-8.398347e+00 3.968407e+00 -2.031248e+00 1.214117e+00 2.872966e+00 1.734055e+00 -1.146177e+00 -8.036571e-01 9.770470e-01 3.855654e+00 2.257961e+00 1.116376e+00 -1.512926e-01 4.266584e-01 -2.776184e-01 3.375271e-01 6.173822e-02 -6.063235e-01 -1.472043e+00 9.169948e-01 -2.178934e-02 -1.564444e+00 -2.277985e+00 -1.591687e+00 -1.289440e+00 -4.278405e-07 1.208348e-01 6.452736e-02 -2.643214e-02 2.165661e-01 -5.192451e-01 1.902594e-01 5.343843e-01 -1.884746e-01 2.786495e-02 4.253981e-01 1.205560e-01 -2.680228e-01 1.901308e-03 
-7.103231e+00 5.954714e+00 -2.313152e+00 4.455528e+00 1.065187e+00 -3.451307e-01 -7.123784e-01 3.726729e+00 9.541506e-01 3.704243e+00 1.031499e+00 -5.563893e+00 -1.512926e-01 6.499500e-01 -2.352877e-02 3.917414e-01 7.152935e-01 -9.508182e-01 -9.202440e-01 3.414026e-01 -1.109492e+00 -2.617152e-01 -6.373760e-01 -6.874743e-01 -1.521791e+00 -4.278405e-07 1.510842e-01 3.420195e-02 2.239028e-02 6.205923e-02 -5.881540e-01 5.193078e-02 -2.784587e-01 -8.911740e-01 2.401591e-02 8.512712e-01 3.493511e-01 8.094214e-01 5.754702e-03 
-7.352365e+00 6.119358e+00 1.011156e-01 2.662922e+00 1.617996e+00 1.877732e-01 2.207417e+00 2.264250e+00 -2.910651e+00 6.515058e-01 -4.410629e-03 -4.729752e+00 -1.512926e-01 1.024019e+00 2.336678e-01 7.149047e-01 8.442739e-01 -2.022175e+00 -1.186164e+00 -8.139908e-01 -2.400397e+00 -5.872671e-01 1.001437e+00 1.868097e-01 1.054286e+00 9.510301e-03 1.507658e-01 -4.442094e-02 -8.682155e-03 4.659436e-02 -6.142442e-01 -7.313401e-02 -5.663805e-01 -9.833212e-01 -2.313659e-01 5.636601e-01 4.769242e-01 1.073848e+00 1.124725e-02 
-6.171737e+00 5.334557e+00 3.892970e-01 6.244531e+00 -1.588573e+00 -4.206450e-01 -2.424089e+00 -1.845894e+00 3.544478e+00 5.643197e+00 -2.925808e-03 -5.125843e+00 -1.512926e-01 1.009235e+00 -2.830555e-01 2.831199e-01 -1.367201e-02 -2.817806e+00 -1.463424e+00 -1.357477e+00 -3.874566e+00 -9.831465e-01 7.936429e-01 3.060148e-01 3.331799e+00 2.401721e-02 1.839264e-01 -6.354866e-02 6.463125e-02 -9.258948e-02 4.183552e-02 1.896583e-01 1.209370e-01 -4.434091e-02 -5.735134e-01 -1.891723e-01 1.683852e-01 3.031585e-01 2.809204e-02 
-3.743538e+00 5.447063e+00 1.919944e-01 4.540964e+00 -5.911133e+00 -4.158798e+00 -4.360424e+00 -1.001981e+01 -3.254649e+00 7.893364e+00 3.709126e+00 6.168835e+00 -1.037364e-01 1.000786e+00 -3.699528e-01 3.484278e-01 6.590449e-01 -2.744101e+00 -1.566127e+00 -1.065554e+00 -3.555961e+00 -2.360586e+00 -1.752003e-01 2.962648e-01 1.652985e+00 4.422823e-02 5.097556e-01 1.793734e-01 1.497913e-01 -1.355790e-01 6.530206e-01 6.592223e-01 6.057777e-01 8.404261e-01 1.961038e-02 -7.508851e-01 -1.669364e-01 -1.105351e+00 4.669457e-02 
-3.861449e+00 4.875515e+00 -9.433928e-01 3.448828e+00 -9.259448e+00 -5.489101e+00 -4.216134e+00 -9.503948e+00 -3.789818e+00 4.051615e+00 7.045912e-01 5.645674e+00 -5.498553e-02 1.581251e+00 -3.945185e-02 8.980950e-01 3.448356e-01 -3.807014e-01 2.180123e-01 1.071829e+00 -7.533146e-01 -2.242678e+00 -9.950060e-01 9.982218e-02 -3.052766e-01 1.231052e-01 1.004436e+00 4.021714e-01 8.313910e-02 -2.016239e-01 8.144864e-01 6.617468e-01 5.813928e-01 8.893410e-01 7.395208e-01 -4.797027e-01 -2.461629e-01 -1.336368e+00 5.450046e-02 
-3.503532e+00 4.498795e+00 2.509404e+00 7.356225e+00 -8.267227e+00 -5.108399e+00 -2.224802e+00 -1.168691e+01 -1.104660e+01 5.714425e-01 1.123063e+00 -1.850583e+00 2.169820e-02 3.286738e+00 1.008753e+00 1.156529e+00 -1.305389e-02 2.440993e-02 1.269171e+00 1.000189e+00 2.408390e-01 1.406336e-01 -1.858605e+00 -5.447842e-01 -2.653898e+00 1.934405e-01 1.090589e+00 1.123068e-01 -2.866189e-01 -3.918135e-01 3.455151e-01 3.189477e-02 2.989115e-01 2.333294e-01 1.369234e+00 7.346962e-02 -2.986068e-01 -1.774813e-01 3.872461e-02 
1.614552e+00 5.611315e+00 3.720723e+00 6.561055e+00 -2.314243e+00 1.144418e+00 1.867238e+00 -4.778980e+00 -3.772991e+00 4.329254e+00 1.789005e+00 -2.642763e+00 4.014979e-01 4.888266e+00 1.038366e+00 2.946959e-01 -6.857708e-01 -1.296525e-01 4.277722e-01 5.165398e-01 -1.326113e+00 1.463814e+00 -7.630703e-01 -5.042579e-01 -1.196630e+00 2.219146e-01 3.733376e-01 -6.601741e-01 -4.108289e-01 -1.008185e-01 -4.680824e-01 -8.365061e-01 -1.142227e-01 -7.101815e-01 1.086213e+00 3.195276e-01 -3.637735e-01 8.808587e-01 -5.459453e-03 
9.951979e+00 1.012294e+01 3.642400e+00 2.919229e+00 -9.261522e+00 -1.130010e+00 -2.401226e+00 -1.117774e+01 -2.560033e+00 -1.538614e+00 4.430153e-01 -2.956422e+00 6.352032e-01 4.800146e+00 -3.473304e-01 -7.830298e-01 -7.846695e-01 -1.142109e+00 -1.511419e+00 7.066156e-01 -2.102879e+00 2.632253e+00 7.618815e-02 -8.947691e-01 1.211187e+00 1.884501e-01 -9.071442e-01 -1.321196e+00 5.023183e-02 2.815001e-02 -1.434412e-01 -9.280706e-01 -1.678851e-01 -1.791830e-01 2.914549e-01 4.569201e-01 -9.012513e-02 1.080231e+00 -4.174666e-02 
1.385216e+01 7.255399e+00 -3.639841e-02 2.238317e+00 -9.410874e+00 -5.340029e+00 -1.545061e+00 -1.638941e+01 -7.139763e-01 1.291690e+00 -1.476858e+00 2.155749e-01 7.478308e-01 2.691255e+00 -2.662196e+00 -1.862869e-01 2.265693e-01 -2.137936e+00 -2.574281e+00 6.475213e-01 -3.132497e+00 1.942438e+00 -3.647392e-01 -1.544123e+00 2.166538e+00 9.830419e-02 -1.890409e+00 -1.107205e+00 6.301975e-01 -4.028091e-01 5.723894e-01 -2.350250e-01 -6.372650e-01 1.411125e+00 -4.737629e-01 1.323211e-01 1.940896e-01 4.099545e-02 -5.196173e-02 
1.437857e+01 1.939763e+00 4.730012e-01 5.594499e+00 -1.042937e+01 -9.423669e+00 3.014455e+00 -1.639610e+01 5.850496e-01 2.471010e+00 -1.718141e+00 2.776027e+00 7.907842e-01 -1.505204e-01 -3.746907e+00 1.648123e+00 -3.282934e-01 3.113995e-01 -1.870152e+00 9.520373e-02 2.479318e-01 1.358532e+00 2.267220e-01 -4.755163e-01 1.065645e+00 4.650872e-02 -1.879037e+00 -3.826229e-01 4.202292e-01 -1.291330e+00 1.345081e+00 5.771949e-01 -9.178283e-01 2.620096e+00 -8.147511e-01 -2.406324e-01 3.541814e-01 -7.545930e-01 -3.721421e-02 
1.285715e+01 -3.607942e+00 4.373914e+00 6.356215e+00 -1.242004e+01 -7.580025e+00 2.396818e+00 -1.783181e+01 4.366818e+00 5.007414e-01 -4.850865e+00 5.323683e+00 8.152211e-01 -2.088452e+00 -2.797737e+00 2.230203e+00 -2.927886e+00 2.005443e+00 -5.679525e-01 -2.364144e+00 4.554078e+00 -2.680801e-01 -1.767964e-01 2.565015e-01 -9.188437e-01 3.307532e-02 -1.083637e+00 3.226320e-01 -5.613248e-01 -1.671496e+00 1.590231e+00 9.297886e-01 -4.632438e-01 2.793794e+00 -6.275855e-01 -5.021253e-01 1.889573e-01 -6.372511e-01 -1.264639e-02 
9.696759e+00 -3.179477e+00 9.677769e+00 -7.812698e-01 -6.199811e+00 -9.360284e+00 -3.896037e+00 -9.216617e+00 1.692353e+00 -9.339565e-03 -2.474263e-01 -1.820034e-01 8.340715e-01 -2.205319e+00 -2.192660e+00 1.097693e-01 -5.664082e+00 3.511736e+00 3.714310e-01 -2.376690e+00 7.154289e+00 -3.363208e-01 -1.220956e+00 -2.430037e-02 -1.019042e+00 3.499024e-02 -1.273467e-01 4.569245e-01 -1.540765e+00 -6.306677e-01 6.879025e-01 9.313113e-01 4.489002e-01 1.076784e+00 -1.683899e-01 -8.446437e-01 -3.965509e-01 1.744537e-01 -9.481235e-04 
5.750935e+00 -4.173610e+00 6.512256e+00 -9.213158e+00 -1.498340e+00 -8.211528e+00 -9.910508e+00 2.791584e+00 -2.608309e+00 1.647778e+00 -9.294539e-01 -2.899582e+00 8.915711e-01 -1.699481e+00 -1.826041e+00 -2.223663e+00 -5.462988e+00 4.213063e+00 9.539867e-01 -4.326837e-01 7.383370e+00 -3.481117e-01 -2.151592e+00 -8.249078e-01 2.256255e-02 4.082781e-02 4.061343e-01 3.557469e-01 -1.452932e+00 1.051882e+00 -2.460515e-01 7.986329e-01 1.031202e+00 -8.975475e-01 2.432259e-01 -7.214128e-01 -4.864300e-01 5.926650e-01 -1.303896e-03 
6.905318e+00 -8.740902e+00 -4.716037e-02 -1.494095e+01 1.668472e+00 -7.250579e+00 -2.715451e+00 9.063175e+00 2.391107e+00 -4.206854e+00 -3.800355e+00 1.792497e+00 9.275677e-01 -9.817330e-01 -1.948085e+00 -3.828772e+00 -2.214167e+00 2.647227e+00 2.025468e+00 1.373903e+00 4.217070e+00 5.566513e-01 -3.009106e+00 -1.917678e+00 1.467363e+00 3.789162e-02 4.276046e-01 4.288307e-01 -4.428985e-01 2.090086e+00 -8.720523e-01 4.849491e-01 5.490231e-01 -2.126561e+00 1.364729e-01 -1.125257e-01 -1.213931e-01 2.265151e-01 -5.530932e-03 
5.755499e+00 -9.958088e+00 -1.882075e+00 -1.387918e+01 4.711169e+00 -3.865348e+00 -3.570594e-01 9.945252e+00 2.276901e+00 -8.158367e+00 -7.199109e+00 4.449070e+00 9.725941e-01 -6.695002e-01 -1.141251e+00 -3.065142e+00 6.065050e-01 1.207451e+00 2.598135e+00 9.165821e-01 1.534811e+00 5.015579e-01 -2.889797e+00 -1.228984e+00 8.013421e-01 2.510233e-02 3.773861e-01 4.261209e-01 4.360646e-01 1.751845e+00 -9.889084e-01 3.774528e-02 -1.606831e-01 -2.238520e+00 1.077674e-01 4.993428e-01 3.280458e-01 -2.323494e-01 -9.135772e-03 
4.785969e+00 -1.002787e+01 -5.268805e+00 -9.519388e+00 3.931566e+00 -1.406243e+00 -1.803362e+00 8.292015e+00 2.032764e+00 -1.015188e+01 -6.700952e+00 3.480122e+00 9.830118e-01 -5.822018e-01 -3.908276e-01 -1.683932e+00 1.751463e+00 6.542850e-01 1.974117e+00 -3.061591e-01 -5.541388e-01 -7.869659e-02 -1.414486e+00 -4.292248e-01 -2.758172e-01 1.520281e-02 3.290325e-01 2.820653e-01 9.327050e-01 5.587086e-01 -4.627503e-01 -4.976570e-01 -3.508306e-01 -1.454731e+00 7.924738e-02 8.207741e-01 4.762773e-01 -3.444398e-01 -8.682528e-03 
3.463087e+00 -9.236401e+00 -6.202704e+00 -8.890972e+00 3.407452e+00 1.857304e+00 -5.783554e+00 1.085123e+01 7.857019e-02 -9.828720e+00 -5.624209e+00 2.631891e-01 9.893538e-01 -1.218055e-02 -4.740354e-01 -1.115743e+00 1.313218e+00 2.649448e-01 1.168464e+00 -3.960386e-01 -1.423496e+00 5.085489e-01 -4.522264e-01 7.099590e-02 -2.676905e-01 6.492864e-03 3.403590e-01 5.629921e-03 8.143187e-01 -3.262651e-01 3.819613e-03 -7.614912e-01 5.103102e-02 -7.896585e-01 2.728126e-01 6.629156e-01 2.290234e-01 4.900838e-02 -5.732375e-03 
5.140462e+00 -1.105571e+01 -6.306438e+00 -8.677382e+00 5.591722e+00 -2.410541e-01 -1.533011e+00 5.839411e+00 3.096481e+00 -1.044405e+01 -6.733865e+00 2.506412e+00 9.952039e-01 3.347838e-01 -8.713356e-01 -1.398865e-01 2.259512e-01 8.046998e-01 2.521255e-01 2.761182e-01 -1.577239e+00 9.492961e-01 -1.241246e-01 -1.862362e-01 2.795700e-01 3.782974e-03 2.225910e-01 -5.179308e-02 5.291224e-01 -6.135712e-01 1.844562e-01 -6.361860e-01 2.758183e-01 -1.296539e-01 2.459620e-01 3.008318e-01 3.736178e-02 2.286428e-01 -3.313444e-03 
5.517395e+00 -1.181425e+01 -6.941992e+00 -7.734502e+00 5.205897e+00 1.394828e+00 -2.472289e+00 4.053265e+00 4.287646e+00 -1.027327e+01 -6.827656e+00 3.597669e+00 9.989811e-01 5.737985e-01 -8.728890e-01 2.344042e-01 -2.619489e-01 1.151448e+00 -3.482126e-01 8.806798e-01 -1.901978e+00 1.351541e+00 -2.203904e-01 -2.052276e-01 7.688352e-01 2.146595e-03 -1.308130e-02 8.764001e-02 3.320776e-01 -4.335970e-01 1.746063e-01 -4.092581e-01 1.852067e-01 2.403173e-01 -4.508139e-02 8.558153e-02 -2.142193e-02 1.161449e-01 -1.515086e-03 
5.432956e+00 -1.309573e+01 -5.599138e+00 -8.968173e+00 7.055508e+00 8.565281e-02 -2.078349e+00 3.804657e+00 4.674953e+00 -1.054994e+01 -7.030334e+00 3.210804e+00 9.971364e-01 2.378638e-01 -4.503449e-01 2.865927e-01 -5.289752e-01 1.133316e+00 -4.485563e-01 4.345010e-01 -9.630338e-01 7.294443e-01 -2.626263e-02 -1.043357e-01 3.492011e-01 8.119590e-04 -1.578235e-01 2.354415e-01 9.825650e-02 -8.223227e-02 -1.252065e-01 -4.860993e-02 -3.946318e-02 4.246885e-01 -2.578454e-01 1.057370e-01 3.011625e-02 -2.672961e-02 -9.822388e-04 
6.186063e+00 -1.258102e+01 -5.384496e+00 -1.005516e+01 8.432518e+00 -4.737754e-02 -1.107555e+00 2.358912e+00 6.047359e+00 -1.087729e+01 -6.502233e+00 3.755094e+00 9.991391e-01 -2.919436e-02 -2.462577e-01 3.314497e-01 -4.774655e-01 9.736750e-01 -5.275792e-01 4.507602e-01 -5.290262e-01 3.930406e-01 -7.314857e-02 -7.712028e-02 2.780924e-01 4.057656e-04 -2.091338e-01 2.223709e-01 5.996481e-03 1.144128e-01 -3.501679e-01 1.875345e-01 -1.642058e-01 4.863504e-01 -3.824988e-01 1.805202e-01 1.251995e-02 -1.039163e-01 -1.016354e-03 
5.995504e+00 -1.292363e+01 -5.652050e+00 -1.016170e+01 9.644619e+00 -1.763078e+00 -4.283370e-02 1.871259e+00 5.864187e+00 -1.027327e+01 -7.418367e+00 4.173503e+00 9.991743e-01 -1.528671e-01 -7.411509e-03 3.028955e-01 -7.733802e-02 2.674123e-01 9.879747e-02 2.936980e-01 -1.404513e-01 1.392771e-01 3.309684e-01 -9.967260e-02 3.913123e-01 -2.615522e-04 -1.156563e-01 1.631945e-01 -2.009001e-02 1.357657e-01 -3.773570e-01 2.397083e-01 -9.559150e-02 2.704187e-01 -2.609525e-01 1.628182e-01 -9.087272e-03 -4.977243e-02 -1.191804e-03 
5.090255e+00 -1.313140e+01 -5.258342e+00 -9.525049e+00 8.779968e+00 -3.193072e-01 -1.236397e+00 2.375167e+00 5.658120e+00 -1.077754e+01 -7.018951e+00 4.506802e+00 9.999999e-01 -2.766573e-01 1.754112e-02 2.562057e-01 8.440249e-02 -1.664516e-01 3.157248e-01 1.300331e-01 1.185347e-01 -2.657846e-01 5.036483e-01 -1.450316e-01 2.282239e-01 -2.396969e-03 6.751386e-03 1.252180e-01 -7.314052e-02 8.447620e-02 -2.751537e-01 1.285485e-01 -1.805300e-02 9.311205e-02 -1.419104e-01 9.617168e-02 -6.801479e-03 -6.738276e-02 -1.986200e-03 
5.216153e+00 -1.285778e+01 -4.147469e+00 -9.620264e+00 8.219208e+00 7.155906e-01 -5.455329e-01 3.094693e+00 5.565982e+00 -8.944796e+00 -7.270133e+00 4.791595e+00 9.954147e-01 -2.166983e-01 2.337649e-01 2.236964e-01 -1.309081e-01 -1.834027e-01 3.283359e-01 1.169102e-01 6.524222e-02 -2.458550e-01 4.994585e-01 -1.159510e-01 1.253470e-01 -3.749013e-03 7.098017e-02 7.480850e-02 -1.309376e-01 2.495773e-02 -8.527762e-02 -9.377110e-02 5.694132e-02 -1.347158e-02 -2.616079e-02 -1.298240e-01 5.396613e-02 -8.214103e-02 -1.726275e-03 
5.192571e+00 -1.252653e+01 -4.855964e+00 -9.903849e+00 8.312899e+00 2.922411e-01 -2.059715e-01 2.339788e+00 4.867504e+00 -9.023245e+00 -7.301562e+00 4.587449e+00 9.890376e-01 3.651414e-02 2.591059e-01 5.199403e-03 -2.830077e-02 -1.766437e-01 2.683479e-04 4.488619e-01 -1.661391e-01 -1.239817e-01 3.234866e-01 -1.028944e-01 7.418567e-02 -7.781934e-03 7.557444e-02 1.519378e-02 -5.108267e-02 -1.462667e-02 4.659769e-02 -2.520155e-01 1.757345e-01 -3.904244e-02 7.549108e-02 -2.388933e-01 1.192622e-01 -3.207156e-02 -6.329640e-04 
4.860519e+00 -1.205729e+01 -4.734593e+00 -1.062645e+01 8.961127e+00 -4.269053e-01 2.637628e-02 2.215007e+00 5.029986e+00 -8.652951e+00 -7.856637e+00 4.759753e+00 9.859281e-01 4.543173e-02 2.458043e-01 -2.263206e-01 1.035641e-01 -1.538991e-01 -2.122134e-01 4.189846e-01 -6.549682e-02 -6.231466e-02 -2.280717e-01 1.490812e-01 5.774754e-02 -6.197779e-03 3.049602e-02 -6.518248e-02 9.634189e-02 -2.023091e-02 6.414036e-02 -3.224221e-01 2.662287e-01 -3.488967e-03 6.130063e-02 -2.148868e-01 1.413870e-01 7.676169e-03 3.612505e-04 
5.450453e+00 -1.223605e+01 -4.938772e+00 -9.163749e+00 7.525344e+00 2.531145e-01 7.218748e-01 1.984567e+00 5.306398e+00 -9.306372e+00 -7.240437e+00 4.893370e+00 9.658304e-01 -2.978104e-02 8.754440e-02 2.259151e-01 -1.059774e-01 5.166054e-02 -6.740119e-01 8.577353e-01 -1.124587e-02 1.990807e-02 -3.271307e-01 3.188171e-01 1.017057e-01 -4.335092e-03 -3.555228e-02 -1.029199e-01 2.786282e-01 -5.754523e-02 -8.287620e-02 -1.796855e-01 1.732686e-01 1.391089e-01 -3.780067e-02 -8.929572e-02 1.116285e-01 7.961141e-02 1.314852e-03 
5.314285e+00 -1.177426e+01 -5.237715e+00 -9.473067e+00 7.843062e+00 -3.263500e-01 1.085536e+00 2.944095e+00 5.035227e+00 -9.943327e+00 -6.555439e+00 4.927593e+00 9.760198e-01 -3.095441e-02 -6.246406e-03 5.951896e-01 -1.931319e-01 2.312251e-02 -9.467362e-01 1.243582e+00 -2.964902e-02 -1.118631e-02 -2.497190e-01 3.802001e-01 1.499119e-01 -3.661972e-03 -2.345252e-02 -1.169867e-01 3.639079e-01 -1.299505e-02 -3.624600e-01 5.024775e-02 4.970022e-02 2.196609e-01 -1.726563e-01 8.076783e-02 8.113689e-02 7.920398e-02 4.668452e-04 
4.816398e+00 -1.223017e+01 -3.474846e+00 -1.101040e+01 9.130185e+00 -3.128204e+00 3.553613e+00 1.918590e+00 4.964331e+00 -1.001338e+01 -6.357958e+00 5.012405e+00 9.723130e-01 -1.029991e-01 -1.294561e-01 9.877124e-01 -1.675830e-01 -6.795997e-01 -5.308453e-01 9.028814e-01 5.115187e-01 -3.385120e-01 -1.122534e-01 3.396737e-01 4.260356e-01 -2.478208e-03 9.071264e-03 -6.621857e-02 2.655451e-01 1.006505e-01 -6.582026e-01 3.089527e-01 -1.528549e-01 2.555983e-01 -2.328034e-01 8.076783e-02 1.041673e-01 2.166484e-02 -1.066152e-04 
5.022551e+00 -1.209179e+01 -2.490724e+00 -1.066865e+01 8.274524e+00 -3.469779e+00 4.828436e+00 2.099308e+00 5.144743e+00 -9.547853e+00 -6.396811e+00 5.450158e+00 9.643548e-01 -3.529586e-02 -2.306259e-01 1.212383e+00 6.936166e-02 -1.600541e+00 -3.248397e-02 6.448802e-01 7.714632e-01 -7.463910e-01 6.840708e-02 5.443403e-01 2.916677e-01 -4.799313e-03 -3.063959e-02 4.854774e-02 2.008873e-01 6.510964e-02 -6.830310e-01 2.956488e-01 -1.160623e-01 1.087003e-01 -2.640595e-01 1.129731e-01 1.882242e-01 -1.394085e-01 -1.117075e-03 
5.081506e+00 -1.272488e+01 -1.373871e+00 -9.404101e+00 3.911515e+00 -8.295177e-01 3.364831e+00 4.964027e+00 3.558547e+00 -1.006504e+01 -5.621487e+00 6.762524e+00 9.592776e-01 1.774029e-02 -1.313008e-01 1.245086e+00 2.661288e-01 -2.427500e+00 4.137096e-01 3.929864e-01 8.663544e-01 -7.764419e-01 -8.232625e-02 7.576547e-01 1.391070e-01 -4.306078e-03 -4.392203e-02 2.252002e-01 1.728064e-01 -1.300457e-01 -3.710889e-01 1.927208e-02 1.709985e-01 -2.435325e-01 -2.478750e-01 3.188754e-01 2.298860e-01 -3.529960e-01 -2.021940e-03 
5.005435e+00 -1.268020e+01 -2.262275e-01 -9.929583e+00 2.449803e+00 -1.638264e+00 4.404216e+00 5.278611e+00 2.006006e+00 -9.575617e+00 -4.201999e+00 5.510866e+00 9.585574e-01 -2.446244e-01 2.372602e-01 1.470914e+00 -8.434334e-02 -2.518157e+00 5.914993e-02 9.183153e-01 3.363053e-01 -1.112637e+00 3.002431e-01 1.112303e+00 -4.035360e-01 -8.333196e-03 -8.199533e-02 3.663070e-01 1.505890e-01 -2.870354e-01 -7.575330e-02 -1.225829e-01 3.076791e-01 -4.832689e-01 -2.232968e-01 6.106791e-01 1.686871e-01 -4.089507e-01 -2.239628e-03 
4.913769e+00 -1.259239e+01 1.618253e+00 -1.005002e+01 -9.505526e-02 -1.975144e+00 5.730329e+00 4.660439e+00 2.651519e+00 -1.041112e+01 -3.667216e+00 5.677516e+00 9.536911e-01 -2.179890e-01 7.626246e-01 1.722403e+00 -7.411953e-01 -2.076354e+00 -4.803106e-01 1.621257e+00 -4.887693e-01 -1.394678e+00 1.366150e+00 1.205055e+00 -9.911530e-01 -1.081098e-02 -7.471728e-02 4.220563e-01 8.581156e-02 -3.947220e-01 1.996789e-01 -8.683864e-02 1.827408e-01 -5.198975e-01 -2.465302e-01 9.318619e-01 4.624619e-02 -3.755409e-01 -2.177896e-03 
3.883382e+00 -1.097143e+01 3.367969e+00 -1.076696e+01 -2.312860e+00 -2.601169e+00 8.237337e+00 3.932786e+00 3.498428e-02 -7.873625e+00 -1.812180e+00 3.975012e+00 9.254771e-01 -3.273467e-01 1.154002e+00 1.726647e+00 -8.621401e-01 -2.154887e+00 -1.983323e-01 1.569096e+00 -9.672512e-01 -1.553697e+00 2.397541e+00 1.164020e+00 -1.187949e+00 -1.274330e-02 1.247361e-03 3.614852e-01 -3.835853e-02 -2.954772e-01 2.733907e-01 1.218164e-01 -2.263227e-01 -3.678545e-01 -4.401479e-02 8.294387e-01 -1.022442e-01 -1.468330e-01 -8.571497e-04 
4.552050e+00 -9.766397e+00 5.440843e+00 -1.269080e+01 -4.089179e+00 -2.749459e+00 9.554489e+00 3.192702e+00 -2.429551e+00 -4.085145e+00 -7.911181e-01 2.574560e+00 9.217527e-01 -3.145570e-01 1.520718e+00 1.546255e+00 -1.318516e+00 -1.610733e+00 1.083238e-01 9.812062e-01 -1.081504e+00 -1.788679e+00 3.528390e+00 9.629148e-01 -1.346327e+00 -1.298701e-02 7.602932e-02 2.051559e-01 -7.178433e-02 -2.133290e-01 3.642381e-01 1.874143e-01 -6.334292e-01 -1.665128e-01 1.700013e-01 3.851493e-01 -9.995836e-02 6.349503e-02 -5.306184e-04 
3.549809e+00 -8.323413e+00 6.495515e+00 -1.291983e+01 -6.327727e+00 -2.242378e+00 1.033774e+01 1.176116e+00 -3.222098e+00 -7.505711e-01 1.799546e-01 1.122625e+00 9.108079e-01 -1.902975e-01 1.665677e+00 1.367116e+00 -1.272776e+00 -1.384038e+00 3.738806e-01 1.067585e-01 -1.206492e+00 -1.135906e+00 3.366384e+00 7.222154e-01 -9.601237e-01 -1.153052e-02 2.488375e-01 1.866068e-02 -4.956694e-02 -9.024847e-02 5.457702e-01 3.449945e-02 -8.757908e-01 -1.010115e-01 3.508601e-01 -2.293590e-01 5.215475e-02 1.651279e-01 -8.717705e-04 
3.507589e+00 -6.312801e+00 7.785755e+00 -1.556628e+01 -6.141038e+00 -1.612832e+00 9.586313e+00 6.315706e-01 -4.663467e+00 3.669377e+00 1.512481e-01 3.721065e-01 8.960860e-01 9.365708e-02 1.532467e+00 1.543168e+00 -1.602644e+00 -6.406549e-01 1.706530e-01 -8.146511e-01 -1.201508e+00 -7.536951e-01 2.807444e+00 9.261189e-01 -7.875233e-01 -1.407213e-02 4.457997e-01 -1.186205e-01 -1.494854e-01 5.298361e-01 5.580215e-01 -2.206391e-01 -1.051104e+00 -1.677414e-01 5.368199e-01 -8.334635e-01 2.470079e-01 1.335289e-01 -2.947924e-03 
3.454339e+00 -4.369615e+00 9.031154e+00 -1.569341e+01 -8.207071e+00 -1.300210e+00 8.755176e+00 -8.194341e-01 -4.527193e+00 5.081139e+00 1.327968e+00 2.753902e-01 8.806614e-01 7.127250e-01 1.241385e+00 1.480368e+00 -1.171404e+00 8.888872e-02 -5.688943e-02 -1.911941e+00 -1.411994e+00 -3.168086e-01 1.611254e+00 1.443127e+00 -6.417965e-01 -1.656151e-02 6.133313e-01 -1.296987e-01 -5.661512e-01 1.649266e+00 3.113659e-01 -3.265896e-01 -8.705459e-01 -7.010435e-01 8.780863e-01 -9.332159e-01 -1.356685e-01 1.361999e-01 -4.976967e-03 
5.068194e+00 -4.080704e+00 1.188875e+01 -1.931722e+01 -6.352620e+00 -2.367192e+00 6.272268e+00 -1.817687e+00 -5.545393e+00 7.036234e+00 3.265659e+00 -9.396639e-01 8.664666e-01 1.462858e+00 1.139730e+00 7.422048e-01 1.280046e+00 4.428247e-01 -7.795271e-01 -3.264838e+00 -1.817438e+00 4.858021e-01 2.385931e-01 1.837538e+00 -8.378536e-01 -2.521344e-02 5.273139e-01 -2.698606e-03 -1.033155e+00 2.558572e+00 -2.035177e-01 -1.932699e-01 -3.617509e-01 -1.094743e+00 1.159669e+00 -7.540839e-01 -7.288967e-01 1.647205e-01 -4.645562e-03 
6.333261e+00 -3.232790e+00 1.184571e+01 -1.690134e+01 -5.777684e+00 -2.149648e+00 2.435131e+00 -4.659457e+00 -4.364987e+00 5.622212e+00 5.838606e+00 -1.430387e+00 8.428203e-01 2.191870e+00 1.213617e+00 -1.063073e+00 5.532070e+00 -3.690072e-01 -7.840634e-01 -3.020950e+00 -4.403848e+00 2.634758e+00 -1.528932e-02 -4.116746e-01 -2.539305e-01 -3.084792e-02 2.013028e-01 7.923178e-02 -1.076433e+00 2.248494e+00 -4.846075e-01 -4.376121e-02 3.443152e-01 -8.187616e-01 9.219098e-01 -3.279934e-01 -1.021910e+00 1.248822e-01 -1.929342e-03 
9.382204e+00 -1.182585e+00 1.008941e+01 -8.562096e+00 -5.141556e+00 -5.086097e+00 -3.577795e+00 -6.535484e+00 -2.315621e+00 4.592042e+00 7.083876e+00 -2.964457e+00 7.889572e-01 1.990755e+00 1.532952e+00 -2.350999e+00 7.838470e+00 -1.429313e+00 -4.321348e-01 -2.068838e+00 -5.179464e+00 3.568841e+00 -1.496624e-01 -1.790927e+00 -1.577951e-01 -3.016319e-02 -2.362900e-01 -6.474414e-02 -5.594102e-01 6.802994e-01 -3.986443e-01 1.518303e-01 9.386726e-01 8.874121e-03 2.370582e-01 -7.000984e-02 -6.018410e-01 5.493885e-02 2.958880e-03 
1.225656e+01 2.498139e-01 4.615161e+00 6.589877e+00 -1.065755e+01 -3.861436e+00 -1.424870e+00 -2.047995e+01 7.031628e+00 6.226884e+00 -2.639720e+00 1.797611e-02 7.651879e-01 1.455348e+00 1.441006e+00 -2.355244e+00 6.791998e+00 -1.398093e+00 -4.494635e-01 -7.884053e-01 -3.824915e+00 2.751101e+00 1.654710e-01 -1.852225e+00 -3.574538e-01 -2.373953e-02 -5.578888e-01 -1.877991e-01 1.950238e-01 -1.301332e+00 2.291066e-01 3.329729e-02 7.880186e-01 1.503502e+00 -8.439667e-01 -1.963153e-01 5.556332e-01 -1.283172e-01 5.556509e-03 
1.206068e+01 1.842937e+00 3.748823e+00 8.129778e+00 -1.105928e+01 -3.672063e+00 -2.141997e+00 -1.980489e+01 6.600458e+00 5.985726e+00 -1.449884e+00 -2.453199e+00 7.544715e-01 6.497152e-01 7.022334e-01 -1.408809e+00 4.051475e+00 -1.035896e+00 -1.877172e-01 3.123507e-01 -2.062814e+00 1.612817e+00 -2.018355e-01 -4.513532e-01 -5.113997e-01 -1.397348e-02 -5.293679e-01 -1.607414e-01 5.736369e-01 -2.090395e+00 6.679176e-01 -1.104010e-01 4.603294e-01 2.029125e+00 -1.349212e+00 -2.317193e-01 8.681831e-01 -6.131415e-03 5.044781e-03 
1.227063e+01 2.459566e+00 3.240021e+00 8.712388e+00 -9.809491e+00 -5.104095e+00 -2.225111e+00 -1.715005e+01 4.932607e+00 5.752638e+00 8.444118e-01 -3.473333e+00 7.413658e-01 7.277115e-02 6.900970e-01 -5.590342e-01 9.188599e-01 5.798287e-01 -7.396981e-01 -2.715774e-01 1.555131e+00 -6.070924e-01 -9.706653e-01 1.696798e+00 -7.188156e-01 -1.115914e-02 -4.079155e-01 1.107925e-01 6.960918e-01 -1.841893e+00 5.279019e-01 4.600012e-02 2.589485e-01 1.618840e+00 -1.319301e+00 -1.638305e-01 4.244373e-01 6.462679e-02 2.450401e-03 
1.262361e+01 1.223563e+00 3.733278e+00 1.063366e+01 -1.074536e+01 -5.403023e+00 -1.616125e+00 -1.851404e+01 6.797698e+00 3.819819e+00 3.085006e+00 -3.775683e+00 7.310008e-01 3.510610e-02 1.104582e+00 -3.809567e-01 3.229955e-01 9.212122e-01 -8.390437e-01 -2.554351e-02 2.275921e+00 -1.498186e+00 -7.402259e-01 7.755440e-01 -7.820291e-03 -1.122297e-02 -3.064777e-01 4.931078e-01 6.770256e-01 -1.221880e+00 3.039173e-01 3.611265e-01 1.302134e-01 9.891672e-01 -1.144656e+00 -6.764957e-02 -2.289116e-01 8.210131e-02 -2.674440e-04 
1.233872e+01 4.009960e+00 1.827813e+00 9.932163e+00 -7.915282e+00 -6.694591e+00 -3.045743e+00 -1.334923e+01 3.897855e+00 2.456159e+00 3.576977e+00 -2.914759e+00 7.211276e-01 -2.770093e-01 1.793838e+00 6.112995e-01 -5.532878e-01 2.627991e-01 1.061463e-01 6.753352e-01 2.099941e+00 -2.289841e+00 -3.844912e-01 -3.434242e-01 -2.861603e-01 -1.285935e-02 -2.991541e-01 4.619455e-01 7.876338e-01 -5.055299e-01 -8.757384e-03 7.376032e-01 -7.735176e-02 1.305853e-01 -5.012163e-01 -6.320854e-02 -6.372061e-01 7.526542e-02 -1.939089e-03 
1.220217e+01 6.590944e+00 2.550060e+00 9.134420e+00 -7.400156e+00 -7.072162e+00 -1.859596e+00 -1.032483e+01 -3.730130e-01 3.932811e+00 1.061691e+00 -2.771619e+00 7.084788e-01 -7.077520e-01 2.615916e+00 1.391233e+00 -1.322019e+00 6.420544e-01 1.195047e+00 4.898813e-01 2.610820e+00 -3.269209e+00 -8.331997e-01 -5.758148e-01 -3.170973e-01 -1.446091e-02 -3.771202e-01 5.261238e-02 7.603508e-01 -1.857510e-03 2.734721e-01 7.483826e-01 -4.151393e-01 -2.396930e-01 1.769574e-01 -3.176827e-01 -3.339719e-01 5.955880e-03 -4.598450e-03 
1.109647e+01 8.744639e+00 6.888028e+00 6.694870e+00 -1.016800e+01 -3.738578e+00 1.273392e+00 -1.074412e+01 -2.931617e+00 3.773330e+00 1.386271e-01 -5.406171e+00 6.883284e-01 -1.051548e+00 2.244248e+00 2.493075e+00 -7.863178e-01 6.755276e-01 1.931203e+00 -9.160028e-01 2.040514e+00 -2.227548e+00 -1.240309e+00 -8.135468e-01 -1.878086e-01 -1.923659e-02 -3.878099e-01 -5.185891e-01 2.721664e-01 6.969702e-01 6.192377e-01 1.801613e-01 -4.271948e-01 -2.710999e-01 8.262866e-01 -1.941936e-02 -1.263097e-01 -2.781611e-02 -8.578558e-03 
9.706267e+00 1.193559e+01 8.159136e+00 5.642364e+00 -6.408627e+00 -9.058145e-01 -1.325999e+00 -6.763056e+00 -6.133527e+00 -1.004643e+00 1.925114e+00 -4.115529e+00 6.751174e-01 -1.463282e+00 1.142545e+00 2.479859e+00 4.303418e-01 2.082259e+00 1.990266e+00 -1.305728e+00 1.107321e+00 -6.445517e-01 -1.900803e+00 -6.593263e-01 -2.721359e-02 -3.102780e-02 -3.474167e-01 -9.919204e-01 -3.346436e-01 9.172382e-01 2.782342e-01 -3.200979e-01 2.229387e-01 -2.727125e-01 1.127579e+00 6.571391e-01 1.385692e-02 -1.303544e-01 -1.444637e-02 
8.329375e+00 1.255849e+01 1.148847e+01 7.746861e+00 -5.033345e+00 -1.217180e-01 -7.892296e+00 -4.927188e+00 -4.360021e+00 -1.276794e+00 -9.222773e-01 -3.181696e+00 6.416330e-01 -1.838173e+00 -6.246264e-02 1.427793e+00 2.055164e+00 2.638858e+00 6.092255e-01 -5.629224e-01 1.496087e+00 5.293133e-01 5.224639e-02 -9.331759e-01 -5.701337e-01 -4.746703e-02 -2.966068e-01 -1.155980e+00 -9.239031e-01 5.590633e-01 -3.371432e-01 -5.860960e-01 7.596021e-01 -8.004797e-02 7.099341e-01 8.895945e-01 2.906967e-01 -3.922435e-02 -2.147410e-02 
6.269361e+00 1.039656e+01 1.264897e+01 1.076079e+01 4.435793e-01 1.070860e+00 -3.805199e+00 -7.696766e+00 -2.881962e+00 -3.046258e+00 -1.704283e+00 -4.020003e+00 5.766671e-01 -2.051608e+00 -1.190283e+00 2.506106e-01 1.843356e+00 1.051672e+00 2.554823e-01 1.428045e+00 1.519475e+00 9.903032e-01 1.806280e+00 -4.467749e-01 -7.776420e-01 -7.257559e-02 -3.078423e-01 -1.109715e+00 -1.283091e+00 -1.914795e-01 -9.988805e-01 -6.822689e-01 4.290948e-01 3.121153e-01 1.254359e-01 6.629466e-01 5.569270e-01 2.604229e-01 -2.862368e-02 
3.623598e+00 9.201721e+00 1.178203e+01 1.441136e+01 -3.999819e-01 -1.680521e+00 -3.014442e-01 -2.796817e+00 -1.910658e+00 5.055312e+00 -2.712229e+00 -8.304684e+00 5.002293e-01 -2.240520e+00 -2.369270e+00 -1.011752e+00 1.302504e+00 -4.949608e-01 -1.317389e-01 1.515119e+00 1.434168e+00 5.046882e-01 1.354179e+00 5.336576e-01 -8.651434e-03 -1.058312e-01 -2.393831e-01 -8.403731e-01 -1.273279e+00 -8.105710e-01 -9.026197e-01 -4.848340e-01 -2.942325e-01 1.831860e-01 -3.190591e-01 -3.228070e-01 5.831490e-01 6.591225e-01 -2.941807e-02 
1.801307e+00 7.662303e+00 9.265525e+00 1.152662e+01 -3.466880e+00 1.151069e+00 2.018944e+00 -2.309047e-01 -2.406931e+00 4.860965e+00 5.860531e-01 -5.442477e+00 3.829287e-01 -2.801272e+00 -3.252709e+00 -2.715836e+00 -1.506879e-01 -1.345201e+00 -1.050618e+00 -1.992776e-01 2.699002e+00 -5.134386e-03 7.630174e-01 1.392002e+00 9.940746e-01 -1.449593e-01 -2.645472e-02 -2.888174e-01 -9.669418e-01 -6.986989e-01 -1.060358e-01 -7.209784e-01 -8.731292e-01 -3.727629e-02 -5.965613e-01 -7.943017e-01 2.687445e-01 7.690399e-01 -1.630159e-02 
-6.390635e-01 2.079318e+00 8.121469e+00 1.387610e+01 -5.552619e+00 -8.205186e-01 -3.228964e+00 -1.489717e+00 -2.074243e+00 1.540596e+00 6.006538e-01 -2.513907e+00 2.093406e-01 -2.660351e+00 -3.233097e+00 -3.455446e+00 -1.000804e+00 -6.757374e-01 -1.161940e+00 -1.220388e+00 1.822168e+00 -5.682765e-01 -1.040196e+00 1.063298e+00 1.839622e+00 -1.583636e-01 3.604646e-01 4.816312e-01 -4.001789e-01 -6.241412e-01 3.602900e-01 -6.599888e-01 -6.520995e-01 -2.829255e-01 -4.399562e-01 -5.149515e-01 1.187303e-02 7.344983e-01 7.726885e-03 
-5.605385e+00 -2.305690e+00 9.001914e-01 1.027442e+01 -3.706119e+00 -4.612275e+00 -3.337723e+00 5.145224e+00 -2.825962e+00 2.526215e+00 3.599002e+00 -1.944918e+00 -2.685996e-03 -1.974049e+00 -2.202563e+00 -3.362259e+00 -4.984815e-01 6.119071e-01 -2.834304e+00 -1.569755e+00 1.139143e+00 -1.455927e+00 -9.679718e-01 6.320060e-01 2.143451e+00 -1.278237e-01 7.586648e-01 1.141219e+00 4.631881e-01 -1.965872e-01 5.237502e-01 -8.417688e-03 8.797782e-03 -7.146353e-01 6.254657e-03 -2.445455e-01 -7.442647e-02 3.746410e-01 3.111205e-02 
-5.974332e+00 -1.979539e+00 -1.312588e+00 1.003304e+01 -3.658755e+00 -4.608753e+00 -3.725175e+00 3.625852e+00 -4.542641e+00 1.021799e+00 1.097574e+00 -8.554464e-01 -9.878223e-02 -8.518413e-01 -4.860747e-01 -2.689501e+00 -1.644264e+00 3.279215e-01 -2.539896e+00 -1.060107e+00 7.994512e-01 -9.696862e-01 -3.551625e-01 9.730039e-01 3.089105e+00 -7.576711e-02 7.872767e-01 1.290295e+00 9.952488e-01 1.075316e-01 4.587894e-01 7.598431e-01 4.853014e-01 -3.544164e-01 4.133722e-01 2.600861e-01 -8.978011e-02 -2.753567e-01 3.898454e-02 
-5.401134e+00 -1.321356e+00 -2.828530e+00 1.095585e+01 -1.354174e+00 -1.112646e+01 -5.581486e+00 2.906804e+00 -8.452132e+00 2.802444e-01 3.497786e+00 4.445499e+00 -1.021201e-01 8.767290e-02 1.079824e+00 -7.829333e-01 -8.118666e-01 7.717630e-01 -4.036466e-01 -2.353449e-01 -3.626310e-01 2.268213e-01 -8.022749e-01 1.065078e+00 2.242541e+00 -3.070285e-02 5.979564e-01 9.773180e-01 1.073229e+00 1.531459e-01 2.310603e-01 1.585327e+00 7.018690e-01 -1.705826e-01 4.487556e-01 3.903046e-01 -1.899669e-01 -1.147679e+00 3.008372e-02 
-5.000237e+00 -8.434979e-01 -3.461991e+00 5.314517e+00 -5.089352e+00 -1.026254e+01 -7.407517e+00 3.626808e+00 -4.109540e+00 8.878218e-01 5.516400e+00 9.736624e+00 -1.197934e-01 2.451386e-01 1.577226e+00 2.311244e-01 -3.062472e-01 1.538320e+00 1.422045e+00 5.389065e-01 8.009849e-01 6.570298e-01 1.773421e-01 3.978350e-01 4.132914e-01 -1.200054e-02 2.547054e-01 4.012549e-01 7.968479e-01 3.446833e-01 1.725305e-01 1.212457e+00 5.683588e-01 -3.781381e-02 -1.245665e-01 4.611126e-01 -2.931726e-01 -1.611840e+00 1.628493e-02 
-5.654071e+00 2.525815e+00 -1.939472e+00 8.574455e+00 8.677799e-01 -3.803529e+00 -2.673122e+00 3.331348e+00 -1.908451e+00 -1.418196e+00 6.714898e+00 3.972036e+00 -1.457060e-01 4.673742e-01 1.652278e+00 5.435799e-01 -4.016432e-01 1.162069e+00 3.111375e+00 1.140084e+00 2.853132e-01 -2.558572e-02 7.173285e-01 -3.015041e-02 -2.257166e+00 -9.284849e-03 3.794678e-03 -1.769202e-01 2.770726e-01 9.142829e-02 -1.565880e-01 1.713855e-01 2.342113e-01 1.460967e-01 -6.180789e-01 3.816089e-01 -3.517838e-01 -8.517893e-01 6.393143e-03 
-4.622162e+00 3.982911e+00 -6.014015e-01 9.692326e+00 2.922059e+00 -1.159746e+00 -2.484957e+00 7.418544e+00 -4.529399e+00 2.757688e+00 1.478183e+00 1.447889e+00 -1.369748e-01 2.318796e-01 1.233909e+00 6.314610e-01 -1.259632e-01 9.954540e-01 1.764901e+00 1.093865e+00 2.862717e-01 -1.466362e+00 1.190677e+00 5.463275e-02 -2.720204e+00 -5.048832e-03 -1.861169e-01 -4.366587e-01 -1.217236e-01 7.794974e-02 -5.348747e-01 -7.030261e-01 -6.635311e-02 -3.519591e-01 -2.359569e-01 -3.394376e-03 -4.860710e-03 4.203192e-01 2.307442e-03 
-3.253258e+00 4.527019e+00 -1.540981e+00 6.758175e+00 4.504937e-01 -1.209355e-01 -2.342829e+00 2.437319e+00 -8.369925e+00 2.932019e+00 5.366186e+00 -2.695734e+00 -1.399437e-01 1.132523e-01 3.669750e-01 4.023527e-01 -4.449114e-01 2.602242e-01 2.817931e-01 6.581681e-01 6.250047e-01 -1.801722e+00 5.991161e-01 -5.223166e-01 -4.497105e-01 -2.211281e-03 -3.227168e-01 -4.134664e-01 -2.830290e-01 1.768398e-01 -4.705245e-01 -1.040753e+00 -5.338934e-01 -1.844047e-01 7.321473e-01 -3.119374e-01 -4.587561e-02 1.354934e+00 1.441565e-03 
-5.041316e+00 4.325527e+00 -5.039459e-01 5.592955e+00 9.647461e-02 -3.279232e+00 -2.103375e+00 5.505703e+00 -8.210479e+00 4.665972e+00 6.464211e+00 -5.304796e-01 -1.479196e-01 -5.082797e-01 3.657114e-02 -3.068703e-01 1.050064e-01 -6.851785e-01 -6.782761e-01 4.481191e-01 -1.128471e+00 3.652852e-01 2.195394e-01 6.197125e-01 1.611151e+00 -3.998532e-03 -2.143649e-01 -1.809450e-01 -2.488454e-01 3.392033e-03 -2.486158e-01 -5.013437e-01 -8.888639e-01 -9.947567e-02 1.428639e+00 -4.250749e-01 -6.614586e-02 9.896443e-01 8.356143e-04 
-4.878523e+00 4.189500e+00 2.339028e-02 8.399467e+00 3.582042e+00 -1.334642e+00 4.268054e-01 7.412329e+00 -9.076404e+00 6.230962e-01 1.610332e+00 2.712641e+00 -1.512926e-01 -7.761592e-01 1.836654e-01 -4.023723e-01 3.668818e-01 -3.503395e-01 -8.707981e-01 -1.206440e+00 7.080151e-02 2.719380e+00 -3.567587e-01 -5.419863e-01 2.351790e+00 -2.605869e-03 -1.671485e-01 -8.237674e-03 -1.451376e-01 -2.272332e-01 3.752108e-02 1.491054e-01 -6.384784e-01 -2.719446e-01 9.061890e-01 -2.524337e-01 1.450960e-01 -1.240618e-01 7.755065e-04 
-6.350885e+00 4.334543e+00 -2.917914e+00 9.396903e+00 -2.069818e+00 -3.944384e+00 -1.628793e+00 -7.113857e-01 -2.349552e+00 5.009792e+00 6.454559e+00 6.799425e+00 -1.512926e-01 -3.951672e-01 4.207639e-01 -2.104036e-01 -5.147585e-01 5.766854e-02 -1.654892e-01 -2.418122e+00 6.600902e-02 3.416291e+00 -4.568152e-01 -2.661867e-01 8.272922e-01 -6.735484e-04 -5.211908e-03 -3.569392e-02 -8.171634e-02 -5.159581e-01 2.584936e-01 5.672970e-01 -5.488716e-03 1.716737e-02 -4.919415e-01 -3.578384e-01 -3.614877e-01 -9.995984e-01 1.059800e-03 
-6.479065e+00 5.440791e+00 -2.345737e+00 6.690753e+00 -2.181322e-01 -4.142365e+00 -8.612203e+00 5.899172e+00 2.296211e+00 9.762788e-01 2.661090e+00 5.398377e+00 -1.512926e-01 -7.790926e-01 1.335660e-01 -3.715030e-01 -1.271333e+00 7.633628e-02 7.709004e-01 -1.101044e+00 -1.332055e+00 1.203686e+00 -3.249361e-01 6.460801e-01 -6.780897e-01 -4.278405e-07 6.338371e-02 -1.874803e-01 -1.699477e-01 -3.581880e-01 2.025687e-01 6.014385e-01 9.205112e-01 -3.546467e-01 -1.610437e+00 -4.937712e-01 -3.951708e-01 -1.039618e+00 5.886852e-04 
-6.216619e+00 5.803791e+00 -3.712150e-01 3.873433e+00 2.284548e+00 -2.702898e+00 -9.674453e+00 6.591925e+00 3.184205e+00 2.205638e+00 4.607690e+00 2.262984e+00 -1.512926e-01 -5.330378e-01 -1.169312e-01 -7.309378e-01 -1.655596e+00 3.940096e-01 1.337397e+00 3.679786e-01 -3.409690e-01 -1.336558e+00 -1.585669e+00 -1.781686e+00 -1.871886e+00 -4.278405e-07 1.035949e-01 -1.934179e-01 -1.930027e-01 2.213900e-01 3.915493e-01 4.543341e-01 1.080011e+00 -7.958723e-02 -1.377036e+00 -4.217519e-01 -6.799031e-01 -4.598350e-01 1.354403e-04 
-8.841463e+00 4.122466e+00 -3.107743e+00 4.804991e+00 1.786708e+00 1.898778e+00 -1.055648e+00 -2.899606e+00 -5.824839e+00 4.006622e-01 5.764365e+00 1.590434e+00 -1.512926e-01 -3.903565e-01 -4.850067e-01 -9.918801e-01 -8.536925e-01 4.942146e-01 1.384938e+00 2.002977e+00 -1.498834e+00 -2.956388e+00 -2.261226e+00 -1.760066e+00 -1.496764e+00 -4.278405e-07 2.692615e-01 3.683201e-02 1.079891e-01 5.303327e-01 3.347697e-01 1.155251e-01 4.191138e-01 6.776327e-01 5.323154e-02 2.061204e-02 -2.511227e-01 1.060495e-01 6.040441e-07 
-7.835039e+00 4.409025e+00 -6.191943e+00 2.061784e+00 -1.102143e+00 -2.782243e-01 -3.567599e+00 1.982654e+00 -4.971603e+00 -2.630768e+00 -4.005507e+00 -6.560620e-01 -1.512926e-01 -7.155287e-02 -2.371310e-01 -8.653159e-01 3.831589e-01 1.806320e+00 1.799196e+00 1.429944e+00 -2.487615e-01 -1.388834e+00 -1.597441e+00 -2.462664e+00 -1.062539e+00 -4.278405e-07 1.642302e-01 2.102168e-01 4.833314e-01 5.269276e-01 -6.557774e-02 4.123155e-02 -4.138109e-02 5.723545e-01 9.479256e-01 7.848110e-01 1.124149e+00 4.373410e-01 6.040441e-07 
-7.621658e+00 3.713209e+00 -4.394994e+00 3.328394e+00 3.946432e+00 1.570115e+00 -1.651039e+00 7.099775e-01 -8.407994e+00 -7.912043e+00 -1.832472e+00 -6.260056e-01 -1.512926e-01 3.364265e-01 3.777522e-01 2.356583e-01 3.611127e-01 1.043947e+00 1.117567e+00 4.636355e-01 2.010034e+00 1.495952e+00 -2.160011e-01 -2.690694e-01 -5.524950e-01 -4.278405e-07 -7.541026e-04 2.118905e-01 4.834510e-01 -3.314195e-02 -7.433110e-01 -3.635360e-01 -3.429240e-01 4.462664e-01 1.103742e+00 1.048074e+00 1.372524e+00 4.169239e-01 6.040441e-07 
-7.184247e+00 4.822986e+00 -4.054497e+00 6.527601e+00 1.023649e+01 6.457806e+00 -2.227274e+00 3.543620e+00 -2.468172e+00 -1.625134e+00 -3.907262e+00 -1.941347e+00 -1.512926e-01 -7.519031e-02 5.028066e-01 1.071831e+00 3.718267e-01 -2.088295e-01 1.677259e+00 9.307780e-01 7.662873e-01 1.176869e+00 1.315773e+00 3.093516e+00 -1.572411e-01 -4.278405e-07 -1.412659e-01 -7.414860e-02 1.485946e-01 -5.468169e-01 -1.077151e+00 -6.129041e-01 -9.840966e-02 -2.062129e-01 4.163865e-01 5.464860e-01 9.401641e-01 3.364777e-01 6.040441e-07 
-7.484730e+00 5.804575e+00 -2.998330e+00 4.377812e+00 1.336924e+00 4.118820e+00 5.924150e-01 6.369613e+00 4.032577e-01 -1.182203e+00 4.369624e+00 -5.292893e-01 -1.512926e-01 -3.923512e-01 2.045402e-01 4.566634e-01 -1.013579e+00 -2.214753e+00 -3.718016e-01 5.379161e-01 2.251196e-01 1.279335e+00 1.522570e+00 2.324448e+00 1.352284e-01 -4.278405e-07 -1.088786e-01 -3.522178e-01 -2.534325e-01 -3.710991e-01 -3.287178e-01 -2.986193e-01 4.124574e-02 -5.348714e-01 -1.763663e-01 9.800400e-02 -5.489659e-01 -4.682750e-03 6.040441e-07 
-8.279296e+00 5.877489e+00 -1.530817e+00 3.396331e+00 -8.414686e-01 6.833813e+00 -3.541834e-02 2.984254e+00 -3.492717e+00 5.833874e-01 8.361069e+00 -1.490500e+00 -1.512926e-01 -4.134718e-01 -5.212221e-01 -2.328803e-01 -1.663631e+00 -1.949971e+00 -5.205025e-01 9.008181e-01 -3.873603e-01 8.015456e-01 2.657271e-01 9.413798e-01 2.760607e-01 -4.278405e-07 1.084621e-01 -2.294019e-01 -2.655583e-01 -9.762621e-02 4.801988e-01 -1.234645e-01 7.466984e-03 8.504917e-02 6.570616e-02 -6.233897e-02 -1.453838e+00 -2.275055e-01 6.040441e-07 
-9.035826e+00 4.208708e+00 -3.373205e+00 -1.744704e-01 -1.588573e+00 -4.769873e-01 -5.735543e-02 2.115086e+00 -1.499075e+00 -1.403668e+00 3.655920e+00 -1.751589e-01 -1.512926e-01 -3.905063e-02 -8.713356e-01 -3.791238e-01 -4.768474e-01 2.710600e-01 7.234503e-01 6.848266e-01 -8.735057e-02 8.017544e-01 7.990298e-01 -1.937856e+00 -7.924178e-01 -4.278405e-07 1.809697e-01 1.216523e-02 -9.212701e-02 2.326694e-01 8.700451e-01 4.155844e-01 -3.421827e-02 3.224051e-01 -8.737450e-02 7.924607e-02 -7.956160e-01 -1.785678e-01 6.040441e-07 
-8.475940e+00 3.014650e+00 -5.031444e+00 4.848257e-01 1.949198e+00 6.153010e+00 2.601667e+00 3.734378e+00 2.490692e+00 -1.862537e-01 1.156967e+00 -7.381965e-01 -1.512926e-01 2.903132e-01 -1.062511e-01 1.619577e-01 -3.845420e-01 9.493211e-01 5.123295e-01 8.946280e-01 1.347712e+00 1.744081e+00 1.365851e+00 -2.044513e+00 -8.308350e-01 -4.278405e-07 1.164680e-01 2.567609e-01 -5.319671e-02 2.196165e-01 3.266699e-01 1.199597e-03 -1.551251e-01 2.794798e-01 -4.610100e-01 1.558306e-01 1.541960e-01 1.901626e-01 6.040441e-07 
-7.581721e+00 2.879407e+00 -3.143616e+00 3.449342e+00 1.296821e+00 8.076472e+00 2.698067e+00 5.557816e+00 1.420630e+00 3.197391e+00 -1.717399e+00 -4.867238e+00 -1.512926e-01 1.606563e-01 5.783427e-02 -2.013357e-01 -4.898278e-01 6.857198e-01 1.189695e+00 3.697943e-01 9.696804e-01 3.711285e-01 1.368744e+00 -1.606317e-01 -2.042467e-01 -4.278405e-07 -1.449142e-02 2.460016e-01 -2.349246e-01 -2.207535e-02 -3.515111e-01 -4.885607e-01 -9.230365e-02 -6.108099e-02 -7.816864e-01 -2.215018e-01 9.010037e-01 6.824822e-01 6.040441e-07 
-7.555096e+00 6.010379e+00 -8.357731e-01 -3.381364e-01 2.462249e+00 5.118504e+00 3.060183e+00 8.001814e+00 3.767925e+00 5.112131e+00 8.251092e-01 -3.298351e+00 -1.512926e-01 6.901638e-02 2.980397e-01 -5.878777e-01 -5.590569e-01 -5.240352e-01 -7.475913e-01 2.827210e-01 4.816135e-01 -1.288143e+00 7.599249e-01 8.237008e-01 9.327548e-01 -4.278405e-07 -5.265569e-02 -2.618907e-03 -3.453734e-01 1.649219e-01 -5.124478e-01 -4.473266e-01 -4.161594e-02 -3.887412e-01 -8.759648e-01 -4.418763e-01 6.193335e-01 5.776803e-01 6.040441e-07 
-8.693124e+00 2.999754e+00 -6.477733e+00 -2.212575e+00 1.583424e+00 5.988679e+00 1.562282e+00 4.829684e+00 -2.822550e-01 2.790617e+00 3.018684e+00 8.344560e-02 -1.512926e-01 -6.815607e-04 1.565768e-01 -1.178833e+00 -4.999237e-01 -7.499792e-01 -1.089358e+00 5.293326e-01 4.012959e-02 -1.590530e+00 -5.612860e-03 1.133159e+00 1.738316e+00 -4.278405e-07 -6.713006e-03 -9.196129e-02 -2.238359e-01 2.874349e-01 -3.532613e-01 -3.386112e-01 7.979972e-02 -2.815433e-01 -4.419039e-01 -3.966586e-01 7.130367e-02 2.734608e-01 6.040441e-07 
-7.575254e+00 4.444697e+00 -6.304046e+00 5.203382e-01 -8.145023e-01 3.459146e+00 4.583421e+00 6.506347e+00 -3.098788e+00 3.817236e+00 2.907075e+00 1.449972e+00 -1.512926e-01 1.077375e-01 -1.685841e-01 -1.076192e+00 4.449705e-01 -8.951369e-01 -5.848277e-01 6.067495e-01 -1.314414e-01 -1.655015e+00 -1.563462e-01 4.052111e-01 1.086331e+00 -4.278405e-07 1.862370e-02 -1.258731e-01 -8.742027e-02 2.953092e-01 -8.873732e-02 8.298659e-02 7.255861e-02 -1.397901e-01 -7.981554e-02 -1.983339e-01 -1.564563e-01 -3.447091e-02 6.040441e-07 
