-7.377879e+00 5.920235e+00 -1.646357e+00 4.241242e-01 3.488181e+00 -5.071584e-01 4.713187e+00 8.141839e+00 9.905575e+00 -3.549322e+00 -3.018032e+00 2.433928e+00 -1.512926e-01 1.860988e-01 -2.711008e-01 2.749728e-01 -1.800572e-01 -5.693072e-01 8.656040e-01 6.385577e-01 -1.381920e+00 4.443412e-01 1.715597e+00 1.423435e+00 1.097480e+00 3.688447e-07 -2.434800e-02 8.057227e-02 1.897305e-02 2.014243e-01 2.188010e-02 -1.191322e-03 -8.522250e-03 3.198274e-01 -3.311276e-01 -2.090621e-01 -5.893786e-02 -2.101302e-01 3.138049e-07 
-7.290893e+00 5.215387e+00 -2.866208e+00 -1.006598e+00 3.565491e+00 4.198722e+00 7.785642e+00 5.008569e+00 9.829766e+00 -8.174676e-01 1.201634e+00 1.533586e+00 -1.512926e-01 1.849577e-01 6.526154e-02 6.487282e-01 1.423736e-01 -6.721310e-01 9.211320e-01 7.155731e-01 -7.710036e-01 -6.361113e-02 1.557231e+00 1.671747e+00 6.676555e-01 3.688447e-07 -6.644538e-02 5.524289e-02 -1.169729e-01 2.776256e-01 2.905415e-01 3.805677e-02 -2.559339e-01 4.116567e-01 -5.125797e-01 -4.039418e-01 -3.617364e-01 -4.853134e-01 3.138049e-07 
-6.491228e+00 4.917453e+00 3.385416e-01 2.389988e-01 6.033764e-01 1.467870e+00 6.370003e+00 2.798815e+00 1.216489e+01 3.662664e+00 1.989641e+00 8.371482e+00 -1.512926e-01 6.491514e-02 -3.619067e-02 1.830478e-01 6.658638e-01 -4.084456e-01 8.319439e-01 5.575290e-01 -8.823463e-02 -9.572728e-01 7.494942e-01 1.004833e+00 2.617290e-01 3.688447e-07 -1.563240e-01 1.152119e-02 -2.355583e-01 1.978851e-01 5.332211e-01 6.572988e-02 -2.453023e-01 5.080605e-01 -5.363871e-01 -5.611831e-01 -5.423983e-01 -7.799091e-01 3.138049e-07 
-6.896783e+00 6.747684e+00 6.046654e-01 1.228620e+00 1.570323e+00 3.110902e+00 7.463002e+00 6.958291e+00 8.457465e+00 6.307663e-01 2.836932e+00 2.803481e+00 -1.512926e-01 -8.548036e-02 -1.122798e-01 -2.639811e-01 7.850060e-01 8.029985e-01 1.072640e+00 -6.007604e-01 2.958252e-02 -1.417631e+00 1.788495e-01 -1.757031e-01 -9.111854e-01 3.688447e-07 -1.271192e-01 -7.409668e-02 -2.844988e-01 -1.103283e-01 3.087333e-01 -5.778408e-02 -2.750543e-01 1.751975e-01 -2.041168e-01 -3.668436e-01 -4.020438e-01 -3.224273e-01 3.138049e-07 
-7.250452e+00 4.972821e+00 -2.466788e+00 2.636029e+00 2.443352e+00 4.196461e+00 7.662487e+00 6.725758e+00 5.805271e+00 -5.256321e-01 1.188519e+00 3.107910e+00 -1.512926e-01 -4.602139e-01 -1.246594e-01 -4.463776e-01 4.879864e-01 1.359388e+00 1.118391e+00 7.001930e-02 7.582058e-01 -1.560555e+00 -4.010639e-01 -3.649320e-01 -2.012632e+00 3.688447e-07 -2.896901e-02 9.444638e-02 -3.861399e-02 -4.410002e-01 -1.179723e-01 -3.272140e-01 -2.372256e-01 4.049505e-02 2.527549e-01 -2.232504e-02 -1.817576e-01 1.121097e-01 3.138049e-07 
-7.338201e+00 4.626550e+00 -2.783133e+00 1.720002e+00 6.660464e+00 8.197943e+00 4.135258e+00 3.192867e+00 5.922027e+00 2.171111e+00 7.242135e-01 -3.906756e-01 -1.512926e-01 -1.879501e-01 -2.609355e-01 -4.590945e-01 -3.202639e-01 -1.243375e-02 4.889241e-01 -4.159616e-01 -3.181645e-01 -7.824783e-01 2.981963e-01 3.464974e-01 1.927407e-01 3.688447e-07 6.451399e-02 1.322807e-01 8.932718e-02 -4.347957e-01 -6.592816e-01 -5.927619e-01 5.089941e-02 3.971642e-02 3.993279e-01 1.567681e-01 5.856832e-02 5.866696e-01 3.138049e-07 
-8.571654e+00 5.354687e+00 -1.998076e-01 2.433534e+00 4.855134e+00 4.516591e+00 8.384096e+00 8.472536e+00 5.630413e+00 8.870344e-01 1.221571e+00 -9.487678e-02 -1.512926e-01 -2.865414e-02 5.103227e-01 8.761061e-02 -9.865242e-01 -5.906845e-01 -5.123710e-01 -7.207746e-01 2.881440e-01 -1.105946e-02 5.781978e-01 -1.651814e-01 2.702962e-01 3.688447e-07 1.803165e-01 6.163228e-02 8.081578e-02 -2.695909e-01 -6.924576e-01 -4.042144e-01 6.721770e-02 -8.408525e-02 2.603847e-01 1.219964e-01 -5.696424e-02 6.854824e-01 3.138049e-07 
-7.176055e+00 5.251860e+00 -2.823967e+00 -2.715815e-01 3.027268e-01 5.395323e+00 5.022357e+00 4.494074e+00 4.632728e+00 1.415530e+00 4.553024e+00 5.368378e+00 -1.512926e-01 2.132554e-02 2.316311e-01 -8.424906e-02 -6.516108e-01 -1.518323e+00 -1.075861e+00 4.937992e-02 4.631145e-01 -1.956277e-01 4.730399e-01 1.724886e-02 8.805950e-01 3.688447e-07 1.274983e-01 -1.166323e-03 3.667135e-02 1.004051e-01 -1.024840e-01 -9.083510e-02 2.742457e-01 3.611527e-02 2.103606e-01 -5.742912e-02 -1.577706e-01 7.088907e-02 3.138049e-07 
-7.475167e+00 7.211283e+00 -2.008698e+00 -1.300970e+00 2.668696e+00 3.035743e+00 3.615057e+00 7.515603e+00 6.394586e+00 2.743382e+00 -1.551668e+00 1.580270e+00 -1.512926e-01 3.367225e-01 -6.266084e-02 -2.298272e-01 -6.942970e-01 -1.350013e+00 -1.202419e-01 1.734073e-01 -5.280172e-02 -5.518742e-01 1.214074e-01 -4.852033e-01 1.070877e+00 3.688447e-07 6.557682e-02 -1.666060e-01 -3.429074e-02 2.881557e-01 2.796355e-01 2.181279e-01 3.412496e-01 -1.332361e-01 3.717917e-01 -1.874181e-01 1.356153e-01 -5.277292e-02 3.138049e-07 
-7.779619e+00 4.855933e+00 -2.299698e+00 3.295046e-01 1.621373e-01 3.559027e+00 6.766407e+00 5.986737e+00 4.561346e+00 3.607945e+00 2.196873e+00 3.174995e+00 -1.512926e-01 2.667737e-01 1.976908e-02 -1.170707e-01 3.571396e-02 -1.451470e-01 -1.613654e-01 5.082238e-01 3.298320e-02 5.396707e-01 2.394955e-01 -2.822152e-01 1.469739e-01 3.688447e-07 -2.952730e-03 -5.926416e-02 9.040799e-02 1.747276e-01 6.205143e-01 1.640994e-01 1.371061e-01 -3.342584e-02 6.425645e-01 -2.147536e-01 1.977914e-02 -3.842890e-01 3.138049e-07 
-6.586226e+00 5.239556e+00 -1.610686e+00 -1.338909e+00 -1.824727e+00 4.833613e+00 8.378965e+00 7.461995e+00 2.906837e+00 3.982098e-01 -2.601936e-02 6.356205e+00 -1.512926e-01 1.765136e-01 -2.167514e-01 -6.753544e-02 1.106097e-01 1.209567e-01 1.209765e-01 7.560874e-01 -1.630496e-01 1.480218e+00 -2.420111e-01 6.626344e-01 3.733278e-01 3.688447e-07 -1.306774e-01 -3.607979e-02 2.284480e-01 6.802823e-02 3.556104e-01 -1.445786e-01 1.047168e-01 -4.778177e-02 4.664474e-01 -3.736371e-02 1.158791e-01 -6.575372e-01 3.138049e-07 
-6.286733e+00 6.336376e+00 -3.608257e+00 -7.411442e-02 1.823441e+00 3.689848e+00 5.181432e+00 4.685530e+00 9.075001e+00 3.785782e+00 2.378923e+00 3.715200e+00 -1.512926e-01 8.670992e-02 1.222055e-02 2.867208e-01 -1.805030e-01 8.488485e-01 -3.760886e-01 4.434391e-01 3.512211e-01 2.001202e+00 -4.190288e-01 -4.578468e-01 -6.919333e-01 3.688447e-07 -1.685697e-01 -2.216009e-03 3.562541e-01 6.529692e-04 -7.554000e-02 -3.361179e-01 -1.042068e-01 2.263529e-02 -1.931023e-01 -1.008003e-01 -1.260409e-01 -4.615701e-01 3.138049e-07 
-7.339345e+00 5.387205e+00 -1.691884e+00 -5.458413e-01 2.443066e+00 3.575415e+00 8.187178e+00 7.350950e+00 1.153850e+01 1.444258e+00 1.670136e+00 3.176956e+00 -1.512926e-01 -2.266330e-01 -2.393970e-01 7.106171e-01 -2.461483e-01 -6.902068e-02 -7.358264e-01 7.291416e-01 -4.510105e-01 1.049889e+00 2.638683e-01 1.820350e-01 -1.797438e+00 3.688447e-07 -8.252649e-02 1.356580e-01 1.893699e-01 1.403845e-01 -1.182472e-01 -2.795251e-01 -2.964000e-01 1.504368e-02 -8.073894e-01 -6.698408e-02 -2.339067e-01 -5.261934e-02 3.138049e-07 
-6.969653e+00 4.843189e+00 -8.254566e-01 -9.700297e-01 2.272411e+00 2.307893e+00 9.079408e+00 7.798610e+00 1.025142e+01 9.900888e-01 -9.404640e-01 1.304871e+00 -1.512926e-01 -3.746322e-01 1.997038e-02 1.275126e+00 2.172693e-01 -4.278883e-01 -1.413581e+00 6.480598e-04 2.898992e-01 -2.105009e-01 -5.174356e-01 -6.720040e-01 -1.075427e+00 3.688447e-07 4.625724e-03 1.132038e-01 -1.616240e-01 2.393502e-01 -5.872289e-02 9.151538e-02 -2.929385e-01 -1.684203e-01 -8.755415e-01 -4.770799e-02 -3.813896e-02 5.679329e-01 3.138049e-07 
-7.377498e+00 4.788700e+00 5.511590e-01 -2.121921e+00 -2.394530e+00 1.845640e+00 1.007619e+01 3.650970e+00 7.568235e+00 3.115016e+00 2.543659e+00 -1.425579e+00 -1.512926e-01 -5.490041e-03 4.575837e-01 3.850647e-01 6.135928e-01 1.681608e-01 -7.579182e-01 -5.046344e-01 -5.718970e-02 -1.450777e+00 -5.277339e-01 -3.998965e-01 3.020849e-01 3.688447e-07 9.602927e-02 8.440591e-02 -4.197693e-01 1.858257e-01 2.760613e-01 3.227301e-01 -3.338167e-01 -9.036293e-02 -2.417496e-01 1.550233e-01 -1.356812e-01 8.718662e-01 3.138049e-07 
-8.140537e+00 6.735819e+00 1.645693e+00 1.799994e+00 2.102616e+00 -2.513268e+00 4.240452e+00 7.985541e+00 1.000739e+01 3.630984e-01 -1.417885e+00 6.391280e-01 -1.512926e-01 -6.974682e-04 2.297188e-01 -3.585705e-01 5.863985e-01 4.364893e-01 9.254083e-02 -4.043041e-01 -6.878515e-01 -1.126118e+00 -2.616924e-01 -3.574859e-01 1.097931e+00 3.688447e-07 1.076742e-01 -1.183204e-01 -3.511039e-01 -6.458131e-02 -3.072492e-02 4.212421e-01 -1.214316e-01 -2.320730e-01 2.876341e-01 5.607351e-01 2.357385e-01 5.090199e-01 3.138049e-07 
-6.781564e+00 6.729228e+00 -1.002403e+00 1.137200e+00 3.369066e+00 2.196568e+00 8.083907e+00 6.971519e+00 4.406408e+00 -8.808507e-01 -9.054988e-02 5.019618e+00 -1.512926e-01 6.651266e-02 7.774177e-02 -5.713665e-01 4.983514e-01 8.790281e-01 1.248575e-01 -7.374008e-01 -4.139321e-01 2.988679e-01 9.110644e-01 -6.535506e-01 1.475225e+00 3.688447e-07 1.668655e-02 -2.647288e-01 -2.300976e-02 -2.239312e-01 -3.763692e-01 1.377085e-01 -2.414288e-01 -6.014247e-02 5.937451e-01 5.405866e-01 2.313358e-01 -4.825769e-02 3.138049e-07 
-7.271054e+00 5.021598e+00 -1.842078e+00 3.322472e-01 1.573186e+00 2.594965e+00 8.054401e+00 2.698910e+00 6.201468e+00 1.679550e+00 -1.411065e+00 3.571616e+00 -1.512926e-01 1.277891e-01 -3.818126e-01 -2.134295e-03 -4.798653e-02 -9.369772e-01 2.512136e-01 -4.903015e-01 -6.921297e-01 3.528361e-01 1.566842e+00 6.333355e-01 8.829622e-01 3.688447e-07 -1.011529e-02 -1.985073e-01 1.197250e-01 -2.560896e-01 -3.855797e-01 3.467331e-02 -2.316213e-01 2.083865e-01 2.022145e-01 2.804840e-01 3.691854e-01 -4.062816e-01 3.138049e-07 
-7.479745e+00 6.034487e+00 -5.612103e-01 1.103831e+00 2.265539e+00 -8.389759e-02 4.482272e+00 4.224643e+00 1.096579e+01 7.012389e+00 -7.279855e-01 4.484120e+00 -1.512926e-01 1.368025e-02 -5.602598e-01 9.172846e-02 -1.888619e-01 -1.026839e+00 -1.486776e-01 -1.668657e+00 -3.557914e-01 7.784905e-01 1.260980e+00 2.611907e-01 1.681664e-01 3.688447e-07 -7.735096e-02 -1.574326e-01 9.583486e-03 -1.291602e-01 -1.454204e-01 8.417862e-02 6.647596e-02 1.743215e-01 -4.467223e-01 -1.484920e-01 4.765199e-01 -5.454551e-01 3.138049e-07 
-7.152782e+00 5.174081e+00 1.414771e+00 1.576929e+00 -2.030601e+00 -1.172386e-01 3.589400e+00 5.897971e+00 8.492326e+00 4.250439e+00 2.067288e+00 5.322086e+00 -1.512926e-01 -2.488855e-02 -4.439118e-01 -9.151586e-02 -3.503559e-01 -5.383537e-01 4.027214e-01 -1.096488e+00 3.250030e-01 -3.548409e-01 9.657602e-01 1.030894e+00 -2.799196e-01 3.688447e-07 -9.722130e-02 -5.273834e-04 -1.001528e-01 8.843306e-02 3.918107e-01 6.761749e-02 3.302884e-01 1.311564e-01 -3.139748e-01 -1.852163e-01 1.299981e-01 -5.505539e-01 3.138049e-07 
-6.772026e+00 3.851833e+00 -2.171564e+00 -4.292808e-01 3.672346e-02 2.809420e+00 1.973635e+00 3.593185e+00 7.153225e+00 4.138721e+00 -5.233765e-01 4.985487e+00 -1.512926e-01 -2.438635e-01 -6.783187e-01 -4.787149e-01 3.838674e-03 -4.735321e-02 4.700417e-01 -1.019755e-01 -5.071743e-02 -1.580669e+00 4.691494e-01 1.530433e+00 -6.706281e-01 3.688447e-07 -7.980010e-02 1.433252e-01 5.801739e-02 2.005067e-01 2.664843e-01 6.729695e-02 5.402009e-01 7.306077e-03 -1.274009e-02 -2.388902e-01 1.127669e-01 -2.340886e-01 3.138049e-07 
-7.749098e+00 3.893139e+00 -1.494286e+00 -6.528026e-01 -4.222153e-03 3.162044e+00 3.826088e+00 4.639929e+00 6.333164e+00 7.944895e+00 3.641727e+00 1.921577e+00 -1.512926e-01 -2.295999e-01 -3.253496e-01 -2.177158e-01 2.978492e-01 5.323485e-01 2.799478e-01 3.776989e-01 -1.889387e-01 -3.754777e-02 1.036705e+00 6.487134e-01 -1.450354e+00 3.688447e-07 -3.520737e-02 2.640391e-01 1.584992e-01 2.275966e-01 2.087471e-01 -2.074041e-01 3.168546e-01 -1.381998e-01 3.478122e-01 -4.206421e-01 -3.945288e-01 4.410486e-02 3.138049e-07 
-8.400733e+00 3.283648e+00 -1.500857e+00 2.237895e+00 1.015409e+00 6.267172e-01 3.853669e+00 4.599897e+00 4.141909e+00 7.510334e+00 6.136908e+00 2.831335e+00 -1.512926e-01 -2.828887e-01 9.706600e-02 4.450158e-01 4.894352e-01 -2.298823e-01 2.492731e-01 2.951414e-01 -6.223587e-02 5.562437e-01 3.089604e-02 1.016326e+00 -4.171072e-01 3.688447e-07 2.186208e-02 3.200376e-01 1.098964e-01 4.495810e-02 2.022860e-01 -2.058014e-01 1.505399e-01 -8.608048e-02 2.374953e-01 -5.166903e-01 -7.191890e-01 1.536990e-01 3.138049e-07 
-7.486612e+00 3.831180e+00 -9.249805e-03 1.732800e+00 1.418076e-01 2.373728e+00 4.538076e+00 4.449865e+00 9.810399e+00 7.748362e+00 1.980722e+00 -8.528122e-01 -1.512926e-01 -1.814459e-01 4.884823e-01 2.391233e-01 5.448269e-01 5.964804e-01 -5.239394e-01 2.890260e-01 -3.602891e-01 3.157241e-01 -9.183859e-01 -6.846301e-01 -1.861316e-01 3.688447e-07 -1.982318e-03 1.592531e-01 -6.597206e-02 -5.531831e-02 1.767625e-01 -2.698377e-01 -1.184647e-01 1.455704e-02 -1.332684e-01 -5.450643e-01 -4.133541e-01 1.135227e-01 3.138049e-07 
-8.317562e+00 4.368165e+00 -6.893439e-01 8.250006e-01 -1.185632e+00 4.449909e+00 3.093574e+00 3.376665e+00 8.195178e+00 4.391797e+00 5.388773e+00 4.287183e+00 -1.512926e-01 -1.587383e-01 5.149525e-01 -1.576437e-01 1.052600e-01 9.319394e-01 -1.570366e-01 6.949337e-01 -3.953929e-01 -5.698636e-01 -1.136826e+00 -1.398811e+00 -5.342296e-01 3.688447e-07 3.295251e-02 -6.264141e-02 -8.704790e-02 -7.948077e-02 1.783205e-01 -2.027385e-01 -2.190117e-01 2.588999e-01 -5.111869e-02 -7.142922e-02 -2.999470e-01 -2.006083e-01 3.138049e-07 
-8.697937e+00 5.793679e+00 -7.043633e-01 2.777730e+00 4.078886e+00 -1.369220e+00 5.651600e+00 3.449767e+00 5.885506e+00 4.912541e+00 5.925293e-01 2.629064e-01 -1.512926e-01 -3.017167e-01 2.619258e-01 -2.462986e-01 2.134800e-01 8.352095e-01 -8.662127e-01 -4.144327e-01 5.053510e-02 -1.408097e-01 -1.104672e+00 -2.106676e-01 -8.241610e-01 3.688447e-07 7.712934e-02 -2.042577e-01 -5.225925e-02 -1.838644e-01 -2.653396e-01 3.038896e-01 -1.359368e-01 3.067368e-01 1.743341e-01 2.362404e-01 1.325790e-01 3.648733e-02 3.138049e-07 
-8.588441e+00 4.877026e+00 -1.941581e+00 2.242009e+00 3.706367e+00 1.713124e+00 6.771539e+00 3.123247e+00 3.254893e+00 3.244062e+00 -1.634746e-01 -3.977371e-01 -1.512926e-01 -5.786601e-02 -1.029196e-01 2.524457e-01 2.576150e-01 5.423117e-01 -5.932747e-01 -4.480673e-01 1.026860e+00 5.289055e-01 -2.329714e-01 -7.204039e-01 -1.101129e+00 3.688447e-07 9.718452e-02 -1.961797e-01 1.890549e-02 -1.737712e-01 -3.719702e-01 2.628607e-01 3.894914e-02 2.171947e-01 4.697173e-01 3.629890e-01 5.553199e-02 3.105648e-01 3.138049e-07 
-8.859701e+00 4.886253e+00 -6.147166e-01 2.091624e+00 1.872118e+00 -5.888155e-01 6.266302e-01 4.829297e+00 1.157668e+01 2.798101e+00 3.703635e+00 -2.631136e+00 -1.512926e-01 1.539201e-01 -2.237967e-01 -2.272838e-01 -4.506628e-01 -5.352584e-01 1.213699e+00 1.810515e-01 4.622369e-01 6.379749e-01 -1.891460e-01 -3.610471e-01 2.797652e-01 3.688447e-07 7.005920e-02 -2.658698e-02 1.171581e-01 -1.031626e-01 -2.344548e-01 2.783890e-01 3.008660e-01 2.618778e-02 7.359742e-02 2.715938e-01 -2.677618e-01 4.113128e-01 3.138049e-07 
-8.525871e+00 4.307084e+00 5.286300e-01 2.455932e+00 2.629182e+00 1.093208e+00 3.365541e+00 7.821237e+00 7.993760e+00 4.284183e+00 2.310534e-01 2.283835e-01 -1.512926e-01 9.937602e-02 -2.229916e-01 -7.262219e-02 -4.314930e-01 -2.426507e-01 1.173194e-01 5.921191e-01 4.848350e-01 1.389280e+00 2.203863e-01 -1.045929e+00 4.666650e-01 3.688447e-07 2.264766e-02 1.359774e-01 9.159013e-02 -4.006930e-02 -2.114787e-02 -2.419882e-02 1.263921e-01 -2.148459e-01 -2.132381e-01 1.219548e-01 1.996061e-01 2.264341e-01 3.138049e-07 
-7.960078e+00 4.959639e+00 -3.075540e+00 4.172677e-01 1.941124e+00 5.009077e+00 8.259018e+00 3.411824e+00 6.705567e+00 3.446979e+00 -1.410015e+00 1.348810e+00 -1.512926e-01 -2.990934e-02 1.891580e-01 5.020601e-01 4.228963e-02 5.547057e-02 1.704592e-01 5.699509e-01 4.523639e-01 -2.029935e-01 2.643341e-02 -1.386671e+00 4.485161e-01 3.688447e-07 4.034612e-02 2.822033e-01 1.930852e-01 7.886420e-02 1.958708e-01 -3.682785e-01 2.824873e-01 1.241582e-02 -2.028547e-01 2.393977e-01 4.576187e-01 -2.094237e-01 3.138049e-07 
-8.541514e+00 3.725277e+00 -1.074214e+00 9.214486e-01 2.458528e+00 -4.995295e-01 5.915229e+00 6.256168e+00 1.263634e+01 4.021986e+00 -2.836507e+00 -5.446925e-02 -1.512926e-01 1.471876e-01 3.705240e-01 3.458240e-01 -1.893077e-01 1.411732e-01 -1.926372e-01 -1.062716e-02 -4.248998e-02 -1.167294e-01 2.690175e-01 7.905136e-01 -5.334028e-02 3.688447e-07 1.180715e-01 2.616659e-01 -1.905804e-02 -3.084999e-02 6.619113e-02 -6.704406e-02 4.620709e-01 6.381457e-03 -3.147206e-01 2.542702e-01 7.122913e-01 -2.335357e-01 3.138049e-07 
-9.001245e+00 6.122812e+00 2.697046e+00 3.070731e+00 2.234901e+00 1.059867e+00 2.200702e+00 7.874148e+00 8.240553e+00 3.061665e+00 -1.695943e+00 -2.466993e-01 -1.512926e-01 3.315876e-01 8.904666e-01 5.289472e-01 -1.773823e-01 2.521223e-01 -4.726655e-01 1.894884e+00 7.879344e-01 3.764914e-01 9.836107e-01 1.008718e+00 -5.072880e-01 3.688447e-07 1.534222e-01 1.676962e-02 -2.983805e-01 -1.525799e-01 -7.334048e-02 2.341887e-02 2.015551e-01 -4.753845e-02 2.150073e-01 2.857600e-01 5.714054e-01 -8.155367e-02 3.138049e-07 
-7.268764e+00 5.578357e+00 -6.287972e-01 1.832327e-01 3.188104e+00 2.104457e+00 6.341780e+00 5.377558e+00 6.643039e+00 5.821791e+00 4.326381e+00 7.599583e-01 -1.512926e-01 5.090269e-01 7.346649e-01 -1.813819e-01 -4.758509e-01 -1.001550e-02 1.035867e-01 2.240020e+00 3.489174e-01 -4.742507e-01 1.013133e+00 1.317894e+00 -2.231057e-01 3.688447e-07 -6.187435e-03 -2.162150e-01 -2.360987e-01 1.109570e-02 -5.711908e-02 1.512779e-01 -3.657939e-01 5.262181e-03 2.965834e-01 -1.804388e-01 -9.704386e-02 2.812619e-01 3.138049e-07 
-6.938369e+00 8.485194e+00 -6.536731e-01 -1.001691e-01 2.837060e+00 1.343831e+00 1.752000e+01 7.790952e+00 1.158498e+01 7.465646e+00 5.215176e-02 -1.594663e+00 -1.512926e-01 5.561538e-01 9.092654e-02 -7.263914e-01 -5.773838e-01 -2.354927e-01 1.394112e-01 4.526122e-01 1.905138e-02 1.050881e+00 1.083276e+00 1.206850e+00 1.256687e-01 3.688447e-07 -1.633479e-01 -4.131452e-01 -1.208571e-01 1.793591e-01 2.545431e-02 1.932311e-02 -1.222422e+00 -4.177268e-01 -7.251663e-02 -6.657891e-01 -1.958007e-01 5.269579e-01 3.138049e-07 
-7.028026e+00 6.217730e+00 -3.058816e-01 1.279236e-01 2.107483e+00 -1.234547e-01 9.455286e+00 8.042281e+00 8.593035e+00 6.885623e+00 2.879428e+00 -4.962060e-01 -1.512926e-01 3.980996e-03 -3.108564e-01 -2.069368e-01 6.614037e-02 9.938591e-02 2.577814e-01 -1.118465e+00 3.682245e-01 1.029067e+00 -6.830106e-01 2.063159e-01 1.036495e+00 3.688447e-07 -2.156577e-01 -1.451102e-01 1.332014e-01 3.388401e-01 -9.398452e-04 3.246516e-02 -8.279807e-01 -5.071716e-01 -2.349803e-01 -7.991431e-01 -4.702854e-01 5.530357e-01 3.138049e-07 
-6.340909e+00 6.257718e+00 -1.096274e+00 2.115729e-01 1.597524e+00 2.870734e+00 2.906917e+00 6.636992e+00 1.252014e+01 7.946263e+00 5.061924e+00 1.009465e+00 -1.512926e-01 -2.326808e-01 -6.525531e-01 -6.244868e-02 4.483094e-01 3.246696e-01 -4.532606e-01 -2.538186e+00 -1.310286e+00 -7.377173e-01 -1.497384e+00 5.855831e-01 1.497657e+00 3.688447e-07 -2.008243e-01 9.189063e-02 1.310736e-01 2.662216e-01 -6.994957e-02 -1.502771e-01 -9.324550e-02 -2.676465e-01 -4.435098e-01 -4.108379e-01 -4.579882e-01 2.283385e-01 3.138049e-07 
-7.548037e+00 5.137608e+00 -1.442188e+00 3.583018e-01 4.304516e+00 2.630001e+00 8.055684e+00 7.795825e+00 1.132048e+01 2.166551e+00 2.853196e+00 4.640258e+00 -1.512926e-01 -1.749417e-01 3.808906e-01 1.527695e-01 7.054293e-01 -2.947881e-01 5.621405e-01 -4.044952e-01 -1.522335e+00 -7.548568e-01 -1.692366e+00 -7.226701e-01 1.856126e+00 3.688447e-07 -3.303549e-02 1.023418e-01 -3.989746e-02 -2.062573e-02 -1.828579e-01 -2.024892e-01 9.886529e-02 4.988723e-02 -1.024049e-01 4.845031e-01 -1.145028e-01 -4.650103e-01 3.138049e-07 
-7.841807e+00 5.762479e+00 -3.978750e-01 2.026258e+00 3.361908e+00 -2.299094e+00 5.528446e+00 1.362545e+00 6.532369e+00 2.338004e+00 2.992750e+00 3.325640e+00 -1.512926e-01 -3.584288e-01 2.044564e-01 -2.507797e-01 4.340436e-01 -3.882290e-01 -7.641875e-01 -3.706696e-01 -3.740015e-01 -2.746677e-01 -4.661725e-01 -6.184243e-01 8.575989e-01 3.688447e-07 8.017921e-02 -2.156674e-02 -7.049796e-02 -1.833400e-01 -6.105987e-02 4.574968e-02 4.375111e-01 7.258326e-01 3.285942e-01 7.216323e-01 2.577590e-02 -7.905982e-01 3.138049e-07 
-7.152020e+00 8.369623e+00 1.085581e-01 2.748019e+00 -2.487505e-01 5.272414e+00 6.122411e+00 3.067899e+00 7.812815e+00 1.227661e+00 3.003057e-01 7.626493e+00 -1.512926e-01 -9.837466e-02 -2.276213e-01 -3.123053e-01 -2.981984e-02 -4.585516e-01 -5.993201e-01 -1.708025e+00 1.493742e-01 2.854113e-01 1.223792e+00 2.359385e-01 -9.684503e-01 3.688447e-07 1.295778e-01 -2.372544e-01 -1.393515e-03 -2.894714e-01 2.365159e-01 1.337195e-01 3.255906e-01 5.756550e-01 -4.314466e-02 2.307567e-01 5.480256e-01 -5.360867e-01 3.138049e-07 
-8.330915e+00 5.664046e+00 -3.125761e+00 1.187024e+00 1.933107e+00 -2.271404e+00 2.020460e+00 7.131298e+00 1.290029e+01 6.084899e+00 3.246675e+00 3.804254e+00 -1.512926e-01 1.299572e-01 -4.561907e-01 -1.824719e-01 -1.008148e-01 1.013205e-01 3.562242e-01 3.008745e-01 1.482990e+00 3.849903e-01 6.525750e-01 2.351292e-01 -1.042962e+00 3.688447e-07 1.658989e-01 1.343800e-02 1.388757e-01 -2.064102e-01 2.340415e-01 6.483254e-01 7.309930e-01 1.507194e-01 -2.723263e-01 -4.412061e-01 4.077469e-01 1.502281e-01 3.138049e-07 
-7.795643e+00 4.048698e+00 -1.639317e+00 6.289048e-01 2.726249e+00 -3.802932e-01 1.269985e+00 5.658476e+00 9.563606e+00 6.412302e+00 3.906145e+00 -4.416754e-01 -1.512926e-01 2.287755e-01 -4.749111e-01 1.115910e-01 -4.745135e-01 6.429107e-01 6.705843e-01 8.877590e-01 4.275719e-01 -1.300488e+00 -1.098035e+00 1.590649e+00 1.260069e-01 3.688447e-07 3.480091e-02 2.783696e-01 9.469747e-02 -4.282199e-02 5.235253e-02 1.848988e-01 5.614641e-01 -1.307055e-01 -1.847680e-02 -5.972012e-01 -3.107948e-02 5.609604e-01 3.138049e-07 
-6.870077e+00 5.642514e+00 -4.363621e-01 2.581635e+00 2.380931e+00 2.308176e+00 9.459135e+00 7.482185e+00 7.582069e+00 3.008770e+00 2.365282e+00 2.144407e+00 -1.512926e-01 3.073965e-01 3.952832e-01 2.316142e-01 -3.756555e-01 2.311319e-01 1.842494e+00 1.986233e+00 2.406441e-01 -8.433873e-01 -1.511344e+00 7.430850e-01 1.061408e+00 3.688447e-07 -6.353415e-02 2.105051e-01 1.083318e-02 -4.939789e-03 -1.378595e-01 -5.381636e-01 -5.596355e-01 -4.942269e-01 4.017947e-01 9.682113e-02 -4.576087e-01 1.116490e-01 3.138049e-07 
-6.738452e+00 6.005924e+00 -6.780794e-01 -3.218624e-01 2.741997e+00 6.335369e+00 6.842096e+00 5.030151e+00 3.969264e+00 -2.723974e+00 8.693995e+00 9.086264e+00 -1.512926e-01 -1.302123e-02 7.384895e-01 -4.573506e-02 -1.064989e-01 -2.618032e-01 -4.180331e-01 2.565381e-01 1.171226e-01 8.071035e-01 -6.801500e-01 -1.735988e-01 7.841015e-01 3.688447e-07 -9.010495e-02 -1.699376e-01 4.099460e-02 1.260094e-01 -3.506166e-01 -8.171385e-01 -9.877846e-01 -4.016677e-01 7.011363e-01 8.228317e-01 -9.014450e-01 -3.340072e-01 3.138049e-07 
-7.322559e+00 6.662434e+00 -2.448953e+00 -2.158153e-01 3.080729e+00 3.583044e+00 9.165359e+00 8.648676e+00 1.148040e+01 3.096321e+00 4.567714e+00 4.347598e+00 -1.512926e-01 -6.688061e-02 -1.042503e-02 -4.961068e-02 -3.094530e-01 -1.356675e-01 -1.790411e+00 -2.181584e+00 -8.330935e-01 1.339986e+00 9.276562e-01 -1.170733e+00 -8.137901e-01 3.688447e-07 -3.650125e-02 -4.463245e-01 2.163902e-01 2.389787e-02 -4.890485e-01 -5.404786e-01 -1.095502e+00 -4.329588e-01 -7.928594e-02 5.599873e-01 -3.102705e-01 -3.248232e-01 3.138049e-07 
-7.634642e+00 7.231497e+00 -8.620663e-01 1.495109e+00 1.067522e+00 -3.108037e+00 2.699735e+00 5.660565e+00 1.164973e+01 2.968187e+00 1.936653e+00 2.377044e+00 -1.512926e-01 -3.458780e-02 -1.121770e+00 4.571271e-01 1.225351e-01 -9.267238e-01 -1.598675e+00 -1.967355e+00 -1.044045e+00 1.113490e+00 1.796611e+00 -1.959861e+00 -6.064870e-01 3.688447e-07 9.085374e-02 -3.247434e-01 2.472609e-01 -2.462586e-01 -2.924670e-01 5.132009e-01 -3.737883e-01 -1.620453e-01 -8.114624e-01 -7.890701e-02 3.230331e-01 -2.677839e-01 3.138049e-07 
-6.756002e+00 4.977216e+00 -5.921876e-01 1.260952e-01 2.539846e+00 -1.921889e+00 6.221402e-01 3.001411e+00 1.044232e+01 4.800823e+00 -1.094369e-01 1.430409e+00 -1.512926e-01 1.357767e-01 -9.061836e-01 1.062088e+00 -3.705288e-01 -1.881544e+00 -2.695853e-01 -2.379187e+00 -1.343525e+00 -1.392984e+00 5.011968e-02 8.458780e-02 1.326577e-01 3.688447e-07 1.187646e-01 1.317787e-01 2.617505e-01 -3.214113e-01 -7.975573e-02 7.450566e-01 1.238372e-01 7.830711e-02 -1.064796e+00 -8.590901e-01 5.822603e-01 -2.481564e-01 3.698505e-04 
-7.194750e+00 1.239415e+00 6.792927e-01 1.196958e-01 -1.621431e+00 1.094621e+00 1.277041e+00 2.633815e+00 1.005553e+01 5.406382e+00 1.233637e+00 7.512331e+00 -1.512926e-01 3.399175e-01 -4.372691e-01 6.346791e-01 -1.307172e+00 -8.511779e-01 1.387597e+00 -1.513862e+00 -4.379563e-01 -1.883797e+00 -6.358669e-01 8.136613e-01 -1.028082e+00 3.688447e-07 2.782818e-01 6.034071e-01 4.538649e-01 -2.816066e-01 5.618147e-01 6.308383e-01 8.468981e-02 1.149512e-01 -9.085850e-01 -8.959390e-01 2.937325e-01 -9.168404e-01 1.498061e-02 
-6.863591e+00 5.127501e+00 2.090641e+00 -1.380962e+00 -4.982693e+00 1.339489e-01 -2.019273e+00 3.444545e+00 5.312238e+00 2.127791e+00 5.342081e+00 2.443344e+00 -1.512926e-01 3.396893e-01 3.062105e-01 1.170363e+00 -1.201738e+00 -5.724026e-01 4.417552e-01 -1.789245e+00 -7.445660e-01 -2.485238e+00 -2.151445e+00 3.539436e-01 -1.843768e+00 1.844419e-03 7.308172e-01 7.218848e-01 6.898536e-01 3.158791e-02 9.064968e-01 1.810523e-01 1.752109e-02 1.835677e-01 -2.689416e-01 -1.626167e-01 -5.499892e-01 -9.198812e-01 4.557383e-02 
-5.881178e+00 4.970185e+00 9.698229e-01 -4.287202e+00 5.727388e-01 2.802357e+00 -3.548444e+00 3.249608e+00 4.795412e+00 1.125063e+00 3.279202e+00 -3.269810e+00 -1.512926e-01 1.254842e+00 1.289129e+00 2.672288e+00 -8.699453e-01 1.227642e+00 1.199817e+00 -1.838741e+00 -7.688096e-01 -2.883412e+00 -1.582288e+00 -6.257085e-01 -4.202560e+00 7.397898e-02 1.252621e+00 6.099791e-01 6.201074e-01 1.069591e-01 1.177422e-01 -4.919349e-01 -5.281527e-01 -1.588334e-01 2.068612e-01 7.866671e-02 -1.134408e+00 -2.693810e-01 6.941095e-02 
-5.714454e+00 4.642809e+00 5.114220e+00 -3.679259e+00 -1.419280e+00 -5.670591e-01 -5.910834e+00 -1.028919e+00 6.458596e-01 -3.816078e+00 6.371235e-01 -2.397321e+00 -1.420519e-01 3.332423e+00 1.840071e+00 3.492588e+00 -4.311587e-01 1.611466e+00 7.295455e-01 -2.129221e+00 -2.602433e-01 -2.238060e+00 -2.897269e-01 -1.945617e+00 -2.879495e+00 1.908762e-01 1.408211e+00 1.282645e-01 -1.949265e-01 -2.386559e-01 -7.353481e-01 -6.514916e-01 -8.363047e-01 -7.552035e-02 8.580927e-01 2.637421e-01 -1.332605e+00 3.965692e-01 6.500462e-02 
-1.495228e+00 7.926677e+00 1.252861e+01 -3.080459e+00 2.735125e+00 7.444098e+00 -5.970488e+00 1.026278e+00 -2.027915e+00 4.666088e-01 4.576972e-01 -1.108023e+01 2.139961e-01 5.106587e+00 1.845808e+00 2.574065e+00 -1.157603e+00 -1.354270e+00 -1.215875e+00 -3.984472e+00 -1.474286e+00 -9.731375e-01 -1.173328e+00 -3.708570e+00 -1.857182e+00 2.525408e-01 7.019359e-01 -5.650759e-01 -1.083489e+00 -4.527974e-01 -1.398135e+00 -8.554606e-01 -8.071296e-01 8.755331e-02 1.444844e+00 -2.602239e-02 -1.029503e+00 1.072379e+00 1.748301e-02 
7.605541e+00 1.284918e+01 1.377427e+01 -4.139559e+00 1.993237e+00 1.460524e+00 -1.145536e+01 3.254829e+00 -2.466166e+00 1.008329e+00 -2.975012e+00 -8.048491e+00 6.204286e-01 5.454848e+00 6.691437e-01 2.449367e-01 -2.251171e+00 -2.958147e+00 -1.607929e+00 -4.897764e+00 -7.693581e-01 8.498814e-01 -1.037389e+00 -4.767863e+00 -1.033606e+00 2.375940e-01 -5.115409e-01 -1.093616e+00 -1.136247e+00 -2.231011e-01 -9.561700e-01 -1.155521e-01 -7.107570e-02 4.171071e-01 1.635819e+00 -1.936496e-01 2.244301e-03 7.771999e-01 -3.892555e-02 
1.299183e+01 1.009615e+01 9.510191e+00 -9.845077e+00 -7.904721e+00 -4.290793e+00 -2.069903e+01 -6.263682e+00 1.485841e+00 -7.153947e+00 -1.345729e+01 -9.729916e+00 7.301576e-01 3.703391e+00 -9.508709e-01 -1.121342e+00 -2.223865e+00 -3.478263e+00 -1.908855e+00 -4.490136e+00 -7.660649e-02 2.796843e+00 -1.338560e+00 -4.362211e+00 2.363656e-01 1.380430e-01 -1.413377e+00 -1.144548e+00 -6.351887e-01 3.905294e-01 5.263934e-01 5.553338e-01 1.538996e+00 6.235892e-01 9.221718e-01 -7.832540e-02 1.425299e+00 8.729720e-01 -6.220436e-02 
1.431609e+01 6.904121e+00 7.848207e+00 -1.155326e+01 -1.088974e+01 -2.739026e+00 -2.303576e+01 -1.231166e+00 3.138690e+00 -5.192721e+00 -1.624469e+01 -8.239937e+00 7.878153e-01 1.476328e+00 -2.229793e+00 -3.408880e-01 -1.013384e+00 -2.107505e+00 4.981788e-01 -2.231844e+00 1.126467e+00 4.056100e+00 -1.175388e+00 -1.607465e+00 -4.026406e-02 5.349448e-02 -1.620121e+00 -9.514516e-01 -3.679240e-01 8.410960e-01 1.233537e+00 5.134501e-01 2.744901e+00 -2.244327e-01 -5.941558e-01 -3.721611e-01 2.245109e+00 8.630815e-01 -5.312058e-02 
1.366636e+01 6.145224e+00 9.885204e+00 -1.049324e+01 -8.214820e+00 1.993582e-05 -2.263037e+01 2.886189e+00 9.153576e+00 -3.125248e+00 -1.471799e+01 -9.802492e+00 8.205091e-01 2.897084e-02 -2.427464e+00 -3.089141e-01 1.762550e-01 8.525242e-01 5.077320e-01 2.377425e+00 6.957869e-01 2.034773e+00 -1.495896e+00 1.837828e+00 2.011012e+00 3.356541e-02 -1.276364e+00 -6.724177e-01 -6.357629e-01 9.132776e-01 1.183681e+00 3.826707e-01 2.902727e+00 -9.845672e-01 -1.875106e+00 -2.015013e-01 1.927281e+00 8.331642e-01 -2.655411e-02 
1.464992e+01 3.676060e+00 1.188184e+01 -8.882882e+00 -8.389196e+00 1.806083e+00 -2.164898e+01 4.312016e+00 1.398042e+01 -6.883087e+00 -1.038186e+01 -8.213652e+00 8.427324e-01 -8.085883e-01 -3.349793e+00 -2.000866e+00 7.542453e-01 1.044146e+00 -2.489116e-01 5.392876e+00 -2.277725e+00 -1.739882e+00 -2.819467e+00 3.357649e+00 2.394393e+00 2.422852e-02 -8.380613e-01 -3.645859e-01 -9.834129e-01 7.104090e-01 6.021850e-01 5.112759e-02 1.622565e+00 -1.157909e+00 -2.123678e+00 2.511129e-01 8.288107e-01 5.186954e-01 -9.001117e-03 
1.297009e+01 -4.273466e-01 5.948731e+00 -1.029852e+01 -4.892498e+00 -4.024913e+00 -9.505414e+00 -5.555990e+00 6.238542e+00 -1.378819e+01 -7.199400e+00 3.119447e-01 8.705423e-01 -1.535918e+00 -3.753086e+00 -3.470090e+00 1.458511e+00 8.643252e-01 3.780174e-01 6.211189e+00 -3.297490e+00 -3.680611e+00 -1.523931e+00 2.791743e+00 3.184828e+00 1.990167e-02 -5.227237e-01 7.801651e-02 -5.026541e-01 4.548898e-01 5.074871e-02 3.417470e-02 -2.563460e-01 -5.178778e-01 -7.886303e-01 8.243273e-01 -2.005829e-01 -3.712655e-01 -5.351943e-03 
1.062183e+01 -6.558728e+00 -1.876044e-01 -7.879091e+00 -7.330337e+00 -1.971336e+00 -2.633764e+00 -8.398246e+00 -4.103521e+00 -1.395873e+01 -3.215821e+00 -1.325149e+00 8.839467e-01 -1.931648e+00 -3.389850e+00 -3.677315e+00 1.897520e+00 8.975036e-01 8.185843e-01 3.964173e+00 -2.666280e+00 -3.704550e+00 9.405944e-02 2.059594e+00 1.966372e+00 1.531931e-02 -1.819706e-01 6.663427e-01 3.604422e-01 1.586484e-01 1.849648e-01 -3.902532e-01 -1.319260e+00 2.595812e-01 7.472020e-01 9.354556e-01 -6.347029e-01 -7.094470e-01 -3.825596e-03 
8.001177e+00 -7.502626e+00 -1.430923e+00 -3.702114e+00 -4.422626e+00 3.778569e+00 -1.082142e+00 -7.246027e+00 -2.074021e-01 -7.207298e+00 -4.342219e+00 2.677158e+00 8.994240e-01 -2.023163e+00 -2.017327e+00 -1.983910e+00 1.879019e+00 1.179471e+00 1.447849e-01 1.810033e+00 -1.699170e+00 -9.259685e-01 1.168867e+00 1.483975e+00 3.688188e-01 1.126463e-02 3.280963e-01 7.663367e-01 8.532589e-01 -5.278409e-02 1.253217e-02 -7.108267e-01 -1.655351e+00 8.423834e-01 8.906199e-01 3.791909e-01 -4.726385e-01 -8.206691e-01 -2.815395e-03 
7.476206e+00 -9.735814e+00 -2.815049e+00 -2.693295e+00 -4.136580e+00 1.997370e+00 -6.039762e+00 -8.174417e+00 -1.319630e+00 -9.702949e+00 -1.512320e+00 4.351288e-01 9.048876e-01 -1.474756e+00 -8.859535e-01 -9.417307e-01 1.337251e+00 1.811213e+00 -2.083649e+00 9.972624e-01 -1.778812e+00 6.187107e-01 5.114872e-01 8.379422e-01 2.551909e-01 9.420576e-03 7.424159e-01 5.656185e-01 8.705857e-01 2.883523e-02 -2.744126e-01 -2.806292e-01 -1.149484e+00 1.297734e+00 3.582530e-01 1.951956e-01 -3.236304e-01 -1.658687e-01 -1.130388e-03 
4.426720e+00 -8.925064e+00 -2.657346e+00 -3.496419e+00 -5.917774e-01 -5.285371e+00 1.247535e+00 -1.416387e+01 2.164620e-01 -1.007139e+01 -6.309274e-01 1.275841e+00 9.163945e-01 -1.237068e-01 -1.173301e+00 -5.716087e-01 1.474783e+00 4.701512e-01 -1.725031e+00 -5.822232e-01 4.706838e-01 -1.389301e+00 1.634019e-01 1.039312e+00 -6.292199e-02 8.776269e-03 8.977742e-01 1.610786e-01 3.311927e-01 2.121291e-01 -7.253587e-01 5.284086e-01 -1.071931e+00 1.569767e+00 -5.950736e-01 8.091005e-02 -3.183168e-01 2.130420e-01 2.172158e-04 
5.034862e+00 -1.027719e+01 -4.283188e+00 -1.295942e+00 -1.897659e-01 -7.857430e+00 1.187241e+00 -1.383352e+01 -1.221688e+00 -9.969248e+00 -8.817046e-01 6.512895e-01 9.225784e-01 8.306997e-01 -9.837825e-01 -3.047479e-02 2.243802e+00 -1.199973e-01 3.503281e-01 -5.873830e-01 2.737402e+00 -1.681806e+00 1.572793e+00 6.639293e-01 1.352917e+00 1.091470e-02 6.243954e-01 3.014170e-02 5.339016e-02 1.866996e-01 -6.837970e-01 9.173992e-01 -7.234777e-01 1.256418e+00 -6.463599e-01 1.430173e-01 -3.092837e-01 2.331916e-01 8.197212e-04 
8.603215e+00 -1.309834e+01 -3.554751e+00 2.972912e+00 -4.045526e+00 8.082940e-02 -7.606137e+00 -2.062783e+00 -7.202820e+00 -6.257009e+00 5.395408e-01 2.254645e+00 9.344718e-01 1.313038e+00 -1.163136e+00 -7.836779e-01 2.486433e+00 -1.481760e+00 1.569854e+00 -2.757193e+00 3.891549e+00 -2.750971e+00 1.042884e+00 -2.079117e-02 8.851041e-01 1.160344e-02 6.733280e-02 2.255659e-01 -1.576047e-01 -1.416128e-01 -7.407366e-02 1.843289e-01 7.548796e-03 2.326793e-02 1.034283e-01 -2.083974e-01 -3.303103e-01 -2.030343e-03 2.413160e-04 
9.541753e+00 -1.256795e+01 -2.518886e+00 5.290864e+00 -3.009573e+00 1.065801e+00 -4.549077e+00 -5.384423e-01 -6.018656e+00 -3.746311e+00 1.222620e+00 6.710458e+00 9.504234e-01 9.288334e-01 -7.404180e-01 -5.688231e-01 1.764892e+00 -6.318914e-01 8.559015e-01 -1.532781e+00 2.792691e+00 -1.932099e+00 7.866828e-01 -1.784549e-01 9.471034e-01 1.210889e-02 -2.667661e-01 2.374775e-01 -3.244551e-01 -4.095846e-01 1.956416e-01 -5.475305e-01 2.668283e-01 -8.899153e-01 3.941649e-01 -6.739731e-01 -2.253290e-01 -4.408676e-01 -1.214739e-03 
8.738654e+00 -1.359534e+01 -7.457900e+00 5.642374e+00 -6.590453e+00 -1.897872e+00 -9.670261e+00 -1.353698e+00 -1.113989e+01 -7.968351e+00 -1.787230e+00 2.672058e+00 9.604723e-01 1.638475e-01 -1.672331e-01 -1.090579e+00 1.006238e+00 3.558166e-01 -1.056232e+00 -7.178086e-02 5.593209e-01 -7.470661e-01 -4.856250e-01 -1.910810e-01 1.298395e-01 9.387249e-03 -3.322458e-01 3.394340e-01 -1.614551e-01 -3.101384e-01 5.025195e-01 -6.822633e-01 8.846158e-01 -1.106422e+00 7.504720e-01 -3.832947e-01 2.759770e-02 -2.808381e-01 -2.152639e-03 
9.611571e+00 -1.373112e+01 -5.175900e+00 6.194093e+00 -2.076700e+00 -2.588709e+00 -5.443873e+00 -2.244540e-01 -8.913770e+00 -5.179953e+00 -6.104665e-01 5.178502e+00 9.700994e-01 7.153345e-02 -2.943503e-01 -1.499336e+00 9.360236e-01 -6.050846e-02 -1.074368e+00 -5.959828e-01 -4.621976e-02 -7.129288e-01 -1.032812e+00 -3.775581e-01 -4.738084e-01 5.949096e-03 -2.382083e-01 2.539074e-01 -2.560937e-01 -1.313886e-01 2.218983e-01 -5.030113e-01 6.352261e-01 -8.702551e-01 4.616286e-01 -1.963084e-01 1.561126e-03 -2.984075e-01 -2.120505e-03 
9.387619e+00 -1.335321e+01 -7.678966e+00 7.553051e+00 -2.732975e+00 -3.373352e+00 -7.518260e+00 5.772258e-01 -9.490358e+00 -7.968351e+00 5.001929e-01 3.669693e+00 9.715576e-01 8.043394e-02 3.110416e-01 -1.125702e+00 1.350179e+00 7.452508e-01 -8.763630e-01 1.197350e+00 -2.211903e-01 3.917895e-01 3.627408e-02 2.169995e-01 1.913880e-01 3.921752e-03 -8.502184e-02 1.274887e-01 -5.290098e-02 -9.079737e-02 1.186587e-01 -1.504908e-01 4.750102e-01 -4.030303e-01 1.599349e-01 2.569705e-01 1.590781e-02 -1.969224e-01 -8.512272e-04 
9.574564e+00 -1.416088e+01 -9.905112e+00 9.015769e+00 -5.241252e+00 -3.568311e+00 -8.605486e+00 -1.735218e+00 -1.040836e+01 -8.910432e+00 -1.808741e+00 3.842308e+00 9.746320e-01 -2.204712e-01 2.900064e-01 -1.831671e+00 9.359121e-01 2.828824e-01 -1.749138e+00 1.008920e+00 -1.168335e+00 -1.933614e-01 -4.558741e-01 -3.746444e-01 -5.757127e-01 4.232796e-03 -2.583049e-03 7.783396e-02 2.646552e-01 -2.175957e-01 3.197767e-01 -9.739001e-03 4.931416e-01 -8.753102e-03 1.178848e-01 4.956368e-01 2.138010e-01 -1.748991e-01 2.754579e-04 
9.159089e+00 -1.182531e+01 -1.072132e+01 1.098221e+01 -1.282126e+00 -5.789724e+00 -2.103300e+00 -1.704585e+00 -8.433464e+00 -5.921854e+00 -1.031412e-01 4.296990e+00 9.778293e-01 -1.152628e-01 1.780869e-01 -1.188802e+00 5.524057e-01 7.774618e-01 -1.471274e+00 1.500634e+00 -8.948542e-01 -2.069596e-01 5.106862e-01 -1.128966e-01 -8.037575e-01 5.987977e-03 7.689829e-02 -8.171831e-02 4.347818e-01 -2.890781e-01 1.478481e-01 3.034266e-01 -3.703805e-02 3.950622e-01 -1.692789e-02 4.054047e-01 1.842726e-01 -9.482291e-02 2.714412e-04 
8.623435e+00 -1.304473e+01 -1.281323e+01 9.158384e+00 -1.387783e+00 -1.012603e+01 -3.107140e+00 -4.925229e+00 -1.040891e+01 -8.482255e+00 -2.182283e+00 1.986307e+00 9.881241e-01 1.565446e-01 1.611782e-01 -1.444423e-01 2.469156e-01 1.522185e+00 -8.256863e-01 1.717921e+00 2.468970e-01 1.760585e-01 1.208115e+00 8.562338e-01 -8.506516e-01 6.293467e-03 1.259272e-01 -3.010114e-02 5.078718e-01 -5.785253e-02 5.560597e-02 6.148114e-01 -1.773918e-01 7.969797e-01 -2.914294e-04 4.041584e-01 2.987424e-01 1.720978e-01 -8.391771e-04 
9.286898e+00 -1.302056e+01 -1.216881e+01 1.024354e+01 -7.724534e-01 -7.451122e+00 -2.763974e+00 -2.301581e+00 -1.052512e+01 -5.629107e+00 1.224533e-01 5.787128e-01 9.947647e-01 2.763589e-01 -3.307061e-02 2.046060e-01 2.492561e-01 8.647121e-01 1.790421e-01 6.574771e-01 1.046605e+00 1.225153e-01 1.231344e+00 5.227765e-01 -1.452120e-01 4.243905e-03 4.921845e-02 2.064889e-02 2.827926e-01 4.950222e-02 -1.706689e-01 4.696433e-01 -3.066195e-01 6.548803e-01 -9.689765e-02 4.526590e-02 1.804013e-01 2.395191e-01 -1.879503e-03 
1.029373e+01 -1.275734e+01 -9.903705e+00 1.061973e+01 2.114928e+00 -6.865960e+00 3.148947e-01 -2.021754e-01 -8.482159e+00 -3.016266e+00 2.360036e+00 1.448063e+00 9.976283e-01 2.132567e-01 2.451178e-01 1.094593e-02 7.981574e-01 5.171620e-01 4.997461e-01 5.435783e-01 1.845875e+00 -3.596569e-01 1.204683e+00 8.011972e-01 -4.454765e-02 9.001763e-04 -5.230510e-02 1.800181e-03 9.793990e-02 -1.110056e-02 -3.351742e-01 2.653182e-01 -3.231027e-01 2.418674e-01 -2.279815e-01 -1.399341e-01 -8.482262e-02 1.670297e-01 -1.674651e-03 
9.705425e+00 -1.213467e+01 -1.115359e+01 1.149782e+01 1.290289e+00 -6.524638e+00 -5.279456e-01 1.166911e+00 -8.784286e+00 -2.498258e+00 2.394477e-01 3.840738e+00 9.943080e-01 1.025711e-01 2.394816e-01 1.474405e-01 5.243197e-01 4.266228e-01 2.141949e-01 5.546624e-01 1.579964e+00 -4.236822e-01 7.388526e-01 8.165751e-01 -9.264397e-03 -7.105902e-04 -8.848760e-02 -7.154092e-02 1.417466e-01 -2.313154e-01 -1.781839e-01 -2.537413e-02 -7.222952e-02 -1.900272e-01 -2.347508e-01 -9.922168e-02 -1.378067e-01 -8.812686e-02 -5.298910e-04 
9.480710e+00 -1.226254e+01 -1.326616e+01 1.252218e+01 1.667186e-01 -8.090816e+00 -1.507411e+00 2.569764e+00 -1.307771e+01 -4.024467e+00 1.764571e+00 1.326608e-01 9.928674e-01 -1.815613e-02 3.385967e-02 3.738012e-01 5.376919e-02 6.543375e-02 4.833266e-01 1.537234e-01 1.189324e+00 -6.908316e-01 7.547578e-01 2.853096e-01 -8.355086e-02 4.002833e-04 -4.994838e-02 -1.719000e-01 3.070433e-01 -4.257949e-01 -6.646701e-02 5.361898e-03 2.246602e-02 -4.346133e-01 -1.601002e-02 1.094088e-01 -3.498947e-01 5.522399e-02 3.256667e-04 
1.020598e+01 -1.207051e+01 -9.750225e+00 1.191378e+01 2.334545e+00 -5.767685e+00 9.197641e-01 4.212111e+00 -1.034528e+01 -1.430778e+00 4.503184e+00 1.190318e+00 9.935877e-01 -5.033483e-02 -2.851914e-01 7.319330e-01 -5.352549e-01 1.997914e-01 6.037340e-02 4.910243e-01 4.246100e-01 -8.857403e-01 9.601533e-01 9.171019e-02 -5.663565e-01 1.849973e-03 -3.007805e-02 -1.926199e-01 1.909911e-01 -3.387576e-01 -1.413421e-01 3.257201e-02 -3.659728e-03 -4.608433e-01 9.288878e-03 1.464654e-01 -4.573810e-01 1.219695e-01 -2.567552e-04 
9.952269e+00 -1.261980e+01 -8.736421e+00 1.068007e+01 1.919649e+00 -4.827640e+00 3.597949e-01 4.221858e+00 -1.115593e+01 2.240205e-01 1.654922e+00 2.355860e+00 9.999999e-01 3.992529e-02 -3.521217e-01 1.253931e+00 -8.010680e-01 2.981656e-01 6.034880e-01 6.876717e-01 2.504074e-01 -2.086594e-01 1.641105e+00 -5.858879e-01 5.100645e-01 1.250101e-03 -1.658847e-03 -1.370322e-01 1.934457e-02 -1.248782e-01 -2.507679e-01 7.285295e-02 -7.288884e-02 -3.426380e-01 2.311435e-02 4.927363e-03 -3.470861e-01 1.745243e-01 -1.724860e-03 
9.218225e+00 -1.338177e+01 -9.759143e+00 9.742558e+00 1.412840e+00 -7.854039e+00 9.935287e-01 2.463593e+00 -1.417444e+01 1.784212e-01 7.530686e-01 -1.027229e-01 9.999999e-01 -7.680809e-02 -5.306695e-01 6.624140e-01 -7.421099e-01 -3.964511e-01 3.171158e-01 2.693422e-01 -2.547583e-01 -6.184492e-01 1.028008e+00 -1.034760e+00 3.038886e-01 -2.415781e-03 1.086409e-02 -5.762117e-02 -8.228557e-02 2.957802e-02 -3.686709e-01 2.032407e-01 -1.947815e-01 -1.861340e-01 5.300262e-02 -2.222314e-01 -1.539752e-01 1.661082e-01 -2.616568e-03 
1.017393e+01 -1.336727e+01 -6.991831e+00 9.602685e+00 2.118364e+00 -4.029999e+00 1.893456e+00 4.696321e+00 -1.220674e+01 3.376301e+00 7.100483e-01 3.329171e+00 9.959067e-01 -1.313534e-02 -5.285559e-01 5.052090e-01 -4.671577e-01 -8.903534e-01 7.192459e-01 -9.987335e-02 -1.841119e-01 -7.089627e-01 7.454893e-01 -8.868088e-01 3.540516e-01 -6.087217e-03 -1.649228e-02 1.120172e-02 -1.311586e-01 6.221700e-02 -3.930489e-01 8.784699e-02 -1.167340e-01 -1.750873e-01 -8.490792e-02 -3.754846e-01 1.048724e-01 -1.325113e-01 -2.070297e-03 
9.711147e+00 -1.435028e+01 -7.310523e+00 8.741966e+00 2.529048e-01 -4.580973e+00 1.500259e+00 2.700999e+00 -1.291226e+01 2.133263e+00 -1.981007e-01 2.222868e+00 9.835389e-01 3.045425e-02 -4.849758e-01 6.948723e-01 -5.542017e-01 -1.049377e+00 1.018679e+00 -8.917145e-02 -2.887651e-01 -3.705639e-01 2.967087e-01 -5.276138e-01 3.421027e-01 -7.564679e-03 -6.991114e-02 6.697199e-02 3.933960e-02 -1.295534e-01 -3.412687e-01 8.795384e-02 -2.376914e-02 -2.221455e-01 -1.476102e-01 -2.910271e-01 1.104137e-01 -1.822709e-01 -6.724839e-04 
9.640185e+00 -1.477829e+01 -7.434432e+00 8.844814e+00 -1.952145e+00 -2.868151e+00 -3.926037e-01 3.182424e+00 -1.533149e+01 2.974115e+00 -2.303999e+00 2.963542e+00 9.777942e-01 -9.632070e-02 -3.191095e-01 5.818737e-01 -5.838479e-01 -1.340534e+00 6.920044e-01 2.831017e-01 -6.079903e-01 -7.571232e-01 1.294172e-01 -3.150753e-01 -1.715899e-01 -6.526012e-03 -1.279048e-01 1.054909e-01 1.509335e-01 -3.386265e-01 -2.396787e-01 6.790242e-02 1.496620e-02 -2.525606e-01 -2.606808e-01 -1.759521e-01 1.025193e-01 -2.659102e-01 8.868127e-05 
9.637514e+00 -1.510127e+01 -6.063449e+00 7.350555e+00 -1.798671e+00 -3.341706e+00 1.690764e+00 1.776787e+00 -1.446440e+01 1.863316e+00 -3.780517e-01 1.791331e+00 9.712414e-01 -3.847879e-01 -3.004898e-01 8.208301e-01 -1.331580e+00 -1.877771e+00 7.705197e-01 -4.120401e-02 -1.153635e+00 -1.332500e+00 -1.191171e-01 -7.686419e-01 -3.447371e-01 -5.553998e-03 -1.601594e-01 1.652317e-01 1.858910e-01 -4.171436e-01 -1.678279e-01 1.891370e-01 -1.514309e-01 -1.590768e-01 -3.786849e-01 -5.250744e-03 3.511263e-02 -3.550168e-01 -5.178409e-04 
9.729461e+00 -1.458713e+01 -4.706077e+00 7.379353e+00 -3.558759e+00 -1.189518e+00 3.214163e+00 2.118275e+00 -1.521584e+01 4.158784e+00 -7.752029e-01 2.686966e+00 9.694319e-01 -4.451515e-01 -9.325753e-02 1.196887e+00 -1.771481e+00 -1.674639e+00 1.182875e+00 -4.923043e-02 -1.014427e+00 -1.531233e+00 7.357711e-02 -2.537256e-01 -6.319631e-01 -6.642654e-03 -1.371468e-01 2.215040e-01 2.104795e-01 -4.236102e-01 3.874304e-02 2.802766e-01 -2.443957e-01 -8.812438e-02 -2.181144e-01 4.784159e-02 2.744588e-02 -3.987255e-01 -1.843353e-03 
7.742888e+00 -1.594849e+01 -4.570903e+00 2.817041e+00 -8.332788e+00 -1.567853e+00 -5.093441e-01 -2.534810e+00 -1.963266e+01 9.454015e-01 -4.805475e+00 6.375588e-01 9.599452e-01 -5.957752e-01 2.282091e-01 1.316789e+00 -2.046099e+00 -1.721359e+00 1.718899e+00 -6.800691e-01 -8.810321e-01 -1.876998e+00 2.984251e-01 -3.828999e-01 -1.202695e+00 -1.009192e-02 -3.442179e-02 4.187537e-01 1.841009e-01 -1.745140e-01 5.202990e-01 2.090816e-01 1.080134e-01 1.059484e-01 2.753002e-01 1.172604e-01 2.812076e-01 -3.550168e-01 -2.457908e-03 
8.362094e+00 -1.482091e+01 -2.196440e+00 2.253894e+00 -7.058034e+00 2.158989e+00 4.617824e-01 2.663704e-01 -2.040347e+01 3.801286e+00 -1.358601e+00 3.802059e-01 9.502127e-01 -6.765643e-01 5.240107e-01 1.386308e+00 -2.344679e+00 -1.225135e+00 1.619262e+00 -6.192976e-01 -1.185009e+00 -1.575570e+00 1.598547e-01 -3.707594e-01 -1.736115e+00 -1.348008e-02 -2.185265e-02 4.544887e-01 6.842022e-02 -1.764802e-01 6.920901e-01 -1.370638e-01 2.749051e-01 -1.712915e-01 7.784671e-01 -2.603266e-01 1.020638e-01 -2.762614e-01 -1.963854e-03 
7.342292e+00 -1.384362e+01 -7.339326e-01 -3.177485e-01 -8.655486e+00 3.578241e+00 -3.335920e-01 -1.702497e+00 -2.125508e+01 3.533618e+00 -2.000758e+00 -3.068949e+00 9.303785e-01 -4.410436e-01 1.484586e+00 1.646580e+00 -1.917483e+00 4.990735e-01 1.597767e+00 7.841799e-01 -5.385506e-01 6.613909e-02 4.240654e-01 6.961420e-01 -1.567815e+00 -1.442988e-02 4.815562e-02 4.125925e-01 -7.473085e-03 -1.416565e-01 8.038986e-01 -3.783576e-01 3.640787e-01 -2.222428e-01 1.194321e+00 -6.280262e-01 3.359446e-02 -4.552398e-02 -3.792646e-04 
6.547205e+00 -1.301968e+01 3.075642e-01 -2.776945e+00 -9.523075e+00 4.333781e+00 3.009934e-02 -4.222758e+00 -2.228264e+01 3.663576e+00 -4.031109e+00 -4.140337e+00 9.168161e-01 -6.318336e-01 1.551013e+00 1.374075e+00 -2.718155e+00 6.756054e-01 5.581102e-01 5.932657e-01 -2.042090e+00 1.389705e+00 -1.290844e+00 -2.827008e-01 -1.830805e+00 -1.429657e-02 1.039774e-01 3.456408e-01 -1.387242e-01 1.258127e-02 6.353151e-01 -3.981242e-01 2.114450e-01 -9.260148e-02 1.262990e+00 -7.494158e-01 -1.717377e-01 2.529419e-01 6.851617e-04 
6.444958e+00 -9.426455e+00 2.410271e+00 -4.254748e+00 -4.605020e+00 5.333727e+00 3.627244e+00 -2.982817e+00 -1.836273e+01 3.134624e+00 1.122996e-02 -4.941034e+00 9.044835e-01 -3.772568e-01 1.777771e+00 1.285663e+00 -2.567694e+00 1.347781e+00 3.577169e-01 5.340230e-01 -1.563582e+00 2.611991e+00 -2.116431e+00 -2.589056e-01 -1.382944e+00 -1.157493e-02 9.150068e-02 1.306377e-01 -3.271571e-01 1.993707e-01 1.434948e-01 -3.514324e-01 -2.083801e-01 1.100455e-02 8.290650e-01 -5.919251e-01 -5.706363e-01 4.697958e-01 1.076790e-03 
5.651779e+00 -9.274412e+00 3.101629e+00 -9.367865e+00 -5.705398e+00 4.071856e+00 1.448303e+00 -9.304008e+00 -1.490154e+01 -2.453571e+00 -3.777708e+00 -7.837823e+00 8.916765e-01 -1.885207e-01 2.105679e+00 8.732721e-01 -1.956826e+00 1.527215e+00 2.485267e-01 5.628800e-01 -1.135535e+00 3.466558e+00 -2.316906e+00 -7.518072e-01 -5.637638e-01 -1.147495e-02 9.875567e-02 1.400849e-01 -4.173712e-01 5.381695e-01 1.165508e-01 -2.733280e-01 -2.017044e-01 5.556540e-01 2.259645e-01 4.647066e-02 -3.356239e-01 5.941335e-01 1.108924e-03 
5.903582e+00 -6.827220e+00 4.297074e+00 -9.860618e+00 -3.825335e+00 5.497890e+00 1.627262e+00 -6.980077e+00 -1.188580e+01 -3.990267e+00 -3.422004e+00 -8.134799e+00 8.850710e-01 -2.050665e-01 1.860503e+00 2.611659e-01 -1.301376e+00 7.906171e-01 -4.558530e-03 -2.424379e-01 -9.366497e-01 3.172920e+00 -2.022372e+00 -1.922631e+00 1.476503e-01 -1.046406e-02 2.222800e-03 -3.000987e-02 -4.323675e-01 3.531715e-01 1.569397e-02 -4.071348e-01 -3.705741e-01 4.784240e-01 -3.450678e-01 1.558957e-01 -2.000515e-01 3.648090e-01 8.598882e-04 
5.875350e+00 -3.790752e+00 3.730564e+00 -9.758685e+00 -2.277133e+00 5.494499e+00 3.844048e+00 -7.901504e+00 -8.188885e+00 -4.358710e+00 -6.073526e+00 -5.362763e+00 8.691369e-01 -2.240085e-01 2.210050e+00 -2.006389e-01 -6.604155e-01 1.536888e+00 -6.273080e-01 -2.706221e-02 4.227451e-01 2.239030e+00 -1.105473e+00 -1.128970e+00 3.745678e-01 -9.314305e-03 -1.348863e-02 -1.787458e-01 -2.332278e-01 6.510077e-02 3.054069e-02 -3.711277e-01 -5.180156e-01 5.166253e-01 -5.663901e-01 1.853160e-03 2.444680e-01 9.365235e-03 1.191266e-03 
5.307648e+00 -2.865749e+00 3.401077e+00 -1.056684e+01 -2.366183e+00 4.599379e+00 1.217388e+00 -8.367265e+00 -5.854866e+00 -6.024908e+00 -8.453810e+00 -5.440048e+00 8.634274e-01 -3.485013e-01 1.575571e+00 -3.391924e-01 -1.450053e+00 1.421392e+00 -1.240131e+00 -1.023677e+00 4.943811e-02 1.500332e+00 -1.942846e+00 -1.070534e+00 -2.808965e-02 -8.353399e-03 2.403396e-02 -1.768746e-01 -6.688400e-02 -1.559443e-01 2.774547e-02 -1.962921e-01 -4.190344e-01 4.098075e-01 -3.883800e-01 -2.565461e-01 5.346657e-01 -1.735476e-01 6.449946e-04 
4.829604e+00 -2.049945e-01 2.546383e+00 -1.231661e+01 1.249344e+00 1.384800e+00 1.517578e+00 -6.496563e+00 -6.722514e+00 -6.963342e+00 -6.906651e+00 -7.312132e+00 8.559259e-01 -1.842986e-01 1.354349e+00 7.312537e-03 -1.556936e+00 1.364418e+00 -9.892849e-01 -1.636360e+00 9.545677e-01 1.470869e+00 -2.347343e+00 4.444344e-02 -4.290562e-01 -6.576002e-03 8.156551e-02 -1.820318e-01 3.819124e-02 -1.691179e-02 -2.960412e-01 1.722553e-01 -3.741179e-01 1.530553e-01 5.128160e-02 -2.498577e-01 2.874321e-01 -1.128224e-01 -1.242040e-04 
4.684245e+00 -7.419792e-01 3.193153e+00 -1.583171e+01 1.518783e+00 1.352307e+00 -2.327801e+00 -7.435743e+00 -5.117253e+00 -1.240197e+01 -8.358326e+00 -7.300364e+00 8.499001e-01 -1.046506e-01 1.403968e+00 -1.773851e-01 -1.632723e+00 1.015417e+00 -8.051618e-01 -1.532781e+00 8.464041e-01 1.615068e+00 -2.684101e+00 1.637434e-01 -3.181337e-01 -8.603346e-03 1.709358e-01 -5.930980e-02 3.933960e-02 4.824167e-01 -4.738810e-01 3.570633e-01 -2.047251e-02 1.461450e-01 2.106474e-01 2.224481e-01 1.017602e-01 6.443875e-02 -1.017920e-03 
5.265681e+00 1.918776e+00 3.870901e+00 -1.491066e+01 2.602839e+00 2.171704e+00 -2.565772e+00 -3.594781e+00 -1.202874e+00 -1.290676e+01 -5.899346e+00 -6.577735e+00 8.430135e-01 6.194830e-02 1.385650e+00 -9.054695e-02 -6.535055e-01 2.596672e-01 1.648837e-02 -1.643049e+00 7.895799e-01 2.437905e+00 -1.984154e+00 -3.089241e-01 -4.443492e-02 -9.814198e-03 2.559161e-01 -2.226501e-01 1.434353e-01 7.647636e-01 -7.130780e-01 3.286422e-01 4.043262e-02 -2.422925e-01 2.272839e-01 5.909371e-01 -2.877257e-01 -1.281803e-01 -1.222772e-03 
4.566356e+00 3.092496e+00 1.851739e+00 -1.743339e+01 2.034468e+00 1.802872e-01 -4.405396e+00 -5.585927e+00 -5.388572e-01 -1.647353e+01 -8.138502e+00 -7.398440e+00 8.268687e-01 3.830507e-01 1.263364e+00 -9.357478e-02 5.102768e-01 -3.955805e-01 4.223724e-02 -1.122860e+00 8.625299e-01 2.070043e+00 -1.012216e+00 -3.853279e-01 1.017708e-01 -1.183043e-02 4.781404e-01 -3.861273e-01 6.007541e-01 1.077346e+00 -9.286303e-01 1.565490e-01 -1.798643e-01 -1.878373e-01 1.767435e-01 1.101047e+00 -2.281376e-01 -4.299328e-01 2.634079e-04 
5.198534e+00 4.805838e+00 2.763694e+00 -1.478312e+01 2.289877e+00 2.053315e+00 -5.658752e+00 -3.473294e+00 3.177977e+00 -1.484837e+01 -8.561361e+00 -7.485532e+00 8.183833e-01 8.514676e-01 3.112429e-01 6.826399e-01 1.195484e+00 -1.495495e+00 2.303159e-01 -1.639227e+00 -2.648506e-01 2.379829e+00 -2.286232e-01 -1.119581e+00 -1.279912e+00 -1.107504e-02 5.347940e-01 -4.602442e-01 9.261124e-01 8.969799e-01 -9.224900e-01 -2.922754e-01 -7.193570e-01 -1.848594e-02 -1.286217e-01 1.148240e+00 -2.263158e-01 -6.440837e-01 1.964482e-03 
6.633048e+00 4.131311e+00 3.279045e+00 -1.334417e+01 -3.028674e-01 1.622708e+00 -6.395115e+00 -3.183672e+00 3.041854e+00 -1.649223e+01 -8.953791e+00 -6.337252e+00 8.030818e-01 1.891342e+00 1.061020e-02 2.439751e+00 2.829482e+00 -2.750274e+00 -1.292726e-01 -2.434225e+00 4.345927e-01 2.527852e+00 1.943420e+00 -5.713194e-01 -1.850081e+00 -6.653763e-03 3.294826e-01 -3.036585e-01 9.703920e-01 5.411407e-01 -4.517484e-01 -5.226709e-01 -9.153413e-01 2.129609e-01 -3.715140e-01 1.049118e+00 -1.679423e-01 -5.681234e-01 3.559113e-03 
8.489141e+00 2.955833e+00 6.570626e+00 -1.097823e+01 -3.705935e+00 2.602028e+00 -9.766477e+00 -6.120264e+00 8.906230e+00 -1.404035e+01 -1.109012e+01 -1.350782e+01 7.995506e-01 1.981944e+00 -2.892173e-01 3.273373e+00 2.671778e+00 -3.175498e+00 -1.359098e+00 -4.583969e+00 9.111268e-01 1.565774e+00 2.279262e+00 -1.347498e+00 -2.288923e+00 -2.576858e-03 -9.454111e-02 -1.043094e-02 3.860102e-01 -1.332893e-02 4.294316e-01 -4.732012e-01 -4.677421e-01 3.031356e-01 -8.585608e-01 5.527588e-01 6.061785e-02 1.259626e-01 3.145392e-03 
1.237759e+01 4.070670e+00 1.214749e+01 -5.188145e+00 -8.718765e+00 -7.408277e-01 -1.452269e+01 -2.089586e+00 9.236025e+00 -7.160331e+00 -9.730780e+00 -1.363768e+01 8.030115e-01 1.465259e+00 4.543408e-02 3.463036e+00 2.477740e+00 -1.814220e+00 -1.776379e+00 -4.226984e+00 1.339393e+00 6.194190e-01 2.979552e+00 -1.111002e+00 -2.234364e+00 1.711114e-03 -5.917154e-01 6.003493e-02 -4.801259e-01 -6.607344e-01 1.318264e+00 -1.585755e-01 4.407253e-01 -2.704690e-01 -1.135472e+00 -3.143328e-01 1.451798e-01 5.089585e-01 1.301726e-03 
1.223566e+01 3.390430e+00 1.469655e+01 -5.502630e+00 -9.379622e+00 -3.560400e+00 -2.451554e+01 5.354536e-01 7.910204e+00 -8.117916e+00 -1.491106e+01 -1.527987e+01 8.055237e-01 5.918699e-01 2.418971e-01 2.100997e+00 1.304595e+00 1.836376e-01 -1.312228e+00 -3.081499e+00 7.984655e-01 -9.588310e-01 2.017225e+00 -5.468767e-01 -4.580268e-01 4.669357e-04 -6.940245e-01 7.340702e-02 -8.800941e-01 -6.533065e-01 1.604842e+00 2.541350e-01 1.524573e+00 -6.825086e-01 -1.057051e+00 -6.272370e-01 6.474656e-01 8.093287e-01 -7.407679e-04 
1.208611e+01 4.140978e+00 1.653173e+01 -3.693429e+00 -6.537195e+00 -4.177773e+00 -2.015573e+01 1.856106e-01 6.636952e+00 -4.555699e+00 -1.259845e+01 -1.662313e+01 8.086508e-01 -3.721218e-01 4.523278e-02 6.253533e-01 2.095792e-01 2.161472e+00 -9.455491e-01 -9.818245e-01 -8.613959e-01 -1.887338e+00 5.027907e-01 -2.457939e-01 -2.207385e-01 -1.671496e-03 -5.500801e-01 -9.111985e-02 -7.961622e-01 -5.280812e-01 1.125807e+00 2.752548e-01 1.365264e+00 -7.749219e-01 -1.063476e+00 -8.097782e-01 7.780280e-01 9.704026e-01 -1.937745e-03 
1.159395e+01 4.129993e+00 1.488336e+01 -5.202773e+00 -3.878593e+00 -2.240606e+00 -2.235777e+01 -3.265128e+00 5.411841e+00 -5.257016e+00 -1.239070e+01 -1.430538e+01 7.990587e-01 -5.694161e-01 7.784242e-02 2.918075e-01 5.392543e-01 2.860828e+00 -5.037134e-01 1.416165e+00 -1.401007e+00 -2.466115e+00 3.813843e-01 1.457104e+00 7.509601e-01 -4.587539e-03 -3.067840e-01 -9.960862e-02 -4.128791e-01 -1.962296e-01 2.270305e-01 8.977023e-02 7.918158e-01 -4.496019e-01 -1.059288e+00 -6.570235e-01 7.358989e-01 7.545624e-01 -1.666618e-03 
1.083739e+01 3.927415e+00 1.518046e+01 -4.290401e+00 -6.619290e-01 -6.128220e+00 -2.051044e+01 -4.496018e+00 1.048697e+00 -6.076891e+00 -1.222019e+01 -1.522887e+01 7.978817e-01 -7.044069e-01 -3.280671e-01 3.868814e-01 2.200556e-01 2.476231e+00 -8.044155e-01 3.501797e-01 -1.435343e+00 -3.944361e+00 -2.515085e-01 1.776964e+00 2.013154e+00 -5.448465e-03 -6.482803e-02 2.484714e-04 -1.818216e-01 5.256076e-02 -4.208177e-01 2.295248e-01 1.348809e-01 -2.797545e-02 -7.752064e-01 -2.593295e-01 3.613669e-01 6.250951e-01 -1.773061e-03 
1.001293e+01 3.886548e+00 1.683071e+01 -2.507713e+00 1.986651e+00 -5.103974e+00 -1.725775e+01 -4.128770e+00 -1.626185e+00 -5.450357e+00 -7.814276e+00 -1.222263e+01 7.879734e-01 -7.759531e-01 -6.950483e-02 1.557974e-01 3.181334e-01 1.161479e+00 -9.339808e-01 2.114372e-01 -1.162521e+00 -5.226707e+00 -8.906947e-01 2.121267e+00 2.197799e+00 -5.970576e-03 1.627067e-02 6.779348e-02 -2.245137e-01 -5.234716e-02 -4.558725e-01 2.217606e-01 -2.412639e-01 1.331030e-01 -1.461760e-01 -2.377905e-02 -2.826399e-01 1.461122e-01 -3.188948e-03 
9.354809e+00 2.622305e+00 1.749250e+01 -3.940263e+00 2.911220e+00 -6.768197e+00 -2.095496e+01 -6.559569e+00 -9.565613e+00 -5.716657e+00 -6.001650e+00 -7.598516e+00 7.869369e-01 -5.930366e-01 1.201142e-01 -2.157780e-01 5.828320e-01 9.070798e-01 4.171259e-01 2.949503e-01 -1.120396e+00 -4.383189e+00 -1.576788e-01 1.228864e+00 2.181228e+00 -9.841969e-03 1.996747e-02 1.243396e-01 -3.470846e-01 -1.844106e-02 -4.363976e-01 3.448472e-01 1.680120e-01 4.701605e-02 7.543730e-01 9.503477e-02 -5.690422e-01 -5.513833e-01 -6.611179e-03 
8.455566e+00 4.434518e+00 1.450694e+01 -3.787135e+00 1.426667e-01 -6.590473e+00 -2.107875e+01 -8.046314e+00 -1.541450e+01 -9.890362e+00 -4.894139e+00 -7.131279e+00 7.746745e-01 -5.437416e-01 1.926807e-01 -5.295824e-01 9.612097e-02 1.366063e+00 -5.752680e-03 2.376187e-01 -8.929893e-01 -2.977750e+00 2.155803e-01 3.180079e-01 1.397444e+00 -1.834015e-02 -5.494284e-03 9.266648e-02 -1.359547e-01 -5.977504e-02 -3.534576e-01 3.055279e-01 3.902869e-01 -2.768347e-02 1.379101e+00 4.674704e-01 -4.898697e-01 -6.521620e-01 -1.062989e-02 
8.650905e+00 4.253912e+00 1.526400e+01 -7.364518e-01 4.795864e+00 -3.299323e+00 -1.712497e+01 -8.139606e+00 -1.397303e+01 -4.645073e+00 -7.536218e+00 -6.868042e+00 7.553147e-01 -7.206103e-01 1.625872e-01 -1.005800e+00 2.388910e-01 1.920531e-01 4.556372e-01 1.176901e+00 -1.335078e+00 -1.297088e+00 -3.294329e-01 -1.664764e-01 -3.436098e-01 -3.232049e-02 -1.182931e-01 8.559251e-02 6.392808e-02 -1.050414e-01 -5.532009e-01 3.980192e-02 2.945200e-01 8.779663e-02 1.378929e+00 3.753689e-01 2.843269e-02 -2.955510e-01 -1.375689e-02 
7.646364e+00 4.034197e+00 1.529733e+01 -3.628978e+00 7.874802e+00 -6.867090e+00 -1.798449e+01 -7.804035e+00 -1.431112e+01 -4.907725e+00 -5.457076e+00 -5.600501e+00 7.120978e-01 -7.397806e-01 3.725369e-01 -1.289399e-01 1.913010e-01 -2.482610e-01 5.744552e-01 1.721743e+00 -1.193566e+00 1.257732e-01 1.532514e+00 3.696452e-01 1.993915e-01 -4.788383e-02 -2.114064e-01 -3.147030e-02 1.438744e-01 8.983125e-02 -6.083720e-01 1.522039e-01 1.456774e-01 3.614353e-01 9.480444e-01 2.541456e-01 2.485670e-01 2.901081e-01 -1.592190e-02 
6.156529e+00 3.635633e+00 1.206817e+01 -2.824940e+00 5.226835e-03 -4.351542e+00 -1.661696e+01 -1.335592e+01 -1.660253e+01 -9.855706e+00 -6.552521e+00 -1.008221e+01 6.566185e-01 -1.086558e+00 4.581876e-01 -9.648150e-02 1.007999e-02 -1.051699e+00 3.259972e-01 1.025355e+00 -5.312008e-01 9.596592e-01 1.060734e+00 1.345250e+00 1.302529e+00 -6.385819e-02 -2.589104e-01 -4.564106e-01 -4.996252e-02 1.875298e-01 -1.546766e-01 -3.720011e-03 2.664987e-01 6.989214e-01 5.881804e-01 2.940271e-01 4.728763e-01 7.515215e-01 -1.792422e-02 
6.004303e+00 6.606626e+00 1.545972e+01 -1.786410e+00 1.296875e+00 -3.192237e+00 -1.272411e+01 -1.140620e+01 -1.347114e+01 3.772342e-01 -3.537424e+00 -4.527152e+00 5.846078e-01 -1.417701e+00 -1.123805e-01 -2.648289e-01 6.596225e-01 -1.054020e+00 8.200024e-01 1.041790e+00 5.121501e-01 6.341504e-01 7.913743e-01 8.050821e-01 2.024990e+00 -8.217649e-02 -3.066454e-01 -1.050624e+00 -8.832014e-01 -3.330774e-01 -1.336896e-01 -1.264504e-01 1.018211e+00 7.190683e-01 3.659976e-01 2.160504e-01 8.269130e-01 5.980037e-01 -1.680959e-02 
4.039095e+00 5.258451e+00 1.470031e+01 -1.607227e+00 2.826179e+00 -3.506433e+00 -1.462852e+01 -8.994198e+00 -9.594387e+00 -1.984354e+00 -1.769917e+00 -8.920428e-01 4.997550e-01 -1.676158e+00 -1.876924e+00 -1.187591e+00 9.424878e-01 -1.784221e-01 3.143543e-01 2.849264e+00 1.306593e+00 1.389563e+00 1.511231e+00 1.979952e+00 2.501145e+00 -1.047994e-01 -8.797928e-02 -1.249882e+00 -1.243044e+00 -5.955438e-01 -2.077399e-01 -1.307243e-01 1.806105e+00 4.071796e-01 9.660163e-02 8.833603e-01 1.237198e+00 2.903845e-01 -8.527147e-03 
1.616827e+00 2.660535e+00 1.265721e+01 -9.394041e-01 1.194081e+00 -3.189411e+00 -1.377029e+01 -7.423908e+00 -1.464424e+01 -4.886750e+00 -3.822827e+00 -7.055380e-02 3.796611e-01 -1.978204e+00 -3.712827e+00 -3.999355e+00 -1.940108e+00 -1.353399e+00 -5.202601e-02 5.901025e+00 1.482770e+00 1.740710e+00 2.387509e+00 4.186759e+00 2.590086e+00 -1.114591e-01 2.001868e-01 -8.305552e-01 -1.019992e+00 -1.434916e-01 -2.934293e-01 -1.685834e-01 1.229031e+00 1.069703e-01 1.446179e-01 7.554070e-01 1.096767e+00 -1.823938e-01 4.983034e-03 
-3.019277e-02 -3.776251e+00 7.531863e+00 1.464026e+00 -8.360194e-01 -2.781126e+00 -1.847369e+00 -8.813880e+00 -9.068154e+00 3.330028e-01 3.489582e+00 1.954297e-01 2.350951e-01 -1.246082e+00 -3.991015e+00 -4.444447e+00 -1.667831e+00 -1.940839e+00 1.085126e-01 7.626133e+00 1.019290e+00 8.894014e-01 4.679357e+00 5.840287e+00 2.471836e+00 -9.185220e-02 4.190378e-01 2.073104e-01 -2.338020e-01 8.624184e-01 -7.263445e-03 -2.193352e-01 -6.840830e-01 -8.856235e-02 -2.901101e-01 -2.931873e-01 -2.235072e-01 -6.259920e-01 1.377560e-02 
-1.852330e+00 -7.440227e+00 -9.531209e-01 -1.302283e+01 -3.639219e+00 -3.814978e+00 1.039049e+01 -4.082473e+00 -5.030378e+00 1.115645e+01 1.476668e+01 7.879530e+00 1.596411e-01 -6.316054e-01 -3.208183e+00 -3.736297e+00 1.247309e+00 -1.640009e+00 8.007689e-02 4.798539e+00 1.190750e+00 1.607419e+00 2.984472e+00 4.358830e+00 1.127690e+00 -6.373599e-02 3.308689e-01 1.234405e+00 6.534100e-01 1.838049e+00 7.987207e-01 -2.182667e-01 -2.385306e+00 -2.918326e-01 -4.816015e-01 -1.299075e+00 -1.911558e+00 -9.405530e-01 1.314899e-02 
-4.571132e-01 -9.646171e+00 -7.170358e-01 -3.905066e+00 -4.461281e+00 -2.651152e+00 1.142191e+01 -5.568522e+00 -9.954617e+00 1.339082e+01 1.813696e+01 7.491931e+00 1.505058e-01 -2.542474e-01 -1.092884e+00 -2.488225e+00 3.660915e+00 -7.153566e-02 -8.483005e-01 -1.999132e-02 1.009856e+00 5.655090e-03 -2.531104e-01 7.765926e-01 1.023344e-01 -5.978128e-02 -1.366385e-01 1.740993e+00 9.429325e-01 1.007612e+00 1.225060e+00 -2.454056e-01 -2.498298e+00 -2.286179e-01 -2.685974e-01 -1.574258e+00 -2.729471e+00 -7.518963e-01 5.163786e-03 
-1.327741e+00 -1.044550e+01 -1.900278e+00 7.981810e+00 -5.192862e+00 -2.854024e+00 3.587476e+00 -3.093166e+00 -6.164187e+00 3.506715e+00 1.064775e+01 1.920007e+00 1.032834e-01 -8.198851e-01 1.010136e+00 -1.710436e+00 4.585744e+00 1.705488e+00 -6.649237e-01 -2.202414e+00 2.837582e-02 -2.255156e-01 -1.641676e+00 -2.839153e+00 -9.278689e-01 -6.174753e-02 -1.675530e-01 1.461183e+00 9.150679e-01 -3.525210e-01 8.839976e-01 1.066163e-01 -9.955317e-01 -4.214253e-01 5.273181e-03 -5.633433e-01 -2.001585e+00 -1.505415e-01 2.097033e-03 
-1.563902e+00 -7.738161e+00 -4.435729e+00 9.266260e+00 -4.165416e-01 -7.503394e+00 1.454076e+00 -4.258961e+00 -8.472753e+00 2.892036e+00 9.432161e+00 3.686954e+00 -3.562574e-02 -1.835226e+00 2.604787e+00 -7.427417e-01 1.701030e+00 2.511730e+00 -7.460513e-01 -1.364991e+00 4.573004e-01 4.627555e-01 -8.789088e-01 -4.208108e+00 -2.598544e-01 -6.702973e-02 4.589133e-02 4.463650e-01 8.088781e-01 -1.025356e+00 -2.169775e-02 7.120412e-01 5.589092e-01 -3.998671e-01 6.094062e-01 2.678964e-01 -1.718136e-01 2.029365e-01 8.124095e-03 
-5.398174e+00 -3.343850e+00 -7.645641e+00 3.320307e+00 2.865693e+00 -4.713489e+00 4.362324e+00 -4.595228e+00 -6.898479e+00 8.197515e+00 4.923944e+00 5.142410e+00 -5.602204e-02 -6.789606e-01 2.248899e+00 -3.374485e-02 4.646929e-01 1.488329e+00 5.619912e-01 4.935087e-01 -6.401322e-01 1.405286e+00 4.805920e-01 -3.156908e+00 5.561695e-01 -4.962790e-02 4.648781e-01 -5.819622e-01 5.144242e-01 -9.808761e-01 -8.822114e-01 8.061725e-01 9.301916e-01 -8.140872e-02 2.548201e-01 1.617118e-01 1.499537e+00 1.959947e-01 1.244406e-02 
-7.598398e+00 -1.729160e-01 -1.558118e+00 6.930938e+00 4.067719e+00 -5.451794e+00 4.210305e+00 -2.530980e+00 -7.273648e+00 6.650786e+00 -4.175851e-02 4.581020e+00 -1.049837e-01 -9.517961e-02 5.196829e-01 7.178838e-01 5.946460e-01 -7.143893e-02 2.098415e+00 1.426676e+00 -6.551610e-01 2.237330e+00 2.517471e-02 7.633231e-02 3.749060e-01 -2.522201e-02 5.674183e-01 -1.073078e+00 -1.090019e-01 -6.280518e-01 -1.099230e+00 5.578269e-01 3.459473e-01 -9.142416e-03 -2.811608e-01 -1.568422e-01 2.214974e+00 -2.082844e-02 1.380974e-02 
-1.705064e+00 -2.983078e+00 -3.508285e+00 1.147268e+01 6.658500e-03 -1.069999e+00 4.677267e+00 -7.157958e+00 2.629432e-01 4.030194e+00 -4.000865e-01 4.253837e+00 -1.101662e-01 6.344325e-01 -8.570678e-01 1.314536e-01 2.345444e-01 -1.413952e+00 1.943773e+00 1.052683e+00 1.776767e-01 1.614687e-01 -1.285237e+00 2.516398e+00 -2.652653e-01 -2.042859e-02 3.609102e-03 -6.349485e-01 -2.833842e-01 -4.884076e-01 -4.307155e-01 -3.546022e-01 -5.740582e-01 3.553036e-01 -7.191587e-01 -3.023684e-01 1.455283e+00 -1.354293e-01 9.212622e-03 
-3.886212e+00 -5.319972e+00 -2.914552e+00 8.163279e+00 6.554890e-01 1.167236e+00 8.430280e+00 -6.253587e+00 -8.669922e-01 5.101322e+00 1.247559e+01 6.005876e+00 -1.346558e-01 3.450524e-01 -1.207521e+00 -1.370350e+00 -1.324224e+00 -1.533316e+00 1.352146e+00 8.511662e-02 2.706168e-03 -3.209868e-01 -7.802731e-01 4.030067e+00 4.676045e-02 -1.257472e-02 -1.810464e-01 1.609873e-01 -1.085628e-01 -1.329615e-01 1.671854e-01 -1.061424e+00 -9.732794e-01 3.224553e-01 -4.483286e-01 7.729578e-02 -1.384139e-01 -1.170612e-01 5.274245e-03 
-4.081931e+00 -5.055874e+00 -6.310329e+00 3.877055e+00 -2.498182e+00 1.695889e+00 7.514957e+00 -1.845219e+00 -9.295027e+00 2.546393e+00 1.124689e+01 3.103595e+00 -1.433343e-01 -8.810474e-01 -6.235889e-02 -4.065314e-01 -1.018065e+00 6.572393e-02 -8.377770e-01 -1.706114e+00 8.074608e-01 -9.113787e-01 -6.285437e-01 2.142634e+00 4.315322e-02 -9.886404e-03 -2.984200e-01 7.390448e-01 4.288036e-01 2.154061e-01 7.909765e-01 -1.058824e+00 -2.009627e-01 -1.380052e-01 6.059642e-01 6.191034e-01 -1.176233e+00 -6.017544e-02 4.671739e-03 
-4.684732e+00 -5.174081e+00 -7.008728e+00 4.107890e+00 -2.346712e+00 -7.400832e-02 3.216728e+00 -5.173774e+00 -4.099648e+00 3.491667e+00 1.428559e+01 5.389955e+00 -1.512926e-01 -2.427224e-01 9.273034e-01 4.441679e-01 5.560836e-01 2.451704e-02 -1.817876e+00 -2.060423e+00 6.422536e-01 5.320217e-01 8.341778e-02 -4.288716e-01 -3.646896e-01 -4.120972e-03 -2.917657e-01 8.594393e-01 7.428134e-01 1.235626e-01 9.222142e-01 -5.550809e-01 1.117605e+00 -3.808394e-01 9.852182e-01 5.391326e-01 -1.685199e+00 -1.947416e-01 3.404469e-03 
-5.711401e+00 -3.367580e+00 -3.493266e+00 8.410112e+00 1.836326e+00 -4.638330e+00 -1.246348e+00 -3.660921e+00 -2.678098e+00 1.692318e+00 9.408552e+00 4.777957e+00 -1.512926e-01 -5.637106e-01 1.770725e+00 1.368141e+00 3.712961e-01 1.761881e+00 -1.765259e+00 1.120525e+00 -8.319964e-01 2.764830e+00 1.378497e+00 -1.135445e+00 -3.604060e-01 -1.299353e-03 -1.810964e-02 4.238196e-01 1.848922e-03 -5.250663e-01 4.984413e-01 5.954010e-01 1.633939e+00 -5.770534e-01 9.063958e-01 6.318157e-01 -8.682730e-01 -1.622749e-01 2.404311e-03 
-4.285281e+00 -1.527242e+00 -2.102569e+00 8.677058e+00 -1.389215e+00 -4.755307e+00 2.509230e+00 -2.134492e+00 -1.515515e+00 5.945365e+00 1.125003e+01 3.345648e+00 -1.512926e-01 -1.272441e+00 2.173213e+00 1.456311e+00 -1.401126e+00 2.229666e+00 -9.595057e-01 4.259813e+00 -1.081782e+00 2.766955e+00 9.119798e-01 -2.756759e+00 -7.251875e-01 1.447824e-04 1.530525e-01 -1.100598e-01 -5.760818e-01 -6.855960e-01 1.515139e-01 1.272591e+00 6.925049e-01 -3.439913e-02 1.871843e-01 3.619504e-01 1.044241e-02 9.751971e-02 9.241555e-04 
-7.100133e+00 1.974144e+00 -1.922807e+00 3.448753e+00 5.832675e+00 -4.790060e+00 1.347129e+01 -7.524857e+00 3.237185e+00 8.211651e+00 7.087553e+00 2.323690e+00 -1.498344e-01 -4.566765e-01 1.433860e+00 -9.033378e-01 -2.664881e+00 1.455248e+00 1.709943e+00 3.303522e+00 -1.215725e+00 2.503205e+00 2.116204e+00 -1.034922e+00 -5.878872e-01 3.688447e-07 5.981018e-01 -5.191179e-01 -7.774168e-01 -1.313235e-03 -5.356048e-01 1.204530e+00 -1.112562e+00 9.473520e-01 -6.397626e-01 -3.132527e-01 4.243708e-01 1.161335e-01 1.710237e-04 
-1.035259e+01 3.020869e+00 -5.128668e-01 -4.173962e-01 6.803630e+00 -4.795711e+00 1.715695e+01 -8.650620e+00 6.777502e+00 4.791703e+00 1.662267e+00 2.991395e+00 -1.512926e-01 4.688605e-01 5.454485e-01 -1.300589e+00 -1.353870e+00 9.354216e-01 2.807442e+00 3.106209e-01 6.621092e-01 1.598778e+00 1.524276e+00 -4.267673e-01 2.365911e-01 -1.440447e-04 7.510110e-01 -6.326209e-01 -5.684485e-01 6.997478e-01 -5.598911e-01 6.345423e-01 -1.753838e+00 1.329074e+00 -9.038808e-01 -5.964118e-01 6.665186e-01 1.569242e-01 -5.792839e-05 
-4.961334e+00 1.527243e+00 -8.804946e+00 -3.671153e-01 5.016340e+00 3.931429e+00 7.947282e+00 -6.481595e+00 5.691281e+00 1.285047e+01 9.027665e+00 2.015338e+00 -1.512926e-01 1.556090e+00 -1.092826e-02 -1.140478e+00 3.410926e-01 -2.690579e-01 2.373891e+00 -2.467477e+00 3.032823e+00 1.499951e-01 -4.938637e-01 -1.784549e-01 -2.606435e-01 -2.940126e-04 1.918690e-01 -2.768686e-01 3.378127e-01 7.686960e-01 -2.792699e-01 -2.852236e-01 -9.216872e-01 6.424709e-01 -9.775402e-01 -9.435476e-01 3.688059e-01 1.105432e-01 1.437227e-05 
-3.010242e+00 1.423097e+00 -5.164636e+00 3.815804e+00 3.695772e+00 4.921204e+00 6.824778e+00 6.545045e-01 5.251370e+00 1.124765e+01 8.145748e+00 4.683020e+00 -1.512926e-01 1.476214e+00 -2.674775e-01 -1.267404e+00 5.946460e-01 2.924586e-01 1.881154e+00 -1.623747e+00 3.439259e+00 -5.758129e-01 -7.650544e-01 1.475562e-01 -1.041797e-01 3.688447e-07 -3.723099e-01 3.055245e-02 5.626217e-01 -1.040147e-02 -1.916560e-01 -4.819626e-01 2.502090e-02 -6.903436e-01 -6.786002e-01 -4.793844e-01 3.366967e-01 -8.342733e-02 5.855600e-05 
-2.991167e+00 2.718540e+00 -5.299340e+00 3.037820e+00 6.041125e+00 2.221150e+00 6.299446e+00 2.986443e+00 4.750037e+00 2.514474e+00 2.953402e+00 1.750298e-01 -1.512926e-01 -1.039795e-03 4.558727e-01 7.691147e-01 2.043409e-01 3.803860e-01 7.469353e-01 -3.376084e-01 6.079177e-01 -1.297230e+00 -1.456991e+00 5.218053e-01 1.351377e-01 3.688447e-07 -6.143121e-01 1.360687e-01 5.534348e-01 -5.251974e-01 -1.791921e-01 -3.877601e-01 2.344390e-01 -1.619391e+00 -1.573626e-01 2.256469e-01 1.218000e-01 5.270530e-02 5.855600e-05 
-3.956793e+00 1.087812e+00 -8.602654e+00 8.533407e-01 7.753397e+00 5.465396e+00 9.861954e+00 3.811793e+00 4.368781e+00 6.134603e+00 5.437040e+00 3.390371e+00 -1.512926e-01 -6.141468e-01 4.648302e-01 5.577722e-01 -1.337375e+00 -3.476025e-01 1.211161e+00 -6.292351e-01 -1.577075e+00 -1.070592e+00 -3.909943e-01 9.064143e-01 -3.783295e-01 3.688447e-07 -4.236493e-01 2.960774e-01 4.439350e-01 -4.987629e-01 -4.374974e-01 -4.583141e-01 -1.754139e-01 -1.177375e+00 2.448383e-01 1.707267e-01 -4.554833e-01 8.335971e-02 3.138049e-07 
-4.493209e+00 3.974434e+00 -3.240284e+00 2.136420e+00 4.889781e+00 7.394086e+00 4.740768e+00 -5.020609e+00 -3.540391e-01 8.122276e+00 1.299078e+01 3.337409e+00 -1.512926e-01 -4.702555e-01 3.032918e-01 7.141293e-01 -1.318763e+00 -8.449872e-01 7.701466e-01 -1.792876e+00 -2.556032e+00 -3.895448e-01 4.472939e-01 5.108020e-02 1.399849e-01 3.688447e-07 -8.063188e-02 8.372132e-02 -7.485498e-02 -5.929441e-02 -1.380887e-01 -5.177560e-01 7.183298e-02 3.825555e-01 6.482438e-01 6.101081e-02 -8.613654e-01 3.937462e-02 3.138049e-07 
-5.329882e+00 3.119741e+00 -3.405027e+00 -2.420407e+00 2.533547e+00 8.390642e+00 4.458539e+00 -3.227185e+00 2.450325e+00 6.488909e+00 7.658884e+00 1.209541e+00 -1.512926e-01 -4.073815e-01 1.289129e+00 9.798518e-01 -1.137542e+00 -1.282399e+00 -4.219888e-01 -1.773001e+00 -8.655645e-01 1.944728e-01 -8.635756e-01 -1.894303e+00 3.102012e-01 3.688447e-07 4.071580e-02 -3.991343e-02 -1.238969e-01 4.827662e-01 1.733257e-01 -6.978627e-01 5.782769e-01 1.269363e+00 7.026852e-01 -1.641538e-01 -5.727617e-01 2.215810e-01 3.138049e-07 
-4.655736e+00 3.219492e+00 -4.327308e+00 -1.918969e+00 4.426208e+00 4.608985e+00 3.715508e-02 -6.273777e+00 3.761759e+00 4.573738e+00 2.097717e+00 1.965123e+00 -1.512926e-01 -5.076832e-01 4.624147e-01 1.837745e-01 -1.919826e-01 1.572303e-01 -1.025333e+00 5.932657e-01 2.164881e+00 1.311373e+00 -9.156396e-01 -2.384615e+00 -1.219527e-02 3.688447e-07 3.054581e-03 -1.525949e-01 -1.543960e-01 4.986269e-01 2.483841e-01 -3.689552e-01 8.303038e-01 1.213399e+00 4.781503e-01 -1.813112e-01 2.220821e-02 8.013738e-03 3.138049e-07 
-5.912844e+00 7.911297e+00 -3.160024e+00 -2.806656e+00 1.572900e+00 4.748000e+00 3.348222e+00 1.107686e-01 3.283113e+00 3.590617e+00 1.412014e+00 5.627693e+00 -1.512926e-01 -3.918627e-01 1.858367e-01 2.035160e-01 5.130631e-01 1.784268e-02 -1.380518e+00 1.068927e+00 2.409291e+00 1.592262e+00 -5.302513e-01 -7.396668e-01 8.057449e-01 3.688447e-07 8.147309e-02 -2.935267e-01 -1.436892e-01 3.680273e-01 9.968788e-02 7.303102e-02 5.352560e-01 7.494929e-02 3.062944e-02 1.030111e-01 4.034201e-01 -2.334128e-01 3.138049e-07 
-6.739978e+00 3.890942e+00 -2.443790e+00 1.369406e+00 6.156231e+00 4.088809e+00 8.262225e+00 4.134832e+00 5.785903e+00 4.992796e+00 4.191024e+00 1.067526e+00 -1.512926e-01 -4.626102e-01 9.203365e-02 3.304426e-01 3.490057e-01 -2.531942e-01 -5.955138e-01 9.376375e-01 1.873629e+00 1.302166e+00 -6.259118e-01 -4.152744e-01 -6.765649e-02 3.688447e-07 1.178404e-01 4.543061e-02 -5.229302e-02 -1.118795e-02 -4.059710e-01 3.012540e-01 -1.907432e-01 -9.535195e-01 -5.769457e-01 9.524249e-02 4.225490e-01 4.530277e-02 3.138049e-07 
-6.247055e+00 3.712973e+00 -3.328522e+00 -1.499351e+00 1.757584e+00 1.748443e+00 5.691369e+00 3.614419e+00 9.399816e+00 3.628009e+00 2.913529e+00 5.687323e+00 -1.512926e-01 -2.260637e-02 6.785615e-03 1.881346e-01 4.321489e-01 -5.787867e-01 -2.717497e-01 7.312437e-01 -3.451506e-01 3.522695e-01 -4.934060e-01 -8.620424e-01 -8.291209e-01 3.688447e-07 8.493885e-02 1.777367e-01 -6.789725e-02 -6.956237e-02 -4.134402e-01 2.419545e-01 -3.701620e-01 -8.342435e-01 -7.998742e-01 1.293495e-01 1.643846e-01 -4.862628e-02 3.138049e-07 
-6.801785e+00 5.778738e+00 -2.590698e+00 -8.278717e-01 3.068130e+00 3.131528e+00 3.553480e+00 1.342355e+00 7.214646e+00 1.425562e+00 -7.295594e-01 1.597532e+00 -1.512926e-01 -1.030531e-01 7.790503e-01 -6.983659e-02 -2.074744e-01 -1.574136e+00 -7.352072e-02 -1.916039e-01 -1.225598e+00 -9.534484e-01 -4.579338e-01 -2.106676e-01 1.031648e+00 3.688447e-07 8.577063e-02 1.726252e-01 1.232377e-01 -4.415468e-03 -1.732350e-01 5.832189e-02 -3.856561e-01 -1.610139e-02 -4.139657e-01 2.665255e-01 8.134083e-02 1.433170e-01 3.138049e-07 
-5.994489e+00 7.000796e+00 -2.145750e+00 4.529215e-01 2.231262e-01 3.867855e+00 9.359072e+00 -2.185362e-01 4.330047e+00 2.907084e+00 -4.373358e-01 1.216995e+00 -1.512926e-01 -1.468709e-01 7.311423e-01 6.411464e-02 4.434055e-01 -1.388899e+00 -4.317659e-01 -2.170209e-01 -2.123046e-01 -1.279240e+00 3.249801e-02 -2.014368e-02 1.294263e-02 3.688447e-07 -3.248097e-02 -5.725607e-02 1.926123e-01 -4.998771e-02 2.905415e-01 1.107120e-01 -3.550799e-01 7.558098e-01 1.484615e-01 2.201216e-01 9.591525e-02 -9.414716e-02 3.138049e-07 
-7.381313e+00 6.141708e+00 -3.384845e+00 -6.441177e-01 -9.471166e-01 2.661647e+00 5.470076e+00 -7.651046e-02 3.553700e+00 3.063489e+00 4.812720e+00 8.460535e+00 -1.512926e-01 2.840029e-02 5.930546e-01 1.008556e+00 3.211426e-01 -7.142085e-01 -2.239091e-01 -5.164829e-01 1.726632e+00 4.814970e-02 4.437467e-01 -4.295191e-01 2.279112e-01 3.688447e-07 -2.772133e-02 -3.481560e-01 1.291484e-01 -3.535041e-02 6.818257e-01 2.886818e-01 2.650439e-02 7.248594e-01 4.675374e-01 1.268985e-01 -4.679251e-02 -6.903417e-01 3.138049e-07 
-6.691907e+00 7.187115e+00 -2.610880e+00 6.257051e-01 -3.179368e+00 -1.757265e-01 3.647770e+00 3.262140e+00 4.833593e+00 2.971379e+00 4.165899e-02 2.320160e+00 -1.512926e-01 -2.507100e-01 -1.865573e-01 6.120309e-01 -8.209085e-02 4.439375e-01 3.571198e-01 -8.814942e-01 1.957878e+00 5.936389e-01 1.564219e-01 -2.731503e-01 -8.979965e-01 3.688447e-07 -6.552118e-02 -4.275214e-01 -1.599690e-01 -2.093376e-01 6.264713e-01 4.306801e-01 2.463068e-01 3.085954e-02 2.867736e-01 -2.560696e-02 2.055269e-01 -3.664739e-01 3.138049e-07 
-6.310769e+00 8.650859e+00 2.684843e+00 6.915275e-01 1.198376e+00 4.033712e+00 3.826729e+00 8.234782e+00 7.203579e+00 3.612049e+00 -3.116664e+00 2.185206e+00 -1.512926e-01 -1.895476e-01 -5.029916e-01 3.019810e-01 -1.213220e-01 9.183972e-01 9.754658e-01 2.731643e-01 1.313614e+00 4.477407e-01 1.146562e-01 -3.183127e-01 -1.964723e+00 3.688447e-07 -9.028979e-02 -3.574663e-01 -3.776176e-01 -1.706253e-01 3.765516e-01 3.456663e-01 3.773476e-01 -4.965142e-01 -8.255587e-02 -8.368448e-02 3.987138e-01 -1.727183e-01 3.138049e-07 
-7.783816e+00 4.813308e+00 -2.120405e+00 -6.253766e-01 1.370176e+00 4.967259e+00 5.772831e+00 5.415153e+00 5.473262e+00 3.415060e+00 2.161723e+00 -1.352843e-01 -1.512926e-01 -3.656176e-01 -8.584769e-01 -3.823087e-01 -3.818969e-01 9.271029e-01 1.121899e+00 6.196383e-01 1.486063e-01 -4.519680e-02 6.911448e-02 9.517386e-01 -7.231584e-01 3.688447e-07 -4.056774e-02 -1.698919e-01 -2.673072e-01 -8.603479e-02 9.748837e-02 1.676253e-01 3.349036e-01 -4.783624e-01 -1.770969e-01 -2.203424e-02 3.719940e-01 1.591357e-01 3.138049e-07 
