-6.725072e+00 2.580795e+00 2.260170e+00 7.945379e+00 8.696655e+00 7.058649e+00 2.445338e+00 9.061999e+00 4.815740e+00 -2.131135e+00 -8.366086e-01 4.489095e+00 -1.512926e-01 7.817743e-03 -6.372824e-01 -3.297576e+00 -4.220449e+00 -4.670814e+00 7.430105e-01 -5.225270e-01 -2.394403e+00 7.347246e-01 6.722111e-01 1.561626e+00 -1.410753e+00 1.200943e-01 8.583387e-03 3.450707e-03 3.245688e-01 4.951403e-01 3.387422e-01 -6.556720e-01 -3.357760e-02 2.935451e-01 1.002192e-03 1.876803e-01 -1.020138e-01 2.816299e-01 -1.758568e-02 
-6.648639e+00 2.844785e-01 -8.168135e+00 -4.589961e+00 -4.799401e+00 9.358763e+00 1.770264e+00 1.982711e+00 7.672094e+00 -1.751961e-01 3.902006e+00 3.047185e-01 2.444412e-01 1.426465e-01 -4.273473e-01 -3.273380e+00 -4.206433e+00 -5.167397e+00 4.749477e-01 -5.802056e-01 -1.982527e+00 1.161592e+00 8.833811e-01 1.926394e+00 -7.391992e-01 1.207912e-01 -1.069492e-01 -9.924958e-02 9.700326e-01 1.483304e+00 1.524231e+00 -1.069613e+00 2.031454e-01 6.503761e-01 -3.217804e-01 1.006573e-01 -7.573478e-01 4.424721e-01 -5.361705e-02 
-6.723798e+00 5.422142e-01 -9.014061e+00 -6.889711e+00 -7.909408e+00 9.623697e+00 1.700495e-01 6.298820e-01 7.061419e+00 2.515462e-01 4.601938e+00 -4.725708e-01 2.513102e-01 -1.670735e-02 -7.249510e-01 -1.686924e+00 -1.751584e+00 -2.728717e+00 -2.401153e+00 -6.615497e-01 -1.132595e+00 5.262694e-01 1.504943e+00 8.689941e-01 -3.382168e-01 3.181479e-02 -2.382747e-01 -1.971835e-01 1.303575e+00 2.045549e+00 2.151549e+00 -1.002865e+00 3.180686e-01 8.332112e-01 -5.127413e-01 2.976251e-02 -1.233159e+00 2.737114e-01 -7.063984e-02 
-6.012549e+00 1.463140e+00 -8.470218e+00 -5.669823e+00 -8.837828e+00 8.150609e+00 6.814529e-01 3.365775e+00 9.501614e+00 1.093975e+00 6.076272e+00 3.273630e+00 2.513629e-01 -5.145549e-01 -1.089812e+00 7.471395e-01 1.961703e+00 1.979296e+00 -3.032939e+00 5.628124e-01 2.266375e-01 -7.699053e-01 7.591798e-01 -1.879001e+00 2.653558e-01 -1.038449e-01 -2.349866e-01 -6.184945e-03 1.237020e+00 1.810148e+00 1.966701e+00 -2.833567e-01 2.950423e-01 4.213279e-01 -7.115729e-01 -5.093687e-02 -9.919088e-01 -3.426998e-02 -5.863607e-02 
-7.126769e+00 -1.633117e+00 -6.023877e+00 -2.729460e-01 -2.927549e+00 -4.343301e+00 -3.182790e-01 2.707579e+00 6.532557e+00 4.759095e+00 2.421466e+00 1.313525e+00 4.323582e-03 -8.549442e-01 -1.291990e+00 1.209927e+00 2.923275e+00 2.513655e+00 -2.517471e+00 4.964258e-01 6.670535e-01 -8.632187e-01 8.831032e-01 -2.701509e+00 -5.444634e-01 -1.207860e-01 -6.544914e-02 3.922373e-01 5.581448e-01 5.929714e-01 6.510556e-01 1.015940e+00 9.071444e-03 -1.206121e-01 -5.278670e-01 -1.307080e-01 5.508968e-02 -1.889907e-01 -1.181113e-02 
-9.020177e+00 -4.076808e+00 -5.927651e+00 1.910601e+00 2.605830e+00 1.177362e+00 4.828488e+00 2.076905e+00 4.086937e+00 1.366825e+00 -4.402317e+00 7.384423e-01 -1.512926e-01 -6.133661e-01 -1.748536e-01 1.463256e+00 2.506977e+00 2.045001e+00 -8.837068e-01 3.161165e-01 -7.755401e-01 -1.701507e+00 9.393689e-01 -1.247876e+00 -8.074515e-01 -9.608921e-02 1.086718e-01 5.905740e-01 -1.125891e-01 -4.852816e-01 -5.370616e-01 1.026723e+00 -5.801314e-01 -3.842834e-01 -1.622138e-01 -2.065285e-02 1.258118e+00 6.226902e-02 2.973626e-02 
-9.494485e+00 -3.147657e+00 -4.235319e+00 3.936618e+00 -1.063204e+00 5.231625e-01 5.789575e-01 4.609293e+00 5.452711e+00 4.530909e+00 -3.666036e+00 -1.926974e+00 -1.512926e-01 -2.945399e-01 7.787848e-01 7.457952e-01 9.404894e-01 4.939060e-01 1.603862e+00 -4.929194e-01 -1.234435e+00 -1.647255e+00 7.614026e-01 8.289824e-01 -7.466474e-01 -3.112455e-02 9.656551e-02 3.833560e-01 -4.574612e-01 -7.695709e-01 -4.139760e-01 6.542919e-01 -3.443460e-01 1.423990e-01 2.628865e-01 -2.553250e-01 1.453290e+00 6.028088e-01 3.376574e-02 
-7.894917e+00 1.346268e+00 -2.048454e+00 4.760249e+00 4.550576e-01 1.298763e+00 1.813731e+00 -1.463320e+00 1.534042e+00 5.904887e+00 2.880699e+00 8.564270e-01 -1.512926e-01 -2.515322e-01 8.277730e-01 4.162104e-01 5.267257e-01 3.037322e-01 3.998522e-02 -1.843293e+00 -7.440231e-01 -1.188986e+00 7.169458e-01 2.646477e+00 6.777136e-01 -3.722988e-07 -3.764958e-02 -1.593610e-01 -6.193745e-01 -6.591794e-01 -1.483439e-01 2.348236e-01 8.714559e-02 8.515497e-01 9.924780e-01 -6.224987e-02 5.649223e-01 6.868804e-01 2.233030e-02 
-9.162003e+00 -4.510281e-01 -4.233883e+00 3.004563e+00 6.170372e-01 3.615151e+00 -1.275081e+00 -1.694736e+00 -4.269626e-01 6.297136e+00 2.924584e+00 -2.479053e+00 -1.512926e-01 -5.530605e-01 1.235666e-01 -5.539690e-01 6.554689e-02 1.314333e+00 2.922171e-01 -1.457214e-01 1.363198e+00 1.948858e-01 -2.822217e-01 2.617730e+00 1.726958e+00 -3.722988e-07 2.487453e-02 -3.135657e-01 -3.717425e-01 -2.090050e-01 1.105927e-01 -1.431732e-01 6.072000e-01 7.298186e-01 1.139777e+00 1.296070e-01 -4.233636e-01 6.635740e-01 6.223497e-03 
-1.044395e+01 -1.285928e+00 -3.847064e+00 5.010159e+00 3.284564e+00 -1.691174e-01 -3.461290e+00 1.509027e+00 1.081566e+00 4.068347e+00 5.534590e+00 4.403018e+00 -1.512926e-01 -6.722500e-01 -6.440184e-01 -9.837613e-01 -3.513480e-01 8.931417e-01 9.462054e-01 5.782822e-01 2.183255e+00 2.339944e+00 1.149844e+00 6.822724e-01 1.390165e+00 -3.722988e-07 1.460866e-01 -1.803125e-01 -1.494190e-01 -4.653072e-02 1.196035e-01 2.393843e-01 6.322407e-01 6.431358e-02 7.564919e-01 7.501450e-02 -1.213794e+00 -9.509125e-02 9.717907e-07 
-1.098535e+01 -1.213611e+00 -6.105741e+00 4.139365e+00 4.093671e+00 2.718474e+00 2.487732e+00 9.939594e+00 6.653607e+00 4.038718e+00 8.095835e+00 4.934692e+00 -1.512926e-01 4.028091e-02 -5.319937e-02 -4.129454e-01 3.345306e-01 7.523680e-01 4.347914e-01 1.332201e+00 9.510141e-01 2.287096e+00 1.192912e+00 -3.057214e-01 2.215016e+00 -3.722988e-07 2.050237e-01 1.346465e-01 2.549032e-01 1.534626e-01 -2.244238e-02 -3.993910e-02 -1.671858e-01 -7.012464e-01 -3.543180e-01 -1.760180e-01 -1.163216e+00 -5.023634e-01 9.717907e-07 
-1.034459e+01 -1.492596e+00 -6.031058e+00 2.436189e+00 3.182240e+00 6.478006e+00 2.823659e+00 3.635953e+00 9.693206e+00 1.278362e+01 3.706965e+00 4.100265e+00 -1.512926e-01 1.823369e-01 1.456774e-02 -4.013360e-01 1.597806e-01 1.182761e+00 1.165617e+00 5.788969e-01 -2.163451e-01 1.547482e+00 3.544836e-01 -1.960838e+00 -4.164422e-02 -3.722988e-07 -4.960638e-02 4.284824e-01 1.128066e-01 4.890767e-01 -2.461491e-01 -3.043823e-01 -4.342980e-01 -2.488717e-01 -1.263834e+00 -6.832464e-01 -2.075889e-01 -7.442445e-01 9.717907e-07 
-9.010410e+00 -6.138267e-01 -5.206675e+00 5.964093e+00 4.430273e+00 2.465582e+00 2.243567e+00 1.996666e+00 6.702862e+00 7.903721e+00 2.310204e+00 8.747306e+00 -1.512926e-01 4.466462e-02 4.676072e-01 4.292862e-01 5.772720e-01 1.057324e+00 -1.706379e-02 -9.819062e-01 -9.430830e-01 -1.180561e+00 -7.644395e-01 -1.876800e+00 -6.886390e-02 -3.722988e-07 -3.280504e-01 3.633989e-01 -1.661634e-01 3.787393e-01 -6.983182e-01 -2.450932e-01 -4.321795e-01 4.585918e-01 -1.175059e+00 -4.905193e-01 5.746252e-01 -5.673406e-01 9.717907e-07 
-1.051953e+01 -1.512817e+00 -6.303459e+00 4.896387e+00 9.030492e+00 5.785401e+00 -4.449224e-01 4.398422e+00 8.794517e+00 3.907821e+00 -1.376518e+00 2.288569e+00 -1.512926e-01 -9.225956e-01 1.237948e+00 -8.407824e-01 1.972737e+00 -4.902192e-01 -3.498014e-01 -4.360605e-01 1.885949e+00 -2.245303e+00 -1.287780e+00 4.299002e-01 -1.189340e+00 -3.722988e-07 -1.800850e-01 1.324519e-01 -8.175036e-02 1.159435e-01 -9.625736e-01 -4.818243e-01 1.358641e-02 5.721806e-01 -4.280554e-01 -1.709127e-01 7.920927e-01 1.625708e-01 9.717907e-07 
-1.067410e+01 1.134458e+00 -3.823128e+00 5.795380e+00 6.456202e+00 2.979503e+00 -7.878256e-01 4.842646e+00 1.200112e+00 4.654289e+00 1.253435e+00 5.496047e+00 -1.512926e-01 -1.047591e+00 1.152014e+00 -1.023967e+00 1.321599e+00 -1.902639e+00 -3.299118e-02 -3.211133e-01 2.192803e+00 -1.691805e+00 -4.386542e-01 1.372055e+00 -4.800902e-02 -3.722988e-07 1.139527e-01 -5.223953e-01 -6.562049e-02 -6.120775e-01 -5.124069e-01 -2.383295e-01 3.212638e-01 -3.460441e-02 6.318374e-01 6.503586e-02 3.219385e-01 8.181270e-02 9.717907e-07 
-1.412546e+01 3.823204e+00 -1.092661e+01 1.238443e+01 -2.821468e-01 4.472119e+00 2.159317e+00 1.164284e+01 1.218060e+00 7.969612e+00 6.384792e+00 -2.206475e-01 -1.512926e-01 -1.717960e-01 3.346244e-01 -8.348273e-02 3.673335e-01 -2.149962e+00 -1.235461e+00 3.164238e-01 1.076466e+00 -3.371662e-01 -6.631612e-01 3.751267e-01 7.607268e-01 -3.722988e-07 4.675751e-01 -9.178686e-01 4.011858e-01 -1.392614e+00 4.472478e-01 -4.511820e-02 9.405696e-02 -1.089950e+00 1.119859e+00 3.040012e-01 -4.633310e-01 8.428374e-02 9.717907e-07 
-1.244564e+01 2.478317e+00 -8.014939e+00 8.828327e+00 -4.271383e-01 2.956720e+00 -6.644019e-01 9.338380e+00 2.032015e+00 3.679636e+00 5.289458e+00 9.762049e+00 -1.512926e-01 2.392067e-01 -1.692674e+00 -2.775431e-01 -1.680462e+00 -6.747427e-01 -7.658441e-01 2.481931e-01 -7.113769e-01 1.024621e+00 -7.516581e-01 -2.398120e-01 -6.347894e-01 -3.722988e-07 3.607112e-01 -6.142255e-01 2.987995e-01 -1.068370e+00 9.269500e-01 7.025199e-02 -3.778837e-03 -1.138363e+00 7.305936e-01 3.754181e-01 -3.839742e-01 -4.705207e-01 9.717907e-07 
-1.049321e+01 -5.113493e-01 -4.625010e+00 5.216310e+00 1.722054e+00 -3.806745e-01 1.075872e+00 7.533186e+00 6.692426e+00 1.079382e+00 -1.518810e+00 3.958906e+00 -1.512926e-01 7.720054e-01 -1.928940e+00 7.918662e-01 -3.489243e+00 1.131908e+00 -2.089647e-01 -2.504238e-01 -2.111777e+00 1.995667e+00 3.886598e-01 -1.080707e+00 -4.745860e-01 -3.722988e-07 2.103839e-02 9.706399e-02 9.460293e-02 -2.090591e-01 6.068774e-01 2.361764e-01 -3.841472e-01 -6.767461e-01 -2.120257e-02 3.636990e-01 2.177671e-01 -4.806857e-01 9.717907e-07 
-1.129448e+01 -5.161561e+00 -8.361545e+00 9.770873e-01 2.079989e+00 1.576717e+00 9.948417e-01 3.340579e+00 3.586042e+00 4.341197e+00 4.006176e+00 2.323694e-01 -1.512926e-01 2.841101e-01 -7.872069e-01 3.236688e-02 -2.091989e+00 1.091065e+00 -1.950644e-01 -5.648877e-02 -1.904812e+00 7.945932e-01 9.125559e-01 1.801177e-01 -1.783026e+00 -3.722988e-07 -1.433676e-01 7.149116e-01 2.062063e-01 9.112607e-01 5.904230e-03 8.926778e-02 -4.827818e-01 1.687698e-01 -5.159951e-01 7.368576e-03 4.758214e-01 3.252101e-01 9.717907e-07 
-1.084140e+01 -2.001556e+00 -6.794163e+00 -1.135960e+00 4.124092e+00 4.117680e+00 7.775006e-02 4.083279e+00 1.041950e+01 9.581504e+00 1.622684e+00 2.170955e+00 -1.512926e-01 -8.909784e-02 3.672833e-01 2.346149e-01 -4.722714e-01 1.520496e-03 -3.399554e-01 -1.451940e+00 -1.710577e+00 -3.282306e-01 3.233638e-01 1.253962e+00 -1.068544e+00 -3.722988e-07 -2.372783e-01 2.698199e-01 1.300502e-01 1.472964e+00 -2.236220e-01 -8.496633e-02 -2.692240e-01 8.331378e-01 -7.813531e-01 -5.622264e-01 7.498544e-01 7.920119e-01 9.717907e-07 
-1.085117e+01 -7.128767e-01 -6.768311e+00 1.544975e+00 3.827393e+00 -2.674101e-01 -4.476055e-01 1.539262e+00 4.141618e+00 3.990958e+00 4.619226e+00 1.740942e+00 -1.512926e-01 -4.715638e-02 7.337768e-01 1.031998e+00 1.367225e+00 -8.016706e-02 -2.540440e-01 -1.564941e+00 -6.820519e-02 -3.934606e-01 -6.820554e-01 9.720666e-01 1.288193e+00 -3.722988e-07 -4.223302e-02 -2.184779e-01 1.673794e-01 8.704932e-01 1.523959e-03 1.732542e-01 2.231849e-01 1.086136e+00 -1.124400e-01 -2.704670e-01 1.092604e-01 9.930084e-01 9.717907e-07 
-1.116029e+01 -8.996666e-01 -4.248245e+00 2.571354e+00 8.560557e-01 -1.158554e+00 -5.462900e+00 -1.190193e-01 4.773581e+00 2.871258e+00 4.444132e+00 -2.138085e+00 -1.512926e-01 -2.488071e-01 -1.340366e+00 9.421774e-01 2.145996e+00 5.994863e-01 -6.042535e-01 -8.422688e-01 1.135701e+00 -1.317020e+00 -1.625235e+00 2.272515e+00 1.949861e+00 -3.722988e-07 9.756192e-02 -2.703596e-01 -8.516836e-02 3.446278e-02 1.635314e-01 4.893724e-01 1.118954e+00 8.040896e-01 2.768689e-01 3.141539e-01 -4.502012e-01 4.694289e-01 9.717907e-07 
-1.137048e+01 -2.043712e+00 -4.474208e+00 5.959231e+00 3.312614e+00 2.944677e+00 -4.059627e+00 5.100808e+00 4.442155e+00 4.285477e+00 7.455745e+00 8.827446e+00 -1.512926e-01 1.529542e-01 -1.025923e+00 5.154402e-01 9.515231e-01 7.998307e-01 8.034381e-01 7.545961e-01 2.102769e+00 7.268102e-01 5.345338e-01 2.171513e-01 1.672925e+00 -3.722988e-07 1.636731e-01 1.061510e-01 -3.707055e-01 -7.551155e-01 -1.641129e-01 3.650740e-01 1.137569e+00 -6.856735e-02 5.876477e-01 7.106310e-01 -8.268366e-01 -5.762700e-01 9.717907e-07 
-1.182568e+01 -8.038125e+00 -3.230453e+00 7.386729e+00 7.378695e+00 -5.095616e-01 -2.327939e+00 7.980899e+00 3.684551e+00 1.308010e+00 1.156713e+01 8.376656e+00 -1.512926e-01 2.985645e-01 -1.047391e-01 6.707288e-02 -9.205610e-02 3.792851e-01 1.578088e+00 2.983056e+00 1.224503e+00 4.960160e-01 1.285715e+00 -6.196004e-01 1.086280e+00 -3.722988e-07 1.775728e-01 7.464247e-01 -4.008915e-01 -8.812076e-01 -3.200505e-01 4.546261e-01 4.783151e-01 -8.408026e-01 5.213412e-01 5.784139e-01 -1.119904e+00 -9.396251e-01 9.717907e-07 
-9.753507e+00 -2.273344e+00 -4.700172e+00 3.894804e+00 4.565387e+00 3.425726e+00 1.757922e+00 8.003382e+00 8.320335e+00 7.445581e+00 2.143532e+00 4.848244e+00 -1.512926e-01 4.974903e-01 6.467206e-01 -3.838607e-01 -1.289362e+00 -7.906551e-01 4.801603e-01 2.210287e+00 -4.553401e-01 1.638243e+00 1.415613e+00 -1.716105e+00 -1.161307e+00 -3.722988e-07 3.623349e-02 5.252162e-01 -1.042554e-01 -2.787373e-01 4.776710e-02 -1.562827e-02 -5.646415e-01 -1.159233e+00 -2.498897e-01 -4.645865e-01 -4.354612e-01 -7.946200e-01 9.717907e-07 
-1.047622e+01 -1.308891e+00 -3.800148e+00 3.143617e+00 2.125817e+00 6.491676e+00 6.543541e+00 4.551923e+00 5.314965e+00 7.719758e+00 4.001743e+00 5.283081e+00 -1.512926e-01 4.668043e-01 1.555351e+00 -6.126271e-01 -1.139810e+00 -2.056043e-01 1.830610e+00 8.214949e-01 -1.789216e+00 8.341652e-01 8.264207e-01 -2.360438e+00 -1.331261e+00 -3.722988e-07 7.031038e-02 2.645735e-01 4.015314e-01 5.064015e-01 3.774763e-01 -5.875320e-01 -1.138459e+00 -6.461208e-01 -5.011773e-01 -9.850424e-01 -2.018911e-01 -6.873544e-01 6.187838e-03 
-9.557754e+00 -2.174979e+00 -6.108613e+00 1.633950e+00 1.985567e+00 1.844906e+00 2.555883e+00 4.538356e+00 1.181825e+01 8.157556e+00 2.658175e+00 4.567752e+00 -1.512926e-01 2.498697e-01 7.700077e-01 3.340891e-01 8.165012e-02 1.331284e+00 5.990849e-01 -9.879506e-01 -2.186514e+00 -6.915272e-01 -1.558689e+00 -1.089642e+00 -1.091430e+00 -3.722988e-07 3.548324e-01 4.023873e-01 1.027639e+00 1.060254e+00 3.781021e-01 -5.202038e-01 -5.914535e-01 2.426225e-02 -7.333380e-01 -1.135998e+00 1.191697e-01 -1.160389e-01 3.246419e-02 
-9.589601e+00 -3.105073e-01 -5.589184e+00 2.818346e+00 7.640233e+00 9.433621e+00 1.380675e+00 7.671031e-01 6.105962e+00 5.084126e+00 -4.921836e-01 1.860781e+00 -1.512926e-01 7.739011e-01 1.156403e+00 1.715730e+00 1.754448e+00 1.205685e+00 -1.418964e+00 -1.110172e+00 -1.140603e+00 -8.448368e-01 -2.152326e+00 -1.942321e+00 -2.385380e+00 3.093915e-02 1.054903e+00 5.663648e-01 1.097190e+00 6.434299e-01 -6.155310e-01 -8.923644e-01 -3.362071e-03 5.519716e-01 -3.190982e-01 -9.112468e-01 1.813092e-01 4.839751e-02 6.386877e-02 
-8.947142e+00 1.077907e+00 -2.135105e+00 4.465609e+00 8.464748e+00 4.950239e+00 -6.000069e-01 -1.036927e+00 4.466783e+00 9.701537e-01 -1.057803e+00 1.102414e+00 -1.512926e-01 2.118279e+00 2.858133e+00 3.590099e+00 2.564829e+00 3.941374e-01 -4.959473e-01 2.187904e-01 -6.583011e-01 -1.188986e+00 -2.775000e+00 -1.329454e+00 -1.214392e+00 1.468522e-01 1.535218e+00 5.643417e-01 5.525761e-01 -3.639537e-01 -1.667484e+00 -5.862566e-01 4.327487e-01 4.284800e-01 6.924337e-02 -4.449773e-01 6.121299e-03 1.572917e-01 7.541566e-02 
-6.911908e+00 2.846756e+00 2.792045e+00 1.050039e+01 4.915026e+00 -2.155801e+00 2.570908e+00 1.636557e+00 4.766485e+00 5.522558e-01 -3.851768e+00 -4.911468e+00 3.392485e-03 4.807153e+00 3.343219e+00 3.245361e+00 8.356693e-01 -2.814763e+00 -2.083667e+00 2.012717e-01 2.065159e-01 -5.126873e-01 -3.121763e+00 -1.333986e+00 -1.027917e+00 2.459194e-01 1.206057e+00 -9.880380e-02 -1.556405e-01 -1.309347e+00 -1.949261e+00 -9.377853e-02 3.962470e-01 -3.041807e-01 -4.098308e-03 -1.191630e-01 2.992710e-01 4.640375e-01 4.754133e-02 
-3.051478e-01 1.053736e+01 7.651215e+00 1.061708e+01 5.319185e+00 5.159843e+00 3.054944e+00 8.120682e-01 6.543410e+00 -3.451162e+00 -2.309170e+00 1.881559e+00 5.056051e-01 5.909361e+00 2.498375e+00 2.332251e+00 -1.278775e+00 -4.995789e+00 -1.999975e+00 5.201939e-01 -7.177419e-01 -5.115384e-01 -3.298757e+00 -1.363121e+00 -9.837700e-01 2.695857e-01 6.453125e-02 -1.009424e+00 -6.067393e-01 -1.502465e+00 -1.427008e+00 -5.675184e-02 2.377370e-01 -8.796802e-01 -4.625946e-03 3.924746e-01 2.995600e-01 2.285026e-01 -1.498034e-02 
1.012537e+01 1.167592e+01 5.743931e+00 3.921546e+00 -4.860637e+00 -1.089879e+00 5.591024e-01 8.756396e-01 2.504526e+00 -8.314697e+00 -6.536688e+00 -3.668176e+00 7.498687e-01 4.908571e+00 8.421633e-01 1.566519e+00 -2.870610e+00 -5.845597e+00 -1.135939e+00 7.203783e-01 -2.631858e+00 -1.204176e+00 -2.486170e+00 -4.289940e-01 -1.805864e-01 2.072718e-01 -1.309505e+00 -1.235125e+00 -3.796154e-01 -8.398988e-01 1.248599e-01 5.818231e-01 1.698042e-01 -9.350992e-01 9.602100e-02 7.218279e-01 4.054655e-01 5.088532e-01 -5.886117e-02 
1.208120e+01 9.155113e+00 8.050002e+00 1.361189e+00 -1.162664e+01 -5.582700e+00 3.006648e+00 -4.245342e+00 3.040484e+00 -1.109051e+01 -6.530925e+00 -4.438045e+00 8.234078e-01 2.390306e+00 -9.383562e-01 1.395800e+00 -3.094415e+00 -5.225676e+00 -1.253705e+00 1.147998e+00 -3.637526e+00 -8.662823e-01 -1.130236e+00 -2.840969e-01 -4.957117e-01 9.126943e-02 -1.729686e+00 -7.843753e-01 -2.310285e-01 -1.815560e-01 1.431682e+00 7.742614e-01 -2.077857e-01 -1.345127e-01 3.862219e-01 7.050614e-01 3.359766e-01 5.604642e-01 -6.568990e-02 
1.143789e+01 7.748877e+00 1.042501e+01 7.753122e-01 -1.584008e+01 -2.464349e+00 6.196881e+00 -8.993811e+00 4.971888e-01 -8.059537e+00 -3.885457e+00 -2.654175e+00 8.808722e-01 1.931018e-02 -1.114000e+00 1.815449e+00 -2.455952e+00 -2.075700e+00 4.523598e-01 7.362578e-01 -3.009035e+00 1.447187e-01 -5.968928e-01 1.538317e-01 1.272348e+00 4.077379e-02 -1.252012e+00 -1.470506e-01 -2.895185e-01 2.309370e-01 1.982220e+00 5.690300e-01 -6.194115e-01 8.295068e-01 6.954618e-01 2.994760e-01 1.631960e-02 3.719913e-01 -4.534635e-02 
1.098991e+01 7.808855e+00 1.228969e+01 -3.282069e+00 -1.531938e+01 -4.210331e-01 5.975792e+00 -1.244100e+01 3.215379e+00 -9.230093e+00 -5.055261e+00 -1.103678e+00 8.964550e-01 -2.944214e-01 -4.454117e-01 1.052528e+00 -2.394073e+00 2.777407e-01 1.077293e+00 -5.267274e-01 -1.201686e+00 7.451920e-01 -7.181765e-01 2.525004e-02 1.091967e+00 2.438669e-02 -4.531983e-01 2.358037e-01 -4.738599e-01 4.237838e-01 1.580424e+00 2.660528e-01 -8.080676e-01 1.244361e+00 5.016427e-01 -6.671706e-02 -1.745454e-02 6.771655e-02 -1.878249e-02 
1.076741e+01 6.778940e+00 1.270140e+01 -6.036908e+00 -1.339301e+01 -1.408516e+00 2.756044e+00 -1.007181e+01 3.140245e+00 -1.222923e+01 -6.505659e+00 1.026726e+00 9.171851e-01 -9.124712e-03 -1.394391e-01 2.904622e-01 -2.066045e+00 1.313849e+00 5.436768e-01 -1.539328e+00 2.977816e-01 1.467445e+00 -1.194976e+00 -5.020252e-01 8.854498e-01 1.398615e-02 9.043766e-02 2.241792e-01 -5.730202e-01 5.855542e-01 5.398592e-01 -2.073708e-01 -3.986645e-01 9.634880e-01 8.907377e-02 2.697777e-02 -1.848676e-02 -4.244134e-01 -8.153834e-03 
1.094448e+01 7.412655e+00 1.217431e+01 -7.202827e+00 -1.146190e+01 -7.240479e-01 2.093313e+00 -9.714415e+00 5.444780e+00 -1.259627e+01 -5.094713e+00 -8.183626e-01 9.271636e-01 1.386182e-01 -2.467030e-01 -2.108196e-01 -1.170377e+00 9.819326e-01 3.100797e-02 -1.754573e+00 9.308925e-01 9.805816e-01 -1.164690e+00 -4.350811e-02 3.649385e-02 1.074566e-02 1.243651e-01 6.277341e-02 -3.859137e-01 7.772641e-01 -2.014077e-01 -3.759234e-01 2.959453e-01 3.089128e-01 -3.195819e-01 3.392745e-01 6.128298e-02 -4.191343e-01 -4.748384e-03 
1.141496e+01 7.249514e+00 1.193494e+01 -7.594223e+00 -1.119957e+01 4.056669e-01 4.415816e-01 -8.867830e+00 6.719558e+00 -1.235084e+01 -6.375779e+00 1.630748e+00 9.354556e-01 2.550828e-01 -9.249204e-02 -4.179557e-01 -1.400676e-01 2.716060e-01 -6.127436e-02 -6.431090e-01 7.420988e-01 4.725281e-01 -2.387373e-01 9.569154e-02 -3.219663e-01 6.826099e-03 1.007799e-02 -1.555717e-03 -2.153979e-01 6.990859e-01 -4.581542e-01 -3.184122e-01 7.170178e-01 -2.646795e-01 -5.109386e-01 5.500444e-01 9.266238e-02 -3.783060e-01 -3.121434e-03 
1.135891e+01 6.339898e+00 1.161898e+01 -8.355134e+00 -1.150654e+01 -1.173525e+00 -1.639986e+00 -8.388332e+00 6.328860e+00 -1.499266e+01 -5.337627e+00 -1.223147e+00 9.410598e-01 1.952511e-01 -1.550542e-01 -5.228069e-01 5.292605e-01 -2.081873e-01 -4.999050e-01 5.048266e-01 1.207939e-01 -3.552928e-01 5.000798e-01 3.288984e-02 -3.999689e-01 4.222985e-03 -1.269768e-01 -3.512619e-02 -2.859859e-02 3.075993e-01 -3.182868e-02 -3.162092e-01 7.014585e-01 -3.636709e-01 -3.602540e-01 5.045604e-01 -3.553898e-02 8.085798e-02 -2.463968e-03 
1.183534e+01 6.852971e+00 1.088986e+01 -6.160890e+00 -1.201223e+01 -1.490210e+00 1.406969e+00 -7.024650e+00 5.060760e+00 -1.222436e+01 -5.905464e+00 -3.809286e-01 9.443625e-01 1.279385e-02 -1.931221e-01 -6.305911e-01 5.796576e-01 -3.820558e-01 -7.828333e-01 9.161574e-01 -6.205218e-01 -4.192463e-01 7.229196e-01 -7.678653e-02 -7.878155e-01 1.643699e-03 -4.300320e-01 -3.192922e-01 -6.784853e-03 -2.551323e-01 9.293279e-01 -5.084928e-01 1.416030e-01 1.311758e-01 -1.758445e-01 3.905021e-01 3.964771e-02 1.568424e-01 -9.952562e-04 
1.171050e+01 6.835491e+00 1.008272e+01 -5.273079e+00 -1.209638e+01 -2.275575e+00 4.134633e+00 -1.003188e+01 4.497671e+00 -1.015964e+01 -5.165637e+00 -1.812328e+00 9.438179e-01 -3.751054e-01 -3.720314e-01 -2.476030e-01 7.694511e-03 1.149667e+00 -1.189320e+00 9.730163e-01 -2.061817e-01 -3.749511e-01 8.774071e-01 -1.349267e-01 6.736509e-01 1.018237e-03 -5.723179e-01 -6.093905e-01 -3.320706e-01 -8.017842e-01 1.450643e+00 -5.113529e-01 -3.441029e-01 7.794426e-01 -2.583319e-01 2.172102e-01 1.682207e-01 9.703206e-02 7.877022e-04 
1.130328e+01 6.036236e+00 9.549882e+00 -6.237224e+00 -1.281502e+01 -2.957765e+00 2.135706e+00 -1.114865e+01 5.539115e+00 -1.115287e+01 -6.846094e+00 -2.014164e+00 9.422895e-01 -1.610009e+00 -1.580511e+00 -5.892861e-01 -1.155019e+00 4.239587e+00 -2.259061e+00 -1.692846e-01 1.561334e+00 -3.969072e-01 1.525227e+00 3.777165e-01 -7.455159e-02 3.442647e-03 -4.226088e-01 -7.255327e-01 -8.072107e-01 -6.679500e-01 1.032452e+00 -1.749821e-01 -4.822955e-01 1.055474e+00 -4.780492e-01 3.492588e-02 3.795362e-01 2.419256e-02 2.572889e-03 
9.749578e+00 4.888421e+00 1.105072e+01 -8.278799e+00 -5.357243e+00 -6.386292e+00 2.861222e+00 -7.357236e+00 4.215083e+00 -1.114137e+01 -5.541977e+00 2.961601e+00 9.471909e-01 -1.855023e+00 -2.508328e+00 -2.203726e+00 -2.612511e+00 4.734071e+00 -2.318620e+00 -6.729215e-01 2.927035e+00 -1.658105e+00 1.184993e+00 6.465337e-01 -2.714541e-01 7.266901e-03 7.175516e-02 -5.408437e-01 -1.144095e+00 9.212191e-02 -2.351358e-01 6.095738e-01 -6.363947e-01 7.489640e-01 -5.371446e-01 -1.224698e-01 3.008812e-01 -4.623206e-02 2.918337e-03 
4.765739e+00 -7.607744e-02 7.459242e+00 -1.043317e+01 5.815790e+00 -1.073005e+01 1.197149e+00 -5.551031e-01 3.217467e+00 -4.107416e+00 -3.828718e+00 -3.140955e+00 9.599101e-01 -1.360256e+00 -2.752657e+00 -3.688508e+00 -1.450096e+00 2.987798e+00 -1.093176e+00 -6.723068e-01 3.090266e+00 -2.167818e+00 7.438977e-01 1.430066e+00 -1.942640e-01 1.138304e-02 7.016295e-01 -4.280728e-02 -8.438485e-01 9.659421e-01 -1.504663e+00 1.372795e+00 -7.376341e-01 4.007006e-02 -4.580868e-01 -2.755144e-01 -2.655582e-01 5.166033e-01 1.376078e-03 
5.704163e+00 -2.650008e+00 1.096880e-01 -1.623749e+01 2.258562e+00 -9.982437e+00 1.238469e+00 -6.938747e-01 -2.632153e+00 -7.757500e+00 -3.441295e+00 -2.606685e+00 9.713292e-01 -1.413469e-01 -2.490162e+00 -4.418434e+00 6.158899e-01 5.998092e-01 1.275661e+00 -1.957523e+00 2.774172e+00 -2.175222e+00 6.555398e-01 8.433555e-01 5.023430e-01 1.163918e-02 7.300767e-01 2.688598e-01 -3.412883e-02 1.481355e+00 -1.413241e+00 1.261328e+00 -8.460280e-01 -3.994676e-01 3.833258e-02 -1.689401e-01 -6.722518e-01 6.353255e-01 -8.860500e-04 
6.524541e+00 -3.957537e+00 -3.421947e+00 -9.508899e+00 -1.683467e+00 -6.625189e+00 -4.143348e-01 9.706089e-01 -1.876637e+00 -9.125729e+00 -7.461804e-01 -2.017254e-01 9.871403e-01 1.041308e+00 -1.803612e+00 -3.701339e+00 2.060559e+00 -1.216690e+00 2.807779e+00 -3.215284e+00 1.838211e+00 -2.428738e+00 4.124164e-01 -1.048335e+00 2.121440e+00 8.142548e-03 4.185024e-01 2.949549e-01 7.069237e-01 1.018133e+00 -6.180966e-01 5.378395e-01 -4.616656e-01 -4.797904e-01 2.668878e-01 3.480985e-02 -6.914097e-01 3.058349e-01 -2.680152e-03 
8.163598e+00 -5.621852e+00 -5.600674e+00 -5.661557e+00 1.391773e+00 -2.060763e+00 -6.120265e+00 5.750475e+00 -4.113968e+00 -5.354477e+00 -2.866810e+00 4.003428e+00 9.917606e-01 5.946428e-01 -1.638480e+00 -2.368091e+00 3.039129e+00 -2.299814e-01 2.037569e+00 -3.631634e+00 1.555688e+00 -1.336168e+00 5.060536e-01 -1.475516e+00 1.747271e+00 4.449343e-03 -4.163518e-02 2.381011e-01 8.992916e-01 4.008825e-01 -1.161685e-02 -4.664803e-01 3.764158e-01 -5.278373e-01 3.681503e-01 -7.391096e-02 4.212503e-02 -4.096995e-01 -2.566488e-03 
8.742364e+00 -7.607994e+00 -8.192072e+00 -5.418941e+00 1.654698e-01 -6.517931e-01 -1.119942e+01 5.413625e+00 -8.184993e+00 -3.246856e+00 -9.357693e+00 4.161113e+00 9.904079e-01 3.644387e-01 -1.703798e+00 -1.179166e+00 2.428995e+00 3.121269e-01 1.215040e+00 -2.143570e+00 1.300472e+00 -1.252939e+00 9.925781e-01 -8.675700e-01 7.122460e-01 1.572218e-03 -2.804225e-01 2.549378e-01 6.606463e-01 3.602956e-03 2.745400e-01 -8.059817e-01 8.079422e-01 -4.218406e-01 5.658826e-01 -2.944854e-01 1.001715e+00 -9.023348e-01 -1.354077e-03 
7.568697e+00 -9.016973e+00 -9.345825e+00 -3.086615e+00 1.844333e-01 -2.781359e+00 -1.152730e+01 4.863190e+00 -6.158455e+00 -8.166553e+00 -6.513194e+00 3.948518e+00 9.919539e-01 -1.102037e-02 -1.349654e+00 -1.182954e+00 2.436003e+00 -2.227167e-01 -2.604150e-01 -6.111450e-01 4.039332e-01 -9.223214e-01 -4.088596e-03 9.635204e-01 -8.415776e-01 2.096415e-03 -1.660357e-01 4.313285e-01 3.417356e-01 -2.930303e-01 8.643864e-02 -3.255238e-01 6.219605e-01 -3.659081e-01 5.892306e-01 -3.671787e-01 1.120379e+00 -7.612609e-01 -6.921533e-04 
8.644275e+00 -1.077897e+01 -7.445244e+00 1.349034e+00 4.807373e-01 -1.896222e-01 -8.428824e+00 7.916940e+00 -7.118921e+00 -2.756876e+00 -3.260439e+00 3.387162e+00 9.948877e-01 -5.817490e-02 -6.733092e-01 -9.906048e-01 2.380238e+00 1.521420e-01 -7.314751e-02 -6.857275e-01 3.047625e-01 1.938646e-01 -8.048674e-01 2.740614e+00 -1.095763e+00 2.555087e-03 -1.446629e-01 5.717484e-01 9.153057e-02 -6.016827e-01 6.510046e-02 3.967986e-02 1.030522e-01 -5.107458e-01 7.760145e-01 -4.948125e-01 4.707016e-01 -4.763614e-01 -5.584314e-04 
8.157654e+00 -1.078479e+01 -1.188935e+01 3.134379e+00 1.200365e-01 -3.593738e+00 -1.056137e+01 6.518371e+00 -9.258996e+00 -5.619809e+00 -1.098141e+00 1.826526e-01 9.999999e-01 -2.428999e-02 3.035087e-03 -7.537730e-01 1.598486e+00 2.822609e-01 1.054126e+00 -1.250834e+00 2.239683e-01 8.866300e-01 -4.310132e-01 2.322368e+00 -1.155078e+00 4.940405e-04 -8.946238e-02 4.925029e-01 1.924575e-01 -8.788255e-01 2.284220e-01 2.928372e-01 -8.085418e-03 -3.798821e-01 6.091929e-01 -8.945908e-02 -3.266242e-01 -1.321007e-01 -8.949648e-04 
8.157228e+00 -1.009110e+01 -1.187355e+01 3.371648e+00 9.587745e-01 -6.114345e-01 -1.511088e+01 6.109809e+00 -5.665908e+00 -8.544209e+00 1.637755e+00 5.659174e-01 9.991567e-01 -3.522390e-01 4.786296e-01 -9.359795e-01 -1.606440e-01 3.850968e-01 7.562351e-01 -1.308410e+00 -1.163394e+00 1.722621e+00 -1.267913e+00 8.065809e-01 -1.512861e+00 -4.233037e-04 -9.551095e-03 2.295971e-01 2.210688e-01 -8.515931e-01 2.955653e-01 -6.081009e-02 1.749095e-01 -2.768732e-03 -1.192993e-01 3.944471e-01 -7.771251e-01 -9.728071e-03 -6.899246e-04 
7.690989e+00 -9.345997e+00 -1.090028e+01 3.894804e+00 1.356612e+00 2.699922e+00 -1.444009e+01 6.886620e+00 -2.451831e+00 -7.428046e+00 2.649310e+00 -4.161756e-01 9.923052e-01 -3.113639e-01 5.368031e-01 -2.479696e-01 -6.877267e-01 8.028980e-01 7.890551e-01 -3.403736e-01 -7.614755e-01 1.359196e+00 -2.197043e-01 2.973044e-01 -1.293478e+00 -8.938895e-04 9.133442e-02 -2.490760e-02 1.282836e-01 -4.862561e-01 3.154642e-01 -4.961635e-01 1.639958e-02 4.185038e-01 -7.427915e-01 4.208441e-01 -6.082130e-01 1.472391e-01 6.337534e-05 
7.116470e+00 -9.105055e+00 -1.261942e+01 1.660972e-01 1.788426e+00 4.447236e-01 -1.303146e+01 1.916039e+00 -1.909612e+00 -8.192203e+00 -1.101244e+00 -3.877432e+00 9.966269e-01 3.767438e-02 2.077652e-01 -1.381080e-01 -7.346945e-01 1.369706e+00 -2.446807e-01 -2.664058e-01 7.836765e-01 -6.388071e-01 1.061764e+00 -1.324664e-01 -1.075179e+00 -2.088596e-04 2.158346e-01 -1.107712e-01 8.857343e-02 1.093926e-01 2.802969e-01 -4.958543e-01 -1.427008e-01 9.296718e-01 -9.942989e-01 5.583986e-01 -2.232373e-01 4.139428e-01 -1.349788e-04 
7.121140e+00 -8.593697e+00 -1.275586e+01 1.298955e+00 3.719933e+00 -1.769288e-01 -1.330299e+01 4.808147e+00 -4.341458e+00 -6.894729e+00 1.757883e+00 -4.063314e+00 9.967850e-01 2.374295e-01 1.385333e-02 -5.111976e-01 -5.459288e-01 1.367285e+00 -9.263729e-01 -1.689825e+00 1.343077e+00 -1.646489e+00 5.082765e-01 -2.491351e-01 -6.377687e-01 6.965711e-04 1.485776e-01 -8.841375e-02 3.918529e-02 2.472873e-01 -5.598274e-02 -3.224318e-01 -2.806156e-01 6.263160e-01 -6.046383e-01 1.466055e-01 -1.126662e-01 4.967226e-01 -8.258751e-04 
8.630262e+00 -9.428253e+00 -1.163658e+01 9.960493e-01 6.625688e+00 -3.962972e-01 -1.701106e+01 1.106799e+01 -7.915344e+00 -3.502017e+00 1.420550e+00 -2.986610e+00 9.958715e-01 4.525868e-01 1.863329e-01 -3.613752e-01 3.155944e-01 1.504346e+00 -8.652696e-01 -1.347238e+00 2.432619e+00 -1.746057e+00 1.160125e+00 -3.638627e-02 2.290629e-01 -1.894629e-03 -4.053914e-02 -2.123851e-02 2.365458e-01 1.762555e-01 -4.034008e-01 6.341095e-02 -1.326026e-02 -6.904415e-02 8.296196e-02 -2.078685e-01 1.004372e-02 5.472666e-01 -2.098462e-03 
8.121136e+00 -9.115337e+00 -1.394791e+01 7.500296e-01 5.774703e+00 -1.511040e+00 -2.089945e+01 9.025949e+00 -7.681593e+00 -7.231701e+00 1.421436e-01 -4.050328e+00 9.961702e-01 2.239229e-01 1.054002e-01 5.961842e-02 2.349954e-02 4.558066e-01 -5.128400e-01 -1.202990e+00 1.545730e+00 -1.110480e+00 4.642364e-01 -3.140086e-01 5.380942e-01 -4.176076e-03 -1.225927e-01 4.822330e-03 5.868713e-01 -6.320585e-02 -4.254273e-01 3.658084e-01 3.422758e-01 -4.476246e-01 3.466051e-01 -3.904372e-02 2.276064e-02 5.912961e-01 -3.854676e-03 
8.879518e+00 -7.912684e+00 -1.383062e+01 2.018053e+00 8.283015e+00 -3.214237e+00 -1.596894e+01 1.197039e+01 -8.969728e+00 -2.223117e+00 -4.753391e-01 -2.738397e+00 9.874741e-01 -1.581709e-01 5.590159e-02 7.591155e-01 -1.379801e-01 -1.913977e-01 -1.342508e-01 -5.761076e-01 3.371008e-01 -4.920077e-01 4.439714e-02 -4.998251e-02 1.073279e+00 -8.268384e-03 -1.614025e-01 -3.338828e-03 6.849948e-01 -2.694794e-01 -4.733600e-01 5.836397e-01 1.737634e-01 -8.635057e-01 5.137344e-01 -1.363935e-01 -1.051930e-01 4.766735e-01 -3.923765e-03 
8.116040e+00 -8.824356e+00 -1.136130e+01 9.056152e-01 5.170243e+00 -1.332030e+00 -1.983908e+01 1.208551e+01 -9.366271e+00 -5.212966e+00 1.135967e+00 -1.497331e+00 9.800956e-01 -7.014125e-02 1.032569e-01 1.862864e+00 -6.352422e-01 8.788975e-02 5.373059e-01 -3.639368e-01 1.527215e-01 -5.405153e-01 8.710165e-01 -1.287112e-01 1.896640e+00 -1.539269e-02 -6.744194e-02 8.245620e-02 4.977346e-01 -1.568140e-01 -2.364499e-01 5.126010e-01 2.864986e-01 -7.518240e-01 4.755246e-01 5.343278e-02 -1.679518e-01 2.843256e-01 -3.417851e-03 
7.841732e+00 -9.294244e+00 -9.134224e+00 2.283315e-01 5.970659e+00 -1.157252e+00 -2.042185e+01 1.122381e+01 -9.533236e+00 -4.289169e+00 6.740741e-01 1.103527e+00 9.625629e-01 -2.073396e-01 1.707179e-01 2.161898e+00 -7.024881e-01 -6.784558e-01 1.527796e+00 -8.980008e-01 -1.188340e+00 5.376304e-01 2.747391e-01 -6.550801e-01 1.933069e+00 -1.590498e-02 -6.462255e-03 9.624101e-02 1.945313e-01 -7.614532e-02 -1.718722e-01 1.652923e-01 4.615403e-01 -4.709145e-01 2.342182e-01 6.921297e-02 -1.369027e-01 -1.158704e-01 -8.125030e-04 
8.289288e+00 -7.908572e+00 -6.981827e+00 -1.531245e+00 7.370399e+00 1.465908e-01 -2.049269e+01 1.016287e+01 -1.010259e+01 -1.843692e+00 -1.075977e+00 3.511826e+00 9.316434e-01 -8.874241e-02 4.603610e-01 1.846855e+00 -4.782356e-01 -4.829545e-01 1.219191e+00 3.903916e-01 -1.450639e+00 7.524682e-01 6.162232e-01 -8.512545e-01 1.529920e+00 -1.745374e-02 -1.214174e-02 9.280105e-03 -2.844497e-02 -4.263264e-02 -1.752513e-01 -2.266572e-01 7.281315e-01 -2.071332e-01 -2.335710e-02 -7.414302e-02 1.593023e-01 -4.842238e-01 2.035773e-03 
7.755957e+00 -7.517170e+00 -5.210983e+00 -2.758632e-01 3.790651e+00 3.685453e+00 -2.013207e+01 6.989729e+00 -5.913434e+00 -2.533998e+00 -2.644729e+00 4.422683e+00 9.321705e-01 -1.812743e-01 3.585062e-01 1.739927e+00 -5.973697e-01 -7.654707e-01 3.512933e-01 1.354432e+00 -1.215648e+00 3.264055e-02 5.180014e-01 -3.731847e-01 6.774427e-01 -1.129443e-02 -1.081694e-03 -4.671641e-02 -7.326297e-02 -1.189159e-01 -1.599712e-02 -4.789256e-01 8.662547e-01 8.133173e-02 -3.964411e-01 4.374421e-02 3.930376e-01 -5.739674e-01 2.902737e-03 
7.715193e+00 -7.411265e+00 -4.088347e+00 -1.233201e+00 3.845566e+00 2.342553e+00 -1.803172e+01 6.949028e+00 -7.414032e+00 -3.009384e+00 -1.461184e+00 4.492435e+00 9.080322e-01 -1.438350e-01 5.579954e-02 1.931665e+00 -9.010947e-01 -7.449682e-01 -7.796945e-03 2.150457e+00 -8.692697e-01 -4.048216e-01 3.786570e-01 5.268867e-01 1.032565e-01 -7.517830e-03 -6.400436e-02 8.403356e-02 -8.294090e-02 -1.097663e-01 -1.225629e-01 -3.606180e-01 4.196553e-01 -8.747091e-03 -4.196572e-01 -1.604119e-01 5.576968e-01 -6.429319e-01 2.953997e-03 
7.222626e+00 -7.750571e+00 -1.881375e+00 -2.907205e+00 3.906012e+00 -4.988210e-01 -1.488013e+01 6.752112e+00 -1.071410e+01 -1.116240e+00 -9.988474e-01 4.000461e+00 9.178877e-01 -1.850656e-01 1.392837e-01 1.753125e+00 -1.085685e+00 -6.276028e-01 -2.533683e-01 2.553285e+00 -1.072333e+00 -8.660270e-01 6.121944e-01 6.211540e-01 -2.233796e-01 -6.356257e-03 -7.411782e-02 3.709771e-01 -1.165832e-01 8.470473e-02 -2.181779e-01 -5.180465e-02 1.035384e-01 -1.819728e-01 -5.413598e-02 -4.646445e-01 4.558376e-01 -6.563541e-01 9.704554e-04 
7.836636e+00 -7.512714e+00 1.012105e+00 -4.721237e+00 3.588374e+00 2.199996e+00 -1.236658e+01 5.934988e+00 -9.726498e+00 -6.598693e-01 7.356895e-01 4.239027e+00 9.011983e-01 -4.069762e-01 9.901488e-01 1.425495e+00 -7.827060e-01 -1.164707e+00 -2.815550e-01 1.889213e+00 -1.566133e+00 -8.965358e-01 -2.331802e-01 1.440036e+00 -1.234299e+00 -5.152988e-03 -5.991912e-02 4.481309e-01 -2.243077e-01 1.230900e-01 -5.065249e-01 9.255303e-02 1.312881e-01 -3.951031e-01 4.573651e-01 -5.077499e-01 1.363045e-01 -7.540725e-01 3.798504e-04 
6.769975e+00 -6.770010e+00 1.004445e+00 -3.960812e+00 7.817822e-01 2.489992e+00 -1.019861e+01 2.134662e+00 -9.087022e+00 -6.479293e-01 -6.375780e-01 3.432056e+00 9.037983e-01 -4.202458e-01 1.746201e+00 1.410097e+00 -2.329594e-01 -1.646437e+00 2.291833e-01 2.002829e+00 -1.777204e+00 7.876131e-03 -1.499228e+00 1.449360e+00 -1.935646e+00 -7.625052e-03 7.885907e-03 2.391984e-01 -3.597225e-02 -1.339669e-01 -4.597811e-01 1.280337e-01 1.131240e-01 -2.317802e-01 4.757884e-01 1.862356e-02 -1.098173e-01 -6.214226e-01 7.676439e-04 
5.907134e+00 -2.950585e+00 1.596163e+00 -4.620106e+00 -4.152861e-01 -5.600098e-01 -1.092681e+01 1.427237e+00 -1.271058e+01 -4.409010e+00 5.558527e+00 -1.394558e+00 8.893048e-01 -3.258183e-01 1.492993e+00 9.816494e-01 -7.120307e-01 -2.768107e+00 2.137385e-01 3.082226e+00 -2.492444e+00 1.444978e+00 -1.104534e+00 7.944090e-01 -2.811009e+00 -4.980241e-03 6.448144e-02 -1.000040e-01 2.384660e-01 -5.229089e-01 -1.349411e-02 1.999227e-01 3.887021e-02 8.382577e-02 1.649217e-01 9.005733e-01 -6.792296e-01 -2.572813e-01 1.558832e-03 
6.086751e+00 -1.301008e+00 4.876462e+00 -4.122232e+00 -2.324274e+00 2.026845e+00 -5.585787e+00 1.201485e-01 -9.182609e+00 -6.738183e+00 3.836401e+00 -2.860834e+00 8.857210e-01 -1.861319e-01 1.083839e+00 1.795163e+00 -1.790799e+00 -2.124616e+00 1.391211e-01 2.522345e+00 -1.768170e+00 3.421958e-01 1.141231e+00 3.949384e-01 -2.542333e+00 -2.603485e-03 6.174133e-02 -1.761291e-01 2.245636e-01 -6.758545e-01 3.418710e-01 1.822210e-01 -5.286260e-01 3.341833e-01 -2.422829e-01 1.453286e+00 -1.131258e+00 2.319283e-01 2.120464e-03 
6.549169e+00 -2.782303e+00 3.984098e+00 -8.200521e+00 -8.699552e+00 3.500259e+00 7.383351e-01 -5.519869e+00 -2.453918e+00 -3.137186e+00 2.470670e+00 -6.668995e+00 8.853345e-01 -2.015341e-01 8.212413e-01 2.425370e+00 -2.618326e+00 -9.930981e-01 7.630886e-01 1.823646e+00 -1.151588e+00 -2.391298e-01 2.949651e+00 -1.428771e+00 -2.217322e+00 1.306769e-04 -2.347537e-04 1.186328e-01 1.638846e-01 -2.511801e-01 6.527451e-01 2.332776e-01 -1.122587e+00 3.919130e-01 -4.556245e-01 1.030644e+00 -1.189847e+00 7.946513e-01 1.233442e-03 
5.517752e+00 -1.435017e+00 8.786298e+00 -1.112456e+01 -5.699375e+00 1.155555e+00 -3.419433e+00 -3.232464e+00 -1.250480e+01 4.422123e+00 2.880699e+00 -6.641911e+00 8.927481e-01 -1.736916e-01 1.201411e+00 1.811049e+00 -2.659031e+00 -8.247185e-01 8.656031e-01 -1.110408e-02 -7.765667e-01 -3.615477e-01 3.740011e+00 -3.095282e+00 -1.072877e+00 4.285159e-04 -2.255412e-02 2.860394e-01 -1.681604e-01 2.417650e-01 6.863480e-01 1.610408e-01 -9.545608e-01 1.428609e-02 3.669631e-01 -2.657098e-01 -1.216106e+00 1.212987e+00 1.391511e-04 
5.183571e+00 1.222541e+00 1.176834e+01 -1.421099e+01 -3.693594e+00 3.691311e+00 -2.891394e+00 -2.654508e+00 -1.224475e+01 4.758653e+00 -1.107450e+00 -1.059069e+01 8.864237e-01 -3.331640e-01 2.027373e+00 1.793208e+00 -1.533892e+00 -1.544285e-01 1.016865e+00 -1.264049e+00 -1.028600e+00 -4.814126e-01 2.749457e+00 -3.409679e+00 4.277259e-01 -3.279953e-04 8.433928e-03 1.280970e-01 -2.288395e-01 4.199398e-01 6.990508e-01 -3.538542e-01 -5.038979e-01 -2.750958e-01 8.721765e-01 -1.166689e+00 -4.126285e-01 1.444310e+00 -2.464137e-04 
5.901189e+00 2.703836e+00 1.003963e+01 -1.441276e+01 -8.950818e+00 6.259614e+00 -3.826195e+00 -5.195423e+00 -6.094591e+00 8.014277e+00 -9.851058e+00 -6.264583e+00 8.873197e-01 -2.330495e-01 1.910924e+00 1.270418e+00 -1.124303e+00 8.876529e-01 8.173383e-01 -7.066270e-01 -1.758212e+00 2.298202e+00 -8.730624e-02 -4.695237e+00 2.200119e+00 -1.680185e-03 8.939144e-02 -2.544487e-01 4.890104e-03 3.009400e-01 8.375300e-01 -8.826246e-01 4.998396e-02 -1.998712e-01 8.646576e-01 -1.547908e+00 5.466728e-01 1.128972e+00 -5.874045e-04 
4.691429e+00 5.285306e+00 1.232320e+01 -1.422606e+01 -7.845801e+00 6.032434e+00 -5.378113e+00 -9.681079e+00 -8.065613e+00 8.814252e+00 -8.211383e+00 -4.719279e+00 8.864061e-01 -1.297360e-01 1.106904e+00 1.551488e+00 -1.286081e+00 1.645926e+00 -9.820705e-01 -3.479548e-01 -2.036218e+00 2.791958e+00 -9.701913e-01 -2.691927e+00 3.367722e+00 -5.398333e-05 2.372074e-01 -5.512680e-01 -6.016706e-02 3.184814e-01 5.185211e-01 -1.160093e+00 3.657189e-01 2.396299e-01 5.012030e-01 -1.272625e+00 9.531599e-01 3.422827e-01 -5.807184e-04 
4.598436e+00 6.088332e+00 1.486050e+01 -1.673877e+01 8.145732e-01 4.071463e+00 -5.709211e+00 -8.510048e+00 -3.103830e+00 1.958073e+00 -1.704320e+01 1.422605e+00 8.843682e-01 1.715553e-01 3.894301e-01 1.956350e+00 -1.278179e+00 2.462641e+00 -2.547974e+00 -2.190746e-01 -1.272009e+00 2.325009e+00 -2.139823e+00 -7.208601e-01 3.101890e+00 -2.645183e-03 3.452670e-01 -4.843671e-01 -3.262332e-01 9.629103e-01 -2.673621e-01 -1.016160e+00 5.008205e-01 6.660372e-01 -4.863594e-01 -3.194900e-01 1.127811e+00 -7.202642e-01 -7.322698e-04 
5.186119e+00 5.064929e+00 1.711487e+01 -1.947853e+01 -3.465436e-01 -1.255041e-01 -3.689892e+00 -1.117849e+01 2.191921e-01 2.936264e+00 -1.097077e+01 2.404327e+00 8.876183e-01 6.505647e-01 3.191775e-02 1.149314e+00 1.353276e-01 1.650770e+00 -3.100992e+00 3.208291e-01 -7.344090e-02 2.011241e+00 -2.587448e+00 -6.309954e-01 1.688227e+00 -2.752405e-03 4.760943e-01 -2.408011e-01 -8.627051e-01 1.793148e+00 -1.079151e+00 -1.960077e-01 7.327854e-01 6.217680e-01 -7.465289e-01 -5.006664e-02 3.774717e-01 -1.000952e+00 -9.751979e-04 
6.511377e+00 4.761610e+00 1.742557e+01 -1.817745e+01 -3.876311e-01 -3.401710e+00 -5.766093e+00 -1.080714e+01 1.387947e+00 2.541995e-01 -1.207630e+01 5.683042e+00 8.734762e-01 1.103153e+00 2.661069e-02 -1.596160e-01 2.979487e+00 -4.516356e-01 -3.204086e+00 1.463130e+00 5.906737e-01 2.566692e-01 -8.761373e-01 -8.649814e-02 -5.616619e-01 -3.991416e-03 4.243313e-01 1.736178e-03 -1.032952e+00 1.881613e+00 -1.573309e+00 6.588525e-01 7.934248e-01 1.028978e-01 -5.926785e-01 6.254119e-02 2.957327e-02 -6.204117e-01 1.190928e-04 
6.987808e+00 6.108210e+00 1.678789e+01 -1.282968e+01 1.008949e+00 -5.735672e+00 -3.745701e+00 -8.900003e+00 -2.554061e-01 -3.271178e+00 -1.385029e+01 1.591420e+00 8.780965e-01 1.784880e+00 8.427397e-02 -1.704033e+00 5.550936e+00 -2.292673e+00 -1.634128e+00 2.474911e+00 1.412234e-01 9.353038e-02 -1.852104e+00 -1.121755e+00 1.946659e-01 -4.253514e-03 2.432854e-01 1.317318e-01 -7.536749e-01 8.874932e-01 -1.294974e+00 1.188782e+00 4.882133e-01 -2.484316e-01 -2.446133e-01 -6.207583e-02 3.249938e-01 2.763509e-01 -7.480394e-05 
9.213698e+00 5.699672e+00 1.422617e+01 -5.165628e+00 -2.121207e+00 -9.143695e+00 1.633962e+00 -6.695939e+00 -1.583195e+00 6.804996e-01 -1.603608e+01 -9.790148e-01 8.691720e-01 1.725996e+00 3.720801e-01 -1.781633e+00 5.422110e+00 -3.432263e+00 1.276387e-02 2.670895e+00 -8.648552e-01 3.204950e-01 -2.194838e+00 -3.277344e-01 7.466430e-01 -1.292994e-03 -6.275886e-02 1.642049e-01 -1.532211e-01 -5.974597e-01 -2.978363e-01 1.183913e+00 -2.236576e-01 -2.975055e-01 1.909079e-01 -3.657283e-01 5.845345e-01 6.672805e-01 6.337534e-05 
1.275975e+01 5.017289e+00 1.019474e+01 1.770574e+00 -1.094317e+01 -5.424846e+00 4.984646e+00 -1.252783e+01 2.172266e+00 -6.537858e+00 -1.459987e+01 6.708544e+00 8.685220e-01 1.555742e+00 5.178202e-01 -1.807907e+00 3.351353e+00 -3.333624e+00 1.234636e+00 2.157936e+00 -5.877730e-01 7.562977e-01 -2.238322e+00 1.114633e+00 2.415846e+00 -4.467958e-03 -3.768242e-01 1.268625e-01 3.724976e-01 -1.488063e+00 8.210101e-01 2.958133e-01 -6.888031e-01 1.202094e-01 -2.388473e-02 2.177323e-01 6.536517e-01 -6.931381e-02 -3.333329e-04 
1.225530e+01 7.166915e+00 1.181334e+01 1.632978e+00 -1.157291e+01 -3.493167e+00 3.222908e+00 -1.331744e+01 1.776558e+00 -9.086814e+00 -1.334008e+01 6.858066e+00 8.717897e-01 9.038723e-01 6.309015e-01 -8.737775e-01 1.091979e+00 -1.420424e+00 1.281163e+00 5.032899e-01 -5.322333e-01 8.797368e-01 -2.511732e+00 1.718047e+00 1.664122e+00 -3.562527e-03 -4.288363e-01 8.321059e-02 2.978393e-01 -1.308860e+00 1.360597e+00 -4.648183e-01 -6.677564e-01 3.560428e-01 -2.352477e-01 6.284811e-01 1.071134e-01 -7.014506e-01 -3.355616e-04 
1.324595e+01 7.963428e+00 8.954334e+00 5.278338e-01 -1.093329e+01 -2.387863e+00 6.248934e+00 -8.528267e+00 1.845849e+00 -9.579447e+00 -9.625431e+00 9.752031e+00 8.544502e-01 3.119526e-01 5.891594e-01 -2.955071e-01 2.756345e-01 8.064497e-01 -7.891077e-01 1.147027e-01 5.760958e-01 -3.056363e-01 -6.050895e-01 1.123438e+00 -6.108198e-01 -4.789624e-03 -3.773224e-01 -1.242583e-02 2.186109e-01 -6.018992e-01 1.060799e+00 -5.698690e-01 -5.382811e-01 1.420322e-01 -2.878357e-01 7.199714e-01 -3.559805e-01 -1.108667e+00 1.275787e-03 
1.348969e+01 7.381124e+00 1.047719e+01 9.153393e-01 -9.228158e+00 -4.256400e+00 3.518588e+00 -1.135719e+01 2.978707e+00 -1.035731e+01 -9.933508e+00 5.819948e+00 8.583854e-01 2.037815e-01 7.524536e-01 -1.048774e+00 4.156432e-01 1.300449e+00 -1.299556e+00 3.538175e-01 3.335077e-01 -3.249117e-01 1.308101e-01 2.032961e-01 -1.247300e+00 -2.806016e-03 -2.122687e-01 4.170809e-03 -8.685815e-02 -1.637980e-01 3.292308e-01 -9.444268e-03 -1.875726e-01 6.460700e-02 -1.679299e-01 6.364873e-01 -1.506931e-01 -7.660907e-01 1.226756e-03 
1.370200e+01 7.856153e+00 9.385675e+00 3.507299e+00 -8.083634e+00 -8.989095e+00 5.410190e+00 -1.062767e+01 4.304394e-02 -8.927614e+00 -1.068575e+01 4.173728e+00 8.512880e-01 1.931018e-02 3.949413e-01 -6.275360e-01 6.800047e-01 6.099797e-01 -3.243176e-01 -4.587016e-01 -3.104854e-01 -8.058646e-02 4.036824e-02 9.193639e-02 -1.671845e+00 1.530520e-03 -9.349781e-02 -7.370310e-02 -2.498857e-02 -1.803108e-01 -3.778701e-01 7.923496e-01 -6.073684e-02 -8.734600e-02 2.725218e-02 1.444589e-01 4.458871e-01 -1.602368e-01 5.269445e-04 
1.304595e+01 1.098291e+01 6.354320e+00 2.221286e+00 -6.495445e+00 -6.690283e+00 5.411799e+00 -1.060054e+01 1.053600e+00 -8.758245e+00 -1.179305e+01 3.410537e+00 8.593341e-01 -1.102037e-02 7.487795e-01 -1.142016e+00 7.091463e-02 3.240733e-01 1.001517e+00 -1.477704e-01 2.340291e-01 -7.241675e-02 3.478151e-01 1.480307e+00 -1.635823e+00 -5.900936e-04 -4.118680e-02 -2.742001e-01 3.643175e-01 -2.591386e-01 -5.353721e-01 6.635292e-01 7.328812e-02 9.640600e-02 -4.248397e-02 -1.649951e-01 8.117048e-01 2.800574e-01 -1.568032e-03 
1.356442e+01 8.137194e+00 7.878136e+00 3.274893e+00 -9.249493e+00 -2.792751e+00 3.008794e+00 -1.045905e+01 2.405599e+00 -1.017689e+01 -8.235319e+00 2.597630e+00 8.616179e-01 -4.834117e-02 2.225638e-01 -3.737178e-01 -4.536334e-01 -5.948309e-01 2.022125e+00 6.173681e-02 1.890635e-01 -2.956795e-01 8.692745e-03 2.714458e+00 -1.217643e+00 -3.258731e-03 -3.177082e-02 -2.832185e-01 4.823344e-01 -2.275750e-01 -3.093501e-01 -8.604853e-02 3.933643e-01 3.013206e-01 -1.164852e-01 -4.156795e-01 5.650462e-01 7.287757e-01 -2.568717e-03 
1.350370e+01 1.098428e+01 5.520840e+00 1.385986e+00 -7.025237e+00 -2.346528e+00 3.980085e+00 -1.027144e+01 1.435532e+00 -7.993646e+00 -3.756464e+00 -1.571165e+00 8.502866e-01 3.163197e-02 -5.323659e-01 6.459544e-01 -3.131774e-01 -7.740270e-01 8.449458e-01 4.600566e-01 5.657271e-01 -4.298413e-01 -6.784433e-01 2.950644e+00 -7.428075e-02 -8.250514e-03 -9.479313e-02 -3.538914e-01 7.146430e-01 7.571749e-02 -2.515306e-01 -7.278701e-01 4.096529e-01 2.402167e-01 7.333257e-02 -6.756464e-01 -1.828983e-01 1.014181e+00 -1.454368e-03 
1.323151e+01 8.967980e+00 7.934148e+00 1.656802e+00 -1.079264e+01 -1.050171e+00 6.434606e+00 -9.846984e+00 -1.626189e+00 -9.266355e+00 -1.131830e+00 5.766771e-01 8.395175e-01 -1.610144e-01 -3.806043e-01 8.901184e-01 -2.660605e-01 -3.877062e-01 -6.762646e-01 1.204140e+00 1.030371e+00 -4.842209e-01 -1.525068e+00 2.182132e+00 1.191231e+00 -7.488046e-03 -1.928389e-01 -7.634347e-02 4.970817e-01 2.181058e-01 7.968050e-02 -9.634031e-01 3.207082e-01 1.295987e-01 3.398337e-01 -4.819331e-01 -8.255567e-01 7.183300e-01 -6.743237e-04 
1.337037e+01 7.905849e+00 9.556106e+00 1.464265e+00 -9.593600e+00 -3.336941e+00 5.998867e+00 -8.077841e+00 9.200278e-01 -1.260600e+01 -5.919206e-01 4.049806e+00 8.291525e-01 -4.285393e-01 -7.191337e-01 1.799440e+00 3.555543e-01 -1.037332e+00 -1.288649e+00 1.329230e+00 1.014561e+00 3.885333e-01 -2.263608e+00 8.320900e-01 2.230725e+00 -5.748666e-03 -3.740841e-01 4.669113e-02 4.191200e-02 8.385361e-05 6.052504e-01 -6.160944e-01 1.952963e-01 -1.528145e-01 8.159890e-02 4.124319e-01 -1.109953e+00 -1.818023e-01 -4.135660e-04 
1.282599e+01 7.773553e+00 1.031059e+01 1.905739e+00 -9.903337e+00 -5.679040e+00 8.020332e+00 -6.403666e+00 2.421497e-01 -1.549591e+01 1.092526e+00 5.743147e+00 8.347390e-01 -7.824352e-01 -6.575261e-02 1.535112e+00 3.024732e-01 -6.483047e-02 -1.728051e+00 1.230674e+00 6.126431e-01 9.942403e-01 -1.608286e+00 -3.540204e-01 1.221565e+00 -7.887150e-03 -4.136412e-01 -9.448318e-02 -3.521178e-01 -3.176640e-01 1.099908e+00 -1.926065e-01 3.473728e-02 -2.969186e-01 -4.988908e-01 1.535668e+00 -1.005121e+00 -1.214640e+00 -1.278301e-03 
1.156358e+01 7.986048e+00 1.332950e+01 3.039569e+00 -1.265659e+01 -6.475146e+00 9.833587e+00 -6.919989e+00 2.444001e+00 -1.619683e+01 -7.085020e-01 6.999053e+00 8.239348e-01 -1.528140e+00 -4.564341e-01 5.331599e-01 -5.969224e-01 2.090849e+00 -1.709711e+00 1.423277e+00 1.043321e-02 -7.609697e-01 1.425338e+00 -1.331137e+00 -9.985309e-01 -1.011499e-02 -3.332815e-01 -3.276014e-02 -7.282511e-01 -5.248038e-01 1.301088e+00 3.963419e-01 -1.936157e-01 -1.113695e-01 -1.313652e+00 2.205571e+00 -2.682420e-01 -1.996444e+00 -1.066575e-03 
1.022261e+01 8.599199e+00 1.372302e+01 2.381734e+00 -9.585699e+00 -8.121386e+00 1.067072e+01 -7.362663e+00 2.583417e+00 -1.551227e+01 -2.844203e+00 5.210361e+00 8.026953e-01 -1.679319e+00 -9.842827e-01 -2.374601e-01 -1.378078e+00 3.547826e+00 -1.428810e+00 1.330766e+00 4.790451e-02 -2.403974e+00 4.308781e+00 -1.761814e+00 -3.267514e+00 -1.169353e-02 -1.652884e-01 1.949870e-02 -4.187111e-01 -5.032052e-02 4.908002e-01 8.625379e-01 -5.569314e-01 1.162850e-01 -1.204826e+00 1.881033e+00 7.676498e-01 -1.749452e+00 -1.146808e-03 
7.031545e+00 5.210933e+00 1.051549e+01 -1.758303e+00 7.015826e-01 -1.066430e+01 1.179012e+01 -7.546400e+00 -4.055530e+00 -5.470781e+00 -5.279115e+00 -6.762615e-01 7.945965e-01 -1.646500e+00 -4.236732e-01 -9.555321e-01 -1.428177e+00 3.661801e+00 5.434837e-01 3.110965e-01 7.401482e-01 -4.480611e+00 5.805726e+00 1.948794e-01 -5.506976e+00 -9.179772e-03 5.581275e-02 3.236904e-01 1.312408e-01 8.181398e-01 -6.864914e-01 1.042067e+00 -6.653252e-01 2.309007e-01 -2.328734e-01 5.955864e-01 1.472654e+00 -5.825599e-01 -3.736555e-03 
6.695665e+00 4.239626e+00 1.053033e+01 -2.585338e+00 1.156706e+00 -1.072875e+01 1.369567e+01 -5.851293e+00 -8.528523e+00 6.844796e-01 -5.431159e+00 -6.756186e+00 7.909600e-01 -1.549703e+00 1.528215e-02 1.858554e-01 4.664877e-01 1.603630e+00 1.457909e+00 -9.977857e-01 8.293607e-01 -3.170139e+00 5.606781e+00 2.721191e+00 -5.271478e+00 -1.408220e-02 4.520109e-02 2.041192e-01 3.985358e-01 1.236372e+00 -1.046425e+00 8.793893e-01 -4.654860e-01 5.851861e-02 8.992180e-01 -7.870939e-01 1.288052e+00 7.026613e-01 -9.678263e-03 
5.094399e+00 8.047398e+00 1.014782e+01 -1.617303e+00 2.816210e-01 -2.453934e+00 9.876517e+00 -3.975163e+00 -1.440319e+01 4.733446e+00 1.559295e+00 -1.455245e+01 7.838976e-01 -1.313931e+00 6.622335e-01 9.776166e-01 2.571539e+00 -3.694637e-01 2.057261e+00 -7.390007e-01 7.742317e-01 -1.542453e+00 3.754320e+00 3.790633e+00 -2.909325e+00 -2.760410e-02 -3.124314e-03 -3.690479e-01 1.843158e-01 8.783435e-01 -4.709821e-01 1.674567e-01 1.178126e-01 -4.163391e-01 1.567867e+00 -1.596408e+00 1.977008e-01 1.683945e+00 -1.620612e-02 
3.442604e+00 7.257397e+00 1.483656e+01 4.644046e+00 -1.357138e+00 -4.936963e+00 6.638524e+00 -5.001608e+00 -8.093579e+00 7.419048e+00 7.342267e+00 -1.420889e+01 7.376239e-01 -1.619724e+00 -5.066471e-01 7.888111e-01 2.803992e+00 3.313380e-01 2.211323e+00 -4.716101e-01 3.234469e-01 6.229017e-01 1.399080e+00 2.880591e+00 -1.052970e+00 -5.087128e-02 -2.942928e-02 -8.085845e-01 -6.707596e-01 -3.982785e-01 4.226557e-01 -2.130137e-01 6.128263e-01 -5.192182e-01 1.073690e+00 -1.401303e+00 -7.904200e-01 1.569210e+00 -1.949791e-02 
2.088046e+00 7.013370e+00 1.325051e+01 7.484457e+00 1.109499e-01 -3.273799e+00 1.162377e+01 -4.099593e+00 -1.198512e+01 9.933069e+00 7.287301e+00 -1.149635e+01 6.832513e-01 -1.627307e+00 -2.007831e+00 -3.353457e-01 1.794856e+00 1.942972e+00 1.004123e+00 6.370876e-01 -1.088656e+00 1.462211e+00 -7.244099e-02 1.103756e+00 8.035200e-01 -7.181533e-02 -7.441674e-02 -1.020054e+00 -1.176316e+00 -1.450544e+00 5.937992e-01 -5.989724e-01 4.573726e-01 -4.460475e-01 3.421202e-01 -9.897997e-01 -1.127294e+00 7.245637e-01 -1.860197e-02 
1.003703e-01 2.223666e+00 1.292306e+01 6.883507e+00 2.898973e+00 7.379743e-01 1.046412e+01 -4.171692e+00 -6.623035e+00 5.080146e+00 6.107745e+00 -1.354921e+01 5.869092e-01 -1.540107e+00 -2.692544e+00 -2.511436e+00 -1.136679e+00 2.560795e+00 9.194667e-01 1.378303e+00 -8.353915e-01 6.959184e-01 5.135557e-01 1.123955e-01 7.182046e-01 -8.946527e-02 -4.751394e-02 -6.179631e-01 -1.213223e+00 -1.453035e+00 -2.178650e-01 -1.015967e+00 2.208580e-01 -3.559469e-02 -5.539411e-01 -3.975207e-01 -7.453740e-01 2.957822e-01 -1.194708e-02 
-1.370960e+00 5.250775e-01 9.427804e+00 6.237340e+00 7.868585e+00 -2.706648e-01 1.114885e+01 -9.833417e+00 -7.827271e+00 5.540497e+00 7.695558e+00 -1.086450e+01 5.001942e-01 -1.725881e+00 -3.345109e+00 -3.253949e+00 -2.710920e+00 1.484812e+00 -2.916906e-01 6.229497e-01 -8.766612e-01 1.316982e-01 -7.517971e-01 -4.617545e-01 -1.721903e-01 -1.013133e-01 -2.479602e-02 -5.806659e-02 -6.250967e-01 -7.020583e-01 -1.020456e+00 -1.111007e+00 -2.125091e-01 4.418304e-01 -7.321948e-01 -1.718989e-01 -3.060212e-01 1.237642e-01 -2.738098e-03 
-2.528915e+00 -2.960867e+00 4.190433e+00 -4.154041e-01 7.567935e+00 -1.841395e+00 1.376758e+01 -6.311798e+00 -6.692743e+00 1.218353e+01 7.700433e+00 -1.093388e+01 3.818219e-01 -1.807987e+00 -2.927790e+00 -3.818044e+00 -2.208290e+00 -5.289643e-01 -2.220642e+00 6.397513e-01 3.938363e-02 -1.481563e+00 -2.487401e-01 -6.344927e-02 9.136174e-01 -9.586285e-02 1.776725e-01 5.913284e-01 1.469482e-01 4.109526e-01 -1.093919e+00 -9.845446e-01 -4.142238e-01 4.965892e-01 -4.284951e-01 -1.775844e-01 1.671885e-01 3.265018e-01 6.473111e-03 
-5.226991e+00 -7.119941e+00 1.347220e+00 -2.420028e+00 5.200268e+00 -3.442719e+00 1.308661e+01 -7.413055e+00 -1.129138e+01 2.622288e+00 4.182156e+00 -1.366497e+01 2.792080e-01 -1.617355e+00 -2.180515e+00 -2.807537e+00 -1.179472e+00 -1.614311e+00 -2.980813e+00 -5.628388e-02 6.831713e-01 -1.110097e+00 -5.507688e-01 -3.383524e-01 1.324621e+00 -8.229925e-02 3.649459e-01 1.012074e+00 5.805730e-01 8.644837e-01 -2.551599e-01 3.631731e-02 -1.736457e-01 5.717772e-01 7.680619e-02 5.478978e-01 5.630231e-01 4.087200e-01 1.340213e-02 
-7.011270e+00 -8.592669e+00 -2.126966e+00 1.709593e-01 1.588124e+00 -8.779165e+00 1.269433e+01 -5.184957e+00 -1.229859e+01 5.295507e+00 7.547060e+00 -7.581336e+00 2.180894e-01 -7.061350e-01 -3.181443e-01 -1.999889e+00 1.524745e-01 -1.359239e+00 -2.658694e+00 -3.531797e-01 8.676533e-01 -8.255614e-01 -4.749143e-01 8.867340e-01 1.602370e+00 -6.660314e-02 4.430636e-01 9.906079e-01 8.605031e-01 5.604874e-01 4.387376e-01 1.001716e+00 -1.230433e-01 3.485607e-01 4.862093e-01 5.618795e-01 5.213215e-01 -2.629534e-01 1.450534e-02 
-7.215940e+00 -7.561725e+00 -1.451470e+00 4.649075e-02 2.786378e+00 -1.170581e+01 1.140429e+01 -6.980847e+00 -1.057468e+01 6.230803e+00 6.080262e+00 -5.917678e+00 1.705507e-01 -4.519981e-01 4.104542e-01 -1.260187e+00 4.310009e-01 6.243477e-01 1.090039e-01 2.510616e-01 1.568213e+00 1.877373e-01 2.100804e+00 1.878353e+00 1.527076e+00 -4.893533e-02 3.748601e-01 5.882765e-01 6.472815e-01 3.577871e-01 5.238400e-01 1.323052e+00 -1.610038e-01 2.987899e-01 4.556063e-01 5.508566e-01 3.735080e-01 -6.112576e-01 1.222092e-02 
-5.064784e+00 -4.330774e+00 -4.409579e+00 -8.860506e-01 1.978455e+00 -1.100312e+01 1.284244e+01 -2.189739e+00 -1.117909e+01 8.004547e+00 1.118502e+01 -6.795514e+00 1.031253e-01 -1.752319e-01 7.297965e-01 -2.891525e-01 -2.110411e-01 5.454046e-01 1.243130e+00 -1.291248e-01 1.339689e+00 3.005813e-01 1.234868e+00 1.434727e+00 -5.022120e-01 -4.002398e-02 1.116112e-01 2.044793e-03 4.431234e-01 2.627713e-01 2.631513e-01 1.183140e+00 -2.261582e-01 -1.998514e-03 2.705812e-01 -1.357497e-02 -3.725785e-01 -6.746061e-01 6.432994e-03 
-8.460094e+00 -7.198427e+00 -3.812595e+00 2.638244e-01 8.126962e+00 -1.785739e+00 1.426772e+01 -1.069488e+00 -1.091237e+01 1.177182e+01 1.175463e+01 -6.422266e+00 9.202237e-02 -8.413840e-03 2.368520e-01 -4.265100e-01 7.912363e-01 5.269630e-02 1.683499e+00 -9.731981e-01 1.941180e+00 6.049029e-01 1.348650e+00 1.255127e+00 -6.792076e-01 -3.448418e-02 9.482182e-02 -6.564481e-02 1.461801e-01 3.764113e-01 -3.007147e-01 6.464846e-01 -2.543246e-01 -2.089671e-01 2.573903e-01 -8.869964e-01 -7.288586e-01 -7.936645e-02 -2.250013e-03 
-7.265621e+00 -5.125574e+00 -2.392186e+00 -9.925296e-01 1.645015e+00 -7.523493e+00 1.061652e+01 -1.442388e+00 -1.062686e+01 8.698833e+00 1.188362e+01 -9.840114e+00 5.723799e-02 -3.698924e-01 -2.211883e-01 -2.011654e-01 1.286262e+00 2.423858e-01 2.469733e+00 -8.717740e-01 6.710573e-01 3.187079e-01 -1.666339e-01 -6.645328e-01 -6.675614e-01 -4.166210e-02 -1.024857e-02 8.300485e-02 -4.284664e-02 4.627105e-01 -1.715593e-01 4.802123e-01 -1.786816e-01 -2.803773e-01 4.831754e-01 -6.742541e-01 -7.258858e-01 6.459959e-01 -6.072230e-03 
-6.157772e+00 -5.980351e+00 -4.592935e+00 4.056224e+00 3.217006e+00 -5.028095e+00 7.651134e+00 2.351347e+00 -7.826853e+00 1.262663e+01 1.200641e+01 -7.790964e+00 2.108333e-02 1.194247e-01 5.576231e-01 -5.732773e-01 1.564490e+00 -7.276943e-01 2.728046e+00 -6.492559e-01 8.575925e-01 1.465658e+00 -1.633571e+00 -7.163280e-01 1.213034e+00 -5.935970e-02 -3.087406e-02 4.980923e-01 5.623687e-02 -1.336420e-01 -1.308228e-01 2.419352e-01 -6.591169e-02 -2.002746e-01 6.287595e-01 -5.654172e-01 -4.997064e-01 6.934510e-01 -3.257385e-03 
-8.065192e+00 -6.045814e+00 -5.025234e+00 3.648784e+00 5.645514e+00 2.966810e+00 1.179227e+01 -5.446371e-01 -1.112859e+01 6.744220e+00 7.736782e+00 -9.449429e+00 -6.970741e-02 -2.905116e-01 9.844335e-01 -4.300539e-01 1.715980e+00 7.755773e-02 3.121887e+00 -1.184549e+00 4.794917e-01 2.286075e+00 -6.453785e-01 -1.208900e+00 1.781668e+00 -5.794794e-02 8.485781e-02 5.922542e-01 4.052944e-02 -4.782975e-01 -1.674803e-02 -3.024498e-01 -1.685056e-01 2.779940e-01 8.432004e-01 -3.474690e-04 8.027577e-02 6.089303e-01 6.542200e-03 
-7.463072e+00 -3.949997e+00 -5.362742e+00 5.765721e+00 2.488493e+00 6.609497e+00 1.043407e+01 2.769988e+00 -3.333406e+00 4.581322e+00 1.024661e+01 -5.527114e-01 -1.412965e-01 -2.026004e-01 2.124431e+00 -3.093492e-02 -9.190699e-02 -5.191166e-01 2.567131e+00 -1.146336e+00 1.035607e+00 2.765024e+00 -1.239016e+00 -9.711605e-01 1.563504e+00 -4.263305e-02 -1.657572e-02 1.905744e-01 1.093118e-01 -6.799150e-01 3.369276e-01 -7.405087e-01 -7.209372e-02 1.392448e-01 3.107697e-01 3.639891e-01 3.729426e-02 1.283132e-01 1.553500e-02 
-8.065618e+00 -1.218409e+00 -4.157285e+00 6.732783e+00 2.397232e+00 2.267044e+00 3.302865e+00 7.457834e-01 -1.443362e+00 9.494829e+00 6.719022e+00 -4.550836e+00 -1.512926e-01 2.153924e-01 1.956749e+00 -2.695998e-01 -2.769451e-01 5.447211e-02 1.037909e+00 -1.465770e+00 1.972184e+00 3.884912e+00 -3.657172e-01 -1.357036e-01 2.201745e+00 -1.731673e-02 -7.237412e-02 -2.864418e-01 1.980646e-01 -4.715841e-01 2.767927e-01 -8.796872e-01 4.313367e-03 -2.566839e-01 -1.127917e-01 3.227982e-01 3.062488e-01 3.163368e-01 1.565312e-02 
-7.170505e+00 2.228122e+00 -5.181302e+00 2.054518e+00 2.245524e+00 8.157119e+00 6.164147e+00 6.884294e+00 1.155866e+00 5.056267e+00 7.659209e+00 -2.423029e+00 -1.512926e-01 -2.163440e-01 1.024441e+00 -1.070682e-01 -8.384709e-01 9.685333e-01 6.759270e-02 -8.691103e-01 8.074939e-01 2.219951e+00 4.661999e-02 -1.066334e+00 1.644486e+00 -1.995894e-03 -2.220334e-01 -7.161028e-01 1.834324e-01 2.462737e-04 6.923043e-02 -8.241858e-01 -1.416242e-01 -7.523009e-01 -2.492741e-01 4.721297e-01 7.280252e-02 6.524550e-02 1.025744e-02 
-7.134836e+00 6.488044e-01 -6.463835e+00 4.119431e+00 6.039401e+00 7.382820e+00 6.598277e+00 7.258744e+00 6.051280e+00 4.677726e+00 8.351605e+00 2.494486e+00 -1.512926e-01 -6.454738e-01 1.022363e-01 5.984169e-01 -2.685953e-01 7.176588e-01 -2.681328e-02 -1.301546e+00 -6.899207e-01 1.994646e+00 3.258645e-01 3.699472e-01 3.322762e+00 -3.722988e-07 -2.100766e-01 -6.111394e-01 7.040812e-02 7.447226e-02 -3.161708e-01 -5.602838e-01 -1.196745e-01 -6.416095e-01 -6.772764e-01 1.418482e-01 -2.219574e-01 -3.119811e-01 3.662723e-03 
-9.010410e+00 2.388949e-01 -4.744694e+00 2.880094e+00 5.510400e+00 4.389775e+00 4.440509e+00 3.551062e+00 4.018899e+00 7.222703e+00 4.098377e+00 4.147385e+00 -1.512926e-01 -8.823128e-01 -5.288959e-01 4.523828e-01 -9.488907e-02 -5.045872e-01 -1.021455e+00 -1.936624e+00 -1.394894e+00 2.463894e+00 7.758511e-01 -8.600597e-01 1.329090e+00 -3.722988e-07 5.386977e-02 -2.812297e-01 -1.478444e-01 1.478862e-01 -4.437619e-01 -3.799816e-01 1.961993e-01 2.474788e-01 -7.439787e-01 -2.100150e-01 -2.361194e-01 -4.878180e-01 3.999087e-04 
-1.037261e+01 2.875631e-01 -1.383968e+00 4.977097e+00 4.353234e+00 4.016458e+00 -2.342964e+00 -1.036927e+00 7.098152e+00 1.004141e+01 1.034945e+01 8.777358e+00 -1.512926e-01 -5.021147e-01 -3.222266e-01 -1.973771e-01 -2.764978e-01 -7.896864e-01 -1.219051e+00 -1.530416e+00 -1.346269e-01 3.765341e-01 -2.117669e-02 -1.348618e+00 7.995927e-01 -3.722988e-07 3.110905e-01 1.504092e-02 -2.892497e-01 1.112875e-01 -1.748132e-01 -3.628210e-01 6.634981e-01 7.124336e-01 -9.756557e-01 -3.642779e-01 -3.911997e-01 -9.942126e-01 9.717907e-07 
-9.962847e+00 -2.357914e-01 -5.459447e+00 1.151149e+00 5.652827e-01 4.732823e+00 9.519117e-01 4.057307e+00 1.295153e+01 6.254241e+00 2.359851e+00 1.081266e+00 -1.512926e-01 -1.872149e-02 -1.695465e-01 -4.483846e-01 -9.518728e-02 -4.966767e-01 -1.236136e+00 2.262691e-01 1.767272e+00 -6.908889e-01 -8.298744e-01 -1.387594e+00 4.669981e-01 -3.722988e-07 3.560281e-01 1.801843e-01 5.139791e-02 3.932488e-01 2.010140e-01 -7.800933e-02 6.713125e-01 3.478271e-01 -7.143430e-01 -7.785600e-02 3.475374e-01 -8.580807e-01 9.717907e-07 
-9.168797e+00 -7.252151e-01 -7.092894e+00 3.601623e+00 4.563412e+00 1.115848e+00 6.900389e-01 6.332308e+00 3.467914e+00 5.056267e+00 2.477319e+00 8.025669e+00 -1.512926e-01 4.781782e-01 -2.169917e-03 -3.975476e-01 2.880101e-01 -1.604017e-01 -1.733650e+00 9.344957e-01 1.291233e+00 -1.306298e+00 -6.924750e-01 -1.322203e+00 -1.217236e+00 -3.722988e-07 1.325356e-01 8.886854e-02 1.289749e-01 1.786918e-01 1.455097e-01 3.476429e-01 1.058306e-01 -4.914170e-01 4.023149e-01 3.940991e-01 6.897380e-01 -1.023528e+00 9.717907e-07 
-9.705948e+00 -1.024679e-01 -4.131912e+00 3.092080e+00 2.922283e+00 -3.403159e-01 4.055212e+00 8.702666e+00 2.379719e+00 5.565704e+00 1.096072e+00 6.858437e+00 -1.512926e-01 4.076834e-01 2.119496e-01 8.094636e-01 1.589092e+00 1.858825e-01 -1.154086e+00 1.874411e-01 -3.687969e-01 -2.664472e-01 7.222250e-01 8.643326e-01 -1.952709e+00 -3.722988e-07 -1.093406e-01 -7.816087e-02 -1.852504e-01 -2.808488e-01 1.603401e-01 8.841433e-01 -3.546610e-01 -8.501919e-01 9.315358e-01 4.169571e-01 6.538582e-01 -3.500014e-01 9.717907e-07 
-8.110627e+00 2.097625e-01 -4.035208e+00 5.446771e+00 2.372737e+00 -2.115117e+00 7.780453e-01 3.096760e+00 5.853010e+00 6.923319e+00 4.370548e+00 -1.972731e-01 -1.512926e-01 -5.272488e-02 -6.871232e-02 -1.814905e-01 -2.252060e-01 -4.032042e-01 4.781332e-01 -9.819062e-01 -1.523734e+00 2.175912e+00 1.173323e+00 9.740089e-01 -3.108259e+00 -3.722988e-07 -3.302425e-01 -2.796180e-01 -4.454790e-01 -7.845135e-01 1.597143e-01 1.015901e+00 -1.931642e-01 -1.301114e-01 5.205937e-01 -1.090683e-01 1.517465e-01 7.484317e-01 9.717907e-07 
-8.453300e+00 3.561098e-01 -2.941296e+00 8.174381e+00 2.590027e+00 5.778418e-01 1.844855e+00 3.831319e+00 1.042702e+01 8.931883e+00 5.735394e+00 -4.570871e+00 -1.512926e-01 -3.001084e-01 -5.269568e-01 -1.482721e+00 -1.242692e+00 4.265864e-01 2.078691e+00 -5.888112e-01 -1.076234e+00 2.225696e+00 3.221135e-01 7.335497e-01 -3.374043e-01 -3.722988e-07 -2.498330e-01 -3.186407e-01 -4.763178e-01 -7.342716e-01 2.929371e-01 5.064170e-01 2.449262e-01 5.262976e-01 -4.291547e-01 -7.942879e-01 -6.578007e-01 1.282850e+00 9.717907e-07 
-1.005881e+01 -1.297923e+00 -8.595646e+00 -6.582263e-02 2.713289e+00 3.047201e+00 -3.114630e+00 1.149306e+00 1.032392e+01 9.239668e+00 5.027925e+00 -1.801198e+00 -1.512926e-01 -8.191637e-01 -1.030822e+00 -1.478933e+00 -2.218578e+00 5.177988e-01 1.729543e+00 3.568910e-01 9.943371e-01 5.063943e-02 -1.037571e+00 -4.980111e-01 1.717343e+00 -3.722988e-07 5.262427e-02 2.621965e-02 1.693380e-01 3.539973e-01 4.492502e-01 -2.581955e-01 3.815560e-01 5.938201e-01 -1.000191e+00 -6.365440e-01 -5.631671e-01 7.498357e-01 9.717907e-07 
-1.023206e+01 -1.983733e+00 -9.264919e+00 -3.648388e-01 4.884605e+00 7.471673e+00 3.057090e+00 4.294925e+00 1.127269e+01 6.017653e+00 4.434823e+00 5.973180e+00 -1.512926e-01 -4.581590e-01 -9.002882e-01 -9.235147e-01 -1.085536e+00 1.190026e+00 7.522774e-01 7.426096e-01 1.003577e+00 -1.349444e+00 -2.143852e+00 -1.688783e+00 2.048718e+00 -3.722988e-07 2.215141e-01 3.717658e-01 5.803426e-01 9.961522e-01 2.407493e-01 -6.924667e-01 -1.257870e-01 3.801614e-02 -6.205554e-01 -1.345894e-02 -1.591986e-01 -5.755960e-01 9.717907e-07 
-1.131698e+01 -3.774174e+00 -8.267712e+00 -1.376145e+00 3.814355e+00 3.085607e+00 1.956473e+00 7.836701e+00 5.682705e+00 3.192751e+00 2.530512e+00 3.117059e+00 -1.512926e-01 2.894416e-01 2.489970e-01 3.855371e-01 1.466230e+00 1.461403e+00 -1.496955e-01 2.600771e-01 4.055757e-01 -1.037591e+00 -7.763872e-01 -6.306069e-01 -5.520470e-01 -3.722988e-07 2.601744e-01 5.517570e-01 5.776159e-01 1.212767e+00 9.451085e-02 -4.671373e-01 -4.603806e-01 -5.162840e-01 7.992804e-02 5.944842e-01 2.958853e-01 -8.507238e-01 1.416195e-03 
-1.011486e+01 -2.907058e+00 -7.722432e+00 3.401306e+00 7.989872e+00 4.319798e+00 3.022746e+00 5.505881e+00 5.999939e+00 1.236370e+00 -1.459854e+00 3.213525e+00 -1.512926e-01 2.533056e-01 6.919327e-01 4.867222e-01 1.895650e+00 1.158546e+00 -4.440143e-01 -1.169387e+00 -5.917767e-01 -3.330814e-01 1.241416e-01 3.755027e-03 -2.080547e+00 -3.722988e-07 1.043374e-01 4.703512e-01 2.417688e-01 6.033663e-01 -2.276268e-01 -2.989011e-02 -3.296898e-01 -2.782500e-01 3.079116e-01 6.017361e-01 3.564145e-01 -3.566844e-01 2.949539e-03 
-8.669860e+00 4.088908e-01 -7.439499e+00 5.382106e+00 8.467119e+00 3.874552e+00 -1.796680e+00 2.571909e+00 7.772690e+00 7.748060e+00 4.821803e+00 -3.181767e+00 -1.512926e-01 1.260595e-01 9.318731e-01 7.040014e-01 2.354592e+00 1.005987e+00 -8.086533e-03 -9.889751e-01 -7.892967e-01 -5.799212e-02 8.008580e-01 1.351854e-01 -4.717422e-01 7.082240e-03 -2.626114e-03 7.892427e-02 -1.918176e-01 -4.368804e-01 -2.980866e-01 1.901442e-01 2.215179e-01 1.696501e-01 -4.758447e-02 1.232833e-01 -1.409077e-01 4.620158e-01 3.096633e-03 
-1.028896e+01 -6.151976e-01 -7.245611e+00 5.734118e+00 8.350573e+00 4.857153e+00 -9.133958e-01 3.968540e+00 8.562435e+00 4.360654e+00 3.308017e+00 -1.280655e+00 -1.512926e-01 1.453715e-01 1.110068e+00 1.260975e-01 1.487254e+00 2.795165e-01 5.320933e-01 -2.812608e-01 2.096984e-01 -2.997643e-01 7.621157e-02 -2.895354e-01 2.251357e-01 1.120433e-02 6.781937e-02 -1.881308e-01 -2.959321e-01 -1.130252e+00 -3.977690e-01 5.247300e-02 4.325403e-01 2.837890e-01 -3.242866e-01 -9.305604e-02 -2.504879e-01 5.684951e-01 1.748102e-04 
-1.059979e+01 -2.604682e-01 -4.986456e+00 9.230419e+00 8.664260e+00 2.776734e+00 -1.020184e+00 4.658522e+00 4.111982e+00 5.635132e+00 8.225714e-01 3.005011e+00 -1.158758e-01 3.303168e-01 4.345401e-01 -3.932705e-01 -5.137224e-01 4.104426e-01 3.129710e-01 9.236361e-01 8.529727e-01 -1.292128e+00 -1.360698e-01 -1.188441e+00 6.049923e-01 9.875971e-03 -9.949654e-03 -3.872218e-01 -3.539618e-02 -1.444697e+00 -6.271700e-01 -1.520240e-01 1.134713e-01 1.747115e-01 -1.080870e-01 -2.317708e-01 -2.205536e-01 4.923991e-02 -4.770671e-03 
-8.423152e+00 2.978023e+00 -8.318936e+00 8.913413e+00 9.288869e+00 7.528957e+00 1.228273e+00 5.510920e+00 6.331365e+00 2.674470e+00 -9.079760e-01 1.245257e+00 -1.129946e-01 4.903815e-01 -2.668036e-05 -4.442296e-01 -2.321460e+00 -5.326774e-01 -3.422721e-01 3.704672e-02 6.018782e-03 -1.337317e+00 1.273369e-01 -5.867105e-01 2.233752e-01 -5.186122e-04 -2.243750e-01 -5.248299e-01 3.840958e-01 -9.187267e-01 -8.399886e-01 -3.322102e-01 -3.230910e-01 -2.045292e-01 2.161906e-01 -1.123752e-01 3.107226e-03 -6.212534e-02 -6.455566e-03 
-7.951818e+00 7.852125e-01 -8.869004e+00 1.223593e+00 1.005057e+01 4.103685e+00 1.750409e+00 6.065619e+00 2.427722e+00 7.911239e+00 9.874699e-01 -1.419417e+00 -1.210583e-01 -9.632504e-02 -4.490858e-01 8.122743e-01 -2.964695e+00 -1.723604e+00 -3.310747e-01 -5.807178e-01 1.859837e-01 -7.956524e-02 -3.833610e-01 -8.190120e-01 -2.247338e-01 -1.091320e-02 -3.356729e-01 -2.967633e-01 4.888247e-01 2.469083e-01 -8.449947e-01 -1.385739e-01 -6.170499e-01 -4.020351e-01 5.869442e-01 5.853814e-02 2.802782e-01 -8.700421e-02 -4.200124e-03 
-9.161577e+00 -1.138209e+00 -7.525193e+00 -1.869644e+00 4.994040e+00 2.482181e+00 -2.113825e+00 3.295614e+00 2.717824e+00 3.859177e+00 2.919707e-01 2.048889e+00 -1.512926e-01 -7.632417e-01 -1.072258e+00 1.443704e+00 -1.881006e+00 -2.853185e+00 -8.070623e-01 -1.144492e+00 -4.794655e-01 1.749721e-01 -3.618272e-01 -4.586468e-01 3.292747e-01 -1.068088e-02 -2.224320e-01 -3.985829e-02 1.661504e-01 1.050509e+00 -2.421442e-01 7.941204e-02 -3.316694e-01 -2.724917e-01 4.682696e-01 4.491557e-01 4.157463e-01 -1.538907e-01 5.893481e-04 
-1.071189e+01 -4.479435e-01 -1.322211e+00 -2.014739e-01 2.193375e+00 3.644443e+00 -2.252811e+00 6.696293e+00 5.521167e+00 3.125534e+00 -3.872602e+00 1.479743e+00 -1.512926e-01 -7.213002e-01 -5.130768e-01 1.106909e+00 5.006325e-01 -2.654294e+00 -1.473788e-01 -1.570883e+00 -9.144405e-01 8.865024e-01 4.011633e-01 1.489111e-01 1.170695e-01 -6.046505e-03 6.771974e-02 1.456537e-01 -4.121439e-01 1.065397e+00 4.235318e-01 8.772178e-02 -9.692602e-02 -2.891431e-01 3.982756e-02 7.337791e-01 6.166571e-01 -1.794997e-01 3.250413e-03 
-1.085923e+01 -1.767126e+00 -4.873474e+00 2.210384e-01 -1.048587e+00 3.723533e+00 -2.493219e+00 2.797897e+00 5.659748e+00 3.257758e+00 -7.714471e-01 1.441898e+00 -1.512926e-01 -3.093498e-01 -1.673012e-01 2.391364e-01 1.198439e+00 -1.278036e+00 -3.714195e-02 -1.126359e+00 -8.061331e-01 5.210357e-01 1.980770e+00 1.008064e+00 -7.168547e-01 -3.722988e-07 2.294355e-01 2.137548e-01 -5.932978e-01 5.729396e-01 7.179486e-01 9.290088e-02 6.363305e-02 -1.415914e-01 -1.396573e-01 6.665393e-01 5.361028e-01 -2.573374e-01 2.742270e-03 
-1.070934e+01 -1.465863e+00 -4.660437e+00 2.681236e+00 -1.995768e-01 2.745814e+00 -5.914738e+00 1.741993e+00 5.389264e+00 1.021742e+01 2.264103e+00 -5.304502e-01 -1.512926e-01 1.551886e-02 -1.734248e-01 -6.462333e-01 8.225482e-01 -3.936794e-01 -2.775007e-01 -1.074520e+00 -1.096459e+00 -5.339666e-02 2.114280e+00 1.530807e+00 -5.993090e-01 -3.722988e-07 1.798646e-01 6.729976e-02 -4.391807e-01 2.682903e-02 5.405475e-01 -5.006540e-02 1.044761e-01 -6.541312e-02 -2.454487e-01 3.559830e-01 3.286685e-01 -1.315391e-01 1.208926e-03 
