-1.300242e+01 2.586794e+00 -7.411292e+00 4.908092e+00 -4.908697e+00 5.670541e+00 6.253984e+00 5.497708e-01 -8.057529e-01 1.038180e+00 4.868988e+00 -4.584333e+00 -1.512926e-01 -1.236300e-01 -4.907575e-01 8.539035e-01 1.233363e+00 1.084358e-02 -6.610514e-02 -8.703867e-01 1.967829e+00 4.938444e-02 -9.124719e-04 9.388200e-02 7.255204e-01 6.459484e-07 1.953959e-01 8.214311e-02 4.862113e-03 -7.371087e-02 1.780082e-02 3.826130e-02 2.887708e-01 -3.383819e-01 -1.524631e-01 -2.008745e-01 -3.756077e-01 -9.597529e-02 -4.228338e-07 
-1.350850e+01 1.463384e+00 -6.334998e+00 6.345447e+00 -4.936937e+00 5.732758e+00 4.581639e+00 6.855775e+00 -1.701896e-01 1.760332e+00 3.664235e+00 -4.458235e+00 -1.512926e-01 3.999873e-01 -1.729815e-01 1.478389e+00 1.169379e+00 -4.865214e-01 3.926035e-01 -5.272133e-01 1.420244e+00 1.163293e-01 -1.004634e+00 -1.401985e+00 1.674778e-01 6.459484e-07 2.497970e-01 2.442316e-01 -2.121702e-01 -2.672349e-01 1.936714e-01 -5.343893e-02 4.801479e-01 -6.144493e-01 -2.990505e-01 -1.224118e-01 -9.009931e-02 -6.972655e-02 -4.228338e-07 
-1.336765e+01 6.945426e-01 -3.679759e+00 1.035623e+01 -4.840113e+00 5.308965e+00 2.738466e+00 7.236248e+00 -8.764654e-01 6.723699e-01 5.940242e+00 -1.020086e+00 -1.512926e-01 5.914715e-01 -2.389588e-01 5.659774e-01 8.968072e-01 3.484914e-01 -1.041955e-01 4.019196e-01 5.496388e-01 -7.464410e-01 -5.034110e-01 -1.036558e+00 5.245384e-01 6.459484e-07 1.396856e-01 2.915434e-01 -4.761043e-01 -5.724583e-01 1.593686e-01 -2.009262e-01 3.186247e-01 -7.362527e-01 -1.592776e-01 1.937275e-01 2.514934e-01 -8.506041e-02 -4.228338e-07 
-1.082002e+01 2.668024e+00 -1.885266e+00 8.030621e+00 -7.375341e+00 7.814299e+00 5.375877e+00 4.307730e+00 -1.888577e-01 -3.802274e+00 -2.676472e+00 -5.529128e+00 -1.512926e-01 7.676941e-01 6.045037e-01 -6.291961e-02 6.533445e-02 8.103637e-01 -3.141356e-01 8.941256e-01 -3.952275e-01 -1.047961e+00 -3.616955e-01 2.086568e-01 4.772717e-01 6.459484e-07 -1.189305e-01 1.718367e-01 -5.052798e-01 -5.144635e-01 -4.465447e-02 -3.289177e-01 -4.234054e-02 -5.001977e-01 1.521492e-01 6.955152e-01 6.358415e-01 3.588705e-02 -4.228338e-07 
-1.138916e+01 7.899879e-01 -6.806038e+00 8.549649e+00 -1.947176e+00 4.108821e+00 7.866423e+00 4.572516e+00 -4.528338e+00 1.302137e+00 2.856709e+00 -1.426235e+00 -1.512926e-01 3.907644e-01 5.782484e-01 -7.560512e-01 -1.076994e+00 1.592592e-01 -7.173326e-01 1.186948e-02 -8.055416e-01 -1.649330e-01 6.463168e-01 5.459974e-01 1.452230e-01 6.459484e-07 -2.621977e-01 6.934211e-02 -1.535697e-01 -4.043631e-01 -4.690283e-01 6.434564e-02 -3.129865e-01 -1.227747e-01 2.916518e-01 4.373823e-01 4.312079e-01 -2.107359e-02 -4.228338e-07 
-1.065911e+01 4.438025e+00 -5.086556e+00 7.575635e+00 -2.331780e+00 4.761642e+00 6.488197e+00 6.211350e+00 -3.584186e+00 -3.633742e-01 6.249249e+00 -1.868895e+00 -1.512926e-01 -9.442426e-02 2.776208e-01 -3.869979e-01 -4.160389e-01 -6.152292e-01 -9.452843e-01 -5.441288e-01 -4.031037e-01 5.863519e-01 1.897982e+00 9.861192e-01 5.366505e-01 6.459484e-07 -2.771918e-01 -1.646511e-01 -1.411261e-02 -1.976177e-01 -3.924785e-01 4.563668e-01 -2.266775e-01 1.125295e-01 -2.543545e-03 1.956832e-02 1.222612e-01 1.547134e-01 -4.228338e-07 
-1.149398e+01 2.700922e+00 -5.859073e+00 5.198793e+00 -6.565454e+00 3.248163e+00 2.241439e+00 2.256681e+00 -3.591142e-03 2.184384e+00 4.207097e+00 -2.124103e+00 -1.512926e-01 -2.883240e-01 2.711296e-01 -3.978653e-02 -8.842955e-01 -1.283800e+00 5.333017e-01 -4.440734e-01 -6.030019e-02 -1.052998e-01 5.536566e-01 7.309123e-01 3.895329e-01 6.459484e-07 -9.814993e-02 -4.984567e-02 1.648633e-01 1.085418e-01 2.497567e-01 7.234749e-01 8.714534e-02 2.823390e-01 -2.986902e-01 -3.494866e-01 -9.100078e-02 1.073419e-01 -4.228338e-07 
-1.123930e+01 3.100574e+00 -4.293921e+00 7.625756e+00 -8.142533e+00 3.517766e+00 5.467862e+00 3.450307e+00 4.803647e-01 5.246284e+00 1.578672e+00 -2.497127e+00 -1.512926e-01 -2.785522e-01 -6.524777e-02 -4.915810e-01 -1.019195e+00 -4.303869e-01 1.342501e+00 -1.134778e-02 -2.052603e-01 -1.090556e+00 -2.174287e-01 7.275723e-01 1.128666e+00 6.459484e-07 -3.666178e-03 -8.303026e-02 1.993530e-01 2.881813e-01 7.995903e-01 4.675459e-01 6.593567e-02 2.998755e-02 -1.827832e-01 -3.327666e-01 -2.444438e-01 1.375105e-04 -4.228338e-07 
-1.254096e+01 2.814238e+00 -7.401233e+00 4.102818e+00 -5.460725e+00 7.397270e+00 6.156588e+00 5.651708e+00 -7.087280e+00 1.265412e+00 8.846399e+00 8.356265e-01 -1.512926e-01 -7.904992e-03 5.004514e-01 1.206387e-01 -2.326179e-01 1.315761e+00 1.755885e+00 1.813555e-01 5.071634e-01 -8.198925e-01 -4.347350e-02 2.201950e-01 3.860863e-01 6.459484e-07 2.847604e-02 -1.063835e-01 2.724699e-01 6.127104e-01 7.280925e-01 -3.466313e-01 -2.179886e-01 -2.135753e-01 3.984328e-01 2.125492e-01 -4.239007e-01 -2.131224e-01 -4.228338e-07 
-1.152838e+01 4.055432e+00 -6.773275e+00 3.028004e+00 -5.036450e+00 9.399914e+00 4.473809e+00 3.487478e+00 -5.494836e+00 -9.911327e-01 7.567429e+00 2.294600e+00 -1.512926e-01 -2.528599e-01 -2.521349e-01 5.295025e-01 6.990965e-01 2.082871e+00 7.810368e-01 -5.271028e-01 -5.369996e-01 2.973029e-02 5.326660e-01 1.933914e-02 5.390139e-01 6.459484e-07 2.711581e-03 -9.110297e-02 2.076277e-01 4.072520e-01 4.262186e-02 -8.443940e-01 -3.604855e-01 -1.389386e-01 7.361270e-01 4.036620e-01 -4.519751e-01 -6.071628e-01 -4.228338e-07 
-1.138916e+01 4.725985e+00 -4.016011e+00 6.334866e+00 -1.539711e+00 9.087029e+00 3.645559e+00 4.773820e+00 -1.115191e+00 5.085902e+00 2.313847e+00 -2.589725e+00 -1.512926e-01 -1.589843e-01 -1.673623e-01 8.120488e-01 1.320062e+00 1.100003e+00 -9.191526e-01 -1.276026e+00 -9.622223e-01 1.326636e+00 1.241359e+00 -1.034433e+00 -3.813085e-01 6.459484e-07 1.365092e-02 -8.599987e-02 -2.021122e-01 -2.867745e-01 -7.554953e-01 -8.391555e-01 -3.345526e-01 -1.775341e-02 4.480557e-01 -1.537502e-01 -1.144390e-01 -6.149844e-01 -4.228338e-07 
-1.307939e+01 8.842146e-01 -3.338621e+00 1.000594e+01 3.117019e-01 6.578088e+00 4.088091e+00 1.204219e+00 -2.356901e+00 5.999423e+00 4.941805e+00 1.910283e+00 -1.512926e-01 -1.896174e-01 -1.868358e-01 2.007975e-01 2.408640e-01 -1.094580e-01 -1.541886e+00 -1.085091e+00 -1.652228e-01 1.516872e+00 1.158557e+00 -9.050835e-01 -1.523489e+00 6.459484e-07 1.082614e-01 1.495791e-01 -4.180745e-01 -8.391095e-01 -1.097059e+00 -3.863788e-01 -5.410388e-02 3.018152e-01 -1.850948e-01 -6.758074e-01 1.306964e-01 -4.656671e-01 -4.228338e-07 
-1.256020e+01 3.563178e+00 -5.058391e+00 7.214208e+00 -2.634690e+00 4.212515e+00 -3.035214e-02 1.982289e+00 -2.022855e+00 3.976996e+00 4.986616e+00 -8.789312e-01 -1.512926e-01 2.865708e-02 3.793252e-02 -7.254941e-01 -1.437331e+00 -1.365526e+00 -1.278501e+00 -1.212233e+00 2.325268e-01 6.768416e-01 -1.125127e+00 1.102784e-01 -1.657707e+00 6.459484e-07 1.127385e-01 9.895165e-02 -3.166382e-01 -6.713654e-01 -7.201308e-01 2.199336e-01 4.396891e-01 1.681758e-01 -8.568209e-01 -6.963572e-01 5.136923e-01 2.146790e-01 -4.228338e-07 
-1.189115e+01 3.702894e+00 -5.248072e+00 3.792068e+00 -5.036450e+00 4.127757e+00 8.864034e-01 4.057144e+00 2.543188e+00 5.355884e+00 1.705169e+00 -6.178439e+00 -1.512926e-01 1.946687e-01 3.932021e-01 -7.919882e-01 -2.117695e+00 -2.169623e+00 -9.711208e-01 -8.294801e-01 3.748615e-01 -5.708952e-01 -1.662996e+00 1.004102e-01 -1.151067e+00 6.459484e-07 1.302245e-01 6.772757e-02 2.120147e-01 1.171220e-01 -4.688763e-02 3.681229e-01 7.486551e-01 -1.046676e-01 -8.569109e-01 -1.374972e-01 4.986893e-01 8.082805e-01 -4.228338e-07 
-1.183997e+01 3.506317e+00 -6.688781e+00 2.254472e+00 -5.693370e+00 3.919918e+00 -8.149279e-01 4.509870e+00 -1.812208e-01 -2.176241e-01 4.483896e+00 -6.833396e+00 -1.512926e-01 2.124556e-01 3.735122e-02 -2.747756e-01 -8.575289e-01 -1.470604e+00 -1.047861e-01 7.946231e-01 -3.913831e-01 -1.913616e+00 -8.296349e-01 1.031057e+00 5.059271e-01 6.459484e-07 2.562169e-01 5.633928e-02 8.512347e-01 8.959761e-01 6.985855e-01 3.378802e-01 7.395653e-01 -3.978704e-01 -1.266460e-01 5.730574e-01 -1.741292e-01 9.633866e-01 4.829122e-03 
-1.246562e+01 2.878816e+00 -6.483294e+00 1.896944e+00 -9.007220e+00 1.868583e+00 3.329490e-01 1.814396e+00 -6.132379e+00 -2.181979e-01 5.695184e+00 -8.676388e-01 -1.512926e-01 3.695737e-01 1.520606e-01 1.035525e+00 5.363637e-01 -2.914049e-01 -2.881514e-01 1.654768e+00 -3.765683e-01 -1.472437e+00 3.233400e-01 1.127918e+00 1.436097e+00 6.459484e-07 5.597307e-01 7.055301e-02 1.179904e+00 1.079516e+00 1.302088e+00 4.166193e-01 1.479672e-01 -4.188482e-01 6.692126e-01 5.112213e-01 -9.482986e-01 5.070387e-01 1.810951e-02 
-1.121064e+01 4.161843e+00 -5.814527e+00 3.873932e+00 -8.002340e+00 4.818448e+00 4.219498e+00 1.147002e+00 -7.253313e+00 2.615609e+00 8.147167e+00 -1.004276e+00 -1.512926e-01 1.222250e+00 4.402872e-01 2.616859e+00 1.715590e+00 1.188268e+00 6.942575e-02 1.243380e+00 -1.381163e+00 4.944537e-01 7.470948e-01 -1.274154e+00 1.865731e+00 2.414614e-02 9.567568e-01 1.320209e-01 1.021008e+00 3.138051e-01 1.003430e+00 4.895426e-02 -8.394406e-01 -2.637452e-01 1.110416e+00 2.750800e-02 -1.548484e+00 -3.715868e-02 4.342954e-02 
-1.035775e+01 4.135037e+00 -5.077835e-01 5.664360e+00 -5.339023e+00 2.237823e+00 6.642793e+00 3.855839e+00 -1.283203e+00 5.556147e+00 5.513608e+00 -1.912559e+00 -1.512926e-01 2.488527e+00 5.446301e-01 3.661721e+00 1.993387e+00 3.011379e+00 1.024933e+00 -3.138356e-01 -1.224576e+00 1.571072e+00 1.047363e-01 -3.488426e+00 7.041519e-01 7.848108e-02 1.250852e+00 -1.981529e-01 3.579275e-01 -7.135257e-01 1.278115e-01 -4.700863e-01 -1.409785e+00 -3.032276e-01 5.827252e-01 -2.458972e-01 -1.497101e+00 -2.397247e-01 5.959705e-02 
-6.782795e+00 5.079335e+00 3.407969e+00 8.948946e+00 -1.586105e+00 4.082673e+00 2.246850e+00 -3.416593e+00 -1.334192e-01 6.307679e-01 -1.796130e+00 3.017688e+00 -3.056620e-02 3.936737e+00 5.012265e-01 3.517220e+00 -1.699169e-02 1.895133e+00 -5.165461e-01 -2.418205e+00 -1.285992e+00 2.116693e+00 -5.828505e-01 -4.403133e+00 6.861315e-01 1.779108e-01 9.728490e-01 -5.903423e-01 -3.615783e-01 -1.457552e+00 -7.490887e-01 -1.203472e+00 -1.128222e+00 -8.558886e-02 -3.913785e-02 1.182072e-01 -5.731584e-01 -2.395479e-01 4.829502e-02 
-2.237027e+00 5.143101e+00 7.213937e+00 9.327080e+00 2.841551e+00 7.361202e+00 -2.502652e-01 -2.026674e+00 -1.836740e+00 1.298120e+00 -6.775246e+00 6.417742e-01 1.807401e-01 5.266586e+00 -8.692789e-01 2.374984e+00 -2.165043e+00 -5.781955e-03 -2.345475e+00 -3.563369e+00 -1.940281e+00 6.300875e-01 -2.412025e-01 -4.793003e+00 8.272423e-01 2.211021e-01 2.100099e-01 -6.783925e-01 -8.358751e-01 -1.373075e+00 -1.078681e+00 -1.470634e+00 -4.029939e-01 -1.933925e-01 -2.733834e-01 5.034684e-01 3.730631e-01 5.449096e-02 1.036376e-02 
4.412930e+00 6.163755e+00 7.910582e+00 1.958202e+00 -2.616535e+00 -3.256691e-01 -4.424749e+00 -2.341577e+00 3.607268e+00 1.830624e+00 -7.724205e+00 1.149178e+00 5.722576e-01 4.697403e+00 -1.804489e+00 1.452459e+00 -3.492925e+00 -1.048614e+00 -4.262543e+00 -2.773097e+00 -1.451205e+00 7.692093e-01 1.511106e+00 -3.487668e+00 6.064674e-01 1.943057e-01 -7.531585e-01 -4.137807e-01 -7.899719e-01 -4.076002e-01 -3.463875e-01 -5.503916e-01 3.871551e-01 -1.402194e-01 -3.300010e-01 5.065042e-01 1.082713e+00 -1.099393e-01 -3.677478e-02 
1.037705e+01 -7.533813e-01 9.115915e+00 -1.664977e+00 -4.852552e+00 -7.284880e+00 -7.838234e+00 -6.382699e+00 -3.025442e-03 3.750337e+00 -1.548718e+01 3.158090e+00 6.528062e-01 3.158173e+00 -1.694527e+00 5.146542e-01 -3.134081e+00 -9.101923e-01 -4.455210e+00 -2.151427e+00 -2.108870e+00 8.779444e-01 1.575237e+00 -2.080918e+00 1.016605e+00 1.221015e-01 -1.517096e+00 4.541220e-01 -7.855849e-01 4.245296e-01 3.916906e-01 7.024670e-01 6.987945e-01 2.998755e-02 -8.337392e-03 1.430537e-01 1.913739e+00 -5.953199e-01 -5.255723e-02 
1.039711e+01 -9.946342e-01 9.719156e+00 -3.019911e+00 -2.981977e+00 -9.906982e+00 -7.824320e+00 -8.494306e+00 2.795773e+00 6.959996e+00 -1.487850e+01 4.792095e+00 7.049477e-01 1.225214e+00 -1.155083e+00 4.974389e-01 -1.570524e+00 6.154339e-01 -2.213635e+00 -1.188463e+00 -1.902869e+00 3.427210e-01 1.041543e+00 -3.456325e-01 4.172861e-02 4.353524e-02 -1.396552e+00 7.917342e-01 -1.103305e+00 4.691859e-01 8.720033e-01 1.485969e+00 4.466402e-01 5.571256e-01 -2.191974e-01 -3.235192e-01 2.042263e+00 -1.182691e+00 -4.104813e-02 
1.056130e+01 2.498087e-01 8.883125e+00 -3.854701e+00 -1.526263e+00 -1.012429e+01 -9.307284e+00 -9.494563e+00 2.958694e+00 6.609393e+00 -1.360280e+01 3.903386e+00 7.248872e-01 -5.827970e-01 1.076711e+00 -1.075395e+00 -1.003519e+00 1.120551e+00 1.425061e-01 -8.617631e-01 -1.564566e+00 8.016756e-01 7.088246e-01 3.204794e+00 -1.866960e+00 3.370436e-02 -7.586492e-01 3.257659e-01 -1.157482e+00 -2.527137e-02 8.667315e-01 1.385682e+00 3.313684e-01 1.361258e+00 -2.957783e-01 -4.509744e-01 1.620890e+00 -1.330329e+00 -1.836365e-02 
1.044707e+01 -1.132892e-01 1.051438e+01 -4.799757e+00 -1.202510e+00 -9.974608e+00 -9.632323e+00 -1.029978e+01 3.839771e+00 5.608938e+00 -1.039464e+01 9.854386e-01 7.538917e-01 -4.149189e-01 7.685264e-01 -3.269057e+00 -2.212285e+00 2.296014e+00 8.684379e-01 -1.184594e+00 1.062156e+00 -2.886938e-01 3.265871e-01 4.080787e+00 -3.865161e+00 3.327013e-02 -7.529981e-02 -4.130022e-01 -8.369094e-01 -4.450023e-01 4.490572e-01 6.867515e-01 3.616679e-01 1.610960e+00 -1.388341e-01 -6.276556e-01 5.101508e-01 -4.951417e-01 -2.403215e-03 
7.438392e+00 4.189461e+00 3.341581e+00 -5.792707e+00 -1.398047e-01 -6.538735e+00 -1.124322e+01 -1.330306e+01 3.483097e+00 7.969919e+00 -1.705108e+00 -4.273417e+00 7.968451e-01 1.850066e-01 -1.027586e+00 -3.389457e+00 -2.939570e+00 2.583225e+00 9.320696e-01 -4.963675e-01 3.214993e+00 -2.852727e-01 -3.222657e-01 3.810398e+00 -3.681608e+00 3.541606e-02 3.170380e-01 -1.097683e+00 2.180068e-01 -2.024928e-01 -6.570476e-02 2.562417e-02 6.906404e-01 1.106831e+00 8.853695e-02 -1.010115e+00 -8.223504e-01 7.871135e-01 -1.855570e-03 
9.884066e+00 8.781223e-01 -3.855644e+00 -1.311258e+01 7.804762e+00 -7.357916e+00 -1.277913e+01 -1.279509e+00 1.090189e+00 7.912250e+00 -4.233366e-01 -1.044545e+01 8.353012e-01 4.647669e-01 -2.167994e+00 -2.529982e+00 -2.827491e+00 2.129478e+00 8.253279e-01 4.371877e-01 3.762203e+00 1.919273e-01 -1.581237e+00 1.902344e+00 -1.526640e+00 3.066472e-02 6.040707e-02 -7.071948e-01 1.076756e+00 5.576407e-01 -7.787787e-01 -4.301600e-02 7.564082e-01 -1.973230e-01 3.678124e-01 -1.057893e+00 -1.137543e+00 1.565605e+00 -3.553270e-03 
1.176797e+01 -5.383894e+00 -8.790975e-01 -1.439623e+01 6.885948e+00 -6.771821e+00 -1.021592e+01 2.069994e+00 2.906933e+00 3.846739e+00 4.635408e-01 -8.789234e+00 8.612666e-01 5.624853e-01 -2.943445e+00 -3.549344e-01 -1.708517e+00 8.753713e-01 2.920626e-01 1.780583e+00 2.619681e+00 1.004053e+00 -3.387820e+00 1.823922e-01 8.994225e-01 2.572151e-02 -2.726724e-01 8.493973e-02 9.509590e-01 8.807266e-01 -8.753904e-01 1.054973e-01 2.699673e-01 -1.067790e+00 2.409181e-01 -6.211171e-01 -8.304636e-01 1.144211e+00 -4.727284e-03 
1.060594e+01 -6.166951e+00 -2.496047e-02 -1.463514e+01 5.931833e+00 -5.731275e+00 -7.959979e+00 8.245805e-01 5.087704e+00 -2.356994e-01 -1.966970e+00 -4.389728e+00 8.750046e-01 -3.016094e-01 -1.809527e+00 5.973954e-01 -3.970603e-02 -7.440304e-01 9.734080e-01 1.459079e+00 3.732675e-01 9.057822e-01 -3.430149e+00 2.071386e-01 1.672332e+00 2.034911e-02 -3.537672e-01 4.401389e-01 4.862922e-01 6.135684e-01 -3.839485e-01 1.065234e-01 -1.882238e-01 -1.225057e+00 -9.224681e-04 1.969501e-01 -2.371677e-01 1.491013e-01 -4.684499e-03 
9.890207e+00 -7.005244e+00 -3.482795e-01 -1.357369e+01 5.173383e+00 -5.891775e+00 -4.749788e+00 -1.256956e+00 6.504781e+00 -4.894826e+00 -2.097435e-02 -2.803903e+00 9.056078e-01 -7.950327e-01 -7.820843e-01 -1.982750e-01 7.013325e-02 -3.570664e-01 1.385759e+00 3.424391e-01 -4.295453e-01 5.623377e-01 -2.503432e+00 5.057655e-01 4.399507e-01 1.693582e-02 -2.248604e-01 4.262423e-01 -1.018927e-02 2.770495e-03 3.442816e-01 -6.575204e-02 -4.105688e-01 -9.408632e-01 -1.355919e-01 9.578983e-01 -1.295064e-01 -4.736654e-01 -4.588661e-03 
9.315332e+00 -7.358595e+00 -1.133729e+00 -1.372238e+01 4.940738e+00 -2.931090e+00 -8.216608e+00 2.249999e+00 3.820254e+00 -4.867570e+00 8.542336e-01 -5.076304e+00 9.148661e-01 -6.251782e-01 -1.048028e+00 -1.767559e-01 -6.489409e-01 8.259618e-01 8.110071e-01 2.150759e-01 -8.386405e-01 4.081230e-01 -1.038613e+00 5.548029e-01 -5.512717e-01 1.163916e-02 7.430299e-02 6.772757e-02 -9.250818e-02 -4.144254e-01 7.324490e-01 -4.165675e-01 -1.240601e-01 -5.479387e-01 -6.615579e-02 1.141258e+00 -4.944085e-01 -3.020323e-01 -2.632542e-03 
8.437871e+00 -8.698076e+00 -1.316225e+00 -1.450204e+01 5.596313e+00 -1.243585e+00 -8.375456e+00 -7.900305e-01 6.352608e+00 -6.354336e+00 1.581940e+00 -6.246193e+00 9.260041e-01 -3.999866e-01 -1.192965e+00 -1.880536e-02 -1.390089e+00 1.811725e+00 4.447507e-02 3.497360e-01 -1.478866e+00 5.749485e-01 2.059782e-01 -6.390976e-01 -3.569858e-01 7.135231e-03 2.424900e-01 -1.207413e-01 9.741739e-02 -2.914156e-01 4.056753e-01 -4.360633e-01 3.091300e-02 -1.190208e-01 -1.663623e-01 9.432799e-01 -7.185526e-01 1.731847e-01 -3.221643e-04 
8.205710e+00 -1.056068e+01 -4.247265e-01 -1.741629e+01 9.850158e+00 -4.000039e+00 -5.072121e+00 -3.601609e+00 7.204551e+00 -4.699441e+00 6.098750e-03 -5.425238e+00 9.230176e-01 -1.276925e-01 -1.265433e+00 4.510650e-02 -1.381878e+00 1.833861e+00 -4.388889e-01 8.350874e-01 -1.841735e+00 5.687101e-01 9.213979e-01 -1.692566e+00 5.607762e-01 1.208349e-02 2.184572e-01 3.213936e-05 6.977564e-02 7.379169e-02 -1.778021e-01 -1.146264e-01 -1.291398e-01 2.842380e-01 -2.662086e-01 4.168792e-01 -5.150136e-01 2.908622e-01 1.663049e-03 
8.444832e+00 -1.136932e+01 -7.966152e-01 -1.867710e+01 1.177755e+01 -5.134810e+00 -4.573935e+00 -5.725327e+00 7.687376e+00 -3.949172e+00 -2.792233e+00 -4.414571e+00 9.371948e-01 1.685372e-01 -1.277059e+00 1.777720e-01 -1.020475e+00 1.167439e+00 -1.697464e-01 1.868834e-01 -5.229349e-01 -3.498028e-01 1.232894e+00 -1.963106e+00 7.498431e-01 1.510294e-02 8.490442e-02 1.489159e-01 -6.586921e-03 3.675488e-01 -5.437843e-01 1.550198e-01 -2.495803e-01 5.782800e-01 -3.146608e-01 -2.162460e-02 6.679923e-03 7.309486e-02 5.934297e-04 
8.673307e+00 -1.235017e+01 -1.168217e+00 -1.854400e+01 1.101977e+01 -3.179955e+00 -5.942498e+00 -4.491190e+00 5.996217e+00 -1.463099e+00 -5.421591e+00 -3.188596e+00 9.696954e-01 1.828107e-01 -1.005884e+00 7.383455e-02 -4.648800e-01 2.591058e-01 3.449167e-01 -3.491037e-01 1.045381e-01 -4.604831e-01 5.323181e-01 -1.358110e+00 3.495531e-01 1.597646e-02 -1.249703e-01 3.201438e-01 -1.201856e-01 4.226965e-01 -4.956066e-01 1.438408e-01 -2.143349e-01 4.701231e-01 -1.636606e-01 -3.327199e-01 4.254127e-01 -2.282353e-01 -2.935458e-03 
9.046730e+00 -1.418882e+01 -5.542430e-02 -1.904076e+01 1.084865e+01 -2.502789e+00 -7.006120e+00 -2.960108e+00 5.207632e+00 -1.807965e+00 -5.520081e+00 -3.615072e+00 9.781806e-01 -1.306569e-01 -5.781458e-01 -6.603988e-02 -1.080657e-02 -1.197322e-01 4.277411e-01 -3.060965e-01 4.393716e-01 -4.836925e-01 2.924919e-01 -7.726978e-01 1.140073e-01 8.160227e-03 -2.529901e-01 4.209086e-01 -2.452333e-01 3.687188e-01 -2.539859e-01 -5.171078e-02 3.648276e-02 3.193076e-02 1.065489e-01 -4.589608e-01 6.127253e-01 -3.167033e-01 -3.756925e-03 
8.819074e+00 -1.418029e+01 -4.261635e-01 -1.955867e+01 1.161013e+01 -3.591575e+00 -5.601613e+00 -4.461120e+00 6.141885e+00 -3.108526e+00 -5.420658e+00 -4.077306e+00 9.823970e-01 -6.029994e-01 -1.409360e-02 -4.340172e-01 2.267875e-01 -6.448515e-04 -1.841835e-02 9.768873e-03 2.765105e-02 -1.826419e-01 -2.719346e-01 -1.608694e-01 -2.625509e-01 8.792147e-04 -2.145124e-01 3.169148e-01 -1.972615e-01 2.474641e-01 -5.036551e-02 -1.794863e-01 8.683343e-02 -6.814420e-02 6.025817e-02 -2.985793e-01 5.088630e-01 -1.864760e-01 -2.399792e-03 
7.718868e+00 -1.334484e+01 -1.497571e+00 -1.822323e+01 1.088395e+01 -2.789976e+00 -6.274493e+00 -3.543556e+00 5.196318e+00 -1.663649e+00 -6.656218e+00 -3.399764e+00 9.716454e-01 -7.035726e-01 3.315846e-01 -7.943553e-01 4.773917e-01 2.737571e-02 -2.466654e-01 1.897580e-01 -3.248102e-01 4.401812e-02 -6.599706e-01 5.018182e-01 -5.276384e-01 3.863319e-03 -4.788812e-02 9.379088e-02 -1.468328e-02 1.042906e-01 -9.839124e-03 -1.683072e-01 3.496778e-02 -2.420131e-02 -1.521196e-02 -2.178748e-01 3.518141e-01 -3.910303e-02 2.066554e-04 
6.322627e+00 -1.284283e+01 -2.617548e+00 -1.781837e+01 1.099893e+01 -3.128109e+00 -6.259420e+00 -4.061017e+00 5.088552e+00 -2.895066e+00 -5.657781e+00 -4.608800e+00 9.773725e-01 -6.032190e-01 1.238676e-01 -5.483915e-01 5.284724e-01 -6.621297e-02 -2.150710e-01 -1.629234e-01 1.458883e-01 -4.230531e-01 -4.843919e-01 5.487301e-01 -2.619600e-01 6.120332e-03 1.515119e-01 -1.590867e-01 2.615559e-01 5.266572e-03 -9.868965e-02 -4.771442e-02 -3.913236e-02 1.965730e-01 -1.609287e-01 1.900787e-02 4.615143e-02 1.683681e-01 -3.444123e-04 
6.776712e+00 -1.319943e+01 -2.931670e+00 -1.752377e+01 1.129142e+01 -3.968029e+00 -5.728382e+00 -4.784376e+00 5.954638e+00 -5.214444e+00 -2.892590e+00 -5.987598e+00 9.999999e-01 -3.699025e-01 -1.781163e-01 -8.217924e-02 3.598744e-01 -1.359842e-01 -3.153166e-01 -4.484699e-02 2.592497e-01 -4.394874e-01 -6.907027e-01 6.314712e-01 -8.175568e-02 6.569715e-03 2.059129e-01 -2.801773e-01 4.545488e-01 -7.324286e-02 -1.363971e-01 -3.302510e-02 7.471534e-04 2.630836e-01 -1.530335e-01 1.489384e-01 -2.079987e-01 1.920980e-01 -3.623437e-03 
6.273492e+00 -1.363361e+01 -2.451146e+00 -1.726592e+01 1.107524e+01 -4.078034e+00 -6.688811e+00 -3.111295e+00 3.647150e+00 -3.755221e+00 -4.558519e+00 -4.093115e+00 9.988229e-01 -1.218704e-02 -5.546033e-01 5.176669e-01 3.117797e-01 -4.123603e-01 -2.227481e-01 -6.861705e-02 7.186027e-01 -7.455019e-01 -1.614151e-01 4.916383e-03 3.563477e-01 -2.195776e-03 1.998730e-01 -2.219962e-01 4.516241e-01 -9.648757e-02 -1.369829e-01 -8.179148e-02 1.114295e-01 1.706048e-01 -2.577898e-02 1.371690e-01 -2.334330e-01 3.389851e-02 -5.257815e-03 
5.893518e+00 -1.384034e+01 -1.991602e+00 -1.670012e+01 1.016551e+01 -3.891385e+00 -6.284155e+00 -2.722051e+00 3.719277e+00 -4.687104e+00 -4.048331e+00 -4.066390e+00 9.937634e-01 3.041382e-02 -7.300582e-01 9.452523e-01 2.195360e-01 -4.816645e-01 -4.078851e-01 1.464191e-01 7.042567e-01 -5.599613e-01 -7.664096e-02 -2.662314e-01 1.236576e-01 -1.009785e-02 1.351240e-01 -8.006066e-02 3.600675e-01 -7.074678e-02 -1.503452e-01 -9.167437e-02 8.153101e-02 1.986488e-01 -8.626915e-02 1.839197e-01 -1.754814e-01 -7.989021e-02 -4.621177e-03 
6.703011e+00 -1.529517e+01 -4.988743e-01 -1.667116e+01 9.500181e+00 -4.280463e+00 -6.324737e+00 -1.499607e+00 2.478698e+00 -3.965526e+00 -5.055171e+00 -3.787468e+00 9.695022e-01 1.959862e-01 -7.101004e-01 1.196058e+00 1.162018e-01 -5.783355e-01 -5.778155e-01 2.985474e-01 7.764555e-01 -4.918090e-01 -1.056335e-01 -1.695230e-01 -1.949989e-01 -1.183479e-02 6.301710e-03 1.567292e-01 1.834813e-01 3.833960e-02 -2.118853e-01 -1.027454e-01 2.113734e-01 7.958340e-02 -1.977499e-02 1.820806e-03 1.073870e-01 -1.230636e-01 -1.793960e-03 
6.714066e+00 -1.601893e+01 8.185430e-01 -1.672351e+01 9.670631e+00 -5.906202e+00 -5.178792e+00 -2.068856e+00 3.739076e+00 -5.492459e+00 -3.975514e+00 -5.522352e+00 9.641791e-01 2.016956e-01 -5.007364e-01 1.378971e+00 1.039382e-01 -8.046482e-01 -5.961225e-01 1.791444e-01 1.223713e+00 -9.977860e-01 2.011075e-01 -1.585921e-01 -2.054369e-01 -1.171360e-02 -6.761272e-02 3.349054e-01 3.617754e-02 2.312786e-01 -4.022897e-01 -3.761551e-02 3.763721e-01 -1.081971e-02 -1.016394e-01 -6.076255e-02 2.601217e-01 1.037626e-01 -4.334047e-04 
6.843044e+00 -1.609488e+01 2.123890e+00 -1.667394e+01 8.431089e+00 -5.959853e+00 -5.748866e+00 4.441069e-01 1.178438e+00 -3.880600e+00 -5.442596e+00 -4.340042e+00 9.544465e-01 -6.631648e-02 1.143731e-01 1.218223e+00 5.614241e-01 -1.310233e+00 -6.426282e-01 9.719588e-01 8.569055e-01 -6.254975e-01 -2.913016e-01 4.878509e-01 -9.455708e-02 -1.035536e-02 -8.121298e-02 3.776042e-01 -1.903463e-02 3.601385e-01 -4.953869e-01 -5.505908e-02 5.584810e-01 -2.148560e-01 -1.423164e-01 -9.537020e-02 3.066762e-01 3.431387e-01 -1.138498e-03 
6.832398e+00 -1.594419e+01 3.591902e+00 -1.617941e+01 6.676500e+00 -6.031987e+00 -5.676592e+00 2.424574e+00 -6.193550e-01 -3.724235e+00 -4.647207e+00 -4.817332e+00 9.427463e-01 -1.766615e-01 5.322291e-01 1.115038e+00 1.153277e+00 -2.127219e+00 -5.634947e-01 1.691473e+00 6.099295e-01 -1.001207e+00 -2.877066e-01 7.055586e-01 5.921889e-01 -1.300621e-02 -4.742352e-02 3.851580e-01 -1.419067e-01 4.666508e-01 -5.693741e-01 -4.004573e-02 5.470296e-01 -3.471263e-01 -1.908586e-01 -6.650714e-02 2.974684e-01 4.706262e-01 -2.812238e-03 
6.312800e+00 -1.476067e+01 4.205202e+00 -1.413671e+01 4.446198e+00 -7.430502e+00 -1.216105e+00 5.384945e-01 1.530303e+00 -6.306135e+00 -2.280178e+00 -4.612564e+00 9.284461e-01 -2.097072e-02 6.614708e-01 1.232748e+00 1.392257e+00 -2.393975e+00 -8.695465e-01 2.334812e+00 9.085648e-03 -1.201572e+00 -3.380376e-01 9.316163e-01 1.121871e+00 -1.687898e-02 6.855877e-02 2.201864e-01 -7.827713e-02 2.189932e-01 -3.783107e-01 -4.874051e-02 2.862310e-01 -2.403827e-01 -3.970355e-01 1.632765e-01 1.583200e-01 4.366885e-01 -4.133431e-03 
6.096199e+00 -1.402473e+01 5.353056e+00 -1.222600e+01 1.027120e+00 -7.988646e+00 1.012013e+00 9.340032e-01 -1.442731e+00 -5.718257e+00 -2.029052e+00 -2.425233e+00 9.121431e-01 -5.797198e-02 1.151601e+00 6.621680e-01 2.021754e+00 -3.109620e+00 -6.826379e-01 2.232767e+00 -8.814829e-02 -1.663948e+00 -1.080689e-01 1.106815e+00 1.539394e+00 -2.250889e-02 1.569604e-01 1.161062e-01 -2.310064e-02 -1.271815e-01 -6.618068e-02 -2.454634e-02 5.332573e-02 -1.122196e-01 -3.475026e-01 3.382764e-01 3.063327e-02 2.307198e-01 -4.039305e-03 
7.106324e+00 -1.374733e+01 7.406779e+00 -1.168915e+01 -7.140217e-01 -9.329453e+00 2.581164e+00 1.235124e+00 -4.417744e+00 -4.573487e+00 -2.093467e+00 7.339174e-02 8.853345e-01 2.170671e-01 9.056157e-01 1.053278e+00 1.222059e+00 -2.710514e+00 -8.268793e-01 2.132269e+00 4.022357e-03 -2.279263e+00 4.352511e-01 1.078728e+00 1.615316e+00 -2.627563e-02 1.664215e-01 1.381043e-01 -3.454967e-02 -3.941448e-01 2.783485e-01 -8.854209e-02 1.304519e-02 -3.563971e-02 -1.011891e-01 3.474770e-01 -8.391780e-02 5.484475e-03 -2.800258e-03 
6.145333e+00 -1.069268e+01 5.302187e+00 -7.294662e+00 -6.291457e+00 -8.496295e+00 3.588745e+00 1.635645e+00 -5.965215e+00 -5.130666e+00 7.935526e-01 5.367552e-01 8.517448e-01 4.891416e-01 9.906789e-01 1.089323e+00 6.022673e-01 -2.299825e+00 -7.074409e-01 2.059411e+00 5.146727e-02 -2.199909e+00 1.017073e+00 7.851115e-01 1.499021e+00 -2.850740e-02 1.640985e-01 1.615151e-01 8.357457e-03 -5.458205e-01 5.658405e-01 -6.904633e-02 -1.343976e-01 5.229023e-02 2.643937e-01 9.658321e-02 -1.218439e-01 -2.131666e-01 -6.250804e-04 
7.373698e+00 -1.189813e+01 9.497288e+00 -1.049181e+01 -5.447277e+00 -1.131091e+01 8.157063e+00 2.077205e-01 -7.604895e+00 -4.423434e+00 1.702368e+00 1.983307e+00 8.272903e-01 5.376714e-01 1.432465e+00 8.463718e-01 1.312380e-01 -1.407090e+00 -1.299761e+00 2.486830e+00 -2.389218e-01 -1.439501e+00 8.367397e-01 6.727658e-01 1.169631e+00 -2.788129e-02 -1.452104e-02 4.445501e-01 -3.809097e-01 -1.532733e-01 5.043371e-01 1.433715e-02 -3.292057e-01 -5.162697e-02 7.493958e-01 -4.577465e-01 1.393892e-01 -4.849339e-01 1.688720e-03 
8.408390e+00 -9.996131e+00 9.754506e+00 -9.812955e+00 -8.105216e+00 -1.053546e+01 8.520751e+00 1.704974e+00 -1.084890e+01 -7.082397e-01 -9.029144e-04 4.114930e+00 7.986371e-01 6.022315e-01 1.695696e+00 8.075298e-01 -1.620222e-01 -9.321418e-01 -7.914464e-01 1.383678e+00 2.948803e-01 -7.618021e-01 1.742024e-01 7.005486e-01 6.964711e-01 -2.483659e-02 -1.182124e-01 6.000362e-01 -7.443898e-01 1.695006e-01 6.024131e-01 -4.539221e-02 -6.178977e-01 -1.935691e-01 1.019155e+00 -8.836869e-01 3.171075e-01 -7.069434e-01 3.109174e-03 
8.663072e+00 -6.933356e+00 9.412219e+00 -9.773973e+00 -6.842476e+00 -1.480855e+01 1.254914e+01 5.998583e-03 -9.173296e+00 -2.600983e+00 1.667827e+00 4.132245e+00 7.724961e-01 8.794694e-02 2.775843e+00 -7.103231e-01 8.379419e-01 -8.726448e-01 -7.131987e-01 8.240316e-01 -3.758182e-01 7.486161e-01 -1.431984e+00 1.817932e+00 -4.079945e-01 -1.966617e-02 3.481156e-02 5.569625e-01 -8.812432e-01 5.787793e-01 4.830671e-01 3.728214e-01 -1.306989e+00 -3.399718e-01 8.882681e-01 -3.670006e-01 -4.589293e-01 -3.791877e-01 2.185023e-03 
8.511982e+00 -4.696689e+00 9.382330e+00 -8.463591e+00 -1.025449e+01 -1.070452e+01 8.311273e+00 3.210580e+00 -8.990009e+00 -5.171407e+00 4.313522e+00 2.944664e+00 7.549634e-01 1.228621e-01 3.319162e+00 -1.854281e+00 1.096437e+00 4.450689e-01 -1.227862e+00 -1.986337e-01 -8.479232e-01 1.801824e+00 -2.267085e+00 1.798044e+00 -1.246880e+00 -1.706580e-02 2.619612e-01 2.800398e-01 -6.682769e-01 7.666481e-01 3.375089e-01 6.197315e-01 -1.434603e+00 -6.163924e-01 5.421682e-01 6.512865e-01 -1.459818e+00 2.273172e-01 -9.297080e-04 
7.761452e+00 -6.684960e-01 6.131896e+00 -6.977230e+00 -8.735577e+00 -1.479186e+01 1.238218e+01 -2.424688e+00 -4.791389e+00 -9.351969e+00 8.634950e+00 5.284742e-01 7.507998e-01 9.514927e-01 3.405679e+00 -2.228929e+00 2.395847e+00 3.196302e-01 7.823655e-01 -3.257011e+00 -1.367473e+00 1.720054e+00 2.223300e-01 -2.170794e+00 2.453694e-01 -2.083759e-02 3.782814e-01 -2.886249e-01 5.208492e-02 4.504654e-01 1.585998e-01 9.812400e-01 -1.305340e+00 -4.408417e-01 -8.623913e-02 1.607411e+00 -2.177517e+00 8.745651e-01 -3.519042e-03 
9.473382e+00 3.467327e+00 2.123602e+00 -5.729777e+00 -4.933239e+00 -1.668315e+01 7.611339e+00 -1.319185e+00 -4.030806e+00 -8.667976e+00 5.505672e+00 -3.177006e-01 7.241493e-01 1.480380e+00 2.780978e+00 -1.774445e+00 2.892256e+00 1.591658e-01 1.559527e+00 -3.748775e+00 -2.291430e+00 1.463276e+00 2.603428e+00 -4.604292e+00 1.506307e+00 -2.890124e-02 8.735416e-02 -7.250124e-01 6.442603e-01 6.852653e-02 -1.275377e-01 9.063352e-01 -3.321911e-01 -3.560032e-01 -3.023827e-01 1.393973e+00 -1.505858e+00 9.587025e-01 -3.149382e-03 
1.293983e+01 6.013074e+00 1.897135e+00 8.382801e-01 -7.904845e+00 -7.907043e+00 -3.386250e+00 -4.566366e+00 -3.052711e+00 2.592199e-01 -9.782228e+00 6.990343e+00 6.837081e-01 1.300534e+00 1.601816e+00 -4.898594e-01 2.192378e+00 6.342883e-02 2.799384e+00 -3.927548e+00 -1.858331e+00 4.866055e-01 4.169837e+00 -5.868484e+00 2.588125e+00 -3.134003e-02 -4.248517e-01 -8.319470e-01 8.280869e-01 -6.187527e-01 1.537674e-01 -7.833517e-02 1.179799e+00 -1.998404e-01 -1.986938e-01 1.417460e-01 3.666884e-01 1.588672e-01 -3.122786e-05 
1.332472e+01 5.867672e+00 2.627692e+00 2.090187e+00 -9.873925e+00 -6.349381e+00 -2.548724e+00 -7.175387e+00 -2.542733e+00 3.039949e+00 -9.499360e+00 7.245550e+00 6.440047e-01 3.851648e-01 5.959780e-01 4.975465e-01 1.540700e+00 -6.443834e-02 2.295351e+00 -1.524229e+00 -2.382569e+00 9.065872e-01 2.729140e+00 -3.882396e+00 2.375227e+00 -2.756319e-02 -6.593505e-01 -5.568117e-01 5.835555e-01 -8.127837e-01 4.128141e-01 -6.511646e-01 1.485468e+00 1.797908e-01 -9.538190e-03 -9.204897e-01 1.309883e+00 -3.460453e-01 2.813103e-03 
1.233875e+01 6.140199e+00 3.430673e+00 7.477269e-02 -5.948204e+00 -5.961656e+00 -2.175761e+00 -8.788327e+00 -3.102493e+00 5.643368e+00 -1.320511e+01 9.687713e+00 6.341491e-01 -6.251782e-01 3.384633e-01 7.755738e-01 -2.211042e-02 1.200410e+00 2.292005e-02 1.529615e+00 -2.321059e+00 1.004992e+00 8.682836e-01 -6.981549e-01 6.051872e-01 -2.166062e-02 -5.456490e-01 -2.079554e-01 1.471369e-01 -4.964449e-01 4.183787e-01 -9.244292e-01 1.092867e+00 5.203813e-01 1.801578e-01 -1.453289e+00 1.511298e+00 -6.030532e-01 3.198166e-03 
1.169959e+01 6.383888e+00 3.844522e+00 2.355828e+00 -6.233968e+00 -6.178962e+00 -6.154988e-01 -1.112129e+01 5.270349e-01 2.285663e+00 -1.219453e+01 1.020980e+01 6.111001e-01 -8.534442e-01 6.287244e-01 5.106732e-01 -6.444653e-02 1.654717e+00 -3.080824e-01 9.499576e-01 -1.161097e+00 1.156389e+00 -3.482430e-01 -6.400084e-01 7.675681e-01 -1.967627e-02 -2.643940e-01 -5.858149e-02 -1.500387e-01 -1.976957e-01 3.628791e-01 -5.758818e-01 2.856072e-01 7.389475e-01 6.311006e-02 -1.124119e+00 8.098896e-01 -2.911616e-01 2.267170e-03 
1.062600e+01 7.447188e+00 5.166250e+00 5.949156e-01 -3.722945e+00 -7.877738e+00 3.295012e+00 -1.419890e+01 4.373716e-01 4.977737e+00 -1.192520e+01 8.534386e+00 5.918458e-01 -8.084278e-01 5.456958e-01 2.392092e-01 5.126896e-01 1.295680e+00 -5.211228e-01 2.996530e-01 1.329487e-01 1.262508e+00 -1.557927e+00 6.685832e-02 3.767315e-01 -1.929252e-02 1.732552e-02 -5.699578e-02 -5.376295e-01 6.505542e-02 2.891116e-01 5.489480e-02 -3.374489e-01 7.043673e-01 -3.070225e-02 -7.474046e-01 1.504000e-01 1.546250e-01 7.885282e-04 
9.913547e+00 8.357370e+00 4.312975e+00 1.507672e+00 -2.713359e+00 -6.931419e+00 -5.339493e-01 -1.027556e+01 1.469490e+00 1.631796e+00 -1.333907e+01 1.166011e+01 5.667940e-01 -8.452095e-01 1.995332e-01 1.551768e-02 2.849064e-01 1.702165e+00 -3.119210e-01 5.186692e-01 8.512877e-02 1.093335e+00 -1.678304e+00 -2.155240e-01 1.033739e+00 -1.740915e-02 4.055577e-02 -7.749470e-02 -5.926990e-01 2.232443e-01 2.406044e-01 4.094906e-01 -9.861744e-02 5.213971e-01 -1.782202e-01 -2.184819e-01 4.012662e-01 7.539273e-02 -1.393495e-03 
9.189220e+00 7.881769e+00 4.392583e+00 3.062532e+00 -1.230077e+00 -8.191074e+00 -7.179188e-01 -8.546094e+00 2.738920e+00 -1.819441e+00 -1.229862e+01 1.084631e+01 5.598546e-01 -5.427215e-01 2.681263e-01 -1.665128e+00 1.283587e-01 2.622173e+00 2.992968e-01 5.786178e-02 5.775807e-01 8.830425e-01 -2.203533e+00 -1.582885e-01 1.245257e+00 -1.884819e-02 -3.576616e-02 6.135589e-02 -3.210609e-01 4.649738e-01 3.614203e-02 9.809700e-01 -1.702669e-01 6.004060e-01 -3.605313e-01 2.505663e-01 5.663639e-01 -2.232419e-01 -6.197368e-03 
8.191789e+00 7.164102e+00 4.308664e+00 2.546844e+00 1.030818e+00 -7.581985e+00 3.984512e+00 -1.352190e+01 4.843039e+00 -2.707427e+00 -1.308561e+01 1.422235e+01 5.400556e-01 -7.836139e-01 3.800260e-01 -1.500614e+00 1.243814e+00 2.194580e+00 1.329214e+00 5.779285e-01 1.223619e+00 4.550112e-01 -1.117821e+00 1.478922e+00 7.102572e-01 -2.686639e-02 -1.217603e-01 1.093020e-01 1.545556e-01 8.651262e-01 -5.050151e-01 1.432775e+00 -4.589589e-01 8.322213e-01 -4.259748e-01 2.877893e-01 8.092457e-01 -9.320020e-01 -1.118265e-02 
8.773624e+00 9.384522e+00 -3.156988e+00 7.174332e-01 7.515636e+00 -6.055882e+00 1.325070e+00 -9.687514e+00 3.165740e+00 -3.870559e+00 -1.284289e+01 1.347931e+01 5.109808e-01 -1.018138e+00 7.621322e-01 -6.081071e-01 2.358203e+00 1.230299e+00 3.563111e+00 -5.812764e-01 2.565766e+00 -2.209440e-01 -5.852859e-01 2.051581e+00 -5.776623e-01 -4.554860e-02 -2.792614e-01 -1.080557e-01 7.113495e-01 8.048693e-01 -9.595184e-01 1.287339e+00 -2.468177e-01 5.350879e-01 -4.163083e-01 2.165191e-01 6.091194e-01 -1.243849e+00 -1.494600e-02 
6.203476e+00 9.505961e+00 5.848911e-01 8.899382e+00 3.886438e+00 -1.353140e+00 1.333959e+00 -3.586574e+00 3.530899e+00 -2.932077e+00 -5.672251e+00 1.389487e+01 4.569069e-01 -1.216320e+00 4.989982e-01 2.596524e-01 3.495626e+00 -1.270176e-01 5.220043e+00 -1.456567e+00 3.252030e+00 -4.844974e-01 -1.048470e+00 2.725807e+00 -2.714807e+00 -5.997430e-02 -2.994928e-01 -3.883516e-01 3.949139e-01 -1.218384e-01 -8.399893e-01 3.147661e-01 -3.195850e-02 6.006304e-02 -2.155050e-01 1.263337e-01 1.396467e-01 -8.481297e-01 -1.696373e-02 
5.092625e+00 1.052174e+01 3.213978e+00 1.167663e+01 3.493428e+00 6.510011e+00 -2.298665e+00 -6.852019e-01 2.290037e+00 -4.633451e+00 -5.747869e+00 8.121838e+00 3.736880e-01 -1.722589e+00 -3.316757e-01 1.011531e+00 3.026730e+00 -1.014802e+00 4.790566e+00 -1.590538e-01 2.238903e+00 -7.287992e-01 -1.155743e+00 2.263823e+00 -3.261525e+00 -7.702560e-02 -2.302667e-01 -5.970311e-01 -2.543283e-01 -9.925793e-01 -6.667912e-01 -1.245164e+00 1.374514e-01 -5.459955e-01 1.607049e-01 4.109478e-01 -1.181093e-01 -1.162584e-01 -1.644517e-02 
3.951064e+00 9.090877e+00 2.421343e+00 1.454522e+01 2.407190e+00 1.223571e+01 -1.486262e+00 -1.762723e+00 2.858282e+00 -7.567964e+00 -3.004150e+00 3.327099e+00 3.088274e-01 -1.928786e+00 -1.014894e+00 -3.357823e-01 3.004758e-01 -8.828256e-01 2.289445e+00 2.070051e-01 1.687473e+00 -3.685849e-01 -2.009609e-01 2.071014e+00 -2.188374e+00 -9.594008e-02 -1.225206e-01 -4.507421e-01 -6.306128e-01 -1.476389e+00 -1.817559e-01 -2.053185e+00 -9.518646e-02 -4.789992e-01 3.252742e-01 7.056500e-01 -3.220990e-01 6.210483e-01 -1.065212e-02 
1.286741e+00 7.934162e+00 9.823579e-01 1.302878e+01 3.181442e+00 1.110230e+01 1.940363e+00 5.952940e-01 -1.419047e-01 -7.330976e+00 -2.858049e+00 2.455328e+00 1.998891e-01 -1.813281e+00 -1.466078e+00 -1.582064e+00 -1.007038e+00 -1.725871e+00 -1.197449e+00 -7.258868e-01 6.181808e-01 5.247064e-01 1.045718e+00 1.788328e+00 -1.422161e+00 -1.097952e-01 1.479640e-01 -8.689363e-02 -5.359889e-01 -1.004163e+00 2.698551e-01 -1.354632e+00 -2.863408e-01 -1.306800e-01 3.908077e-01 6.121486e-01 -1.804395e-01 5.098668e-01 8.607872e-03 
-1.537269e+00 5.725520e+00 2.188487e-02 9.725819e+00 -3.717776e-01 7.797618e+00 2.494670e-01 4.210419e+00 2.903821e+00 -2.588072e+00 3.237600e+00 5.785824e+00 6.410703e-02 -1.783526e+00 -1.187539e+00 -1.596589e+00 -1.869437e+00 -6.802369e-01 -2.051825e+00 -1.649050e+00 1.667407e+00 5.150470e-01 1.379132e+00 1.353064e+00 -5.292139e-01 -9.685399e-02 3.418310e-01 3.329161e-01 1.524114e-02 -1.567708e-02 5.975807e-01 -1.560481e-01 4.214649e-01 9.579147e-02 4.332692e-02 2.857811e-01 4.344702e-02 2.998769e-01 3.047431e-02 
-1.229359e+00 4.874230e+00 -3.496688e+00 9.051415e+00 -3.746479e+00 2.741415e+00 -6.795869e+00 -5.807910e-01 4.890841e+00 -1.895185e+00 7.284795e-02 -2.183277e-01 -5.293009e-02 -1.055469e+00 -6.797760e-01 -1.038167e+00 -9.091426e-01 2.333269e-01 1.879784e-01 -6.625369e-01 1.595490e+00 7.834972e-01 1.115068e+00 1.720465e+00 -1.541805e+00 -3.353140e-02 3.960630e-01 6.807633e-01 5.627975e-01 6.102143e-01 8.741998e-01 7.382182e-01 1.201900e+00 -6.624157e-03 -4.911481e-01 7.505267e-02 -2.886375e-02 2.390717e-01 3.967988e-02 
-3.708199e+00 4.682933e+00 -3.322240e+00 7.186363e+00 2.470058e+00 6.157001e+00 -5.363535e+00 7.161908e+00 2.917115e+00 -3.389985e+00 2.295643e+00 2.017937e+00 -4.903003e-02 -5.984978e-01 2.565972e-01 -5.314990e-01 1.731476e-01 1.125502e+00 8.164697e-01 2.282850e+00 1.677627e+00 -2.814493e-01 1.193348e+00 2.321970e+00 -6.291633e-01 1.829911e-02 3.917971e-01 6.574966e-01 6.460080e-01 1.014813e+00 3.579369e-01 5.782558e-01 1.178953e+00 -8.322647e-01 -7.413042e-01 -6.930938e-02 -4.267983e-01 1.716381e-01 2.719015e-02 
-2.904848e+00 5.056185e+00 -2.536215e+00 9.752550e+00 2.927280e+00 1.286239e+01 1.434060e+00 7.097173e+00 3.768776e+00 -1.354934e+00 6.215641e+00 -3.369274e+00 8.880745e-02 -4.255691e-01 1.215641e+00 6.992885e-01 1.022856e+00 1.742328e+00 1.059480e+00 3.317787e+00 5.800186e-01 -1.532741e+00 1.513773e+00 1.159496e+00 -1.767815e-01 3.102826e-02 1.833162e-01 3.843507e-01 5.083700e-01 6.251128e-01 -1.871009e-01 -1.459492e-01 1.041220e-01 -9.609577e-01 -6.993964e-01 -4.033830e-01 -9.659417e-01 2.777820e-01 -1.381515e-03 
-3.692230e+00 6.917569e+00 -3.115890e+00 1.024095e+01 1.919039e+00 6.819289e+00 7.548727e+00 8.759813e+00 2.057818e+00 3.108520e+00 1.177590e+01 4.215432e+00 8.473171e-02 -1.395504e-01 1.152280e+00 7.648143e-01 2.238659e+00 3.549361e-01 4.035286e-01 2.255431e+00 -1.986132e+00 -2.033352e+00 8.332606e-01 -5.004873e-01 -3.535393e-01 6.822177e-03 7.886456e-02 -6.028252e-02 2.394782e-01 4.688086e-02 -6.211761e-01 -2.538509e-01 -1.151392e+00 -7.229595e-01 -7.822381e-02 -5.549842e-01 -1.033166e+00 -3.390633e-01 -1.671215e-02 
-3.365485e+00 9.835349e+00 -1.034192e-01 1.263840e+01 5.240622e+00 7.707900e+00 3.336753e+00 1.519957e+00 -2.343324e+00 2.424527e+00 1.129632e+00 -2.200891e+00 3.533087e-02 -3.683653e-01 7.941035e-01 8.555175e-01 1.183776e+00 -3.169036e-01 -3.353953e-01 -1.282080e-01 -1.377225e+00 -1.837548e+00 -7.218987e-01 -1.698031e+00 -2.908124e-01 -3.469777e-02 5.639457e-02 -4.280521e-01 -1.950502e-01 -3.756192e-01 -5.654935e-01 -3.083418e-01 -1.335462e+00 3.524304e-02 4.295334e-01 -5.178545e-01 -7.941045e-02 -3.421566e-01 -1.702534e-02 
-4.175796e+00 8.054789e+00 -7.147077e-01 1.693709e+01 3.088316e+00 1.075154e+01 4.961946e+00 1.978083e-02 -4.193727e+00 -1.113643e+00 2.336252e+00 -3.342627e-01 1.180749e-02 -2.328770e-01 1.660117e-01 5.878193e-01 3.270292e-01 -9.508222e-01 2.448187e-01 -1.751206e+00 -9.585655e-01 -5.201164e-01 -4.636332e-01 -1.415194e+00 -2.267546e+00 -3.239531e-02 -1.055078e-02 -3.714566e-01 -3.247702e-01 -7.139157e-01 -6.687625e-02 -4.374134e-01 -1.067400e+00 5.373402e-01 4.649569e-01 -2.208171e-01 5.194875e-01 -1.288967e-01 -6.592700e-03 
-4.504998e+00 8.458096e+00 5.409197e-01 1.232319e+01 7.581657e-01 9.219126e+00 2.086070e+00 4.580869e+00 -2.293260e+00 -2.853464e+00 2.445945e+00 -2.548319e+00 -4.822190e-02 -9.683977e-02 -4.314651e-01 -1.874079e-01 1.005257e-01 -4.322549e-01 -4.027178e-01 -1.356180e+00 2.422783e-01 -1.417237e-01 -4.269867e-01 1.219920e+00 -9.305871e-01 -3.448571e-02 -8.484533e-02 -2.790529e-01 -3.189209e-01 -3.437162e-01 3.036088e-01 -3.815724e-01 -2.428966e-01 2.493045e-01 2.356346e-01 2.280550e-01 6.811082e-01 3.458785e-01 2.405792e-03 
-4.286758e+00 8.435757e+00 -4.988743e-01 1.203360e+01 -5.940009e-01 7.287714e+00 -5.822606e-01 2.436686e+00 -5.678763e-01 3.429285e+00 4.041858e+00 -6.948202e+00 -3.546764e-02 -3.280702e-01 -9.218121e-02 -3.377191e-01 -7.893858e-01 7.827973e-02 -1.750054e+00 -2.467624e+00 -1.091516e-01 -5.564732e-01 -4.181730e-01 6.381512e-01 -6.780056e-01 -2.624534e-02 -1.962661e-01 -1.519366e-01 -1.123032e-01 -2.609557e-01 1.182565e-01 -2.668121e-01 4.348323e-01 4.027770e-02 2.744637e-02 3.035753e-01 2.731287e-01 9.199480e-01 1.964254e-03 
-3.793775e+00 7.487397e+00 -1.148099e+00 1.559274e+01 4.920566e+00 7.426124e+00 -6.719264e-01 1.522881e+00 -4.864646e+00 -1.981832e+00 6.376213e+00 -3.546941e+00 -1.134690e-01 -7.450755e-01 -4.721559e-01 -2.763895e-01 2.342490e-02 6.866062e-01 -1.245874e+00 -9.843724e-01 -5.555650e-01 -6.412611e-01 3.955894e-01 6.809640e-01 6.439853e-01 -2.574546e-02 -2.558200e-01 -4.713554e-02 1.387195e-01 -2.608387e-01 -3.722336e-01 1.098177e-01 6.113270e-01 -1.565599e-01 1.248611e-01 5.185538e-01 -4.538424e-01 5.917504e-01 4.024768e-03 
-6.171479e+00 8.079158e+00 -1.558786e+00 1.135530e+01 1.398612e+00 2.897858e+00 -5.996993e+00 1.003332e+00 -5.690285e+00 -3.640457e+00 3.561544e+00 -3.225109e+00 -8.680094e-02 -8.900062e-01 -5.733986e-01 7.071428e-02 -9.392151e-01 -9.190655e-01 -6.675789e-01 2.370770e-01 -3.580967e-01 -1.331376e-01 6.430696e-01 2.197395e-01 1.545007e+00 -2.694718e-02 -1.436390e-01 -9.842607e-02 1.162851e-01 -4.843809e-02 -5.688250e-01 6.768687e-01 1.049779e+00 2.898026e-01 4.253606e-01 6.356407e-01 -8.353145e-02 4.481336e-01 3.841649e-03 
-7.288063e+00 6.275853e+00 -3.112056e-01 1.277929e+01 3.194890e+00 5.184533e+00 -1.285207e-01 2.520214e+00 -2.938157e+00 2.659220e+00 6.090545e+00 -1.190224e+00 -1.512926e-01 -1.094886e+00 -4.266210e-01 3.020451e-01 -1.128715e+00 -1.794708e+00 -3.947454e-01 3.479671e-01 -4.160433e-01 2.710135e-01 1.635194e+00 -8.401052e-01 9.165567e-01 -1.401606e-02 -2.356837e-03 -2.017846e-02 -1.357720e-01 -1.157152e-01 -4.386427e-01 6.137370e-01 7.137215e-01 8.705995e-01 4.646868e-01 4.014202e-01 2.953435e-01 -1.348623e-01 6.554204e-03 
-6.989980e+00 6.174721e+00 -5.638255e-01 8.744564e+00 -4.326747e+00 5.070019e+00 3.317895e-01 1.475798e-01 -2.196808e+00 4.324157e+00 5.283953e+00 -4.020169e-01 -1.512926e-01 -8.713409e-01 -6.071138e-01 -4.538151e-02 -4.556023e-01 -1.525150e+00 1.208742e+00 2.115133e+00 1.270126e+00 1.114264e+00 2.140128e+00 9.809573e-01 1.426250e+00 -1.290018e-02 3.831721e-02 -3.545895e-02 -2.106009e-01 2.005456e-01 3.639774e-01 4.724063e-01 3.864422e-01 9.616209e-01 2.311917e-01 1.273144e-01 8.279834e-01 -2.522746e-01 6.792087e-03 
-8.859550e+00 6.306720e+00 -1.353200e-01 1.125450e+01 -1.190743e+00 4.365802e+00 -2.096144e+00 -1.293180e-01 -5.256676e+00 2.212214e+00 1.314943e+00 -3.756680e-01 -1.512926e-01 -7.662661e-01 -5.560565e-01 -8.971092e-01 -7.969573e-01 -1.203568e+00 8.846781e-01 1.645149e+00 2.983300e+00 1.058454e+00 1.654213e+00 1.776942e+00 2.902568e-02 6.459484e-07 1.085570e-01 -2.594468e-02 -1.690847e-01 1.702027e-01 6.044998e-01 9.610049e-02 -5.223634e-03 7.237993e-01 1.465655e-01 -3.102553e-01 7.706757e-01 -1.714073e-01 4.093224e-03 
-9.742745e+00 5.028161e+00 -1.873770e+00 9.839983e+00 -4.034932e+00 9.350772e+00 5.562552e+00 8.678372e+00 1.040124e+00 7.283630e+00 1.085401e+01 3.498743e+00 -1.512926e-01 -8.627768e-01 -6.858796e-01 -3.826941e-01 -1.021971e-01 6.051597e-01 1.054756e+00 1.520771e+00 2.750389e+00 6.290142e-01 1.270120e+00 3.051306e+00 7.272929e-01 6.459484e-07 1.466547e-01 1.035358e-01 1.759104e-03 1.727377e-01 6.422805e-01 -3.376125e-01 -6.412016e-01 -3.914667e-01 -1.269161e-01 -7.317121e-01 -1.528159e-01 -3.261157e-01 2.580354e-03 
-9.743155e+00 4.068835e+00 -4.141890e+00 8.246697e+00 -2.969202e+00 7.467150e+00 5.481390e+00 1.317097e+01 7.357780e-01 9.450373e+00 1.218993e+01 -2.995121e+00 -1.512926e-01 -5.564460e-01 -5.169159e-01 -3.746244e-01 -4.543227e-01 1.626216e-01 1.627324e-01 6.190563e-01 2.462813e+00 1.246477e+00 5.190975e-01 1.978101e+00 4.088334e-01 6.459484e-07 2.260599e-01 2.081927e-01 9.167504e-02 2.414579e-01 2.472673e-01 -3.670991e-01 -4.315111e-01 -1.283264e+00 -1.473597e-01 -8.486589e-01 -7.229311e-01 -3.450729e-02 -4.228338e-07 
-1.086178e+01 3.864135e+00 -4.741584e-01 9.736957e+00 -4.117845e-01 8.793530e+00 4.146838e+00 7.249613e+00 -2.048029e+00 7.055250e+00 1.510262e+01 4.544416e+00 -1.512926e-01 -2.429783e-01 -1.090388e-01 -2.978011e-01 2.368117e-01 1.003145e+00 -1.183687e-01 -5.779597e-01 -4.269199e-01 3.857186e-01 -9.508237e-01 1.161993e-01 -3.944053e-01 6.459484e-07 2.334091e-01 9.797139e-02 -2.886398e-01 3.771558e-02 -4.327486e-01 -4.540469e-01 -1.248176e-01 -1.145385e+00 -5.138598e-02 -7.137311e-01 -1.031942e+00 -2.747672e-01 -4.228338e-07 
-1.108207e+01 4.303589e+00 -2.708365e+00 9.034708e+00 -2.189235e+00 5.458194e+00 1.706923e+00 1.289908e+01 2.519711e+00 4.921790e+00 9.081189e+00 1.145790e+00 -1.512926e-01 5.412976e-02 1.964329e-01 -4.811442e-01 2.407574e-01 -1.661530e-01 -3.641845e-01 5.369114e-01 -1.844454e+00 4.433395e-01 -1.478720e+00 -3.702270e-01 4.173020e-01 6.459484e-07 9.411205e-02 -5.881214e-02 -1.501814e-01 4.165470e-02 -3.843146e-01 -1.071198e-01 1.934164e-01 -9.753550e-01 -3.826560e-01 -3.524757e-01 -6.643356e-01 1.825533e-02 -4.228338e-07 
-1.028814e+01 4.365324e+00 -4.079525e+00 1.063022e+01 5.910779e-01 9.763743e+00 4.559996e+00 6.679947e+00 2.076486e+00 4.793828e+00 1.298952e+01 -5.435479e-01 -1.512926e-01 -1.097639e-03 -5.527625e-01 -1.772723e+00 -2.611975e-01 -1.394294e+00 -9.519280e-01 9.376857e-01 -8.228880e-01 7.737036e-01 -1.299778e+00 -9.343845e-01 -6.508272e-01 6.459484e-07 -1.099340e-01 -1.517924e-01 1.317288e-01 -1.547554e-01 -2.354982e-01 7.293241e-02 1.306341e-01 -3.258836e-01 -5.557510e-01 1.466966e-01 -4.041328e-01 1.603697e-01 -4.228338e-07 
-9.759942e+00 4.800311e+00 -4.744843e+00 9.003522e+00 -4.301197e+00 5.161540e+00 7.959180e+00 4.233807e+00 8.902140e-01 3.187420e+00 1.139594e+01 1.635502e+00 -1.512926e-01 -2.067456e-01 -5.891905e-01 -3.880739e-01 2.950004e-03 -5.603089e-01 4.388453e-02 8.283434e-01 -2.216043e+00 -8.607436e-01 -1.068881e+00 -8.183951e-01 6.282297e-01 6.459484e-07 -1.773862e-01 -1.764133e-02 4.464881e-01 -2.061980e-01 2.520631e-01 3.748195e-01 -2.567542e-01 1.347880e-01 -7.937790e-01 5.153779e-01 -2.703289e-01 -4.020777e-02 -4.228338e-07 
-1.152838e+01 8.525349e-01 -8.319746e+00 8.446624e+00 -6.327093e+00 4.182760e+00 5.709419e+00 7.467623e+00 2.635114e+00 1.423499e+00 9.273501e+00 1.045288e+00 -1.512926e-01 -6.622893e-01 -4.751593e-01 3.143110e-01 -4.179584e-01 2.261222e-02 4.226052e-02 -7.038598e-02 -1.870427e+00 -1.741022e+00 -4.222319e-01 -1.680269e+00 3.018925e-01 6.459484e-07 -2.816353e-02 2.939940e-01 7.306453e-01 -7.016176e-02 3.030231e-01 2.129130e-01 -5.075272e-01 4.054232e-01 -5.143835e-01 5.266803e-01 -2.989400e-02 -1.951372e-01 -4.228338e-07 
-1.149562e+01 3.113977e+00 -2.528456e+00 1.014126e+01 -1.531978e+00 8.468021e+00 5.274230e+00 1.425152e+00 -2.063303e+00 1.262543e+00 6.847191e+00 3.492720e+00 -1.512926e-01 -5.023165e-01 6.932257e-02 7.078962e-01 -7.118585e-01 3.856653e-01 1.012827e+00 -2.428571e-01 -6.467043e-01 -2.268128e+00 6.593054e-01 -1.348849e+00 -2.600891e-01 6.459484e-07 1.379116e-01 2.391861e-01 2.843470e-01 1.486087e-02 -2.259066e-01 -4.065766e-01 -6.102782e-01 1.096232e+00 3.869351e-01 2.824184e-01 1.792470e-01 -6.268715e-01 -4.228338e-07 
-1.273136e+01 2.832515e+00 -3.616532e+00 7.971590e+00 -6.807386e-01 8.321497e+00 5.550185e+00 -1.268233e+00 -5.152022e+00 3.645328e+00 6.862595e+00 3.725617e-02 -1.512926e-01 5.929307e-03 5.879367e-01 1.332489e+00 -2.545858e-01 -3.523029e-01 -3.718617e-01 -1.064306e+00 4.196810e-01 -1.094514e+00 4.693463e-01 -8.185470e-01 -1.182282e+00 6.459484e-07 2.554989e-01 9.543426e-02 6.606629e-02 2.860363e-01 -4.375810e-01 -6.351792e-01 -5.159933e-01 1.049816e+00 9.518503e-01 -1.421209e-01 3.845246e-01 -4.414069e-01 -4.228338e-07 
-1.166964e+01 4.156563e+00 -3.557329e+00 5.682181e+00 -5.196141e+00 8.156489e+00 6.824444e+00 5.368128e+00 -6.556936e+00 5.373099e+00 5.857156e+00 8.390142e-01 -1.512926e-01 1.487739e-01 7.513555e-02 5.245531e-01 -4.408162e-03 -1.502454e+00 -1.781944e+00 -1.726109e+00 2.120197e+00 7.506285e-01 -1.025023e-01 -3.529198e-01 -1.763958e+00 6.459484e-07 1.867796e-01 -7.293938e-02 -5.395240e-02 3.653647e-01 -4.082570e-01 -6.862137e-01 -4.176090e-01 6.859511e-01 1.015733e+00 -4.043638e-01 2.749960e-01 -1.756937e-01 -4.228338e-07 
-1.141209e+01 3.270751e+00 -1.142638e+00 9.403375e+00 -6.256493e+00 2.479475e+00 -3.870829e-01 7.594587e+00 -5.907872e-01 1.715000e+00 5.676046e+00 -3.539036e+00 -1.512926e-01 2.896422e-01 -9.175255e-04 7.361938e-01 6.584666e-01 -1.221221e+00 -1.736176e+00 -1.908751e+00 1.995208e+00 1.508890e+00 -7.518190e-01 -2.554523e-01 -1.153036e+00 6.459484e-07 7.083956e-02 -1.253832e-01 -9.810786e-02 2.489071e-01 -1.456593e-01 -2.682702e-01 -1.871544e-01 3.026101e-01 5.965043e-01 -3.091811e-01 1.223256e-01 6.690829e-02 -4.228338e-07 
