-7.278293e+00 2.032394e+00 -8.720618e+00 1.382303e+00 -5.598418e+00 -2.031984e+00 4.332784e+00 -3.222601e+00 4.189193e+00 -4.570737e-01 -7.728198e-01 -7.175809e+00 -1.512926e-01 3.951688e-01 4.196978e-01 1.446377e+00 -1.295085e+00 -7.767517e-01 3.284371e-01 -1.489828e+00 2.168785e+00 -1.176110e+00 1.362286e+00 -1.212263e-01 5.437513e-01 8.056163e-07 5.034439e-02 2.207045e-01 -1.306798e-01 4.905901e-01 1.134727e-01 -1.299590e-01 3.175647e-02 -4.865973e-01 -1.994563e-01 1.183303e-02 3.455999e-01 3.232131e-01 -7.556551e-07 
-6.669360e+00 2.198049e+00 -4.224175e+00 -2.381365e+00 -7.674588e+00 -3.075838e+00 -5.902532e-01 4.704434e+00 6.647637e+00 5.818774e+00 4.413837e-01 -6.619880e+00 -1.512926e-01 5.537037e-01 1.172545e+00 1.772090e+00 -4.357860e-01 -5.711177e-01 -5.092391e-01 -1.394400e+00 1.745189e+00 -2.121835e+00 1.016424e+00 6.767399e-01 1.767003e+00 8.056163e-07 3.603403e-03 6.609260e-02 -6.248081e-01 6.215864e-01 2.674725e-01 -5.145441e-02 2.999812e-01 -9.024456e-01 -2.931939e-02 -2.431600e-01 5.758106e-01 3.140300e-01 -7.556551e-07 
-5.607233e+00 4.048184e+00 -3.737323e+00 -3.211349e+00 -8.444404e+00 1.321226e-01 -6.557639e-01 3.657336e+00 -2.920002e+00 3.216631e+00 -1.986060e+00 -4.734657e+00 -1.512926e-01 5.675858e-01 1.146677e+00 6.299146e-01 7.281336e-01 -3.122392e-01 9.740064e-02 -1.378890e+00 -5.237929e-02 -1.700434e+00 1.594450e+00 1.207792e+00 1.548136e+00 8.056163e-07 -1.628274e-01 -2.728794e-01 -7.680620e-01 4.599908e-01 4.872280e-01 6.492064e-02 5.080394e-01 -8.236194e-01 6.399198e-01 -1.126726e-01 6.603169e-01 6.867079e-03 -7.556551e-07 
-5.345388e+00 6.887519e+00 -2.351559e+00 1.500029e+00 -7.031084e+00 -5.660131e+00 -1.452988e-01 2.063319e+00 -2.865752e+00 2.788163e+00 3.217669e+00 4.388642e-01 -1.512926e-01 3.269252e-01 3.865663e-01 -1.269490e+00 8.013254e-01 3.283780e-01 1.865726e-01 -4.548081e-02 -1.232847e+00 -1.060416e+00 3.034699e-02 2.093383e+00 1.611733e+00 8.056163e-07 -1.948833e-01 -6.090474e-01 -5.912663e-01 -1.991948e-02 6.124707e-01 3.029389e-01 5.956200e-01 -1.991029e-01 9.856792e-01 -1.088301e-01 9.341113e-02 -5.261012e-01 -7.556551e-07 
-5.102606e+00 5.420758e+00 -6.507441e+00 3.082037e+00 -7.481138e+00 -2.528033e-01 -2.784540e+00 -2.164023e+00 4.434471e-01 9.030720e+00 3.878254e+00 -2.964174e+00 -1.512926e-01 -3.056980e-01 -5.516894e-01 -8.731058e-01 3.863522e-01 1.209666e+00 3.052607e-01 3.758680e-01 -4.602242e-01 1.493014e+00 1.291893e+00 2.472038e+00 6.557060e-01 8.056163e-07 -1.103250e-01 -3.915656e-01 1.674987e-01 -3.844309e-01 4.511939e-01 2.359563e-02 5.361027e-01 6.964341e-01 7.928405e-01 -2.595204e-01 -4.725900e-01 -4.619187e-01 -7.556551e-07 
-5.286760e+00 3.444252e+00 -9.186303e+00 -1.521458e+00 -6.514459e+00 -1.950077e+00 2.471172e-01 1.450803e+00 -3.371027e-01 3.063495e+00 7.976190e+00 5.533026e-01 -1.512926e-01 1.592144e-02 -1.023430e+00 -4.327391e-01 -3.644757e-01 1.730177e+00 9.015075e-01 7.060969e-01 9.535252e-01 1.209782e+00 6.236340e-01 5.115913e-01 -4.174325e-01 8.056163e-07 1.863503e-02 1.763673e-02 6.991776e-01 -1.858332e-01 -2.961166e-02 -4.061576e-02 1.240264e-01 8.844480e-01 3.888496e-01 -1.149702e-01 -1.117031e+00 -4.695630e-01 -7.556551e-07 
-7.164995e+00 3.011654e+00 -4.685627e+00 2.314296e-01 -2.654570e+00 -1.966070e-01 1.028057e+00 1.662765e+00 3.280360e+00 9.538693e+00 7.994500e+00 -1.513215e+00 -1.512926e-01 1.715400e-01 -1.060721e-01 1.049175e+00 -6.111454e-01 1.242868e+00 -1.420542e-01 9.258187e-01 2.336569e+00 1.128566e+00 1.103341e-04 -3.644040e-01 2.531502e-01 8.056163e-07 1.203042e-01 2.654801e-01 4.249193e-01 1.038179e-01 -5.016060e-01 -1.106135e-01 -4.464214e-02 2.829949e-01 -5.186319e-01 -7.029951e-01 -1.258904e+00 -1.427929e-01 -7.556551e-07 
-4.234345e+00 2.975210e+00 -5.426018e+00 1.103149e+00 -7.934710e-01 -1.180225e+00 1.479498e+00 4.917626e+00 1.765212e+00 5.652321e+00 3.717324e+00 -2.373611e+00 -1.512926e-01 1.814557e-01 2.520019e-01 1.265274e+00 3.709235e-01 1.635954e-01 2.071508e-01 2.998270e-01 1.790948e+00 1.065995e+00 1.013125e-01 -2.073592e+00 -5.348876e-01 8.056163e-07 -8.974861e-02 1.649320e-01 7.021428e-02 4.401124e-01 -5.228232e-01 3.370018e-02 -3.591293e-02 -5.207140e-01 -7.392361e-01 -5.664469e-01 -4.527938e-01 1.200428e-01 -7.556551e-07 
-4.770983e+00 5.124945e+00 -3.141811e+00 -1.286007e+00 -4.127063e+00 -1.347712e+00 1.228482e+00 7.785462e+00 5.036118e+00 7.737090e+00 4.185659e+00 -2.351180e-01 -1.512926e-01 2.131860e-01 1.380809e-01 4.023782e-01 5.378160e-01 -5.149662e-01 9.916744e-02 3.558346e-01 5.360100e-01 -1.028492e+00 -1.961838e+00 -2.529897e+00 4.784972e-04 8.056163e-07 -1.450667e-01 -1.229116e-01 -3.888132e-01 5.625097e-01 -1.154447e-01 2.626503e-01 5.715053e-02 -9.568269e-01 -8.273427e-01 -3.449274e-01 2.684905e-01 2.404199e-02 -7.556551e-07 
-5.576301e+00 3.647771e+00 -3.631956e+00 1.091730e+00 -4.959466e+00 -3.387505e-01 1.646194e+00 7.343910e+00 4.114521e+00 4.470704e+00 -4.870965e-01 -2.760293e+00 -1.512926e-01 -4.536173e-01 -3.207890e-01 2.417001e-01 1.261644e+00 -4.859254e-03 9.495232e-01 8.116496e-01 -7.497333e-01 -1.407497e+00 -1.227670e+00 -6.697018e-01 3.090703e-01 8.056163e-07 -1.425542e-01 -2.002394e-01 -4.172323e-01 1.982960e-01 3.177537e-01 2.307389e-01 1.911908e-01 -4.575822e-01 -2.331293e-01 2.266182e-01 1.197209e+00 3.711142e-01 -7.556551e-07 
-5.428113e+00 3.365210e+00 -3.570806e+00 2.926120e+00 -3.146160e+00 -1.213114e-01 2.724203e+00 3.129687e+00 -3.036797e+00 3.199658e-01 -2.552206e+00 -1.317465e+00 -1.512926e-01 -2.362880e-01 -4.342003e-01 -3.830378e-01 1.756112e+00 7.498970e-01 7.999678e-01 9.557612e-01 -1.177218e+00 -1.771178e+00 -1.060080e+00 2.762417e-01 -4.856617e-02 8.056163e-07 -7.506353e-02 -1.009180e-01 -2.121065e-01 -1.812545e-01 1.823847e-01 -1.055181e-01 -8.908173e-02 2.660605e-01 9.838226e-01 1.074192e+00 1.371490e+00 3.042512e-01 -7.556551e-07 
-6.174084e+00 2.250586e+00 -4.003093e+00 5.305433e+00 -1.308388e+00 2.954055e+00 4.790062e+00 3.497032e+00 -1.236363e+00 3.222114e+00 3.738042e+00 -2.869165e-01 -1.512926e-01 -3.063980e-01 -4.629992e-01 -4.282455e-01 7.532521e-01 1.120008e+00 1.010426e+00 9.559766e-01 3.596528e-01 2.714638e-01 7.834018e-01 2.509411e+00 1.345082e+00 8.056163e-07 9.522266e-02 3.174414e-02 6.471603e-03 -4.861308e-01 -1.254396e-01 -5.093114e-01 -5.481226e-01 5.474259e-01 1.244514e+00 9.774155e-01 6.622327e-01 2.142566e-01 -7.556551e-07 
-5.653631e+00 3.652504e+00 -4.871430e+00 5.387722e+00 -2.203377e+00 1.005552e+00 4.435266e+00 3.822969e+00 -1.144458e+00 3.061145e+00 3.454246e+00 -1.714687e+00 -1.512926e-01 -2.357047e-01 -2.955582e-01 -3.232602e-01 -1.143252e-01 -1.655108e-01 -4.589370e-01 -1.615887e-01 1.311723e+00 3.051173e+00 2.403591e+00 2.738195e+00 1.003717e+00 8.056163e-07 1.497610e-01 1.076700e-01 2.950731e-01 -4.847162e-01 -5.258918e-01 -4.492455e-01 -6.261805e-01 3.067313e-01 6.588238e-01 4.304700e-01 -9.752644e-02 -8.893518e-02 -7.556551e-07 
-6.995587e+00 1.188971e+00 -5.123087e+00 3.627354e+00 1.686565e-01 4.149970e+00 5.571002e+00 8.795662e+00 4.526176e+00 7.017623e+00 9.056446e+00 4.163836e+00 -1.512926e-01 2.210419e-02 -2.313343e-01 2.441512e-01 -2.338970e-01 -1.743849e-01 -9.675707e-01 -1.370274e+00 7.429731e-01 2.403749e+00 1.927530e+00 1.410566e+00 8.541765e-01 8.056163e-07 1.827266e-01 1.990614e-01 2.411747e-01 -1.298462e-01 -6.751133e-01 -4.964864e-01 -5.624790e-01 -4.391598e-01 -5.054666e-01 -3.400153e-01 -8.800086e-01 -6.120751e-01 -7.556551e-07 
-6.195665e+00 2.418607e+00 -4.626828e+00 3.193857e+00 -4.712533e+00 -3.013765e+00 1.524902e+00 7.038882e+00 9.337120e+00 1.044028e+01 8.479218e+00 1.475435e+00 -1.512926e-01 3.482732e-01 -1.164759e-02 7.561422e-01 -1.738759e-01 -1.232237e+00 -4.572741e-01 -1.012041e+00 1.647525e-01 4.568799e-01 5.202380e-01 3.379831e-01 -2.477242e-01 8.056163e-07 6.251697e-02 1.573526e-01 1.054487e-01 -1.913775e-02 -2.338050e-01 -8.720896e-02 -1.027166e-01 -8.625897e-01 -1.393453e+00 -6.783950e-01 -8.392454e-01 -3.318659e-01 -7.556551e-07 
-5.792826e+00 1.711022e+00 -2.904736e+00 5.232986e+00 -9.260408e-01 1.258786e-01 -6.064687e-01 5.603528e+00 5.541593e+00 9.170540e+00 8.278296e+00 2.388835e+00 -1.512926e-01 3.152597e-01 3.902618e-01 2.377513e-01 1.338497e-01 -1.722148e+00 -1.472671e+00 -1.431236e+00 -1.262755e+00 -9.585143e-01 2.491011e-02 -6.906610e-01 -1.089390e+00 8.056163e-07 -1.073360e-01 4.694683e-02 -2.673413e-01 -1.719854e-01 1.127713e-01 9.618429e-02 3.892933e-01 -5.761581e-01 -8.665856e-01 -3.996735e-01 -5.035614e-01 -5.761330e-02 -7.556551e-07 
-4.514174e+00 3.333499e+00 -2.199623e+00 3.715550e+00 -7.817400e+00 7.311819e-01 2.464105e+00 6.242693e+00 6.317236e-01 4.585850e+00 5.533329e+00 -2.065832e+00 -1.512926e-01 -6.982043e-02 1.803871e-01 2.071135e-01 -3.938277e-01 -5.605606e-01 -6.423735e-01 -6.447612e-01 -1.998490e+00 -2.234974e+00 -3.718472e-02 -4.073325e-01 3.161749e-01 8.056163e-07 -1.694119e-01 -1.634375e-01 -5.387487e-01 -2.265206e-01 7.625690e-01 3.274230e-01 6.182727e-01 4.456760e-02 -1.606354e-01 5.362542e-02 -1.210477e-01 2.531732e-01 -7.556551e-07 
-6.259687e+00 2.683183e+00 -5.147548e+00 4.035653e+00 -6.889979e+00 -5.086047e+00 -2.054841e+00 2.879597e+00 4.085800e+00 1.006977e+01 7.076620e+00 4.873499e-01 -1.512926e-01 -3.055814e-01 -9.269208e-02 -8.180940e-01 -9.837841e-01 5.358731e-02 -3.940846e-01 3.926703e-01 -1.056190e+00 -5.830849e-01 2.079516e-01 -7.347260e-01 2.842042e-01 8.056163e-07 1.304690e-02 -1.884102e-01 -3.813743e-01 -1.756707e-01 6.945776e-01 7.333323e-01 7.148711e-01 7.416042e-01 2.242826e-01 1.992452e-01 -2.962320e-03 1.698798e-01 -7.556551e-07 
-6.310761e+00 2.834640e+00 -2.469626e+00 1.823282e+00 -4.533308e+00 -3.619436e+00 -9.742371e-01 -1.591276e+00 -1.109994e+00 9.805017e+00 7.043374e+00 4.007236e+00 -1.512926e-01 -1.884592e-01 -5.872419e-01 -1.409471e+00 -7.477451e-01 1.692692e+00 6.404352e-01 1.167513e+00 2.842847e-01 -5.343046e-01 6.968888e-01 -2.452141e-01 3.311862e-01 8.056163e-07 1.983214e-01 -1.281247e-02 -5.442024e-02 3.926500e-01 4.070309e-02 5.098663e-01 2.465960e-01 6.790038e-01 4.860707e-01 -7.147446e-02 -1.431322e-01 -4.982006e-02 -7.556551e-07 
-6.422261e+00 1.497090e+00 -6.860703e+00 1.260247e+00 -2.299533e+00 3.308296e-01 3.076404e+00 4.239923e+00 3.497356e+00 7.600795e+00 3.849826e+00 7.734460e-01 -1.512926e-01 4.399645e-01 -1.678749e-01 -8.608507e-01 -5.674937e-01 6.239768e-01 1.552629e+00 1.236876e+00 1.303847e+00 -6.875411e-01 6.541569e-01 -7.866190e-01 -2.474950e-01 8.056163e-07 1.721135e-01 1.527085e-01 3.487934e-01 5.521238e-01 -6.304871e-01 5.239791e-02 -1.395091e-01 1.981105e-01 2.267300e-01 -2.990944e-01 7.680800e-03 3.899769e-01 -7.556551e-07 
-5.374881e+00 9.906573e-01 -8.390876e+00 1.364192e+00 -1.648632e+00 1.224827e+00 5.735752e+00 6.984354e+00 -1.745667e+00 9.304485e+00 5.920236e+00 -5.528353e-01 -1.512926e-01 5.491542e-01 1.540094e-01 -4.370761e-02 1.361177e+00 -6.421104e-01 9.337258e-01 1.662707e-01 2.165930e-01 2.474567e-01 -6.176903e-01 -1.097220e+00 3.329051e-01 8.056163e-07 -5.276951e-03 2.246037e-01 4.139615e-01 2.625843e-01 -9.776333e-01 -2.976341e-01 -2.472896e-01 -1.328180e-01 4.765342e-01 -4.455857e-01 3.059542e-01 6.512241e-01 -7.556551e-07 
-4.527842e+00 2.766011e+00 -6.490977e+00 1.427583e+00 -5.212088e+00 2.547994e-01 7.744465e-01 5.111138e+00 9.655156e-01 1.359034e+01 3.705278e+00 1.529643e+00 -1.512926e-01 1.861220e-01 3.001699e-01 2.427895e-01 7.223008e-01 -1.931301e+00 -2.787223e-01 1.957823e-01 -3.184249e-02 1.596012e-01 -6.300902e-01 -2.703399e-01 2.233157e+00 8.056163e-07 -2.103048e-01 -8.475103e-03 1.656724e-01 -1.437289e-02 -2.394600e-01 -3.979886e-01 7.588829e-03 -7.064272e-02 6.307209e-01 -2.488247e-01 5.412736e-01 2.494007e-01 -7.556551e-07 
-4.512375e+00 2.970004e+00 -2.872749e+00 8.545441e+00 -6.288009e+00 1.087459e+00 1.008599e+00 -9.439117e-01 1.392488e+00 3.721472e+00 1.629568e+00 5.293765e+00 -1.512926e-01 -8.790204e-02 3.016990e-01 1.085280e-01 -7.970490e-02 -1.917837e+00 6.798843e-02 4.516936e-01 2.879733e-01 1.424568e+00 -8.888664e-01 1.026355e+00 2.346945e+00 8.056163e-07 -2.693484e-01 -1.456937e-01 -6.980729e-03 -4.505061e-01 6.997504e-01 -1.241726e-01 1.578611e-01 4.772794e-01 4.972106e-01 2.637362e-01 3.781678e-01 -7.339872e-01 -7.556551e-07 
-5.923029e+00 2.007782e+00 -8.405458e+00 1.281115e+00 -9.635826e+00 -9.936387e-01 6.419399e+00 8.044982e+00 2.726380e+00 7.242041e+00 4.642913e+00 9.016026e+00 -1.512926e-01 -2.929826e-01 -2.842171e-01 -1.085235e-01 8.116663e-02 6.460342e-02 -4.554755e-03 1.132185e+00 9.149439e-01 1.877382e+00 -4.542980e-01 8.581762e-01 -7.428236e-03 8.056163e-07 -2.129039e-01 -1.340397e-01 2.487918e-01 -7.966630e-02 1.169202e+00 1.937321e-01 7.155976e-03 3.881437e-01 2.289242e-01 1.361802e-01 -4.554013e-01 -1.666595e+00 -7.556551e-07 
-5.117352e+00 2.877710e+00 -6.891278e+00 1.038577e+00 -9.025890e+00 2.189346e+00 5.171452e+00 6.957295e+00 4.496818e+00 8.034354e+00 1.058335e+01 7.439184e+00 -1.512926e-01 -5.581408e-01 -2.823056e-01 9.708992e-02 -5.707864e-01 1.858699e+00 1.757639e-01 4.874522e-01 2.129706e+00 1.874573e+00 6.130465e-01 2.292728e-01 -2.216615e+00 8.056163e-07 -1.660330e-01 -4.199114e-02 2.787700e-01 1.320720e-01 7.057561e-01 1.040866e-01 -1.144037e-01 3.163655e-02 -5.211637e-01 9.727965e-02 -1.026139e+00 -1.344491e+00 -7.556551e-07 
-5.690678e+00 1.391070e+00 -5.024776e+00 5.586950e+00 -3.520542e+00 -3.189165e-01 4.353540e+00 5.735134e+00 8.800372e+00 9.162315e+00 3.518811e+00 4.198915e-01 -1.512926e-01 -6.431827e-01 -7.803781e-02 1.492402e+00 5.695199e-01 2.026541e+00 6.360701e-01 2.136616e-01 9.880190e-01 1.079275e+00 -7.001019e-01 -2.148843e+00 -3.818015e+00 8.056163e-07 -5.600327e-02 2.047132e-01 1.667414e-01 8.323220e-02 -2.354270e-01 6.625928e-02 -3.034163e-01 -5.758392e-01 -1.146265e+00 1.187899e-01 -2.821313e-01 -4.902585e-02 -7.556551e-07 
-7.419287e+00 1.867211e+00 -4.077414e+00 3.538765e+00 -5.210370e-02 1.628485e+00 4.478075e+00 1.085952e+01 7.728153e+00 5.826607e+00 3.338608e+00 -1.490929e+00 -1.512926e-01 -7.429232e-01 -1.139273e-02 7.018112e-01 3.363973e-01 6.299438e-01 2.681577e-01 3.388169e-01 4.095990e-01 -7.822923e-01 -2.795549e-01 -2.600982e+00 -2.470204e+00 8.056163e-07 7.460292e-02 2.441000e-01 -7.896407e-02 6.447058e-02 -6.902810e-01 3.106608e-02 -2.167013e-01 -9.978165e-01 -1.095545e+00 -3.756518e-02 6.251946e-01 1.100452e+00 -7.556551e-07 
-7.988296e+00 2.123267e+00 -2.350148e+00 2.878479e+00 -3.989942e+00 2.467021e+00 7.834043e+00 1.103417e+01 6.506589e+00 4.845124e+00 -2.478968e+00 -5.608906e+00 -1.512926e-01 -4.805648e-01 6.039593e-01 4.229395e-01 4.362994e-02 -4.982890e-01 2.804215e-01 -3.108703e-01 -1.104242e+00 -2.525613e+00 5.859575e-01 8.625954e-01 -1.256855e-01 8.056163e-07 1.321736e-01 1.693132e-01 -4.350054e-01 -1.560133e-02 -2.127193e-01 1.055471e-02 -2.356026e-01 -5.474263e-01 -3.514487e-01 -7.737689e-02 1.160650e+00 1.586413e+00 -7.556551e-07 
-7.683290e+00 2.454578e+00 -4.719494e+00 4.075026e+00 -5.641091e+00 2.137190e+00 5.126048e+00 6.355439e+00 1.732024e+00 8.795336e+00 5.777406e-01 -1.897788e+00 -1.512926e-01 -2.663851e-01 5.972056e-01 2.370704e-01 1.446609e-02 -3.302934e-01 5.088598e-01 -3.339195e-01 -1.813360e+00 -1.800804e+00 -2.177462e-01 1.849447e+00 1.439504e+00 8.056163e-07 1.314372e-01 2.258747e-02 -2.191445e-01 9.004445e-02 4.832827e-01 1.716661e-01 -6.217269e-02 1.154915e-02 7.979041e-01 -3.828773e-01 4.235607e-01 8.053020e-01 -7.556551e-07 
-7.961680e+00 4.117286e+00 -2.589105e+00 5.536946e+00 -3.217281e+00 8.292498e-01 2.475781e+00 2.465923e+00 -8.298129e-01 1.060791e+01 9.212076e+00 -5.036532e-03 -1.512926e-01 -2.206561e-01 4.641703e-01 -4.503047e-01 6.524957e-01 1.442994e+00 5.685156e-01 -6.277435e-01 -6.375784e-01 -1.685803e-01 -1.117883e+00 1.429126e+00 2.159131e+00 8.056163e-07 -2.721142e-03 -3.065706e-01 -1.972036e-02 -5.442746e-02 3.699637e-01 2.064275e-01 2.120399e-01 6.004964e-01 1.452712e+00 -1.505037e-01 -6.872085e-01 -3.160809e-01 -7.556551e-07 
-8.764119e+00 3.856024e+00 -2.772557e+00 2.281977e+00 -2.090153e+00 4.991812e+00 5.487330e+00 6.076650e+00 2.392588e+00 1.856420e+00 6.740304e+00 2.904410e+00 -1.512926e-01 -2.156399e-01 1.714671e-01 4.262279e-02 4.821225e-01 2.075808e+00 9.824690e-01 1.865195e-01 2.339396e-01 2.028831e+00 -1.342130e+00 -7.662911e-01 4.136913e-01 8.056163e-07 -2.394735e-02 -4.022557e-01 2.134237e-01 -1.253419e-01 -3.093364e-01 3.762972e-02 1.878722e-01 4.527990e-01 7.463397e-01 4.882267e-01 -5.804580e-01 -8.602675e-01 -7.556551e-07 
-8.550831e+00 3.743851e+00 -5.575131e+00 7.037453e+00 1.449407e+00 3.882212e+00 4.514398e+00 7.985534e+00 5.333531e+00 2.725107e+00 1.585240e+00 2.785756e+00 -1.512926e-01 -5.194111e-01 -7.160721e-01 4.214417e-01 -4.624098e-01 1.484482e-01 1.075798e+00 4.891755e-01 8.745682e-01 2.823106e+00 3.956668e-01 -1.265399e+00 -1.193209e+00 8.056163e-07 2.621582e-02 -2.937338e-01 2.384130e-01 -3.805595e-01 -1.020681e+00 -1.414454e-01 3.550787e-02 -2.377210e-02 -2.406403e-01 6.239430e-01 2.284725e-02 -6.377382e-01 -7.556551e-07 
-8.467026e+00 3.499155e+00 -3.013395e+00 5.735386e+00 2.404706e+00 5.522922e+00 5.039133e+00 4.765522e+00 8.794628e+00 6.025958e+00 5.594312e-01 -1.224408e+00 -1.512926e-01 -2.366379e-01 -8.237492e-01 8.683445e-01 -5.477452e-02 -1.229636e+00 4.432799e-01 4.671618e-02 -3.054007e-01 4.351714e-01 1.466540e+00 2.944232e-01 -1.185646e+00 8.056163e-07 6.780186e-02 -2.779611e-02 -1.000780e-01 -1.547872e-01 -8.944305e-01 -5.231728e-01 -2.902864e-01 -2.124591e-01 -8.483567e-01 1.039744e-01 3.402251e-01 2.199651e-01 -7.556551e-07 
-1.070746e+01 7.151958e-01 -3.613454e-01 1.498060e+00 -4.722205e+00 5.942373e+00 5.144858e+00 7.494374e+00 1.008448e+01 1.050138e+01 5.975164e+00 -3.906484e+00 -1.512926e-01 -7.915287e-02 -5.068346e-01 3.289837e-01 -9.819026e-01 -2.007648e+00 1.308661e-01 -3.804488e-01 -4.867426e-01 -5.749123e-01 5.975943e-01 1.012845e+00 -2.297335e-01 8.056163e-07 1.545261e-01 2.354252e-01 -4.691708e-01 2.733053e-01 1.407394e-01 -6.943024e-01 -1.554526e-01 -7.475231e-02 -6.924822e-01 -5.107501e-01 1.208172e-01 8.533520e-01 -7.556551e-07 
-8.868786e+00 1.251446e+00 -1.037764e+00 4.777441e+00 -5.152346e+00 6.178177e+00 5.404955e+00 4.795451e+00 2.192823e+00 5.301008e+00 6.017565e+00 3.223176e-01 -1.512926e-01 -9.676787e-02 -7.204868e-02 -4.114969e-01 -3.200790e-02 -1.318224e+00 -1.160985e+00 -8.300168e-01 -1.475863e-01 -5.138731e-01 -9.231092e-01 -2.044319e-01 1.031792e+00 8.056163e-07 8.538929e-02 2.362577e-01 -4.539813e-01 3.946602e-01 8.615533e-01 -4.048114e-01 1.382384e-01 2.723312e-01 5.541152e-02 -4.923694e-01 -4.580621e-01 6.491393e-01 -7.556551e-07 
-8.745417e+00 2.333413e+00 -4.917998e+00 2.606805e+00 -4.810396e+00 4.209105e+00 2.429729e+00 5.536701e+00 5.759866e+00 6.075306e+00 3.920655e+00 8.637922e-01 -1.512926e-01 1.833222e-01 8.519804e-02 -1.284469e+00 8.926741e-01 8.964725e-01 -1.593645e+00 1.501147e-01 4.219610e-01 -1.650048e-01 -9.632657e-01 -4.118779e-01 1.964901e+00 8.056163e-07 1.067021e-01 1.380754e-01 -1.106350e-01 4.175538e-01 1.004681e+00 1.502048e-01 4.069681e-01 1.823098e-01 -1.457822e-01 -2.759997e-01 -5.941344e-01 1.024250e-02 -7.556551e-07 
-9.931632e+00 2.330100e+00 -2.792783e+00 5.021160e+00 -4.142426e+00 5.846309e-01 2.246817e+00 5.006182e+00 8.388079e+00 3.623559e+00 5.647313e-01 1.549519e+00 -1.512926e-01 5.908401e-02 6.149635e-02 -5.947788e-01 9.812005e-01 1.625983e+00 -7.185543e-01 4.725887e-01 6.019073e-01 5.069371e-01 -2.149801e-01 -1.283454e+00 9.626936e-01 8.056163e-07 1.698610e-01 1.244499e-01 7.578230e-02 -2.951271e-01 5.364133e-01 7.454664e-01 2.863463e-01 -1.002622e-02 -5.025128e-01 4.954521e-02 -3.389656e-01 -6.070616e-01 -7.556551e-07 
-9.259395e+00 6.016035e-01 -5.906284e+00 5.839725e+00 -7.445396e-01 7.708498e-01 7.474707e+00 9.498784e+00 6.162586e+00 6.523357e+00 6.642012e+00 5.304305e+00 -1.512926e-01 3.763872e-01 1.166729e-01 -1.326252e-01 5.991542e-01 1.543669e+00 6.605976e-01 1.003368e+00 5.010533e-02 -1.814085e+00 -1.136483e+00 -1.418426e+00 -1.439053e-01 8.056163e-07 1.952891e-01 2.163233e-01 1.856727e-01 -7.320048e-01 -2.731707e-01 7.116550e-01 -2.301198e-01 -4.245637e-01 -4.166004e-01 6.741097e-02 -1.890040e-01 -8.435889e-01 -7.556551e-07 
-8.316681e+00 2.424761e+00 -3.518122e+00 8.067058e+00 9.441619e-01 4.304602e+00 5.245394e+00 5.824100e+00 4.526176e+00 4.001895e+00 -1.760565e+00 2.915854e+00 -1.512926e-01 6.560107e-01 5.343834e-01 -6.083956e-01 -1.360938e+00 1.040141e+00 1.439242e+00 1.751026e-01 -1.190385e-02 -2.201773e+00 -5.886937e-01 -1.396078e+00 -9.490170e-01 8.056163e-07 7.473287e-02 1.012735e-01 -3.669167e-02 -7.219539e-01 -8.987703e-01 5.451382e-02 -4.440214e-01 -3.064483e-01 2.223415e-01 3.107972e-01 6.171591e-01 -4.041892e-01 -7.556551e-07 
-7.671061e+00 2.869664e+00 -5.218106e+00 4.079751e+00 3.643820e-01 5.652210e+00 5.947203e+00 5.378448e+00 -1.379963e+00 2.036449e-01 -2.008705e+00 -5.389822e-01 -1.512926e-01 8.614412e-01 9.303036e-01 -3.492682e-01 -1.596225e+00 -1.765269e-01 8.857101e-01 -8.519890e-01 -1.393951e+00 -8.938996e-01 -4.393227e-01 -1.300499e+00 -1.297143e+00 8.056163e-07 -2.095684e-01 -1.501625e-01 3.778614e-02 -1.820363e-01 -1.067982e+00 -4.062364e-01 -3.578836e-01 1.176900e-01 1.250505e+00 6.326976e-01 1.132605e+00 1.107108e-01 -7.556551e-07 
-7.446262e+00 3.868330e+00 -6.179110e+00 -9.033014e-01 5.043485e-01 5.340375e+00 3.886532e+00 7.006903e+00 1.150601e+00 3.839751e+00 -2.090616e+00 -2.736657e-01 -1.512926e-01 1.903215e-01 1.611454e-01 -6.698073e-01 -1.530841e+00 -2.007955e+00 -5.586059e-01 -8.196769e-01 -2.082995e-01 1.158448e+00 9.905754e-01 1.743262e+00 -4.816031e-01 8.056163e-07 -4.246462e-01 -3.747418e-01 3.227796e-01 5.682796e-01 -5.936639e-01 -5.118160e-01 5.585197e-02 2.360888e-01 1.140372e+00 6.488600e-01 9.627411e-01 2.632995e-01 -7.556551e-07 
-5.387830e+00 4.531425e+00 -6.322108e+00 2.344187e+00 -1.407389e+00 4.681447e+00 3.894964e+00 1.937864e+00 3.381199e+00 4.408040e+00 3.045449e-01 4.135672e-01 -1.512926e-01 -4.386854e-01 -4.475803e-01 8.701350e-02 -2.259004e-01 -2.272188e+00 -3.717397e-01 -2.886827e-01 7.366925e-01 2.758236e+00 1.237333e+00 2.674812e+00 1.758017e-01 8.056163e-07 -4.620737e-01 -3.088927e-01 4.021127e-01 5.668278e-01 1.319281e-01 -2.782022e-01 1.518733e-01 3.748230e-01 3.185499e-01 3.599181e-01 8.840887e-02 1.836297e-01 -7.556551e-07 
-8.506591e+00 2.399202e+00 -6.315052e+00 1.280721e+00 -8.209419e+00 1.997250e+00 2.172874e+00 6.502623e+00 7.938129e+00 6.852346e+00 5.799297e+00 3.140308e-02 -1.512926e-01 -8.173495e-01 -6.503190e-01 7.871885e-01 7.953986e-01 -8.803337e-01 -4.911553e-01 1.729485e-01 1.033415e-01 1.674088e+00 1.817362e+00 1.430010e+00 -3.688461e-01 8.056163e-07 -1.635638e-01 3.516146e-02 3.209978e-01 3.630186e-01 7.369243e-01 -6.980669e-02 2.452974e-01 -5.771167e-02 -7.513887e-01 -4.094580e-01 -1.046627e+00 -1.447747e-02 -7.556551e-07 
-9.334208e+00 1.365985e+00 -4.715261e+00 1.857930e+00 -6.639633e+00 5.465256e+00 5.360200e+00 9.313882e+00 9.018007e+00 4.883898e+00 7.420162e+00 1.877019e-01 -1.512926e-01 -9.450873e-01 -2.086520e-01 9.326157e-01 7.486348e-02 -8.074798e-02 -5.390670e-01 -5.889691e-01 3.243614e-01 4.413008e-01 9.468896e-01 -7.017720e-01 -4.353085e-01 8.056163e-07 1.548293e-01 2.564111e-01 1.582587e-02 9.082619e-02 5.704747e-01 -2.196045e-01 2.115349e-01 -8.442403e-02 -1.424257e+00 -8.409298e-01 -9.026253e-01 -9.568602e-02 -7.556551e-07 
-9.559726e+00 2.198996e+00 -3.046323e+00 3.316307e+00 -1.281078e+00 2.492732e+00 4.018203e+00 3.835269e+00 6.703163e+00 1.268837e+01 1.501884e+00 -2.004999e+00 -1.512926e-01 -3.741749e-01 2.174688e-01 5.124018e-01 1.338497e-01 5.809834e-01 -8.239393e-01 5.570308e-01 -2.906460e-01 -1.439932e+00 -9.115677e-01 -1.801627e+00 -2.484117e-01 8.056163e-07 3.577346e-01 2.702556e-01 -2.258707e-01 8.643359e-02 1.200921e-01 5.036836e-02 5.383199e-02 1.778814e-01 -9.854115e-01 -7.800040e-01 1.167197e-02 -3.329045e-02 -7.556551e-07 
-9.586701e+00 3.588135e+00 -3.293277e+00 1.700831e+00 -5.275244e+00 1.738307e+00 2.723450e-02 4.893437e+00 6.204709e+00 6.224526e+00 -1.055170e+00 -7.446703e-01 -1.512926e-01 1.139121e-01 4.007109e-01 3.033842e-01 5.589833e-01 -1.503637e-01 -1.303265e+00 5.766334e-01 5.115852e-01 -2.805780e+00 -1.602909e+00 -2.226134e-01 -3.628875e-01 8.056163e-07 3.791774e-01 2.179005e-01 -1.339761e-01 4.178144e-01 2.078979e-01 4.418981e-01 -1.160629e-01 2.657042e-02 -3.624199e-01 -4.940966e-02 4.589491e-01 -3.527637e-01 7.293273e-04 
-1.025138e+01 2.375064e+00 -4.463603e+00 2.028809e+00 -5.986455e+00 -2.594146e-01 7.623889e+00 7.259863e+00 2.145595e+00 1.624562e+00 1.028730e+00 -7.446703e-01 -1.512926e-01 4.418310e-01 3.963783e-01 -2.750364e-02 9.856222e-01 -2.449186e-01 1.429220e-01 -1.409090e-01 8.989930e-01 -1.629435e+00 -8.077902e-01 1.248952e+00 -5.715564e-01 8.056163e-07 5.109532e-01 5.156456e-01 3.936939e-01 5.718160e-01 4.675452e-01 4.652595e-01 -7.904484e-01 -4.395141e-01 2.267300e-01 2.781159e-01 1.591856e-01 -4.187829e-01 1.876610e-02 
-8.418829e+00 3.281436e+00 -2.489383e+00 5.296771e+00 -5.039121e+00 3.249528e-01 6.440804e+00 1.015968e+01 -2.731725e+00 2.400818e+00 6.543238e+00 -2.257065e+00 -1.512926e-01 5.428547e-01 7.914066e-01 5.326908e-01 1.738238e+00 1.371695e+00 1.186899e+00 -8.203232e-01 -1.375173e-01 -1.275969e+00 6.480523e-01 6.778567e-02 -2.037511e+00 3.648231e-03 8.876535e-01 9.366332e-01 9.099605e-01 1.410061e-01 3.739968e-01 -1.100953e-01 -1.201875e+00 -1.005611e+00 8.552071e-01 -1.042984e-02 -7.190846e-01 -1.581809e-01 4.473666e-02 
-7.934344e+00 4.334532e+00 -3.585858e+00 6.446464e+00 -2.623846e+00 3.914166e+00 1.076636e-01 5.697415e+00 3.024431e+00 1.056091e+01 3.947155e+00 -4.106450e+00 -1.512926e-01 1.966053e+00 2.600254e+00 2.366327e+00 2.403455e+00 2.157664e+00 2.571411e-01 -2.696790e+00 -2.163682e+00 -1.071143e+00 -6.463055e-01 -1.150880e+00 -1.504895e+00 9.201138e-02 1.306113e+00 8.209262e-01 1.177671e+00 -5.801623e-01 -2.837793e-01 -7.644729e-01 -1.509490e+00 -8.858301e-01 1.485035e+00 -8.113780e-01 -1.335534e+00 4.670654e-01 6.123232e-02 
-8.031097e+00 6.565674e+00 -1.069280e+00 8.183208e+00 -9.819023e-02 5.586096e+00 -3.158863e-01 4.987323e+00 -6.147308e-01 4.996302e+00 -2.175899e+00 -9.251362e+00 -1.330571e-01 3.790080e+00 3.981833e+00 3.656245e+00 5.550321e-01 5.182528e-01 -1.910840e+00 -4.154493e+00 -2.985054e+00 1.191138e+00 -1.735779e+00 -2.618027e+00 -6.869490e-01 1.776766e-01 1.285580e+00 1.308031e-02 7.010040e-01 -1.224609e+00 -1.111117e+00 -6.226206e-01 -1.546932e+00 -3.261460e-01 2.199002e+00 -1.090733e+00 -1.151195e+00 1.101594e+00 5.202454e-02 
-6.149132e-01 1.373477e+01 6.657791e+00 1.260283e+01 2.330740e+00 -1.604451e+00 -2.481633e+00 -9.726106e-01 -4.269210e+00 -2.904905e+00 -3.661580e-01 -4.772000e+00 2.996394e-01 5.348832e+00 2.905827e+00 4.299093e+00 -1.323590e+00 -1.236980e+00 -2.130548e+00 -6.021267e+00 -2.106259e+00 4.562340e+00 -3.672737e+00 -4.085805e+00 1.088628e+00 2.191472e-01 4.050387e-01 -1.217287e+00 -2.169173e-01 -1.466947e+00 -1.052595e+00 1.795684e-01 -9.920137e-01 5.979810e-01 2.095283e+00 -5.649812e-01 -8.781993e-01 8.534017e-01 6.799862e-03 
6.871768e+00 1.849050e+01 1.067020e+01 4.993598e+00 -4.925327e+00 -6.470017e+00 -1.303730e+01 -1.430562e+00 6.870378e+00 4.550861e-01 -4.390375e+00 -5.359250e+00 5.116308e-01 5.279422e+00 7.039906e-01 3.071268e+00 -2.521377e+00 -2.486543e+00 -7.322730e-01 -6.892830e+00 -1.796911e+00 6.902516e+00 -3.292537e+00 -4.220778e+00 2.173570e+00 2.002045e-01 -7.446422e-01 -1.805416e+00 -6.971923e-01 -8.422666e-01 -1.619750e-02 7.127346e-01 1.777723e-01 8.935883e-01 5.508848e-01 -6.826575e-02 -1.852258e-01 3.115977e-01 -3.054445e-02 
1.135838e+01 1.290129e+01 1.203998e+01 1.423251e+00 -6.395545e+00 -7.104537e-01 -2.363837e+01 -1.624895e+00 2.209333e+01 -5.532113e+00 -1.537458e+01 -6.094522e-01 6.220976e-01 3.246465e+00 -1.847127e+00 1.574238e+00 -3.393094e+00 -1.602807e+00 5.657095e-01 -6.287518e+00 2.322448e-01 6.549817e+00 -2.692860e+00 -4.740592e+00 1.331789e+00 1.147468e-01 -1.532741e+00 -1.220529e+00 -6.524699e-01 -2.953877e-01 8.106583e-01 2.945617e-01 1.598036e+00 5.088099e-01 -1.182301e+00 5.561244e-01 8.019236e-01 -4.060754e-01 -4.485472e-02 
1.237914e+01 1.050212e+01 1.159640e+01 1.165752e+00 -8.167885e+00 1.477894e+00 -2.420137e+01 -3.671534e+00 2.071668e+01 -1.015244e+01 -1.577546e+01 -4.645972e-01 7.067220e-01 1.117967e+00 -2.668786e+00 1.532707e+00 -2.621569e+00 6.203048e-01 3.047411e-01 -3.132572e+00 3.136942e-01 2.952080e+00 -2.566953e+00 -3.216754e+00 7.493263e-01 7.715189e-02 -1.532135e+00 -3.592763e-01 -2.051131e-01 7.731336e-02 1.032299e+00 -3.291568e-01 2.280790e+00 1.068846e-01 -1.883947e+00 8.206247e-01 1.212908e+00 -6.297960e-01 -3.810753e-02 
1.286363e+01 8.492958e+00 1.406594e+01 -2.448693e+00 -4.062201e+00 -2.750047e+00 -2.833763e+01 1.308949e+00 2.155659e+01 -1.106499e+01 -1.837636e+01 -5.603641e-01 7.758164e-01 -2.341882e-01 -1.510461e+00 1.806132e+00 -2.750360e+00 1.262758e+00 -1.176158e+00 8.872181e-02 -6.174404e-01 6.259508e-01 -1.254854e+00 -5.782892e-01 -2.296189e-01 5.639840e-02 -1.022922e+00 -3.524369e-03 -1.566491e-01 2.651529e-01 7.842246e-01 -7.581252e-01 2.477666e+00 -2.005909e-01 -2.439762e+00 8.940684e-01 1.655608e+00 -8.004989e-02 -2.140951e-02 
1.170907e+01 7.350882e+00 1.732056e+01 -6.178107e+00 -2.990831e+00 -3.926862e+00 -2.635026e+01 -1.329296e+00 2.189931e+01 -9.613137e+00 -1.897334e+01 -1.636989e+00 8.205267e-01 -6.409662e-01 -1.260701e+00 1.929773e+00 -2.456088e+00 1.242103e+00 -1.507176e+00 1.323041e+00 -8.375630e-01 4.443656e-01 9.158337e-02 -2.375122e-01 -1.945543e-01 3.884095e-02 -5.565087e-01 -3.332520e-01 -7.951894e-01 2.689871e-01 7.319707e-01 -6.807865e-01 2.175462e+00 4.286729e-01 -2.676401e+00 7.594216e-01 1.431358e+00 3.053432e-01 -1.422200e-02 
1.052249e+01 6.924437e+00 1.820818e+01 -8.656640e+00 -2.669932e+00 -3.888663e+00 -2.212060e+01 -5.883396e+00 2.463219e+01 -1.207624e+01 -1.666684e+01 -1.171104e+00 8.471947e-01 -9.885999e-01 -2.568882e+00 5.926046e-01 -2.150056e+00 2.007416e+00 -2.318973e+00 3.872891e+00 -1.951400e-01 -4.395097e+00 4.482233e-01 2.047802e+00 1.403523e+00 2.685582e-02 -2.683087e-01 -8.262225e-01 -1.480590e+00 4.528063e-01 1.096433e+00 -6.086805e-02 1.678186e+00 9.881443e-01 -2.732691e+00 4.270236e-01 9.303328e-01 3.744400e-01 -9.401181e-03 
1.034517e+01 4.982955e+00 1.917389e+01 -8.010529e+00 -2.652863e+00 -5.488603e+00 -2.069428e+01 -4.263140e+00 2.140086e+01 -9.189368e+00 -1.781792e+01 -1.132255e+00 8.652369e-01 -1.287472e+00 -3.805830e+00 -1.836357e+00 -1.576939e+00 3.907847e+00 -2.527769e+00 5.852757e+00 2.245948e+00 -7.919281e+00 3.784977e-01 2.626959e+00 1.459443e+00 2.081136e-02 -8.736607e-02 -6.239434e-01 -1.741485e+00 5.925506e-01 1.058689e+00 8.457778e-01 8.782011e-01 8.380734e-01 -1.766641e+00 5.845828e-02 5.563336e-01 -8.575832e-02 -5.546796e-03 
8.602894e+00 -3.167295e+00 1.610225e+01 -1.228290e+01 5.806006e+00 -1.356397e+01 -1.180103e+01 1.800110e+00 -1.698877e-01 -9.035840e+00 -8.715252e+00 6.205056e+00 8.877413e-01 -1.252591e+00 -4.369064e+00 -3.713703e+00 -9.259268e-01 5.412158e+00 -9.701689e-01 6.214867e+00 2.781600e+00 -8.855556e+00 7.366638e-01 2.641100e+00 8.156742e-01 1.840396e-02 1.801275e-01 2.479554e-01 -1.218002e+00 8.451996e-01 1.977277e-01 1.777944e+00 -6.540274e-01 1.388736e-02 7.903931e-01 -1.383661e-02 -1.216863e-01 -9.842148e-01 -3.319315e-03 
6.231902e+00 -6.632808e+00 9.191773e+00 -1.224982e+01 1.231103e+01 -1.172786e+01 -2.246184e+00 6.058610e+00 -5.296115e+00 -9.240675e+00 -9.814299e+00 1.972339e+00 9.043078e-01 -9.456706e-01 -3.480250e+00 -4.624529e+00 -1.054820e-01 4.833200e+00 2.047440e+00 4.543042e+00 1.864422e+00 -6.158594e+00 2.395236e-01 2.247546e+00 -3.294271e-01 1.532726e-02 4.683275e-01 8.890975e-01 -2.077857e-01 7.387721e-01 -9.060912e-01 1.817240e+00 -1.883547e+00 -9.523275e-01 2.273099e+00 1.301986e-01 -2.458915e-01 -1.069494e+00 -2.220143e-03 
6.316426e+00 -9.112907e+00 4.630417e+00 -1.116667e+01 1.690888e+01 -5.620095e+00 -2.704828e-01 2.863607e+00 -6.297491e+00 -8.366898e+00 -7.462984e+00 1.354974e+00 9.196797e-01 -2.588025e-01 -1.491857e+00 -4.103415e+00 1.340198e+00 2.533435e+00 4.283184e+00 1.257555e+00 6.505931e-02 -1.323472e+00 4.486048e-01 1.629123e+00 -2.623182e+00 1.300287e-02 5.180141e-01 1.065747e+00 6.309806e-01 2.999959e-01 -1.525071e+00 9.641824e-01 -2.037426e+00 -1.151430e+00 2.348378e+00 2.370366e-01 -1.747955e-01 -8.479075e-01 -1.133922e-03 
6.759548e+00 -9.445639e+00 1.786919e+00 -9.096044e+00 1.596211e+01 7.767265e-01 -3.744499e+00 4.527321e+00 -6.328764e+00 -8.325773e+00 -7.206171e+00 -3.543749e-01 9.258987e-01 5.573201e-01 -7.989006e-01 -2.680461e+00 9.838347e-01 8.169116e-01 3.931692e+00 -1.086359e+00 -1.157379e+00 -3.197736e-01 1.173426e+00 1.903360e+00 -2.168487e+00 1.241139e-02 3.262418e-01 7.290091e-01 9.492039e-01 -1.878062e-01 -1.213521e+00 -2.363590e-01 -1.178934e+00 -9.456318e-01 1.443344e+00 1.330111e-01 7.936221e-02 -3.955521e-01 1.999767e-04 
7.044773e+00 -9.220347e+00 -7.122551e-01 -7.158890e+00 1.664715e+01 1.599836e+00 -4.763484e+00 2.891076e+00 -6.271324e+00 -7.250295e+00 -1.873794e+00 -5.747738e+00 9.419733e-01 5.859007e-01 -3.809353e-01 -1.530796e+00 2.942432e-02 -2.049852e-01 2.908605e+00 -1.157445e+00 -1.464633e+00 -3.322140e-02 1.454808e+00 1.939092e+00 -2.504237e+00 1.419100e-02 -8.915730e-03 3.206830e-01 7.638112e-01 -4.699005e-01 -5.474158e-01 -9.171638e-01 -1.433327e-01 -5.093772e-01 5.826167e-01 -2.750093e-01 6.643082e-02 2.283043e-01 5.496395e-04 
8.654328e+00 -1.057399e+01 -1.539198e+00 -9.334643e+00 1.652596e+01 4.320763e+00 -5.431564e+00 2.581607e-01 -6.907635e+00 -3.931819e+00 -3.092334e+00 -5.318594e+00 9.552194e-01 2.629980e-01 -3.906198e-01 -1.164777e+00 -3.891239e-01 1.348311e-01 1.552941e+00 -1.439248e-01 -2.098782e+00 4.129521e-01 4.013899e-01 2.489209e+00 -2.366729e+00 1.572676e-02 -3.035269e-01 2.981637e-01 2.728011e-01 -9.232295e-02 -1.102281e-01 -9.912207e-01 3.279003e-01 -6.773766e-02 4.849736e-01 -6.519331e-01 -1.035398e-01 3.263403e-01 -2.953789e-04 
8.298607e+00 -1.045377e+01 -1.360450e+00 -1.090012e+01 1.560195e+01 7.150776e+00 -5.214276e+00 -2.325147e+00 -6.174314e+00 -3.289900e+00 1.754153e-01 -8.684289e+00 9.759847e-01 -1.562622e-01 -9.256466e-02 -1.042090e+00 -3.227997e-01 1.372791e-01 8.868533e-01 6.998083e-02 -2.011152e+00 1.223318e+00 -5.404295e-01 1.668137e+00 -1.382398e+00 1.409242e-02 -2.216544e-01 2.346804e-01 -1.330600e-02 2.628449e-01 8.848556e-02 -8.759684e-01 1.813073e-01 2.741380e-01 2.951730e-01 -4.189653e-01 -4.589136e-01 6.451187e-01 -2.148916e-03 
7.447970e+00 -1.078177e+01 -3.712863e+00 -9.170852e+00 1.715866e+01 5.766071e+00 -4.238749e+00 -3.358716e+00 -4.312610e+00 -8.299141e+00 4.215532e+00 -1.071979e+01 9.875268e-01 -5.891711e-01 5.477633e-01 -1.560889e+00 6.983112e-01 9.459171e-02 -1.349274e-02 -6.034434e-02 -1.222778e+00 1.476924e+00 -1.088695e+00 1.521170e+00 -1.097641e+00 1.098459e-02 4.773010e-03 1.409670e-01 8.339935e-02 1.768914e-01 7.529058e-02 -6.091910e-01 -9.001958e-02 5.271614e-01 -1.237555e-01 2.859594e-01 -7.917771e-01 6.853258e-01 -3.599369e-03 
6.867092e+00 -9.579583e+00 -4.836621e+00 -8.854687e+00 1.701755e+01 5.311359e+00 -5.009960e+00 -5.356157e+00 -1.452083e+00 -7.768843e+00 2.813417e+00 -9.959374e+00 9.962756e-01 -9.618459e-02 3.233618e-01 -1.399394e+00 7.998202e-01 2.576913e-01 -6.881027e-01 -2.925601e-01 -5.321030e-01 9.107152e-01 1.049371e-01 1.285170e-01 8.687961e-02 5.816970e-03 1.377184e-01 -1.828895e-02 2.613087e-01 1.045648e-02 6.858350e-02 -3.190954e-01 -1.057466e-01 4.798656e-01 -5.126400e-01 6.794813e-01 -5.868438e-01 4.362895e-01 -3.876185e-03 
6.424329e+00 -8.272325e+00 -7.605327e+00 -6.865561e+00 1.629098e+01 5.172889e+00 -5.835655e+00 -4.340217e+00 -1.884161e+00 -7.135540e+00 3.194542e+00 -1.016958e+01 9.999999e-01 2.569319e-01 1.062237e-01 -5.690430e-01 -6.596968e-02 4.510852e-01 -7.054591e-01 -4.127609e-01 -2.025173e-01 -4.956663e-02 1.508414e+00 -6.997518e-01 3.252275e-01 1.873808e-03 1.196545e-01 -1.484100e-01 4.295074e-01 -1.856471e-01 -1.667970e-02 -1.449839e-03 -2.256662e-02 1.579003e-01 -4.236894e-01 5.577486e-01 -3.195419e-01 2.140581e-01 -2.998790e-03 
8.329539e+00 -1.009169e+01 -6.411011e+00 -8.053839e+00 1.732422e+01 4.006725e+00 -5.879113e+00 -4.494781e+00 -2.835118e+00 -3.346689e+00 1.328427e+00 -8.524979e+00 9.988229e-01 1.092459e-01 3.664780e-02 -2.314830e-01 1.115535e-01 3.019087e-01 -3.625938e-01 -2.824357e-01 -1.220648e-01 -5.767001e-01 1.558395e+00 -1.554429e-01 8.756715e-02 -7.359431e-04 -7.554004e-02 -6.968020e-02 2.995276e-01 -8.219763e-02 -1.283767e-01 1.214889e-01 8.903739e-02 -6.338007e-02 -7.894267e-02 -2.524534e-02 1.547687e-01 -9.394867e-02 -1.606614e-03 
8.001154e+00 -9.994195e+00 -5.770813e+00 -9.901222e+00 1.926043e+01 2.890513e+00 -5.868086e+00 -4.801859e+00 -3.869043e+00 -2.967961e+00 1.459484e+00 -9.810905e+00 9.956080e-01 -9.361816e-02 -5.089555e-02 2.861785e-03 1.141876e-01 -1.097931e-02 -1.834184e-01 -1.783909e-01 -6.383760e-01 1.021375e-01 9.734063e-01 6.551298e-02 -2.771073e-02 -7.359431e-04 -1.122744e-01 -3.081913e-02 1.325761e-01 9.715451e-02 -2.350763e-01 7.606156e-02 1.717124e-01 -1.189304e-01 1.697645e-01 -3.769749e-01 3.251651e-01 -6.550582e-02 -8.522493e-04 
6.625029e+00 -8.535007e+00 -6.911504e+00 -6.778940e+00 1.704202e+01 4.639575e+00 -6.406442e+00 -5.735392e+00 -3.343145e+00 -2.060501e+00 2.903518e+00 -9.700984e+00 9.947823e-01 -2.985820e-01 5.346836e-02 -1.876370e-01 2.988606e-01 -1.531177e-01 -3.417039e-01 3.551467e-02 -6.309987e-01 4.400239e-01 2.462005e-01 5.197982e-01 -2.063571e-01 -9.123478e-04 -2.542019e-02 -5.149830e-02 1.058941e-01 -7.709537e-03 -1.957982e-01 -1.252522e-01 1.722174e-01 7.018171e-02 1.336441e-01 -4.138948e-01 1.923921e-01 -1.075458e-02 -1.443115e-03 
6.808105e+00 -9.305068e+00 -7.340969e+00 -6.932101e+00 1.637746e+01 3.939877e+00 -6.463521e+00 -6.911635e+00 -1.119567e+00 -2.911563e+00 2.734397e+00 -9.720258e+00 9.983486e-01 -1.005008e-01 -5.624755e-02 7.189887e-02 3.261429e-01 -4.967590e-01 -3.356759e-01 2.869022e-01 -5.425708e-01 2.911291e-01 2.795848e-01 5.884839e-01 1.447477e-01 -2.297643e-03 2.621582e-02 3.397897e-03 1.014843e-01 -2.613613e-02 -1.582736e-01 -2.463340e-01 1.318899e-01 3.801726e-01 -1.517741e-01 -2.958461e-01 1.189014e-01 -1.537096e-02 -2.650746e-03 
7.432864e+00 -1.016884e+01 -6.564358e+00 -8.043996e+00 1.800016e+01 1.773934e+00 -5.404322e+00 -6.594718e+00 -2.009254e+00 -2.143923e+00 3.289462e+00 -9.601604e+00 9.929026e-01 -1.440902e-02 -2.182091e-01 2.634870e-01 -3.285459e-02 -4.341814e-01 -9.126956e-01 3.459255e-01 1.810025e-01 -3.084900e-03 -1.641405e-01 5.450503e-01 -5.246224e-02 -7.169524e-03 4.111748e-02 3.104315e-02 1.125312e-01 6.289608e-04 -1.557749e-01 -2.740136e-01 6.645688e-02 4.921590e-01 -1.870505e-01 -2.509243e-01 -2.808008e-02 3.789113e-02 -3.159052e-03 
7.094768e+00 -9.458891e+00 -5.585009e+00 -7.638060e+00 1.629724e+01 2.645160e+00 -4.934720e+00 -7.085058e+00 -3.080834e+00 -1.527853e+00 4.209269e+00 -9.136621e+00 9.850497e-01 -1.045838e-01 1.020186e-01 2.847292e-01 1.492783e-01 -6.618476e-01 -1.129702e+00 3.256767e-01 8.566234e-01 -4.352117e-01 -3.005393e-01 6.474475e-01 -1.816055e-01 -1.085846e-02 -3.630836e-03 5.106557e-03 9.417903e-02 1.038441e-03 8.088271e-03 -3.091204e-01 -9.003880e-03 4.461741e-01 -7.742359e-02 -3.013524e-01 -1.033802e-01 7.377975e-02 -2.176435e-03 
6.409583e+00 -9.549292e+00 -6.472162e+00 -6.589949e+00 1.491179e+01 7.234687e-01 -5.441293e+00 -4.743641e+00 -2.377510e+00 -3.573065e+00 4.891535e+00 -1.025481e+01 9.655845e-01 -9.093509e-02 1.295431e-01 2.683890e-01 3.903975e-01 -8.494274e-01 -1.314801e+00 3.482951e-01 1.130182e+00 -1.320589e-01 -7.184156e-01 3.498516e-01 1.462374e-01 -1.243053e-02 5.489286e-02 -9.399576e-02 1.973433e-01 -1.026716e-01 1.833929e-01 -9.014533e-02 -1.867094e-02 9.795689e-02 -1.125312e-01 5.865635e-02 -2.736701e-01 2.564493e-01 2.514529e-05 
6.796595e+00 -9.104861e+00 -5.963202e+00 -6.912808e+00 1.461252e+01 -1.183531e+00 -4.817319e+00 -3.554278e+00 -3.110831e+00 -3.699569e+00 5.170513e+00 -1.030179e+01 9.577141e-01 -8.031943e-02 -2.047017e-01 5.401800e-01 1.198322e-01 -2.487436e-01 -1.680115e+00 2.405883e-01 1.213724e+00 -3.168904e-02 -9.500074e-01 1.692991e-01 4.142642e-01 -1.055234e-02 1.215172e-01 -2.529450e-01 3.369001e-01 -2.557426e-01 2.993860e-01 -3.495894e-02 4.308280e-02 -3.326667e-02 -3.111087e-01 4.831165e-01 -6.777361e-01 4.703415e-01 9.996685e-04 
7.127498e+00 -9.698381e+00 -5.032773e+00 -6.454900e+00 1.459488e+01 -2.886313e+00 -3.721149e+00 -2.709302e+00 -2.653862e+00 -4.650110e+00 4.558111e+00 -8.287971e+00 9.444152e-01 2.479494e-01 -5.348688e-01 1.122434e+00 -5.314623e-01 2.763574e-01 -1.088130e+00 2.950880e-01 4.921450e-01 -7.674795e-01 4.539463e-01 -5.842234e-01 9.317542e-01 -7.195466e-03 1.599409e-01 -2.093084e-01 3.878586e-01 -3.867389e-01 3.589606e-01 -8.539533e-02 1.946536e-01 -1.117032e-01 -6.093547e-01 8.843235e-01 -9.242308e-01 6.218878e-01 6.678126e-04 
6.334410e+00 -1.040786e+01 -3.603733e+00 -7.106524e+00 1.521164e+01 -3.950736e+00 -4.590950e+00 -2.033648e+00 -3.101258e+00 -5.739689e+00 5.222550e+00 -8.048553e+00 9.428868e-01 3.335746e-01 -8.305029e-01 1.542375e+00 -6.685324e-01 2.722264e-01 -1.417900e+00 5.675861e-01 1.009254e+00 -1.672852e+00 1.528921e+00 -2.274220e+00 1.777202e+00 -8.476993e-03 1.454725e-01 -5.456513e-02 3.186370e-01 -2.940103e-01 2.036895e-01 -1.648067e-01 3.934775e-01 -1.804681e-01 -6.053039e-01 9.066259e-01 -9.906439e-01 8.196971e-01 -8.943384e-04 
7.880662e+00 -1.157218e+01 -2.040162e+00 -9.150378e+00 1.599341e+01 -3.333312e+00 -4.078539e+00 -3.043029e+00 -6.218989e+00 -2.835714e-01 1.943719e+00 -6.722874e+00 9.370192e-01 5.019087e-01 -6.040625e-01 1.706730e+00 -1.149265e+00 6.848714e-01 -1.873009e+00 1.158034e+00 6.738858e-01 -2.358074e+00 2.463682e+00 -3.049459e+00 2.574178e+00 -1.012690e-02 2.075765e-02 1.191925e-01 1.763630e-01 -7.914515e-02 1.549674e-02 -2.737977e-01 5.142436e-01 -2.718711e-01 -1.046826e-01 8.202840e-02 -3.936712e-01 7.263768e-01 -1.825154e-03 
8.088196e+00 -1.232047e+01 2.520412e-01 -8.907446e+00 1.527423e+01 -8.049022e+00 -1.801229e+00 1.658665e+00 -9.692851e+00 1.761640e+00 -4.893884e+00 -2.198039e+00 9.190297e-01 5.201069e-01 -4.428655e-01 1.841264e+00 -1.041359e+00 5.653772e-01 -2.111633e+00 1.776487e+00 2.204810e-01 -2.262812e+00 2.578143e+00 -3.551345e+00 3.691548e+00 -1.356160e-02 -9.499019e-02 2.467287e-01 1.493499e-02 1.213138e-01 -2.625183e-01 3.780245e-02 4.358971e-01 -5.701000e-01 5.348501e-01 -8.490110e-01 6.624988e-01 1.503223e-01 -1.044888e-03 
8.760073e+00 -1.176245e+01 1.572422e+00 -1.130054e+01 1.798821e+01 -1.020174e+01 6.739101e-01 -1.186212e+00 -1.114864e+01 3.917690e+00 -5.631079e+00 1.657935e+00 9.057132e-01 2.584484e-01 -1.328321e-01 1.854608e+00 -7.406893e-01 2.072008e-01 -2.110178e+00 2.261813e+00 -4.726859e-01 -9.955464e-01 3.394858e-01 -1.914125e+00 3.606407e+00 -1.377951e-02 -2.045434e-01 2.276706e-01 -1.002562e-01 4.291682e-01 -7.676973e-01 3.901663e-01 2.509966e-01 -3.777285e-01 8.548695e-01 -1.501170e+00 1.290336e+00 -5.852207e-01 4.848871e-04 
8.495351e+00 -1.252683e+01 3.796418e+00 -1.123833e+01 1.704145e+01 -1.107517e+01 1.914723e+00 -1.859405e+00 -1.195025e+01 5.050350e+00 -8.746571e+00 6.218608e+00 8.907454e-01 -1.965852e-02 1.673894e-01 1.543056e+00 -2.661653e-01 -8.016909e-01 -1.110267e+00 2.195035e+00 -1.267939e+00 3.199886e-01 -1.654035e+00 4.704303e-01 2.012800e+00 -1.187538e-02 -1.689787e-01 1.957756e-01 -2.080085e-01 5.307936e-01 -1.068902e+00 6.594914e-01 4.935917e-02 -3.075132e-02 7.062529e-01 -1.444404e+00 1.370266e+00 -1.153383e+00 2.369181e-03 
8.969405e+00 -1.213304e+01 5.461123e+00 -1.168836e+01 1.614589e+01 -1.237136e+01 5.373173e+00 -3.647345e+00 -1.006877e+01 -2.303066e-01 -5.700462e+00 7.100988e+00 8.822601e-01 -2.509865e-01 2.291922e-01 1.354464e+00 6.090322e-01 -2.470172e+00 -4.227693e-01 2.203867e+00 -4.705923e-01 6.249292e-01 -2.926073e+00 1.391374e+00 4.874874e-01 -8.544442e-03 -5.032850e-02 9.781235e-02 -1.971842e-01 4.710840e-01 -1.105857e+00 7.471937e-01 -8.951459e-02 2.382145e-01 2.610781e-01 -6.239659e-01 6.700022e-01 -1.073068e+00 3.126784e-03 
7.884978e+00 -1.129767e+01 6.023237e+00 -1.004454e+01 1.218700e+01 -1.251570e+01 6.824139e+00 -3.450142e+00 -8.633396e+00 -4.434309e+00 -2.506914e+00 5.144392e+00 8.713856e-01 -6.993708e-02 3.549641e-01 1.051354e+00 9.378310e-01 -3.440507e+00 3.419481e-01 2.052216e+00 6.565747e-02 4.581569e-01 -3.011060e+00 1.647178e+00 -5.158656e-01 -4.331484e-03 9.210370e-02 6.666215e-02 -6.506629e-02 1.696697e-01 -7.084734e-01 5.183299e-01 -9.997521e-02 1.689536e-01 8.013877e-02 1.420431e-01 -1.655360e-01 -5.197476e-01 2.592577e-03 
7.810165e+00 -1.123093e+01 7.231194e+00 -8.852324e+00 8.064816e+00 -1.159526e+01 9.238957e+00 -2.743740e+00 -9.683277e+00 -5.969981e+00 -1.793811e+00 4.632732e+00 8.726681e-01 3.190326e-02 2.624510e-01 1.114672e+00 1.012716e+00 -4.002788e+00 8.995328e-01 1.885701e+00 5.160073e-02 2.405611e-01 -2.101671e+00 8.474441e-01 -4.946663e-01 -1.913704e-03 1.301376e-01 1.643187e-01 2.673919e-02 -3.009715e-01 -1.233983e-02 2.904162e-01 -3.146704e-01 -1.487250e-01 1.547425e-01 7.183819e-01 -6.069593e-01 -6.283309e-04 4.589862e-04 
8.724825e+00 -1.120301e+01 8.167738e+00 -7.967218e+00 3.879476e+00 -9.753274e+00 1.024367e+01 -1.982810e+00 -9.853045e+00 -7.134757e+00 -2.464032e+00 4.873354e+00 8.738979e-01 2.993945e-01 4.840491e-01 1.337579e+00 3.804253e-01 -3.577597e+00 8.201302e-01 1.854251e+00 -6.842349e-01 9.127584e-01 -1.356056e+00 -8.524203e-02 -9.486067e-02 -2.230194e-03 1.044777e-02 2.810771e-01 8.402296e-02 -6.376383e-01 6.246575e-01 -3.824076e-02 -4.705698e-01 -2.386401e-01 1.670639e-01 9.450116e-01 -5.707195e-01 1.190997e-01 -2.012935e-03 
8.708999e+00 -1.086838e+01 9.962270e+00 -7.663652e+00 2.864332e-01 -9.254853e+00 1.309177e+01 -4.123336e+00 -8.256206e+00 -9.388720e+00 -1.484478e+00 4.762830e+00 8.714383e-01 2.149359e-01 9.861172e-01 1.345068e+00 -6.170723e-01 -2.463287e+00 7.903023e-01 7.297924e-01 -8.393575e-01 1.171217e+00 -1.616605e-01 -7.772757e-01 2.736619e-01 -7.294045e-03 -1.113214e-01 3.278244e-01 -2.615403e-03 -6.668231e-01 1.024320e+00 -2.550568e-01 -5.663746e-01 1.806577e-03 -5.446860e-02 8.406692e-01 -2.283304e-01 -6.634968e-02 -3.333884e-03 
8.932718e+00 -9.058478e+00 1.134568e+01 -8.736961e+00 -1.811357e+00 -9.585052e+00 1.416913e+01 -6.181454e+00 -4.783620e+00 -9.505432e+00 -3.087515e+00 4.605026e+00 8.608625e-01 -1.092500e-01 1.398476e+00 1.356234e+00 -1.435447e+00 -1.086886e+00 2.054879e-01 2.774240e-01 -6.821413e-01 8.282229e-01 7.439130e-01 -3.942014e-01 -3.045610e-01 -1.170416e-02 -1.818444e-01 1.916572e-01 -1.100113e-01 -2.796041e-01 9.878480e-01 -2.596772e-01 -4.189159e-01 2.992561e-01 -5.508702e-01 5.765651e-01 6.132212e-02 -2.016642e-01 -2.545524e-03 
8.781294e+00 -7.372105e+00 1.236737e+01 -1.155292e+01 -1.406251e+00 -7.727638e+00 1.092472e+01 -4.841217e+00 -6.361952e+00 -5.592819e+00 -5.368483e+00 6.135489e+00 8.427148e-01 -3.202800e-01 1.444350e+00 1.092341e+00 -1.413527e+00 -1.263424e-01 -6.826388e-02 -1.577113e-01 5.957618e-02 1.045099e-02 1.051621e+00 -1.396603e-01 -7.215552e-01 -1.385215e-02 -8.117148e-02 1.180976e-02 -1.854691e-01 3.355090e-01 6.439458e-01 -2.056136e-01 -5.264992e-02 3.240199e-01 -7.939230e-01 1.285348e-01 8.266158e-02 -1.559471e-01 -6.563734e-04 
8.142508e+00 -5.959301e+00 1.374654e+01 -1.319989e+01 -7.092634e-01 -9.489555e+00 1.271427e+01 -5.034729e+00 -6.658727e+00 -5.313179e+00 -2.492941e+00 2.664692e+00 8.297147e-01 -3.420946e-01 1.213322e+00 9.138245e-01 -6.193301e-01 1.932777e-01 -4.893289e-02 2.035372e-01 3.626435e-01 -1.261156e+00 9.201822e-01 -9.736304e-02 -6.054752e-01 -1.167822e-02 1.158857e-01 -8.242944e-02 -1.672506e-01 7.660583e-01 1.270184e-01 1.245471e-02 -3.292432e-01 2.479570e-01 -5.884252e-01 2.720312e-02 -3.574314e-01 3.461957e-01 8.669261e-04 
7.502642e+00 -5.195865e+00 1.422352e+01 -1.249984e+01 -8.970234e-01 -9.644187e+00 1.303080e+01 -4.399255e+00 -7.266317e+00 -6.226905e+00 -2.479932e+00 2.125024e+00 8.177685e-01 -7.436999e-02 1.137757e+00 6.389017e-01 6.523076e-01 1.163179e-01 -1.105634e-01 5.036082e-01 2.584641e-01 -1.753811e+00 3.929007e-01 -5.122550e-01 -3.554391e-01 -1.059385e-02 3.135061e-01 1.246252e-01 -8.005245e-03 9.725850e-01 -6.529317e-01 3.339435e-01 -1.302153e+00 -1.500712e-01 6.771372e-01 -1.150891e-01 -8.005045e-01 4.116192e-01 1.593772e-03 
7.861240e+00 -4.080294e+00 1.498696e+01 -1.135999e+01 -1.099577e+00 -8.871764e+00 1.413410e+01 -4.589077e+00 -1.063742e+01 -4.587446e+00 -5.018677e+00 3.582308e+00 8.149400e-01 3.471067e-01 1.139669e+00 7.467466e-01 1.361836e+00 -5.732597e-01 2.888398e-01 -1.699426e+00 4.582493e-01 -1.231531e+00 1.209290e+00 -1.995058e+00 1.243554e+00 -9.001019e-03 3.441758e-01 3.553382e-01 1.136003e-01 8.438967e-01 -1.266958e+00 6.589732e-01 -2.243176e+00 -5.733239e-01 2.261200e+00 -5.075810e-01 -9.600981e-01 -9.052362e-02 2.262340e-03 
8.549662e+00 -2.622526e+00 1.494227e+01 -9.211013e+00 -6.296077e-01 -8.589314e+00 1.273243e+01 -3.771569e+00 -1.314246e+01 -3.991350e+00 -6.667006e+00 3.899121e+00 7.971438e-01 9.025040e-01 2.104429e+00 1.135914e+00 2.458867e+00 -3.007819e+00 1.432590e+00 -5.717103e+00 -7.385677e-01 3.381398e+00 3.314736e-01 -3.193396e+00 4.120870e-01 -7.216219e-03 1.874051e-01 4.040569e-01 1.098140e-01 5.574842e-01 -1.346830e+00 8.578687e-01 -2.250102e+00 -7.663330e-01 2.797942e+00 -8.595086e-01 -7.279717e-01 -6.835049e-01 3.262764e-03 
9.354619e+00 -1.547658e+00 1.712111e+01 -8.034940e+00 -3.708871e+00 -8.572785e+00 4.365864e+00 -3.056968e+00 -9.878574e+00 -3.842262e-01 -1.037466e+01 7.995114e+00 7.950357e-01 8.902551e-01 2.506721e+00 1.233410e+00 2.696975e+00 -4.579603e+00 2.474385e+00 -7.902042e+00 -2.005369e+00 7.477153e+00 -1.587076e+00 -3.557279e+00 -1.441985e+00 -2.058978e-03 -3.282771e-02 2.267505e-01 -1.833756e-01 3.129131e-01 -6.497754e-01 6.233482e-01 -8.838004e-01 -7.178328e-01 1.717285e+00 -1.060429e+00 1.452431e-01 -9.610336e-01 2.228345e-03 
1.126846e+01 4.060017e+00 1.883568e+01 -1.867941e+00 -1.463138e+01 -2.631043e+00 -1.067048e+01 -8.858238e+00 9.261809e+00 -6.671432e+00 -1.576920e+01 1.979266e+00 7.916275e-01 5.911502e-01 2.474482e+00 9.447346e-01 2.772143e+00 -4.614641e+00 3.086117e+00 -7.645700e+00 -2.341435e+00 7.881442e+00 -2.506384e+00 -3.371045e+00 -2.430212e+00 2.247371e-03 -2.065794e-01 -2.257379e-01 -5.657871e-01 -1.423539e-01 6.666534e-01 -2.783394e-02 1.028545e+00 -1.952059e-01 -8.546018e-01 -2.420904e-01 1.180074e+00 -1.311775e-01 -1.464159e-03 
1.095302e+01 5.112166e+00 1.920681e+01 -1.546657e+00 -1.699658e+01 5.207214e-01 -1.367489e+01 -1.207292e+01 1.554578e+01 -1.118288e+01 -1.825349e+01 -2.667838e+00 8.074034e-01 3.385908e-01 2.088373e+00 -7.475387e-02 2.769697e+00 -3.018529e+00 2.578835e+00 -5.154228e+00 -2.329372e+00 5.104797e+00 -2.673878e+00 -1.180047e+00 -2.140413e+00 -2.588192e-03 -2.143768e-01 -4.984226e-01 -6.959005e-01 -3.902009e-01 1.299618e+00 -6.263342e-01 1.975989e+00 4.255552e-01 -2.416975e+00 7.612835e-01 1.816107e+00 7.249869e-01 -7.641535e-03 
1.070593e+01 6.419425e+00 1.862306e+01 1.405534e+00 -1.705917e+01 2.294392e+00 -1.647564e+01 -1.097047e+01 1.355260e+01 -1.112413e+01 -1.958237e+01 -2.920506e+00 8.022034e-01 1.454092e-01 1.184906e+00 -1.039094e+00 1.710579e+00 -4.551426e-01 1.241151e+00 -1.948228e+00 -1.552563e+00 2.947046e-01 -3.357359e-01 1.518392e+00 1.053287e-01 -1.426722e-02 -2.006880e-01 -5.922236e-01 -4.692599e-01 -5.617729e-01 1.315925e+00 -9.245480e-01 2.040412e+00 6.998351e-01 -2.226669e+00 1.094870e+00 1.672212e+00 8.140880e-01 -1.118835e-02 
1.132853e+01 7.714377e+00 1.685393e+01 4.177002e+00 -1.758831e+01 1.858780e+00 -1.850323e+01 -1.364767e+01 1.349963e+01 -1.152754e+01 -1.436804e+01 -2.568011e-01 7.768002e-01 4.111905e-02 6.592633e-01 -1.254240e+00 1.276602e+00 -1.612268e-01 2.650398e-01 -8.707300e-01 -2.721031e-01 -8.147274e-01 1.133842e+00 3.078593e+00 9.150240e-01 -3.200626e-02 -2.807412e-01 -5.592772e-01 4.887763e-02 -5.529877e-01 1.020507e+00 -7.241411e-01 1.750833e+00 8.781773e-01 -1.226101e+00 9.089235e-01 7.044858e-01 3.772694e-01 -9.822072e-03 
1.180798e+01 8.683699e+00 1.481668e+01 3.823038e+00 -1.661139e+01 2.905940e+00 -1.799731e+01 -1.583370e+01 1.175919e+01 -8.177729e+00 -1.011978e+01 1.300465e+00 7.355860e-01 -2.635854e-01 2.279179e-01 -8.116941e-01 7.097886e-01 5.363070e-01 -3.797423e-01 4.146425e-01 1.291620e-01 -2.921910e-01 1.064021e+00 2.860667e+00 1.124333e-01 -3.898462e-02 -3.270923e-01 -4.316534e-01 2.343149e-01 -3.489923e-01 9.476932e-01 -6.000364e-01 1.540034e+00 8.703478e-01 -7.204164e-01 1.628798e-01 -1.702189e-01 -5.195452e-02 -4.751961e-03 
1.060773e+01 7.276573e+00 1.483879e+01 3.627748e+00 -1.802642e+01 1.540334e+00 -1.726761e+01 -1.100204e+01 1.236933e+01 -6.986712e+00 -7.592113e+00 -2.031957e-01 6.806689e-01 -8.605120e-01 -2.295503e-01 5.583107e-02 5.051713e-01 1.588345e+00 -2.313301e-01 2.418634e+00 1.220603e+00 -7.322351e-01 1.170946e+00 1.671294e+00 -2.575789e-01 -3.934262e-02 -2.730738e-01 -5.506462e-01 -3.228878e-01 -6.078952e-01 1.185992e+00 -6.328546e-01 1.766849e+00 5.306333e-01 -9.297119e-01 -5.610437e-02 -2.046494e-01 -1.131091e-01 4.476545e-04 
9.748466e+00 7.777799e+00 1.557212e+01 5.229049e+00 -1.415856e+01 5.545127e-01 -1.502078e+01 -1.164777e+01 1.265653e+01 -8.073940e+00 -8.667069e+00 -2.384754e+00 6.553184e-01 -1.039112e+00 -5.288797e-01 -5.226098e-01 3.512615e-01 3.408757e+00 -1.510709e+00 4.107261e+00 2.052842e+00 -3.348492e+00 4.602416e-01 1.370920e+00 4.320257e-01 -3.436178e-02 -1.012714e-01 -5.864843e-01 -9.302918e-01 -7.315209e-01 6.460938e-01 -6.295728e-01 1.357586e+00 1.650212e-01 -1.247537e+00 1.591165e-01 2.475235e-01 1.211845e-01 -2.341898e-05 
8.055825e+00 7.019570e+00 1.675562e+01 5.999973e+00 -1.087277e+01 1.877879e+00 -7.898920e+00 -9.637617e+00 9.390093e+00 -5.724414e+00 -6.737353e+00 2.979242e-01 6.202003e-01 -9.365715e-01 -1.715494e+00 -3.013256e+00 -1.583619e+00 4.332427e+00 -2.333731e+00 6.117069e+00 1.419192e+00 -3.935133e+00 1.155208e+00 2.800189e+00 1.897817e-01 -3.207890e-02 3.487958e-02 -5.707996e-01 -1.014347e+00 -3.293373e-01 -3.514200e-01 -5.961577e-02 1.839044e-01 -4.914154e-01 -1.098414e+00 -1.284627e-02 4.395254e-01 2.764536e-01 -4.769768e-03 
7.888216e+00 6.167628e+00 1.124502e+01 4.393553e+00 -3.144453e+00 -4.816452e+00 -2.146296e+00 -6.251971e+00 -3.493766e+00 -6.507329e+00 -3.692208e+00 3.209780e+00 5.940241e-01 -7.319576e-01 -1.961685e+00 -3.928712e+00 -1.903292e+00 2.394663e+00 -2.476323e+00 5.353212e+00 8.548289e-01 -4.928616e+00 1.867629e+00 3.533762e+00 4.948212e-01 -4.273581e-02 -1.580624e-01 -5.307557e-01 -3.400819e-01 3.586632e-01 -1.371904e+00 1.106682e+00 -8.741333e-01 -9.659318e-01 -2.797144e-01 -1.073644e-01 2.375191e-02 1.470461e-01 -1.450691e-02 
6.855223e+00 -4.959824e-01 1.936502e+00 -3.872816e+00 -1.871099e+00 -7.442984e+00 6.879920e+00 -6.604147e+00 7.689421e-01 -1.994312e+00 3.921618e+00 -2.051377e+00 5.509126e-01 -8.397474e-01 -2.367035e+00 -3.312825e+00 -1.413329e-02 3.383231e-01 -4.664643e-02 2.715043e+00 -6.374787e-01 -5.434296e+00 4.030114e-01 2.787563e+00 1.093327e+00 -5.900654e-02 -3.864824e-01 -1.973478e-01 6.116484e-01 9.521483e-01 -1.556897e+00 1.541955e+00 -1.761050e+00 -6.603339e-01 1.017669e-02 -6.310567e-01 -8.141809e-01 3.682848e-01 -2.282758e-02 
6.689411e+00 1.727114e+00 3.338260e+00 6.491775e-01 -6.686288e+00 -7.166410e+00 4.356134e+00 -8.890627e+00 -7.675420e+00 -6.012020e-01 3.672032e+00 1.263724e+00 4.763019e-01 -1.877749e+00 -2.856998e+00 -2.073289e+00 1.359860e+00 -1.453783e+00 2.879089e+00 1.437426e+00 -1.748560e+00 -3.997449e+00 2.995200e-01 1.496044e+00 7.155222e-01 -9.343139e-02 -3.593648e-01 -1.618598e-02 7.192670e-01 6.310417e-01 -6.592881e-01 1.026796e+00 -1.694967e+00 -6.500974e-02 7.357062e-01 -9.425784e-01 -1.218247e+00 2.326229e-01 -2.057744e-02 
4.456535e+00 -2.595074e+00 4.144976e+00 7.801683e+00 -7.410586e+00 2.819625e+00 2.425837e+00 -1.150591e+01 -1.569089e+01 -6.662424e+00 3.518329e+00 6.737797e+00 3.840354e-01 -2.296076e+00 -2.254643e+00 -8.825014e-01 1.545568e+00 -1.527836e+00 2.698250e+00 -7.302803e-01 -5.807533e-01 -4.349893e+00 -1.216033e+00 -2.519059e-01 1.920783e+00 -1.208675e-01 -1.892237e-02 3.963898e-01 3.683037e-01 -1.945068e-01 4.477995e-02 -3.153818e-01 -9.892723e-01 5.265945e-01 1.423849e+00 -4.462987e-01 -1.134699e+00 -1.553018e-01 -6.854794e-03 
-3.009150e-01 -7.067299e+00 -2.263439e-01 5.355437e+00 -7.643295e+00 4.447480e+00 7.267796e+00 -1.254358e+01 -1.525052e+01 -2.675788e+00 3.990038e+00 2.393051e+00 2.102892e-01 -1.800640e+00 -2.098798e+00 -1.547545e+00 4.719622e-01 3.140210e-02 1.285113e+00 -1.398924e+00 5.015162e-01 -1.792121e+00 -2.035761e+00 -1.037625e+00 1.244127e+00 -1.146933e-01 5.353850e-01 8.465561e-01 1.423758e-01 -4.253789e-01 3.747858e-01 -1.012639e+00 -5.730117e-01 7.060704e-01 1.688676e+00 -4.774589e-02 -7.286102e-01 -2.410275e-01 1.342079e-02 
-1.130331e+00 -7.372105e+00 -6.939100e-01 1.501997e+00 -9.031580e+00 2.415767e-01 1.772026e+00 -7.681175e+00 -1.719328e+01 -7.037235e+00 2.502639e+00 6.988056e+00 7.958432e-02 -9.729680e-01 -7.642401e-01 -1.734095e+00 -5.428456e-01 -1.803519e-01 -8.265376e-01 -8.129991e-01 8.705804e-01 5.825338e-01 -6.608992e-01 -1.618928e+00 5.238792e-02 -8.264995e-02 7.178004e-01 9.389114e-01 -2.493202e-02 -7.281682e-02 3.367790e-01 -5.085773e-01 2.893042e-01 3.464789e-02 1.749186e+00 5.859535e-01 -8.917159e-02 -5.334477e-01 2.681968e-02 
4.792248e-01 -6.378645e+00 -1.979952e+00 6.158647e+00 -5.718471e+00 5.482686e-01 -2.311695e+00 -8.295330e+00 -1.588555e+01 -1.059266e+01 -1.008433e+00 7.359077e+00 5.505958e-02 1.375932e-01 6.304644e-01 -9.356068e-01 2.772229e-01 -2.536396e-01 -4.217300e-01 -1.386214e+00 1.056209e+00 1.979795e+00 -2.168877e-01 -1.463501e+00 4.446307e-01 -4.543895e-02 4.688473e-01 8.487906e-01 1.295916e-01 2.709228e-01 4.322563e-01 2.814776e-01 7.212917e-01 -3.927852e-01 7.541883e-01 9.712358e-01 5.864004e-01 -2.985585e-01 2.548740e-02 
-7.983486e-01 -6.760600e+00 -3.648420e+00 4.685701e+00 -9.274530e+00 6.364196e-01 3.149698e+00 -9.277242e+00 -1.246084e+01 -6.008755e+00 -2.077607e+00 4.516788e+00 4.841893e-02 3.238922e-01 1.075190e+00 -1.313200e+00 1.278954e+00 2.985427e-01 1.008763e+00 7.099743e-01 -6.849327e-01 2.509993e+00 8.041955e-01 -4.849827e-01 -3.465011e-01 -2.140123e-02 1.248094e-01 4.147908e-01 1.126203e-01 2.516401e-01 8.604574e-01 6.016709e-01 4.652590e-01 -3.103099e-01 -2.765919e-01 5.582636e-01 1.003824e+00 3.694800e-02 1.552363e-02 
2.209766e-01 -4.220391e+00 -3.426867e+00 5.149909e+00 -8.789768e+00 2.141597e+00 -3.522091e-01 -6.464753e+00 -7.717543e+00 -4.274515e+00 -1.037825e+00 5.851802e+00 -1.315703e-03 -1.048171e-01 1.225428e+00 -1.109902e+00 9.158171e-01 1.953254e+00 1.774832e+00 1.446042e+00 -6.847333e-01 1.014916e+00 2.087870e+00 1.327360e+00 -4.913912e-02 -1.787832e-02 -2.346067e-01 -7.283465e-02 -1.002562e-01 -2.647884e-01 6.964626e-01 2.364821e-01 4.420292e-01 9.512268e-02 -7.728246e-01 1.342392e-01 8.568421e-01 2.672247e-02 4.658177e-03 
6.184199e-01 -3.075475e+00 -6.536605e+00 8.401335e+00 -6.003525e+00 4.488617e+00 4.343162e+00 -1.202126e+01 -8.727216e+00 -6.175599e+00 9.302291e-02 6.009005e+00 7.748733e-04 -2.277721e-01 1.012367e+00 -1.083757e+00 3.961362e-01 3.018450e+00 1.083593e+00 9.712294e-02 1.893767e-01 -3.179858e-01 9.779847e-01 2.004748e+00 4.840497e-01 -1.881223e-02 -3.266158e-01 -2.841390e-01 -7.486601e-02 -6.096448e-01 5.617760e-02 -1.504272e-01 3.666214e-02 1.000154e+00 -3.977807e-01 -2.300479e-01 1.008613e-01 -1.058619e-01 -4.101200e-03 
-7.533889e-01 -2.093848e+00 -6.085502e+00 8.880111e+00 2.411534e+00 7.496401e+00 4.322406e+00 -1.034730e+01 -1.267783e+01 -7.012056e-02 4.543175e+00 6.367679e+00 -1.050370e-02 -7.596049e-01 2.977487e-01 -1.551630e+00 -6.052186e-01 1.868797e+00 7.233714e-01 1.130462e+00 1.094691e+00 -4.704561e-01 3.673379e-01 1.575715e+00 1.630822e-01 -2.344026e-02 -2.412778e-01 -2.463294e-01 4.339870e-02 -5.566358e-01 -9.104748e-01 -3.703955e-01 -7.436473e-02 1.170277e+00 3.659790e-01 -4.924882e-01 -6.472968e-01 -3.711299e-01 -6.293067e-03 
-1.449724e+00 -2.762150e+00 -7.738447e+00 4.801458e+00 2.170189e-01 3.376813e+00 1.298533e+00 -6.388906e+00 -1.157051e+01 -3.220969e+00 5.155577e+00 6.679072e+00 -4.103665e-02 -9.818339e-01 1.183294e-01 -1.466525e+00 -1.008809e+00 6.215288e-01 7.825076e-01 1.051189e+00 3.426216e+00 1.263670e+00 5.141335e-01 -1.049387e-01 -9.820191e-01 -3.912470e-02 -1.328075e-01 4.173323e-02 3.152071e-01 -1.505807e-01 -8.323132e-01 -2.165894e-02 -6.484196e-02 5.743862e-01 5.659068e-01 4.510849e-02 -6.899225e-01 -4.391347e-01 -3.295033e-03 
-2.542783e+00 -2.888521e+00 -1.058477e+01 3.923439e+00 -2.556139e+00 6.314444e+00 6.822193e+00 -3.807648e+00 -8.647437e+00 -3.914978e+00 4.309489e+00 6.332143e+00 -9.762274e-02 -9.342384e-01 4.408509e-01 -7.015344e-01 -1.164976e+00 -1.400692e+00 7.349672e-02 5.970977e-01 3.548240e+00 2.053859e+00 -1.425838e-01 -8.542946e-01 -1.171666e+00 -3.918178e-02 8.499943e-02 3.133664e-01 5.886191e-01 2.686521e-01 3.000683e-02 -1.878226e-01 -4.530392e-01 -8.282979e-02 2.842018e-01 4.147434e-01 -1.360544e-02 7.968672e-02 3.712793e-03 
-3.395937e+00 -2.086748e+00 -1.161962e+01 5.835394e+00 -4.116924e-01 8.992029e+00 8.349049e+00 1.839878e+00 -4.424299e+00 -1.682556e+00 -3.146025e-01 1.116460e+00 -1.512926e-01 -8.045173e-01 1.149481e+00 6.713299e-02 -7.678851e-02 4.916305e-01 1.300079e+00 3.960753e-02 1.834514e+00 1.249623e+00 1.458528e+00 -2.298103e-01 -1.044242e+00 -2.741974e-02 2.102774e-01 3.238813e-01 6.342768e-01 2.046988e-01 5.151085e-01 -3.401250e-01 -3.940990e-01 -8.842005e-01 -4.001437e-01 4.011955e-01 8.890908e-01 7.527845e-01 1.067043e-02 
-4.451590e+00 -2.276205e-01 -7.652837e+00 2.538296e+00 -4.277840e+00 5.056088e+00 3.782753e+00 3.279741e+00 -5.982208e+00 -1.552135e+00 3.006629e+00 3.290489e+00 -1.512926e-01 -4.232869e-01 1.349033e+00 6.244679e-01 2.719546e-01 2.083764e+00 -4.745265e-01 -6.290360e-01 1.476316e+00 9.577078e-01 1.968927e+00 1.570159e+00 5.925668e-01 -1.073394e-02 2.008339e-01 1.065747e-01 3.897740e-01 1.556729e-01 5.446985e-01 -4.056750e-01 -1.783217e-01 -7.405064e-01 -4.494294e-01 1.737736e-01 7.575950e-01 6.452675e-01 1.057816e-02 
-4.517770e+00 1.655172e+00 -8.868320e+00 5.109749e+00 3.535818e+00 1.050639e+01 3.016082e+00 -7.602390e-01 -6.655536e+00 2.890384e+00 4.657849e+00 2.978795e+00 -1.512926e-01 -1.858927e-01 1.283663e+00 1.041822e+00 -7.038112e-01 1.454775e+00 -6.441404e-01 -3.063466e-01 4.123263e-02 -1.890118e-01 1.464347e+00 3.128340e+00 1.899699e+00 8.056163e-07 1.603741e-01 -1.305786e-01 3.307975e-01 5.144168e-02 -5.399635e-01 -7.155479e-01 -5.185635e-02 -1.293816e-01 -8.923866e-02 -6.435350e-01 -2.124189e-01 1.363242e-01 6.557041e-03 
-4.098387e+00 1.985537e+00 -8.837745e+00 5.645616e+00 5.889076e+00 3.184717e+00 6.342862e+00 4.874167e+00 -2.743851e+00 3.643141e+00 9.673666e+00 8.363727e+00 -1.512926e-01 -2.394377e-01 9.067293e-01 7.599549e-01 -7.302544e-02 8.412389e-01 -9.827445e-01 -1.215218e-01 7.423750e-01 5.260917e-01 7.235008e-01 1.254508e+00 5.828266e-01 8.056163e-07 5.645234e-02 -1.765810e-01 2.560970e-01 2.612070e-01 -1.199888e+00 -1.711113e-01 -9.369884e-02 -2.134865e-01 -1.366677e-01 -9.028459e-01 -1.394071e+00 -7.667486e-01 2.147404e-03 
-4.502664e+00 3.225113e+00 -5.817851e+00 7.629656e-01 1.778840e+00 6.707450e+00 5.536625e+00 1.248681e+00 -6.988689e+00 3.041562e+00 1.199366e+01 8.078233e+00 -1.512926e-01 -9.443475e-02 7.178804e-01 1.653488e+00 3.527667e-01 -1.586895e+00 -2.023396e+00 -4.735075e-01 1.554576e+00 1.019258e+00 -1.136387e+00 -1.134088e+00 -3.576163e-01 8.056163e-07 -8.959048e-03 -2.687611e-01 -1.010580e-01 5.197004e-01 -8.976744e-01 7.878201e-02 -1.874308e-02 -2.168187e-02 2.255485e-01 -4.785838e-01 -1.671325e+00 -1.181875e+00 -7.556551e-07 
-5.656508e+00 3.521400e+00 -5.378038e+00 4.346700e+00 8.064713e-01 2.041693e+00 1.914723e+00 5.986864e+00 -3.184865e+00 1.989582e+00 5.611866e+00 3.654886e+00 -1.512926e-01 -1.867093e-01 7.489729e-01 1.599157e+00 1.049594e+00 -2.394742e+00 -6.402949e-01 -1.014195e+00 -3.476706e-01 -3.299894e-01 -1.245029e+00 -3.269152e+00 -2.112453e+00 8.056163e-07 -3.815592e-02 -2.484762e-01 -3.676101e-01 1.379164e-01 -3.202270e-02 5.991231e-01 2.654251e-01 -3.348258e-01 1.220213e-02 1.169280e-01 -6.385694e-01 -7.078277e-01 -7.556551e-07 
-4.210966e+00 4.476522e+00 -2.330862e+00 7.523316e+00 -1.858013e+00 9.607417e-01 2.863656e+00 6.456295e+00 -1.339117e+00 -1.964938e+00 1.018612e+00 3.545266e+00 -1.512926e-01 -2.570527e-01 1.868039e-02 1.169704e-01 1.333425e+00 -1.415533e+00 -4.213143e-01 4.628535e-02 4.777892e-01 1.366338e+00 5.571907e-02 -2.966380e+00 -2.662028e+00 8.056163e-07 -9.897551e-02 -2.854533e-01 -6.124693e-01 -2.092853e-01 1.024189e+00 7.940891e-01 2.641987e-01 -5.400929e-01 -4.383504e-02 5.953419e-01 5.862408e-01 1.545454e-02 -7.556551e-07 
-5.177419e+00 5.104593e+00 -2.585812e+00 7.513473e+00 -4.266461e+00 2.856355e+00 2.608748e+00 5.316198e-01 -7.217812e+00 -7.873692e-02 -1.184300e+00 6.784268e-02 -1.512926e-01 -3.490939e-01 1.383811e-02 -3.097795e-01 1.261354e-01 5.955185e-01 1.211739e+00 9.456367e-01 -3.935294e-01 4.134629e-01 7.120548e-01 -1.021968e+00 -1.803976e+00 8.056163e-07 8.281833e-03 -1.187932e-01 -3.614630e-01 -5.094339e-01 1.217291e+00 2.664503e-01 1.048365e-01 -1.476976e-01 -2.569048e-02 3.204233e-01 1.173847e+00 8.255048e-01 -7.556551e-07 
-6.027336e+00 2.526994e+00 -6.629272e+00 5.846812e+00 -2.762105e+00 4.193678e+00 5.420522e+00 6.365279e+00 1.859670e+00 4.354383e+00 5.594312e-01 -3.438190e+00 -1.512926e-01 -5.082121e-01 -3.418147e-01 -4.543898e-01 -2.320154e-01 2.038934e+00 1.021027e+00 -1.325079e-01 -1.122985e+00 4.282758e-01 8.618073e-01 6.735834e-01 -4.346210e-01 8.056163e-07 9.305672e-02 1.554687e-01 1.124867e-01 -5.303919e-01 4.665369e-01 -8.884988e-02 -3.560801e-01 -2.987606e-01 -5.235267e-01 -6.735464e-02 8.358220e-01 1.041879e+00 -7.556551e-07 
-6.493477e+00 4.565503e+00 -4.777822e+00 5.815708e+00 4.236219e+00 6.484134e+00 5.364092e+00 4.064860e+00 -2.717046e+00 2.390244e+00 7.314433e-01 -1.873093e+00 -1.512926e-01 -1.977517e-02 3.352127e-01 7.748175e-02 -7.149123e-01 1.964270e+00 -2.929011e-02 -4.006977e-01 -2.856614e-01 1.070638e-02 -4.605541e-02 7.802736e-01 9.013878e-01 8.056163e-07 1.306574e-01 5.176613e-02 8.625017e-02 -1.770480e-01 -7.395539e-01 -6.907183e-01 -5.718575e-01 -1.523406e-02 -1.524493e-01 -2.952123e-01 1.741924e-01 5.760715e-01 -7.556551e-07 
-6.093876e+00 3.036739e+00 -3.506833e+00 7.212269e+00 4.085443e+00 4.252079e+00 8.237417e-01 -9.254624e-01 -1.447615e+00 1.109538e+00 3.428228e+00 2.342758e+00 -1.512926e-01 4.368547e-02 6.353067e-01 4.857129e-01 -8.979859e-01 2.325990e-01 -2.450489e-01 -1.061156e+00 -1.069848e+00 -1.049690e+00 9.806947e-02 3.115946e-01 1.194624e+00 8.056163e-07 1.019804e-01 -2.959239e-02 -4.506597e-02 2.214526e-02 -1.207428e+00 -5.012796e-01 -9.593525e-02 3.651159e-01 2.793914e-01 -4.271495e-02 -5.644400e-02 -4.098441e-02 -7.556551e-07 
-5.242880e+00 6.525444e+00 -3.759902e+00 3.256066e+00 2.131032e+00 2.680420e+00 2.903871e+00 2.748812e+00 -5.510559e+00 1.313589e+00 1.282171e+00 1.684135e+00 -1.512926e-01 2.840359e-02 -2.159154e-01 -3.487235e-01 -4.260021e-01 -2.198900e+00 -1.608715e+00 -1.449331e+00 -4.962135e-01 3.899666e-01 -3.820924e-01 2.990752e-02 2.618591e-01 8.056163e-07 6.628571e-02 -1.622984e-01 -6.470995e-02 4.604748e-01 -8.161374e-01 -2.585545e-01 1.628389e-01 1.203117e-01 4.051375e-01 2.002355e-01 1.408795e-01 -2.565643e-01 -7.556551e-07 
-6.434131e+00 4.723586e+00 -4.709616e+00 2.636335e+00 -5.465382e-01 4.869870e+00 1.344585e+00 1.674245e+00 -1.991383e+00 5.383255e+00 1.842054e+00 7.559791e-01 -1.512926e-01 -2.234160e-02 -2.142588e-01 -4.665087e-01 -2.656950e-01 -1.916613e+00 -6.957936e-01 -8.791727e-02 8.078734e-01 1.635524e+00 8.162138e-01 7.666374e-01 -3.196869e-01 8.056163e-07 9.708537e-02 5.408816e-02 1.842027e-01 5.537245e-01 8.234836e-02 -1.543999e-01 4.176452e-01 2.911078e-01 2.750874e-01 4.094905e-02 3.051560e-01 5.839182e-02 8.426440e-04 
-6.181637e+00 2.642479e+00 -5.919926e+00 5.973593e+00 -4.442272e+00 -1.868537e+00 -2.143053e+00 2.839896e-01 -4.947444e-01 -1.657490e+00 1.673896e+00 2.295623e-01 -1.512926e-01 3.445402e-01 -5.166012e-02 2.301259e-01 1.271428e+00 -1.041903e+00 -1.096652e+00 -7.305374e-02 -6.229236e-01 6.938856e-01 5.960681e-01 1.257159e+00 3.757619e-01 8.056163e-07 1.378989e-04 3.452176e-01 3.916003e-01 2.101709e-01 9.408985e-01 2.706821e-01 4.929616e-01 2.431743e-01 -7.328831e-02 1.172053e-01 2.414569e-01 5.059323e-01 2.454978e-03 
-5.736357e+00 3.907140e+00 -4.759477e+00 4.525453e+00 -2.210774e+00 3.047348e+00 2.907763e+00 4.346108e+00 4.222381e+00 6.676102e+00 7.065538e+00 1.471521e+00 -1.512926e-01 3.711377e-01 8.235185e-01 1.117259e+00 1.021842e+00 6.582743e-02 -1.273125e+00 3.388169e-01 4.490775e-01 1.739032e-01 -1.862696e-01 1.223700e+00 1.429535e+00 4.213763e-03 -1.083757e-01 2.991276e-01 3.481697e-01 4.537631e-03 7.539331e-01 4.276481e-01 1.708467e-01 2.116438e-01 -1.696655e-01 -2.194314e-01 -3.206595e-01 3.719085e-01 3.290283e-03 
-3.868913e+00 6.675480e+00 -2.584401e+00 8.668678e+00 -2.246619e+00 -1.892044e+00 1.756459e+00 -1.701972e+00 -5.148047e+00 3.647841e+00 4.956100e+00 3.204962e+00 -1.512926e-01 -1.678111e-01 9.913418e-01 8.172815e-01 -1.893121e-02 1.514292e+00 3.327579e-02 8.021713e-01 8.989930e-01 7.544140e-01 7.051871e-01 1.008679e+00 1.917002e+00 1.017001e-02 -1.786388e-01 2.214978e-03 3.279720e-02 -3.784749e-01 3.892521e-01 9.622392e-01 2.466681e-01 4.795468e-01 1.684142e-01 -6.323482e-02 -7.359540e-01 -4.182865e-01 1.304005e-03 
-5.734918e+00 6.824570e+00 -7.908100e-01 6.398035e+00 -1.315785e+00 -1.483978e+00 1.089028e+00 4.912706e+00 1.205488e+00 1.799631e+00 6.319670e+00 6.415864e+00 -1.302287e-01 -3.081478e-01 7.599317e-01 9.806829e-01 4.021571e-01 5.748633e-01 8.773957e-01 3.289079e-01 1.105059e+00 7.569680e-01 -3.354498e-01 -7.125041e-01 7.691505e-01 1.136334e-02 -4.453894e-03 -2.970635e-01 -2.138437e-01 -2.216441e-01 -2.592934e-02 1.010862e+00 2.358468e-01 -4.534746e-02 -1.202954e-01 8.317719e-02 -9.080532e-01 -1.148022e+00 -2.799677e-03 
-7.021124e+00 6.140650e+00 -3.817760e+00 4.942807e+00 2.681795e+00 5.633277e-01 2.776741e+00 4.495753e+00 4.785933e+00 4.306602e+00 7.090593e+00 7.342815e+00 -1.109743e-01 -2.091072e-01 -8.589303e-03 4.624282e-01 -3.112282e-01 6.498340e-01 2.639322e+00 1.165359e+00 1.446707e+00 1.244515e+00 3.544610e-01 -1.454411e+00 -1.385606e+00 2.942612e-03 2.002707e-01 -3.320691e-01 -1.643552e-01 -2.944919e-02 -3.200764e-01 4.543344e-01 1.147922e-01 -3.346486e-01 -5.366077e-01 -9.353925e-02 -6.937540e-01 -1.213296e+00 -5.718390e-03 
-5.700749e+00 7.973746e+00 7.605311e-01 8.398973e+00 -1.800547e+00 6.206826e+00 4.042202e+00 6.772392e+00 3.039748e+00 4.669272e+00 2.436146e+00 3.248629e+00 -1.146284e-01 3.696212e-01 -1.617583e-01 2.254962e-01 5.971709e-02 3.684644e-01 2.478230e+00 1.336397e+00 -5.158174e-02 -6.724728e-01 4.049191e-01 -2.085082e+00 -2.659278e+00 -6.168168e-03 2.309838e-01 -2.136020e-01 -1.304571e-01 -4.776410e-02 -1.748002e-01 1.193653e-02 7.937033e-02 -4.244574e-01 -6.400740e-01 -8.171861e-03 -2.441886e-01 -7.458508e-01 -5.464237e-03 
-4.931759e+00 6.057822e+00 -1.048113e+00 6.111793e+00 1.244578e+00 7.459304e+00 6.106115e+00 4.601529e+00 1.575220e-01 3.985054e+00 -3.733854e-01 -2.139313e+00 -1.443708e-01 4.947926e-01 -2.082697e-01 3.729659e-01 5.152480e-03 1.717296e-02 1.504406e+00 8.723962e-01 -1.959375e-01 -1.213908e+00 -1.326639e-01 -1.773723e+00 -2.435254e+00 -9.654754e-03 1.533132e-01 -4.457603e-02 -3.105388e-03 5.780723e-02 -1.616491e-01 -3.243636e-01 -1.049530e-01 -3.429741e-01 -5.458910e-01 -1.511771e-01 -3.276306e-02 -1.875172e-01 -2.867667e-03 
