-1.046964e+01 3.662065e+00 -6.937223e+00 3.682764e+00 -4.821401e+00 3.555452e+00 6.364149e+00 9.902558e+00 5.746475e+00 8.568795e+00 8.729007e+00 6.150468e+00 -1.512926e-01 1.413102e-01 4.068660e-01 4.808963e-01 4.039304e-01 -1.271902e+00 -1.444502e+00 -1.898468e+00 -1.099563e+00 6.956438e-01 1.030842e+00 -5.031831e-01 -1.354965e+00 -2.268855e-06 -8.997069e-02 -2.181589e-02 -7.107589e-02 5.789564e-02 4.181346e-01 7.042261e-01 2.697934e-01 2.478194e-01 -3.506327e-01 -6.788190e-01 -3.277684e-01 -1.670079e-01 -3.529824e-07 
-1.022965e+01 5.367724e+00 -5.137064e+00 5.045816e+00 -5.433805e+00 -6.789457e-01 1.824351e+00 8.310740e+00 7.694411e+00 1.102507e+01 4.242023e+00 3.243992e-01 -1.512926e-01 -1.076159e-01 8.172995e-03 2.624153e-01 6.260370e-01 -4.688507e-01 7.149278e-01 -7.433423e-01 -4.824232e-01 4.325550e-01 6.510862e-01 -9.311267e-01 -2.533267e+00 -2.268855e-06 -8.843848e-02 -7.455758e-04 -1.132842e-01 -4.117625e-02 7.227240e-01 7.394950e-01 4.529893e-01 3.176711e-01 -2.999769e-01 -1.052191e+00 -3.553890e-01 2.341178e-01 -3.529824e-07 
-9.882599e+00 4.843676e+00 -5.432847e+00 5.021137e+00 -1.087491e+01 -1.550139e+00 -8.574759e-01 5.200494e+00 8.250868e+00 1.249441e+01 8.456904e+00 2.288045e+00 -1.512926e-01 -1.841397e-01 4.970846e-01 2.348468e-01 5.825115e-01 4.170680e-01 9.966571e-01 -1.126813e+00 -1.689789e-01 -9.261266e-01 -2.173320e+00 -1.928229e+00 -1.600959e+00 -2.268855e-06 -6.904659e-02 -5.134014e-03 -1.070425e-01 -1.514788e-01 9.099864e-01 4.073107e-01 5.606205e-01 4.151935e-01 -1.874775e-01 -8.384752e-01 -1.742105e-01 5.061552e-01 -3.529824e-07 
-1.130097e+01 3.112358e+00 -6.377595e+00 6.143840e+00 -4.138953e+00 9.682985e+00 6.259021e+00 9.841534e+00 6.657715e+00 9.861175e+00 4.209931e+00 -4.585082e+00 -1.512926e-01 -1.380464e-01 3.579908e-01 3.759355e-02 1.088983e-01 1.497278e+00 1.032177e+00 -1.931121e-02 2.353021e-02 6.776172e-03 -2.627924e+00 -1.567708e+00 -6.139131e-02 -2.268855e-06 4.917213e-02 -2.033370e-02 -6.858791e-02 -1.716728e-01 5.444278e-01 -3.672815e-01 2.368360e-01 1.893445e-01 2.543625e-01 9.358866e-02 3.290687e-01 9.173180e-01 -3.529824e-07 
-1.085447e+01 7.275175e+00 -5.143081e+00 6.046556e+00 -3.383055e+00 3.357947e+00 -1.487527e+00 8.292394e+00 1.634090e+00 -1.716119e+00 -8.958374e-01 6.007316e-01 -1.512926e-01 -1.887266e-01 2.061574e-01 5.799430e-02 -9.471860e-02 2.294991e+00 4.334685e-01 5.427492e-01 7.233501e-01 -2.888861e-02 -1.521976e+00 -1.056042e+00 -6.018742e-02 -2.268855e-06 7.397459e-02 -2.480094e-01 5.134846e-03 -2.494434e-01 -1.603889e-01 -3.482274e-01 6.070133e-01 1.568531e-01 3.085145e-01 1.518872e+00 8.710375e-01 3.330948e-01 -3.529824e-07 
-1.043417e+01 5.941786e+00 -5.094015e+00 5.077290e+00 -1.693229e+00 2.028151e+00 2.043189e+00 6.882452e+00 1.103585e+01 4.990983e+00 1.079394e+00 8.616714e-01 -1.512926e-01 1.406390e-01 5.192025e-02 7.681642e-03 1.062569e-01 1.314196e+00 -8.397159e-01 -3.938528e-01 1.810047e-02 1.255776e+00 7.933110e-01 2.783177e-01 1.282846e+00 -2.268855e-06 7.924153e-02 -1.221397e-01 1.466441e-01 -6.891005e-02 -8.348919e-01 -2.754182e-01 4.752578e-01 4.207260e-02 -3.790683e-01 1.662384e+00 7.463012e-01 -3.238975e-01 -3.529824e-07 
-1.125986e+01 4.459663e+00 -5.784640e+00 5.080152e+00 -6.226164e-01 4.444975e+00 3.964092e+00 1.029662e+01 5.917121e+00 7.319715e+00 4.741933e+00 -7.358522e-01 -1.512926e-01 4.643864e-02 -5.898665e-01 2.752347e-01 -6.634219e-01 -2.933750e-01 1.914460e-01 2.095237e+00 6.179637e-01 -8.124867e-03 3.710328e+00 1.504062e+00 -6.075537e-01 -2.268855e-06 1.081618e-01 7.496224e-02 1.950069e-01 1.669327e-01 -9.640030e-01 -1.238058e-01 1.953423e-01 -2.797080e-01 -4.292580e-01 9.112217e-01 3.798195e-01 -2.231281e-01 -3.529824e-07 
-1.039538e+01 4.779746e+00 -6.018396e+00 7.157813e+00 1.052130e+00 4.940983e+00 1.564035e+00 8.929360e+00 1.079573e+01 9.309584e+00 2.782522e+00 2.497676e+00 -1.512926e-01 1.404152e-01 1.453439e-01 6.620219e-01 4.860565e-02 -1.382926e+00 -2.238550e-01 1.580552e+00 2.866260e-01 -1.899335e+00 3.067928e+00 8.837808e-01 -1.407234e+00 -2.268855e-06 1.618197e-02 2.178335e-01 9.841224e-02 2.476560e-01 -6.128755e-01 7.727143e-02 -1.199802e-01 -3.201536e-01 -4.387366e-01 -4.635777e-01 -1.964010e-01 -2.063350e-02 -3.529824e-07 
-1.064167e+01 4.906735e+00 -3.304039e+00 1.689154e+00 -6.222779e+00 2.858572e+00 9.228340e+00 1.035845e+01 1.714355e+00 1.467630e+01 5.772488e+00 -3.255095e+00 -1.512926e-01 3.521982e-01 5.343419e-01 7.058560e-01 7.686722e-01 -1.176358e+00 -4.934292e-01 5.323315e-01 -8.095652e-01 -5.975709e-01 1.897054e+00 5.402998e-01 1.693532e-01 -2.268855e-06 -1.915437e-02 1.963273e-01 -3.430949e-01 3.691364e-01 1.690066e-01 -1.661088e-02 -7.250164e-01 -4.216772e-01 2.117868e-01 -1.521431e+00 -4.509906e-01 6.706920e-01 -3.529824e-07 
-1.004104e+01 6.444960e+00 -3.023531e+00 7.015821e+00 -5.807862e+00 1.701968e+00 7.313873e+00 8.284416e+00 3.641382e+00 1.665205e+01 4.983300e+00 -4.914921e+00 -1.512926e-01 6.859026e-02 5.790507e-01 2.844702e-01 6.284487e-01 -1.308599e+00 -1.108121e-01 -2.120389e-01 -8.689222e-01 -6.430069e-01 -6.179118e-01 -2.219377e-01 7.912600e-01 -2.268855e-06 -4.357379e-02 -5.291277e-02 -5.192177e-01 -1.918957e-02 6.315692e-01 2.181272e-02 -4.624703e-01 -2.251861e-01 1.927520e-01 -1.454855e+00 -1.301429e-01 5.662185e-01 -3.529824e-07 
-9.675760e+00 6.298400e+00 -3.752112e+00 8.994767e+00 -3.074178e+00 3.597721e+00 3.750261e+00 6.571348e+00 6.507303e+00 1.313354e+01 6.342910e+00 3.817035e+00 -1.512926e-01 -1.319175e-02 1.749093e-01 -1.251375e+00 8.923583e-01 5.144804e-01 5.193188e-02 -6.334602e-01 -9.127304e-01 4.227839e-01 -2.053880e+00 -1.980807e-01 1.646720e+00 -2.268855e-06 2.187983e-02 -8.255652e-02 -3.746530e-01 -4.998912e-01 6.086845e-01 -1.132693e-01 -7.343899e-02 4.655584e-02 3.270445e-02 -5.180585e-01 -2.477749e-02 -3.353684e-01 -3.529824e-07 
-1.053527e+01 6.979011e+00 -4.371915e+00 6.647429e+00 -7.065260e+00 4.017420e+00 3.241787e+00 6.478017e+00 5.184622e+00 6.991678e+00 1.387656e+00 2.917672e+00 -1.512926e-01 1.052859e-01 6.057356e-02 -9.552889e-01 -1.091888e-01 9.294837e-01 -3.876794e-01 -1.487885e-01 -7.878463e-01 -1.445709e+00 -2.231018e+00 6.023871e-01 6.852178e-01 -2.268855e-06 2.018174e-01 9.716925e-03 1.543595e-02 -5.705439e-01 2.846259e-01 -1.917569e-01 4.013056e-02 2.003357e-01 1.064351e-01 5.569912e-01 3.239553e-02 -8.150783e-01 -3.529824e-07 
-1.046035e+01 5.514284e+00 -8.887357e+00 6.335189e+00 -3.021644e+00 1.960446e+00 8.096967e+00 6.697784e+00 3.055922e+00 9.237576e+00 6.580209e+00 1.062141e+00 -1.512926e-01 4.431541e-01 3.807458e-01 -5.474117e-01 -1.362013e+00 7.480031e-01 -9.214255e-01 1.334819e-01 -6.174263e-01 -3.255280e-02 1.131800e-01 4.184852e-03 -1.454386e+00 -2.268855e-06 1.923848e-01 2.078974e-02 4.719146e-01 -3.267922e-01 -4.541765e-01 -1.869295e-02 -1.057284e-01 2.394314e-01 -6.169252e-02 5.853359e-01 -3.905282e-01 -7.446194e-01 -3.529824e-07 
-9.122203e+00 7.139923e+00 -5.232418e+00 7.799817e+00 -1.186865e+00 5.820220e-01 4.396760e+00 4.281939e+00 -1.861808e+00 7.445375e+00 7.876539e+00 -1.117222e-01 -1.512926e-01 8.494911e-01 5.246471e-01 9.611443e-03 -1.097184e+00 -2.072059e-03 -5.831072e-01 -3.948450e-01 -1.484821e-02 1.167019e-01 1.083641e+00 -1.610357e-01 -1.733487e+00 -2.268855e-06 -1.882050e-06 -4.759433e-02 3.012044e-01 1.075634e-01 -6.487397e-01 3.440284e-01 -2.627958e-01 2.187989e-01 4.123124e-01 5.041418e-02 -5.847598e-01 1.405824e-02 -3.529824e-07 
-8.166570e+00 8.121916e+00 -6.059593e+00 1.608680e+00 -2.273529e+00 7.080814e-01 3.840370e+00 4.582274e+00 9.867628e+00 1.347287e+01 3.119712e+00 -1.940500e+00 -1.512926e-01 5.767351e-01 4.671225e-02 6.257693e-01 -2.476897e-01 -1.290451e+00 5.625371e-02 -1.039007e+00 -1.019709e-01 -6.669462e-01 -7.845145e-01 -1.769084e+00 -8.670911e-01 -2.268855e-06 -1.715603e-01 -7.488402e-02 2.012051e-01 6.728373e-01 -3.195150e-01 5.241588e-01 -2.648742e-01 1.370883e-01 1.197206e-01 -9.242982e-01 -1.381837e-01 6.622879e-01 4.775874e-03 
-7.435012e+00 8.298484e+00 -5.737888e+00 3.524320e+00 -7.450019e+00 1.728152e+00 3.396975e+00 7.461586e+00 2.361868e+00 1.029228e+01 2.312444e+00 -4.248645e+00 -1.512926e-01 3.860725e-02 -1.049571e-02 -3.587672e-02 -1.285973e-01 -1.294988e+00 8.436373e-01 -8.765402e-01 4.858107e-02 9.333277e-01 -1.530062e+00 -1.434642e+00 4.617969e-01 -2.268855e-06 9.518597e-02 3.184479e-01 4.557210e-01 6.210606e-01 1.342098e-01 3.083809e-01 -2.303579e-01 -4.267502e-02 5.806730e-01 -8.917465e-01 1.265874e-01 4.485613e-01 2.957233e-02 
-8.420146e+00 5.168977e+00 -5.505520e+00 7.234353e+00 -6.342439e+00 1.668676e+00 3.401981e+00 4.598228e+00 -2.390611e+00 3.891096e+00 5.166562e-01 -1.204958e+00 -1.512926e-01 -9.052305e-03 2.739416e-01 4.813099e-01 1.517909e+00 -2.030351e-01 9.859876e-01 -9.499602e-01 3.636415e-02 1.577408e-01 -3.201356e+00 -4.975263e-02 7.594573e-01 2.388355e-02 9.142899e-01 6.126767e-01 8.527937e-01 1.482678e-01 1.659752e-01 -1.036161e-01 -7.804651e-01 -2.376717e-01 1.226690e+00 -2.351894e-01 3.249995e-02 -9.523468e-02 5.649076e-02 
-8.802333e+00 8.564204e+00 -5.688822e+00 4.344082e+00 -5.627400e+00 4.319664e+00 2.338491e-01 4.516862e+00 8.933455e+00 4.585762e+00 2.004633e+00 1.829568e+00 -1.512926e-01 1.618421e+00 2.003320e+00 2.360384e+00 1.125375e+00 1.252312e-01 4.938391e-01 -1.591146e+00 -2.974417e-01 2.607374e+00 -2.166704e+00 -3.878992e-01 -3.040744e-01 1.359223e-01 1.507299e+00 3.465223e-01 1.233411e+00 -2.622558e-01 -1.433108e-01 -4.944769e-01 -1.661854e+00 -4.423579e-01 1.078452e+00 6.834657e-02 -9.083226e-01 -6.903713e-01 6.630757e-02 
-7.528487e+00 9.358758e+00 -3.677125e+00 8.788038e+00 -4.200242e+00 4.342855e+00 6.715233e-01 6.236312e+00 7.370654e+00 3.194024e-01 3.024793e+00 -1.182235e+00 -3.188379e-02 4.358398e+00 2.103234e+00 3.691533e+00 -1.334207e-01 -1.170753e+00 -2.869267e-01 -4.583758e+00 -1.117210e+00 4.629518e+00 -1.642273e+00 -2.130050e+00 -9.603922e-01 2.144888e-01 1.227625e+00 -2.110419e-01 9.109775e-01 -9.523846e-01 -2.618761e-01 -5.500618e-01 -2.134466e+00 -5.542460e-01 1.032380e+00 4.862608e-01 -1.635908e+00 -5.911553e-01 4.208655e-02 
2.110433e-01 1.622010e+01 5.149628e+00 8.374223e+00 -7.894608e+00 2.860442e+00 -3.193884e+00 5.155025e+00 1.051784e+01 1.244212e+00 -8.809215e-01 -5.780201e+00 4.686072e-01 5.391357e+00 8.074819e-01 4.526034e+00 -6.141542e-01 -1.527710e+00 -9.921955e-01 -7.368760e+00 -1.586512e+00 4.089661e+00 -1.967884e+00 -4.936133e+00 -2.130267e+00 2.362339e-01 -1.336074e-02 -9.513220e-01 2.866152e-02 -9.408903e-01 1.742154e-01 -3.501833e-01 -1.391365e+00 -3.320124e-01 9.617962e-02 3.811906e-01 -1.181552e+00 -1.162250e-01 -1.297313e-02 
8.864773e+00 1.185723e+01 7.533022e+00 4.552242e+00 -1.106218e+01 9.635667e-01 -1.780376e+01 -1.307172e+00 1.996412e+01 -2.649400e+00 -8.690994e+00 -2.201807e+00 6.112055e-01 4.242606e+00 -1.834015e-01 3.953297e+00 -2.374240e+00 -6.858268e-01 -1.021098e+00 -8.733480e+00 -2.090491e+00 4.578708e+00 -8.695309e-01 -5.955166e+00 -1.283334e+00 1.841642e-01 -1.339479e+00 -9.128141e-01 -5.926349e-01 -4.745828e-01 6.927518e-01 -8.954634e-02 6.215621e-01 1.007403e-01 -8.184999e-01 4.571798e-01 1.196953e-01 1.354196e-01 -4.614058e-02 
9.957966e+00 1.135232e+01 1.133608e+01 3.391627e+00 -9.834941e+00 1.048105e+00 -2.737324e+01 3.560401e-01 2.308500e+01 -3.769525e+00 -1.681837e+01 -8.311904e+00 7.083383e-01 1.609583e+00 -1.609995e+00 2.372790e+00 -2.458765e+00 7.540080e-01 -8.899572e-01 -6.473084e+00 -1.470760e+00 3.113765e+00 -6.471898e-01 -4.382977e+00 -7.238289e-01 8.622012e-02 -1.630549e+00 -5.744394e-01 -8.744749e-01 -4.549977e-02 6.327647e-01 4.957362e-02 2.289475e+00 3.214312e-01 -1.217609e+00 4.788985e-01 1.425746e+00 5.106958e-01 -5.154081e-02 
8.811074e+00 1.087567e+01 1.299645e+01 -5.920171e-01 -6.659585e+00 1.432457e-01 -3.090610e+01 -1.816506e+00 2.398072e+01 -1.521745e+00 -1.878230e+01 -6.332865e+00 7.690704e-01 -4.481691e-01 -1.252084e+00 1.805015e+00 -1.584119e+00 1.152198e+00 -7.859631e-01 -1.923768e+00 -6.714770e-01 1.024688e+00 -1.679461e-02 -1.808204e+00 -9.864764e-01 5.879402e-02 -1.073786e+00 -2.686437e-01 -6.382478e-01 4.321438e-01 1.787838e-01 2.439954e-02 2.730021e+00 5.503655e-01 -1.401042e+00 1.683157e-01 1.785806e+00 3.734424e-01 -3.557030e-02 
8.286023e+00 8.660751e+00 1.428142e+01 -1.347400e+00 -6.326387e+00 -1.179069e+00 -2.900737e+01 -1.944537e+00 2.407785e+01 -2.555743e+00 -1.775039e+01 -7.333746e+00 8.207726e-01 -4.160605e-01 -1.530352e+00 1.227867e+00 -1.236834e+00 7.170447e-01 -8.618653e-01 6.734667e-01 -6.890002e-01 -2.213807e-01 1.106585e-04 1.191725e-01 2.746932e-01 4.121432e-02 -3.175980e-01 7.400318e-02 -3.375952e-01 4.251313e-01 -2.186256e-01 8.184647e-03 1.896807e+00 4.337049e-01 -9.694573e-01 -6.953829e-02 1.396873e+00 3.740796e-01 -1.650136e-02 
7.459996e+00 6.942045e+00 1.508499e+01 -9.990370e-01 -7.056018e+00 -1.852757e+00 -2.660516e+01 -3.514418e+00 2.459114e+01 -3.340771e+00 -1.726630e+01 -7.623271e+00 8.489515e-01 -1.135453e-01 -1.566408e+00 1.334420e+00 -8.244320e-01 2.263799e-01 -9.131870e-01 1.343425e+00 2.704602e-01 -7.590395e-01 -3.517150e-01 7.228574e-01 8.457971e-02 2.881781e-02 5.486999e-02 -2.948839e-02 -7.000545e-01 -4.913786e-02 1.278908e-01 -2.014409e-02 1.483948e+00 2.511457e-01 -1.130282e+00 -5.470869e-01 9.306646e-01 7.169742e-01 -1.069471e-02 
8.553189e+00 5.666932e+00 1.643106e+01 -2.588846e+00 -6.051073e+00 -2.263478e+00 -2.615605e+01 -2.239687e+00 2.167261e+01 -2.859306e+00 -1.698109e+01 -6.292918e+00 8.744600e-01 -1.456540e-01 -1.082864e+00 9.200639e-01 -7.129193e-01 1.236299e-01 -7.852879e-01 1.377406e+00 2.268988e-01 -8.416059e-01 -8.275127e-01 1.336026e+00 6.110786e-01 1.870036e-02 -7.574996e-02 -1.793347e-01 -1.266572e+00 -3.292176e-01 8.210517e-01 -2.381302e-01 1.749686e+00 1.476456e-01 -1.721292e+00 -6.554175e-01 6.792077e-01 8.065912e-01 -6.258362e-03 
8.109680e+00 4.540554e+00 1.859412e+01 -4.093533e+00 -5.664855e+00 -3.880180e+00 -2.561468e+01 -3.164241e-01 2.138797e+01 -3.128042e+00 -1.555323e+01 -6.429985e+00 8.863183e-01 -3.091062e-01 -1.623295e+00 -1.541397e+00 -2.091611e+00 2.088424e+00 -9.249370e-01 5.144154e+00 1.263251e-01 -4.316724e+00 -2.338330e+00 2.236812e+00 2.430248e+00 1.657619e-02 -1.321062e-01 -4.008781e-01 -1.627067e+00 -3.060710e-01 1.264999e+00 -2.339661e-01 1.779081e+00 1.626861e-01 -2.095539e+00 -2.053722e-01 5.308712e-01 7.687529e-01 -2.341711e-03 
7.232938e+00 4.447486e+00 1.712724e+01 -3.364974e+00 -6.403242e+00 -4.091526e+00 -2.261532e+01 -2.409199e+00 2.147093e+01 -6.799511e+00 -1.192685e+01 -4.874974e+00 8.955941e-01 -6.969834e-01 -2.398647e+00 -3.666934e+00 -2.249176e+00 3.891487e+00 -2.046587e+00 7.521625e+00 1.213890e-01 -7.049232e+00 -2.283571e+00 2.758108e+00 3.134822e+00 1.603962e-02 -5.247969e-02 -4.658038e-01 -1.255747e+00 9.338015e-02 9.747553e-01 9.847066e-02 8.797287e-01 4.141812e-01 -1.505772e+00 5.143952e-01 2.265749e-01 8.280444e-02 -8.307378e-05 
6.574967e+00 -5.642468e-01 7.029866e+00 -1.106902e+01 3.562062e+00 -5.563466e+00 -2.655373e+00 -2.798479e+00 3.108532e+00 -1.306233e+01 -8.609182e+00 3.818868e+00 9.212784e-01 -4.985138e-01 -2.912878e+00 -4.507363e+00 -1.586531e+00 4.667583e+00 -1.452471e+00 7.166678e+00 1.136628e+00 -8.132855e+00 -6.504974e-01 2.666089e+00 2.666511e+00 1.843484e-02 6.995257e-02 -5.785340e-02 -1.009753e-01 8.366039e-01 -2.727207e-01 7.461829e-01 -1.107367e+00 3.603823e-01 5.904623e-01 1.100222e+00 -1.988028e-01 -1.029283e+00 -6.225573e-04 
5.835785e+00 -3.773774e+00 3.878546e+00 -1.034726e+01 8.792545e+00 -1.165471e+01 -2.789729e-02 -3.922059e-01 -4.432976e+00 -9.309909e+00 -6.662427e+00 4.256822e+00 9.371773e-01 -3.134694e-01 -2.767054e+00 -3.875767e+00 -4.983923e-01 3.707738e+00 -2.923751e-02 4.764651e+00 1.792639e+00 -6.462473e+00 9.005002e-01 2.254148e+00 9.070336e-01 1.735616e-02 2.029666e-01 3.870354e-01 7.073124e-01 9.329867e-01 -1.280419e+00 1.364683e+00 -2.043908e+00 -5.270204e-02 2.104077e+00 8.421741e-01 -5.136982e-01 -1.446221e+00 -2.066575e-03 
6.315756e+00 -5.913458e+00 2.681988e+00 -8.535342e+00 1.007475e+01 -7.360840e+00 -1.075598e+00 4.358119e+00 -6.324255e+00 -5.125442e+00 -4.854887e+00 2.336788e+00 9.576966e-01 -1.511360e-01 -1.728337e+00 -1.941968e+00 1.215986e+00 8.165921e-01 1.797411e+00 9.857501e-01 1.092449e+00 -1.657499e+00 1.570831e+00 1.494875e+00 -1.602364e+00 1.280912e-02 2.189589e-01 6.168326e-01 9.153424e-01 5.218305e-01 -1.413330e+00 9.998797e-01 -1.816323e+00 -7.220058e-01 2.484928e+00 2.409919e-01 -6.011546e-01 -1.215407e+00 -3.708403e-03 
5.795346e+00 -6.713231e+00 -7.726878e-02 -7.124006e+00 8.879128e+00 -3.339659e+00 4.183588e-01 2.976098e+00 -6.125279e+00 -6.265804e+00 -2.533878e+00 4.013618e-01 9.641439e-01 1.442191e-01 -1.055703e+00 -1.413065e+00 1.014437e+00 -5.852118e-01 3.152170e+00 3.926845e-01 -1.201112e-01 2.334674e-01 8.165864e-01 7.751649e-01 -1.961824e+00 8.516527e-03 2.228373e-01 5.320573e-01 7.184865e-01 -8.130063e-02 -6.754243e-01 1.214996e-01 -1.068991e+00 -9.383098e-01 1.749020e+00 -4.166682e-02 -5.337479e-01 -5.364292e-01 -3.539365e-03 
5.839431e+00 -7.736104e+00 -7.021634e-01 -6.600746e+00 7.601301e+00 -7.339330e-01 2.050340e+00 9.798443e-01 -4.332477e+00 -6.730327e+00 -3.199219e+00 -2.265209e+00 9.718387e-01 3.675253e-01 -6.843317e-01 -1.162053e+00 2.661186e-01 -2.525419e-01 1.956239e+00 2.711445e-01 -1.517036e+00 9.438317e-01 5.964503e-01 3.996770e-01 -1.976170e+00 4.306914e-03 1.238668e-01 3.341126e-01 3.225923e-01 -5.160781e-01 2.776238e-01 -6.188331e-01 -3.382861e-01 -6.437179e-01 4.700382e-01 -3.435714e-02 -2.925770e-01 1.656106e-01 -2.012627e-03 
6.795064e+00 -8.140992e+00 -1.494622e+00 -6.242011e+00 7.103206e+00 7.926198e-01 3.725889e-01 6.966596e-01 -4.262329e+00 -4.424187e+00 -3.614605e+00 -3.251796e+00 9.726995e-01 5.413821e-01 -6.287262e-01 -6.734002e-01 -4.300606e-01 8.652983e-01 4.985661e-01 -2.229527e-01 -1.594040e+00 9.821835e-01 1.179315e+00 1.331014e-01 -1.588318e+00 3.903101e-03 -9.207746e-02 2.352129e-01 1.625759e-01 -4.015575e-01 6.708918e-01 -8.079227e-01 -2.071244e-01 -2.598950e-01 -1.215938e-01 1.144660e-01 -3.224392e-02 3.354049e-01 -1.873739e-04 
7.653575e+00 -8.621552e+00 -2.419466e+00 -7.645478e+00 9.700207e+00 3.545915e-01 3.039342e-01 -2.087326e+00 -2.536976e+00 -3.063564e+00 -2.316467e+00 -5.717531e+00 9.749658e-01 2.696331e-01 -2.712967e-01 -6.989011e-01 -6.420611e-01 1.479530e+00 3.005261e-02 -3.978215e-01 -1.389190e+00 3.182323e-01 1.217658e+00 3.530003e-01 -9.610944e-01 5.059224e-03 -2.618164e-01 2.354454e-01 1.817540e-03 -5.815398e-02 3.913645e-01 -4.079134e-01 -1.412096e-01 1.246991e-01 -3.249940e-01 -1.994812e-02 1.845436e-01 3.401048e-01 7.800998e-04 
7.595236e+00 -9.414800e+00 -2.585179e+00 -8.751728e+00 1.215663e+01 -1.390788e+00 1.773519e-01 -3.460972e+00 -2.112720e+00 -2.202762e+00 -2.310139e+00 -5.813918e+00 9.820983e-01 -2.671523e-01 -8.613199e-02 -8.317816e-01 -5.391616e-01 1.903207e+00 7.556689e-02 -3.082787e-01 -1.483470e+00 -6.186632e-02 1.078251e+00 6.373576e-01 -7.922496e-01 7.205517e-03 -2.690464e-01 2.473610e-01 -1.105344e-01 2.046317e-01 -1.318684e-01 -5.143819e-02 -5.371487e-03 2.541827e-01 -2.793882e-01 -1.789732e-01 2.628628e-01 2.349144e-01 -2.772879e-04 
6.787108e+00 -8.455856e+00 -3.651666e+00 -8.556444e+00 1.247232e+01 5.079575e-01 1.580427e-01 -3.887344e+00 -3.815140e+00 -1.752829e+00 -2.086400e+00 -5.789730e+00 9.924282e-01 -5.373350e-01 2.215410e-01 -1.073696e+00 3.000106e-02 1.185158e+00 1.282392e-01 -3.921165e-01 -9.488875e-01 -1.593338e-01 5.474495e-01 1.070339e+00 -6.736670e-01 6.563842e-03 -9.834990e-02 1.559885e-01 -1.974495e-02 2.916294e-01 -5.302598e-01 -5.317245e-03 7.420142e-02 3.173819e-01 -5.905095e-02 -1.369557e-01 2.016694e-01 1.103268e-01 -2.375879e-03 
5.892467e+00 -8.654603e+00 -5.037543e+00 -8.482409e+00 1.523324e+01 1.094115e+00 -1.096337e+00 -5.820579e+00 -3.932502e+00 3.118722e-01 -5.428270e-01 -7.176888e+00 9.999999e-01 -4.003977e-01 3.616765e-01 -1.038546e+00 2.570460e-01 3.530160e-01 1.922563e-01 -2.524695e-01 -5.431376e-01 -1.759448e-01 6.197257e-01 1.088714e+00 -5.573918e-01 1.762339e-03 1.131893e-01 3.831443e-02 1.599133e-01 1.560185e-01 -6.477150e-01 -1.089159e-01 1.568919e-01 3.117899e-01 4.637842e-02 -7.279872e-02 1.652283e-02 1.164606e-01 -4.028496e-03 
5.818217e+00 -7.893971e+00 -6.562286e+00 -7.630099e+00 1.408772e+01 -2.465284e-01 -1.020531e+00 -5.652264e+00 -2.423661e+00 -1.583869e+00 2.151533e+00 -8.404259e+00 9.988229e-01 -1.554992e-01 2.848383e-01 -6.943523e-01 4.180561e-01 -3.966588e-01 -5.503344e-02 -5.502908e-02 -2.725142e-01 8.005997e-02 7.623180e-01 1.135835e+00 -5.269937e-01 -4.101248e-03 1.601129e-01 -8.511402e-02 2.820862e-01 -5.757399e-02 -3.735674e-01 -1.185060e-01 1.492464e-01 1.275433e-01 8.464243e-03 4.547094e-02 -1.082136e-01 4.114249e-02 -3.571734e-03 
6.078091e+00 -7.887013e+00 -6.322512e+00 -7.929462e+00 1.311391e+01 -5.238952e-02 -4.963231e-01 -5.294095e+00 -3.687661e+00 8.116928e-01 1.015210e+00 -7.293432e+00 9.877025e-01 1.078591e-01 7.371376e-02 -2.219646e-01 4.699785e-02 -5.445121e-01 -3.775501e-01 3.076065e-01 -2.626420e-01 5.025789e-02 6.067405e-01 6.872942e-01 -2.833074e-01 -7.608337e-03 1.048101e-01 -1.445469e-01 2.457268e-01 -1.498442e-01 -1.859731e-02 -1.106825e-01 4.102130e-02 1.343774e-02 2.714963e-03 -4.382292e-02 -1.191782e-01 1.772258e-02 -1.377834e-03 
5.916664e+00 -7.415152e+00 -6.481281e+00 -6.742738e+00 1.154861e+01 8.060860e-01 -4.169410e-01 -5.513064e+00 -3.537249e+00 1.808510e+00 2.813710e+00 -8.366510e+00 9.780577e-01 9.183629e-03 -6.009196e-02 -7.157803e-02 -1.528292e-01 -2.337267e-01 -1.794211e-01 7.395212e-02 -4.515724e-01 -2.299305e-01 7.813058e-01 7.298219e-01 -6.050456e-01 -6.612633e-03 1.278240e-02 -1.016215e-01 9.601156e-02 -1.071363e-01 1.414253e-01 -2.519152e-02 -9.800860e-02 7.162339e-02 -5.726402e-02 -7.653245e-02 -2.273632e-01 1.202046e-01 9.311552e-04 
6.382382e+00 -8.525004e+00 -6.187812e+00 -8.690926e+00 1.378030e+01 -1.320090e+00 1.394487e-01 -7.203797e+00 -3.123110e+00 1.649433e+00 2.562851e+00 -8.612424e+00 9.723482e-01 4.140418e-02 -1.885294e-01 -1.213393e-01 -2.066907e-01 1.786079e-01 -2.988117e-01 -1.118304e-01 -3.862920e-01 -7.392029e-03 3.910145e-01 6.957405e-01 -4.296797e-01 -3.868917e-03 -4.615937e-02 -5.366514e-03 -1.869738e-02 4.012702e-02 6.512850e-02 4.023587e-02 -1.452179e-01 2.093021e-01 5.395593e-04 -9.151993e-02 -1.871071e-01 1.643360e-01 2.067667e-03 
5.712146e+00 -7.875271e+00 -6.987678e+00 -8.013513e+00 1.258614e+01 -5.102431e-01 -9.683248e-01 -6.954914e+00 -3.854935e+00 1.904050e+00 5.027143e+00 -1.076994e+01 9.734549e-01 -5.839002e-02 -9.214123e-02 -2.645581e-01 9.099609e-03 -5.117856e-02 -2.203435e-01 -3.353152e-01 1.474271e-01 -1.774104e-01 4.874235e-01 -5.298662e-03 1.472820e-01 -1.313278e-03 -9.099313e-03 1.980161e-02 -2.721930e-03 3.459081e-02 -2.265338e-02 8.563205e-03 -3.320716e-02 2.790092e-01 4.202761e-02 -1.141852e-01 -2.663139e-01 3.119452e-01 1.398708e-03 
6.387354e+00 -8.599807e+00 -6.676156e+00 -8.327540e+00 1.348845e+01 -8.884212e-01 -7.802393e-01 -6.504610e+00 -3.566252e+00 2.718729e+00 3.386843e+00 -8.239705e+00 9.706616e-01 -8.915617e-02 6.289713e-02 -2.189321e-01 1.666644e-01 -3.101887e-01 -1.557861e-01 -2.140232e-01 4.843180e-01 2.680708e-02 2.960754e-01 1.194688e-01 1.622303e-01 8.070643e-05 2.583703e-03 3.412943e-02 5.803714e-02 -8.960751e-03 -8.861788e-02 4.187628e-02 4.851837e-02 1.765215e-01 -3.519921e-02 -2.494394e-02 -2.066869e-01 2.413270e-01 3.021775e-05 
5.622317e+00 -7.838305e+00 -7.559803e+00 -6.879007e+00 1.143867e+01 -5.117394e-01 -1.633418e+00 -5.125381e+00 -4.203649e+00 3.710840e+00 2.375272e+00 -7.816411e+00 9.723482e-01 2.887397e-02 -8.677298e-02 -3.629024e-02 -1.664956e-01 -1.026870e-01 -2.080533e-01 -4.089076e-02 5.081348e-01 -3.694983e-02 2.577323e-01 -3.135129e-01 6.588327e-01 -1.595394e-03 4.050563e-02 -3.262714e-02 1.305377e-01 -6.811917e-02 -9.503176e-03 -5.948174e-03 9.261008e-02 -3.529938e-02 -4.374544e-02 -8.115891e-03 -1.085268e-01 1.399204e-01 -1.557662e-03 
5.981633e+00 -8.229276e+00 -6.996472e+00 -8.424825e+00 1.280309e+01 -2.098516e+00 -5.978750e-01 -5.696935e+00 -2.815542e+00 2.225969e+00 4.485650e+00 -9.277967e+00 9.732968e-01 1.063803e-02 -2.059123e-02 5.468607e-02 -1.637393e-01 -2.387974e-01 -9.568567e-02 -1.658276e-02 3.158726e-01 -2.536256e-01 3.809693e-01 -1.834109e-01 5.211886e-01 -3.575738e-03 7.659112e-03 -7.500027e-02 1.292719e-01 9.440574e-03 9.154742e-03 -6.923041e-02 2.274044e-03 -9.710054e-02 -5.905095e-02 -2.378702e-02 -1.368262e-01 1.313968e-01 -2.329123e-03 
6.059528e+00 -8.494997e+00 -7.008970e+00 -8.797509e+00 1.241541e+01 -9.456530e-01 -1.263683e+00 -4.817866e+00 -4.415439e+00 3.439281e+00 2.909985e+00 -6.956629e+00 9.641615e-01 9.432195e-02 -2.136080e-01 2.513879e-01 -1.662659e-01 -1.343127e-01 -2.803089e-01 2.905674e-02 5.524485e-02 -2.560684e-01 4.044897e-01 -3.964936e-01 6.673602e-01 -7.276436e-03 -2.513952e-02 -8.624746e-02 1.272204e-01 1.510095e-01 -9.033526e-03 -1.888546e-01 -4.463834e-02 -5.593190e-02 4.536841e-02 -2.194131e-01 -4.681129e-02 2.859611e-02 -1.929906e-03 
6.221618e+00 -8.374531e+00 -6.678008e+00 -8.186979e+00 1.180592e+01 -1.149518e+00 -1.047707e+00 -5.079113e+00 -4.728404e+00 4.759899e+00 2.202157e+00 -6.063497e+00 9.568884e-01 -8.356232e-02 -2.487019e-01 2.835053e-01 2.137501e-01 -2.485387e-01 -4.660126e-01 -2.375871e-01 2.252945e-01 -1.590895e-01 1.037473e-01 -5.233356e-01 8.149364e-01 -8.731269e-03 -2.806027e-02 -1.217037e-01 1.343788e-01 1.587075e-01 6.640936e-02 -2.525154e-01 -4.166920e-02 4.048178e-02 1.102420e-01 -3.679733e-01 -6.498135e-02 5.818964e-02 -1.268139e-03 
5.974009e+00 -8.833345e+00 -6.462303e+00 -7.829317e+00 1.126551e+01 -2.387667e+00 -1.262968e+00 -5.157688e+00 -4.527405e+00 4.466690e+00 1.534104e+00 -6.086952e+00 9.441693e-01 -4.955174e-02 -4.039807e-01 4.854451e-01 3.995663e-01 -1.429864e-01 -9.672099e-01 -1.535013e-01 2.739154e-01 1.425955e-01 -7.006007e-01 -3.775266e-01 6.549200e-01 -8.664888e-03 -2.442130e-02 -6.369496e-02 1.154789e-01 1.510622e-01 4.147521e-02 -1.056350e-01 -3.142568e-02 9.355750e-02 3.216060e-02 -2.930885e-01 -5.245028e-02 6.942163e-02 -4.912830e-04 
5.606407e+00 -9.303467e+00 -5.852221e+00 -7.840046e+00 1.213523e+01 -3.706989e+00 -1.785746e+00 -4.400667e+00 -3.554786e+00 2.231146e+00 2.557427e+00 -5.638370e+00 9.396368e-01 -5.771876e-02 -5.338603e-01 6.095037e-01 3.467385e-01 9.760881e-02 -1.014750e+00 -1.339061e-01 4.090420e-01 9.838092e-02 -9.064040e-01 -5.178530e-01 8.183474e-01 -9.218058e-03 -1.773487e-03 -6.935889e-03 8.671437e-02 9.464557e-02 1.013674e-02 7.720834e-02 6.818891e-02 -9.123062e-03 -7.785266e-02 -7.642727e-02 -6.811412e-02 1.195275e-01 -3.707983e-04 
6.119194e+00 -1.005062e+01 -4.994958e+00 -6.973073e+00 1.153596e+01 -4.502996e+00 -1.662024e+00 -3.787632e+00 -4.289309e+00 1.200442e+00 8.448067e-01 -3.894984e+00 9.294474e-01 -4.060159e-02 -3.895585e-01 6.658815e-01 5.224485e-01 -1.001516e-01 -5.340814e-01 -1.800416e-01 4.311312e-01 -2.238235e-01 -5.558034e-01 -6.614393e-01 1.012775e+00 -9.483579e-03 -5.453859e-02 6.156443e-02 3.333194e-02 5.884470e-02 5.184063e-03 2.274957e-01 7.850667e-02 -7.719111e-02 -7.653188e-02 4.058029e-02 -6.383267e-02 2.187833e-01 -2.700947e-04 
5.860645e+00 -1.043550e+01 -4.364509e+00 -6.881511e+00 1.215858e+01 -5.165462e+00 -1.517563e+00 -3.719029e+00 -4.355409e+00 1.860281e+00 -4.246530e-02 -3.067452e+00 9.181513e-01 -9.687568e-02 -2.906063e-01 6.268719e-01 6.256925e-01 -2.193150e-01 -2.963807e-01 1.166151e-01 1.010275e-01 -3.650170e-01 -3.507350e-01 -7.218967e-01 1.233587e+00 -1.017504e-02 -9.131136e-02 8.539569e-02 6.039417e-02 2.104026e-02 1.005135e-02 1.975897e-01 9.988447e-02 -8.625400e-02 3.682218e-02 -1.930141e-01 4.283809e-02 2.866533e-01 6.078848e-05 
5.643532e+00 -1.021544e+01 -3.877091e+00 -5.696576e+00 1.075282e+01 -4.329057e+00 -2.297796e+00 -3.342912e+00 -5.246415e+00 1.872517e+00 -4.736713e-01 -2.308455e+00 9.074876e-01 -3.027292e-01 -2.177744e-01 6.434131e-01 5.543749e-01 4.129646e-02 -1.887401e-01 1.138867e-01 4.191730e-02 -8.369146e-03 -7.754494e-01 -5.946102e-01 1.541180e+00 -9.533363e-03 -8.973128e-02 1.085036e-02 1.379580e-01 -7.249542e-02 3.942583e-02 9.765045e-02 1.474649e-01 5.769162e-02 6.323779e-02 -5.440368e-01 2.584770e-01 2.543911e-01 2.747836e-04 
5.360123e+00 -1.067426e+01 -3.277192e+00 -5.349643e+00 1.143041e+01 -5.276185e+00 -8.853669e-01 -4.117881e+00 -4.901074e+00 1.410296e-01 -3.927637e-01 -2.634484e-01 8.997402e-01 -3.832805e-01 -1.927759e-01 9.225450e-01 4.358568e-01 7.719225e-02 -1.994096e-01 2.185599e-01 1.723545e-01 1.745961e-01 -1.761713e+00 -3.370735e-01 1.987420e+00 -8.891688e-03 -4.414836e-02 -3.265620e-02 2.324576e-01 -1.495279e-01 -1.316122e-01 1.209948e-01 1.090888e-01 2.953513e-01 -8.647658e-02 -6.028298e-01 4.162641e-01 -3.999703e-04 4.797873e-04 
4.855624e+00 -1.102000e+01 -2.321335e+00 -4.967302e+00 1.210653e+01 -5.391397e+00 -1.408860e+00 -3.378808e+00 -4.058632e+00 -1.816836e+00 -1.952609e+00 2.408986e+00 8.909913e-01 -3.460255e-01 -3.841902e-01 1.207742e+00 2.548639e-01 -5.131200e-02 -9.433509e-02 5.062872e-01 6.839845e-01 -1.774104e-01 -2.570471e+00 4.385002e-01 1.907763e+00 -8.758928e-03 4.567680e-02 -4.489152e-02 2.799474e-01 -1.985629e-01 -3.310000e-01 2.402098e-02 2.382463e-01 3.980801e-01 -4.256064e-01 -1.749766e-01 2.967489e-01 -2.193044e-01 5.948772e-04 
4.337865e+00 -1.099695e+01 -5.299702e-01 -5.066732e+00 1.186770e+01 -5.630797e+00 -8.689184e-01 -2.839561e+00 -4.076169e+00 -5.103322e+00 -9.880450e-01 4.510798e+00 8.819615e-01 -2.957928e-01 -3.707295e-01 1.506999e+00 2.781904e-02 -8.311446e-01 2.612706e-01 4.658566e-01 1.256822e+00 -7.128707e-01 -2.467324e+00 8.427349e-01 1.048390e+00 -8.161506e-03 8.058220e-02 -1.539308e-02 2.029510e-01 -1.664002e-01 -3.851379e-01 -1.780657e-01 4.745897e-01 2.323932e-01 -6.088842e-01 5.098726e-01 -1.644990e-01 -2.249603e-01 6.811945e-04 
4.425042e+00 -1.197459e+01 7.883260e-01 -4.563859e+00 1.027807e+01 -4.623445e+00 2.259824e-01 -5.625156e-01 -6.546163e+00 -8.357802e+00 2.016837e+00 4.843570e+00 8.725802e-01 -1.180204e-01 -3.533428e-01 1.750981e+00 -2.344827e-01 -1.159544e+00 -2.990818e-01 1.181454e+00 1.490055e+00 -1.692675e+00 -1.297430e+00 2.992111e-01 9.142569e-01 -6.927940e-03 5.932294e-02 1.287279e-01 7.444907e-02 -1.033400e-01 -2.646513e-01 -4.513213e-01 7.309749e-01 -2.326582e-01 -3.101547e-01 8.651024e-01 -6.607294e-01 -8.941953e-02 4.438218e-04 
4.096554e+00 -1.205027e+01 2.702818e+00 -5.412234e+00 8.189384e+00 -4.353745e+00 6.257535e-01 7.580827e-01 -7.221331e+00 -8.925396e+00 1.836490e+00 3.761695e+00 8.681356e-01 -9.441438e-02 -2.852381e-01 1.665794e+00 -1.515660e-01 -1.294454e+00 -9.873334e-01 2.253983e+00 9.312847e-01 -2.112103e+00 1.511556e-01 -1.089976e+00 1.359493e+00 -6.396898e-03 5.965811e-02 2.608170e-01 -1.158263e-02 -1.108798e-01 1.171647e-02 -5.992112e-01 8.633242e-01 -7.027712e-01 2.228969e-01 6.662683e-01 -7.054758e-01 -5.458353e-03 -6.333470e-04 
4.386260e+00 -1.226032e+01 4.817276e+00 -5.966610e+00 8.148038e+00 -7.525428e+00 3.750261e+00 2.272922e+00 -1.094925e+01 -6.392877e+00 -1.868537e+00 7.354749e+00 8.632693e-01 -1.501291e-01 2.166535e-01 1.500796e+00 -1.721229e-01 -1.142864e+00 -1.726772e+00 3.266981e+00 -3.165692e-01 -1.028480e+00 4.457729e-01 -1.898593e+00 1.305118e+00 -7.420260e-03 3.576538e-02 3.817170e-01 -7.753590e-02 -1.039727e-01 5.590627e-02 -2.809073e-01 4.977490e-01 -8.452225e-01 6.937940e-01 2.135937e-01 -1.776044e-01 -3.246940e-01 -2.007232e-03 
3.885075e+00 -1.228032e+01 5.784243e+00 -5.122527e+00 6.460157e+00 -9.116320e+00 8.639769e+00 3.991161e-01 -1.243449e+01 -5.329700e+00 -4.495097e+00 1.005284e+01 8.546259e-01 1.858129e-02 6.482771e-01 1.574128e+00 -5.577662e-01 -7.807037e-01 -2.021061e+00 3.739747e+00 -1.353527e+00 6.980024e-02 -7.606966e-03 -1.585786e+00 8.255707e-01 -1.107670e-02 5.190136e-02 3.950276e-01 -3.794648e-02 -1.574368e-01 -2.649597e-02 2.008074e-01 -1.728309e-01 -5.509679e-01 7.376906e-01 -7.364012e-02 4.281686e-01 -6.801350e-01 -2.726543e-03 
3.779667e+00 -1.077646e+01 6.751209e+00 -5.569248e+00 5.427972e+00 -1.087591e+01 1.255381e+01 -1.965278e+00 -9.082257e+00 -7.926696e+00 -4.310230e+00 8.223694e+00 8.422230e-01 4.149169e-03 1.088394e+00 1.409268e+00 -5.512201e-01 -1.136859e+00 -1.186813e+00 2.927413e+00 -1.593546e+00 6.853842e-01 -1.500768e-01 -3.407780e-01 -4.422202e-01 -1.462251e-02 4.170265e-02 2.599451e-01 -3.493471e-02 -9.305850e-02 -1.704651e-01 5.694596e-01 -7.317712e-01 -6.195775e-02 2.771266e-01 3.916042e-02 7.029645e-01 -7.514701e-01 -2.131313e-03 
4.492662e+00 -9.550922e+00 9.606283e+00 -8.399788e+00 5.645889e+00 -1.278364e+01 1.492240e+01 -3.890535e+00 -7.806791e+00 -8.196373e+00 -4.871612e+00 7.455167e+00 8.232496e-01 8.794497e-02 1.254089e+00 1.521748e+00 -7.490949e-01 -1.429897e+00 -2.531624e-01 1.559468e+00 -1.185081e+00 7.195832e-01 8.096197e-02 2.720941e-01 -1.167460e+00 -1.642584e-02 -6.801014e-03 1.534891e-01 -2.301756e-01 1.642437e-01 -3.076456e-01 6.866232e-01 -9.814757e-01 2.888434e-01 -8.880737e-02 1.957139e-01 6.878750e-01 -6.870255e-01 -3.168500e-04 
4.103515e+00 -8.182742e+00 9.952521e+00 -7.084306e+00 2.870372e+00 -1.162591e+01 1.524565e+01 -3.549916e+00 -9.837015e+00 -5.709978e+00 -3.384538e+00 6.442559e+00 8.058399e-01 2.361575e-02 1.213546e+00 1.352201e+00 -5.416881e-01 -1.670626e+00 2.366901e-01 6.982708e-01 -7.104724e-01 3.193694e-02 5.973078e-01 6.874424e-01 -1.455690e+00 -1.539695e-02 4.582044e-02 3.630912e-02 -3.427894e-01 1.599729e-01 -1.806693e-01 4.512864e-01 -8.035501e-01 3.719038e-01 -1.993645e-01 2.046012e-01 3.813337e-01 -3.497868e-01 1.425682e-03 
4.163179e+00 -7.306428e+00 1.179249e+01 -8.110797e+00 5.890579e-01 -1.000696e+01 1.509117e+01 -4.734107e+00 -8.459025e+00 -6.033778e+00 -3.598333e+00 5.105976e+00 7.906964e-01 -2.505070e-02 1.353201e+00 4.518115e-01 2.586538e-01 -2.052135e+00 7.003416e-01 -5.279672e-02 -3.508753e-01 -4.745384e-02 5.971853e-01 1.339434e+00 -2.102879e+00 -1.226602e-02 8.086949e-02 5.331744e-04 -4.857827e-01 1.117287e-01 5.740062e-02 1.403644e-01 -4.212735e-01 2.369728e-01 -1.414832e-01 1.666855e-01 1.346282e-01 9.637134e-03 2.233109e-03 
4.062744e+00 -5.830828e+00 1.241970e+01 -8.421964e+00 -3.969171e-01 -1.108053e+01 1.596080e+01 -5.096264e+00 -8.595948e+00 -6.021542e+00 -1.510103e+00 2.120193e+00 7.815084e-01 2.897709e-01 1.220357e+00 2.302979e-01 -2.551545e-01 -1.729073e+00 5.927010e-01 -2.842188e-01 -1.510854e-01 7.199875e-02 6.148256e-01 1.032109e+00 -1.723354e+00 -9.566554e-03 1.149609e-01 5.816412e-02 -4.753507e-01 -1.048164e-01 3.739875e-01 -6.128069e-02 -2.402303e-01 2.263673e-01 -5.990558e-02 1.588500e-01 -2.372836e-01 4.616255e-01 1.717003e-03 
4.387917e+00 -3.960779e+00 1.063157e+01 -6.437294e+00 -2.981271e+00 -9.554723e+00 1.430021e+01 -4.871711e+00 -8.664746e+00 -5.054375e+00 8.886505e-01 -8.982067e-01 7.740772e-01 3.593583e-01 1.253367e+00 -3.461611e-01 -3.335924e-01 -1.113641e+00 2.708596e-01 -5.552517e-02 -2.800418e-01 -7.880588e-03 9.056453e-01 7.727941e-01 -9.853728e-01 -8.178100e-03 9.978257e-02 7.045756e-02 -3.065609e-01 -1.802143e-01 6.445060e-01 -2.655757e-01 -1.122605e-01 3.326634e-01 -1.625380e-01 1.915595e-01 -6.310204e-01 8.206511e-01 5.211477e-04 
5.440008e+00 -3.753769e+00 1.168417e+01 -9.197018e+00 -3.989621e+00 -8.888515e+00 1.422011e+01 -4.236739e+00 -9.374313e+00 -3.125218e+00 -4.673434e-01 8.275880e-01 7.663122e-01 4.063466e-01 1.554230e+00 -6.254308e-01 -7.696518e-01 -2.698893e-01 1.449863e-01 -5.015025e-01 3.858422e-01 -2.873361e-01 1.237503e+00 -2.155659e-01 2.936544e-01 -8.858498e-03 9.287073e-03 6.848131e-02 -1.647461e-01 2.247203e-01 5.668429e-01 -2.350387e-01 -3.454863e-01 5.250087e-01 -1.696081e-01 1.935052e-01 -6.979049e-01 6.571499e-01 -4.715019e-04 
5.271289e+00 -2.078117e+00 1.042976e+01 -9.391229e+00 -3.183136e+00 -9.748861e+00 1.568404e+01 -6.563640e+00 -8.108964e+00 -2.953905e+00 -2.553563e-01 8.253890e-01 7.574053e-01 4.155205e-01 1.538606e+00 -6.531373e-01 -3.852718e-01 4.408206e-01 -4.036161e-01 -5.054712e-01 1.043828e+00 -6.808701e-01 1.243751e+00 -1.191923e+00 9.918071e-01 -1.002015e-02 -3.452424e-02 1.067276e-01 2.142560e-01 6.824862e-01 1.132890e-01 9.783974e-02 -1.043085e+00 2.485907e-01 4.341441e-01 -1.847566e-02 -7.298070e-01 3.422158e-01 -1.621980e-04 
5.653144e+00 9.987667e-01 9.393356e+00 -1.079327e+01 -1.645559e+00 -1.025834e+01 1.276192e+01 -2.321053e+00 -1.031051e+01 -8.844969e-01 -2.015888e+00 2.726732e+00 7.455821e-01 3.081187e-01 1.420184e+00 -4.398943e-01 8.941958e-01 3.279290e-01 -2.451940e-01 -1.786602e+00 1.812014e+00 -4.395221e-01 1.413538e+00 -1.475095e+00 5.737582e-01 -1.100479e-02 -6.095467e-02 1.433754e-01 5.179204e-01 1.211854e+00 -7.707206e-01 6.692095e-01 -1.647231e+00 -8.307122e-01 1.819798e+00 -6.029350e-01 -2.947177e-01 -3.800574e-01 1.452656e-03 
6.358516e+00 1.355816e+00 8.511560e+00 -7.565720e+00 -1.949086e+00 -1.088788e+01 1.250232e+01 -6.107767e-01 -1.160081e+01 4.360690e-02 -4.296218e+00 3.111178e+00 7.343387e-01 2.358462e-01 1.854051e+00 6.322479e-01 2.246933e+00 -8.460901e-01 9.550595e-01 -4.628157e+00 2.497284e-01 2.239001e+00 7.251999e-01 -2.246520e+00 5.856967e-01 -7.912580e-03 -1.218117e-01 2.291970e-01 7.295296e-01 1.000318e+00 -1.284432e+00 1.100955e+00 -1.737047e+00 -1.514815e+00 2.490444e+00 -1.187605e+00 2.473034e-01 -5.956560e-01 3.276110e-03 
6.437075e+00 1.629800e+00 1.044411e+01 -5.638634e+00 -2.967165e+00 -9.544622e+00 6.877629e+00 1.846549e+00 -9.825549e+00 2.443875e+00 -5.822163e+00 2.553749e+00 7.228317e-01 1.913192e-01 2.113329e+00 1.321325e+00 3.973485e+00 -3.479960e+00 2.811826e+00 -6.676230e+00 -3.370553e+00 7.352011e+00 -1.517934e+00 -1.161843e+00 -1.403522e+00 -2.640883e-03 -2.036407e-01 1.258507e-01 6.642311e-01 2.982728e-01 -1.035347e+00 9.041046e-01 -7.055686e-01 -1.523252e+00 1.921499e+00 -1.541625e+00 6.421366e-01 -2.573020e-01 3.150231e-03 
6.058534e+00 6.876376e+00 1.306589e+01 -7.340091e-01 -6.752492e+00 -5.330424e+00 -4.515489e+00 -7.398437e+00 2.844131e+00 -9.918030e-01 -9.584594e+00 3.840490e+00 7.291913e-01 -1.351376e-01 2.337915e+00 2.113921e+00 3.076675e+00 -4.077378e+00 3.572469e+00 -6.745929e+00 -3.938949e+00 7.875746e+00 -3.228674e+00 -1.118400e-01 -9.980136e-01 2.177215e-03 -2.497503e-01 -2.452775e-01 2.420166e-01 -6.091392e-01 2.580597e-02 2.038990e-01 8.420206e-01 -3.574175e-01 -1.293631e-01 -7.941964e-01 8.211221e-01 1.609903e-01 -3.618069e-04 
6.759928e+00 8.805137e+00 1.372272e+01 5.658492e+00 -1.664386e+01 1.022295e+00 -1.211042e+01 -1.577991e+01 1.922622e+01 -7.956346e+00 -5.180778e+00 -4.655814e+00 7.349184e-01 -5.245811e-01 1.807499e+00 2.140525e+00 1.970621e+00 -3.233227e+00 2.966737e+00 -4.255600e+00 -3.709912e+00 6.349489e+00 -4.317717e+00 6.681790e-01 7.906190e-02 -2.954482e-04 -1.746247e-01 -5.216038e-01 -2.561903e-01 -1.058469e+00 1.205183e+00 -5.897473e-01 1.842694e+00 1.115976e+00 -2.366921e+00 5.180237e-01 4.273854e-01 7.687131e-01 -5.260317e-03 
5.521882e+00 9.457479e+00 1.744154e+01 2.169137e+00 -1.549736e+01 1.691120e+00 -1.173354e+01 -1.149225e+01 1.325156e+01 -1.089973e+01 -5.175806e+00 1.725851e+00 7.391698e-01 -6.549177e-01 7.806406e-01 1.432702e+00 2.027252e-01 -8.404856e-01 1.897219e+00 -1.628600e+00 -1.367718e+00 2.093410e+00 -1.845749e+00 9.440900e-01 6.492016e-01 -1.089416e-02 6.095091e-02 -6.020778e-01 -8.339688e-01 -3.460899e-01 1.384675e+00 -8.987135e-01 1.740259e+00 1.568301e+00 -2.601088e+00 1.384616e+00 -4.785555e-02 2.645477e-01 -8.439673e-03 
4.082300e+00 9.377024e+00 1.895887e+01 2.762856e+00 -1.476044e+01 1.778277e+00 -1.079096e+01 -1.465634e+01 1.671778e+01 -1.419093e+01 -4.685388e+00 4.006143e+00 7.163492e-01 -4.217662e-01 2.840371e-01 3.809602e-01 1.180858e-01 9.274821e-01 7.007468e-01 -2.154358e-02 9.237570e-01 -1.591543e+00 3.808468e-01 4.470946e-01 1.616322e+00 -2.240560e-02 1.575273e-01 -5.449991e-01 -1.007866e+00 3.961848e-01 1.258638e+00 -4.612900e-01 1.243894e+00 1.635935e+00 -2.303135e+00 1.252463e+00 -2.596307e-01 -1.184554e-01 -7.572903e-03 
4.122740e+00 1.049383e+01 1.761141e+01 1.727424e+00 -1.189639e+01 3.778020e+00 -1.331832e+01 -1.479873e+01 1.456480e+01 -7.103545e+00 -5.111622e+00 2.755318e+00 6.840068e-01 1.182636e-01 8.925766e-02 -1.176251e+00 2.272543e+00 7.656174e-01 2.121097e-01 -1.616866e-01 1.585816e+00 -1.159169e+00 1.345060e+00 -2.404602e-01 -4.439256e-01 -2.896618e-02 8.484363e-02 -4.838225e-01 -9.455351e-01 4.681556e-01 8.876993e-01 -5.894626e-02 1.251539e+00 1.310105e+00 -1.553475e+00 4.255746e-01 -8.915588e-02 -1.518328e-01 -4.197535e-03 
5.350511e+00 9.707544e+00 1.554232e+01 6.470028e+00 -1.380705e+01 3.482510e+00 -1.142531e+01 -9.507964e+00 1.061227e+01 -7.950228e+00 -2.977740e+00 2.911075e+00 6.504697e-01 -1.235024e-01 -5.718387e-01 -1.594329e+00 2.916584e+00 2.256961e+00 1.502852e+00 1.230566e+00 2.992983e+00 -3.539671e+00 3.491188e-01 -3.775006e-02 3.341461e-02 -2.912659e-02 -1.192740e-01 -5.527297e-01 -6.519535e-01 -6.940806e-01 6.429689e-01 -4.110680e-01 1.233724e+00 5.754331e-01 -8.055251e-01 4.348300e-01 5.366145e-01 -2.691713e-01 -9.786164e-04 
5.478790e+00 9.738856e+00 1.326863e+01 1.167867e+01 -1.214593e+01 1.899473e+00 -1.222556e+01 -6.137268e+00 1.050907e+01 -7.294625e+00 -7.232397e+00 5.393063e-02 6.272801e-01 -3.798124e-01 -1.210501e+00 -2.307390e+00 1.144324e+00 2.933376e+00 1.201539e+00 4.003166e+00 4.148161e+00 -4.699998e+00 2.980355e-01 7.406390e-01 6.816062e-01 -2.851811e-02 -1.427837e-01 -4.586835e-01 -2.220569e-01 -1.735522e+00 3.115240e-01 -1.080610e+00 9.765226e-01 -1.643973e-01 -5.861979e-01 6.922467e-01 1.066940e+00 4.763475e-02 7.765033e-04 
2.786909e+00 6.895076e+00 1.315846e+01 1.237003e+01 -3.351437e+00 1.023211e+01 -5.184873e+00 -4.022156e+00 1.047281e+00 -1.234978e+01 -3.813936e+00 5.524139e+00 5.990661e-01 -7.692559e-01 -1.829612e+00 -2.313317e+00 -2.788250e+00 3.058411e+00 -1.849539e+00 4.064681e+00 2.519855e+00 -3.848684e+00 3.078341e+00 2.639565e+00 -2.922362e-01 -2.752241e-02 7.411823e-02 -1.094684e-01 5.070415e-02 -1.218545e+00 -3.824054e-01 -1.360491e+00 -1.717381e-02 -1.076567e+00 -1.187969e-01 7.692876e-01 6.525270e-01 -5.010753e-02 4.887788e-04 
3.505208e+00 5.847414e+00 7.266400e+00 4.498950e+00 -2.457396e+00 6.411052e+00 3.577909e+00 3.199056e+00 -4.152387e+00 -3.413250e+00 -9.903050e-01 4.857130e+00 5.671102e-01 -2.727462e-01 -1.575302e+00 -1.926944e+00 -3.552646e+00 1.922423e+00 -3.514659e+00 3.303691e+00 1.000514e+00 -3.935648e+00 3.441681e+00 3.755656e+00 -4.293174e-02 -2.589056e-02 1.054326e-01 1.299194e-01 3.278737e-01 3.898049e-01 -6.542901e-01 -9.661274e-02 -8.314600e-01 -1.305019e+00 -4.164773e-02 -5.419333e-01 -2.354039e-01 6.132114e-03 -2.399256e-03 
2.491236e+00 2.505244e+00 6.977097e+00 -3.881081e+00 -3.359220e+00 -8.020688e+00 9.962032e-01 -1.577195e+00 -1.300630e+00 5.500688e+00 7.099555e+00 -9.517140e-01 5.429544e-01 1.936686e-01 -9.368799e-01 -1.531059e+00 -8.277624e-01 8.503528e-01 -2.941476e+00 1.494482e+00 -8.158588e-01 -4.516056e+00 2.623736e+00 1.717441e+00 1.450749e-01 -2.799813e-02 -4.706912e-02 1.668288e-01 1.006820e-01 1.719815e+00 -7.494583e-01 1.915043e+00 -5.773760e-01 -3.652270e-01 1.327730e-01 -1.783896e+00 -1.155968e+00 3.217433e-01 -9.914261e-03 
4.262952e+00 4.057385e+00 6.724825e+00 2.041094e+00 -2.529872e+00 -6.547253e+00 1.202883e+00 -2.356950e+00 -7.995649e+00 9.881831e-01 6.089339e+00 3.077095e+00 5.258960e-01 -3.341666e-01 -1.007388e+00 -1.059085e+00 2.113141e+00 7.658843e-01 1.264341e+00 1.131102e+00 -7.092384e-01 -4.574683e+00 -2.184222e+00 2.463368e-02 4.936998e-01 -4.027847e-02 -4.077104e-01 -1.883440e-01 -3.501660e-01 1.209007e+00 -7.661949e-01 2.317576e+00 -4.191951e-01 4.967595e-01 1.074645e+00 -1.563817e+00 -1.115921e+00 1.689961e-01 -2.184044e-02 
3.376266e+00 3.105834e+00 5.774059e+00 9.460086e+00 9.368488e-01 2.003837e+00 3.474212e+00 -5.323610e+00 -1.961110e+01 -1.431852e+00 1.233525e+00 7.139254e+00 4.796749e-01 -9.738787e-01 -1.279407e+00 -2.243844e+00 2.978025e+00 -1.106935e-01 5.336181e+00 2.264152e+00 1.548548e+00 -2.865460e+00 -3.028138e+00 -1.274608e+00 1.048189e+00 -6.989512e-02 -5.661494e-01 -4.401997e-01 -5.640886e-01 -8.910406e-02 -8.434310e-01 1.029155e+00 -4.071701e-01 1.063334e+00 2.042311e+00 -5.217922e-01 -3.439021e-01 -1.156275e-01 -2.704286e-02 
1.392077e+00 5.099444e-01 2.572284e+00 8.393894e+00 -7.758390e-01 7.720274e+00 7.994700e+00 1.526271e+00 -1.787023e+01 -1.086867e+01 2.066105e+00 3.279763e+00 3.973694e-01 -1.727481e+00 -2.345766e+00 -3.321224e+00 5.894021e-01 -1.428029e+00 3.934422e+00 8.230353e-01 2.302048e+00 6.121004e-01 -1.551377e+00 -3.280345e-01 3.505379e-01 -1.141431e-01 -3.795084e-01 -3.233103e-01 -3.902356e-01 -9.382541e-01 -7.032618e-01 -8.655896e-01 -7.025252e-01 5.286724e-01 2.149760e+00 9.905239e-01 2.915799e-01 -8.810515e-02 -1.811441e-02 
-9.424779e-01 -2.118562e+00 -2.165806e+00 7.832364e+00 -4.789783e+00 1.152637e+01 8.920109e+00 4.223706e+00 -1.069025e+01 -3.712107e+00 2.737774e+00 4.188288e+00 2.577401e-01 -1.940383e+00 -2.468675e+00 -3.220461e+00 -5.113695e-01 -2.269778e+00 8.692982e-01 -3.871557e-01 2.995204e+00 3.102284e+00 -3.017342e-01 1.742954e-01 -3.615599e-01 -1.262796e-01 -9.255627e-02 3.671925e-03 2.002011e-01 -9.963052e-01 -1.444208e-01 -1.817158e+00 -9.196434e-01 -8.707721e-01 9.446647e-01 9.159020e-01 5.105604e-01 2.124902e-01 3.170012e-03 
-2.215329e+00 -5.059324e+00 -5.911007e+00 5.802272e+00 -6.806484e+00 8.363664e+00 2.594572e+00 4.379657e+00 -9.395223e+00 -5.629027e+00 3.696914e+00 6.305492e+00 6.616247e-02 -1.748291e+00 -2.029199e+00 -2.521873e+00 -8.335046e-01 -1.670893e+00 -8.302619e-01 -1.055626e+00 1.210793e+00 3.190469e+00 1.405086e+00 7.579761e-01 7.580528e-01 -1.026538e-01 2.674147e-01 5.074123e-01 6.596916e-01 -3.300085e-01 4.402508e-01 -1.194430e+00 -2.712578e-01 -1.450122e+00 -4.759515e-01 3.166130e-01 2.075207e-02 4.509511e-01 2.507304e-02 
-4.522040e+00 -6.452728e+00 -6.086441e+00 8.198968e+00 -7.396513e+00 6.028759e+00 4.238711e+00 8.225785e+00 -8.336943e+00 -5.559843e+00 1.289121e+00 3.818868e+00 1.388050e-02 -1.426197e+00 -1.419382e+00 -1.642436e+00 -1.292188e+00 -7.114475e-01 -1.367249e+00 -1.394945e+00 -2.259554e+00 5.686186e-01 7.312184e-02 7.350082e-01 1.906860e+00 -5.978873e-02 5.127580e-01 8.528202e-01 7.271726e-01 3.901978e-02 7.530378e-01 -2.964281e-01 2.072188e-01 -1.183490e+00 -1.072090e+00 -5.823194e-02 -4.550632e-01 8.168921e-02 2.892675e-02 
-5.559546e+00 -7.469079e+00 -8.076846e+00 4.042931e+00 -7.826995e+00 6.317910e+00 5.056848e+00 5.579403e+00 -3.094107e+00 -2.919077e+00 6.580209e+00 7.255064e+00 6.027665e-03 -6.475338e-01 -3.333921e-01 -8.119323e-01 -6.703125e-01 -5.941865e-03 -9.193997e-01 -2.948088e-02 -2.321008e+00 -5.005920e-01 -1.558344e-01 -5.046650e-01 1.471053e+00 -2.202391e-02 5.744290e-01 9.532602e-01 5.161745e-01 4.813898e-01 6.242256e-01 1.650968e-01 9.780607e-02 -3.191894e-01 -8.540055e-01 -2.255659e-01 -6.699189e-01 -7.194868e-01 1.921965e-02 
-6.401484e+00 -8.010088e+00 -9.295158e+00 2.251042e+00 -7.836237e+00 5.712676e+00 7.144325e-01 -7.674044e+00 -1.099782e+01 -4.700923e+00 4.971096e+00 1.324752e+01 -1.113614e-02 7.306534e-02 9.475372e-01 -4.396186e-01 -3.980194e-01 6.631343e-01 -5.683860e-01 1.357143e-01 -1.156205e+00 -4.126514e-01 1.875387e-01 -1.469761e+00 -3.095922e-01 -2.196306e-02 4.841251e-01 8.360511e-01 2.404016e-01 6.867570e-01 3.023018e-01 2.727965e-01 -6.950944e-04 7.587155e-01 -1.044237e-01 6.093172e-02 -2.787406e-01 -1.389543e+00 7.270087e-03 
-4.513422e+00 -5.947380e+00 -8.366149e+00 5.424938e+00 -6.615808e+00 3.924279e+00 4.209390e+00 7.245792e-01 -1.056884e+01 -6.837633e+00 -6.671265e-01 8.946042e+00 -3.142703e-02 3.741261e-01 1.553589e+00 -5.425872e-01 1.126294e+00 7.629486e-01 -4.042914e-01 -1.331943e+00 -9.369174e-01 -5.890211e-01 2.200017e-01 -1.489172e+00 -1.731079e+00 -2.547015e-02 1.571921e-01 4.397548e-01 2.979639e-02 4.059390e-01 4.527510e-02 3.743131e-01 -2.513646e-01 4.553498e-01 4.311531e-02 -7.532293e-02 4.849761e-01 -8.617190e-01 1.267433e-03 
-4.679489e+00 -2.475611e+00 -8.139798e+00 5.517931e+00 -4.686176e+00 4.383255e+00 5.340764e+00 4.871840e+00 -6.662850e+00 -2.663049e+00 -2.436246e+00 1.425331e+00 -7.720888e-02 4.835417e-01 1.817354e+00 -5.751182e-01 1.243319e+00 4.157335e-01 -2.607256e-01 -7.473109e-01 8.419407e-01 9.080826e-02 1.898662e-01 -1.663702e-01 -3.439793e+00 -2.171967e-02 -1.493434e-01 -5.233152e-02 1.595974e-02 6.601542e-02 9.988260e-02 3.765213e-01 1.067135e-01 2.509528e-01 2.597233e-01 -5.271023e-02 1.109285e+00 3.606968e-01 3.786821e-03 
-4.549883e+00 -2.468218e+00 -1.136749e+01 8.040524e+00 -5.587514e+00 4.961183e+00 -3.915474e+00 -5.378253e+00 -8.206765e+00 -2.837656e+00 2.838570e+00 4.511165e+00 -8.827664e-02 -6.689266e-02 1.430520e+00 -5.952432e-01 5.386414e-01 3.440754e-01 7.982581e-01 -8.445429e-01 -1.043291e+00 -5.367453e-01 -5.337530e-01 1.268604e+00 -1.272499e+00 -1.580629e-02 -2.683282e-01 -1.456222e-01 1.366922e-01 -4.436328e-01 3.955487e-01 2.612505e-01 7.821925e-01 6.808614e-01 7.311643e-01 3.867123e-01 9.442399e-01 1.022389e+00 4.436000e-03 
-3.965168e+00 -6.629681e-01 -1.067039e+01 7.159959e+00 -6.271908e+00 3.890613e+00 1.040543e+00 -4.133451e-01 -1.172492e+01 -5.751394e+00 2.386120e+00 -1.733801e+00 -9.129831e-02 -4.529799e-01 7.475497e-01 -3.336174e-01 2.260383e-01 1.371843e+00 7.127669e-01 4.256740e-01 1.516228e-01 8.597996e-01 3.007305e-01 2.697651e+00 1.264688e+00 -7.857263e-03 -2.132648e-01 -7.218121e-02 2.736620e-01 -5.039511e-01 5.755528e-01 6.055180e-02 4.914396e-01 5.810251e-01 7.568807e-01 7.173836e-01 2.240165e-01 1.163984e+00 2.394954e-03 
-5.204871e+00 2.990202e-01 -1.007697e+01 7.296943e+00 -4.102957e+00 8.162043e+00 2.136874e+00 -1.849610e+00 -1.072128e+01 -7.961994e+00 3.264352e+00 4.163367e+00 -1.034026e-01 -4.992969e-01 1.360412e+00 2.008750e-02 -5.832614e-01 2.262565e+00 4.152358e-01 1.992548e+00 2.812691e+00 2.682368e+00 2.098202e+00 1.800125e+00 1.028626e+00 -1.021929e-02 -1.438319e-03 3.578599e-02 2.448102e-01 -3.186724e-01 2.099515e-01 -2.125776e-01 2.408443e-01 7.369742e-01 1.725518e-01 6.349261e-01 -4.127708e-01 2.287408e-01 1.489041e-04 
-6.617272e+00 -1.219584e-01 -1.045330e+01 7.019755e+00 1.431052e+00 6.347087e+00 4.443245e+00 3.865537e+00 -1.107050e+00 1.402347e+00 1.083893e+01 7.922440e+00 -1.089365e-01 -3.666109e-01 1.491413e+00 4.855830e-01 -7.154458e-01 2.334223e+00 2.333137e-01 2.912359e-01 1.819048e+00 2.265627e+00 2.460930e+00 6.878870e-01 1.229574e+00 -1.253707e-02 1.288465e-01 5.761193e-02 1.541954e-01 -1.216359e-01 -5.871301e-01 -6.771617e-02 -1.704556e-01 -3.182848e-02 -9.296785e-01 -3.167517e-02 -8.175767e-01 -6.198726e-01 -7.862006e-04 
-5.720310e+00 4.063474e+00 -1.137583e+01 5.194603e+00 1.873695e+00 5.809184e+00 4.345984e+00 6.545822e+00 -1.040789e-01 4.076058e+00 7.613024e+00 4.825978e+00 -1.305801e-01 -1.173491e-01 1.237583e+00 2.192705e-01 -5.840653e-01 9.126700e-01 -2.491568e-02 4.269142e-01 1.807695e+00 -3.767424e-01 1.560908e+00 2.095622e-01 -1.111519e-01 -1.272515e-02 3.445565e-03 -2.517294e-01 7.846475e-02 1.019745e-01 -1.045978e+00 2.287576e-01 -2.609401e-01 -5.380967e-01 -8.560255e-01 -5.747480e-01 -5.493595e-01 -6.874637e-01 2.251091e-03 
-5.540320e+00 4.911954e+00 -7.593131e+00 4.634147e+00 2.410704e+00 6.233372e+00 1.392398e+00 4.484954e+00 -5.705070e+00 5.340146e-01 3.651262e+00 4.082739e+00 -1.403829e-01 3.453544e-04 1.096967e+00 3.378154e-01 -3.818265e-01 -8.887914e-01 5.944567e-01 3.562225e-01 4.948073e-01 -2.259159e+00 4.109823e-01 -5.950547e-01 -1.264875e+00 -1.054013e-02 -1.480985e-01 -2.207778e-01 1.987607e-01 2.193950e-01 -9.127257e-01 1.740560e-01 3.745833e-02 -4.273174e-01 3.299578e-01 -3.469382e-01 -1.712344e-01 -6.347689e-01 4.488150e-03 
-6.330217e+00 3.969971e+00 -1.041025e+01 5.569434e+00 -2.966942e-02 8.093964e+00 5.796317e+00 6.879261e+00 -1.030646e+01 2.770447e-01 7.905919e+00 5.527071e+00 -1.512926e-01 -6.656578e-01 2.991003e-01 4.862722e-01 -2.401100e-01 -1.355837e+00 1.378599e+00 6.551117e-01 7.843114e-01 6.648647e-01 2.495247e-01 -3.053630e-01 -1.161541e+00 3.645294e-05 -1.628459e-01 -7.226840e-02 4.243811e-01 2.330509e-01 -2.947089e-01 -3.576914e-01 -4.106589e-01 -4.931679e-01 1.326759e+00 6.797846e-02 6.816129e-02 -9.471689e-02 5.198470e-03 
-6.310660e+00 5.409909e+00 -9.247019e+00 4.923138e+00 -2.060963e+00 8.177006e+00 5.498813e+00 6.172496e+00 -7.302270e+00 5.357142e+00 7.717435e+00 1.247584e+00 -1.512926e-01 -8.329138e-01 8.568377e-01 1.345861e+00 2.096158e-01 -1.095092e+00 4.018651e-01 3.644079e-01 1.940735e-01 3.394686e+00 1.382056e+00 8.924012e-02 -1.419072e+00 3.526947e-03 -8.489528e-02 -1.043243e-01 2.449848e-01 4.371238e-02 3.217282e-01 -9.010479e-01 -7.806877e-01 -4.212915e-01 9.723234e-01 8.059950e-02 4.430005e-02 4.202423e-01 2.671889e-03 
-8.663446e+00 5.309883e+00 -8.117579e+00 3.849435e+00 -2.668989e+00 1.173023e+01 5.568898e+00 9.623363e+00 4.018423e+00 2.911692e+00 4.053088e+00 4.358117e-01 -1.249583e-01 -5.150715e-01 9.963322e-01 1.837133e+00 2.855271e-01 -4.576416e-01 -1.717048e+00 -1.630336e+00 -5.077208e-01 3.429862e+00 1.415254e+00 2.082286e-01 -5.076312e-01 6.231941e-03 8.829108e-02 -2.180168e-01 -2.690334e-02 -7.423536e-02 3.490533e-01 -1.018779e+00 -8.840138e-01 -6.284845e-01 -5.074948e-01 1.575891e-02 -2.054338e-01 4.550138e-01 -1.748280e-03 
-8.538150e+00 8.525933e+00 -2.010276e+00 6.541918e+00 -1.744789e+00 6.424892e+00 3.329036e+00 4.083311e+00 4.106107e+00 6.126640e+00 6.023799e+00 -4.668496e-01 -1.359383e-01 -4.992969e-01 2.266689e-01 8.872572e-01 -4.261559e-01 2.709494e-01 -2.363026e+00 -2.404720e+00 -9.655470e-01 1.219867e+00 2.311494e-01 -6.301733e-01 5.093504e-01 -2.843848e-04 5.309838e-02 -4.667047e-01 -5.317012e-01 -2.819752e-01 -3.016778e-02 -5.169056e-02 -3.309375e-01 -4.394173e-01 -1.168274e+00 -1.799198e-01 -3.747077e-01 1.807857e-01 -3.093392e-03 
-7.791676e+00 7.393466e+00 -4.842669e+00 6.187832e+00 -2.475880e+00 3.845165e-01 -1.270835e+00 5.385561e+00 1.139012e+00 6.968146e+00 9.793914e+00 3.846354e+00 -1.278043e-01 -3.908882e-01 -4.759313e-01 5.809703e-01 -2.935121e-01 -2.935085e-01 -2.332773e+00 -2.380163e+00 -1.778281e+00 -7.854217e-01 9.038078e-01 -9.729134e-01 1.492885e-01 -6.800711e-03 4.251664e-02 -2.800362e-01 -5.238008e-01 -3.637820e-02 -3.862053e-01 8.531886e-01 6.563752e-01 -5.164149e-02 -7.309399e-01 -7.595398e-02 -2.481961e-01 -3.602222e-01 -2.699569e-03 
-9.243190e+00 5.501237e+00 -6.447954e+00 1.623344e+00 -8.030785e-01 2.034884e+00 -3.104490e+00 3.463893e+00 2.372146e-01 4.484574e+00 1.696371e+00 2.089042e+00 -1.512926e-01 -6.292979e-01 -7.406583e-01 -6.847033e-01 -9.106792e-01 -1.327948e+00 4.511610e-01 -9.154826e-01 -1.367842e+00 -3.391233e-01 7.383076e-01 -1.193702e+00 -8.435150e-01 -5.417789e-03 1.917145e-01 1.163182e-01 -3.282107e-01 4.334092e-01 -3.794594e-01 9.265656e-01 1.060401e+00 5.572109e-01 1.395323e-01 2.243216e-01 4.263933e-01 -4.348234e-01 5.948772e-04 
-1.026545e+01 4.442702e+00 -2.993906e+00 4.841591e+00 -4.607376e+00 2.261567e+00 -3.115932e+00 1.042065e+00 2.025970e+00 8.251583e+00 1.352400e+00 -9.559670e-02 -1.512926e-01 -2.373931e-01 7.972300e-02 4.097726e-03 3.459346e-01 -1.589226e+00 1.141709e+00 9.068731e-01 -5.648566e-01 5.546947e-01 7.819183e-01 -7.510881e-01 -1.632260e+00 -4.698670e-03 1.940128e-01 2.257676e-01 -2.246759e-01 5.385446e-01 2.721161e-01 5.467461e-01 9.475735e-01 9.021790e-01 5.038347e-01 -2.436423e-03 7.135637e-01 2.268625e-03 3.272514e-03 
-1.044776e+01 6.298400e+00 -6.358154e+00 2.661638e+00 -7.319172e+00 7.742344e+00 -3.254013e-01 -5.836548e-01 1.966615e+00 9.175921e+00 4.275923e+00 -2.713791e+00 -1.512926e-01 3.824050e-01 5.304960e-01 -4.653952e-01 1.421211e+00 -9.784642e-01 5.324655e-01 1.253882e+00 1.213755e+00 1.247471e+00 1.413784e+00 1.391001e+00 -7.740910e-01 1.635110e-03 5.209288e-02 -9.490133e-04 3.301598e-03 4.336728e-01 8.169956e-01 -3.176905e-01 2.050662e-01 6.137575e-01 3.068444e-02 -4.342338e-01 5.749388e-01 5.274243e-01 2.679082e-03 
-8.376391e+00 7.393901e+00 -4.867202e+00 7.398520e+00 -7.164004e+00 3.239743e+00 1.873697e+00 4.584667e+00 3.048502e+00 8.532085e+00 4.748713e+00 -1.913380e+00 -1.512926e-01 7.340097e-02 1.746728e-02 -6.518967e-01 1.233328e+00 8.923869e-01 3.602675e-01 1.273229e+00 1.441927e+00 9.406560e-01 5.538196e-01 1.302685e+00 1.258128e-01 6.032800e-03 -1.604040e-01 -3.050881e-01 -9.892379e-02 -2.976348e-01 8.679740e-01 -4.422359e-01 -1.524181e-01 4.805025e-02 -4.223433e-01 -7.289351e-01 -1.175596e-01 4.325497e-01 8.736103e-04 
-8.275956e+00 6.678499e+00 -7.838923e+00 7.450738e+00 -4.416699e+00 4.207819e+00 6.700930e-01 7.761123e+00 5.963662e+00 1.141335e+01 6.952655e+00 -8.725525e-01 -1.431235e-01 -5.242454e-01 -7.142176e-01 -3.400960e-01 8.139204e-01 1.516226e+00 -7.466615e-01 -7.313606e-02 6.975589e-01 -3.784523e-01 -1.318868e+00 6.539537e-01 9.144575e-01 2.608687e-03 -1.654315e-01 -2.747759e-01 6.567567e-02 -7.296178e-01 4.296624e-01 -3.601520e-01 2.981280e-02 -3.923192e-01 -5.894609e-01 -7.938282e-01 -9.114553e-01 -1.145123e-01 -1.859773e-03 
-1.098441e+01 4.339632e+00 -5.512926e+00 8.613856e+00 -1.596917e+00 5.830132e+00 2.752621e+00 4.078923e+00 4.730688e+00 9.902121e+00 6.526873e+00 -3.873216e-01 -1.252219e-01 -5.860015e-01 -8.234255e-01 -5.532011e-01 -8.386725e-01 1.503283e+00 -4.298172e-01 8.084009e-01 -6.643077e-02 -7.438942e-01 -1.496374e+00 -9.703944e-01 -3.139061e-01 -8.154266e-04 1.271706e-01 3.630912e-02 5.991403e-02 -6.820591e-01 -1.650854e-01 -2.619794e-01 2.376525e-01 -1.905254e-01 -2.483111e-01 -2.174148e-01 -9.204359e-01 -5.037289e-01 -2.933345e-03 
-1.176469e+01 4.253958e+00 -7.735700e+00 6.123453e+00 -2.521117e+00 2.713809e+00 -1.130665e+00 3.156778e+00 -7.671057e-01 1.896520e+00 6.656596e+00 1.095491e+00 -1.512926e-01 -1.149997e-01 -4.229698e-01 -1.864012e-01 -1.190897e+00 8.643642e-01 -8.733451e-01 1.635369e+00 6.253753e-03 -8.577284e-01 -1.530307e+00 -2.029881e+00 -1.126829e+00 -4.239540e-03 3.148650e-01 2.411707e-01 -5.428154e-03 -4.312422e-01 -3.357392e-01 -7.358382e-02 4.159493e-01 1.176127e-01 1.316853e-01 2.851655e-01 -6.210477e-01 -5.631549e-01 -2.003635e-03 
-9.562066e+00 4.488801e+00 -7.684782e+00 3.868749e+00 -5.953768e-01 1.837379e+00 6.815411e+00 6.554596e+00 2.693719e+00 5.808486e+00 4.477031e-02 -4.466706e+00 -1.512926e-01 5.046864e-01 5.328235e-02 -4.292804e-01 -1.174474e+00 3.927816e-01 -8.861756e-01 1.607092e+00 8.349067e-01 -6.137776e-02 -4.275438e-01 -1.957717e+00 -1.372221e+00 -5.213117e-03 2.801032e-01 2.229776e-01 5.080775e-04 -6.553560e-02 -2.692197e-01 -9.257480e-02 1.569661e-01 2.631491e-01 2.161376e-01 3.240278e-01 -1.902399e-01 -2.361923e-01 -9.768181e-04 
