-8.643254e+00 8.248086e-01 5.314875e-01 -9.309632e-01 3.926316e+00 5.482653e+00 -8.891240e-01 5.525740e+00 -1.998265e+00 3.378059e+00 -5.299360e-01 -1.861365e+00 -1.512926e-01 -1.054776e-01 -6.715727e-01 -6.906383e-01 1.640135e-03 -4.246198e-01 7.200380e-01 5.038707e-01 1.586139e-01 2.302909e-02 -1.743990e-03 9.109951e-01 7.358674e-01 4.923290e-07 3.644423e-02 1.406157e-01 2.023289e-01 4.327863e-03 -6.156198e-02 -4.416769e-01 -2.931483e-01 1.682910e-01 1.070458e-01 1.076915e-02 -2.082137e-01 -3.530123e-02 6.955797e-07 
-8.400187e+00 -2.162076e+00 -3.414031e+00 -3.656192e+00 3.043657e+00 7.218532e+00 1.380900e+00 4.684927e+00 -1.839339e+00 4.169087e+00 3.744841e+00 3.367898e+00 -1.512926e-01 -1.545748e-01 -3.175726e-01 -6.877793e-02 3.661410e-01 -1.077832e+00 -3.503782e-01 -5.823541e-01 1.009179e+00 4.750731e-01 1.381364e-01 3.272268e-01 5.684801e-01 4.923290e-07 9.309053e-02 3.200766e-01 2.585464e-01 -1.095924e-02 1.483297e-01 -5.345896e-01 -1.939521e-01 6.302575e-02 1.074305e-02 -5.295101e-02 -4.450082e-01 -1.320168e-01 6.955797e-07 
-9.291933e+00 -1.039305e+00 -9.490691e-01 4.396076e-01 2.244166e+00 8.214508e+00 4.951594e-01 6.739241e+00 -1.962506e+00 2.974006e+00 1.887898e+00 -7.971007e-01 -1.512926e-01 1.013849e-01 -1.454834e-01 1.004243e-02 -1.590569e-01 -4.057859e-01 -9.532318e-01 -4.188642e-01 5.748582e-01 3.324029e-01 -1.774338e-02 1.618104e-01 6.430026e-01 4.923290e-07 1.323477e-01 2.034517e-01 9.627104e-02 -2.104633e-03 2.888894e-01 -4.261914e-01 -7.336868e-02 -7.598868e-02 6.595952e-02 -8.752953e-02 -3.150689e-01 5.230972e-02 6.955797e-07 
-9.091878e+00 1.689383e-01 9.276186e-01 2.144317e-01 -6.217412e-01 2.364915e+00 -4.493276e+00 9.964363e+00 3.593026e-01 4.271142e+00 -1.024328e-01 4.488202e-01 -1.512926e-01 2.565317e-01 6.658533e-01 2.519737e-01 2.710370e-02 3.075653e-01 -1.116319e+00 -4.464969e-03 2.656344e-01 -7.800342e-02 -2.585342e-01 -9.394855e-01 1.221837e-01 4.923290e-07 1.132461e-01 6.533317e-02 -1.061675e-01 1.542209e-01 4.865070e-01 2.130464e-01 2.060407e-01 -1.984155e-01 -5.302401e-02 -1.616885e-01 1.623944e-01 -1.046341e-01 6.955797e-07 
-7.790518e+00 -1.067796e+00 -1.589547e+00 -3.661597e+00 3.730237e+00 3.143759e+00 -4.651674e-02 5.759800e+00 -1.436064e+00 3.238515e+00 2.202967e+00 2.813092e+00 -1.512926e-01 3.507982e-01 -1.458984e-01 -3.696380e-01 1.607159e-01 3.270487e-01 -1.027826e+00 -1.519992e-01 1.502954e-01 6.292242e-01 -2.409349e-01 -3.099037e-02 1.220526e+00 4.923290e-07 -4.426578e-02 1.861741e-02 -7.092678e-02 2.714750e-01 6.634448e-02 4.836954e-01 -1.043802e-01 1.099761e-01 1.685229e-03 3.773604e-02 4.353647e-01 -3.109493e-01 6.955797e-07 
-7.868540e+00 1.181525e+00 -1.834332e+00 -1.469884e+00 3.838900e+00 4.172778e+00 1.629168e+00 6.503171e+00 -2.492922e+00 2.744487e+00 -1.109991e+00 2.173605e+00 -1.512926e-01 2.869065e-01 9.452126e-03 -4.097941e-01 9.775525e-01 9.884443e-01 7.523717e-01 3.145370e-01 2.291610e-01 6.145207e-02 -5.586370e-01 1.235722e+00 -2.435109e-01 4.923290e-07 -9.450095e-02 -5.469125e-02 -5.442515e-02 4.169193e-02 -4.056806e-02 5.485841e-01 -1.171107e-01 1.368377e-01 -1.889414e-02 3.575547e-01 6.284382e-01 -4.371434e-01 6.955797e-07 
-8.150118e+00 -2.275167e+00 -1.415828e+00 2.085193e+00 1.648645e+00 2.171384e+00 -3.326165e+00 9.221997e+00 2.609595e+00 2.532464e+00 2.236697e+00 4.443361e+00 -1.512926e-01 -1.350668e-01 2.758860e-01 -1.382746e-02 7.232031e-01 -4.144885e-01 5.309992e-01 -1.100128e+00 1.142915e+00 2.708649e-01 3.208723e-01 1.251079e+00 -7.289028e-01 4.923290e-07 1.787187e-01 4.028162e-01 -1.213624e-02 -2.925199e-01 5.459169e-02 1.946718e-01 4.672199e-01 -9.797155e-02 -1.791089e-01 4.145331e-01 -7.411450e-02 -6.038791e-01 6.955797e-07 
-7.477932e+00 8.195755e-01 -1.208331e+00 2.228405e+00 5.360786e+00 6.612567e+00 -1.280836e+00 9.379712e+00 -1.356104e+00 1.830994e+00 6.059185e+00 -1.583826e+00 -1.512926e-01 2.701911e-02 1.816796e-01 -1.980732e-01 -4.575833e-02 4.753821e-01 8.472456e-01 -1.160426e-01 4.536002e-01 6.496501e-03 1.248265e+00 1.561651e+00 -1.088833e+00 4.923290e-07 4.813592e-01 4.976185e-01 7.439940e-02 -5.711820e-01 -7.094526e-02 -4.891734e-01 8.675691e-01 -4.224342e-01 1.313208e-01 2.675636e-01 -8.349889e-01 1.929242e-02 6.955797e-07 
-8.661259e+00 4.928033e-01 -1.971640e+00 -1.894716e+00 8.971106e-01 4.578721e+00 -4.092035e+00 1.003619e+01 -6.503738e-01 5.299603e+00 4.873521e+00 1.047332e+00 -1.512926e-01 1.374244e+00 1.782081e+00 -5.359813e-01 -7.904006e-01 8.563470e-01 -1.020609e-01 2.399343e+00 -4.518351e-01 -2.387370e-01 9.282777e-01 -5.645231e-01 -1.376127e+00 4.923290e-07 4.800858e-01 3.306590e-01 3.300347e-01 -2.185859e-01 5.155871e-02 -3.559868e-01 7.159232e-01 -7.803590e-01 3.806144e-02 -2.284968e-01 -9.087272e-01 4.583435e-01 6.955797e-07 
-7.477932e+00 7.056123e-01 -2.546315e+00 2.909915e-01 6.591894e+00 7.205551e+00 1.432058e+00 8.363605e+00 -8.301588e-01 7.602705e+00 5.379983e+00 -1.572353e+00 -1.512926e-01 1.938926e+00 1.744316e+00 2.232552e-01 -1.121618e+00 -1.830625e-03 -1.376974e+00 2.902622e+00 -1.085640e+00 9.727347e-01 4.754950e-01 -2.031345e+00 1.765820e-01 4.923290e-07 -1.288400e-01 -2.178674e-01 4.248492e-01 7.639565e-02 -4.062791e-01 -1.278072e-01 -3.433065e-01 -6.439275e-01 -1.241098e-01 -5.476195e-01 -6.768269e-01 6.665827e-01 6.955797e-07 
-1.278718e+00 6.691883e+00 -3.427192e+00 -8.979374e-01 5.315258e+00 1.365398e+00 7.314260e+00 7.471059e+00 1.152939e+00 4.287804e+00 -2.462967e-01 -2.442940e+00 -1.512926e-01 1.309436e+00 1.147952e+00 1.425825e+00 1.682500e-01 8.181799e-02 -1.368055e-01 9.701822e-01 -1.989156e+00 -2.182322e-02 -4.352131e-01 -1.495962e+00 9.300870e-01 4.923290e-07 -9.631655e-01 -9.861005e-01 2.558613e-01 3.049081e-01 -5.690649e-01 2.957318e-01 -1.213310e+00 3.530322e-02 -1.422254e-01 -4.593247e-01 2.201452e-01 4.440165e-01 6.955797e-07 
-1.474772e+00 6.441570e+00 6.354554e-01 -3.877765e+00 3.142000e+00 1.334126e+00 7.529426e+00 5.234419e+00 2.606118e+00 4.713934e+00 -1.537494e+00 1.044327e+00 -1.512926e-01 -5.847964e-01 -5.906465e-01 9.454437e-01 -1.432256e-01 -1.168625e+00 2.256725e-01 -1.117882e+00 -1.997474e+00 -7.223153e-01 -8.079990e-01 -1.356727e+00 1.091081e+00 4.923290e-07 -1.065656e+00 -8.990842e-01 -3.199055e-01 3.493400e-01 -2.980870e-01 3.288407e-01 -9.781009e-01 6.749877e-01 -2.770782e-01 -7.013153e-02 8.309329e-01 -9.717861e-02 6.955797e-07 
-5.116279e+00 3.364852e+00 3.566738e+00 1.031370e+00 3.030909e+00 6.830289e+00 -2.289959e+00 1.655192e+00 -2.478022e+00 4.567725e+00 8.522308e-01 4.389547e+00 -1.512926e-01 -2.179733e+00 -1.980917e+00 3.821392e-01 2.449268e-01 -1.405413e+00 5.752454e-01 -1.657005e+00 1.805299e-01 -1.024962e-01 -7.266306e-01 1.988163e-01 3.866285e-01 4.923290e-07 -4.984901e-01 -3.852108e-01 -6.075373e-01 1.921790e-02 2.141847e-02 -1.334191e-02 -4.729658e-02 1.001344e+00 -8.708141e-02 2.335505e-01 6.732195e-01 -3.733421e-01 6.955797e-07 
-8.482710e+00 -5.837427e-01 -1.316247e+00 -1.389421e+00 1.890860e+00 5.601249e+00 6.446218e-01 1.284009e+00 -2.626519e+00 3.422214e+00 -1.952732e+00 4.668493e-01 -1.512926e-01 -1.644770e+00 -1.186595e+00 -8.546194e-01 5.868252e-01 -7.486933e-01 -8.887216e-02 -6.742680e-01 1.204504e+00 -3.725285e-01 2.704742e-01 1.275966e+00 -3.755219e-02 4.923290e-07 2.585944e-01 3.130583e-01 -1.679787e-01 2.551555e-01 5.158890e-01 -1.100683e-01 3.129770e-01 5.389005e-01 -2.523685e-01 4.005712e-01 6.730155e-01 -2.318590e-01 6.955797e-07 
-8.673762e+00 2.997634e-01 -5.406548e-01 -9.174526e-01 -1.086745e+00 2.107660e+00 2.471776e+00 1.034861e+01 3.256225e+00 1.300727e+00 9.554653e-01 -2.207155e-01 -1.512926e-01 -6.528777e-01 -4.799783e-01 -7.118974e-01 -1.006910e-01 -2.092433e-02 -4.632779e-02 5.118486e-01 1.416625e+00 -6.321515e-01 1.933343e-01 5.537955e-01 -3.723269e-01 4.923290e-07 6.147196e-01 4.314927e-01 1.084095e-01 2.751677e-01 6.888163e-01 -1.056191e-01 1.447814e-01 -4.106105e-01 -5.589576e-01 2.536017e-01 2.052589e-01 9.845149e-02 6.955797e-07 
-7.919554e+00 2.040901e+00 -1.583844e+00 3.068814e-02 1.458030e+00 3.251145e+00 1.777126e+00 6.910016e+00 -2.123419e+00 7.699761e+00 4.790729e+00 3.161655e+00 -1.512926e-01 -5.533312e-02 2.241486e-01 6.524160e-01 1.305432e+00 7.184048e-01 -1.385226e-02 -6.374125e-01 7.910833e-02 -1.719323e+00 7.347993e-01 1.830962e+00 3.113723e-01 4.923290e-07 3.753121e-01 8.699130e-02 3.053662e-01 1.375044e-01 4.210136e-01 -1.556002e-01 -7.122995e-02 -3.354211e-01 -6.193690e-02 -2.014864e-01 -3.056885e-01 3.427218e-02 6.955797e-07 
-8.662259e+00 -3.473852e-01 1.410592e-01 -1.821782e-01 3.142607e+00 7.773753e+00 -2.967912e-01 5.925552e+00 -5.889964e+00 3.395971e+00 2.494333e-01 1.180365e+00 -1.512926e-01 9.902821e-02 -5.288106e-01 1.706669e-01 1.261467e+00 1.304984e+00 9.405323e-03 -9.514706e-01 -1.309759e+00 -2.224026e+00 3.093298e-01 9.477234e-01 7.045282e-01 4.923290e-07 2.093252e-01 -2.217056e-01 1.788910e-01 -2.454674e-01 1.433537e-01 -2.219912e-01 1.670344e-01 4.150204e-02 6.704422e-01 -2.073147e-01 -3.491647e-01 3.258867e-02 1.516715e-02 
-8.764788e+00 8.605675e-01 1.604946e+00 4.769891e+00 3.368432e+00 2.698874e+00 -1.157956e+00 3.890827e+00 -6.650325e+00 6.048559e+00 7.554807e+00 1.322959e+00 -1.512926e-01 -1.441007e-01 -7.271835e-01 2.310876e-01 5.933103e-01 6.933361e-01 -8.946624e-01 -2.987468e-01 8.904808e-01 1.136522e-01 -7.949709e-01 -4.494347e-01 -4.047143e-01 4.923290e-07 7.574534e-02 -3.733673e-01 -1.768728e-01 -9.722998e-01 3.273230e-01 -1.795218e-01 3.947069e-01 2.401515e-01 1.403111e+00 -5.723247e-01 -8.194093e-01 1.564465e-01 3.753691e-02 
-7.756009e+00 -1.753901e+00 -1.281591e+00 3.020424e+00 4.482985e+00 2.430999e+00 -8.179036e-01 5.309258e+00 -5.600420e+00 3.672976e+00 4.311864e+00 4.221275e+00 -1.512926e-01 4.381256e-01 -1.112724e+00 3.932039e-01 -9.718881e-01 7.084033e-01 -7.159761e-01 1.177719e+00 1.218581e+00 1.803651e+00 -7.842678e-02 -5.189871e-02 1.484920e-01 7.583351e-02 -1.636621e-01 4.181080e-02 -2.660935e-01 -9.661850e-01 3.739076e-01 -1.500532e-01 1.707517e-01 -6.376322e-02 1.584847e+00 -5.530564e-01 -3.739209e-01 1.380310e-01 5.130978e-02 
-9.093879e+00 -8.919087e-01 2.831927e-01 1.395855e+00 4.254732e+00 1.449183e+00 5.438099e-01 1.167060e+01 -1.699782e+00 3.586334e+00 5.123746e-01 -3.824311e-01 -1.512926e-01 1.538860e-01 -1.350661e+00 -3.430330e-01 -2.439428e+00 2.653234e+00 -5.486349e-01 2.716139e-01 1.575985e-02 3.282093e+00 -1.932985e+00 -1.766290e+00 1.371667e+00 1.497676e-01 -4.599355e-01 6.741185e-01 -1.214945e-01 -6.543677e-01 -1.748248e-01 2.256428e-01 1.942267e-01 -6.908205e-01 1.100725e+00 -1.223690e-01 2.198597e-01 1.482351e-01 4.249139e-02 
-6.307108e+00 -5.035288e+00 2.768334e+00 -3.355057e+00 6.242230e+00 4.818865e+00 4.740295e+00 8.128037e+00 6.533156e-01 4.234902e+00 3.511030e+00 2.775668e+00 2.278747e-01 -8.683813e-01 -7.978125e-03 -8.727705e-01 -2.052897e+00 2.194465e+00 -9.139492e-01 -3.829076e-01 -1.191381e+00 4.116071e+00 -1.886929e+00 -2.633875e-01 5.064304e-01 1.816638e-01 -6.170961e-01 1.311087e+00 5.411996e-01 1.096699e-01 -9.825928e-01 8.229889e-01 4.235288e-01 -3.531566e-01 4.791411e-01 1.113296e-01 3.207196e-01 -4.128872e-01 5.605932e-04 
-8.719775e+00 -4.252081e+00 -2.135269e+00 -4.239548e+00 1.575539e+01 -1.237831e+00 -2.579354e+00 2.559793e+00 6.633401e+00 -3.897396e+00 -8.761804e-01 8.903928e+00 4.079804e-01 -1.790491e+00 2.090845e+00 2.566980e-01 -2.138062e+00 -9.237838e-01 3.326007e-01 1.452562e+00 -1.358710e+00 4.461112e+00 -5.026392e-01 7.557553e-01 1.574011e-01 1.595456e-01 -1.176864e-01 1.201645e+00 1.514124e+00 7.977882e-01 -1.683069e+00 1.378790e+00 1.071716e+00 2.421030e-01 -3.314252e-01 8.608787e-01 6.012757e-01 -1.108140e+00 -3.502982e-02 
-1.228476e+01 -1.136442e-01 -4.436164e+00 -4.426594e+00 9.704873e+00 -7.953054e-01 -1.171498e+00 3.907905e+00 1.081365e+01 -2.019590e+00 3.689135e+00 2.110230e+00 4.773911e-01 -1.675014e+00 3.721957e+00 2.799339e+00 -5.741987e-01 -2.416080e+00 2.958297e+00 2.704861e+00 1.398973e-01 3.610143e+00 -2.370493e-01 2.907760e-01 -1.308836e+00 7.374740e-02 6.297814e-01 5.650543e-02 1.434525e+00 7.753142e-01 -1.170732e+00 1.104732e+00 1.013766e+00 4.563642e-01 -1.279670e+00 5.219222e-01 1.165119e-01 -7.622660e-01 -4.949334e-02 
-1.505753e+01 7.102092e+00 5.168371e+00 -8.758679e+00 -2.096278e+00 5.918687e+00 1.076293e+01 6.987366e+00 1.552580e+01 4.200328e+00 4.201986e+00 7.372860e-01 5.216621e-01 -3.124280e-02 2.792482e+00 5.391459e+00 8.100843e-01 -3.456752e+00 4.409202e+00 4.086379e+00 5.606207e-01 1.878047e+00 1.546311e+00 9.629884e-01 -3.261409e+00 2.857494e-02 1.203622e+00 -1.204436e+00 5.196837e-02 5.473973e-01 -1.330740e-01 -3.033477e-01 -3.070500e-01 -5.865492e-02 -2.071759e+00 -2.603786e-01 -2.768131e-01 -9.288395e-02 -3.827692e-02 
-1.151355e+01 7.897510e+00 1.311337e+01 -3.966335e+00 3.087365e+00 1.603186e+01 1.159350e+01 6.614174e+00 1.425787e+01 -9.990438e-01 2.426046e+00 3.144214e-01 5.397394e-01 1.400822e+00 -7.631578e-02 3.732626e+00 3.495468e-01 -2.392700e+00 2.571427e+00 3.368933e+00 1.307789e-01 -9.906638e-01 -3.018468e-01 2.153765e-01 -1.595502e+00 -3.204487e-04 1.420590e+00 -1.547457e+00 -1.391952e+00 -1.308737e-01 -2.235895e-01 -1.845250e+00 -1.336949e+00 -9.424469e-01 -2.383710e+00 -5.134760e-01 -4.041829e-01 5.296004e-01 -5.096834e-03 
-9.261425e+00 5.704879e+00 1.604728e+01 -4.190632e-01 1.780376e+00 1.239431e+01 1.147012e+01 4.010369e+00 1.430108e+01 3.323908e+00 4.570461e+00 -6.505227e+00 5.196945e-01 2.689654e+00 -2.032101e+00 4.994990e-02 1.369689e-01 -1.600766e+00 -9.908127e-01 -4.147067e-01 -1.647458e+00 -3.597303e+00 -1.772191e+00 -5.906122e-01 -1.637478e-01 5.189039e-03 1.114129e+00 -9.840170e-01 -2.151698e+00 -5.959194e-01 -6.732762e-01 -2.407869e+00 -1.794636e+00 -1.488862e+00 -1.852922e+00 -1.074735e+00 -7.797668e-01 6.805661e-01 2.241660e-02 
-8.179126e+00 2.029528e-01 8.787071e+00 -6.848287e+00 -4.196082e+00 8.824013e+00 1.531953e+01 6.050117e+00 6.471992e+00 -3.090539e+00 4.581960e+00 -2.245986e+00 4.767762e-01 4.067515e+00 -1.602846e+00 -1.489658e+00 -8.919687e-01 -4.461834e+00 -3.568008e+00 -1.729368e+00 -3.468406e+00 -5.570805e+00 -1.145243e+00 -9.531777e-01 -2.097609e-01 5.995228e-02 5.918854e-01 -3.604881e-02 -1.288915e+00 -3.182499e-01 -7.647869e-01 -1.816128e+00 -1.143292e+00 -1.039275e+00 -2.123692e-01 -5.082566e-01 -5.907309e-01 -2.616220e-02 3.638174e-02 
-3.276770e+00 7.887590e-01 7.581131e+00 -6.632718e+00 -6.457969e+00 4.569281e+00 6.826751e+00 -9.682021e-01 1.432053e+00 -3.614975e+00 1.707298e-01 1.198941e+00 5.791090e-01 4.206035e+00 -1.364356e+00 -2.755881e+00 -1.548681e+00 -5.788522e+00 -4.560427e+00 -2.337708e+00 -5.084113e+00 -5.096717e+00 -3.405614e+00 -2.351538e+00 -5.513485e-01 1.105272e-01 -2.278174e-01 2.763766e-01 -1.918082e-01 -8.469471e-02 -2.395600e-01 -8.943956e-01 4.245981e-01 1.840177e-01 1.418836e+00 8.057861e-02 -2.983065e-01 -3.719678e-01 2.494844e-02 
5.831748e+00 2.341218e+00 9.897818e+00 -5.319492e+00 -1.510304e+01 2.104120e+00 5.268429e+00 -8.238162e+00 -7.161868e+00 -3.255909e+00 -1.402514e-01 -4.586219e+00 8.098102e-01 3.601944e+00 -5.905082e-01 -1.309018e+00 -3.988149e-01 -4.122694e+00 -4.724364e+00 -1.386095e+00 -3.347308e+00 -1.302793e+00 -2.026467e+00 -1.857880e+00 -1.532509e+00 1.289225e-01 -1.004004e+00 1.413834e-01 3.704777e-01 2.947829e-01 9.670922e-01 -1.311078e-02 1.238689e+00 1.461493e+00 2.365052e+00 5.207479e-01 -5.592464e-02 -4.265368e-02 -4.850725e-03 
4.763453e+00 -2.185625e+00 1.712423e+00 -8.926810e+00 -2.170901e+01 -7.047892e+00 4.807503e+00 -1.426599e+01 -4.365765e+00 -1.362133e+01 -4.826433e+00 -8.092062e+00 9.058186e-01 1.783256e+00 -1.156300e+00 -9.993307e-01 -5.330946e-01 -2.968239e+00 -4.884473e+00 1.536610e+00 -7.879340e-01 1.362935e+00 -9.286801e-01 -1.629831e+00 -1.362291e+00 9.544836e-02 -1.090729e+00 1.865639e-01 8.155181e-01 5.245659e-01 1.422608e+00 7.492018e-01 1.333862e+00 1.921870e+00 1.876582e+00 1.256988e+00 3.385016e-01 3.367876e-01 -2.641909e-02 
5.810742e+00 -1.262580e+00 5.176268e+00 -7.695248e+00 -1.718463e+01 -8.989102e+00 9.398709e+00 -4.037618e+00 2.856923e+00 -8.219514e+00 -2.209030e+00 -5.262857e+00 9.580479e-01 2.588884e-01 -9.999807e-01 -5.155925e-01 7.412068e-02 -1.036398e+00 -3.471433e+00 2.526988e+00 1.691135e+00 3.024613e+00 2.200761e-01 -1.593750e+00 -1.763760e-02 4.323660e-02 -8.315177e-01 1.506498e-01 4.368758e-01 2.681396e-01 8.131685e-01 9.720076e-01 4.141082e-01 9.091082e-01 3.887078e-01 7.213468e-01 2.823007e-01 3.705608e-01 -3.145048e-02 
5.650198e+00 -3.191234e+00 4.945082e+00 -8.110172e+00 -2.025876e+01 -1.430649e+01 1.244463e+01 -7.008587e+00 3.237352e+00 -5.776451e+00 -6.944018e+00 -5.274057e+00 9.822388e-01 4.239857e-01 -2.268246e-01 9.250548e-01 8.377414e-01 -2.186156e-01 -1.440648e+00 2.375072e+00 2.005958e+00 2.122515e+00 1.756017e+00 -7.910918e-01 3.750990e-01 2.127888e-02 -2.994815e-01 3.535782e-01 2.820402e-01 1.910291e-01 5.629950e-01 8.811750e-01 -6.003610e-01 -5.448327e-03 -4.862052e-01 3.118415e-01 6.572320e-01 1.430128e-01 -2.169688e-02 
6.682983e+00 -2.155971e+00 5.703565e+00 -5.357021e+00 -2.101029e+01 -1.162360e+01 1.408471e+01 -3.411278e+00 4.160116e+00 -6.077616e+00 -7.050319e+00 -6.083455e+00 9.877727e-01 1.240350e-01 -3.019407e-01 -8.680467e-02 2.564665e-01 -1.431651e+00 -1.586150e+00 2.652091e-01 -1.987611e-01 2.610678e-01 2.380183e-01 -8.656587e-01 -5.484137e-01 8.756834e-03 -1.717216e-02 2.496740e-01 -2.740724e-02 -1.232500e-01 2.589861e-01 1.460197e-01 -1.176544e+00 -6.908205e-01 -9.759072e-01 1.255524e-01 9.456187e-01 -1.992883e-01 -9.971328e-03 
6.447418e+00 -2.873184e+00 6.073814e+00 -5.907351e+00 -2.088949e+01 -1.293407e+01 1.434000e+01 -4.549438e+00 5.594919e+00 -5.912246e+00 -6.361152e+00 -5.806462e+00 9.973472e-01 3.532858e-01 2.626058e-01 1.964016e-01 3.308544e-01 4.428003e-02 -1.421220e+00 -3.343663e-01 1.296591e-01 3.138803e-01 6.215465e-01 1.292248e+00 -3.817601e-01 4.204820e-03 -2.222202e-02 8.134374e-02 -2.715754e-01 -1.961516e-01 2.974671e-01 -3.053701e-01 -1.294836e+00 -6.590801e-01 -8.100404e-01 1.329186e-02 1.108512e+00 -2.073279e-01 -5.056841e-03 
6.032303e+00 -2.931328e+00 4.178263e+00 -7.514207e+00 -2.402736e+01 -1.760654e+01 9.776880e+00 -6.261199e+00 2.983071e+00 -6.961951e+00 -6.828773e+00 -7.738582e+00 9.942904e-01 2.083511e-01 3.642042e-03 -2.884555e-01 -2.886635e-01 1.270194e-01 -2.751015e+00 -2.001065e+00 -8.245673e-01 -9.504039e-01 1.415116e+00 2.092686e+00 -6.355138e-01 1.910092e-03 6.696297e-02 1.576621e-02 -1.901658e-02 6.940725e-02 6.475393e-01 1.045325e-01 -7.545021e-01 -2.914553e-01 -2.001230e-01 1.527368e-01 1.101130e+00 3.378184e-01 -2.901851e-03 
7.741776e+00 -1.490507e+00 6.690164e+00 -5.377738e+00 -1.852926e+01 -1.842138e+01 1.292663e+01 -4.935689e+00 5.394772e+00 -2.226615e+00 -5.933077e-01 -6.355258e+00 9.999999e-01 2.708026e-01 2.715905e-02 -3.320927e-01 1.295301e-01 4.894102e-01 -2.384991e+00 -2.966048e+00 -9.765397e-01 -1.321775e+00 1.233980e+00 3.272250e+00 -6.180099e-01 -5.825506e-04 2.959398e-02 -1.199946e-01 -7.182178e-02 8.326492e-02 3.961337e-01 6.090814e-01 -3.106146e-01 -4.441301e-01 2.248699e-01 -3.120942e-01 1.559913e-01 7.839814e-01 -3.211025e-03 
7.078093e+00 -2.829575e+00 3.953218e+00 -7.065356e+00 -2.155543e+01 -2.263540e+01 4.786438e+00 -7.341095e+00 -4.919445e-01 -8.449204e-01 5.292397e-01 -8.986689e+00 9.959945e-01 5.000535e-01 -1.055045e-01 8.252236e-02 7.042246e-01 1.583467e+00 -5.815359e-01 -2.191410e+00 -1.102917e+00 7.813774e-02 6.953723e-01 3.650080e+00 1.258887e+00 -3.358691e-03 1.015216e-01 -2.656309e-02 1.303573e-02 1.817774e-01 4.155163e-01 1.234972e+00 6.333786e-01 -3.700312e-01 8.592072e-01 -5.602331e-01 -7.236066e-01 1.137998e+00 -4.104708e-03 
7.278648e+00 -2.788002e+00 4.526139e+00 -5.484321e+00 -1.967841e+01 -2.234510e+01 2.005332e+00 -8.892127e+00 7.233424e-01 -2.801037e+00 6.320848e+00 -8.272627e+00 9.935701e-01 3.555115e-01 -2.829888e-01 -3.482546e-01 2.506489e-01 1.296801e+00 5.393663e-01 -1.792404e+00 -1.951722e+00 9.240555e-01 -5.789791e-01 1.293451e+00 2.590963e+00 -9.215865e-03 8.501075e-02 5.754721e-02 -9.760907e-02 1.028007e-01 1.672385e-01 1.179848e+00 1.210275e+00 -2.199966e-01 6.926157e-01 -3.427581e-01 -1.471715e+00 9.473500e-01 -4.992238e-03 
8.764559e+00 -2.809806e+00 5.672857e+00 -3.939614e+00 -1.553587e+01 -1.855178e+01 4.280873e+00 -9.797732e+00 5.709644e+00 -3.197592e+00 7.964423e+00 -4.854156e-01 9.807280e-01 6.736608e-01 2.591403e-02 -2.151053e-01 5.595496e-01 1.800901e+00 1.961624e+00 5.791547e-01 -2.187200e+00 2.222783e+00 -4.795543e-01 -5.360286e-01 3.449911e+00 -1.429743e-02 2.660797e-02 1.334329e-01 -2.042263e-01 8.405905e-02 -2.195139e-01 7.121060e-01 9.630480e-01 2.007774e-01 -1.411385e-01 -1.835230e-01 -1.444716e+00 5.787560e-02 -5.066071e-03 
8.676034e+00 -2.915048e+00 4.089210e+00 -5.687279e+00 -1.505508e+01 -1.776644e+01 4.217678e+00 -1.346636e+01 6.914501e+00 -3.945299e+00 2.156461e+00 2.348706e+00 9.615615e-01 6.089836e-01 2.491872e-01 -6.713684e-01 7.158596e-01 1.216919e+00 2.242701e+00 1.700100e+00 -1.534518e+00 1.068869e+00 1.075090e-01 -1.993229e+00 3.023215e+00 -2.007437e-02 1.440047e-02 1.636446e-01 -3.663696e-02 1.809436e-01 -2.081876e-01 1.896448e-01 4.431337e-01 8.510229e-01 -7.012741e-01 -1.891338e-01 -5.375888e-01 -5.272281e-01 -3.806301e-03 
9.747830e+00 -2.636245e+00 3.096031e+00 -4.165690e+00 -1.486204e+01 -1.511660e+01 6.575975e+00 -1.599031e+01 7.526863e+00 -2.670657e+00 -6.844717e-02 2.952135e+00 9.404976e-01 5.063379e-01 2.956679e-01 -7.770423e-01 8.920064e-01 5.257791e-01 2.127547e+00 8.775941e-01 -3.077013e-01 -6.999657e-01 -5.654939e-01 -1.930041e+00 1.332047e+00 -2.325704e-02 -8.787026e-02 1.318428e-01 9.386572e-02 -2.958172e-02 -1.743509e-01 -3.937759e-01 -5.149139e-01 1.217959e+00 -8.504745e-01 -6.195167e-01 1.674517e-01 -7.628500e-01 -2.140451e-03 
9.831854e+00 -1.628891e+00 2.457308e+00 -1.792036e+00 -1.393021e+01 -1.284969e+01 9.358084e+00 -1.346787e+01 5.159363e+00 -2.526531e+00 3.713216e-01 5.124643e+00 9.133377e-01 5.111821e-01 4.002494e-01 -2.505372e-01 9.890922e-01 8.933654e-01 1.404719e+00 2.739736e-01 1.363515e+00 -1.120781e+00 -1.481573e+00 -6.975594e-01 1.013728e+00 -2.376519e-02 -1.209359e-01 1.670990e-01 2.005389e-01 -1.875352e-01 1.002286e-01 -7.427190e-01 -9.618058e-01 9.809687e-01 -1.456312e-01 -8.886637e-01 4.176234e-01 -6.132587e-01 -4.899839e-04 
1.071860e+01 -1.974851e+00 2.603828e+00 -1.426951e+00 -1.346885e+01 -1.037273e+01 6.097996e+00 -1.133520e+01 3.087366e+00 -6.734515e+00 -7.933884e-01 4.786734e+00 8.885494e-01 2.832406e-01 6.096891e-01 4.385811e-02 2.749681e-01 1.090927e+00 4.117332e-01 -1.282383e+00 2.453717e+00 -9.347898e-01 -2.782438e+00 -3.467433e-01 6.403822e-01 -2.315540e-02 -1.270836e-01 1.726369e-01 4.458459e-02 -1.967472e-01 3.177027e-01 -9.842461e-01 -8.561425e-01 3.653333e-01 5.365314e-01 -5.134324e-01 3.584034e-02 -2.841507e-01 1.761556e-05 
1.074611e+01 -1.244265e+00 3.082432e+00 -2.111485e+00 -1.128466e+01 -1.311462e+01 5.826155e+00 -8.976509e+00 3.530372e+00 -9.321288e+00 -9.686826e-01 6.500319e+00 8.687153e-01 1.159176e-01 9.277220e-01 -7.909669e-02 8.670941e-02 1.435393e+00 -6.130187e-01 -2.029043e+00 1.989801e+00 4.582343e-01 -3.227221e+00 -6.967267e-01 3.027776e-01 -2.256701e-02 -2.990660e-02 3.117364e-02 -2.029398e-01 -3.799955e-02 3.388388e-01 -7.779658e-01 -6.933447e-01 -3.408163e-01 8.007299e-01 1.453426e-01 -4.243304e-01 -2.743245e-01 -1.961915e-04 
1.070710e+01 2.195240e-01 3.002591e+00 -2.631191e+00 -1.073042e+01 -1.292581e+01 1.930099e+00 -5.967869e+00 3.667446e+00 -1.318562e+01 -1.131967e+00 5.466104e+00 8.470190e-01 6.865346e-02 8.952132e-01 -6.397905e-01 3.594652e-01 1.843375e+00 -1.784690e+00 -2.251524e+00 1.205783e+00 1.193169e+00 -2.259943e+00 -1.751303e+00 2.667217e-01 -2.377054e-02 1.103040e-01 -1.423655e-01 -2.752113e-01 1.635520e-01 4.041426e-01 -2.968762e-01 -1.762312e-01 -9.047948e-01 7.881939e-01 1.072786e+00 -4.657266e-01 -3.405309e-01 -6.791801e-04 
1.041702e+01 1.912402e+00 1.862892e+00 -7.562267e-01 -8.122514e+00 -1.463808e+01 1.296639e+00 -6.202935e+00 7.160340e+00 -1.543707e+01 -2.943170e+00 6.298994e+00 8.212645e-01 4.688931e-01 4.135296e-01 -9.234940e-01 7.567730e-01 2.211481e+00 -1.386901e+00 -2.708060e+00 2.832312e-01 1.818806e+00 -1.016105e+00 -2.116828e+00 -1.710847e-01 -2.443917e-02 1.808704e-01 -2.504369e-01 -2.353277e-01 5.312748e-02 3.014952e-01 2.970030e-01 1.871995e-01 -1.120663e+00 3.234915e-01 1.732910e+00 -1.145727e-01 -6.645540e-01 -1.094489e-03 
1.122674e+01 9.230728e-01 1.471839e-02 -3.073760e-01 -5.833309e+00 -1.853467e+01 -2.894830e+00 -6.693157e+00 7.237816e+00 -1.497637e+01 -8.562551e+00 6.220868e+00 7.934370e-01 6.582116e-01 1.548426e-01 -9.098186e-01 7.577267e-01 2.723634e+00 -6.857696e-01 -1.823979e+00 -1.216976e+00 2.325805e+00 1.475914e+00 -1.965289e+00 -8.253313e-01 -2.561595e-02 1.657647e-01 -1.283289e-01 -1.976257e-01 -1.690716e-01 8.860034e-03 8.507240e-01 4.476149e-01 -1.116818e+00 -1.779495e-01 1.727299e+00 4.699091e-01 -9.674130e-01 -1.209852e-03 
1.283068e+01 4.715805e-01 -4.099441e-02 5.104630e-01 -2.676623e+00 -1.724426e+01 -5.301778e+00 -7.197946e+00 1.083948e+01 -1.350678e+01 -7.837609e+00 5.267784e+00 7.733042e-01 7.255074e-01 4.569598e-02 -1.120545e+00 1.530863e-01 2.502692e+00 3.225318e-01 -1.306766e+00 -2.402040e+00 1.509432e+00 3.569320e+00 -1.162539e+00 -2.473944e+00 -2.711368e-02 1.380124e-01 1.327749e-01 -2.473543e-01 -3.784057e-01 -3.398853e-01 1.007659e+00 3.572282e-01 -6.221741e-01 -8.541701e-01 1.238633e+00 7.343553e-01 -7.357422e-01 -4.653731e-04 
1.279117e+01 1.713838e+00 -5.950516e-01 5.242738e-01 1.650022e-01 -1.505111e+01 -3.890913e+00 -1.155470e+01 1.345679e+01 -6.771172e+00 -8.511189e+00 1.855091e+00 7.429118e-01 7.692366e-01 4.373233e-01 -1.529441e+00 -1.842343e-01 1.742061e+00 1.614179e+00 -7.140450e-01 -3.035525e+00 4.580812e-01 4.083700e+00 1.210114e-01 -3.418944e+00 -2.847768e-02 1.842955e-01 3.537427e-01 -2.101557e-01 -4.009591e-01 -6.696745e-01 1.031580e+00 -1.829529e-01 1.898430e-03 -1.299308e+00 2.743053e-01 7.989987e-01 -1.691914e-01 2.141843e-03 
1.326230e+01 1.745527e+00 -3.435088e+00 -4.064534e-01 1.392467e+00 -1.476730e+01 -4.739538e+00 -1.578236e+01 1.159785e+01 -1.693015e+00 -8.781541e+00 -3.888001e+00 7.109383e-01 1.103490e+00 9.360222e-01 -1.850566e+00 -6.642272e-01 1.002862e+00 2.501370e+00 -1.476886e+00 -1.918448e+00 -1.518176e+00 3.873194e+00 5.118864e-01 -2.553079e+00 -2.533245e-02 1.359485e-01 5.574936e-01 1.736329e-01 -2.210080e-01 -6.128535e-01 8.621649e-01 -5.880888e-01 4.381695e-01 -1.361553e+00 -4.524960e-01 8.083791e-01 5.387738e-01 4.552171e-03 
1.485674e+01 2.472915e+00 -5.935584e+00 -7.700375e-01 8.430827e-01 -1.170267e+01 -6.746248e+00 -1.757800e+01 9.149398e+00 -4.650272e-01 -7.485232e+00 -6.295980e+00 6.822149e-01 1.390741e+00 1.478435e+00 -1.595705e+00 -8.382758e-01 1.253309e-01 3.382606e+00 -2.653676e+00 -1.449414e+00 -2.657088e+00 2.695639e+00 1.192518e+00 -1.631767e+00 -1.579516e-02 -1.698976e-01 4.589080e-01 7.426313e-01 5.900408e-02 -2.165757e-01 3.829243e-01 -5.718447e-01 9.025649e-01 -1.089673e+00 -7.624413e-01 5.944239e-01 8.951614e-01 3.495441e-03 
1.731542e+01 4.772241e+00 -6.623439e+00 -2.163726e+00 1.998916e+00 -6.411246e+00 -1.125871e+01 -1.377828e+01 5.401725e+00 2.706165e+00 -5.791318e+00 -3.421702e+00 6.769796e-01 1.094587e+00 2.312597e+00 -2.193323e-01 -6.248397e-01 2.469071e-01 3.749055e+00 -3.277297e+00 -1.004375e+00 -3.740738e+00 2.000922e+00 2.343679e+00 -6.737708e-01 -1.069754e-02 -7.486121e-01 -1.941806e-01 1.035353e+00 7.057479e-01 3.210674e-01 -8.845798e-02 1.301159e-01 1.132897e+00 -2.752667e-01 -7.800133e-01 1.849075e-01 5.161324e-01 -5.918222e-03 
1.771853e+01 7.592541e+00 -6.979650e+00 -2.788515e+00 4.879555e-01 -2.316412e+00 -1.389988e+01 -1.980410e+01 3.269137e+00 4.507325e+00 -4.043486e+00 -6.536642e+00 6.808972e-01 -7.601937e-02 2.043673e+00 1.368015e+00 9.109639e-02 1.037283e+00 2.905117e+00 -2.673227e+00 1.020377e+00 -3.878969e+00 1.207696e+00 2.177245e+00 1.172575e-01 -1.832524e-02 -1.320213e+00 -1.259980e+00 8.441582e-01 1.232220e+00 6.560696e-01 -5.439503e-01 9.135517e-01 1.467691e+00 4.864598e-01 -7.090729e-01 -4.950506e-01 4.126828e-01 -2.621144e-02 
1.730442e+01 1.074892e+01 -4.009325e+00 -2.521306e+00 2.804478e+00 -7.150608e-01 -1.754918e+01 -1.969109e+01 -4.165617e+00 5.825705e+00 1.216107e+00 -7.136246e+00 6.581293e-01 -1.906360e+00 -3.175726e-01 1.844294e+00 2.399888e+00 2.152121e+00 2.298008e+00 -8.165211e-01 2.511146e+00 -2.283574e+00 7.172000e-01 9.441154e-01 -8.468180e-01 -5.366085e-02 -1.457130e+00 -2.086279e+00 1.644032e-01 1.070097e+00 2.363809e-01 -7.879042e-01 1.542490e+00 1.591840e+00 1.395358e+00 -4.259205e-01 -1.195156e+00 4.640812e-01 -4.234080e-02 
1.448214e+01 9.702606e+00 -4.020309e-01 -1.359421e-01 5.626677e+00 -2.531152e-02 -1.696687e+01 -9.519471e+00 -5.461857e+00 4.013714e+00 -1.029438e-01 -3.852489e+00 6.000323e-01 -3.709991e+00 -3.506479e+00 1.593163e+00 3.810493e+00 2.452945e+00 1.388268e+00 6.837658e-01 4.131331e+00 -9.534655e-01 -2.079075e-01 -5.828410e-01 5.182744e-01 -1.253751e-01 -8.740683e-01 -1.758501e+00 -6.482040e-01 1.391323e-01 -4.544751e-01 -6.673718e-01 1.411264e+00 8.351814e-01 1.695570e+00 1.111991e-01 -5.543920e-01 5.931270e-01 -3.967974e-02 
9.401735e+00 2.129281e+00 -6.906846e-01 8.509012e+00 1.019052e+01 3.933224e+00 -1.380710e+01 -6.364668e+00 -1.650117e+00 6.538837e+00 -3.041039e+00 -8.997889e+00 4.491244e-01 -4.374046e+00 -5.343710e+00 4.900510e-01 2.866052e+00 7.210025e-01 5.678710e-01 2.756661e+00 5.399421e+00 1.773341e+00 5.790339e-01 -2.251993e+00 1.446084e+00 -1.688787e-01 1.304595e-01 -3.643751e-01 -1.107285e+00 -1.064817e+00 -8.390001e-01 -5.041388e-01 5.949833e-01 -1.135260e-01 9.357277e-01 8.623296e-02 6.395316e-01 8.550321e-01 -1.332610e-02 
3.119998e+00 -5.630106e+00 -6.731372e-01 1.074876e+01 9.058966e+00 2.300601e+00 -1.235209e+01 -5.810656e+00 -2.756143e+00 3.111468e+00 -4.829244e+00 -3.014682e+00 1.585343e-01 -3.212343e+00 -4.235921e+00 -1.196009e+00 5.536367e-01 -5.195688e-01 4.334308e-01 2.596542e+00 3.752200e+00 2.570426e+00 1.832815e+00 1.003232e+00 1.936402e+00 -1.591167e-01 9.394478e-01 1.062594e+00 -1.126583e+00 -1.369923e+00 -5.762208e-01 2.721378e-03 -2.542948e-01 -1.064702e+00 -6.824114e-02 -1.687347e-01 1.164264e+00 4.050211e-01 2.359638e-02 
1.115444e+00 -8.303302e+00 -1.423725e+00 6.366539e+00 4.693026e+00 9.606347e-01 -6.073165e+00 5.451403e+00 3.348104e+00 9.172264e+00 -7.680714e+00 -3.245195e-01 3.447004e-02 -1.502847e+00 -1.774659e+00 -2.297505e+00 -1.295762e+00 -5.565872e-01 2.546027e-01 1.201990e+00 2.133135e+00 6.330512e-01 1.280796e-01 3.348759e+00 2.719151e+00 -1.034228e-01 1.088221e+00 1.506997e+00 -7.246708e-01 -7.993768e-01 2.544664e-02 4.171310e-01 -1.046693e+00 -1.839555e+00 -1.259526e+00 -7.425641e-01 6.502578e-01 -2.455675e-01 4.169461e-02 
2.563344e+00 -6.260975e+00 -6.015424e+00 3.703758e+00 5.777833e+00 3.628177e+00 -7.851668e+00 3.333300e+00 4.890679e+00 1.186109e+01 7.233093e+00 1.493143e+00 1.175479e-02 -4.483719e-01 2.204064e-02 -2.645856e+00 -9.582502e-01 2.106680e-01 1.558587e+00 1.897004e-01 4.409625e-01 -7.244585e-01 -8.260554e-01 2.438137e+00 1.906845e+00 -4.012249e-02 6.762840e-01 1.011163e+00 8.407662e-02 -1.158248e-01 1.789913e-01 2.606006e-01 -9.380252e-01 -1.331136e+00 -1.297858e+00 -8.035005e-01 -9.898882e-01 -5.944309e-01 3.673552e-02 
2.165735e+00 -6.428722e+00 -9.506906e+00 5.553203e+00 9.048039e+00 4.542729e+00 -1.004796e+01 -2.710413e-01 -2.308170e+00 2.804471e+00 7.671329e+00 2.344062e+00 5.412790e-03 -3.148277e-01 6.229622e-02 -2.408276e+00 -3.749726e-01 4.831755e-01 2.090959e+00 -1.273394e+00 -2.142728e+00 -2.876910e+00 -1.804418e+00 2.818021e-01 2.330765e-01 -1.990320e-02 2.506024e-01 4.690517e-01 8.123856e-01 1.544195e-01 -5.734424e-02 -2.594529e-03 -2.993608e-01 -5.861291e-01 -8.615613e-01 -3.405834e-01 -1.508503e+00 -7.182887e-01 1.928948e-02 
3.527331e-01 -6.456922e+00 -9.860923e+00 6.364136e+00 7.934700e+00 8.302423e+00 -9.416511e+00 -7.446887e-01 -3.550276e+00 2.165483e+00 -3.147790e-01 5.185013e+00 -2.756209e-02 -4.250671e-01 -9.858777e-02 -7.202270e-01 -4.858869e-01 -1.444489e-01 8.181736e-01 -8.558486e-01 -7.655380e-01 -2.164019e+00 -1.218612e+00 -2.412783e+00 2.073972e-01 -1.719660e-02 8.439598e-02 2.374468e-01 9.866875e-01 1.715315e-02 -2.932532e-01 -5.206643e-01 3.031490e-01 -4.912709e-02 -4.344669e-01 -3.038301e-01 -7.918798e-01 -4.530852e-01 4.678302e-03 
6.463143e-01 -7.893964e+00 -1.154240e+01 3.161534e+00 6.030368e+00 9.078908e+00 -1.165744e+01 -3.222924e+00 -6.815211e+00 4.998437e+00 -2.497524e+00 -1.004982e+00 -4.539348e-02 -2.614101e-01 6.309928e-01 8.016028e-01 -7.597871e-01 -6.656941e-01 6.116917e-01 2.277919e-01 -1.941220e-01 -2.955134e+00 -1.378606e+00 -1.768325e+00 -2.256384e-02 -1.843222e-02 -2.637332e-03 1.909503e-01 5.644697e-01 -2.140212e-02 -2.709798e-01 -6.548910e-01 7.338478e-01 4.134890e-01 2.982745e-01 -2.906076e-01 7.177142e-02 -8.972309e-02 -5.315148e-04 
1.197967e+00 -6.020838e+00 -8.598831e+00 2.470094e+00 6.563970e+00 5.450791e+00 -1.132592e+01 9.816380e-01 -3.675430e+00 4.671029e+00 2.535218e-01 4.204612e+00 -4.883678e-02 -5.310738e-02 9.249553e-01 6.826263e-01 -6.801538e-01 -6.812808e-01 -3.049975e-01 9.547883e-01 -7.789756e-01 -2.857469e+00 -2.557989e+00 -4.962472e-01 -2.307237e-01 -1.746940e-02 -1.399936e-01 4.866464e-02 -5.817298e-02 7.524415e-02 -2.630358e-02 -2.910980e-01 7.963291e-01 2.550746e-01 3.397231e-01 -1.660815e-01 6.899003e-01 -2.465295e-01 -2.178906e-03 
4.357561e-01 -3.492132e+00 -6.130359e+00 3.701056e+00 6.405529e+00 9.026984e+00 -7.953985e+00 -2.104855e+00 -1.702124e+01 -5.341573e+00 -1.454447e+00 2.721581e+00 -7.611968e-02 -5.140966e-01 5.052459e-01 -2.873366e-01 -3.848910e-01 -6.032174e-01 -6.219530e-01 1.490541e+00 -6.854482e-02 -1.038578e+00 -2.587588e+00 -3.175086e-01 3.534748e-03 -2.242259e-02 -2.122287e-01 -2.146324e-01 -3.775214e-01 2.812032e-01 1.757213e-01 -2.727813e-01 2.249327e-01 4.130872e-01 8.894966e-01 5.533257e-01 7.846426e-01 -6.065686e-02 -1.217543e-03 
1.921888e-01 -4.033167e+00 -9.153766e+00 2.693769e+00 4.340934e+00 6.803148e+00 -6.494469e+00 -5.198883e+00 -1.273520e+01 -5.454875e+00 -3.317267e+00 2.168142e+00 -9.953764e-02 -9.986523e-01 2.076866e-01 -4.667338e-01 -2.971514e-01 -3.073299e-01 -2.037573e-02 2.494403e+00 4.470414e-01 -1.423420e+00 -1.444432e+00 3.113143e-01 -1.038312e+00 -2.609202e-02 -1.170717e-01 -1.643527e-01 2.344014e-02 3.600608e-01 6.942486e-02 -1.872645e-01 -2.810797e-01 7.989642e-01 9.605823e-01 9.157694e-01 6.464241e-01 -1.940351e-03 1.262003e-03 
-1.421257e+00 -6.361856e+00 -1.270140e+01 1.125043e+00 4.125430e+00 5.292662e+00 -6.620358e+00 -4.759704e-01 -7.478726e+00 -2.876849e+00 -2.299743e+00 3.114578e-02 -1.321612e-01 -8.499208e-01 -8.364755e-02 -5.113655e-01 4.547389e-01 2.583577e-02 -8.946624e-01 5.827504e-01 1.258254e+00 7.751091e-01 8.311385e-01 1.751029e+00 7.795241e-02 -2.020810e-02 6.577735e-02 1.094171e-01 6.072620e-01 1.956351e-01 2.084978e-02 -6.343855e-02 -4.707135e-01 6.918623e-01 6.910216e-01 8.665766e-01 2.537923e-01 -3.020164e-01 5.102840e-03 
-2.866657e+00 -3.547951e+00 -7.646449e+00 2.271939e+00 6.167563e+00 7.215581e+00 4.796112e-01 2.402580e+00 -1.556359e+01 -3.783261e+00 2.232609e+00 3.584015e-01 -1.512926e-01 -4.704983e-01 3.976211e-01 9.118767e-01 7.004098e-01 -6.486786e-01 -1.104973e+00 3.288162e-03 2.552418e+00 1.038406e+00 3.115012e-01 1.701719e+00 -2.775753e-01 -1.226480e-02 1.379246e-01 1.724176e-01 6.649338e-01 5.638344e-02 1.186634e-01 1.736971e-01 -5.554987e-01 2.427917e-01 7.988459e-01 4.642044e-01 -4.499838e-01 -1.608769e-01 6.856366e-03 
-2.283996e+00 -4.152945e+00 -9.440664e+00 6.185797e+00 5.621820e+00 4.347428e+00 -8.527259e+00 3.854350e-01 -1.173099e+01 -2.021256e+00 4.525743e+00 4.015853e+00 -1.512926e-01 -4.492884e-01 9.573258e-01 2.059621e+00 9.452967e-02 -3.282421e-01 -3.970352e-01 3.826298e-01 2.338217e+00 1.185362e+00 8.672514e-01 2.560830e-01 -1.886779e+00 -3.829404e-03 8.145389e-02 2.098121e-01 5.995986e-01 -6.936790e-02 4.813889e-01 7.827729e-01 7.832813e-02 -1.982433e-01 5.161193e-02 -1.783036e-01 -8.856432e-01 -2.069940e-02 5.268964e-03 
-1.728842e+00 -3.149370e+00 -6.224676e+00 3.665328e+00 3.495469e-01 1.750690e+00 -5.524467e+00 7.132022e+00 -5.417159e+00 -4.325192e+00 1.778530e+00 -1.212044e+00 -1.512926e-01 -5.093833e-01 5.493749e-01 1.572526e+00 1.649121e-01 4.630427e-01 5.993538e-01 -1.831241e-01 1.121159e+00 2.365759e+00 8.584517e-01 -1.191126e+00 -8.602342e-01 4.923290e-07 1.593739e-02 6.670394e-02 1.244636e-01 7.051904e-02 7.688586e-01 8.786326e-01 -3.497345e-02 -8.161745e-01 -3.154834e-01 -1.050145e-01 -5.611622e-01 5.101199e-01 2.835562e-03 
-4.237036e+00 -1.774543e+00 -3.113972e+00 9.013684e-01 5.393568e+00 6.040235e+00 -1.705149e+00 8.850312e+00 -6.624996e+00 1.730189e+00 -7.921107e-01 -8.617911e+00 -1.512926e-01 -4.232342e-01 8.895414e-01 2.156343e+00 3.757733e-01 1.876886e+00 2.167255e+00 1.067377e+00 9.824640e-01 3.694482e-01 -3.337313e-01 -1.230722e+00 2.656736e-01 4.923290e-07 1.033659e-01 6.922615e-02 -1.524280e-01 1.530297e-01 3.493595e-01 5.466703e-02 -4.696441e-01 -8.737432e-01 -4.179455e-01 -3.591557e-01 1.741811e-01 1.143427e+00 7.651713e-04 
-4.437592e+00 -1.990550e+00 -2.947272e+00 5.739048e+00 8.596390e+00 9.366844e+00 -3.847277e+00 3.775806e+00 -6.288272e+00 -1.366441e+00 -1.064251e+00 2.374111e+00 -1.512926e-01 -4.039881e-01 7.650397e-01 1.485873e+00 9.125108e-01 2.093022e+00 2.006012e+00 -5.139243e-01 -8.504826e-01 -1.309690e-01 3.869269e-01 -3.607130e-01 1.196838e+00 4.923290e-07 1.875889e-01 2.173787e-01 -9.839220e-02 -4.975276e-02 -1.893737e-01 -5.723211e-01 -1.802541e-01 -2.645363e-01 -2.875853e-01 -9.844676e-02 4.426243e-01 3.951262e-01 6.955797e-07 
-3.046207e+00 -2.851705e-01 -2.976242e-01 7.027655e+00 1.088256e+01 1.137591e+01 -4.028839e+00 6.975814e+00 -9.448415e+00 -5.169122e+00 -2.066894e-01 3.551193e+00 -1.512926e-01 1.484302e-02 1.195678e+00 1.340789e+00 4.859246e-01 6.037126e-01 -8.270169e-01 -1.800045e+00 -1.044687e+00 3.441900e-01 -6.928033e-01 7.118108e-01 2.801744e+00 4.923290e-07 1.327429e-01 3.402484e-02 -3.474269e-01 -1.365120e-01 -5.020550e-01 -7.851307e-01 4.838596e-02 4.781566e-02 2.974774e-01 3.552929e-01 4.981319e-01 -1.711154e-01 6.955797e-07 
-4.344066e+00 -6.887288e-02 -2.037460e-01 5.164700e+00 8.070073e+00 9.113130e+00 -6.932323e+00 3.816993e+00 -4.659778e+00 1.059544e+00 -3.178453e-01 -1.312569e+00 -1.512926e-01 2.095294e-01 1.483277e+00 1.488359e+00 -1.389340e-01 1.527375e-01 -7.651857e-01 3.492576e-01 8.120950e-01 9.405881e-01 5.456637e-01 5.070018e-02 -1.526375e-01 4.923290e-07 1.384954e-01 -1.867784e-01 -3.324915e-01 -1.289281e-01 -2.839647e-01 -1.271139e-01 7.773861e-01 3.849055e-01 3.451578e-01 6.178722e-01 4.061222e-01 -6.458293e-01 6.955797e-07 
-4.209528e+00 3.243330e+00 2.218225e+00 3.618191e+00 8.675307e+00 2.032136e+00 -9.162224e+00 3.606539e+00 -5.718125e+00 -2.946830e+00 2.393849e+00 7.234596e+00 -1.512926e-01 -6.619995e-02 7.005754e-01 4.179440e-01 2.188910e-01 3.366605e-01 -3.729267e-01 8.778188e-01 3.902517e-01 1.321144e+00 1.363232e+00 1.054208e+00 8.476529e-02 4.923290e-07 2.480758e-02 -3.492967e-01 -3.563769e-01 -6.194430e-03 3.795769e-02 7.095059e-01 1.127934e+00 4.404654e-01 7.516227e-02 9.330369e-01 7.854164e-02 -1.008264e+00 6.955797e-07 
-2.808141e+00 3.661680e+00 3.236410e+00 6.749037e+00 1.046430e+01 1.021295e+01 4.660693e-01 9.520852e+00 -3.450450e+00 2.506050e-01 -2.111161e+00 -2.305495e-01 -1.512926e-01 3.289336e-01 7.861979e-02 2.849191e-01 4.014276e-01 8.067294e-01 1.143496e+00 2.034159e+00 3.564979e-01 1.106220e+00 2.448220e+00 1.498742e+00 -6.738756e-01 4.923290e-07 -8.453296e-02 -2.674892e-01 -3.033480e-01 -1.783630e-01 -8.288762e-02 2.812864e-01 5.029162e-01 1.672005e-01 -3.566422e-01 2.296794e-01 -1.406339e-01 -3.526933e-01 6.955797e-07 
-4.145511e+00 1.352470e+00 7.218592e-02 7.329991e+00 1.136881e+01 8.960901e+00 -3.339205e+00 6.074728e+00 -3.447470e+00 2.051349e+00 5.961061e+00 3.434004e+00 -1.512926e-01 7.912751e-02 1.515225e-01 1.607211e-01 1.848443e-01 4.664198e-01 1.766062e+00 2.997233e+00 1.385591e+00 6.370313e-01 3.021112e+00 3.804228e-01 -1.978910e+00 4.923290e-07 -2.900803e-03 6.160468e-02 -2.024721e-02 -3.411210e-01 -3.143419e-01 -1.738014e-01 1.365830e-01 1.181264e-01 -4.058442e-01 -4.542358e-01 -7.433870e-01 -1.502949e-01 6.955797e-07 
-2.731620e+00 1.269905e+00 2.293679e+00 5.315717e+00 1.075690e+01 1.136588e+01 3.271395e-01 4.364977e+00 -2.639851e-01 1.080181e+01 5.392249e+00 -2.781669e+00 -1.512926e-01 -2.857623e-01 4.204464e-01 1.001761e-01 -1.013755e+00 -3.266834e-01 -4.282344e-01 1.804149e+00 1.150433e+00 -5.006561e-01 8.651943e-01 -3.156583e-01 -8.841317e-01 4.923290e-07 -7.750706e-02 1.537751e-01 -7.187772e-02 -1.316678e-01 -4.557546e-01 -6.206264e-01 -5.351299e-01 -2.317055e-01 -1.434573e-01 -1.117491e+00 -7.235250e-01 5.675308e-01 6.955797e-07 
-3.852430e+00 5.196696e+00 3.493039e+00 5.258973e+00 1.086131e+01 1.028553e+01 5.893363e+00 1.311213e+01 -4.126382e+00 6.882907e+00 5.443160e-01 -1.384413e+00 -1.512926e-01 2.266807e-01 8.378041e-01 4.092415e-01 -7.792424e-01 -6.682919e-01 -4.563136e-01 1.675605e+00 5.838165e-01 9.543573e-02 -1.163682e-01 -1.755466e+00 -5.616202e-01 4.923290e-07 -5.581460e-02 -1.537703e-01 -1.975138e-01 1.742331e-01 -3.391744e-01 -3.985718e-01 -8.226867e-01 -6.857696e-01 7.197391e-02 -1.031501e+00 -1.957337e-01 8.620754e-01 6.955797e-07 
-4.383576e+00 3.841347e+00 2.026959e+00 2.715986e+00 9.084462e+00 7.409702e+00 4.870698e+00 1.175448e+01 -5.614326e+00 2.160902e+00 -9.809481e-01 -2.242162e+00 -1.512926e-01 -1.324483e-01 5.045543e-01 -1.989434e-01 2.249947e-01 -9.045603e-01 -8.485727e-01 1.946861e-02 -4.012843e-01 6.598401e-01 -1.570484e+00 -1.051058e+00 1.455098e+00 4.923290e-07 -1.497860e-01 -2.248858e-01 -1.506380e-01 3.342514e-01 -1.484284e-01 1.201336e-01 -3.271133e-01 -5.452054e-01 7.704630e-02 -2.186234e-01 2.689642e-01 6.730075e-01 6.955797e-07 
-2.185469e+00 4.255627e+00 2.251565e+00 4.733562e+00 8.862887e+00 8.658214e+00 2.767190e+00 5.299212e+00 -2.952737e-01 5.789881e+00 3.705550e-01 3.562161e-01 -1.512926e-01 -2.765974e-01 -6.593992e-01 -6.773358e-01 4.366188e-01 -9.405395e-01 -1.668855e-02 -2.239123e-01 -1.267527e+00 4.165967e-01 -9.186233e-01 -2.306373e-01 1.161830e+00 4.923290e-07 -3.240722e-01 -2.087107e-01 -8.368260e-04 7.504405e-03 -3.431254e-02 9.765654e-02 9.379666e-03 -4.097679e-02 -4.648288e-01 4.656553e-02 6.225244e-01 3.074122e-01 6.955797e-07 
-4.227033e+00 4.263186e+00 1.919482e+00 6.703402e+00 7.232944e+00 7.936603e+00 1.987276e+00 6.265091e+00 1.119664e+00 3.495943e+00 2.241357e-01 3.623583e+00 -1.512926e-01 -7.830178e-01 4.445096e-02 -1.096800e-01 4.961081e-02 -9.326163e-01 -4.732050e-02 1.118503e+00 -6.498791e-01 -2.759353e-01 1.732208e-01 2.667222e-01 1.619132e+00 4.923290e-07 -1.537820e-01 -6.714379e-03 2.886408e-01 -3.204735e-01 1.030246e-01 6.934356e-02 2.473894e-01 2.813622e-01 -6.655501e-01 2.304188e-01 5.225210e-01 -2.530574e-01 6.955797e-07 
-5.313834e+00 1.688836e+00 1.599226e-01 5.448121e+00 7.084823e+00 9.938586e+00 6.215359e+00 9.518843e+00 -5.410703e+00 1.622303e+00 -1.211182e+00 1.492050e+00 -1.512926e-01 -1.068436e+00 2.439234e-02 3.605071e-01 -6.540227e-01 -8.259773e-01 -3.685305e-01 1.173112e+00 5.031912e-01 -1.760807e+00 -7.554295e-01 6.983961e-01 8.935071e-01 4.923290e-07 5.392115e-02 1.959947e-01 3.872031e-01 -2.348260e-01 1.888011e-01 -1.017477e-01 -1.192494e-01 2.868723e-01 -2.877302e-01 2.159940e-02 3.588938e-01 -2.876895e-01 6.955797e-07 
-6.734726e+00 5.347291e+00 2.524426e+00 2.607001e+00 5.310401e+00 6.532912e+00 8.738667e+00 6.395181e+00 -4.436288e+00 5.110906e+00 1.143281e+00 5.285540e+00 -1.512926e-01 -5.053245e-01 1.291122e-01 7.255175e-01 -8.319815e-01 -4.467010e-01 -3.261279e-01 5.580302e-01 1.200609e-01 -1.579255e+00 -4.998964e-01 1.097135e+00 3.239499e-01 4.923290e-07 2.197323e-01 7.213218e-02 2.381850e-01 -3.355239e-02 1.972365e-01 -6.944784e-02 -5.029981e-01 1.418129e-02 1.200891e-01 -1.013174e-01 2.214503e-01 -3.018790e-01 6.955797e-07 
-6.273599e+00 3.835242e+00 3.751424e+00 3.511608e+00 5.694667e+00 7.517088e+00 5.256894e+00 7.750325e+00 -6.321050e+00 1.204920e+00 3.402941e+00 3.992907e+00 -1.512926e-01 -1.458027e-01 2.780993e-01 8.410130e-01 -2.967699e-01 -2.396577e-01 -3.858318e-01 -5.399928e-01 -2.182776e-01 -3.705385e-01 -4.739545e-01 1.148758e+00 3.709064e-01 4.923290e-07 2.204788e-01 6.566215e-02 1.076264e-01 1.249570e-01 1.379986e-01 -9.470539e-03 -4.524325e-01 -1.780971e-01 3.989250e-01 5.887461e-02 9.522247e-02 -9.982412e-02 6.955797e-07 
