-4.455773e+00 1.999604e+00 3.781634e-01 4.413593e+00 6.914035e+00 6.288567e+00 -3.396331e+00 5.289709e+00 -5.983831e+00 9.975114e-01 3.868245e+00 2.559151e+00 -1.512926e-01 -1.906066e-01 2.112807e-01 -1.801375e-01 -1.297384e+00 3.095747e-01 -1.760134e-01 2.807913e-01 5.231479e-01 6.698287e-01 1.745528e+00 -8.153908e-01 -6.176251e-02 3.731684e-07 1.164794e-02 -9.867174e-03 -8.605804e-02 2.641194e-01 -8.005438e-02 -8.563180e-02 -1.753345e-01 -2.614554e-01 2.537668e-03 -7.300596e-02 1.577642e-01 -3.323480e-02 -5.824313e-07 
-4.388835e+00 6.962287e-01 -6.121988e-01 -1.077574e+00 6.389457e+00 5.866063e+00 -4.250662e+00 7.090210e+00 -4.874356e+00 4.382246e+00 -4.256739e-01 2.418211e+00 -1.512926e-01 -1.800780e-01 4.693839e-02 -4.109909e-01 -1.016487e+00 7.539740e-01 -6.569470e-02 -4.153349e-01 -4.282190e-01 6.934034e-01 1.823270e+00 -8.766409e-02 1.283847e-01 3.731684e-07 4.890817e-02 5.607863e-02 -4.115491e-02 5.322596e-01 -2.931189e-01 -2.427619e-01 -6.452382e-02 -1.260596e-01 8.032370e-02 -4.153955e-01 2.404456e-01 -2.421608e-01 -5.824313e-07 
-5.441900e+00 3.707836e+00 -2.719964e-02 6.727012e-01 8.724174e+00 5.620135e+00 -1.565157e+00 7.004934e+00 -3.188870e+00 8.032955e+00 1.938277e+00 2.320422e+00 -1.512926e-01 -1.374795e-01 2.441889e-01 -4.949462e-01 -1.171599e-01 -3.128513e-01 -6.594287e-01 -2.476803e-01 -3.083762e-01 6.706416e-01 1.341469e+00 -3.904639e-01 -3.231121e-01 3.731684e-07 8.319420e-02 -4.192922e-02 1.253161e-01 5.785336e-01 -3.307185e-01 -4.337873e-01 -2.851035e-02 1.701113e-01 7.449138e-02 -6.221516e-01 2.047647e-01 -1.238547e-01 -5.824313e-07 
-4.863224e+00 1.380276e+00 -1.474137e+00 1.201452e+00 9.779081e+00 6.294968e+00 -6.388578e+00 2.290494e+00 -3.913793e+00 6.596266e+00 4.395340e+00 3.320662e+00 -1.512926e-01 2.746852e-02 4.753419e-01 -2.285041e-01 7.737214e-01 -8.448684e-01 -1.148097e+00 2.223593e-01 3.086602e-01 1.071005e+00 -1.295682e-01 1.744267e-01 -1.141733e+00 3.731684e-07 5.031266e-02 2.073751e-02 3.291615e-01 4.535262e-01 -1.230818e-01 -2.494207e-01 2.912166e-01 5.711510e-01 1.996908e-02 -3.855972e-01 4.625232e-02 -4.888376e-04 -5.824313e-07 
-4.905909e+00 2.878679e+00 -1.665197e+00 2.688195e+00 3.655556e+00 2.777302e+00 -3.565712e+00 6.147322e+00 -3.110732e+00 6.597982e+00 -4.943688e-01 4.922352e-01 -1.512926e-01 1.216208e-01 -2.125495e-01 3.552077e-01 7.000940e-01 -5.447593e-01 -1.803728e+00 -1.807084e-01 1.005284e+00 8.535488e-01 -3.888481e-01 7.737544e-02 -4.584831e-02 3.731684e-07 1.857832e-03 -1.558315e-01 1.725047e-01 4.236855e-03 4.305011e-01 4.047639e-01 3.727484e-01 1.342272e-01 -3.661432e-01 1.339289e-01 1.615008e-01 -5.296196e-02 -5.824313e-07 
-4.519801e+00 3.487560e+00 -9.356226e-01 1.783331e+00 4.699534e+00 1.546599e+00 -2.138269e+00 9.062341e+00 4.410614e-01 4.451743e+00 1.662846e+00 -2.376549e+00 -1.512926e-01 -5.797047e-02 3.790033e-01 8.098158e-01 8.423807e-01 2.544799e-01 -7.406260e-01 1.007145e+00 1.770741e+00 7.018036e-01 7.603773e-01 -9.039202e-02 -1.278519e-02 3.731684e-07 -5.626318e-02 -2.474633e-01 -1.298856e-01 -2.754329e-01 2.766486e-01 8.484091e-01 1.845614e-01 -3.200550e-01 -7.654273e-01 3.806244e-01 5.702252e-02 -3.903356e-02 -5.824313e-07 
-5.005346e+00 1.591266e+00 1.480010e+00 3.882313e+00 8.540112e+00 -1.024168e+00 -4.593601e+00 8.645139e+00 -1.099195e+00 7.160818e+00 3.691787e+00 4.939612e+00 -1.512926e-01 -8.544164e-02 -4.868510e-01 -1.515529e-01 -1.302757e-01 1.289874e+00 1.160716e+00 1.223680e+00 -3.682976e-01 -9.752524e-01 1.566103e+00 5.494116e-01 -1.152297e+00 3.731684e-07 -4.796018e-02 -1.512317e-01 -3.680806e-01 -3.003617e-01 -1.805668e-01 9.311821e-01 1.263380e-01 -4.703851e-01 -5.077570e-01 -1.548506e-01 9.948686e-03 -3.624567e-01 -5.824313e-07 
-5.103328e+00 3.919116e+00 1.002163e+00 4.816692e+00 8.608560e+00 4.492391e+00 -8.389059e-01 9.895126e+00 -1.410519e+00 1.011699e+01 1.850373e+00 1.032713e+00 -1.512926e-01 -1.503075e-01 -6.247475e-01 -6.245232e-01 -1.882039e-01 -3.788680e-01 1.611698e+00 4.429398e-01 -6.048077e-01 -1.841691e+00 7.961498e-01 2.235293e-01 -7.835263e-01 3.731684e-07 6.423362e-02 -2.352579e-01 -3.228750e-01 -2.121242e-01 -4.264939e-01 3.464528e-01 -3.201048e-01 -3.209529e-01 -1.892078e-01 -1.103212e+00 -1.507984e-01 1.980335e-01 -5.824313e-07 
-5.041241e+00 2.289754e-01 -3.392225e+00 5.204850e-01 8.150704e+00 7.107968e+00 1.902750e+00 3.889140e+00 -7.060988e+00 1.159572e+01 2.159012e+00 -6.974179e+00 -1.512926e-01 -7.200860e-02 -4.668675e-01 -7.681085e-01 -2.864731e-01 -1.130779e+00 1.675993e+00 7.330766e-01 -1.589313e-01 -4.135241e-01 -1.180912e+00 -2.985304e-02 -1.472638e+00 3.731684e-07 8.327682e-02 9.132867e-02 8.508474e-02 9.896623e-02 -3.314587e-01 -2.504843e-01 -3.096924e-01 3.248408e-01 3.459888e-01 -1.147485e+00 -2.406599e-01 8.109401e-01 -5.824313e-07 
-5.253212e+00 1.045073e+00 -1.622258e+00 2.523330e+00 3.000409e+00 5.539049e+00 -3.171726e+00 8.416298e+00 -5.786237e+00 6.214894e+00 3.546909e+00 -3.375734e-01 -1.512926e-01 2.563143e-01 -8.072838e-01 -4.962713e-01 -1.402119e-01 -6.676912e-01 7.340589e-01 -3.480259e-01 6.129250e-02 -5.251652e-01 -3.382045e+00 -5.547690e-01 1.137564e+00 3.731684e-07 7.418896e-02 1.968511e-01 1.429614e-01 -4.228544e-03 2.450195e-01 -4.154293e-01 1.642620e-01 1.473957e-01 3.037210e-01 -2.393311e-01 -2.851631e-02 5.916104e-01 -5.824313e-07 
-5.291047e+00 6.941972e-01 -1.048289e+00 3.596433e+00 5.690596e+00 6.832167e+00 2.381731e-01 8.590088e+00 -9.789197e-01 3.207242e+00 2.693595e+00 -1.738283e+00 -1.512926e-01 1.275507e-01 6.125496e-02 2.096347e-01 3.406017e-01 -2.229278e-01 3.471439e-01 7.066115e-02 9.228286e-01 9.644838e-02 -2.082266e+00 -2.646645e-01 1.941780e+00 3.731684e-07 -6.816946e-03 2.811961e-01 1.082085e-01 -6.878370e-02 2.924384e-01 -3.737191e-01 2.473222e-01 -2.224288e-01 -4.556254e-02 6.526955e-01 -3.023808e-02 3.654586e-01 -5.824313e-07 
-3.697140e+00 -3.500125e-01 -2.651226e+00 2.577723e+00 6.500470e+00 8.301329e+00 -1.747068e+00 7.851213e+00 -7.077761e+00 -2.599574e+00 -1.191085e+00 4.102973e+00 -1.512926e-01 1.208947e-01 9.555508e-02 -3.986863e-01 -5.227563e-01 3.923383e-01 1.989103e-01 1.595509e+00 -4.087573e-01 -5.782760e-01 5.027995e-02 1.982436e-01 4.672474e-01 3.731684e-07 -7.968508e-02 2.501360e-01 6.646473e-02 -7.756071e-02 4.552440e-02 -1.998956e-01 2.713949e-01 -3.168826e-01 2.370098e-01 1.187724e+00 9.545719e-03 -3.273799e-01 -5.824313e-07 
-5.181423e+00 1.232554e+00 -1.829470e+00 2.196550e+00 5.285658e+00 7.462722e+00 1.543569e+00 8.786005e+00 -5.933104e+00 5.591571e+00 3.205062e+00 5.145869e-01 -1.512926e-01 -3.848651e-02 4.876701e-01 -2.758295e-01 -4.389940e-01 -1.987783e-01 7.488742e-02 9.979304e-01 -1.036139e+00 -6.148575e-01 3.663169e-01 -5.577068e-01 6.900462e-01 3.731684e-07 -8.097508e-03 -9.967735e-02 5.327903e-03 -4.323170e-02 1.008383e-01 -3.182430e-03 -3.145643e-01 -3.760509e-01 2.921874e-01 5.410525e-01 -1.035414e-01 -2.621154e-01 -5.824313e-07 
-4.703639e+00 1.253450e+00 -3.224801e+00 6.094535e-01 5.164292e+00 6.218683e+00 4.152968e+00 6.274695e+00 -6.200245e+00 5.274117e+00 4.282693e+00 8.719044e-01 -1.512926e-01 -5.905963e-02 2.300712e-01 7.873259e-02 -1.382247e-01 -4.522873e-01 -1.291908e-01 5.454203e-01 -5.436572e-01 1.015591e+00 1.332314e+00 -3.605616e-01 1.267384e-01 3.731684e-07 8.384570e-03 -1.490456e-01 1.478012e-01 1.552118e-01 3.126199e-01 1.540401e-01 -8.864332e-01 2.412084e-02 3.505105e-01 3.877100e-02 4.962258e-02 -6.933494e-02 -5.824313e-07 
-4.980123e+00 2.331035e+00 -2.140682e+00 2.385871e+00 5.365035e+00 8.247982e+00 2.277245e+00 4.197859e+00 -4.491849e+00 1.102614e+00 -2.831948e+00 3.327182e+00 -1.512926e-01 1.770472e-01 -5.044485e-01 -2.383186e-03 -6.787626e-02 7.036120e-01 4.952634e-01 -9.770677e-01 -8.898696e-01 7.604694e-01 -1.816656e-02 -5.028335e-01 8.015828e-01 3.731684e-07 3.634096e-03 -2.159478e-01 4.471897e-02 -1.788744e-02 5.307667e-01 1.215321e-01 -7.638729e-01 3.185259e-01 4.388811e-02 3.273987e-02 5.041323e-01 -3.865614e-01 -5.824313e-07 
-4.092948e+00 2.510321e-01 -2.102076e+00 1.792186e+00 4.199115e+00 7.262673e+00 6.131322e-01 7.426994e+00 -2.720452e+00 6.306698e+00 2.426135e-02 3.330286e+00 -1.512926e-01 5.506071e-02 -1.536925e-01 2.034824e-01 6.765376e-02 1.504186e+00 7.588406e-01 -1.849164e+00 -3.613324e-01 4.867859e-01 4.364535e-01 4.189957e-01 6.486512e-02 3.731684e-07 -5.576748e-02 -9.817444e-02 2.034932e-01 -4.773560e-01 6.180551e-01 -3.317314e-01 -1.018746e-01 3.588394e-01 -3.420931e-01 -1.259906e-01 4.069441e-01 -3.573970e-01 2.015282e-02 
-4.601291e+00 -7.888244e-01 -2.402651e+00 1.265543e+00 9.286715e+00 9.417337e+00 -1.571654e+00 3.760147e+00 -3.870428e+00 4.984120e+00 2.820241e+00 3.293344e+00 -1.512926e-01 -7.733341e-02 -4.002557e-01 -1.147337e-01 -6.312598e-01 1.476760e+00 2.385383e-01 -1.624201e+00 4.652752e-01 -1.308985e-01 9.779696e-01 1.573223e+00 -1.211975e+00 3.731684e-07 -2.010907e-01 -3.632747e-02 2.277261e-01 -9.249316e-01 3.457018e-02 -1.024251e+00 7.316412e-01 5.699239e-01 -5.879992e-02 1.482518e-02 8.914994e-02 -3.662657e-01 4.597853e-02 
-4.617298e+00 2.044879e+00 -2.076469e+00 1.507993e+00 1.072470e+01 9.428540e+00 -3.168014e+00 4.686844e+00 -4.077432e+00 5.515210e+00 3.551467e+00 1.213079e+00 -1.512926e-01 -2.106957e-01 -3.129643e-01 1.152452e+00 -2.243312e+00 2.251364e+00 -1.659606e+00 3.596743e-01 5.729288e-01 -2.491785e-01 2.042142e-01 6.361806e-01 -6.534688e-01 1.007611e-01 -3.426135e-01 7.506993e-02 -1.797444e-03 -8.893042e-01 -5.953962e-01 -9.016632e-01 1.176699e+00 3.910423e-01 6.517594e-01 -3.129556e-01 -3.882923e-01 2.571930e-02 5.914551e-02 
-5.104299e+00 -5.673869e-01 -2.727257e+00 -6.289370e-01 9.486307e+00 8.357876e+00 -3.952737e+00 7.894391e+00 -4.467712e+00 6.388206e+00 3.270827e+00 -1.674332e+00 -1.512926e-01 -6.954954e-01 -6.064541e-01 6.618765e-01 -3.537007e+00 5.028921e-01 -3.416826e+00 1.576743e+00 1.492645e+00 8.344452e-01 1.719626e-01 -1.657247e-01 -6.704806e-01 1.795115e-01 -5.939342e-01 5.293127e-01 4.481981e-02 -3.305245e-02 -1.230642e+00 1.514968e-01 1.041768e+00 -2.550806e-01 1.284795e+00 -4.784767e-01 -5.234693e-01 3.662545e-01 4.362200e-02 
-4.895237e+00 -1.424405e+00 3.822371e+00 -8.477137e+00 1.535617e+01 -5.061736e-01 3.602131e+00 8.224698e+00 -3.667516e+00 6.625867e+00 2.979769e+00 2.546423e+00 3.525187e-01 -1.348874e+00 3.247197e-01 -1.938619e-01 -2.925930e+00 -9.857607e-01 -1.921699e+00 2.433894e+00 1.080161e+00 3.262776e+00 -7.254472e-01 -6.530793e-01 -7.740232e-02 2.059709e-01 -5.926536e-01 7.470067e-01 2.660311e-02 1.280850e+00 -1.583348e+00 1.415335e+00 2.110699e-01 -6.470820e-01 1.238267e+00 -3.225161e-01 -1.632171e-01 2.518711e-01 -1.181465e-02 
-7.939959e+00 -2.086396e+00 -2.042591e+00 -1.142659e+01 9.485157e+00 -2.699780e+00 2.926926e+00 9.454717e+00 9.660045e-02 5.289133e+00 2.277519e+00 -7.256246e-01 4.943616e-01 -2.477975e+00 1.927380e+00 7.825563e-01 -4.552894e-01 -3.058006e+00 1.127141e+00 2.547499e+00 -1.063693e+00 4.537029e+00 -9.496589e-01 -3.995920e-01 3.311536e-01 1.655039e-01 -1.511074e-01 4.359046e-01 4.844739e-01 1.677841e+00 -7.590187e-01 1.807143e+00 -3.539211e-01 -7.437206e-01 1.836015e-01 -2.192720e-01 3.201231e-01 2.834800e-01 -5.108088e-02 
-9.943741e+00 4.428161e+00 -3.387498e+00 -7.722381e+00 5.795856e+00 5.349135e+00 5.561385e+00 9.307373e+00 9.953831e+00 2.437633e+00 7.828352e-01 3.519159e-01 5.557262e-01 -2.282773e+00 2.155153e+00 1.225144e+00 2.620070e+00 -3.885035e+00 3.144968e+00 9.297224e-01 -1.384298e+00 4.090736e+00 -8.475524e-01 -6.300783e-02 1.051994e-01 4.869394e-02 4.241130e-01 -5.869385e-01 4.562414e-01 7.554761e-01 4.621521e-02 9.423727e-01 -6.500531e-01 -2.759107e-01 -1.412421e+00 -1.234441e-01 6.647329e-01 9.615722e-02 -6.197821e-02 
-1.496993e+01 6.143358e+00 4.790278e+00 -3.282390e+00 -1.023656e+00 1.106628e+01 7.805106e+00 2.034127e+00 1.140654e+01 3.734042e+00 2.371282e+00 1.078969e+00 5.746117e-01 -9.841242e-01 6.579776e-01 2.374773e+00 2.079241e+00 -1.842643e+00 3.085583e+00 5.593541e-01 -9.937332e-01 1.338185e+00 -8.633261e-01 1.139798e+00 6.556112e-01 2.751669e-03 1.012304e+00 -1.270899e+00 -2.845931e-01 -5.407167e-01 4.177212e-01 -1.259085e-01 -7.792526e-01 8.080512e-02 -2.175406e+00 1.142272e-01 5.447953e-01 -1.979879e-01 -4.644360e-02 
-1.279444e+01 5.236132e+00 6.531094e+00 5.512656e-01 1.185668e+00 8.336004e+00 5.811048e+00 5.013373e+00 1.113122e+01 3.165629e+00 2.617738e+00 2.169858e+00 5.558667e-01 2.468509e-02 -1.975277e+00 1.291305e+00 -4.156439e-01 -1.362444e+00 1.810865e+00 1.777488e-01 -3.343934e-01 -2.200053e+00 -1.385548e+00 1.900889e+00 2.412932e-01 -2.254497e-02 9.586032e-01 -1.093464e+00 -7.045180e-01 -1.149810e+00 1.223026e-01 -5.179477e-01 -4.475371e-01 -1.601479e-01 -1.984119e+00 1.371455e-01 1.726739e-01 -5.295407e-01 -1.807654e-02 
-1.143530e+01 7.992567e-01 4.871430e+00 -5.167594e+00 2.577065e+00 1.123432e+01 5.598509e+00 6.633069e+00 6.199124e+00 6.079881e-01 7.058813e+00 1.643350e+00 5.080470e-01 1.429830e+00 -2.362024e+00 -6.735523e-01 -1.640978e+00 -2.230613e+00 1.164485e+00 -9.727977e-01 -1.184662e+00 -3.194662e+00 -1.094286e-01 1.342399e+00 -7.268662e-01 -3.109910e-02 7.358679e-01 -7.922868e-02 -6.723531e-01 -1.747310e-01 -1.063544e-01 -5.814378e-01 -5.520430e-01 -6.240970e-01 -1.039612e+00 -1.151345e-01 -7.538929e-01 -8.941238e-01 1.653608e-03 
-1.158761e+01 -2.776248e+00 3.028190e+00 -8.858310e+00 -2.816538e+00 1.431934e+01 7.553586e+00 5.336125e+00 1.557491e+00 -2.927323e+00 7.943707e+00 1.275788e+00 4.762843e-01 1.303123e+00 -1.802286e+00 -7.733144e-01 -1.268867e+00 -3.079607e+00 1.515769e+00 -5.419748e-01 -2.089526e+00 -3.563322e+00 -5.388389e-01 6.991327e-01 -1.851424e+00 -2.476129e-02 6.969967e-01 1.020308e+00 3.645088e-02 9.697078e-01 1.606424e-01 -7.671917e-01 -5.325556e-01 -7.281280e-01 -3.043469e-01 -4.525651e-01 -1.399409e+00 -7.397175e-01 2.205468e-02 
-8.424048e+00 -1.660354e+00 3.173947e+00 -6.782941e+00 -1.017558e+01 1.389737e+01 2.069811e+00 -4.050658e+00 2.201482e-01 6.233340e+00 6.420048e+00 -2.108328e+00 4.589097e-01 2.055979e+00 1.753899e-01 4.532084e-02 1.632111e+00 -1.515957e+00 3.260167e-01 -1.840961e+00 -3.236636e+00 -3.178133e+00 -1.862561e+00 -2.028688e+00 -2.768685e+00 1.212464e-02 7.644534e-01 1.297162e+00 4.549642e-01 1.096637e+00 3.527853e-01 -9.907252e-01 -5.946092e-02 -2.053098e-01 1.602723e-01 -1.059744e+00 -1.213568e+00 -6.114845e-02 3.702002e-02 
-7.783769e+00 -2.545233e+00 3.513129e+00 -4.985440e+00 -7.835690e+00 1.458341e+01 4.865762e+00 -9.290300e-02 -3.696152e+00 -2.340893e+00 6.432745e+00 -5.211185e+00 4.566434e-01 3.196698e+00 1.857488e+00 1.114118e+00 2.796239e+00 -9.165887e-01 -1.605931e+00 -2.051091e+00 -2.949013e+00 -3.729971e+00 -2.771942e+00 -3.410593e+00 -2.436408e+00 6.611336e-02 8.725163e-01 8.012480e-01 3.066994e-02 4.173390e-02 -2.418512e-01 -1.223276e+00 5.063330e-02 -2.846324e-02 8.623124e-01 -6.789336e-01 -8.555504e-01 6.345894e-01 3.893666e-02 
-3.056860e+00 1.560793e+00 4.855672e+00 1.056404e+00 -2.493279e+00 1.273229e+01 -2.262172e+00 -6.835606e+00 -7.064670e+00 -8.997967e+00 -2.329271e+00 -8.956656e+00 5.785117e-01 4.305347e+00 2.293944e+00 6.575226e-01 1.809672e+00 -1.548116e+00 -2.228216e+00 -5.155681e-01 -1.781417e+00 -2.310069e+00 -4.291567e+00 -2.670695e+00 -7.401738e-01 1.085619e-01 3.533929e-01 -2.735593e-01 -5.258466e-01 -1.374481e+00 -9.267860e-01 -1.019765e+00 7.185541e-01 4.503004e-01 1.631981e+00 2.965013e-01 2.254626e-01 9.395362e-01 2.205653e-02 
1.712248e+00 4.900639e+00 7.757820e+00 1.203560e+00 -1.124084e+01 6.872177e+00 -5.358759e-01 -8.016510e+00 -1.345029e+01 -9.171279e+00 -4.734569e+00 -7.481750e+00 7.470579e-01 4.541091e+00 1.144741e+00 -9.260808e-01 -1.149036e+00 -4.272641e+00 -3.323523e+00 -9.515600e-01 -2.959461e+00 3.141757e-01 -2.718987e+00 -3.257724e+00 3.072823e-01 1.217070e-01 -5.738583e-01 -1.058214e+00 -7.780234e-01 -1.725665e+00 -3.491729e-01 -6.587543e-01 1.019367e+00 6.017378e-01 2.119143e+00 1.099848e+00 9.001020e-01 6.353854e-01 -3.501183e-03 
8.354658e+00 6.086475e+00 4.339612e+00 -8.292215e-01 -1.621398e+01 6.611313e+00 2.192786e+00 -8.995559e+00 -6.453068e+00 -1.180914e+01 -1.349962e+00 -4.674122e+00 8.565056e-01 3.150832e+00 -8.361158e-01 -1.563838e+00 -3.267637e+00 -4.471905e+00 -3.913945e+00 1.201993e+00 -9.798028e-01 2.959556e+00 -4.065935e-01 -9.778074e-01 5.571077e-01 9.460893e-02 -1.464469e+00 -1.231550e+00 -2.706785e-01 -9.765549e-01 6.942412e-01 -4.360069e-01 9.896104e-01 5.854567e-01 1.321624e+00 1.498751e+00 8.135008e-01 1.046848e-01 -2.289680e-02 
9.215640e+00 9.156347e-01 -8.591985e-01 -9.788052e+00 -2.233866e+01 1.026471e+00 -2.119707e+00 -1.380985e+01 -2.431220e+00 -1.453023e+01 -1.034574e+01 -5.815924e+00 9.261622e-01 9.046098e-01 -1.868500e+00 -1.665399e+00 -3.293471e+00 -1.200679e+00 -4.056811e+00 2.186907e+00 -3.411537e-01 4.230829e+00 7.847421e-01 2.435691e-01 9.202901e-02 5.558310e-02 -1.694805e+00 -6.692342e-01 6.050670e-01 2.687416e-01 1.625646e+00 9.651519e-02 1.112171e+00 6.659939e-01 1.337320e-01 9.443341e-01 6.914386e-01 -3.909041e-02 -2.926590e-02 
8.945461e+00 -6.274623e-01 1.344889e+00 -9.785943e+00 -1.930335e+01 -3.914480e+00 4.539529e+00 -8.837961e+00 2.223913e+00 -8.351479e+00 -4.412582e+00 -7.004292e+00 9.620007e-01 -1.198690e+00 -2.357252e+00 -3.261837e-01 -2.000868e+00 3.871201e-01 -4.041622e+00 2.863144e+00 -1.633358e-01 2.339704e+00 1.450335e+00 -3.538467e-01 -1.092307e-01 2.714212e-02 -1.168204e+00 8.021625e-02 1.116378e+00 9.216680e-01 1.300671e+00 5.927374e-01 4.029348e-01 9.900155e-02 -6.521887e-01 2.631291e-01 4.925625e-02 1.487440e-01 -2.305575e-02 
5.939545e+00 -1.085138e+00 9.281021e-01 -1.078526e+01 -1.569918e+01 -8.148589e+00 9.225589e+00 -9.801358e+00 3.365707e+00 -6.976564e+00 -1.985471e+00 -5.856592e+00 9.722076e-01 -1.758158e+00 -1.440991e+00 1.480322e+00 -4.387953e-01 1.426034e+00 -2.777068e+00 3.778727e+00 -3.785943e-02 1.292933e+00 1.074302e+00 -1.124253e-01 4.450224e-01 9.111311e-03 -2.719760e-01 5.535414e-01 1.213612e+00 8.960640e-01 2.746748e-01 8.327793e-01 -3.369652e-01 -1.126217e-01 -7.052038e-01 1.983503e-01 9.944391e-02 3.083237e-01 -1.262233e-02 
3.999306e+00 -4.699242e+00 1.814858e+00 -1.033493e+01 -1.759847e+01 -9.009068e+00 1.083633e+01 -1.181721e+01 2.347052e+00 -8.334319e+00 -7.299395e+00 -5.200320e+00 9.691859e-01 -1.358797e+00 -6.488073e-01 2.445193e+00 -8.655635e-02 7.181745e-01 -1.590057e+00 2.420747e+00 -6.364585e-01 1.167472e+00 7.641799e-01 -5.535100e-01 1.124257e+00 2.571525e-03 3.467009e-01 7.878129e-01 6.224099e-01 4.049670e-01 -2.784146e-01 6.095694e-01 -1.115601e+00 -4.579349e-01 -3.398650e-01 3.381832e-01 6.269273e-01 1.683007e-01 -4.149921e-03 
2.898220e+00 -4.253465e+00 6.307731e+00 -1.170783e+01 -1.606098e+01 -1.031126e+01 1.362579e+01 -1.250967e+01 3.971582e+00 -9.166989e+00 -9.464423e+00 -4.493135e+00 9.681143e-01 -3.752807e-01 4.485055e-02 3.016979e+00 2.299122e-01 7.281256e-03 -1.118747e+00 7.233005e-01 -6.676996e-01 1.290765e+00 2.119449e+00 8.405653e-01 1.016699e+00 4.755093e-03 5.060276e-01 6.531888e-01 -1.066947e-01 9.283790e-02 -3.088101e-01 3.314242e-01 -1.373570e+00 -6.029078e-01 -2.168622e-01 5.633454e-01 1.001320e+00 4.277449e-02 4.892059e-04 
3.672375e+00 -2.287228e+00 1.088136e+01 -9.757692e+00 -1.553180e+01 -1.078337e+01 1.444300e+01 -1.066599e+01 7.758198e+00 -3.435247e+00 -3.441086e+00 -2.064867e+00 9.768982e-01 -1.566005e-01 8.389232e-01 2.017466e+00 -3.105187e-01 -2.954976e-01 -1.823028e+00 -1.187198e+00 -2.138078e+00 6.415119e-01 2.618573e+00 2.304307e+00 4.463943e-01 8.565419e-03 3.758647e-01 4.017020e-01 -5.898739e-01 5.476958e-02 1.369576e-01 2.413449e-01 -7.756226e-01 -4.053508e-01 -2.998252e-01 2.703218e-01 9.052306e-01 -9.436426e-04 3.838552e-04 
4.226314e+00 -2.066661e+00 1.147975e+01 -9.924245e+00 -1.669599e+01 -1.285535e+01 1.103866e+01 -1.371540e+01 7.114277e+00 1.171253e+00 2.879716e-01 -2.340538e+00 9.921471e-01 1.707543e-01 1.081012e+00 1.160686e+00 1.373066e-01 3.889404e-01 -1.003404e+00 -1.285071e+00 -2.301555e+00 4.716114e-01 2.963764e+00 3.465250e+00 9.979036e-01 8.559960e-03 1.744033e-01 8.700211e-02 -7.422958e-01 4.947221e-02 4.460442e-01 3.408113e-01 5.335580e-02 3.803752e-02 -3.124728e-01 -4.938449e-01 1.505108e-01 3.254138e-02 -2.911588e-03 
2.552372e+00 -1.598247e+00 9.316242e+00 -1.277883e+01 -1.875807e+01 -1.685207e+01 6.193896e+00 -2.190454e+01 3.983037e+00 -4.104354e-01 -6.538972e-01 -4.044549e+00 9.999999e-01 2.474799e-01 8.416076e-01 4.240189e-01 2.335886e-01 1.212208e+00 -4.409611e-01 -4.532033e-01 -1.846358e+00 7.802217e-02 1.693560e+00 2.660302e+00 1.129059e+00 2.587901e-03 1.180172e-01 -2.417705e-01 -5.479285e-01 7.497227e-02 4.427876e-01 4.578034e-01 6.593277e-01 6.644676e-01 -1.856036e-01 -1.040623e+00 -5.744628e-01 -1.058899e-01 -6.463940e-03 
4.312170e+00 8.070926e-01 1.289360e+01 -9.510605e+00 -1.250340e+01 -1.229414e+01 1.132499e+01 -1.839799e+01 8.216798e+00 4.139009e+00 6.468232e+00 1.486577e+00 9.993675e-01 2.947981e-01 4.786228e-01 1.022060e-01 2.052704e-01 1.483677e+00 -1.056653e-01 6.231797e-01 -6.234499e-01 1.027876e-02 1.128113e-01 1.415108e+00 8.380757e-01 -6.817818e-03 -1.483079e-02 -4.305449e-01 -5.083357e-01 -1.352604e-01 2.030996e-02 9.794869e-02 4.957387e-01 6.131405e-01 -3.557892e-01 -1.428983e+00 -1.159241e+00 -5.069710e-01 -8.356556e-03 
4.867078e+00 4.837881e-01 1.229442e+01 -8.796748e+00 -1.156698e+01 -1.326878e+01 1.203407e+01 -1.755603e+01 7.597013e+00 3.548718e+00 6.770360e+00 1.666944e+00 9.862443e-01 3.716448e-01 -6.868782e-02 -1.930100e-01 3.049230e-02 1.371182e+00 1.721564e-02 1.155472e+00 3.452276e-01 -5.583882e-02 -1.159083e+00 4.571867e-01 -3.318986e-03 -1.607069e-02 -4.056596e-02 -3.122250e-01 -3.468054e-01 -1.445973e-02 -2.014390e-01 2.505329e-03 2.418772e-01 5.141674e-01 -3.036260e-01 -1.119742e+00 -9.936947e-01 -4.553507e-01 -8.204998e-03 
4.543058e+00 -7.148184e-01 1.050200e+01 -1.088898e+01 -1.287325e+01 -1.517485e+01 1.123450e+01 -1.900680e+01 5.358835e+00 -2.444161e-01 3.651091e+00 -1.005953e+00 9.649345e-01 3.448758e-02 -6.164955e-01 -1.072411e+00 -4.374042e-01 4.110269e-01 -7.427958e-01 3.893397e-01 -3.315253e-01 -1.240400e+00 -2.754900e+00 -1.229406e+00 -9.707925e-01 -2.389878e-02 -3.850054e-02 -4.475287e-02 -4.031465e-02 2.051732e-01 -2.481178e-01 -5.747046e-02 1.648260e-02 4.585307e-01 -1.352098e-01 -5.929788e-01 -5.116001e-01 -6.859589e-02 -6.805868e-03 
4.294707e+00 -1.180911e+00 9.547090e+00 -1.193721e+01 -1.171768e+01 -1.532582e+01 1.201643e+01 -1.987412e+01 5.132604e+00 -4.014385e+00 3.040325e+00 -2.814892e+00 9.368786e-01 1.748689e-01 -1.718864e-01 -7.226762e-01 4.827890e-01 7.414745e-01 -1.098907e-01 8.730884e-01 5.785624e-01 -8.148361e-01 -2.471397e+00 -9.858862e-01 -2.432667e-01 -2.989813e-02 1.140009e-02 2.382038e-01 3.412611e-01 4.097450e-01 -2.597135e-01 -1.400586e-01 -1.367418e-01 5.627112e-01 1.586995e-01 -1.013746e-01 -3.291231e-02 4.116213e-01 -5.247786e-03 
4.770551e+00 -1.443269e+00 8.904969e+00 -1.012748e+01 -1.037345e+01 -1.498014e+01 1.328006e+01 -1.889669e+01 3.247068e+00 -5.853896e+00 2.186360e+00 -1.126404e+00 9.045713e-01 2.007668e-01 3.064263e-01 1.654328e-01 1.004937e+00 5.581083e-01 -3.295003e-01 8.469064e-01 1.552566e+00 -2.864374e-01 -2.195921e+00 -4.214154e-01 6.150025e-01 -3.393228e-02 1.893570e-01 3.589375e-01 3.657965e-01 6.609545e-01 -1.837741e-01 -1.653067e-01 -4.757651e-01 6.918819e-01 5.513649e-01 1.381730e-01 3.083272e-01 5.569315e-01 -3.310812e-03 
5.627652e+00 -1.103613e-02 9.479727e+00 -6.763545e+00 -9.109747e+00 -1.391588e+01 1.537622e+01 -1.471819e+01 4.578684e+00 -6.003184e+00 2.573460e+00 5.111721e-01 8.669234e-01 3.455049e-01 6.609603e-01 8.943390e-01 1.357971e+00 -9.708341e-04 -8.897732e-01 2.429229e-01 2.216618e+00 2.606584e-01 -1.945513e+00 -1.113761e-01 1.261860e+00 -3.729497e-02 3.003528e-01 2.347426e-01 -7.284926e-02 5.240539e-01 -1.010746e-01 -3.425982e-01 -9.469492e-01 2.530427e-01 6.117851e-01 -1.796630e-02 6.863528e-02 3.298133e-01 -1.303604e-03 
4.880660e+00 2.324580e-01 1.136236e+01 -8.450994e+00 -1.138694e+01 -1.752743e+01 1.378914e+01 -1.382172e+01 4.203950e+00 -1.022960e+01 1.777772e+00 4.059326e-01 8.302417e-01 8.958965e-01 7.616734e-01 -5.198023e-02 2.429592e+00 -1.367663e-01 -1.179388e+00 -1.674430e+00 2.308805e+00 9.787387e-01 -2.326899e+00 -1.251206e-01 1.061286e+00 -3.674908e-02 4.049045e-01 1.331824e-01 -5.924618e-01 3.801940e-01 3.358606e-01 -1.080591e-01 -9.885988e-01 -2.068960e-01 6.596887e-01 1.039519e-01 -2.032207e-01 1.054239e-01 6.056461e-04 
5.967679e+00 1.285955e+00 1.278999e+01 -5.985598e+00 -1.121611e+01 -1.850101e+01 1.297703e+01 -1.132822e+01 5.957346e+00 -1.155389e+01 2.688060e+00 2.728341e+00 7.875693e-01 1.329142e+00 7.742998e-01 -9.781388e-01 2.390642e+00 5.833499e-01 -1.397856e+00 -2.601025e+00 1.465706e+00 1.611462e+00 -2.495620e+00 -7.908395e-01 1.182563e+00 -3.500768e-02 3.359194e-01 7.680055e-02 -8.917264e-01 2.085604e-02 7.099324e-01 1.471501e-01 -7.333999e-01 -5.613373e-01 4.515603e-01 2.795248e-01 -4.034951e-01 -1.840027e-01 2.202541e-03 
9.080308e+00 1.716350e+00 6.990427e+00 1.631537e+00 -1.000360e+01 -1.858423e+01 6.107581e+00 -9.047372e+00 7.451784e+00 -1.471255e+01 1.503643e+00 3.071378e+00 7.604973e-01 1.733465e+00 9.155765e-01 -1.860663e+00 2.389549e+00 1.945066e+00 -6.158037e-01 -2.674177e+00 8.936361e-01 2.336588e+00 -1.401040e+00 -1.097836e+00 1.181603e+00 -3.204349e-02 1.918768e-01 1.047182e-01 -5.756568e-01 -4.337307e-01 5.664913e-01 5.535243e-01 -2.245306e-01 -5.079451e-01 -3.914044e-02 6.945560e-01 -4.569065e-01 -3.896882e-01 3.228324e-03 
1.017315e+01 3.118401e+00 6.774942e+00 1.485884e-01 -6.884317e+00 -2.037667e+01 6.211995e+00 -9.777071e+00 1.101217e+01 -1.623976e+01 -1.243501e+00 5.091107e+00 7.267669e-01 1.606395e+00 9.679712e-01 -2.659801e+00 1.482273e+00 2.507664e+00 -4.358220e-01 -2.924086e+00 1.175264e-01 1.839486e+00 -1.010641e+00 -1.642477e+00 2.817647e-01 -2.863166e-02 9.620637e-02 2.683075e-01 -2.686619e-01 -4.897685e-01 2.336705e-01 9.156448e-01 -1.511185e-01 1.144446e-01 -8.900684e-01 8.649466e-01 -3.840061e-01 -8.650731e-01 3.745836e-03 
1.144497e+01 3.893867e+00 5.066430e+00 4.298300e-01 -3.827156e+00 -1.966823e+01 3.800748e+00 -1.012897e+01 1.335958e+01 -1.489187e+01 -1.745527e+00 5.132706e+00 7.004151e-01 1.716643e+00 1.188387e+00 -2.089434e+00 7.152964e-01 1.733667e+00 1.107155e+00 -2.635522e+00 4.432528e-01 6.690158e-01 4.034978e-01 -1.983783e+00 -4.365693e-01 -2.379506e-02 -1.537925e-01 3.289248e-01 1.422556e-01 -3.708894e-01 2.632985e-02 9.370548e-01 -2.113479e-01 7.310282e-01 -1.720157e+00 6.250863e-01 -4.159504e-01 -1.295489e+00 1.326467e-03 
1.281721e+01 5.037042e+00 4.526179e-01 2.026624e+00 -1.765657e+00 -2.013821e+01 -4.899342e-01 -1.020021e+01 1.220142e+01 -1.651774e+01 -3.899812e+00 3.106148e+00 6.744323e-01 1.818541e+00 1.979377e+00 -2.206991e+00 7.788882e-01 1.857570e+00 2.318834e+00 -3.376034e+00 2.263121e+00 -2.005088e+00 9.268460e-01 -2.267802e+00 -2.333652e+00 -2.039961e-02 -6.045917e-01 -2.699122e-02 6.859330e-01 7.855579e-02 1.612345e-01 9.311359e-01 2.339963e-01 8.946763e-01 -1.711769e+00 8.095049e-01 -1.261441e-01 -1.175762e+00 -6.229211e-03 
1.634117e+01 6.699129e+00 -2.958659e-01 4.268967e+00 -3.894454e+00 -1.316796e+01 -3.719315e+00 -6.619718e+00 1.020215e+01 -1.255601e+01 -7.087124e+00 1.880527e+00 6.677037e-01 8.583808e-01 2.054341e+00 -1.375862e+00 8.866962e-01 2.401844e+00 2.692273e+00 -3.505034e+00 3.475991e+00 -4.341965e+00 7.555889e-01 -2.865008e+00 -3.988179e+00 -2.952693e-02 -1.194642e+00 -7.535792e-01 7.915697e-01 5.528778e-01 4.616861e-01 4.572948e-01 7.119150e-01 3.919102e-01 -8.503563e-01 9.204330e-01 3.453635e-01 -4.606946e-01 -1.998764e-02 
1.681798e+01 1.161255e+01 -1.578925e+00 2.123183e+00 2.437293e+00 -1.203275e+01 -6.908323e+00 -2.164985e-01 2.565101e+00 -1.277308e+01 -9.911754e+00 -4.951346e+00 6.411236e-01 -9.875127e-01 4.000805e-01 4.131340e-01 1.789302e+00 2.979733e+00 3.427274e+00 -1.319456e+00 3.074466e+00 -4.213794e+00 2.860812e+00 -1.832592e+00 -3.821218e+00 -5.691433e-02 -1.412874e+00 -1.564785e+00 5.566348e-01 6.342599e-01 1.123846e-01 1.660912e-02 9.151475e-01 -5.689690e-01 6.479585e-01 1.130540e+00 7.146641e-01 8.642660e-01 -3.199762e-02 
1.373688e+01 1.087771e+01 -7.969561e-01 4.815006e+00 6.080578e+00 -1.025951e+01 -1.051545e+01 2.258650e+00 -3.532104e+00 -1.298629e+01 -1.306456e+01 -1.077956e+01 5.694467e-01 -2.853616e+00 -1.789858e+00 5.582338e-01 2.974594e+00 3.480926e+00 2.839365e+00 -1.042974e-01 1.997111e+00 -2.478479e+00 4.038628e+00 -4.746099e-01 -1.996435e+00 -1.054769e-01 -1.003095e+00 -1.687432e+00 -1.555638e-01 4.085100e-02 -7.289192e-01 -4.146894e-01 4.448231e-01 -1.066647e+00 1.480145e+00 6.820917e-01 9.776548e-01 2.164895e+00 -3.299938e-02 
9.182171e+00 4.947944e+00 2.768978e+00 1.070000e+01 8.145528e+00 -4.455946e+00 -3.689152e+00 7.328662e-01 -2.000439e+00 -1.998129e+00 -1.007421e+01 -9.669738e+00 4.389701e-01 -3.389728e+00 -3.922630e+00 -3.910196e-01 2.906133e+00 1.879899e+00 2.328427e+00 -5.007354e-01 1.576788e-01 3.027948e-01 4.938009e+00 1.103204e-01 9.918672e-01 -1.424119e-01 -2.077826e-01 -8.534088e-01 -9.507794e-01 -9.216077e-01 -1.467984e+00 -7.932259e-01 -2.766403e-01 -8.591242e-01 1.155370e+00 -4.590430e-01 9.794864e-01 2.407362e+00 -1.782518e-02 
5.891039e+00 1.082511e+00 3.214362e-01 1.485369e+01 1.065625e+01 -2.760062e+00 -5.850735e+00 2.890661e+00 9.291857e-02 2.249735e+00 -9.379125e+00 -5.742039e+00 2.414019e-01 -2.955877e+00 -4.221488e+00 -1.751626e+00 5.326688e-01 -6.929328e-01 1.168253e+00 -1.690274e+00 -3.988217e-01 8.004380e-01 3.127556e+00 1.051875e+00 4.429883e+00 -1.517740e-01 4.827710e-01 2.650285e-01 -9.889942e-01 -1.456746e+00 -1.608020e+00 -4.953353e-01 -1.844573e-01 -3.626730e-01 3.874048e-01 -1.214677e+00 7.668666e-01 1.437036e+00 7.564337e-03 
3.792185e+00 -3.102744e+00 -4.093436e+00 1.163438e+01 9.549004e+00 -4.140669e+00 -1.174427e+01 2.562948e-01 2.267277e+00 4.299022e+00 -1.120263e+01 -2.510660e+00 9.309401e-02 -1.975144e+00 -2.651139e+00 -3.185870e+00 -1.597756e+00 -2.273208e+00 2.965527e-01 -1.909618e+00 -2.321199e-02 -7.629733e-02 1.021206e+00 2.301475e+00 5.002520e+00 -1.228963e-01 6.931137e-01 1.101101e+00 -2.526634e-01 -9.263858e-01 -7.482125e-01 -6.449924e-02 4.899594e-01 1.423976e-01 -4.646372e-01 -1.382298e+00 4.976849e-01 -1.000493e-03 2.763826e-02 
1.652101e+00 -6.204320e+00 -6.124191e+00 7.010967e+00 1.914440e+00 -4.575976e+00 -1.493931e+01 5.029462e-01 -1.663751e+00 -4.970915e-01 -7.240793e+00 7.790080e+00 -1.647677e-02 -1.147015e+00 -1.100376e+00 -2.989280e+00 -2.057306e+00 -2.482666e+00 1.378613e+00 -3.220686e-01 2.742438e-01 -3.517421e-01 -7.633202e-02 2.264018e+00 3.183499e+00 -7.741258e-02 5.604722e-01 1.084478e+00 5.042030e-01 5.980727e-02 4.523602e-01 2.735755e-01 8.856298e-01 2.605547e-01 -6.044161e-01 -5.498227e-01 -5.485568e-02 -1.318286e+00 3.531777e-02 
1.426063e+00 -4.664415e+00 -9.937519e+00 6.632745e+00 1.150581e+00 -2.064424e+00 -8.692627e+00 1.811224e+00 -1.503793e+00 4.480914e+00 3.641545e-01 8.576737e+00 -4.657052e-02 -8.286155e-01 2.238149e-02 -1.035497e+00 -4.308463e-01 -9.662226e-01 1.900742e+00 1.265032e+00 5.331861e-01 -1.444308e+00 -3.715252e-01 1.992694e+00 1.610052e+00 -4.140008e-02 3.117539e-01 4.482011e-01 9.489995e-01 6.201336e-01 1.053066e+00 2.015769e-01 5.103065e-01 1.215675e-01 -5.578232e-01 1.370830e-02 -4.438284e-01 -1.294636e+00 2.907251e-02 
1.338752e+00 -3.638780e+00 -1.170276e+01 7.067890e+00 2.442469e+00 3.095247e+00 -8.986840e+00 3.484891e+00 2.193300e-01 1.776558e+00 -3.842512e+00 4.631654e+00 -7.583859e-02 -7.268391e-01 -1.358962e-01 -3.058338e-01 2.480955e-01 9.153752e-01 1.734008e+00 1.150528e+00 6.257825e-01 -1.537523e+00 1.074865e+00 9.320557e-01 -4.653795e-01 -1.592876e-02 1.738250e-01 -1.537784e-02 7.307353e-01 4.578888e-01 8.389652e-01 -2.627847e-01 -9.691644e-03 9.280638e-02 -4.867869e-01 1.914256e-01 -3.611470e-01 -7.521678e-01 1.844873e-02 
-1.945221e-01 -4.273490e+00 -6.481493e+00 9.451486e+00 4.453926e+00 1.527394e+00 -8.395165e+00 1.431262e+00 -5.895875e+00 1.304240e+00 -2.938409e+00 7.118597e+00 -8.423603e-02 -6.265149e-01 -8.924872e-01 2.174907e-01 3.502398e-01 1.293030e+00 1.126798e+00 -9.440896e-02 4.089389e-01 -2.272674e+00 5.141952e-01 7.484453e-01 3.536530e-01 -8.275350e-03 2.476019e-01 -4.243019e-02 9.348727e-02 2.994466e-02 1.286679e-01 -4.122386e-01 -2.359460e-01 1.709193e-01 9.107088e-02 -7.966254e-02 -3.938971e-01 -5.967950e-01 8.810063e-03 
-1.171918e+00 -7.079041e+00 -9.381277e+00 6.842306e+00 4.839307e+00 2.297717e+00 -9.335347e+00 3.821675e+00 -7.155899e+00 6.465853e+00 -9.293278e-01 6.192241e+00 -7.727916e-02 -3.790323e-01 -7.199925e-01 3.803273e-02 -1.584946e-01 5.826218e-01 4.517526e-01 3.092206e-01 8.003227e-01 -2.371309e+00 4.380027e-01 1.080413e+00 5.073441e-02 -1.735564e-03 2.725935e-01 1.972609e-01 -1.759651e-01 -1.324040e-01 -3.113266e-01 -2.908998e-01 1.055996e-02 -7.812692e-03 5.639470e-01 -3.314958e-01 -2.809566e-01 -5.248221e-01 3.470446e-03 
-4.511188e-01 -7.406699e+00 -1.001079e+01 8.496867e+00 6.417067e+00 3.967995e+00 -8.990552e+00 3.687285e+00 -9.179300e+00 4.707850e+00 2.649643e+00 9.564871e+00 -8.722257e-02 2.354991e-01 1.022163e-01 -7.399026e-01 -7.781247e-02 -1.564256e-01 4.806456e-01 5.059788e-01 1.300384e+00 -5.719082e-01 -4.513795e-01 -5.094200e-02 -1.631918e+00 -4.448647e-03 2.444624e-01 3.072465e-01 -1.851743e-01 -2.510235e-01 -7.151798e-02 -1.370066e-01 -1.373150e-01 -2.171016e-01 1.023389e+00 -9.985566e-02 -3.468233e-01 -5.707006e-01 2.248747e-03 
-4.278359e-01 -5.672058e+00 -9.748034e+00 6.752916e+00 4.373974e+00 4.133369e+00 -7.142673e+00 6.358352e+00 -9.995861e+00 2.265178e+00 -1.234385e+00 3.662458e+00 -8.302385e-02 2.051235e-01 3.531540e-01 -7.069641e-01 -1.998292e-01 8.361308e-02 6.026129e-01 9.033157e-01 1.408804e-01 4.319138e-01 -9.971087e-02 -7.308017e-02 -2.096722e+00 -4.854708e-04 1.153322e-01 1.064488e-01 1.656818e-01 -5.901993e-02 4.385934e-01 -1.605900e-01 -6.522502e-01 -5.801323e-01 9.515010e-01 1.691775e-01 -1.969564e-01 -9.127928e-02 1.064014e-03 
6.111624e-01 -4.465905e+00 -9.997791e+00 9.106575e+00 3.904615e+00 3.013093e+00 -6.961690e+00 6.664912e+00 -7.335493e+00 1.148087e+00 -3.040637e+00 2.240142e-01 -1.036134e-01 3.037535e-01 1.070879e-01 -3.359328e-01 -8.843353e-01 1.184903e+00 3.662156e-01 -1.077975e+00 -3.467874e-01 1.442781e+00 2.837868e-01 -4.089299e-01 -1.426131e+00 2.342250e-03 -1.392200e-02 -1.300962e-02 5.395945e-01 8.629410e-02 4.274418e-01 -2.896975e-01 -4.601943e-01 -2.951846e-01 5.229897e-01 3.433655e-01 2.315071e-01 4.610245e-01 -9.247113e-04 
-6.771567e-01 -6.783598e+00 -1.292279e+01 5.537716e+00 6.513700e+00 5.788177e+00 -5.833564e+00 3.037464e+00 -5.917967e+00 7.746819e+00 1.550525e+00 3.792347e-01 -7.151689e-02 1.636142e-01 -1.900804e-01 6.643374e-01 -5.028915e-02 2.104890e+00 -2.940978e-01 -2.160089e+00 -1.276644e+00 1.378831e+00 9.162833e-01 2.747304e-01 -5.084576e-01 1.859765e-04 -5.081990e-03 1.621475e-01 5.349563e-01 2.923201e-01 -1.487403e-01 -2.793393e-01 2.360501e-01 5.512187e-01 3.639445e-01 4.078138e-02 1.998192e-01 4.207174e-01 -5.438157e-03 
1.192749e+00 -6.315184e+00 -1.010337e+01 4.683029e+00 1.127171e+01 4.971442e+00 -1.503537e+01 3.613883e+00 -4.004204e+00 3.386131e+00 -7.873802e-01 4.075344e+00 -8.124949e-02 1.864867e-01 3.087129e-01 1.272375e+00 2.786990e-01 9.701059e-01 -5.194175e-01 -2.634120e-01 5.332885e-01 1.569461e+00 7.575606e-01 9.327902e-01 -1.208920e-01 -9.405347e-03 -7.588470e-02 3.060169e-01 2.769986e-01 2.364381e-01 -8.909627e-01 1.721026e-02 1.371047e+00 8.645086e-01 6.577568e-02 -1.061102e-01 2.187953e-01 9.394005e-02 -6.630283e-03 
9.942419e-02 -5.697887e+00 -6.373554e+00 8.713174e+00 1.121477e+01 1.683699e+00 -1.390679e+01 1.500886e+00 -4.767172e+00 5.727132e+00 -9.872790e-01 -8.054078e-01 -9.326591e-02 2.382825e-01 1.063117e+00 1.163621e+00 6.803210e-01 -5.526473e-01 -3.513128e-01 1.676302e+00 2.456815e+00 2.188365e+00 -1.326666e-01 2.551103e-01 -6.457862e-01 -2.180801e-02 -1.325186e-01 1.736243e-01 -4.925495e-02 -3.416500e-01 -1.006179e+00 5.718822e-01 1.568071e+00 8.669028e-01 -6.587733e-02 -5.384306e-01 6.881845e-02 1.735309e-01 -3.628713e-03 
1.155400e+00 -3.464938e+00 -6.910493e+00 8.912615e+00 6.404412e+00 2.468426e+00 -4.242309e+00 1.009968e+01 -6.335708e-02 5.945059e+00 2.892517e+00 2.119070e-01 -1.397856e-01 -1.130338e-01 1.010623e+00 7.994041e-01 -6.728008e-02 -1.941183e+00 4.808740e-01 3.858958e+00 2.109067e+00 1.367044e+00 2.778717e-01 6.948310e-01 -8.879289e-01 -1.981005e-02 -2.502064e-01 -5.905327e-02 9.327509e-03 -5.333939e-01 -2.770330e-01 7.856587e-01 7.023624e-01 -1.177095e-01 -4.390143e-01 -5.841778e-01 -7.599311e-02 3.949072e-01 2.326374e-03 
5.325827e-01 -2.893206e+00 -8.701339e+00 6.824597e+00 6.184113e+00 5.283519e+00 -2.848278e+00 1.207883e+01 3.053565e+00 5.803492e+00 9.863153e-01 -9.180979e-01 -1.512926e-01 -3.491407e-01 3.270063e-01 6.544937e-01 -1.585634e+00 -1.470328e+00 2.065306e+00 3.619051e+00 2.269984e+00 1.150671e+00 -1.536102e+00 7.378483e-01 7.427277e-01 -1.275712e-02 -2.184402e-01 -9.913083e-02 1.011168e-01 -4.170076e-01 3.822927e-01 4.792597e-01 -5.063813e-01 -1.057160e+00 -7.556631e-01 -2.664042e-01 5.398195e-02 5.281651e-01 6.111606e-03 
4.108326e-01 -2.664223e+00 -4.942375e+00 5.290628e+00 4.081775e+00 5.575858e+00 -1.269552e+00 8.870201e+00 -1.079558e+00 4.737021e+00 1.699635e+00 -3.077711e-01 -1.512926e-01 -7.707688e-01 3.814889e-01 1.573648e+00 -1.255254e+00 4.380889e-02 2.200635e+00 2.277027e+00 3.824582e-02 -1.066464e-01 -1.461599e+00 3.115574e-01 1.159241e+00 -2.303291e-03 -9.253201e-02 2.857085e-02 -9.301534e-02 -1.741078e-01 5.418196e-01 -2.343921e-01 -1.516573e+00 -1.029177e+00 -3.066405e-01 3.551150e-01 6.020962e-02 2.513594e-01 5.237380e-03 
-1.274265e+00 -4.463003e+00 -4.085164e+00 2.595854e+00 5.023944e+00 1.045599e+01 2.702322e+00 1.346536e+01 1.494081e+00 -1.349496e+00 3.298175e+00 3.168236e+00 -1.512926e-01 -5.252225e-01 8.820718e-01 1.282123e+00 -8.109066e-01 3.663685e-01 1.185155e+00 -6.463116e-02 -1.793504e+00 -8.530433e-01 -5.951735e-01 7.166544e-01 9.714257e-01 3.731684e-07 5.043659e-02 1.536311e-01 -4.126477e-01 -2.640477e-02 4.128088e-02 -9.085533e-01 -1.562044e+00 -7.436907e-01 1.469693e-01 1.072686e+00 1.848362e-01 -3.364760e-01 2.781046e-03 
-1.795220e+00 -7.728623e-01 -1.350440e+00 4.750915e+00 7.203934e+00 1.088543e+01 4.367827e+00 9.597742e+00 1.833293e-01 2.214128e+00 3.293943e+00 3.964517e+00 -1.512926e-01 -4.878278e-01 8.760071e-01 2.061697e-02 -1.325305e+00 -1.504793e-01 -2.510439e-01 -1.882200e+00 -1.005103e+00 8.356646e-01 1.583003e+00 1.006339e+00 2.546008e-01 3.731684e-07 8.918393e-02 -5.959978e-02 -7.980886e-01 -1.438297e-01 -4.325138e-01 -8.796983e-01 -1.047348e+00 -3.944695e-02 4.242336e-01 6.552420e-01 7.604153e-03 -5.231735e-01 4.596338e-04 
-9.909905e-01 5.714344e-01 -4.086740e+00 3.040275e+00 6.455029e+00 8.554725e+00 -5.989952e+00 2.747635e+00 -1.842527e+00 4.089675e+00 3.772853e+00 1.802606e+00 -1.512926e-01 -2.385299e-01 8.480699e-01 -6.321899e-01 -1.682710e+00 -1.166700e+00 -1.251564e+00 -2.111546e+00 -9.267442e-01 1.414329e+00 2.304931e+00 1.314595e+00 -4.871929e-01 3.731684e-07 3.511115e-02 -2.874954e-01 -4.484760e-01 2.078739e-01 -4.029078e-01 -4.905262e-01 -1.876665e-02 3.181668e-01 -1.240694e-01 -5.167632e-01 -5.858924e-01 -4.411949e-01 -5.824313e-07 
-2.170171e+00 -8.013038e-01 -4.838768e+00 -1.557835e+00 2.613878e+00 5.270716e+00 -6.334283e+00 9.203748e+00 4.767688e+00 9.932526e+00 6.494278e+00 1.648317e+00 -1.512926e-01 -4.682228e-01 1.003273e-01 -1.459628e+00 -1.538536e+00 -1.352251e+00 -9.794214e-01 -1.936137e+00 -5.924137e-01 8.807817e-01 3.646269e-01 5.051586e-02 -7.272778e-01 3.731684e-07 9.521496e-02 -2.301571e-01 1.657827e-01 7.247306e-01 -1.408947e-01 -2.336522e-01 4.618746e-01 5.288198e-02 -9.710655e-01 -1.345441e+00 -1.075350e+00 -3.520531e-01 -5.824313e-07 
-2.278825e+00 -2.086756e-01 -5.501768e+00 -2.663406e+00 1.485345e+00 7.005543e+00 -2.504411e+00 9.028338e+00 6.273989e+00 6.316135e+00 8.271229e+00 1.890772e+00 -1.512926e-01 -3.594273e-01 -1.676114e-01 -2.201748e-01 3.351367e-01 -1.047287e+00 -9.031348e-01 -1.313784e-01 -4.089622e-01 -1.495928e+00 -2.569700e+00 -1.734912e+00 -7.436036e-01 3.731684e-07 9.790001e-02 -1.228586e-01 6.244601e-01 9.377159e-01 3.200214e-01 -3.985228e-02 3.736559e-01 -9.643050e-02 -1.117856e+00 -9.703043e-01 -1.043516e+00 -2.294263e-01 -5.824313e-07 
-3.491959e+00 1.189822e-01 -7.941037e+00 -9.048800e-02 2.927359e+00 6.762816e+00 -7.055429e+00 3.495145e+00 5.286086e-01 2.924108e+00 1.297559e+00 2.845502e-01 -1.512926e-01 4.864673e-02 2.331533e-01 6.434196e-01 1.289510e+00 -9.145257e-01 -1.593597e+00 -5.627631e-01 -9.995717e-01 -2.564513e+00 -2.707016e+00 -2.845598e+00 -1.377290e+00 3.731684e-07 1.584995e-01 7.743815e-02 8.102569e-01 6.575267e-01 5.318523e-01 1.749415e-01 3.104652e-01 5.440832e-02 -2.183039e-01 2.607613e-01 -2.472173e-01 -1.822403e-01 -5.824313e-07 
-2.127001e+00 -7.267174e-01 -3.636467e+00 3.981822e+00 1.062001e+00 3.293162e+00 -6.286485e+00 3.556673e+00 -7.202945e+00 -5.255025e+00 -2.303226e+00 -1.233816e+00 -1.512926e-01 -7.384781e-03 1.674362e-01 1.438487e+00 1.591870e+00 2.146757e-01 -1.143757e+00 -9.299851e-01 -1.205353e+00 -2.452059e+00 -1.010782e+00 -2.454979e+00 -1.309381e+00 3.731684e-07 6.993418e-02 1.289014e-01 3.256997e-01 4.163003e-02 6.244698e-01 5.832578e-01 8.502281e-02 2.098561e-01 9.444891e-01 1.275555e+00 5.151223e-01 -7.263228e-02 -5.824313e-07 
-2.002340e+00 6.233836e-01 -2.554317e+00 1.567024e+00 -1.747251e+00 -8.406560e-01 -7.257295e+00 6.941247e+00 -1.316835e+00 2.182812e+00 -2.446150e+00 -3.676365e+00 -1.512926e-01 1.482449e-01 3.200469e-01 1.762382e+00 1.120595e+00 6.761860e-01 1.573101e-02 1.537559e-02 7.778368e-02 2.671618e-01 8.889610e-01 -8.254632e-01 -1.355752e+00 3.731684e-07 -1.065863e-02 1.759506e-02 -9.217508e-02 -1.901557e-01 5.248455e-01 8.423976e-01 2.416862e-01 3.287913e-01 1.140822e+00 9.590322e-01 7.632033e-01 1.488577e-01 -5.824313e-07 
-3.060741e+00 3.761167e-01 -1.002592e+00 4.467565e+00 4.895676e+00 5.088804e+00 -7.053574e+00 1.277982e+00 -5.063769e+00 1.632846e+00 -2.131651e+00 -2.675814e+00 -1.512926e-01 -5.954371e-02 4.333864e-01 8.489066e-01 6.277584e-01 1.279681e+00 1.208452e+00 4.475791e-03 1.015474e-01 1.810763e+00 2.010160e+00 -1.693970e-01 -1.117587e+00 3.731684e-07 -6.940871e-03 -9.092948e-03 -3.207576e-01 -1.842351e-01 2.426017e-01 6.598807e-01 2.379606e-01 2.305965e-01 7.661775e-01 2.865388e-01 5.218629e-01 1.787043e-01 -5.824313e-07 
-2.284160e+00 1.167835e+00 -4.459566e-01 5.269546e+00 4.391230e+00 5.943415e+00 -6.595084e+00 5.023628e+00 7.949317e-01 3.924942e+00 -2.915619e+00 -5.773083e+00 -1.512926e-01 2.141760e-02 1.880163e-01 4.773073e-01 8.207197e-01 1.177136e+00 1.442337e+00 1.783107e-01 -9.076693e-03 1.008275e+00 5.775716e-01 -1.722298e-01 -7.290613e-01 3.731684e-07 -1.726799e-02 -5.094668e-02 -2.941720e-01 -4.068689e-02 8.993340e-02 3.087194e-01 4.996461e-02 -2.843332e-02 6.793822e-02 -2.055121e-01 1.303625e-01 1.641506e-01 -5.824313e-07 
