-3.893032e+00 -2.359146e-01 -5.895972e+00 -2.198566e+00 -9.347474e+00 -6.082060e-01 -1.253465e+00 1.424864e+00 5.969249e+00 5.486085e+00 3.398120e+00 1.740654e+00 -1.512926e-01 1.898707e-01 2.060456e-01 -7.411234e-01 3.604426e-01 2.348775e+00 1.276821e+00 1.415947e+00 -1.087511e-02 -1.202366e+00 -3.251167e-01 -4.213142e-01 -9.612933e-01 2.600282e-06 -1.738268e-02 -6.432087e-03 1.490819e-01 4.053981e-02 -1.932029e-01 -4.448335e-02 7.651762e-02 4.763869e-01 4.448497e-01 -3.452243e-01 1.548044e-01 -1.397743e-01 -9.552093e-07 
-2.853413e+00 -2.867026e-02 -7.992208e+00 -2.791932e+00 -6.492928e+00 6.509018e-01 -5.567630e-01 2.777584e-01 4.444844e+00 6.466703e+00 1.994171e+00 8.856038e-01 -1.512926e-01 1.809570e-01 2.508030e-01 -7.871215e-01 4.540576e-01 2.018488e+00 1.216060e+00 1.751877e+00 8.226918e-01 -6.123158e-01 -9.622661e-01 -8.893084e-02 -1.478433e+00 2.600282e-06 -9.147952e-02 -2.829632e-02 2.301350e-01 -1.532346e-01 -4.322208e-01 -1.961276e-01 -1.812454e-01 4.958976e-01 7.179033e-01 -2.426263e-01 2.083546e-01 2.081879e-01 -9.552093e-07 
-3.463132e+00 6.905086e-01 -8.553771e+00 -9.972531e-02 9.693763e-01 5.146158e+00 5.477696e+00 1.943813e+00 7.194929e-01 3.370313e+00 1.992931e+00 -2.638360e+00 -1.512926e-01 1.075089e-01 1.515277e-01 2.729067e-02 5.163320e-01 1.547948e+00 1.084792e+00 1.630633e+00 1.954097e+00 7.268490e-01 -1.732579e+00 1.864321e-01 -1.401600e+00 2.600282e-06 -1.292733e-01 -8.978949e-02 2.396842e-01 -1.779813e-01 -6.607305e-01 -3.143533e-01 -4.470701e-01 3.173631e-01 7.438776e-01 2.990884e-01 2.112575e-01 5.237042e-01 -9.552093e-07 
-3.202731e+00 5.551822e-01 -8.502944e+00 -9.779488e-01 -4.413005e+00 2.594771e+00 4.140081e+00 5.279206e+00 5.532195e+00 1.732687e+00 3.655752e+00 -3.462243e+00 -1.512926e-01 -2.263357e-01 9.173393e-02 2.523719e-02 -4.837210e-01 5.879852e-01 3.922088e-01 4.024384e-01 1.486023e+00 1.422630e+00 -8.344966e-01 3.166218e-01 2.997448e-01 2.600282e-06 -1.731176e-01 -1.315908e-01 6.218989e-02 -8.691619e-02 -4.831100e-01 -2.046600e-01 -5.200457e-01 -4.219221e-01 -3.395143e-02 6.932355e-01 2.219904e-01 5.762209e-01 -9.552093e-07 
-3.180502e+00 2.296302e-01 -5.504162e+00 -5.240117e-01 -2.647395e+00 3.843453e+00 4.551027e+00 8.695070e+00 9.059614e+00 -8.102145e-01 3.499436e+00 -3.093384e+00 -1.512926e-01 -2.528388e-01 -1.634448e-01 5.102896e-02 -6.058095e-02 -2.395195e-01 1.171858e-01 -1.446575e-01 1.244329e+00 1.499585e+00 1.106421e+00 4.322443e-01 7.682310e-01 2.600282e-06 -6.596214e-02 -1.074140e-01 -1.720244e-01 8.291616e-02 -3.919803e-01 -3.446423e-02 -5.887451e-01 -1.142997e+00 -1.046650e+00 3.320446e-01 1.347136e-01 2.325744e-01 -9.552093e-07 
-4.126043e+00 6.608630e-01 -9.390686e+00 -4.998433e+00 -1.744442e+00 3.262946e+00 1.918436e+00 4.332865e+00 7.387944e+00 4.384448e+00 2.824135e+00 2.612203e+00 -1.512926e-01 -5.044404e-01 -2.496182e-01 -4.880519e-01 3.079367e-01 4.966521e-01 6.766734e-01 3.932088e-02 -9.321122e-01 -1.168528e+00 1.084444e+00 8.981470e-01 3.177974e-01 2.600282e-06 9.287108e-02 4.464993e-03 1.584585e-01 3.789722e-01 -3.262249e-01 6.540381e-02 -4.840837e-01 -9.366662e-01 -1.226309e+00 -4.491492e-01 1.410540e-01 -2.089820e-01 -9.552093e-07 
-4.265374e+00 -1.793684e-01 -7.855026e+00 1.607657e+00 -1.562798e+00 5.397316e+00 5.865509e+00 8.638412e+00 7.289890e+00 7.576942e+00 4.570077e+00 -1.834642e+00 -1.512926e-01 -8.324246e-02 -2.148851e-01 -5.761054e-01 5.351364e-01 -3.662558e-01 7.701752e-01 -1.131507e+00 -2.551808e+00 -3.210785e+00 -1.031795e+00 5.692598e-01 -2.477764e-01 2.600282e-06 1.977174e-01 3.354068e-01 3.968721e-01 1.096439e-02 -2.465522e-01 -6.555583e-02 -3.529939e-01 -4.279439e-01 -5.340251e-01 -1.023748e+00 -2.763088e-01 -2.450158e-01 -9.552093e-07 
-5.182732e+00 -4.887251e-01 -9.767694e+00 -5.038916e-01 -2.471950e+00 5.201129e+00 3.679242e+00 6.468523e-01 5.747800e-01 2.961277e+00 7.611208e+00 -2.503062e+00 -1.512926e-01 1.532654e-01 1.398327e-01 1.131162e+00 1.113352e+00 -9.798394e-01 3.928179e-01 -1.524539e+00 -1.299306e+00 -2.353783e+00 -2.011195e+00 9.533362e-01 -2.369889e-01 2.600282e-06 1.964313e-01 4.252815e-01 4.298629e-01 -2.401501e-01 -4.552557e-02 -1.059555e-01 2.327387e-01 5.786132e-01 6.437340e-01 -5.109375e-01 -5.701091e-01 -2.472516e-01 -9.552093e-07 
-3.068561e+00 -2.699520e-01 -8.196010e+00 -9.548950e-02 -4.114810e+00 6.725137e+00 -1.986908e+00 -2.221323e+00 -3.587626e+00 -5.257697e+00 3.951843e+00 -1.775243e+00 -1.512926e-01 4.068874e-01 1.318825e+00 1.225787e+00 -4.085033e-01 -7.340198e-01 -6.875175e-02 -1.127811e+00 -7.119360e-01 -5.778220e-01 -2.464532e+00 -9.768681e-01 -1.795289e-01 2.600282e-06 -2.048100e-02 1.818666e-01 1.073350e-02 -3.425575e-01 5.436020e-01 -1.559865e-01 7.480194e-01 6.950990e-01 9.603942e-01 3.908565e-01 -3.172163e-01 2.419338e-01 -9.552093e-07 
-3.958132e+00 1.405021e+00 -3.564353e+00 1.419870e+00 -5.367414e+00 4.562808e+00 -1.778260e+00 3.266228e+00 1.057763e+00 7.455443e-01 7.900269e+00 1.397094e+00 -1.512926e-01 2.326560e-01 1.109899e+00 7.603848e-01 -4.210396e-01 4.528809e-01 5.662683e-01 1.200998e+00 1.041067e+00 7.336915e-01 -7.539788e-01 -1.179311e+00 -9.527073e-01 2.600282e-06 -7.616325e-02 -2.456773e-01 -5.926782e-01 -1.405594e-01 7.115929e-01 -2.161659e-01 7.030493e-01 7.827324e-02 4.206196e-01 5.975946e-01 -1.341450e-01 3.997959e-01 -9.552093e-07 
-2.843092e+00 5.468107e+00 -4.828115e+00 -1.396587e+00 -3.785308e+00 5.373148e+00 2.955325e+00 3.769165e+00 4.159064e+00 -3.637573e+00 -4.585010e-01 -4.682486e+00 -1.512926e-01 -2.253849e-01 2.095629e-01 -3.370797e-01 -4.104570e-01 1.635419e+00 -9.661953e-02 1.245783e+00 -2.465637e-01 4.747149e-02 2.938512e-01 4.949980e-02 1.319825e+00 2.600282e-06 -8.326602e-02 -5.848532e-01 -4.140621e-01 3.400916e-01 2.290586e-01 -1.111267e-01 1.165455e-01 -2.937781e-01 -5.583060e-02 7.051414e-01 5.382115e-01 7.206678e-01 -9.552093e-07 
-4.131998e+00 2.191726e+00 -7.650238e+00 -1.958537e+00 -3.721893e-01 8.708813e+00 7.213555e+00 2.856899e+00 3.699222e-01 -1.618794e+00 3.920001e+00 -5.812896e+00 -1.512926e-01 8.849317e-02 -5.339025e-01 -1.050789e+00 4.114831e-01 1.393390e+00 -6.740766e-01 8.038298e-01 -1.140679e+00 -5.632934e-01 -4.024378e-01 -2.305247e-01 1.012381e+00 2.600282e-06 4.516850e-02 -2.494615e-01 6.782737e-02 3.855361e-01 -5.547346e-01 -1.555987e-01 -4.953700e-01 -2.317776e-01 4.423721e-02 4.825886e-01 5.513507e-01 5.661335e-01 -9.552093e-07 
-4.108181e+00 3.844458e-01 -7.838741e+00 -4.587097e-01 1.564835e+00 4.169485e+00 -2.537701e-01 -3.249367e+00 -3.006223e+00 -2.606233e+00 6.189891e+00 8.428887e+00 -1.512926e-01 6.258426e-02 -7.835415e-01 6.104997e-02 8.757324e-01 -5.907057e-02 -4.183766e-03 -3.464090e-01 -1.089939e+00 -2.084199e-01 8.854471e-01 1.239854e+00 2.441396e+00 2.600282e-06 8.348841e-02 2.104934e-01 4.534482e-01 1.018786e-01 -1.081446e+00 2.455541e-01 -3.989455e-01 4.930553e-01 5.260718e-01 3.035710e-01 3.541853e-01 -6.326515e-01 -9.552093e-07 
-2.882787e+00 1.277380e+00 -7.313202e+00 3.007943e+00 -1.075829e+00 1.794382e+00 3.845253e+00 1.072193e+00 1.823976e+00 -1.782230e+00 3.423346e+00 -9.667669e-02 -1.512926e-01 3.145424e-01 3.590473e-01 9.003503e-01 8.635217e-01 -1.473553e+00 -2.578872e-01 -4.797076e-01 3.037767e-01 1.082754e+00 1.363159e+00 9.823875e-01 1.317293e+00 2.600282e-06 -5.900552e-02 3.052384e-01 2.893861e-01 -3.859398e-01 -7.050477e-01 1.577737e-01 -2.791070e-01 6.182125e-01 3.886919e-01 -2.071369e-03 1.310086e-01 -7.871338e-01 -9.552093e-07 
-3.155097e+00 2.007539e+00 -4.691426e+00 4.989351e-01 -3.728893e+00 8.809750e+00 2.907245e+00 -7.880567e-01 2.389704e+00 8.713102e-01 5.988914e+00 4.666229e+00 -1.512926e-01 7.910416e-02 8.155904e-01 9.545623e-01 -1.270883e-01 -2.338320e+00 9.230673e-01 -1.070875e-01 1.496431e+00 1.854833e+00 9.289027e-01 1.214049e+00 -1.995904e+00 2.600282e-06 -1.090172e-01 1.505069e-01 -3.199219e-01 -5.269513e-01 2.690179e-01 -2.636759e-01 -3.522408e-02 3.297439e-01 3.588218e-03 -4.200301e-01 -6.260273e-01 -1.034534e+00 -9.552093e-07 
-3.036011e+00 3.175244e+00 -4.722021e+00 1.880160e+00 -5.093397e+00 5.099718e+00 3.234731e+00 3.145524e+00 3.085929e+00 3.458111e+00 8.932451e+00 2.655102e+00 -1.512926e-01 -2.148074e-01 1.927678e-01 -5.057747e-02 -1.016838e+00 -9.922127e-01 -3.486479e-01 -7.113743e-01 6.571594e-01 3.485422e-01 -4.345050e-01 4.374885e-01 -7.048147e-01 2.600282e-06 -1.200952e-01 -1.552070e-01 -5.193334e-01 -3.139629e-01 1.061000e+00 -4.947622e-01 -1.678911e-01 -2.031138e-01 -4.232641e-01 -6.216042e-01 -8.042479e-01 -2.832334e-01 -9.552093e-07 
-3.636204e+00 3.513148e+00 -4.361298e+00 -5.300124e-01 -8.118119e+00 7.132203e+00 -4.837363e-01 3.196023e+00 5.637175e+00 -5.821156e-01 9.505610e+00 -2.926187e+00 -1.512926e-01 -2.178975e-01 5.207659e-02 -1.063028e+00 -8.188629e-01 1.045294e+00 -1.276965e+00 -4.065913e-01 3.821394e-01 1.766357e-01 -3.157263e-01 -1.617828e+00 -1.720382e+00 2.600282e-06 -4.658297e-02 -1.901758e-01 -2.663371e-01 1.521267e-01 1.221716e+00 -6.085923e-01 -1.471941e-02 -2.876118e-01 -5.077094e-01 -2.536714e-01 -5.189652e-01 7.355389e-01 -9.552093e-07 
-3.716388e+00 1.488468e+00 -7.730672e+00 -1.561784e+00 -3.842343e+00 8.897390e-01 1.984205e+00 2.365869e+00 1.943172e+00 -3.227944e+00 3.852595e+00 1.757512e-01 -1.512926e-01 -1.375561e-01 -3.523992e-02 -6.875685e-01 -3.603933e-01 2.139574e+00 -1.631632e+00 -1.169428e+00 -1.545901e-01 -1.944536e-01 -1.122502e+00 -1.622989e+00 -2.366587e-01 2.600282e-06 -6.216997e-03 6.592312e-02 3.444090e-01 3.958724e-01 4.220723e-01 6.999321e-02 2.562577e-01 -2.891493e-02 -2.651047e-01 6.559815e-02 2.066740e-01 6.063270e-01 -9.552093e-07 
-3.904147e+00 3.111287e+00 -8.501957e+00 -1.874174e+00 8.720446e-01 4.529636e+00 1.499779e+00 1.512314e+00 3.844486e+00 2.635591e+00 4.392821e-01 -2.695925e+00 -1.512926e-01 -1.924639e-01 -2.134666e-02 -5.862714e-02 3.052504e-01 2.204373e+00 -1.478435e+00 4.829544e-02 4.642050e-01 -4.122894e-01 4.446729e-03 -3.505589e-01 1.447624e+00 2.600282e-06 -9.317483e-02 9.984072e-02 7.107302e-01 3.827697e-01 -5.453510e-01 5.820674e-01 4.402740e-01 5.433457e-03 -9.939934e-02 2.355788e-01 8.525609e-01 7.152601e-01 -9.552093e-07 
-3.589363e+00 3.200223e+00 -6.089410e+00 7.506124e-01 1.109484e+00 -1.757847e+00 -3.603929e+00 3.214498e+00 3.009745e+00 -3.763338e+00 5.350416e+00 1.356761e+00 -1.512926e-01 -2.586624e-01 5.590927e-01 1.169193e+00 4.004935e-01 5.387068e-01 1.019575e-01 3.425201e-01 4.716109e-01 -6.825219e-01 -2.666764e-01 8.372143e-01 7.429134e-01 2.600282e-06 -2.335935e-01 -2.931245e-02 4.721152e-01 4.171235e-01 -9.376693e-01 8.985424e-01 6.462671e-01 1.180653e-01 2.984072e-01 5.249045e-01 7.648639e-01 1.654986e-01 -9.552093e-07 
-4.661930e+00 2.550766e+00 -5.475047e+00 -1.597325e-01 4.278525e-01 1.064128e+00 2.551636e+00 5.092812e+00 3.042552e+00 -2.920237e-01 7.004140e+00 3.721348e+00 -1.512926e-01 -6.231698e-01 2.540565e-01 1.562230e+00 7.146330e-01 -8.809251e-01 7.663681e-01 1.038840e+00 9.631065e-02 -7.625620e-02 4.343078e-01 1.414827e+00 1.366167e+00 2.600282e-06 -2.331842e-01 -1.924533e-01 1.602583e-02 4.366392e-01 -5.635207e-01 7.728832e-01 2.899415e-01 -7.910866e-03 6.220824e-01 4.967178e-01 2.910480e-01 -2.918128e-01 -9.552093e-07 
-4.631364e+00 4.564193e+00 -3.398056e+00 -4.167047e-01 -9.267321e-01 3.132628e+00 3.170323e+00 2.933674e+00 -1.068457e+00 -3.097432e+00 4.756167e+00 6.813745e-01 -1.512926e-01 -1.090124e+00 -3.195242e-01 8.626484e-01 1.520537e+00 -1.006088e+00 1.738543e+00 1.566579e+00 6.197295e-01 1.129620e+00 1.287137e+00 1.318683e+00 6.315158e-01 2.600282e-06 -9.922534e-02 -2.599030e-01 -4.136882e-01 2.477187e-01 2.647303e-01 3.461978e-01 1.451119e-01 -1.947314e-01 4.495137e-01 4.147040e-01 -2.161508e-01 -3.905546e-01 -9.552093e-07 
-6.499424e+00 3.699531e+00 -2.036588e+00 2.282209e+00 -2.514417e+00 5.916693e+00 3.306851e+00 2.133903e+00 5.502305e+00 4.474026e+00 7.810532e+00 4.472632e+00 -1.512926e-01 -9.426337e-01 -5.442784e-01 1.748130e-01 1.928454e+00 1.592133e-01 1.567833e+00 8.858326e-01 3.506141e-01 1.792126e+00 1.711104e+00 8.638515e-01 4.436699e-02 2.600282e-06 1.736323e-01 4.079565e-03 -4.197571e-01 -1.471988e-01 8.106653e-01 -9.205803e-02 -3.196607e-01 -7.342371e-01 -3.486019e-01 -2.104949e-01 -7.765179e-01 -4.950681e-01 -9.552093e-07 
-8.121771e+00 1.028138e+00 -3.495268e+00 7.132205e+00 -2.449632e+00 4.508785e+00 3.851150e+00 7.792658e+00 7.428041e+00 2.896432e-01 1.154061e+01 4.138972e+00 -1.512926e-01 -5.951216e-01 -3.411555e-01 -2.055745e-01 1.032110e+00 1.342180e+00 1.432302e+00 1.144511e+00 -6.292699e-01 6.308663e-01 1.168458e+00 3.201909e-02 -5.489461e-01 2.600282e-06 3.744975e-01 3.258763e-01 -1.197339e-01 -6.915526e-01 6.388437e-01 -3.873313e-01 -9.521160e-01 -1.067893e+00 -8.148898e-01 -5.416344e-01 -8.962228e-01 -2.101259e-01 -9.552093e-07 
-7.629946e+00 1.597168e+00 -4.552269e+00 5.707916e+00 1.985160e+00 8.215027e+00 6.640681e+00 4.416208e+00 7.754647e+00 6.569926e+00 7.930871e+00 2.214377e+00 -1.512926e-01 -2.544544e-03 2.853603e-01 -2.443787e-03 2.227877e-01 1.998248e+00 4.590611e-01 -3.483447e-01 -2.950327e+00 -1.569799e+00 -5.588780e-01 -1.824516e+00 -5.187851e-01 2.600282e-06 3.340439e-01 2.408370e-01 3.242054e-02 -7.112947e-01 -8.281391e-02 -4.696820e-01 -9.492769e-01 -3.324622e-01 -5.568522e-01 -7.808625e-01 -5.730501e-01 -1.277631e-01 -9.552093e-07 
-7.041265e+00 3.909520e+00 -3.168595e+00 3.030887e+00 3.534408e+00 9.145259e+00 7.226255e+00 -1.353809e+00 9.600732e-01 1.696797e+00 4.855829e+00 -9.344934e-01 -1.512926e-01 3.122843e-01 8.949931e-01 3.526448e-01 -1.084404e+00 1.268513e+00 3.564223e-01 -2.576938e+00 -3.069222e+00 -1.263855e+00 -2.860566e-01 -1.818273e+00 -1.373696e-01 2.600282e-06 1.747138e-01 -9.949525e-02 -3.416499e-02 -3.073990e-01 -7.688702e-01 -5.692269e-01 -6.053241e-01 8.089352e-01 3.527828e-01 -4.703430e-01 -8.137824e-03 -1.789396e-02 -9.552093e-07 
-7.052380e+00 3.685806e+00 -2.212261e+00 5.446708e+00 4.484787e+00 5.893946e+00 -1.222312e-01 -8.044714e+00 8.871701e-01 9.757195e-01 2.030562e+00 4.415067e+00 -1.512926e-01 2.738963e-01 4.178854e-02 5.776439e-02 -5.697654e-01 -2.179915e-01 -2.426589e-01 -1.999751e+00 -9.173980e-02 -4.466815e-02 -1.465852e+00 -1.076175e+00 -8.001410e-01 2.600282e-06 8.047011e-03 -3.692943e-01 -2.628856e-01 -4.134589e-02 -9.294806e-01 -2.797711e-01 4.546448e-01 1.689661e+00 7.345117e-01 -2.613403e-02 4.631190e-01 -1.537095e-01 -9.552093e-07 
-6.848743e+00 4.458786e+00 -2.902124e+00 1.840626e+00 2.643234e+00 7.451127e+00 -5.651853e+00 -1.323428e+00 4.542534e+00 1.656457e+00 5.399213e+00 2.351875e+00 -1.512926e-01 1.401921e-01 -7.168890e-01 -4.064875e-01 -1.086095e-01 -1.394092e+00 -1.063007e+00 -1.056455e+00 1.986123e+00 1.632311e+00 -7.298034e-01 -3.829399e-01 -4.977605e-01 2.600282e-06 -7.207111e-02 -3.559445e-01 -2.332601e-01 2.849646e-01 -5.677029e-01 -1.757662e-01 1.245599e+00 1.194572e+00 1.819584e-01 1.089898e-01 2.756170e-01 -1.012967e-01 -9.552093e-07 
-6.356522e+00 1.531564e+00 -4.396828e+00 3.454115e+00 1.341035e+00 7.848715e+00 3.080513e+00 3.942421e+00 5.739969e+00 -7.393229e-01 2.278270e+00 -3.429244e+00 -1.512926e-01 1.237911e-01 -7.551395e-01 -9.373544e-01 -4.717545e-01 -1.317779e+00 -2.300194e-01 1.164572e+00 2.970210e+00 6.545808e-01 -4.676712e-01 -2.266123e-01 -1.107035e+00 2.600282e-06 -1.422220e-01 1.904115e-02 -3.094358e-02 2.788031e-01 2.229786e-01 1.010202e-01 1.009568e+00 1.230273e-01 -3.660825e-01 1.648970e-01 -5.404888e-02 2.919027e-01 -9.552093e-07 
-6.687977e+00 1.402276e+00 -4.108644e+00 3.484118e+00 -1.864092e+00 2.853037e+00 3.422371e-01 2.583466e+00 6.695364e+00 -1.094671e+00 2.817518e+00 4.991448e-01 -1.512926e-01 2.704865e-02 -4.863313e-01 -3.160520e-01 2.914116e-01 -1.020106e+00 -5.287986e-01 2.068890e+00 1.372632e+00 -7.037055e-01 -2.402034e-01 -8.649915e-01 -4.904954e-01 2.600282e-06 -1.831725e-01 1.234919e-01 8.511372e-02 2.297119e-01 8.735389e-01 5.196903e-01 6.484402e-01 -3.182989e-01 -3.965693e-01 2.894831e-02 -1.869694e-01 2.731838e-01 -9.552093e-07 
-6.513318e+00 1.438235e+00 -6.295678e+00 2.265971e+00 1.494962e-01 7.043113e+00 2.703587e+00 4.853045e+00 3.083742e+00 1.260248e-02 2.188533e+00 -1.942081e-01 -1.512926e-01 -3.806006e-01 2.165210e-02 -1.421629e-01 6.241928e-01 7.098579e-01 -4.640616e-03 1.485456e+00 8.301978e-01 -7.070799e-01 -8.861438e-01 -1.105393e+00 6.557327e-01 2.600282e-06 -1.787589e-01 3.628026e-02 -9.141489e-03 1.251919e-01 8.868937e-01 4.084457e-01 -2.416728e-01 -3.412299e-01 1.092680e-01 -7.665669e-03 6.664908e-02 2.058480e-01 -9.552093e-07 
-6.635182e+00 2.073693e+00 -3.532772e+00 3.891814e+00 -1.861922e+00 5.210607e+00 4.881235e+00 5.084601e+00 2.352159e+00 7.963803e-02 1.119546e+00 -1.718411e+00 -1.512926e-01 -5.234562e-01 -4.879140e-01 -3.783958e-01 4.919107e-01 1.959841e+00 1.422708e+00 2.025249e+00 1.464705e+00 3.303580e-01 -3.758649e-01 -8.783934e-01 -1.320310e-02 2.600282e-06 -6.210385e-02 -3.379742e-02 -1.178931e-01 -3.108193e-01 4.446351e-01 4.246702e-01 -5.692219e-01 7.890355e-03 4.037836e-01 9.973771e-02 5.565071e-01 -1.721163e-01 -9.552093e-07 
-8.286506e+00 1.304007e+00 -5.395599e+00 6.371172e+00 4.889302e+00 6.646473e+00 8.238651e+00 6.843031e+00 4.375951e+00 -5.756905e+00 -2.399631e+00 9.582024e-01 -1.512926e-01 -4.946949e-01 -5.729443e-01 -9.518931e-01 5.395503e-02 1.626693e+00 8.365706e-01 -2.209323e-02 1.218108e+00 6.839193e-01 -4.383011e-01 1.134293e-01 -3.164642e-01 2.600282e-06 1.166347e-01 -1.074186e-02 5.525809e-02 -4.732578e-01 -5.198361e-01 -1.060202e-01 -7.775633e-01 -2.315849e-01 5.724337e-02 3.257689e-01 7.362936e-01 -5.715553e-01 -9.552093e-07 
-8.419088e+00 -9.701906e-01 -6.451119e+00 3.890755e+00 5.565044e+00 1.016506e+01 7.701156e+00 8.912256e+00 7.701064e+00 -8.913732e-02 7.196584e-01 -1.432424e-01 -1.512926e-01 -2.264545e-01 -3.579505e-01 -5.006192e-01 -9.775200e-01 7.446889e-01 1.173877e+00 -2.350100e-02 1.218208e+00 6.196184e-01 3.461592e-02 1.308112e+00 -8.648661e-01 2.600282e-06 1.516809e-01 1.657838e-01 2.565391e-01 -2.928879e-01 -9.361581e-01 -6.476992e-01 -9.226032e-01 -7.253730e-01 -4.104096e-01 2.508197e-01 3.838250e-01 -2.240611e-01 -9.552093e-07 
-8.095175e+00 9.540182e-02 -9.595967e+00 2.536357e+00 4.569409e+00 8.748619e+00 1.183179e+00 9.029676e+00 3.829177e+00 -2.094272e+00 2.955639e+00 -2.564294e+00 -1.512926e-01 5.402719e-02 -9.705614e-02 1.951836e-01 -1.007395e+00 -1.281803e+00 -4.101702e-01 -1.378043e+00 -2.045300e-01 -5.654492e-01 5.374025e-01 1.482752e+00 -1.776301e+00 2.600282e-06 7.933782e-02 1.808505e-01 4.848571e-01 1.023062e-01 -6.443883e-01 -5.384585e-01 -3.791067e-01 -9.330050e-01 -4.469255e-01 3.263068e-01 -9.805017e-02 3.235167e-01 -9.552093e-07 
-7.862957e+00 8.881455e-01 -3.935932e+00 9.214566e-01 2.021426e+00 1.002905e+01 8.291266e+00 1.008235e+01 5.723566e+00 -1.578454e+00 4.982371e+00 -4.281727e+00 -1.512926e-01 -3.950633e-02 1.030772e-01 3.307957e-01 -4.417977e-01 -1.266784e+00 -1.192448e+00 -1.909653e+00 -1.450727e+00 -1.096916e+00 3.903526e-01 3.560783e-01 -4.037550e-01 2.600282e-06 -2.971753e-02 1.102823e-01 2.341043e-01 4.450139e-01 1.003792e-02 -2.592158e-01 -1.410773e-01 -7.884816e-01 -4.483664e-01 1.000605e-01 -4.657206e-01 5.542783e-01 -9.552093e-07 
-8.294445e+00 -1.104700e-01 -5.677368e+00 2.819097e+00 2.517875e-01 4.663745e+00 1.053454e+00 5.234866e+00 2.537333e+00 -2.325337e+00 2.882857e+00 -5.853962e+00 -1.512926e-01 -1.915132e-01 1.007030e-01 1.056662e+00 2.975984e-01 -5.895461e-01 -6.725538e-01 -9.745399e-01 -2.112557e+00 -6.924576e-01 1.015314e+00 9.911174e-02 1.070612e+00 2.600282e-06 -8.756276e-02 2.030255e-02 8.748882e-03 2.839083e-01 6.312876e-01 2.798131e-01 4.902563e-01 2.706379e-02 1.786216e-01 -2.471806e-01 -4.295876e-01 6.852061e-01 -9.552093e-07 
-8.516739e+00 -3.520263e-01 -6.756574e+00 1.540590e+00 1.390010e+00 6.245567e+00 -1.782342e+00 3.556084e+00 2.862117e+00 1.978287e+00 2.536315e+00 -5.172350e-01 -1.512926e-01 -2.522446e-01 9.454776e-02 2.391282e-01 5.950500e-01 4.488042e-01 9.217136e-03 -9.306350e-01 -1.770083e+00 -1.558645e+00 2.960489e-01 -3.286664e-01 4.830224e-01 2.600282e-06 -3.243588e-02 -7.006262e-02 -1.694070e-01 4.413614e-02 5.572733e-01 3.036004e-01 7.158428e-01 6.766481e-01 6.448716e-01 -3.556239e-01 -1.977788e-01 -1.960986e-02 -9.552093e-07 
-8.725536e+00 1.218913e+00 -2.902124e+00 3.715322e+00 1.937734e+00 7.277211e+00 1.347375e+00 1.730322e+00 1.797366e+00 1.204115e+00 4.674288e+00 9.065034e-01 -1.512926e-01 -2.774404e-01 8.726095e-03 2.847977e-01 -1.062488e-01 1.016829e+00 3.879449e-01 5.836893e-01 9.040593e-02 5.585043e-01 -6.513835e-01 -3.229227e-01 1.206446e+00 2.600282e-06 8.068237e-02 -4.809327e-02 -2.631732e-01 -2.083867e-01 8.173274e-02 1.776449e-02 5.127940e-01 8.699241e-01 7.709138e-01 -2.738611e-01 -1.718058e-01 -3.965863e-01 -9.552093e-07 
-8.908531e+00 6.959985e-01 -4.127396e+00 3.448820e+00 3.422507e+00 8.768048e+00 3.491459e+00 2.984173e+00 -1.699798e+00 -1.863207e+00 2.443270e+00 -5.247141e+00 -1.512926e-01 -1.587111e-01 -2.012556e-01 -1.302527e-01 -1.914611e-02 7.163664e-01 -2.045882e-01 8.904958e-01 8.309985e-01 1.501928e+00 -5.542827e-01 -4.218137e-01 -5.697506e-01 2.600282e-06 1.879840e-01 9.611087e-04 -1.297721e-01 -2.701027e-01 -6.092789e-01 -3.258591e-01 2.110423e-01 3.978144e-01 6.149157e-01 4.583879e-02 -2.299394e-01 -1.850115e-01 -9.552093e-07 
-9.486097e+00 -5.908375e-01 -5.567325e+00 1.333389e+00 4.319571e+00 5.342346e+00 1.335582e+00 5.973054e+00 7.611028e+00 -3.661598e+00 1.314734e+00 2.542904e+00 -1.512926e-01 1.651502e-01 8.022639e-03 -7.456218e-02 -4.372391e-01 -3.146887e-01 -4.770224e-01 6.788020e-01 9.364828e-01 1.631842e+00 7.117859e-02 -7.132422e-01 -3.860327e-01 2.600282e-06 2.501552e-01 6.301489e-02 -8.317655e-02 1.378109e-02 -7.311249e-01 -3.357490e-01 -9.435465e-02 -3.005225e-01 -3.236893e-01 3.892427e-01 -1.548088e-01 -1.050925e-01 -9.552093e-07 
-8.929967e+00 -4.530407e-01 -6.075100e+00 2.635545e+00 3.780527e+00 6.190597e+00 2.675918e+00 5.589590e+00 7.464857e+00 1.639549e+00 2.107066e+00 -4.183829e+00 -1.512926e-01 4.663115e-01 9.955989e-02 -2.300521e-01 -5.899537e-01 -1.931792e+00 -1.187727e+00 7.715479e-02 -2.040296e-01 9.792722e-01 1.639838e-01 -1.283280e+00 3.541227e-01 2.600282e-06 1.489041e-01 6.224404e-02 -6.482598e-02 1.595960e-01 -2.298586e-01 -9.619496e-02 -3.550970e-01 -5.062274e-01 -5.355418e-01 3.995707e-01 2.821102e-01 5.014495e-01 -9.552093e-07 
-7.889553e+00 1.834058e+00 -2.301578e+00 1.935579e+00 1.851431e-01 6.181119e+00 5.149302e+00 5.109645e+00 5.374359e+00 -1.914704e-01 1.276276e+00 -1.555248e+00 -1.512926e-01 6.608660e-01 1.734228e-01 -8.113333e-02 2.480231e-01 -1.314775e+00 -7.991009e-01 5.186677e-01 -8.945822e-01 -7.986572e-01 9.355959e-01 -6.662108e-01 2.189485e-01 2.600282e-06 -1.190722e-01 -2.458221e-02 -1.293981e-01 3.682838e-01 3.441218e-01 1.039290e-01 -5.080233e-01 -2.356315e-01 -2.285888e-01 1.622074e-01 5.248430e-01 3.647501e-01 -9.552093e-07 
-7.375103e+00 -1.823943e-02 -6.911028e+00 1.978400e-01 -4.169365e+00 2.410430e+00 1.970144e+00 2.395840e+00 4.315076e+00 -2.777975e+00 -3.953693e+00 -1.427284e+00 -1.512926e-01 3.379555e-01 2.727975e-02 -4.510070e-01 4.362301e-01 6.702197e-02 -5.245347e-01 -8.049032e-01 -7.845942e-01 3.950418e-02 1.011219e+00 9.653230e-01 1.635195e+00 2.600282e-06 -2.935725e-01 2.072302e-02 1.148255e-01 3.639833e-01 7.239286e-01 3.532435e-01 -3.031518e-01 2.950583e-01 3.418242e-01 -9.972059e-02 3.535741e-01 -1.595851e-01 -9.552093e-07 
-6.959096e+00 5.916838e-02 -5.554988e+00 3.792273e+00 1.720752e+00 3.236883e+00 4.282053e+00 3.096667e+00 5.192831e+00 3.225267e+00 1.014508e+00 2.259476e+00 -1.512926e-01 -3.661011e-01 -7.859042e-02 -6.110967e-01 8.911178e-01 4.065349e-01 -2.888007e-01 -1.420276e+00 4.857245e-02 9.588384e-01 4.586829e-01 7.866867e-01 7.970711e-01 2.600282e-06 -2.387671e-01 8.091974e-02 3.127413e-01 7.489358e-02 2.713023e-01 5.308083e-01 6.084995e-02 2.956845e-01 6.656891e-01 -5.010757e-01 -2.959414e-01 -5.786788e-01 -9.552093e-07 
-7.705367e+00 5.705540e-01 -6.703280e+00 3.888285e+00 3.347803e+00 5.040009e+00 -9.150930e-01 2.673379e+00 7.753189e+00 4.987471e+00 7.064930e+00 2.084580e+00 -1.512926e-01 -4.881582e-01 3.292384e-01 6.090019e-01 9.083755e-01 8.271533e-01 3.233769e-01 -4.692372e-01 7.995733e-01 1.809654e+00 -9.615054e-02 -2.417623e-01 -7.328842e-01 2.600282e-06 1.973882e-02 1.030293e-01 5.227375e-01 -2.373585e-01 -2.258521e-01 6.034631e-01 6.933402e-01 2.107530e-01 1.156763e-01 -2.536356e-01 -6.532990e-01 -9.700584e-01 -9.552093e-07 
-9.554770e+00 1.146446e+00 -5.460737e+00 4.546246e+00 -1.540790e+00 3.422171e+00 -5.095904e-01 5.213927e+00 8.449779e+00 -1.780747e+00 -2.997038e-01 6.744080e-01 -1.512926e-01 -1.200854e-01 4.269308e-01 9.525910e-01 3.863292e-01 -3.384339e-01 1.430931e+00 6.551337e-01 -2.082330e-01 1.644683e+00 -1.016111e+00 -1.542411e+00 -1.490432e+00 2.600282e-06 2.608239e-01 1.035899e-01 3.673904e-01 -5.772244e-01 -1.748574e-01 4.950626e-01 7.733610e-01 3.819209e-02 -7.360945e-01 6.972215e-02 -3.968735e-02 -3.484373e-01 -9.552093e-07 
-8.517930e+00 1.084410e+00 -3.913233e+00 4.362695e+00 1.597383e+00 3.934439e+00 2.019584e+00 5.335043e+00 1.173480e+01 -7.556369e-01 -4.505762e+00 -4.298960e+00 -1.512926e-01 3.135916e-01 2.895810e-01 1.380948e+00 -4.981295e-01 -6.897479e-01 1.632706e+00 1.624122e+00 3.976518e-01 2.749617e-01 4.804606e-01 -1.136609e+00 -2.071306e+00 2.600282e-06 1.764968e-01 -5.348925e-02 -1.909502e-01 -4.560306e-01 -5.390527e-03 8.188689e-02 2.518764e-01 1.297235e-01 -1.121274e+00 2.326741e-01 7.548184e-01 6.161023e-01 -9.552093e-07 
-7.153206e+00 1.936994e+00 -2.187588e+00 5.486948e+00 9.039719e-01 1.094459e+01 6.090486e+00 7.248588e-01 1.142532e+01 1.016356e+00 -9.121482e-01 -2.001106e+00 -1.512926e-01 5.371451e-01 4.591140e-01 8.398957e-01 -1.291741e+00 2.908130e-01 1.531742e+00 1.399846e+00 4.403859e-01 -1.954293e+00 5.190213e-01 1.035662e+00 -2.759561e-01 2.600282e-06 -5.564412e-02 -2.413325e-01 -1.079700e-01 -6.213109e-01 3.386744e-01 -8.661808e-01 -4.049391e-01 5.307759e-01 -9.297839e-01 -9.064244e-03 7.465682e-01 1.055111e+00 1.627912e-02 
-7.338186e+00 1.623245e+00 -1.435548e+00 9.274573e-01 -1.323188e+00 9.442384e+00 3.905580e+00 6.906258e+00 7.640554e+00 5.990928e+00 1.688156e+00 -6.934507e+00 -1.512926e-01 6.579316e-02 4.583341e-02 -2.893567e-01 -5.327264e-01 4.855663e-01 6.824602e-01 4.178360e-01 1.123933e+00 -1.997222e+00 2.997452e-01 2.243330e+00 1.740318e+00 2.600282e-06 -1.562814e-01 -4.902133e-01 1.573655e-01 -4.696866e-01 4.607313e-01 -1.764024e+00 -6.676092e-01 -1.557583e-01 -1.439919e-01 -3.162487e-01 2.073615e-01 8.740582e-01 4.571564e-02 
-7.458859e+00 3.172225e+00 -2.499951e+00 -1.950309e-01 1.373582e+00 8.327336e+00 5.546640e+00 6.630361e+00 7.253251e-01 -2.558775e+00 1.781615e+00 6.124426e-01 -1.512926e-01 -2.743503e-01 -6.577987e-01 1.247882e+00 -2.702886e+00 7.672898e-01 -2.424722e+00 -7.663654e-01 2.082500e+00 -1.868152e+00 -9.711570e-01 5.005023e-01 1.879235e+00 8.139775e-02 -1.820326e-01 -5.195759e-01 3.410726e-01 -2.377861e-01 1.341684e-01 -2.052897e+00 -5.496635e-01 -9.603199e-01 5.939466e-01 4.544432e-02 -3.543042e-01 -9.755298e-02 6.424345e-02 
-8.036426e+00 6.957240e-01 -5.203642e+00 4.539893e+00 3.790446e+00 8.655264e+00 4.380934e+00 8.001634e+00 7.098884e+00 2.530588e+00 5.364063e+00 3.096193e+00 -1.512926e-01 -6.196864e-02 -1.602980e+00 1.963809e+00 -2.141033e+00 1.375652e+00 -5.209216e+00 -6.308672e-01 -1.202128e+00 -4.881195e-01 -3.556855e-01 1.677860e-01 1.221417e+00 1.878807e-01 -3.328354e-02 1.106327e-01 1.029466e-01 -7.957263e-02 -9.659056e-02 -1.044392e+00 7.108476e-02 -1.467404e+00 5.096151e-01 -2.293219e-01 -4.767209e-01 -6.204842e-01 5.330674e-02 
-8.175756e+00 -8.881164e-01 5.935822e+00 -9.833957e+00 2.183543e+00 -7.854384e-01 2.020492e+00 1.058940e+01 2.355440e+00 -2.109102e+00 -2.475985e-01 2.380107e+00 2.556846e-01 -3.090540e-01 -1.314387e+00 1.418732e+00 -1.676540e+00 5.166066e-01 -5.786825e+00 -8.241721e-01 -3.198125e+00 2.608080e-01 1.073955e+00 3.018881e-01 -5.042550e-01 2.272761e-01 6.592147e-02 7.821521e-01 -7.625504e-01 8.257975e-01 -5.407470e-01 8.195530e-01 6.355416e-01 -1.114671e+00 4.099644e-01 -3.960033e-01 1.025147e-01 -3.175512e-01 -1.874734e-03 
-7.289758e+00 -4.361311e+00 4.165765e+00 -4.958546e+00 5.149990e+00 -1.204775e+01 2.514443e+00 -1.084071e+00 4.384699e+00 3.987870e+00 3.541617e+00 -1.711078e+00 5.846254e-01 -8.324246e-02 9.273520e-01 1.399859e-01 -1.443804e+00 1.280299e-01 -2.858271e+00 8.022460e-01 -3.572825e+00 -5.135211e-01 -1.869440e+00 -4.090048e-02 -1.702825e-01 1.936000e-01 1.814658e-01 1.077424e+00 -7.992516e-01 6.769396e-01 -7.700299e-01 2.183188e+00 5.275503e-01 3.904437e-01 -8.104663e-02 -9.818628e-01 -1.433119e-01 2.661123e-01 -5.395858e-02 
-9.377333e+00 -8.710977e-01 -9.085815e-02 -3.828292e+00 3.276819e+00 -1.025552e+01 2.358864e+00 -4.817297e+00 3.386655e+00 2.082103e+00 4.202031e+00 4.947449e-01 6.171259e-01 6.591201e-02 1.987812e+00 -1.652953e+00 1.077452e+00 -1.312701e+00 4.975886e-01 1.694862e+00 -2.305411e+00 1.943513e-01 -2.194208e+00 1.117405e+00 9.873936e-01 6.915862e-02 4.141035e-01 4.966556e-01 -1.658117e-01 3.013870e-01 -6.228798e-01 2.012734e+00 3.543296e-01 1.068644e+00 -2.724609e-01 -6.030641e-01 -2.813125e-01 3.753054e-01 -6.680906e-02 
-7.851843e+00 5.324271e+00 -1.490323e+00 -5.681809e+00 3.883748e+00 -9.015397e-01 8.223229e+00 -2.158918e+00 4.015444e+00 -8.912619e+00 2.934962e+00 3.187125e+00 6.359762e-01 6.577760e-01 2.132988e+00 -4.965944e-01 -1.333565e-01 -1.559808e+00 2.564526e+00 7.473429e-01 3.036766e-01 -8.602399e-01 -3.630941e+00 -9.563907e-01 1.806254e+00 -2.847861e-03 5.057673e-01 -4.927712e-01 5.576841e-01 -1.182076e-02 -4.600201e-01 8.569146e-01 4.034527e-02 1.028418e+00 -1.064522e-01 6.658378e-01 -2.682114e-01 -9.739699e-02 -4.334383e-02 
-7.565640e+00 4.208446e+00 4.988317e-01 -4.084911e+00 -3.746562e+00 -3.870892e+00 7.640376e+00 -4.000770e-01 3.511684e+00 -6.629850e+00 5.642785e+00 4.867891e+00 5.758238e-01 1.390950e+00 5.662152e-01 9.079071e-01 -8.248054e-01 -1.753917e+00 1.565549e+00 9.750502e-01 2.067991e-01 -9.281026e-01 -1.060666e+00 -6.469820e-01 3.840635e-01 -8.542628e-03 7.306300e-01 -9.312122e-01 9.436213e-01 -4.647573e-01 -9.803149e-02 -1.524313e-01 -1.643159e-01 5.656542e-01 -6.269391e-02 9.721616e-01 -3.036187e-01 -6.370192e-01 9.249354e-04 
-4.906850e+00 3.763763e+00 1.387561e+00 -5.496846e+00 8.627453e-01 -2.417018e+00 3.610297e+00 -1.773812e+00 2.108060e-02 -9.810776e+00 -1.960871e+00 5.133719e+00 5.910376e-01 1.783031e+00 -8.255730e-01 1.647901e+00 -5.517750e-01 -1.951532e+00 8.924584e-01 1.363948e+00 3.131842e-01 -4.845576e-01 8.929394e-01 -4.997277e-01 -3.557616e-01 1.572631e-02 7.979164e-01 -1.123435e+00 7.143543e-01 -1.888458e-01 -5.234361e-02 -8.050964e-01 -2.268814e-01 2.898555e-01 2.927193e-01 1.326360e+00 1.494952e-01 -6.532422e-01 2.656790e-02 
-3.895414e+00 2.740168e+00 3.009578e+00 -8.044683e+00 -3.982141e+00 -1.670178e+00 9.540432e+00 -3.975648e+00 7.431864e-01 -2.772043e+00 3.415076e+00 1.442193e+00 5.968701e-01 3.156321e+00 -1.188996e+00 1.992886e+00 -1.037108e+00 -1.606941e+00 5.715982e-01 5.648603e-01 5.180481e-01 -3.069334e-01 4.046381e-01 -6.291683e-01 -1.116722e+00 6.449814e-02 6.637237e-01 -9.759568e-01 5.020859e-01 -1.525052e-01 2.276528e-01 -1.021703e+00 -7.650853e-01 4.718104e-01 6.577511e-02 7.505054e-01 -3.835051e-02 -7.286628e-03 2.978752e-02 
-7.721888e-01 1.930406e+00 5.494171e+00 -6.460845e+00 -5.756120e+00 2.460188e+00 1.409304e+01 1.194540e+00 2.976939e+00 -6.376835e+00 1.550035e+00 3.121493e+00 7.040868e-01 3.764586e+00 -2.606636e+00 2.532706e+00 -9.714961e-01 -1.894958e+00 -9.640234e-01 -1.820515e-01 1.597412e+00 2.927710e-01 2.268235e+00 -2.178719e-01 -7.094379e-01 9.346450e-02 2.257777e-01 -7.141466e-01 3.300565e-01 -2.121339e-01 4.115641e-01 -1.234626e+00 -9.304897e-01 1.685040e-01 -4.015366e-01 4.312358e-01 3.960662e-02 3.134813e-01 1.533123e-02 
6.148684e+00 -8.200415e-01 8.410051e+00 -8.788420e+00 -8.471799e+00 -3.451979e+00 5.223690e+00 7.055625e-01 4.993253e-01 -6.323740e+00 7.415758e-01 2.901489e-01 8.417838e-01 3.718830e+00 -3.423085e+00 2.975931e+00 -1.377460e+00 -6.439741e-01 -2.614619e+00 -2.077354e+00 1.923873e+00 -9.879043e-01 2.004304e+00 -9.796150e-01 5.245213e-01 1.015295e-01 -5.208027e-01 -1.594467e-01 5.074235e-02 8.533049e-02 4.042540e-01 -9.410333e-01 -4.041329e-01 -2.000306e-01 -5.910929e-01 1.563979e-01 8.712190e-02 3.960521e-01 -7.608056e-03 
8.894010e+00 -7.489465e+00 1.135110e+01 -9.982563e+00 -6.367078e+00 -6.345984e+00 4.858556e+00 3.872626e+00 1.607089e+00 3.306243e+00 -1.713164e+00 2.162678e+00 9.359124e-01 2.630656e+00 -3.279316e+00 2.806642e+00 -1.442339e+00 -3.751244e-01 -3.687452e+00 -1.967372e+00 4.526958e-01 -2.151882e+00 2.249354e+00 -1.263063e-01 3.911084e-01 7.386219e-02 -8.774614e-01 7.347795e-01 -2.603257e-01 3.225375e-01 2.441356e-01 -1.934774e-01 -5.993484e-02 -5.750687e-01 -4.882570e-01 -5.980436e-01 5.744395e-02 6.077711e-02 -2.353417e-02 
9.865750e+00 -9.665393e+00 1.496079e+01 -1.317107e+01 -6.896203e+00 -1.033987e+01 3.770412e+00 4.304946e+00 -3.511442e+00 2.408085e+00 1.485675e-01 4.544498e+00 9.885984e-01 1.119264e+00 -1.649936e+00 2.109607e+00 -3.749647e-01 -3.456576e-01 -2.771927e+00 -5.630301e-01 9.010569e-02 -2.040058e+00 1.196030e+00 -2.392650e-01 3.133943e-01 3.625826e-02 -8.392292e-01 1.172800e+00 -4.444067e-01 5.102509e-01 -6.480007e-03 5.911816e-01 2.539093e-01 -5.285804e-01 1.485898e-01 -5.940989e-01 -9.243542e-02 -1.566213e-01 -2.806564e-02 
1.052310e+01 -1.004337e+01 1.625169e+01 -1.148133e+01 -8.419413e+00 -1.253300e+01 4.982838e+00 1.658473e+00 -5.776907e+00 5.040977e-01 1.215073e+00 2.949896e+00 9.999999e-01 6.770294e-01 1.806332e-01 1.664247e+00 1.399181e-01 -8.233502e-01 -1.852594e+00 -1.238937e+00 -3.609552e-01 -1.622290e+00 -3.178242e-01 -3.008637e-01 -3.000628e-01 8.430855e-03 -5.445663e-01 1.014705e+00 -3.542933e-01 3.608145e-01 8.380628e-02 8.963447e-01 1.850697e-01 -2.006087e-01 5.260339e-01 -4.018845e-01 -2.967817e-01 2.859113e-02 -2.083649e-02 
1.093077e+01 -7.792782e+00 1.650780e+01 -9.914084e+00 -9.173889e+00 -1.421813e+01 2.346164e+00 2.263229e+00 -6.009104e+00 1.057586e+00 -1.918691e+00 1.463092e+00 9.910403e-01 4.994702e-01 7.109513e-01 1.325093e+00 3.827474e-01 -4.522962e-01 -5.763109e-01 -1.171980e+00 -3.120160e-01 -5.097718e-01 3.174271e-01 -1.354452e+00 8.696665e-02 -6.080026e-03 -2.356980e-01 4.830956e-01 -3.004209e-01 1.449089e-01 1.727219e-01 6.335851e-01 2.185431e-01 -1.983445e-01 4.957368e-01 -1.081479e-01 2.314434e-02 9.410702e-02 -1.104365e-02 
1.174651e+01 -7.522679e+00 1.889864e+01 -1.091126e+01 -9.345304e+00 -1.367032e+01 -6.238932e-01 3.088866e+00 -5.255650e+00 2.392365e+00 -2.183766e+00 2.203011e+00 9.768455e-01 2.178000e-01 6.136985e-01 1.427357e+00 -1.719240e-02 9.720408e-02 -3.034198e-01 -7.375060e-01 -3.491458e-01 -2.868745e-01 6.791577e-01 -1.052618e+00 6.471467e-01 -9.145966e-03 -1.564275e-01 9.504040e-02 -4.115022e-01 1.463927e-01 1.870609e-01 3.333346e-01 5.816686e-01 -3.201777e-01 2.977246e-01 6.599261e-02 2.762663e-01 -3.063317e-02 -3.842501e-03 
1.175128e+01 -7.371157e+00 2.026306e+01 -1.154240e+01 -8.694980e+00 -1.265290e+01 7.141746e-01 2.029620e+00 -6.320765e+00 3.050856e+00 -4.924259e+00 5.352615e+00 9.697481e-01 1.703796e-01 5.490685e-01 7.258862e-01 4.280896e-01 5.765264e-02 -3.786476e-01 2.789943e-01 -9.075926e-01 -2.291349e-01 1.567912e-01 2.523594e-01 3.103122e-01 -1.017410e-02 -1.238951e-01 1.308455e-02 -4.742048e-01 1.936228e-01 2.130401e-03 1.698882e-02 5.987734e-01 -3.983648e-01 5.568870e-02 -6.515069e-02 4.901614e-01 -3.600846e-01 -2.449264e-04 
1.120110e+01 -7.185598e+00 2.151104e+01 -1.075277e+01 -8.172674e+00 -1.483323e+01 2.111208e+00 2.977987e-02 -7.055264e+00 2.903140e+00 -2.545609e+00 4.240904e+00 9.649345e-01 5.937536e-02 7.368034e-01 -9.370065e-02 8.492759e-01 -1.429654e-01 -2.848413e-01 9.439033e-01 -1.664098e+00 -2.740330e-01 9.235696e-02 2.770821e-01 -5.649073e-01 -8.739636e-03 -6.020393e-02 -3.702099e-02 -3.813590e-01 1.038151e-01 -1.860487e-02 -2.257056e-02 4.241858e-01 -2.623684e-01 -1.593998e-02 -3.233797e-02 2.220668e-01 -3.936745e-01 8.289467e-04 
1.205534e+01 -5.215816e+00 1.883103e+01 -7.853013e+00 -9.471773e+00 -1.552984e+01 2.373379e+00 -7.453583e-01 -6.255152e+00 1.586158e+00 -4.758694e-01 1.995482e+00 9.461369e-01 -4.069481e-02 7.148203e-01 -2.853319e-01 9.175742e-01 -3.215548e-01 -5.006263e-01 9.811212e-01 -1.646484e+00 -2.376646e-01 2.851601e-01 4.314119e-01 -1.107475e+00 -7.508336e-03 -5.655023e-02 -1.879333e-01 6.850546e-03 -2.461859e-01 2.748871e-01 -6.723646e-02 1.262897e-01 1.099720e-01 -1.535095e-01 1.411929e-01 -1.027100e-01 -4.815607e-02 9.509323e-04 
1.189140e+01 -4.916067e+00 1.914635e+01 -8.509562e+00 -9.671706e+00 -1.365611e+01 3.266028e+00 -3.844269e+00 -6.658671e+00 3.586547e+00 -3.022414e+00 1.057200e+00 9.449598e-01 2.229473e-02 3.457696e-01 2.622286e-02 2.571404e-01 1.937582e-01 -3.555006e-01 1.032329e+00 -1.291500e+00 -3.622359e-01 4.533883e-01 -3.174392e-02 -6.122402e-01 -6.332443e-03 -2.796376e-02 -2.733229e-01 2.022928e-01 -3.034757e-01 3.920237e-01 -1.082179e-01 -1.487183e-01 5.758190e-01 -2.361726e-01 3.669426e-02 -5.576769e-02 3.645421e-01 -3.989082e-04 
1.120269e+01 -4.931988e+00 2.001880e+01 -8.076098e+00 -9.553296e+00 -1.574451e+01 5.042257e+00 -4.265915e+00 -7.707018e+00 4.134696e+00 -2.528654e+00 1.406993e+00 9.422017e-01 -9.381995e-02 -1.951004e-01 7.002587e-01 -5.067584e-01 1.263721e+00 -6.794065e-01 8.662997e-01 -5.440016e-01 -9.525670e-01 6.823545e-01 -1.067445e-01 9.302086e-02 -6.621799e-03 6.819371e-03 -2.568196e-01 1.364551e-01 -1.841429e-01 3.232459e-01 -2.134241e-02 -3.536249e-01 7.664453e-01 -2.582793e-01 -1.403151e-01 -1.734295e-02 4.662477e-01 -1.462782e-03 
1.173897e+01 -5.598738e+00 2.104817e+01 -9.355664e+00 -7.163090e+00 -1.650320e+01 5.938535e+00 -4.667443e+00 -8.140428e+00 3.895919e+00 -1.678014e+00 1.474092e+00 9.352272e-01 -5.388696e-02 -1.748760e-01 4.250096e-01 4.410510e-02 1.024481e+00 -7.365126e-01 2.577017e-01 6.637647e-01 -1.097478e+00 7.727236e-02 2.673428e-01 6.573839e-01 -1.117761e-02 1.251913e-02 -9.539570e-02 -1.724846e-01 1.614822e-01 -1.684764e-02 9.235848e-02 -4.333653e-01 6.149849e-01 -9.443197e-02 -2.284971e-01 -1.306505e-02 2.571688e-01 -1.512776e-03 
1.166236e+01 -5.849902e+00 2.138125e+01 -9.963502e+00 -4.407735e+00 -1.750309e+01 5.368836e+00 -3.053530e+00 -1.027758e+01 4.843019e+00 -1.682149e+00 2.252510e+00 9.178877e-01 3.144604e-02 -3.089723e-01 1.974835e-01 1.032861e-01 8.793641e-01 -4.167184e-01 -3.997284e-01 1.208100e+00 -1.161311e+00 -2.284155e-01 1.952557e-01 5.889162e-01 -1.239660e-02 5.703569e-02 5.982636e-02 -3.770158e-01 3.374006e-01 -2.671821e-01 1.780705e-01 -3.244977e-01 2.249645e-01 1.659188e-01 -2.358485e-01 -8.831030e-02 -3.884865e-02 -1.269403e-04 
1.139243e+01 -5.331379e+00 2.059023e+01 -7.345069e+00 -7.122174e+00 -1.645913e+01 4.391366e+00 -1.131285e+00 -1.086117e+01 3.618878e+00 -2.109330e+00 3.921544e+00 9.012159e-01 2.217588e-02 -7.419381e-02 -5.848942e-01 7.594869e-01 3.016128e-01 -2.519882e-02 -5.014400e-01 9.074597e-01 -7.300446e-01 -2.337101e-01 -2.480054e-01 4.255624e-01 -1.101139e-02 9.614480e-02 1.143818e-01 -2.862696e-01 2.291334e-01 -1.570392e-01 1.021191e-01 -1.190654e-01 -1.643815e-01 2.868798e-01 -4.582166e-02 -1.952579e-01 -1.596891e-01 1.456872e-03 
1.153335e+01 -6.610529e+00 2.123519e+01 -8.564981e+00 -5.177090e+00 -1.784997e+01 3.817131e+00 6.788481e-03 -1.215338e+01 3.131239e+00 -1.336434e+00 3.127726e+00 8.972455e-01 1.532654e-01 5.365936e-02 -6.798474e-01 8.225753e-01 2.891680e-01 -1.448932e-01 -3.765002e-01 4.590008e-01 -3.066522e-01 -3.414001e-01 -2.907083e-01 1.486645e-02 -7.348266e-03 7.825632e-02 2.108438e-01 -1.241633e-01 2.013939e-01 -1.611159e-01 8.262486e-03 -4.934953e-02 -2.495058e-01 3.665094e-01 7.800601e-02 -1.830735e-01 -1.367065e-01 9.909276e-04 
1.191482e+01 -5.589405e+00 1.819693e+01 -6.257526e+00 -5.270082e+00 -1.645534e+01 4.207212e+00 -1.660087e+00 -1.085242e+01 3.583580e+00 -3.091061e+00 3.164025e+00 8.904995e-01 3.658848e-01 2.156302e-01 -5.676450e-01 8.301459e-01 5.344155e-01 -3.618965e-01 -3.491366e-01 2.164067e-01 -9.031617e-02 -9.535136e-02 -4.660982e-01 1.459677e-01 -6.418634e-03 2.447400e-02 1.466176e-01 1.246624e-01 9.379989e-03 -5.543633e-02 -1.170089e-01 -1.905689e-01 1.386803e-03 2.521841e-01 2.075356e-01 -1.846395e-01 -1.055605e-01 -6.448791e-04 
1.216768e+01 -5.452432e+00 1.917843e+01 -6.394131e+00 -3.887909e+00 -1.822908e+01 3.578093e+00 -4.940953e-01 -1.181511e+01 3.153782e+00 -2.644857e+00 2.705334e+00 8.865116e-01 2.509586e-01 6.002449e-01 -4.319507e-01 1.074847e+00 -4.262061e-02 -2.071770e-01 -7.226365e-01 3.060785e-01 3.514479e-01 9.245685e-02 -6.111048e-01 4.502745e-02 -9.736991e-03 -3.261126e-02 6.588808e-02 6.834510e-02 1.581818e-02 -4.988349e-02 -9.503145e-02 -3.035374e-01 1.454284e-01 2.381162e-01 3.146879e-01 -3.217998e-01 -8.689365e-02 -2.286685e-03 
1.290442e+01 -4.832346e+00 1.878020e+01 -4.279406e+00 -5.094636e+00 -1.807839e+01 2.765727e+00 2.009836e-01 -1.148194e+01 3.131239e+00 -3.785385e+00 4.862758e+00 8.745127e-01 9.586176e-02 3.856028e-01 -8.548672e-02 6.801990e-01 1.903967e-01 -5.790520e-01 -1.281170e+00 9.909264e-01 2.018499e-01 5.870517e-01 -1.010997e+00 -1.174457e-01 -1.303688e-02 -6.514372e-02 2.822133e-02 -1.317279e-01 1.048655e-02 3.014059e-02 1.246405e-02 -2.958613e-01 9.142486e-02 1.551498e-01 3.356665e-01 -3.359703e-01 -2.046143e-01 -2.254689e-03 
1.229312e+01 -3.987997e+00 1.878366e+01 -4.179511e+00 -5.478074e+00 -1.807412e+01 9.246367e-01 6.070279e-01 -1.008147e+01 3.819688e+00 -4.045084e+00 2.503305e+00 8.565583e-01 1.253361e-01 2.982863e-01 -5.791445e-01 9.767552e-01 2.117101e-01 -5.112861e-01 -1.428107e+00 7.987727e-01 7.379095e-01 8.907416e-01 -1.627234e+00 -2.878443e-01 -1.546870e-02 1.962190e-02 1.690378e-02 -3.392504e-01 -6.380410e-02 2.891557e-01 8.964363e-02 -1.061317e-01 -1.078729e-01 3.616050e-02 1.658293e-01 -1.787574e-01 -1.694125e-01 -6.168824e-04 
1.233122e+01 -4.393976e+00 1.796648e+01 -3.963838e+00 -3.523071e+00 -1.942753e+01 -8.720027e-01 2.743995e+00 -1.070990e+01 6.185806e+00 -7.445578e+00 2.677835e+00 8.402729e-01 1.029926e-01 5.077404e-01 -1.152724e+00 9.317386e-01 5.578746e-01 -1.473298e-01 -1.475707e+00 4.270753e-01 4.921413e-01 1.183842e+00 -1.637889e+00 -7.106487e-01 -1.482226e-02 1.261927e-01 1.373673e-01 -4.522014e-01 -1.412635e-01 3.170605e-01 3.096119e-01 5.278828e-02 -3.669551e-01 6.714018e-02 -2.167706e-01 2.003717e-01 -1.343667e-01 1.128911e-03 
1.308067e+01 -4.180418e+00 1.668940e+01 -1.668385e+00 -3.615133e+00 -2.011087e+01 -1.743788e+00 2.228331e+00 -8.511869e+00 6.080210e+00 -8.950843e+00 2.358474e+00 8.262714e-01 3.454430e-01 6.235468e-01 -1.594634e+00 6.301353e-01 1.219449e+00 2.520685e-02 -1.156055e+00 4.867254e-02 3.871602e-01 6.232148e-01 -1.191465e+00 -5.055760e-01 -1.192871e-02 1.472380e-01 1.423779e-01 -3.294424e-01 -2.643436e-01 2.669795e-01 4.811651e-01 -6.578831e-02 -3.016787e-01 -2.996995e-02 -4.542773e-01 4.542194e-01 -6.614695e-02 2.232781e-03 
1.302550e+01 -2.197187e+00 1.406367e+01 -8.766425e-01 -3.236655e+00 -1.779690e+01 -3.278710e+00 1.525452e+00 -9.806265e+00 7.920128e+00 -9.522347e+00 1.382061e+00 8.155549e-01 6.167734e-01 9.097657e-01 -1.838752e+00 1.471631e-01 1.271946e+00 7.008864e-01 -1.153239e+00 -4.688415e-01 7.128828e-01 -3.629781e-01 -2.269453e-01 -6.802676e-01 -9.158279e-03 1.379430e-01 -6.081698e-03 -1.415647e-01 -1.200125e-01 5.082541e-03 5.199488e-01 -1.772496e-01 -2.300433e-01 6.046647e-02 -4.358806e-01 3.635432e-01 7.688435e-03 1.784834e-03 
1.367292e+01 -1.968532e+00 1.276191e+01 -2.572376e+00 4.762083e-01 -1.876315e+01 -3.652009e+00 1.459352e+00 -8.597530e+00 6.068642e+00 -8.963662e+00 6.238090e-01 8.092656e-01 6.046509e-01 8.091714e-01 -1.883436e+00 4.736128e-02 1.189625e+00 1.470372e+00 -1.918364e+00 -2.615757e-01 4.776127e-01 -6.071287e-01 -6.171086e-02 -6.338152e-01 -7.132789e-03 3.467511e-02 -1.136159e-01 7.339511e-03 8.326825e-02 -3.436214e-01 5.980980e-01 -2.387286e-01 -2.184814e-01 -1.567455e-02 -3.387998e-02 2.030836e-01 -6.396308e-02 3.470037e-04 
1.511902e+01 -9.512505e-01 1.073674e+01 -2.776048e+00 7.911415e-01 -1.659703e+01 -5.684057e+00 7.839795e-01 -7.102651e+00 4.376736e+00 -8.573699e+00 1.434852e-01 8.029764e-01 6.630053e-01 3.845476e-01 -1.716118e+00 6.231346e-01 5.982842e-01 1.729862e+00 -1.980746e+00 -5.680209e-01 7.492512e-01 -3.802604e-01 -3.850209e-01 -6.079472e-01 -8.302525e-03 -9.066109e-02 -2.540866e-01 1.574806e-01 8.847413e-02 -3.987280e-01 3.498176e-01 -9.477527e-02 -1.150027e-01 -6.106340e-02 3.468193e-01 1.124456e-01 -9.786496e-02 -1.040832e-03 
1.505710e+01 -7.577310e-01 8.935591e+00 -4.820067e-01 3.190517e-01 -1.335898e+01 -1.013279e+01 1.291022e+00 -7.475186e+00 4.816323e+00 -9.733250e+00 -1.916415e-01 7.968979e-01 4.955482e-01 3.181589e-01 -1.619276e+00 8.084924e-01 -1.617756e-01 2.501024e+00 -1.936049e+00 -9.941618e-01 2.906151e-01 4.625789e-01 -9.692203e-02 -8.614537e-01 -1.062968e-02 -1.271688e-01 -1.368466e-01 1.321982e-01 -6.830580e-02 -3.132566e-01 -4.855564e-02 2.103763e-01 -1.577816e-01 1.426366e-01 3.926854e-01 3.496018e-01 -2.118418e-01 -1.846737e-03 
1.564856e+01 -8.796071e-01 7.395982e+00 1.193960e+00 -1.666769e-01 -1.184966e+01 -9.941834e+00 -1.230230e+00 -6.621126e+00 6.644970e+00 -1.106276e+01 -1.250187e+00 7.802259e-01 2.180377e-01 -1.150822e-01 -1.183444e+00 2.088676e-01 -4.591060e-02 1.934835e+00 -1.618244e+00 -6.775085e-01 5.011397e-01 8.361974e-01 3.529151e-01 -1.055849e+00 -1.261823e-02 -1.404390e-01 2.270667e-01 -7.725145e-02 -2.508385e-01 2.659099e-02 -5.366486e-01 4.209961e-01 -7.506606e-02 3.666232e-01 1.847998e-01 5.395865e-01 -3.113636e-01 -1.564770e-03 
1.588594e+01 -4.135133e-01 6.335527e+00 -5.151871e-01 1.460865e-01 -8.631523e+00 -1.120370e+01 -2.504200e+00 -7.385151e+00 7.247103e+00 -8.204000e+00 -2.986686e+00 7.675068e-01 1.912968e-01 3.747872e-01 -1.488756e+00 -8.711877e-02 -5.449319e-02 1.125147e+00 -1.047656e+00 -9.957631e-01 1.314930e+00 7.480873e-01 1.317435e+00 -1.468967e+00 -1.420046e-02 -1.186045e-01 5.649463e-01 -1.935101e-01 -2.194523e-01 2.043168e-01 -6.685778e-01 5.829655e-01 7.167738e-03 6.414968e-01 -2.446703e-01 2.240912e-01 -4.274723e-01 -1.172817e-03 
1.579464e+01 -1.698702e+00 6.119390e+00 -1.714979e+00 6.479337e-01 -9.286904e+00 -1.323983e+01 -7.055340e-01 -4.642170e+00 7.342318e+00 -7.573773e+00 -3.738338e+00 7.545944e-01 1.129759e-01 1.491612e+00 -2.167721e+00 -1.832574e-01 6.776017e-01 -2.655014e-01 -3.199253e-01 -9.426206e-01 2.070232e+00 4.008419e-01 1.605783e+00 -1.861060e+00 -1.433590e-02 -5.014897e-02 6.522981e-01 -3.053105e-01 1.116868e-01 8.531749e-02 -4.713357e-02 6.335437e-01 -1.493511e-01 6.260259e-01 -4.144000e-01 -5.338997e-01 -5.178427e-01 -9.648413e-04 
1.594032e+01 1.525799e+00 2.130225e+00 5.367043e-01 -3.607203e-01 -9.014895e+00 -1.372199e+01 -3.950194e+00 -1.889711e+00 8.207848e+00 -4.890762e+00 -6.292487e+00 7.387131e-01 -4.497335e-02 2.339453e+00 -2.094698e+00 -9.273568e-02 4.979395e-01 2.581998e-01 3.295861e-01 -8.257270e-01 2.713616e+00 -5.431940e-01 3.970331e-01 -2.596152e+00 -1.563492e-02 -3.404350e-02 2.582864e-01 -8.821002e-02 3.185136e-01 -8.822617e-02 6.066951e-01 4.369442e-01 1.497200e-02 2.993172e-01 -3.716538e-01 -1.252053e+00 -2.108539e-01 -1.314800e-03 
1.618643e+01 5.608649e+00 -1.339816e+00 -2.483314e-01 3.474583e+00 -1.298604e+01 -1.028202e+01 -5.220468e+00 9.826732e-01 8.168990e+00 -4.690612e+00 -8.902735e+00 7.229547e-01 8.540311e-02 2.164116e+00 -2.406992e+00 7.701508e-01 1.043562e-01 2.132499e+00 8.609326e-01 -1.509174e+00 2.931920e+00 -5.902460e-01 -1.856315e+00 -3.081590e+00 -1.673078e-02 -9.703313e-02 -3.903176e-01 3.228083e-01 5.925641e-01 -2.580796e-01 1.161819e+00 -1.857499e-02 -1.910220e-01 -2.054963e-01 -3.129136e-01 -1.071273e+00 5.068572e-01 -3.504541e-03 
1.546517e+01 7.630035e+00 -4.081557e-01 -1.712155e+00 1.222625e+00 -5.491099e+00 -1.103451e+01 -4.375124e+00 3.370252e+00 4.117492e+00 -7.660615e+00 -1.338551e+01 7.051585e-01 3.477379e-02 1.329993e+00 -1.810086e+00 1.028773e+00 -2.089798e-01 2.959548e+00 5.465592e-01 -6.375765e-01 2.380769e+00 -6.146211e-01 -3.211820e+00 -1.913016e+00 -1.958124e-02 -3.239419e-01 -7.722059e-01 6.750357e-01 6.897908e-01 -6.081344e-02 6.995174e-01 -4.406558e-01 -4.441306e-01 -9.648968e-01 -2.502646e-01 -1.478572e-01 1.411081e+00 -8.030007e-03 
1.645914e+01 6.069527e+00 -4.646521e+00 3.260327e+00 3.782567e-01 -3.859548e-01 -1.027930e+01 -8.038966e+00 7.387216e+00 6.436448e+00 -1.547021e+01 -1.559977e+01 6.877311e-01 -4.120954e-01 4.469030e-02 -6.958646e-01 2.218742e+00 -2.593310e-01 4.192887e+00 -5.212369e-01 -1.991960e+00 1.209200e+00 -1.127997e+00 -1.946216e+00 3.315569e-01 -2.988107e-02 -7.615371e-01 -7.742382e-01 9.544361e-01 2.710068e-01 2.426244e-01 -1.305832e-01 -5.321031e-01 -4.347847e-01 -1.524579e+00 -6.416146e-01 9.709289e-01 1.853261e+00 -1.771086e-02 
1.597803e+01 7.945431e+00 -5.267299e+00 3.926407e+00 1.426768e-01 -5.172204e-01 -1.099052e+01 -5.728742e+00 6.811645e+00 6.000717e+00 -1.555995e+01 -1.250920e+01 6.584104e-01 -1.415887e+00 -4.618861e-01 4.250096e-01 2.631869e+00 3.757806e-01 2.725489e+00 -1.182626e+00 -2.804911e+00 -1.249513e+00 -1.525691e+00 -2.972844e-01 2.752583e+00 -4.921250e-02 -1.070259e+00 -7.842593e-01 6.757548e-01 -2.348688e-01 2.735516e-01 -6.696121e-01 -1.869937e-01 -2.507101e-01 -1.325543e+00 -9.542499e-01 1.251055e+00 1.324714e+00 -3.094730e-02 
1.386981e+01 5.674528e+00 -2.389908e+00 8.025960e+00 2.717937e+00 5.491619e+00 -1.291053e+01 -1.450324e+01 5.308017e+00 1.587345e+00 -1.047182e+01 -7.682859e+00 5.969228e-01 -2.997043e+00 -8.111522e-01 1.247636e+00 1.323701e+00 1.025125e+00 1.596615e+00 -9.350343e-01 -2.599346e+00 -2.875876e+00 -3.342835e+00 1.541021e+00 3.851918e+00 -9.046724e-02 -9.435201e-01 -7.340486e-01 -9.830571e-02 -6.833539e-01 2.907724e-01 -1.034696e+00 3.208562e-01 7.333977e-01 -4.979263e-01 -5.248157e-01 7.728468e-01 4.303180e-01 -3.874237e-02 
9.680771e+00 5.518340e+00 5.886422e-01 9.064085e+00 1.931534e+00 5.197812e+00 -1.563202e+01 -1.516753e+01 -1.837585e+00 -1.086069e+00 -1.164626e+01 -3.581041e+00 5.044983e-01 -4.024011e+00 -2.163459e+00 5.970095e-01 3.019942e-01 5.165351e-01 9.095141e-01 -1.814356e-01 -1.587437e+00 -2.204466e+00 -4.278480e+00 1.299871e+00 2.950390e+00 -1.440288e-01 -3.296709e-01 -6.283715e-01 -8.050328e-01 -5.824303e-01 3.592691e-01 -5.749152e-01 8.160177e-01 1.404275e+00 4.004468e-01 3.954467e-01 4.554799e-01 -3.784394e-01 -3.240513e-02 
4.622797e+00 3.227673e+00 -1.336362e+00 7.309756e+00 4.609086e+00 4.739566e+00 -1.263339e+01 -1.631628e+01 -2.667223e+00 -6.734259e+00 -9.722084e+00 -8.043293e-01 3.123586e-01 -3.825534e+00 -2.774674e+00 -1.273387e+00 -3.298486e-02 1.124182e+00 -7.255882e-02 5.825454e-01 1.066487e+00 -8.028752e-01 -2.375723e+00 1.119403e+00 2.384156e+00 -1.761843e-01 4.038732e-01 -2.300149e-01 -8.796431e-01 -1.519519e-01 2.847275e-01 -2.528542e-02 1.000034e+00 1.514113e+00 6.959103e-01 1.282215e+00 1.076329e-01 -5.188306e-01 -7.402081e-03 
4.813883e-01 -1.648195e+00 -2.808860e+00 5.794397e+00 1.779337e+00 4.406426e+00 -1.203602e+01 -1.275959e+01 -2.231450e-01 -1.123068e+01 -9.435505e+00 -1.196288e+00 8.055055e-02 -2.650007e+00 -2.621937e+00 -2.339638e+00 3.980514e-01 2.122695e+00 6.855058e-01 2.138751e+00 2.383541e+00 -2.837813e-01 -3.191614e-02 2.190804e+00 1.594136e+00 -1.683778e-01 8.375517e-01 4.737752e-01 -4.397184e-01 -1.215969e-01 6.570684e-02 3.346274e-01 9.063785e-01 9.703678e-01 4.330570e-01 1.241154e+00 2.265357e-01 -2.722620e-01 2.403420e-02 
-6.582633e-01 -4.615769e+00 -7.058081e+00 9.495784e+00 8.415252e+00 5.524791e+00 -1.179562e+01 -1.037464e+01 4.862027e-01 -5.218841e+00 -5.980425e+00 3.045594e+00 -7.202636e-02 -1.664636e+00 -1.731976e+00 -1.682359e+00 5.158436e-01 1.645575e+00 1.582148e+00 2.905020e+00 2.985822e+00 -3.567056e-01 9.449863e-01 1.633669e+00 1.936034e+00 -1.153026e-01 8.452682e-01 9.600092e-01 2.058593e-01 -4.123968e-01 -4.930208e-01 2.319152e-01 5.239751e-01 3.481465e-01 2.801682e-01 2.654868e-01 -5.068767e-02 -7.006112e-01 4.335392e-02 
-9.289852e-01 -3.669856e+00 -8.248317e+00 9.961370e+00 1.064210e+01 8.232560e+00 -5.357024e+00 -6.220593e+00 -4.833176e+00 -2.003507e+00 -2.562977e+00 2.464806e+00 -1.452141e-01 -9.166059e-01 -3.160069e-01 -1.397171e+00 -5.804294e-01 5.843376e-01 1.755141e+00 3.189126e+00 2.304677e+00 -2.622227e-01 2.668787e-01 2.175322e+00 1.813189e+00 -5.429777e-02 5.038967e-01 9.419292e-01 5.118652e-01 -6.001102e-01 -6.720119e-01 -3.332280e-01 -5.025554e-01 -3.764936e-01 5.090842e-01 -3.342508e-01 -6.760635e-01 -1.262072e+00 4.331793e-02 
-2.995522e+00 -4.421426e+00 -7.027979e+00 7.805345e+00 8.405952e+00 1.073703e+01 -1.447599e+00 -4.656768e+00 -2.145966e+00 -6.623028e+00 -4.990011e+00 7.045115e+00 -1.512926e-01 -4.658148e-01 8.723066e-01 -7.152495e-01 -1.605799e+00 -5.718088e-01 5.521060e-01 2.677224e+00 2.846711e+00 5.871867e-01 -1.197626e+00 8.738405e-01 -1.228449e+00 -1.645989e-02 2.197272e-01 6.541551e-01 5.022872e-01 -3.428341e-01 -2.725943e-01 -7.847350e-01 -1.051415e+00 -7.830378e-01 4.383656e-01 -1.116264e-01 -7.189953e-01 -1.554294e+00 2.836969e-02 
-2.933200e+00 -3.325364e+00 -9.809638e+00 3.737914e+00 4.705798e+00 1.057639e+01 -1.264351e+00 -4.095121e+00 -2.180417e-01 -9.194108e+00 9.458618e-01 5.869971e+00 -1.512926e-01 -7.298954e-01 7.856056e-01 -2.638935e-01 -1.541734e+00 -1.287326e-01 -4.657535e-01 -2.601829e-01 5.706902e-01 1.789782e+00 -6.319034e-01 -8.095526e-01 -3.134096e+00 -1.216388e-03 1.833580e-02 2.873686e-01 6.126208e-01 1.401808e-01 1.201457e-01 -5.850636e-01 -7.772129e-01 -7.789912e-01 1.500179e-02 3.539915e-01 -6.213675e-01 -7.931135e-01 1.250557e-02 
-1.985277e+00 -4.266891e-01 -9.853556e+00 4.578721e+00 8.524362e+00 7.113248e+00 -4.556141e-01 2.796547e+00 1.114628e+00 -7.611950e+00 -3.365648e+00 -4.798717e+00 -1.512926e-01 -6.594185e-01 9.881130e-01 2.625379e-01 -7.176772e-01 6.391231e-01 -1.231280e+00 -6.273478e-01 -6.231626e-02 8.091466e-01 8.362973e-01 -4.688451e-01 -3.361845e+00 2.600282e-06 -8.087686e-03 -1.074841e-01 4.005250e-01 4.047501e-01 1.241170e-01 -2.052888e-04 -2.376070e-01 -6.331190e-01 -6.664755e-01 3.994989e-01 -5.714272e-02 5.591659e-01 3.414641e-03 
-5.083494e+00 -1.739328e+00 -8.155052e+00 3.866047e+00 9.939081e+00 7.715553e+00 -7.153664e+00 -7.093445e+00 2.485572e+00 -4.668615e+00 -7.422833e+00 -7.283567e+00 -1.512926e-01 -7.281127e-01 1.062943e+00 1.177160e+00 -3.235985e-01 5.796887e-01 -2.784454e-01 9.553414e-01 -1.358751e-01 -2.981224e-01 1.019910e+00 -2.602419e-01 -1.085680e+00 2.600282e-06 2.186457e-01 -1.367415e-01 -2.180927e-03 4.241653e-01 -2.947002e-01 2.171127e-01 2.087640e-01 1.416708e-01 -1.103983e+00 -4.768643e-02 5.460033e-01 1.008470e+00 2.430160e-04 
-5.217267e+00 -2.737950e-01 -6.542904e+00 4.153022e+00 8.984673e+00 6.010995e+00 -1.639917e+00 -3.469017e+00 5.481704e-01 -4.704209e+00 -3.149783e+00 -3.187249e+00 -1.512926e-01 -5.071740e-01 1.961972e-01 5.668644e-01 -1.910722e-01 -3.054624e-01 4.572337e-01 8.814333e-01 3.436109e-02 -1.701307e+00 -2.602216e-02 3.135419e-01 5.433444e-01 2.600282e-06 3.235213e-01 -2.216406e-01 -4.608877e-01 2.542323e-01 -5.081681e-01 2.719917e-01 -4.083390e-01 2.369158e-02 -5.565488e-01 -2.509460e-01 6.002029e-01 8.339687e-01 -9.552093e-07 
-4.958056e+00 1.913113e+00 -5.579168e+00 2.332685e+00 7.374050e+00 9.735718e+00 4.104702e+00 -1.642022e+00 -1.425683e+00 -5.548382e+00 -4.634634e-01 -3.643380e-01 -1.512926e-01 2.872073e-01 4.978041e-01 -4.270223e-01 3.158330e-01 -1.130035e+00 -2.245372e-01 2.929050e-02 1.230618e+00 -2.474980e+00 -4.392002e-01 1.529284e+00 -4.424471e-02 2.600282e-06 2.609993e-01 -2.591322e-01 -6.195425e-01 2.672848e-01 -2.558655e-01 6.333534e-02 -9.340999e-01 -3.318841e-01 9.072571e-02 8.923047e-02 6.191096e-01 2.407898e-01 -9.552093e-07 
-4.584127e+00 -1.271587e+00 -8.307039e+00 4.389874e+00 8.279483e+00 8.389890e+00 -1.678018e+00 2.424502e-01 -5.436085e+00 -7.302282e+00 -5.277831e+00 -5.541935e+00 -1.512926e-01 4.505048e-01 1.624313e-01 -1.239874e+00 2.336959e-01 -1.046855e+00 1.018052e-01 -2.206078e+00 -6.270681e-01 -8.851728e-01 3.111335e-01 1.637332e+00 2.874162e-01 2.600282e-06 1.889116e-02 -1.372671e-01 -2.011034e-01 9.639612e-02 1.183533e-01 -1.655908e-02 -3.660679e-01 -5.681316e-01 7.514235e-01 2.302714e-01 2.872284e-01 1.753779e-01 -9.552093e-07 
-3.964087e+00 1.248558e+00 -9.407958e+00 5.326693e+00 4.641633e+00 5.403477e+00 -6.988560e+00 -2.796519e+00 -6.897064e+00 -5.565586e+00 1.287441e+00 -6.327686e+00 -1.512926e-01 9.788217e-02 -2.157644e-01 -1.017194e+00 8.004333e-01 -3.289215e-01 2.158651e-01 -2.171323e+00 -1.464538e+00 -2.525682e-01 1.297426e+00 2.173407e+00 2.461375e-01 2.600282e-06 -1.896030e-01 -9.220716e-02 4.354716e-01 -8.374739e-02 4.721884e-01 5.612267e-03 5.285668e-01 -3.063998e-01 9.005204e-01 5.652533e-02 -4.966208e-01 5.045694e-01 -9.552093e-07 
-3.461544e+00 8.703033e-01 -1.082765e+01 3.824394e+00 5.116513e+00 8.686067e+00 -7.124181e+00 -6.027630e+00 -1.142089e+00 -3.139848e+00 4.161505e+00 1.230997e+00 -1.512926e-01 -3.180865e-01 -1.332841e-01 -1.435593e-01 4.858234e-02 -1.143568e-01 1.541905e-01 1.514148e-01 -1.458734e+00 9.445910e-01 2.569888e-01 1.427646e+00 1.275024e+00 2.600282e-06 -1.186045e-01 1.175353e-01 7.901151e-01 -3.830284e-02 2.999802e-01 -3.669699e-01 1.124008e+00 4.852992e-01 3.580535e-01 -4.215363e-01 -8.384711e-01 3.458233e-01 -9.552093e-07 
-5.029905e+00 -2.367380e-01 -9.404997e+00 6.617555e+00 7.310815e+00 1.066642e+01 -4.028935e+00 -5.829329e+00 -4.835728e+00 -1.142426e+00 5.683725e+00 -2.519928e+00 -1.512926e-01 -2.764896e-01 1.845902e-01 1.202213e+00 -1.043584e-02 7.647150e-01 -2.227098e-01 1.493287e+00 1.144251e-01 1.112654e+00 -1.295165e-01 -8.489259e-01 1.984688e+00 2.600282e-06 8.036085e-02 2.704098e-01 5.911638e-01 -5.075168e-02 6.184094e-02 -5.314774e-01 5.827903e-01 7.111410e-01 6.679892e-02 -3.147067e-01 -6.880569e-01 1.882211e-01 -9.552093e-07 
-5.642006e+00 -1.195277e+00 -9.026510e+00 3.987120e+00 6.373146e+00 6.528950e+00 -2.400575e+00 -5.534547e+00 -1.744269e+00 -8.228915e+00 -3.381625e-01 -1.070524e+00 -1.512926e-01 4.475703e-02 5.498598e-01 1.600999e+00 4.476267e-01 -9.383006e-02 -1.513765e+00 1.581625e+00 1.009842e+00 2.225649e-01 -1.083143e+00 -1.043877e+00 1.147115e+00 2.600282e-06 1.768475e-01 4.153609e-02 -3.401170e-04 -1.154412e-02 -1.305050e-01 -6.839997e-02 -2.621074e-01 2.790644e-01 -5.246591e-01 2.691804e-01 1.926944e-01 -1.031166e-01 -9.552093e-07 
-4.255847e+00 3.204066e+00 -4.297641e+00 5.193265e+00 7.836841e+00 5.368410e+00 -1.883491e+00 -2.470944e+00 -1.032735e+00 -3.668421e+00 -7.074487e-01 4.746527e+00 -1.512926e-01 3.183455e-01 7.946626e-01 1.066436e+00 3.470922e-01 -2.988977e-02 -1.607571e+00 2.753078e-02 8.570193e-01 4.423690e-01 3.938491e-01 -3.116123e-02 1.251357e+00 2.600282e-06 1.332955e-01 -2.916833e-01 -7.330974e-01 -3.828465e-01 -3.567655e-01 4.545983e-01 -6.106518e-01 -3.997619e-01 -5.512781e-01 2.617214e-01 7.643291e-01 -3.222829e-01 -9.552093e-07 
-3.624692e+00 1.899113e+00 -5.376354e+00 6.774985e+00 4.384355e+00 3.766684e+00 -2.886959e-01 -2.657749e+00 -1.930901e+00 -7.292790e+00 2.137668e+00 3.333788e+00 -1.512926e-01 2.687859e-01 -2.305370e-01 -7.735492e-02 -1.878974e-01 -3.695458e-01 5.044414e-01 -4.261242e-01 -4.346142e-01 -1.343621e+00 1.341182e+00 1.982285e+00 1.126200e+00 2.600282e-06 -1.803339e-03 -3.368483e-01 -8.127412e-01 -6.950231e-01 -3.834402e-01 7.350691e-01 -5.709043e-01 -5.046377e-01 -4.521332e-02 4.049139e-01 6.533710e-01 -1.930710e-01 -9.552093e-07 
-4.446781e+00 2.189255e+00 -5.897946e+00 6.959243e+00 8.155804e+00 4.009786e+00 -4.947440e+00 -2.982913e+00 -2.530165e+00 3.587551e-01 4.290114e+00 1.534591e+00 -1.512926e-01 2.779372e-01 -8.836961e-01 -1.624040e+00 -1.606776e+00 -8.813542e-01 1.041087e+00 -5.561672e-01 -1.162096e+00 -8.605211e-01 -3.311491e-02 1.459694e+00 3.837333e-01 2.600282e-06 -8.575053e-02 -1.301893e-01 -2.809773e-01 -3.659211e-01 -3.832645e-01 5.386297e-01 3.705050e-02 -1.403424e-01 4.241840e-01 -1.401717e-01 -8.399420e-02 -4.345439e-01 -9.552093e-07 
-4.202655e+00 -1.840617e+00 -8.612987e+00 2.164665e+00 4.366376e+00 9.730979e+00 -2.999304e+00 -7.451454e+00 -7.713580e+00 -3.536723e+00 7.074441e+00 6.166232e+00 -1.512926e-01 5.580992e-02 -2.952549e-01 -1.117568e+00 -2.050511e+00 -1.585341e+00 8.371797e-01 -9.809629e-01 -5.037695e-01 6.479257e-01 1.154872e+00 1.477591e+00 6.155547e-01 2.600282e-06 -1.042528e-01 3.545381e-01 4.511760e-01 3.830212e-01 1.165961e-01 -2.294170e-01 1.743091e-01 2.289148e-01 7.069826e-01 -4.973462e-01 -1.028074e+00 -7.436646e-01 -9.552093e-07 
-2.577530e+00 6.556476e-01 -1.079953e+01 -5.353072e-01 3.439246e+00 7.591396e+00 -3.309100e+00 -5.884344e+00 -2.444140e+00 -5.712412e+00 4.122633e+00 5.249217e+00 -1.512926e-01 -3.970722e-03 1.761487e-01 1.815485e-01 -5.512052e-01 -1.338234e+00 9.194125e-01 4.901603e-01 1.898855e-01 1.567635e+00 -2.138304e-01 -1.988929e-01 -6.660677e-01 2.600282e-06 -9.948841e-02 5.303980e-01 1.005288e+00 9.368311e-01 6.110092e-01 -5.593370e-01 2.898363e-01 1.573757e-01 -3.463397e-02 -4.794516e-01 -1.026928e+00 -6.597418e-01 -9.552093e-07 
-4.280458e+00 1.189542e+00 -8.513307e+00 2.694956e-01 -1.184010e+00 6.161690e+00 -6.012904e+00 -3.726028e+00 1.265538e+00 1.517343e+00 9.609406e+00 4.554031e+00 -1.512926e-01 -1.115283e-01 1.012119e+00 1.275645e+00 1.199396e+00 4.418666e-01 -5.817931e-01 -7.770028e-02 3.396077e-02 9.771164e-01 -1.055171e+00 -2.328877e+00 -2.067233e+00 2.600282e-06 3.306748e-02 4.392619e-01 7.488119e-01 6.489989e-01 7.697922e-01 -7.626929e-01 7.343315e-02 8.178997e-02 -6.876342e-01 -6.426545e-01 -6.939009e-01 -1.601571e-01 -9.552093e-07 
-4.427728e+00 1.554621e+00 -5.039812e+00 5.150554e+00 4.239597e+00 1.039157e+01 -9.903877e-01 -3.896000e+00 8.186411e-01 -3.237139e+00 2.028495e+00 -9.898589e-01 -1.512926e-01 -1.357734e-01 1.114647e+00 2.205792e+00 1.452401e+00 1.160015e+00 -1.046256e+00 4.414161e-01 -6.440817e-01 -1.198429e+00 -1.325395e+00 -1.771741e+00 -1.573540e+00 2.600282e-06 9.529714e-02 2.735633e-01 1.678639e-01 -2.003893e-01 2.254739e-01 -8.476939e-01 -5.309464e-01 2.732834e-01 -6.499808e-01 6.835943e-02 3.622827e-01 7.460423e-01 -9.552093e-07 
-3.835474e+00 2.770363e+00 -5.114818e+00 5.318574e+00 6.175692e+00 5.421958e+00 -4.547380e+00 -8.275449e+00 -4.459548e+00 -1.005015e+01 -3.522791e+00 -1.050724e+00 -1.512926e-01 2.870885e-01 1.431818e+00 1.614388e+00 1.926681e-01 1.014397e+00 -1.993609e+00 -5.895139e-01 3.220913e-01 -1.407266e+00 -1.502514e+00 -1.205533e+00 2.685931e-01 2.600282e-06 8.705441e-02 -1.564730e-02 -2.901526e-01 -6.844605e-01 -4.186550e-01 -3.103456e-01 -5.131757e-01 6.275102e-01 1.079280e-02 6.517086e-01 1.073217e+00 1.117403e+00 -9.552093e-07 
-3.479010e+00 5.438187e+00 -1.470091e+00 4.202087e+00 5.559465e+00 2.729828e+00 -1.834504e+00 -6.830276e+00 -5.573508e+00 -6.555696e+00 1.829998e+00 1.838177e-01 -1.512926e-01 2.733021e-01 1.334126e+00 8.514774e-01 -1.049888e+00 -4.971403e-01 -2.613096e+00 -1.908685e+00 1.412163e+00 -4.901816e-01 3.516921e-01 1.050895e+00 1.896076e+00 2.600282e-06 3.420743e-02 -1.188367e-01 -4.520001e-01 -6.012922e-01 -5.802495e-01 3.608442e-03 -4.698881e-01 7.396603e-01 5.834810e-01 8.248092e-01 9.626405e-01 8.233094e-01 -9.552093e-07 
-3.319435e+00 6.406882e+00 -2.226572e+00 1.707198e+00 3.227844e+00 2.442813e-02 -8.537997e+00 -6.484661e-01 -2.574636e+00 -4.335810e+00 3.680978e+00 5.310449e+00 -1.512926e-01 1.191560e-01 8.242078e-01 5.019742e-01 -9.718217e-01 -8.227780e-01 -1.350061e+00 -1.468580e+00 2.143549e+00 6.768892e-01 1.364857e+00 1.625844e+00 1.784899e+00 2.600282e-06 -4.897979e-02 -1.725162e-01 -2.574207e-01 -2.250857e-01 -3.999932e-01 2.549915e-01 -1.317888e-01 4.374138e-01 5.335039e-01 6.748030e-01 6.237695e-01 2.921106e-01 -9.552093e-07 
