-6.961021e+00 -1.419311e+00 -1.006521e+01 4.766672e+00 -2.542594e+00 -2.274740e+00 -5.995547e+00 3.204026e+00 3.141799e+00 -3.488224e+00 -2.982552e+00 -2.284508e+00 -1.512926e-01 2.113491e-01 1.581397e-01 2.729301e-01 5.733938e-01 5.313120e-01 4.647953e-01 4.990530e-01 4.407404e-01 8.503972e-01 1.560513e+00 1.686720e-02 -2.370464e-01 -3.755435e-06 3.440671e-02 1.133188e-01 1.616940e-01 4.808810e-03 -7.306484e-02 5.322887e-01 6.176103e-01 2.025822e-01 -4.945157e-01 -4.653471e-02 2.932560e-01 2.558147e-01 1.100303e-06 
-5.987791e+00 -1.186671e+00 -1.028010e+01 6.299797e+00 -7.498667e-01 -3.948345e+00 -9.141452e+00 3.648126e+00 6.271537e+00 -3.346049e+00 -1.275404e+00 -1.587551e-02 -1.512926e-01 3.341565e-01 4.511047e-01 5.941744e-01 5.884917e-01 1.423450e-01 1.775572e+00 2.718471e+00 4.519038e-01 -5.023361e-01 1.935894e+00 3.929005e-01 -3.576114e-01 -3.755435e-06 2.633580e-02 1.739608e-01 2.365451e-01 -2.231037e-02 -4.937663e-02 6.872343e-01 6.076919e-01 3.954369e-01 -3.446932e-01 -2.625760e-01 3.817718e-01 4.479161e-01 1.100303e-06 
-6.391181e+00 -7.449062e-01 -8.592801e+00 6.867367e+00 -7.824833e-01 8.859921e-01 -1.927368e+00 5.185744e+00 5.829064e+00 4.243203e+00 -3.752167e+00 -4.603910e+00 -1.512926e-01 3.219194e-01 5.782825e-01 9.207810e-01 5.897964e-01 3.605009e-01 2.470858e+00 2.477225e+00 1.448068e+00 -9.458380e-01 1.140115e+00 1.295132e+00 1.102334e+00 -3.755435e-06 1.826490e-02 7.532672e-02 9.316617e-02 -8.072857e-02 8.040412e-02 3.652777e-01 -1.449413e-01 2.283669e-01 2.109295e-01 -3.078996e-01 4.202219e-01 5.981668e-01 1.100303e-06 
-5.575019e+00 4.989220e-01 -7.831041e+00 6.659451e+00 -2.711015e+00 5.022745e+00 5.562936e+00 4.472883e+00 -7.137766e-01 2.325200e+00 -6.335117e-01 -2.912790e+00 -1.512926e-01 2.877213e-01 8.180318e-01 1.131694e+00 4.535422e-01 3.698338e-01 2.897691e+00 2.548303e+00 1.914116e+00 2.504087e-02 4.577657e-01 1.286518e+00 1.332733e+00 -3.755435e-06 -6.073212e-02 -1.824623e-01 -3.115592e-01 -4.347024e-03 5.164771e-01 -5.992291e-02 -9.058398e-01 -2.320676e-02 7.402891e-01 -2.190364e-01 -8.505261e-02 1.020879e-01 1.100303e-06 
-5.557865e+00 6.290999e-01 -6.685653e+00 7.536272e+00 2.404923e-01 5.594157e+00 -9.611756e-01 1.003180e+01 1.904996e+00 -6.234976e-01 3.172290e+00 4.675704e+00 -1.512926e-01 3.257435e-01 3.514650e-01 4.700314e-01 2.371384e-01 8.195617e-01 1.730090e+00 -1.406521e-01 8.515537e-01 1.641463e+00 7.600548e-01 1.671082e+00 1.908506e+00 -3.755435e-06 -5.368842e-02 -3.385892e-01 -5.850778e-01 -4.111964e-02 5.344753e-01 -4.729523e-01 -7.325591e-01 -5.485870e-01 2.324284e-01 -1.963533e-01 -4.609122e-01 -4.504780e-01 1.100303e-06 
-4.965778e+00 2.216430e+00 -5.574891e+00 8.233004e+00 5.880075e-01 8.186043e+00 3.117405e+00 1.079591e+01 8.358433e+00 1.376354e+00 1.695283e+00 2.007923e+00 -1.512926e-01 2.866764e-02 -3.476876e-01 -7.382504e-01 7.431989e-01 2.495202e+00 1.846217e+00 -5.016460e-01 6.341100e-01 1.905341e+00 1.030711e+00 -2.202657e-01 -2.503022e-01 -3.755435e-06 -2.957354e-02 -3.156163e-01 -3.839205e-01 5.352381e-02 1.944465e-01 -1.055903e+00 -6.239913e-01 -5.414374e-01 -7.242697e-01 -5.210949e-01 -3.903795e-01 -3.737747e-01 1.100303e-06 
-5.066827e+00 1.537408e-01 -7.371017e+00 7.266925e+00 1.665838e+00 7.954655e+00 -1.407674e+00 6.282051e+00 9.500073e+00 8.518163e+00 3.439051e+00 2.478217e+00 -1.512926e-01 1.830509e-01 -5.318025e-01 -1.069569e+00 2.393751e-01 1.970227e+00 6.319223e-01 3.393893e-01 -6.548263e-01 -7.239446e-01 -1.281884e-01 -2.559640e-01 -3.586033e-01 -3.755435e-06 2.418356e-02 5.279793e-02 1.869474e-01 5.342429e-02 -5.580074e-01 -1.199842e+00 -3.744310e-02 -3.073918e-01 -1.317653e+00 -1.012689e+00 -4.004556e-01 -3.326559e-01 1.100303e-06 
-5.677140e+00 -1.001483e+00 -1.117927e+01 1.050959e+01 9.052315e+00 1.307342e+01 3.278052e+00 9.518334e+00 5.015641e+00 2.907846e+00 -1.868469e+00 -3.065769e+00 -1.512926e-01 2.111306e-01 -3.185679e-01 -1.809103e-02 7.198997e-01 7.667727e-01 -1.832731e+00 -8.116363e-01 -3.996548e-02 -2.413697e+00 -1.703461e+00 2.981467e-01 5.973500e-01 -3.755435e-06 9.020049e-03 3.397371e-01 5.661032e-01 -2.413040e-01 -1.087300e+00 -9.865269e-01 -6.257949e-02 -5.677295e-01 -6.607970e-01 -4.307449e-01 1.617069e-01 -4.985794e-03 1.100303e-06 
-4.287117e+00 -4.207214e-01 -9.230899e+00 7.594027e+00 5.859445e+00 6.310133e+00 6.549240e-01 7.396484e+00 -4.309680e-02 -2.030396e+00 3.674252e+00 5.419556e+00 -1.512926e-01 3.555713e-01 6.009829e-01 1.044762e+00 5.157979e-01 -1.106219e+00 -2.429786e+00 -1.728650e-01 -3.483666e-01 -2.787288e+00 -2.936295e+00 -5.904183e-01 -1.787027e-01 -3.755435e-06 -1.357670e-01 3.062669e-01 2.391534e-01 -3.985454e-01 -5.712034e-01 1.729717e-01 -5.635617e-02 -4.089161e-01 6.840220e-01 6.460207e-01 1.162245e-01 -3.852093e-01 1.100303e-06 
-4.299714e+00 9.108719e-01 -4.735636e+00 1.166888e+01 2.324694e+00 -1.550393e-01 -1.972442e+00 1.003877e+01 1.061570e+00 -1.867001e+00 3.068385e+00 3.524353e+00 -1.512926e-01 -1.252309e-02 7.847256e-01 1.035174e+00 -6.016360e-01 -1.403121e+00 -1.555666e+00 -5.583687e-01 -2.357876e+00 -3.669773e-01 2.809781e-01 7.554330e-01 -3.653665e-01 -3.755435e-06 -1.347398e-01 2.465714e-02 -3.609988e-01 -5.304591e-01 1.401694e-01 1.035544e+00 1.116249e-01 -3.047165e-01 1.262758e+00 1.160935e+00 5.730732e-02 -4.920085e-01 1.100303e-06 
-3.978074e+00 2.202152e+00 -5.369337e+00 9.266287e+00 -5.013874e-01 2.420166e+00 3.528926e-01 4.280114e+00 -2.459423e+00 -3.775909e+00 -1.981604e+00 -1.710001e+00 -1.512926e-01 -3.840045e-01 4.478485e-01 -4.005944e-01 -1.092785e+00 1.992172e-01 1.358292e+00 -6.899022e-02 -1.540521e+00 1.672904e+00 2.109593e+00 9.654650e-02 -1.803219e+00 -3.755435e-06 -5.417756e-02 -2.488375e-01 -5.866191e-01 -1.021751e-01 5.651449e-01 6.899861e-01 -1.377942e-01 4.765733e-01 1.156288e+00 9.510526e-01 2.926613e-01 4.454892e-02 1.100303e-06 
-5.894783e+00 1.610473e+00 -7.934368e+00 6.665751e+00 5.217194e+00 7.240389e+00 6.372028e-01 -7.127001e-01 4.388603e+00 5.185076e+00 4.736530e+00 -1.327554e+00 -1.512926e-01 -9.271938e-02 -1.187303e-01 -1.100442e+00 -1.128013e+00 8.148953e-01 1.451006e+00 -3.054512e-01 -9.674987e-01 1.669959e+00 1.578294e+00 2.412448e-01 -1.050432e+00 -3.755435e-06 1.887811e-01 -5.632715e-01 -2.818796e-01 3.952752e-01 -1.471157e-01 -1.557055e-01 2.910317e-01 1.304774e+00 1.415505e-01 -2.748945e-01 -1.297653e-01 2.585590e-01 1.100303e-06 
-5.409910e+00 1.468537e+00 -9.634862e+00 4.632786e+00 5.409632e+00 9.403716e+00 -9.950770e-01 5.070013e+00 6.657640e+00 4.991669e+00 3.322938e+00 -1.170566e+00 -1.512926e-01 1.248158e-01 -1.914831e-01 -8.204708e-01 2.680798e-01 6.105442e-01 -4.832000e-01 -9.882234e-01 1.339249e+00 1.975538e+00 1.170251e+00 1.129893e+00 3.866994e-01 -3.755435e-06 3.039259e-01 -6.681231e-01 2.360708e-01 4.863360e-01 -1.057397e+00 -8.617449e-01 7.740685e-01 1.064409e+00 -6.142555e-01 -7.566334e-01 -2.436463e-01 4.094501e-01 1.100303e-06 
-4.047494e+00 6.836906e-01 -8.105296e+00 8.345887e+00 3.443740e+00 3.608755e+00 -2.826143e+00 4.806481e+00 4.852896e+00 1.640697e+00 1.622341e+00 -1.997254e+00 -1.512926e-01 6.767935e-01 -1.712035e+00 -1.643328e-01 6.943637e-01 -2.344380e+00 -1.413567e+00 1.356428e+00 2.726229e+00 1.892762e-01 -6.238303e-01 -4.100217e-01 -1.676110e-01 -3.755435e-06 9.564774e-02 -2.841648e-01 2.924265e-01 1.253274e-01 -9.323376e-01 -4.124134e-01 8.230772e-01 5.586323e-01 -5.114864e-01 -5.314170e-01 -4.386258e-01 1.714273e-01 1.100303e-06 
-4.277467e+00 1.707896e+00 -9.386438e+00 9.766653e+00 3.438106e+00 1.819670e+00 -2.856577e+00 8.216361e+00 7.186183e+00 3.847901e+00 5.225095e+00 5.582968e-01 -1.512926e-01 7.508712e-01 -2.095988e+00 3.117654e-01 4.278198e-01 -3.508170e+00 -1.518257e+00 2.970338e+00 1.934695e+00 -6.580225e-01 -5.725440e-01 -7.959942e-01 -1.973690e-01 -3.755435e-06 -1.478979e-01 2.354910e-01 1.007540e-01 -3.963062e-01 -2.444100e-03 3.594567e-01 1.645232e-01 -5.196196e-01 -2.370416e-01 -3.347880e-01 -6.445912e-01 -4.372624e-02 1.100303e-06 
-3.076676e+00 -7.069450e+00 -8.879698e+00 7.570925e+00 -5.519008e+00 3.964605e+00 8.349792e+00 1.134493e+01 5.070799e+00 2.637743e+00 1.735178e+00 -3.030030e+00 -1.512926e-01 7.237133e-02 -5.873439e-01 -2.044680e-01 -5.811326e-01 -1.787519e+00 -9.364053e-02 1.830634e+00 1.527862e+00 4.295025e-01 -2.072703e-01 -9.889804e-01 9.885835e-02 -3.755435e-06 -3.970197e-01 1.038775e+00 -1.369618e-02 -4.720907e-01 1.208843e+00 5.757878e-01 -1.135082e+00 -1.099936e+00 9.682035e-02 -1.023078e-01 -3.276488e-01 2.767144e-02 1.100303e-06 
-2.140702e+00 -5.134839e+00 -7.688692e+00 7.158766e+00 -7.650059e+00 1.634474e+00 8.268891e+00 1.147391e+01 3.258478e+00 1.630087e+00 -7.133016e-01 -1.641194e+00 -1.512926e-01 -3.125490e-01 4.235665e-01 -2.966003e-01 -1.075637e+00 3.198640e-01 6.541252e-01 -4.026733e-01 -6.596800e-01 6.702037e-01 -7.118965e-01 -1.803581e+00 3.483356e-02 -3.755435e-06 -3.230609e-01 8.908041e-01 1.585324e-01 -1.890062e-01 1.205009e+00 3.806770e-01 -1.362330e+00 -8.511304e-01 7.843451e-04 -1.422793e-01 3.428161e-03 -1.824509e-01 1.311372e-03 
-4.754300e+00 1.168708e+00 -9.976170e+00 6.743457e+00 5.012987e-02 3.232804e+00 7.647187e-01 1.081717e+01 8.964257e+00 1.713149e+00 -3.536514e-01 -4.033333e-01 -1.512926e-01 -7.766822e-01 2.222012e+00 7.144142e-02 -9.144056e-01 1.785903e+00 3.793479e-01 -2.632479e+00 -1.476259e+00 9.367744e-03 -1.065846e+00 -1.544499e+00 -1.453376e-01 -3.755435e-06 4.971384e-01 -1.926366e-01 7.789584e-01 -2.538932e-01 -1.277858e-01 -2.814400e-01 -2.545787e-01 -5.741410e-01 -5.404665e-01 -1.587182e-01 3.535028e-01 -1.377187e-01 3.384073e-02 
-5.001427e+00 -2.934831e-01 -1.032078e+01 4.801850e+00 2.252641e+00 5.456009e+00 -1.077134e+00 5.181910e+00 8.590882e+00 7.509648e-01 -2.748541e+00 -5.810294e-01 -1.512926e-01 -4.398360e-01 9.533967e-01 9.664409e-01 -3.507493e-01 7.302189e-01 1.485726e-01 -1.609604e+00 -8.189769e-01 -4.441080e-01 -8.547117e-01 -5.010483e-01 -9.874891e-01 6.560649e-03 1.293712e+00 -1.047600e+00 1.324336e+00 -7.704017e-01 -1.096016e+00 -9.853098e-01 1.073615e+00 -1.324345e-02 -5.643672e-01 -1.837203e-02 5.699290e-01 8.736008e-02 7.137136e-02 
-5.529721e+00 1.620131e+00 -7.206134e+00 4.178099e+00 -1.540968e+00 3.950491e+00 -1.398348e-01 7.109597e+00 2.451420e+00 -2.251693e+00 -4.969857e+00 -4.286595e+00 -1.512926e-01 2.621608e+00 -1.815489e+00 3.058835e+00 -2.213015e+00 -2.631561e+00 -1.248055e+00 1.161167e+00 -1.263280e+00 -1.715721e+00 -9.293949e-01 1.272752e-01 -7.851738e-02 1.659189e-01 1.574237e+00 -1.501042e+00 1.342396e+00 -1.405936e+00 -8.496105e-01 -1.309171e+00 1.677666e+00 6.351096e-02 -2.122352e-01 1.033689e-01 2.276564e-01 2.404009e-01 8.713666e-02 
-3.952343e+00 -5.937320e-01 -4.241536e+00 6.687803e+00 -3.203525e+00 2.018552e+00 6.730306e-01 9.232492e+00 4.294653e+00 -6.610877e-01 -9.103947e-01 -4.636977e+00 -1.185109e-01 4.457054e+00 -2.795605e+00 4.831448e+00 -4.278264e+00 -2.951503e+00 -3.458788e+00 3.068611e+00 -8.324701e-01 -1.289127e+00 -8.718383e-01 2.101848e-01 4.380996e-01 2.738887e-01 8.486874e-01 -8.998305e-01 8.070177e-01 -1.514114e+00 3.281820e-01 -1.140467e+00 1.184322e+00 -1.042973e-02 -1.132855e-01 2.114320e-01 -4.186836e-01 1.585748e-01 5.974208e-02 
7.829081e+00 -7.758553e+00 2.278491e+00 -5.264792e+00 -1.037948e+01 -1.288455e+00 5.695845e+00 2.475478e+00 2.533853e+00 -2.228048e+00 -6.361912e-01 1.231672e+00 6.619064e-01 4.646072e+00 -3.408608e+00 4.850947e+00 -5.980416e+00 -6.212981e-01 -4.362781e+00 3.416650e+00 -1.152035e+00 -6.293359e-01 -5.405370e-01 -7.618695e-01 3.439561e-01 3.020160e-01 -7.720966e-01 1.610007e-01 -2.364315e-01 -2.968361e-01 1.432085e+00 -2.864144e-01 1.284474e-01 3.068280e-01 6.559585e-02 3.980787e-01 -5.304653e-01 -3.557995e-01 -2.123272e-02 
1.060430e+01 -9.581882e+00 9.094209e+00 -1.186825e+01 -8.085639e+00 -9.218513e+00 1.134853e+01 3.336837e+00 2.103806e+00 -3.620092e+00 -3.864409e+00 -1.149523e+00 8.115670e-01 2.791178e+00 -2.749182e+00 4.105439e+00 -6.037640e+00 1.366021e+00 -3.996367e+00 3.184157e+00 -9.268251e-01 -1.553765e+00 7.982029e-03 -2.149880e+00 -4.059456e-01 2.372211e-01 -1.631330e+00 7.329411e-01 -1.016795e+00 9.281546e-01 1.081282e+00 8.619714e-01 -6.381397e-01 2.857943e-01 4.366389e-02 4.643013e-01 -9.344936e-02 -4.476423e-01 -6.822451e-02 
1.042231e+01 -1.092859e+01 1.038085e+01 -1.644610e+01 -2.206347e+00 -1.224495e+01 1.160588e+01 4.297195e+00 4.002853e-01 -3.474582e+00 -7.302225e+00 -4.310310e+00 8.937495e-01 -4.060749e-01 -1.033722e+00 2.239882e+00 -2.817678e+00 2.370180e+00 -2.411485e+00 1.745783e+00 3.180400e-01 -1.255406e+00 6.209831e-01 -1.344970e+00 -1.435482e+00 7.808327e-02 -1.489575e+00 1.004256e+00 -1.071136e+00 1.509799e+00 4.848354e-02 1.436773e+00 -9.326292e-01 2.505076e-01 1.571825e-01 4.157069e-01 4.650396e-01 -1.295315e-01 -7.487723e-02 
8.706891e+00 -1.275444e+01 1.223413e+01 -1.790992e+01 -4.598753e-01 -1.248489e+01 1.363843e+01 3.687516e+00 -2.407599e+00 2.194994e-03 -8.326989e+00 -3.895463e+00 9.516708e-01 -1.173512e+00 -3.183818e-01 1.053048e+00 -1.218788e+00 9.591660e-01 -1.247245e-01 7.134551e-01 -1.384947e-01 -7.577605e-01 8.689912e-01 3.442647e-02 -9.103888e-01 4.473054e-02 -6.775447e-01 8.980311e-01 -7.512203e-01 1.218653e+00 -6.646649e-01 1.221236e+00 -9.684620e-01 1.063624e-01 4.969900e-01 2.198426e-01 7.286976e-01 2.515153e-01 -5.097837e-02 
6.747296e+00 -1.134096e+01 1.190766e+01 -1.633269e+01 -2.341557e+00 -1.171288e+01 1.327938e+01 3.890394e+00 -1.487498e+00 -9.342219e-01 -5.129437e+00 -4.572512e+00 9.822916e-01 -8.195118e-01 3.974239e-01 1.021363e+00 -8.407799e-01 -1.755561e-01 8.851696e-01 -1.110046e-02 -2.937145e-01 -2.414023e-01 1.107360e+00 4.712546e-01 -5.155482e-02 2.387794e-02 1.312086e-01 5.374090e-01 -2.254054e-01 3.543725e-01 -7.429934e-01 5.514452e-01 -8.053915e-01 -1.952584e-01 5.993261e-01 7.890175e-02 4.286537e-01 4.112339e-01 -1.839215e-02 
6.574147e+00 -1.096765e+01 1.359607e+01 -1.801913e+01 -3.221909e+00 -1.010814e+01 1.407876e+01 2.847769e+00 -7.410523e-01 -5.455892e-01 -4.778718e+00 -5.570216e+00 9.909350e-01 -3.897952e-01 1.025405e+00 9.584789e-01 -9.326723e-01 -6.844895e-01 4.615658e-01 -7.797737e-01 -8.908445e-02 4.240882e-01 8.639374e-01 5.853898e-01 1.598172e-01 9.434618e-03 2.319237e-01 3.785367e-01 3.349081e-02 8.691274e-02 -4.090985e-01 -1.613149e-01 -6.601158e-01 -2.073897e-01 5.475871e-01 -1.425170e-02 1.930548e-01 2.428707e-01 -1.051816e-02 
7.391114e+00 -9.834679e+00 1.480686e+01 -2.059551e+01 -1.703161e+00 -9.007228e+00 1.133004e+01 3.248645e+00 -1.639939e+00 2.336113e+00 -6.720175e+00 -3.730794e+00 9.934999e-01 -1.419953e-01 9.814001e-01 1.160130e+00 -1.188778e+00 -5.230113e-01 5.262928e-02 -1.534675e+00 -6.827834e-01 1.150371e+00 1.018077e+00 5.228556e-01 8.569269e-02 3.768328e-03 7.520145e-02 2.143753e-01 1.308683e-01 1.630455e-01 -1.555499e-01 -4.521024e-01 -3.617366e-01 -3.998292e-01 3.589408e-01 -1.345484e-01 2.399017e-01 -5.763347e-03 -5.415515e-03 
6.436110e+00 -8.380886e+00 1.557686e+01 -2.044220e+01 -4.201594e+00 -1.152983e+01 1.071442e+01 3.563071e+00 -2.109940e-01 2.686550e+00 -4.604550e+00 -3.517358e+00 9.932364e-01 -3.527564e-01 1.282366e+00 1.151193e+00 -6.102101e-01 -9.124644e-01 -5.149568e-01 -1.825291e+00 -9.808948e-01 1.284305e+00 8.423187e-01 9.739299e-01 2.352943e-01 2.192544e-03 -1.289367e-02 1.171544e-01 1.570702e-01 3.091407e-01 6.938728e-02 -2.566741e-01 -8.810484e-02 -5.471570e-01 -7.973784e-02 -1.066406e-01 1.490418e-01 -4.674498e-02 -2.901276e-03 
6.106428e+00 -7.727478e+00 1.671785e+01 -2.106490e+01 -4.466678e+00 -1.073900e+01 7.288445e+00 1.190289e-01 3.999166e+00 2.540130e+00 -2.602358e+00 -5.170734e+00 9.999999e-01 -4.620156e-01 1.340698e+00 1.579356e+00 -1.869086e-01 -8.392597e-01 -8.870230e-01 -1.297047e+00 -1.846884e+00 1.123300e+00 4.454121e-01 1.476522e+00 -1.181947e-01 4.208081e-04 -3.857382e-02 1.527240e-01 1.701093e-02 4.081133e-01 2.000962e-01 6.331132e-03 1.427902e-01 -3.550404e-01 -5.490109e-01 -1.114405e-01 -7.676082e-02 4.829947e-02 -3.143552e-03 
5.452961e+00 -5.609778e+00 1.839636e+01 -2.083493e+01 -6.402326e+00 -1.181724e+01 6.972929e+00 -4.916958e-01 2.860556e+00 3.563853e+00 -1.967612e+00 -3.674011e+00 9.986297e-01 -2.941934e-01 1.431407e+00 1.534346e+00 1.120678e-01 -1.794448e-01 -3.521357e-01 -1.339180e+00 -2.242845e+00 3.881422e-02 6.171460e-01 8.536655e-01 2.789002e-02 -3.400263e-03 1.425391e-02 9.854186e-02 -1.853320e-01 3.311844e-01 3.702720e-01 2.625099e-01 8.955159e-02 -1.649533e-01 -6.290212e-01 -1.164104e-01 -3.151586e-01 5.945965e-02 -3.806105e-03 
5.572237e+00 -4.516704e+00 2.129391e+01 -2.133372e+01 -4.799367e+00 -1.329881e+01 6.715587e+00 -3.958744e+00 2.440510e+00 4.124370e+00 -6.558409e-01 -4.243507e+00 9.929026e-01 -3.640101e-01 1.670412e+00 1.053699e+00 4.906346e-01 1.109437e-01 2.841030e-03 -1.063620e+00 -1.826984e+00 -9.719599e-01 5.735340e-01 1.992516e-01 4.307953e-01 -9.148200e-03 5.155799e-03 6.244736e-02 -4.102804e-01 2.644563e-01 2.513466e-01 4.020561e-01 -1.188325e-01 1.674338e-01 -5.027058e-01 -7.210625e-02 -4.799798e-01 1.475061e-01 -2.997692e-03 
5.232102e+00 -2.829011e+00 2.096029e+01 -1.974757e+01 -4.932502e+00 -1.201014e+01 4.305113e+00 -5.612442e+00 7.621433e-01 4.980150e+00 -1.309344e+00 -3.841353e+00 9.797794e-01 -3.305767e-01 1.610126e+00 4.874179e-01 7.070385e-01 4.637459e-01 3.527044e-01 -1.494409e+00 -1.815723e+00 -8.132339e-01 1.962810e-01 3.674562e-02 2.581088e-01 -1.206299e-02 -1.252008e-03 -5.370911e-02 -3.789014e-01 1.175649e-01 7.943560e-02 2.772742e-01 -1.713904e-01 3.429450e-01 -1.970758e-01 -1.279643e-01 -3.454569e-01 1.285704e-01 -4.760365e-04 
4.396909e+00 -7.654827e-01 2.070418e+01 -1.915532e+01 -4.646662e+00 -1.062865e+01 3.304249e+00 -6.455674e+00 1.887469e-01 4.699740e+00 -1.935457e+00 -2.933165e+00 9.636696e-01 -4.180934e-01 1.563702e+00 5.145505e-02 8.378873e-01 9.568058e-02 7.709257e-01 -1.813619e+00 -1.223286e+00 -9.641709e-01 2.952034e-01 -5.149632e-01 5.042886e-01 -1.024227e-02 5.470625e-02 -1.755180e-01 -1.609876e-01 -5.540074e-02 8.290253e-03 1.196827e-01 -1.692998e-01 3.871802e-01 -5.540400e-02 -1.204883e-01 -1.387568e-01 8.406692e-02 2.055508e-03 
4.387795e+00 5.652707e-01 2.112848e+01 -1.838876e+01 -4.159489e+00 -1.138868e+01 1.206979e+00 -8.321662e+00 -7.976750e-02 4.257451e+00 -1.144108e+00 -3.038714e+00 9.529356e-01 -2.735434e-01 1.216312e+00 1.409875e-01 5.262360e-01 2.253687e-01 6.502228e-01 -1.821089e+00 -8.299462e-01 -9.504925e-01 1.163569e-01 -5.164540e-01 6.339613e-01 -5.229152e-03 9.232154e-02 -1.991369e-01 -8.321451e-03 -1.166055e-01 1.301175e-02 1.834365e-02 3.008505e-03 4.116272e-01 -5.315961e-02 -1.942719e-01 -3.379744e-02 9.220836e-02 2.389256e-03 
3.903727e+00 1.604594e+00 2.146704e+01 -1.782329e+01 -4.707151e+00 -9.755281e+00 -8.036106e-01 -8.720446e+00 -1.959368e+00 5.961735e+00 -3.313025e+00 -2.123512e+00 9.551141e-01 -1.189416e-01 9.897732e-01 4.220966e-01 3.042403e-01 2.716442e-01 4.524155e-01 -1.746626e+00 -3.839925e-01 -1.180365e+00 1.107043e-02 -2.179465e-01 6.632684e-01 -2.281702e-03 1.564974e-01 -1.592472e-01 7.419652e-02 -1.854733e-01 9.339833e-02 -6.627314e-02 1.830473e-01 2.178039e-01 1.210361e-01 -4.258600e-01 2.193996e-01 -1.343798e-01 1.716829e-04 
4.110917e+00 2.067355e+00 2.128347e+01 -1.778181e+01 -3.775502e+00 -9.195417e+00 -2.746397e+00 -8.629812e+00 -2.916140e+00 4.931040e+00 -3.202867e+00 -1.076374e+00 9.579074e-01 -1.842309e-02 9.013906e-01 2.605807e-01 3.909137e-01 4.409970e-01 6.036641e-01 -1.512966e+00 -1.771297e-01 -9.710100e-01 -6.330019e-01 -2.807292e-01 6.396424e-01 -4.094262e-03 2.231191e-01 -7.187749e-02 3.716618e-02 -1.265575e-01 -1.034116e-01 -2.208614e-02 2.411479e-01 1.166486e-01 2.749929e-01 -4.355449e-01 2.642173e-01 -3.669597e-01 -2.468639e-03 
3.940715e+00 3.432543e+00 2.273664e+01 -1.793827e+01 -3.480767e+00 -9.462732e+00 -3.452165e+00 -8.221617e+00 -4.294776e+00 4.418421e+00 -1.995895e+00 -5.980642e-01 9.497558e-01 2.366972e-01 9.249282e-01 3.627875e-01 -2.176329e-02 4.548991e-01 4.627768e-01 -1.052532e+00 -4.606802e-01 -3.487394e-01 -1.459477e+00 4.642143e-01 -1.704967e-01 -9.956503e-03 2.814252e-01 -3.683271e-02 -7.684930e-02 -3.519820e-02 -3.870648e-01 2.173043e-02 2.739662e-01 1.588543e-01 2.713704e-01 -1.794048e-01 1.162945e-01 -4.916884e-01 -3.595967e-03 
4.277366e+00 4.158599e+00 2.179625e+01 -1.637732e+01 -2.567798e+00 -8.516651e+00 -5.033592e+00 -9.456661e+00 -3.766840e+00 1.864116e+00 -3.206142e+00 -6.034085e-01 9.351570e-01 6.642286e-01 8.892961e-01 3.564503e-01 5.652232e-02 -3.833098e-01 5.346334e-01 -9.623131e-01 -2.083873e-01 8.702824e-03 -1.326114e+00 4.634688e-01 -7.839624e-01 -1.374492e-02 3.144426e-01 -7.720687e-02 -1.086630e-01 4.048670e-02 -5.436814e-01 -8.717597e-02 3.304623e-01 3.534157e-01 -4.682022e-02 2.320336e-01 2.378567e-03 -4.781041e-01 -2.982859e-03 
5.004273e+00 5.183645e+00 2.302463e+01 -1.863500e+01 -3.036291e+00 -7.780573e+00 -4.923028e+00 -1.061049e+01 -3.277998e+00 1.977239e-01 -9.904824e-01 -3.212402e+00 9.167107e-01 9.467731e-01 8.116125e-01 -1.012898e-02 2.952934e-01 -1.251559e+00 5.955904e-01 -6.519727e-01 4.259853e-01 -3.132137e-01 -5.395075e-01 -8.560599e-03 -1.083436e+00 -1.543501e-02 2.475275e-01 -2.052737e-01 -1.461676e-01 2.133528e-01 -4.287109e-01 -1.399887e-01 3.032838e-01 5.012509e-01 -3.247300e-01 3.728895e-01 -2.791925e-01 -2.379316e-01 -1.425366e-03 
6.900076e+00 5.638007e+00 2.292185e+01 -1.715071e+01 -5.913966e+00 -7.363562e+00 -6.822667e+00 -8.477132e+00 -3.381343e+00 4.105322e-01 -1.387944e+00 -3.689376e+00 9.057132e-01 1.198834e+00 5.720493e-01 -9.641161e-02 4.349028e-01 -1.424217e+00 1.013410e-01 -6.093700e-02 1.146753e+00 -1.222825e+00 6.722321e-02 -3.249752e-02 -1.294357e+00 -1.626780e-02 8.498436e-02 -2.487163e-01 -1.601972e-01 2.086256e-01 -5.805289e-02 -1.086080e-01 1.961746e-01 2.303503e-01 -2.500747e-01 4.950723e-02 -2.649530e-01 6.119771e-02 -5.947026e-04 
7.363238e+00 6.750398e+00 2.212382e+01 -1.607489e+01 -8.065180e+00 -7.061175e+00 -5.817564e+00 -6.581514e+00 -6.053758e+00 2.447671e+00 -2.948016e+00 -4.472308e+00 8.873021e-01 1.207138e+00 5.710451e-02 -1.415841e-01 8.555947e-01 -1.168146e+00 -2.057290e-02 1.317588e-02 1.368080e+00 -1.356664e+00 -2.917802e-01 -6.837640e-01 -1.105078e+00 -1.581874e-02 -8.171646e-02 -1.627194e-01 -2.539389e-01 2.652524e-01 3.120402e-01 -6.341553e-02 -1.710014e-01 -3.442007e-01 2.217577e-01 -2.803316e-01 -4.936642e-02 3.353996e-01 -1.942044e-04 
9.092055e+00 6.235566e+00 2.176438e+01 -1.548317e+01 -7.174449e+00 -8.369093e+00 -4.891052e+00 -5.737585e+00 -8.492814e+00 1.075331e+00 -2.389784e+00 -6.445002e+00 8.685396e-01 9.590101e-01 2.296093e-02 -3.788207e-01 8.196206e-01 -7.153074e-01 2.996866e-01 -3.138545e-01 4.721921e-01 -7.199551e-01 -1.202578e+00 -5.235771e-01 -4.671749e-01 -1.652091e-02 -3.481052e-01 1.650156e-02 -3.758584e-01 2.215134e-01 4.721273e-01 -5.674779e-02 -4.466752e-01 -7.461466e-01 6.100361e-01 -1.960135e-01 5.930155e-02 4.587561e-01 -1.170728e-03 
9.943599e+00 5.170627e+00 2.289492e+01 -1.519072e+01 -8.246647e+00 -7.380670e+00 -5.823343e+00 -5.140455e+00 -7.505735e+00 -1.593564e+00 -3.908472e+00 -7.359870e+00 8.561894e-01 6.581101e-01 2.725719e-01 -1.138465e+00 1.429130e+00 -4.567359e-02 1.792529e-01 -1.380497e+00 -9.577914e-01 5.441538e-01 -1.306274e+00 -9.803000e-03 1.798362e-01 -1.626780e-02 -6.988715e-01 3.558060e-01 -4.298823e-01 1.472716e-01 5.379862e-01 -2.363005e-01 -1.081848e-01 -7.338769e-01 6.052717e-01 2.759555e-01 2.155161e-01 3.226843e-01 -4.310436e-03 
1.040489e+01 6.542953e+00 2.064207e+01 -1.349483e+01 -9.399792e+00 -5.705781e+00 -8.389455e+00 -6.836680e+00 -6.255295e+00 -3.581593e+00 -3.525599e+00 -4.581197e+00 8.386567e-01 -2.670971e-01 5.468370e-01 -1.477259e+00 1.255783e+00 3.751808e-01 -2.821631e-01 -1.597466e+00 -1.421024e+00 8.768990e-01 -4.056767e-01 -7.308261e-02 3.569414e-01 -2.189327e-02 -8.600938e-01 5.457665e-01 -2.878471e-01 2.554995e-01 6.254752e-01 -2.131751e-01 5.694768e-01 -8.759928e-02 4.026865e-01 6.650507e-01 -3.785587e-02 -1.463660e-02 -1.025363e-02 
9.997206e+00 7.959372e+00 1.699266e+01 -9.922971e+00 -7.180973e+00 -7.497005e+00 -1.097098e+01 -1.082103e+01 -4.451763e+00 -1.755140e+00 -2.429381e+00 -4.505041e+00 8.208956e-01 -1.674356e+00 1.574121e+00 -1.741631e+00 1.373957e+00 9.766651e-01 -9.112443e-01 1.140161e-01 -1.354820e+00 8.711047e-01 6.894895e-01 1.686057e-01 9.642360e-02 -3.468733e-02 -6.276029e-01 4.756366e-01 -5.049706e-01 8.595854e-01 3.880281e-01 2.800259e-01 7.568085e-01 6.668910e-01 -3.449579e-02 1.616907e-01 -2.659326e-01 -4.619611e-02 -2.305968e-02 
7.729908e+00 7.575557e+00 1.732957e+01 -1.183833e+01 -5.831535e+00 -9.721921e+00 -1.030450e+01 -1.000220e+01 -5.635227e+00 -8.720770e-01 -3.494934e+00 -6.087940e+00 7.767124e-01 -2.175200e+00 2.100975e+00 -1.516419e+00 2.124753e+00 1.900911e+00 -2.209370e-01 1.786283e+00 2.328099e-01 1.130044e+00 1.124767e+00 -8.019577e-01 -4.986463e-01 -5.857719e-02 -2.893099e-01 -9.904930e-02 -1.054300e+00 1.376193e+00 -2.322678e-02 7.540175e-01 2.893300e-01 8.675871e-01 -2.277490e-01 -5.112401e-01 7.731958e-02 5.484007e-02 -4.199435e-02 
2.909589e+00 1.252483e+01 1.584287e+01 -9.149583e+00 -5.147475e+00 -9.928929e+00 -4.295850e+00 -1.033162e+01 -3.460139e+00 4.990507e-01 -3.080800e+00 -6.124681e+00 7.136965e-01 -1.525982e+00 1.873506e+00 -3.643749e+00 5.292525e+00 1.131533e+00 1.548699e+00 7.115877e-01 1.549800e+00 2.451296e-01 -1.263036e+00 -9.749827e-01 3.765997e-01 -1.132234e-01 -2.663866e-02 -1.090921e+00 -1.234591e+00 9.808007e-01 -1.652350e-01 1.248171e+00 -3.645079e-01 7.364958e-01 -2.720461e-01 -5.503195e-01 5.823143e-01 2.423676e-01 -5.307233e-02 
3.072554e+00 1.476515e+01 1.363454e+01 -3.258079e+00 -9.117637e-01 -5.594150e+00 -2.795323e+00 -5.917456e+00 -1.101092e+00 9.152697e-01 -7.209930e+00 -6.264634e+00 5.993472e-01 -1.787767e+00 -9.807666e-02 -5.797728e+00 6.177525e+00 1.816208e-01 2.258114e+00 -4.497087e-01 1.464667e+00 5.125774e-02 -1.985722e+00 8.853053e-01 4.910327e-01 -1.925923e-01 -1.153208e-01 -1.607105e+00 -7.589267e-01 -1.935842e-01 -1.614417e-01 9.690785e-01 -2.391663e-01 5.853856e-01 -9.666916e-02 1.265617e-01 9.996328e-01 2.792328e-01 -4.018717e-02 
4.696034e+00 1.373255e+01 6.214160e-01 1.224958e+01 -3.983063e+00 -1.817097e+00 -1.116784e+01 -5.114659e+00 -5.493393e+00 -8.963943e+00 -5.446811e+00 -2.533683e+00 3.434712e-01 -2.001260e+00 -2.780813e+00 -5.774004e+00 4.251513e+00 1.010108e+00 4.090053e+00 -5.905815e-01 1.711718e+00 5.021286e-02 -5.068453e-01 2.236458e+00 8.134111e-01 -2.330483e-01 -2.202914e-01 -1.371239e+00 5.460665e-01 -1.621297e+00 4.435561e-01 2.263665e-01 6.189230e-01 4.031400e-01 3.096824e-01 9.751374e-01 6.445901e-01 2.750248e-01 -8.493403e-04 
-2.102106e+00 6.481224e+00 -4.048623e+00 8.350088e+00 -5.505369e+00 -2.487309e+00 -9.116796e+00 -5.287210e+00 -4.362056e+00 -6.069509e+00 2.114478e+00 -5.428259e+00 -1.140024e-03 -2.514123e+00 -3.607330e+00 -4.245940e+00 1.677221e+00 1.154281e+00 3.353725e+00 1.241699e+00 3.078701e+00 7.441049e-01 1.379607e+00 2.590459e+00 6.791394e-01 -1.996057e-01 1.715142e-01 -3.607950e-01 1.355320e+00 -1.751171e+00 6.814875e-01 -4.155886e-01 8.427682e-01 4.049850e-01 4.176491e-01 8.627416e-01 -2.912978e-01 3.492126e-01 4.442179e-02 
-4.509316e+00 2.762757e+00 -4.185476e+00 6.304522e+00 2.199861e+00 8.967886e+00 -4.087818e+00 -2.087877e+00 -1.578417e+00 1.456991e+00 3.439646e+00 -2.475564e+00 -1.512926e-01 -2.264356e+00 -3.228122e+00 -1.689309e+00 -5.637980e-01 2.862878e+00 2.132702e+00 2.960535e+00 2.758457e+00 1.447021e+00 1.929904e+00 1.395352e+00 1.657637e+00 -1.139664e-01 5.426290e-01 6.039457e-01 1.244821e+00 -1.134296e+00 9.820054e-02 -1.238737e+00 3.690663e-01 -7.389972e-02 1.057979e-01 -1.221278e-02 -9.550961e-01 -3.727712e-02 6.356660e-02 
-4.895285e+00 2.213490e+00 -5.191812e+00 8.100693e+00 1.768136e+00 5.782347e+00 -1.271218e-01 7.962590e+00 6.621323e-01 2.602578e+00 1.299310e+00 -2.898094e+00 -1.512926e-01 -7.985341e-01 -1.678543e+00 -1.063395e+00 -1.706923e-01 2.662708e+00 1.158736e+00 1.988664e+00 2.966096e+00 1.441037e+00 1.109512e+00 -1.506912e-01 1.814903e+00 -3.003346e-02 6.754320e-01 8.809932e-01 8.005760e-01 -5.499650e-01 -5.774583e-01 -1.341505e+00 -4.999138e-01 -7.580472e-01 -2.296784e-01 -3.423065e-01 -9.330546e-01 -4.413761e-01 5.131679e-02 
-5.228719e+00 -2.745863e-01 -7.253400e+00 9.554536e+00 6.694430e+00 4.711804e+00 -8.598563e-01 2.052991e+00 -7.704495e-01 -3.650104e+00 1.937630e+00 4.489323e+00 -1.512926e-01 -1.458194e-01 -7.255929e-01 -1.141228e+00 -4.959504e-01 7.469403e-01 -1.006111e+00 8.811720e-01 1.398463e+00 2.307863e-01 -4.329108e-01 -1.168383e+00 5.918102e-02 -3.755435e-06 4.428922e-01 8.107017e-01 3.750235e-01 -1.075989e-01 -1.212520e+00 -8.710586e-01 -8.714656e-01 -7.046328e-01 -2.894105e-01 -2.346257e-01 -3.764199e-01 -8.178033e-01 2.579615e-02 
-5.734767e+00 -3.930061e-01 -7.832140e+00 5.871887e+00 5.560854e+00 5.434623e+00 -7.878156e-01 7.472825e+00 2.439297e+00 2.031755e+00 2.112096e+00 1.638247e-01 -1.512926e-01 -1.962971e-01 -4.535606e-01 -5.171004e-01 -1.106578e+00 -6.750594e-01 -1.784423e+00 -2.182664e-01 -3.152012e-02 2.039045e-01 8.496185e-01 -7.930124e-01 -7.284141e-01 -3.755435e-06 6.116297e-02 4.663101e-01 4.586085e-01 6.392364e-02 -1.071884e+00 3.369003e-02 -3.358223e-01 -8.193031e-01 -2.802755e-01 -2.839847e-01 3.253690e-02 -5.352314e-01 6.006101e-03 
-4.818627e+00 4.376125e-01 -8.571366e+00 4.939411e+00 4.038252e+00 4.111308e+00 6.483749e-01 5.149491e+00 -1.312630e+00 -4.219058e-01 -2.808681e+00 -3.710419e+00 -1.512926e-01 -3.510082e-01 2.128439e-01 -8.747461e-02 -6.340686e-01 -1.530865e+00 -7.509800e-01 -2.933130e-01 7.340952e-01 6.185299e-01 8.868665e-01 -1.656829e-01 -1.159725e+00 -3.755435e-06 -3.417151e-02 2.033128e-01 4.904222e-01 3.387479e-01 -3.235869e-01 9.587594e-01 2.179563e-01 -5.771393e-01 2.921320e-02 -2.114754e-01 4.514998e-01 1.539552e-01 1.100303e-06 
-6.081871e+00 -4.102232e-01 -7.118746e+00 4.875356e+00 -2.790014e-01 -2.839737e+00 -1.972442e+00 6.256952e+00 1.952880e+00 5.236611e+00 -2.926180e-01 -2.440159e+00 -1.512926e-01 -3.902323e-01 1.838172e-01 7.027183e-01 2.179398e-01 -1.557794e+00 1.199777e+00 8.969283e-01 -7.982033e-01 -1.542027e-01 -9.701993e-01 -4.892868e-01 -2.518352e-01 -3.755435e-06 2.273257e-01 -1.149163e-01 1.731153e-01 -1.205863e-01 3.311683e-01 5.321829e-01 5.421039e-01 -6.886269e-01 6.138271e-02 -4.533430e-01 2.448698e-01 3.150460e-01 2.461691e-02 
-6.810118e+00 7.983311e-01 -8.047038e+00 6.883119e+00 1.960277e+00 5.094171e+00 -1.734361e+00 6.331550e+00 2.565675e+00 -8.184203e-01 2.311273e+00 -7.525130e-03 -1.512926e-01 -2.196786e-01 -2.774275e-02 7.010934e-01 5.353693e-01 -4.296826e-01 2.295657e+00 1.413384e+00 -1.103789e+00 5.559324e-01 -5.804991e-01 9.372376e-01 5.906770e-01 -3.755435e-06 3.407586e-01 -2.873948e-01 -2.692331e-01 -8.396177e-01 5.194230e-01 -9.801238e-01 3.924524e-01 -9.537617e-01 1.996289e-01 4.283824e-02 -1.595434e-02 2.157478e-01 5.096079e-02 
-6.690307e+00 3.460681e-01 -4.581195e+00 5.990021e+00 -1.188708e+00 1.094217e+01 4.887988e+00 2.890646e+00 -2.710007e-01 -2.621228e+00 -2.894425e+00 -2.947194e+00 -1.512926e-01 8.747712e-01 -9.078470e-01 -4.587696e-02 -2.294283e+00 4.301086e-01 -6.468284e-01 1.638757e+00 -2.555808e+00 5.420641e-01 -6.835394e-01 -1.202110e-01 -2.846983e-02 1.230870e-01 1.775796e-01 1.939056e-01 -5.254815e-01 -1.014076e+00 5.823360e-01 -1.876829e+00 -3.423420e-02 -5.399613e-01 3.804789e-01 4.483298e-01 -5.073550e-03 1.651154e-01 5.925506e-02 
-5.612812e+00 -7.889961e-02 -6.335002e+00 7.059008e+00 2.344560e+00 8.698860e+00 4.285080e+00 1.313637e+00 2.579010e+00 6.045454e-01 3.178245e+00 -5.035378e-01 -1.512926e-01 7.202786e-01 -6.784245e-01 -1.059332e+00 -3.575930e+00 7.225118e-02 -4.728388e+00 1.297838e+00 -3.155914e+00 1.268537e+00 9.577126e-01 -4.299829e-01 -1.927701e-01 1.932543e-01 -1.319028e-01 7.320529e-01 -1.528069e-01 -3.306231e-01 1.978767e-01 -1.411833e+00 -2.655228e-02 1.701092e-01 1.369043e-01 2.910351e-01 1.852528e-01 2.258560e-01 3.266890e-02 
-2.306883e+00 -4.510825e+00 -8.204226e+00 -6.683982e+00 1.679478e+00 -7.875951e+00 3.211790e+00 -4.013124e+00 4.656511e+00 1.107161e+00 -1.326910e+00 -2.334276e+00 4.641625e-01 2.768431e-02 1.478668e+00 -1.044546e+00 -2.796802e+00 1.102853e+00 -4.672410e+00 7.834830e-01 -2.471840e+00 1.391737e+00 5.023136e-01 1.688542e-01 9.653572e-01 1.996472e-01 -4.066070e-01 9.912550e-01 5.726240e-01 1.004188e+00 -1.140249e-01 4.886838e-01 2.396360e-02 1.164734e+00 -2.528704e-01 9.206982e-02 7.900289e-01 6.472442e-01 -3.613521e-02 
-5.400529e+00 -1.649850e-01 -1.153267e+01 -4.659943e+00 8.874872e-01 -9.138961e+00 5.592985e+00 -5.996236e+00 6.444586e+00 2.106329e+00 -6.224959e-01 -1.277785e+00 5.072564e-01 -4.556786e-01 2.439340e+00 4.363958e-01 -8.665023e-01 2.232299e-01 -2.750718e+00 1.708318e+00 -2.951706e-01 8.155364e-01 2.817268e-01 1.718873e+00 1.222989e+00 1.250710e-01 -7.834136e-02 2.689612e-01 1.129462e+00 1.314541e+00 -9.647057e-02 1.591136e+00 4.054292e-02 1.703260e+00 -3.482764e-01 -2.169125e-01 6.200646e-01 4.400033e-01 -7.024678e-02 
-6.657875e+00 7.782582e+00 -7.205035e+00 -2.134488e+00 5.054111e+00 -3.500967e+00 8.151777e+00 -5.813577e+00 4.755006e+00 -8.605575e-01 -1.497107e-01 2.266785e+00 5.176742e-01 -5.704008e-01 2.489579e+00 2.069266e+00 1.371907e+00 -2.154153e-01 8.079305e-01 1.553440e+00 1.837622e+00 -4.956869e-01 1.148595e-01 2.755533e+00 2.499878e+00 -2.349355e-02 3.317094e-01 -8.929669e-01 6.696063e-01 6.986617e-01 -1.572851e-01 1.257432e+00 -1.952627e-01 1.176957e+00 -1.694344e-01 -1.780879e-01 -1.233278e-01 -1.769165e-01 -6.776221e-02 
-5.715468e+00 5.971011e+00 -4.652095e+00 4.518717e-01 1.773769e+00 -7.242521e+00 1.035692e+01 7.381198e-01 6.607635e+00 2.997274e+00 1.118403e+01 3.310583e+00 4.472973e-01 6.276268e-01 1.610238e-01 3.031049e+00 9.124450e-01 2.490897e-01 4.871327e-01 1.115532e+00 3.205673e+00 4.709176e-01 6.684885e-02 1.376965e+00 1.239942e+00 -4.641181e-02 5.961415e-01 -1.229324e+00 -2.420038e-01 -1.722869e-01 2.155117e-01 6.600870e-01 -8.433148e-01 -3.443391e-01 -3.936760e-01 -2.187390e-01 -1.181494e+00 -5.211439e-01 -3.865934e-02 
-5.001159e+00 4.869118e+00 -1.298373e+00 -2.380208e+00 1.589507e-01 -4.784507e+00 8.597119e+00 1.807585e+00 2.096229e+00 1.235998e+00 6.547286e+00 7.870894e+00 3.766745e-01 1.144642e+00 -1.846935e+00 1.006251e+00 -1.928733e-01 3.035315e-01 -4.156237e-03 1.036286e-01 1.662405e+00 7.168432e-01 -2.807368e-01 -2.768363e-01 7.225650e-02 -5.341711e-02 6.236804e-01 -9.579692e-01 -8.805301e-01 -2.669303e-01 1.790310e-01 9.036581e-02 -8.790017e-01 -1.319591e+00 -6.247687e-01 -2.337337e-01 -1.293170e+00 -6.646711e-01 -3.375940e-03 
-3.090614e+00 2.096750e+00 6.692321e-01 2.553712e-02 4.580281e+00 -6.061203e+00 1.094788e+01 6.221745e+00 1.012832e+01 1.392118e+00 2.914164e+00 2.119818e+00 3.456848e-01 1.667447e+00 -1.539085e+00 -2.421659e-01 -9.455335e-01 1.041412e+00 9.556805e-01 -1.783391e+00 -1.929202e+00 -1.759131e+00 -6.140035e-01 -2.672433e+00 -1.688735e-01 -5.326198e-02 3.323942e-01 -2.224327e-01 -8.010551e-01 2.643568e-01 -3.286716e-01 5.076816e-01 -5.461512e-01 -1.286518e+00 -1.099515e+00 -1.738402e-01 -5.007268e-01 5.964260e-02 5.130939e-03 
-2.246844e+00 4.846445e-01 -4.835115e+00 -2.885824e+00 5.167973e+00 -4.112156e+00 8.374063e+00 -2.431532e-01 6.579146e+00 -1.461998e+00 2.600958e+00 3.223739e+00 3.013962e-01 2.028221e+00 -1.450237e+00 -6.969777e-01 9.661266e-01 2.834075e-01 1.025653e+00 -1.392168e+00 -2.192949e+00 -2.504507e+00 -7.134875e-01 -1.685636e+00 -1.190965e-01 -3.694895e-02 4.683100e-02 6.805937e-02 -1.643863e-01 8.829228e-01 -5.373054e-01 8.714967e-01 -1.060501e-02 2.577923e-03 -3.873759e-01 1.835667e-01 2.943057e-01 5.081078e-01 7.603150e-03 
1.244832e+00 4.678473e-01 -4.094790e+00 -4.022542e+00 4.476204e+00 -2.800388e+00 1.551387e+00 -7.882442e+00 -4.429337e+00 1.276013e+00 -2.047896e-01 4.789937e+00 2.186164e-01 1.847725e+00 -1.149550e+00 -1.227351e-01 1.654667e+00 -1.384358e+00 2.510689e+00 -8.674253e-01 -1.299294e+00 -3.415923e+00 -5.860207e-01 -4.221972e-01 1.633830e+00 -2.898838e-02 -3.859161e-01 -5.455697e-02 -1.946612e-02 7.389175e-01 -4.383557e-01 7.572455e-01 3.156333e-01 1.060626e+00 8.494764e-01 9.716714e-02 8.171784e-01 6.818224e-01 7.133429e-03 
2.972041e+00 -1.567126e+00 -2.400891e+00 4.474223e+00 1.628477e+00 -1.286744e+00 6.334965e+00 -2.104957e+00 -3.147074e+00 -2.273216e+00 -3.211995e-01 5.940619e+00 2.554562e-01 1.288754e+00 -1.701522e+00 1.245759e-01 2.921776e+00 -1.170188e+00 3.576023e+00 -4.073418e-01 1.360411e+00 -3.915793e-01 6.230420e-01 6.946217e-02 1.711472e+00 -2.754323e-02 -6.015804e-01 7.936414e-02 -1.632402e-01 -8.545576e-02 2.172469e-01 6.090736e-01 2.887419e-02 7.061907e-01 9.572856e-01 1.047282e-01 7.172220e-01 3.456907e-01 3.818208e-04 
3.538665e+00 -2.624926e+00 -1.161520e+00 4.618610e+00 -5.713648e-01 5.079202e+00 7.630157e+00 6.562018e-01 -2.088170e+00 -1.132479e+00 2.264233e+00 8.930390e+00 2.237111e-01 1.075528e-01 -1.686265e+00 -7.501122e-01 1.771350e+00 -4.236551e-01 3.466623e+00 -6.976075e-01 1.597269e+00 1.431918e+00 -7.964064e-01 5.359422e-01 2.324937e+00 -2.229334e-02 -5.212138e-01 2.639952e-01 -3.917850e-01 -4.741806e-01 6.757571e-01 -1.300929e-01 2.481005e-01 9.340090e-02 4.625368e-01 1.715880e-01 3.964661e-01 -3.449595e-01 -1.363560e-03 
3.050307e+00 -6.476511e+00 -5.678767e+00 7.402911e+00 1.841078e+00 9.827998e+00 3.298085e+00 2.289681e+00 3.450621e+00 2.857524e+00 1.714040e+00 9.710650e+00 1.611168e-01 -1.096546e-01 -7.850417e-01 -1.199399e+00 4.807558e-01 8.893639e-01 3.593112e+00 -1.332644e+00 -1.102464e-01 -1.419492e-01 -8.457646e-02 1.421443e+00 1.263929e+00 -3.839409e-02 -2.434769e-01 4.887178e-01 -2.525557e-01 -4.522862e-01 4.688585e-01 -9.382123e-01 6.256325e-01 -4.964180e-01 -5.307802e-01 2.297398e-01 5.496323e-02 -1.028109e+00 7.032222e-05 
1.743375e+00 -5.509415e+00 -6.206393e+00 3.370059e+00 2.251751e+00 8.975584e+00 -4.179811e-01 -2.093803e+00 -5.686091e-01 -5.271327e+00 1.457402e+00 1.452949e+01 1.543180e-01 -5.917679e-02 -2.878666e-01 -1.419574e+00 5.042415e-01 9.646102e-01 1.851600e+00 8.356538e-01 -9.685030e-02 -1.228049e+00 6.255689e-01 8.842285e-01 1.328546e-01 -3.037637e-02 3.269470e-02 3.726017e-01 5.431544e-03 9.029642e-02 2.790264e-02 -1.208679e+00 3.462637e-01 -7.035257e-01 -7.842381e-01 5.659928e-01 -4.493667e-01 -1.506624e+00 -1.116339e-03 
3.321557e+00 -4.050164e+00 -5.875527e+00 7.502144e+00 4.663898e+00 1.473034e+01 3.695657e+00 -1.281246e+00 -4.616630e+00 -6.265291e-01 7.189476e+00 9.460473e+00 9.818869e-02 1.547528e-01 4.296330e-02 -8.035717e-01 1.293994e+00 4.800784e-01 -3.075954e-01 1.954233e+00 -2.746882e-01 -1.715531e+00 1.060659e+00 1.702623e-01 -2.333002e+00 -2.315063e-02 -9.078338e-03 1.626560e-01 -2.986237e-03 5.979357e-02 -4.396470e-01 -1.139779e+00 -4.772570e-01 -6.051841e-01 -2.496023e-01 -1.828708e-02 -8.330632e-01 -9.559791e-01 -4.686198e-04 
3.107130e+00 -5.277615e+00 -8.160808e+00 7.090510e+00 2.840036e+00 1.188611e+01 1.160973e+01 1.957129e+00 -4.194766e+00 3.737556e+00 3.947563e+00 9.719668e+00 1.033009e-01 1.389102e-01 -2.373490e-01 -9.208901e-01 1.816271e+00 -7.950527e-02 -6.265094e-01 -6.097225e-01 -1.838147e+00 -1.702518e+00 1.460841e+00 -1.085225e+00 -3.409700e+00 -3.550380e-02 -6.684643e-02 1.502208e-01 -1.207586e-02 -1.958731e-01 -2.791967e-01 -6.185842e-01 -1.508578e+00 -2.102495e-01 1.156417e-01 -7.425733e-01 -2.700610e-01 5.415399e-02 -2.686193e-03 
3.141975e+00 -6.377827e+00 -8.719212e+00 1.201226e+01 3.947222e+00 6.834926e+00 7.054986e+00 -1.109044e+00 -3.313759e+00 3.656313e+00 1.320151e+00 4.504099e-01 7.085309e-02 -2.539860e-01 2.958563e-03 -1.463609e+00 1.236243e-01 -7.867622e-01 -8.667040e-01 -2.996157e+00 -2.265657e+00 -1.152723e+00 -5.936013e-01 -1.759103e+00 -1.744785e+00 -3.817365e-02 -1.777357e-01 1.603547e-01 3.313513e-02 -3.835677e-01 6.091279e-02 -1.691468e-01 -1.278218e+00 4.872285e-01 4.642299e-01 -1.280213e+00 4.530043e-01 1.306838e+00 -5.576055e-05 
2.527909e+00 -5.532091e+00 -9.389186e+00 1.019614e+01 2.212611e+00 9.790788e+00 -5.146084e+00 -1.137041e+01 -9.732647e+00 -1.084532e-01 -1.033950e+00 1.986212e+00 -9.537464e-03 -1.891953e-01 4.831085e-01 -1.149840e+00 1.102039e-01 2.019393e-01 -9.617054e-01 -4.232034e+00 -1.526673e-01 -9.312098e-01 -2.260122e+00 4.985045e-01 1.094089e-01 -3.629577e-02 -2.436726e-01 1.680662e-01 2.846411e-01 -1.719883e-01 4.373012e-01 -2.391581e-01 2.940901e-02 9.541204e-01 6.423631e-01 -1.134684e+00 8.096563e-01 1.490798e+00 3.922027e-03 
2.341358e+00 -3.907808e+00 -1.257912e+01 6.567568e+00 1.043454e+00 1.144429e+01 -2.907429e+00 -5.945343e+00 -7.611202e+00 -1.671775e+00 8.845814e-01 4.603890e+00 -3.625819e-02 -5.698545e-01 4.845040e-01 -5.232750e-01 2.291234e-01 6.439870e-01 -9.856576e-01 -2.625826e+00 1.318863e+00 2.199576e-01 -3.479948e+00 1.643418e+00 2.441535e+00 -2.303633e-02 -2.033181e-01 7.447886e-02 4.239889e-01 1.713056e-01 5.204319e-01 -1.095076e-01 7.486404e-01 3.887485e-01 4.202085e-01 -3.004236e-01 3.243940e-01 6.881343e-01 2.460951e-03 
2.561682e+00 -4.096776e+00 -1.198005e+01 1.036310e+01 5.301701e+00 4.772965e+00 -4.569373e+00 3.611873e+00 -6.702314e+00 -4.899064e+00 6.658039e+00 8.190212e+00 -2.461069e-02 -9.213415e-01 3.621639e-01 3.228113e-02 9.034981e-01 1.391686e+00 -1.762758e+00 -6.480044e-01 1.140346e+00 8.229455e-01 -2.769334e+00 1.261753e+00 1.951159e+00 -2.346089e-02 -9.340704e-02 1.850233e-01 3.613100e-01 -9.884119e-02 2.075986e-02 2.080038e-01 9.449182e-01 -5.065197e-01 3.586651e-01 6.865019e-01 -6.980155e-01 -5.736516e-01 7.180416e-04 
2.758898e-01 -4.672918e+00 -1.003992e+01 1.307442e+01 5.622826e+00 4.415405e+00 -6.362300e+00 -2.005959e+00 -3.728956e+00 -1.134818e+01 5.691330e+00 9.556001e+00 -3.680279e-02 -9.045155e-01 4.357540e-01 6.542926e-02 5.836454e-01 1.220487e+00 -1.013916e+00 -1.045063e+00 -9.683724e-01 7.120536e-02 -1.841129e+00 -5.188560e-01 7.749962e-01 -3.227875e-02 1.537093e-01 3.251621e-01 1.763955e-01 -4.193949e-01 -3.935619e-01 4.127457e-01 4.572138e-01 -4.035654e-01 1.370617e-01 1.477988e+00 -9.662567e-01 -1.377321e+00 7.081527e-04 
-1.046321e+00 -3.338805e+00 -1.049775e+01 1.146097e+01 6.881234e+00 4.491536e+00 -6.658553e+00 -7.638431e+00 -7.559074e+00 -9.117032e+00 2.871292e+00 9.265742e+00 -1.265570e-01 -4.887841e-01 1.432616e+00 3.624625e-01 -5.613748e-01 1.742053e-02 9.232532e-02 -2.977481e-01 -1.541783e+00 9.364569e-01 3.531344e-01 -1.910428e+00 -1.925678e+00 -2.809026e-02 2.672400e-01 2.258416e-01 5.198622e-02 -5.253836e-01 -6.907744e-01 3.798303e-01 2.153262e-02 2.801208e-01 2.099452e-01 1.503517e+00 -3.917790e-01 -1.115835e+00 5.528965e-03 
-3.775764e-01 -2.107994e+00 -1.299353e+01 8.937085e+00 6.356107e+00 6.515431e+00 -7.088100e+00 -5.162067e+00 -6.826873e+00 -8.768414e+00 1.837399e-01 7.941037e+00 -1.467074e-01 -1.776754e-02 1.575145e+00 1.936345e-01 -1.135469e+00 -6.367557e-01 1.505910e-01 -5.148346e-01 6.420699e-01 8.485924e-01 2.348804e+00 -1.601732e+00 -2.506680e+00 -1.718225e-02 1.880473e-01 -3.905329e-02 -5.555044e-03 -2.037849e-01 -5.838748e-01 -5.575544e-03 -4.600016e-02 5.121368e-01 1.217054e-01 8.262958e-01 2.089037e-01 -4.246359e-01 7.919593e-03 
4.444830e-01 1.783903e+00 -8.691181e+00 9.625417e+00 5.022384e+00 4.184445e+00 -5.695057e+00 -2.519079e+00 -4.713257e-01 -4.423125e+00 -1.404812e-01 -6.307977e-01 -1.100959e-01 -2.869346e-02 9.217651e-01 2.280826e-01 -8.637064e-01 -1.133634e+00 -4.459260e-01 -8.054506e-01 1.735598e+00 1.484066e+00 2.653246e+00 -1.556608e-01 -1.987268e+00 -3.367605e-03 2.178675e-02 -3.819914e-01 -8.815205e-02 2.102179e-01 -1.161233e-01 -1.299342e-01 -9.476574e-02 1.851003e-01 -2.349153e-01 -1.743924e-01 4.914894e-01 3.300024e-01 4.777412e-03 
-5.582312e-01 6.412778e-01 -9.975620e+00 8.314910e+00 3.368425e+00 5.321710e+00 -9.418443e+00 -1.355146e+00 -3.030092e+00 -1.951276e+00 -8.115504e-01 1.971182e+00 -1.309314e-01 -1.944397e-01 4.960402e-01 1.047520e-01 -2.842065e-01 -1.123426e+00 -7.726446e-01 -1.021253e+00 -4.627523e-02 4.060403e-01 1.140303e+00 -3.517117e-01 -1.317352e+00 -5.041365e-03 -1.018203e-01 -3.359649e-01 -3.460232e-02 4.593661e-01 3.538476e-01 6.597035e-02 2.767861e-01 -3.281948e-01 -1.389581e-01 -8.232383e-01 4.609112e-01 4.715629e-01 1.931897e-03 
-1.099123e+00 -1.045152e-01 -1.086654e+01 7.452790e+00 2.706901e+00 2.858990e+00 -9.520532e+00 -8.639870e-01 -2.037256e+00 7.406578e-01 2.590538e+00 2.314215e+00 -1.512926e-01 -2.914619e-01 6.222140e-02 -3.385264e-02 6.416449e-02 -3.198268e-01 -9.565897e-02 -5.183361e-01 -2.720672e-01 -1.694411e-02 8.537927e-02 -7.796939e-02 -8.703508e-01 -1.027493e-02 -1.139512e-01 -1.505264e-01 -3.578792e-02 2.916750e-01 4.856865e-01 3.644311e-01 4.958179e-01 -3.390345e-01 -1.076154e-01 -7.746014e-01 1.681794e-01 3.514995e-01 7.699580e-04 
-5.777977e-01 1.316523e+00 -1.138207e+01 8.602108e+00 1.896823e+00 3.314923e+00 -1.028177e+01 -6.221075e+00 -4.014140e+00 -5.648743e+00 -2.940275e+00 -1.184182e-01 -1.512926e-01 -3.954767e-01 3.250432e-01 1.515494e-01 6.975324e-01 7.254552e-01 3.053383e-01 7.254766e-01 4.979356e-03 9.041608e-01 -4.834483e-01 6.639095e-01 -7.073130e-01 -4.069767e-03 -6.523225e-02 -5.774653e-02 8.711959e-02 1.879136e-02 2.653094e-01 2.798672e-01 6.253408e-01 2.140215e-01 2.484256e-02 -3.540557e-02 1.118862e-01 3.117528e-01 2.035730e-03 
-1.002899e+00 1.757448e+00 -8.157510e+00 9.802880e+00 4.159230e+00 4.709665e+00 -7.854736e+00 -1.446476e+00 -6.400818e-02 -2.147411e+00 5.341606e-01 -3.937883e+00 -1.512926e-01 -4.977434e-01 2.546163e-01 2.578150e-02 1.036801e-01 3.703199e-01 8.372652e-01 8.004065e-01 1.478374e-02 6.969905e-01 -4.078293e-01 1.774682e-01 -5.348067e-01 -3.755435e-06 2.971091e-02 1.137404e-02 1.958394e-01 -2.025409e-01 -2.582526e-01 -6.833696e-02 4.636803e-01 2.542438e-01 -2.875205e-01 3.177960e-01 -1.764023e-01 4.241321e-01 2.463423e-03 
-2.583762e+00 1.335420e+00 -1.057195e+01 1.062772e+01 6.269525e+00 5.923061e+00 -6.623881e+00 -1.038978e+00 5.039330e-01 -2.924676e+00 3.536406e+00 1.560677e+00 -1.512926e-01 -4.174379e-01 1.110644e-01 5.104917e-01 -2.098351e-01 -1.418217e-01 1.601450e-01 1.445947e+00 8.803844e-01 1.732232e-01 1.209932e+00 7.998116e-02 7.360914e-02 -3.755435e-06 1.142842e-01 -3.735758e-02 4.137532e-01 -3.283839e-01 -3.479611e-01 -1.240073e-01 3.184000e-02 6.148139e-02 -5.874804e-01 3.992256e-01 -1.631774e-01 4.047848e-01 1.210012e-03 
-2.585102e+00 1.158630e+00 -1.114299e+01 6.958725e+00 2.371840e+00 5.740860e+00 -7.347754e+00 -3.381135e+00 -8.113631e-01 -2.660333e+00 2.394142e-01 -1.199292e+00 -1.512926e-01 -1.320527e-01 2.260548e-01 7.657648e-01 -4.946457e-01 -1.177479e+00 -3.647847e-01 1.439878e+00 5.615964e-01 -1.089081e+00 8.276253e-01 -6.681097e-01 8.598516e-01 -3.755435e-06 1.246541e-01 4.771079e-02 4.861936e-01 3.570975e-02 2.339941e-01 1.738713e-01 -9.461988e-02 -1.234857e-01 -4.476987e-01 -3.774184e-02 2.965798e-01 5.382495e-01 4.460983e-04 
-1.873473e+00 2.171077e+00 -7.336941e+00 8.974889e+00 2.080959e+00 3.599774e+00 -3.305387e+00 -8.521350e-01 -2.774306e+00 6.575959e-01 -2.392761e+00 -1.119462e+00 -1.512926e-01 -6.950872e-03 1.524646e-01 1.850391e+00 -6.450658e-01 -2.405946e-01 2.863649e-01 5.649959e-01 3.914908e-02 -1.140280e+00 8.949151e-01 2.708139e-01 6.191725e-01 1.980262e-03 1.097663e-02 1.219185e-01 1.371520e-01 1.147783e-01 1.891600e-01 3.686116e-01 -3.532768e-01 -4.124678e-01 -3.087328e-02 -5.621707e-01 5.663954e-01 4.244065e-01 1.303956e-03 
-2.017943e+00 2.470067e+00 -5.946427e+00 8.155822e+00 3.662145e-01 4.047580e+00 -2.314924e+00 1.267972e+00 -3.870184e+00 1.998460e-01 1.581356e-01 1.701297e+00 -1.512926e-01 -7.971752e-02 4.724095e-01 1.786857e+00 4.997680e-01 1.589718e+00 1.643431e+00 7.677268e-01 -1.820805e-01 -8.847604e-01 -4.389004e-01 1.564981e+00 1.883527e+00 1.245441e-03 -1.039726e-01 -3.362529e-03 -3.488266e-01 7.561723e-02 -3.178197e-02 -1.372500e-02 -4.307766e-01 -3.026869e-01 5.457758e-01 -3.047138e-01 5.697891e-01 1.102750e-01 7.699580e-04 
-2.902186e+00 1.442501e+00 -3.918915e+00 6.803837e+00 6.069674e+00 8.201440e+00 -6.315685e+00 -3.167451e+00 -3.668041e+00 1.195124e-01 4.930944e+00 3.206036e+00 -1.414194e-01 -3.887027e-01 5.973545e-01 6.856568e-01 -1.332271e-01 -5.795919e-01 9.990097e-01 1.551015e-02 -8.100462e-01 -8.334117e-02 -9.675788e-01 1.795488e+00 1.683697e+00 5.891146e-03 -1.004018e-01 -1.278764e-01 -7.614165e-01 2.441423e-02 -5.410988e-01 -6.295912e-01 -2.475775e-01 2.544283e-01 8.773540e-01 9.875595e-03 -1.637722e-01 -3.605106e-01 -7.504519e-04 
-2.469580e+00 3.885226e+00 -3.918365e+00 1.054372e+01 8.325853e+00 1.165729e+01 -2.003646e+00 -3.133987e+00 -4.788164e+00 -4.585611e+00 4.402187e+00 6.055521e+00 -1.500101e-01 -4.610323e-01 -1.313637e-02 -3.960447e-01 -3.725574e-01 -1.166883e+00 -7.895995e-01 -4.393212e-01 -5.272723e-01 1.111331e+00 2.353072e-01 1.418544e+00 8.790591e-01 1.898616e-03 -1.470351e-02 -2.358370e-01 -5.116889e-01 -2.161373e-02 -5.464659e-01 -8.253899e-01 -3.189512e-01 8.121893e-01 9.719331e-01 5.839609e-01 -6.742947e-01 -1.021568e+00 -1.677531e-03 
-3.591033e+00 4.450449e+00 -4.923053e+00 7.114663e+00 -4.796699e+00 4.790501e+00 -3.383206e+00 -2.701390e+00 -2.731877e+00 -1.787880e+00 4.462923e+00 5.121948e+00 -1.224637e-01 -3.183397e-01 -2.440474e-01 -8.653182e-01 -8.662850e-02 -1.567807e+00 -1.645150e+00 -6.934036e-02 1.483985e+00 2.248535e+00 6.071321e-01 -4.748750e-01 -6.812522e-01 -2.102079e-03 1.279313e-01 -1.134225e-01 6.139201e-02 3.927872e-01 4.490444e-01 -1.171279e-01 -9.957909e-02 1.073865e+00 6.076736e-01 5.526124e-01 -7.301331e-01 -1.039772e+00 -2.836998e-03 
-3.978878e+00 8.999538e-01 -7.424329e+00 6.137558e+00 -3.467332e-02 1.804700e+00 -5.978211e+00 -1.601597e+00 1.218557e+00 2.330353e+00 7.485116e+00 5.138315e+00 -1.512926e-01 -1.884305e-01 -2.860059e-01 3.845233e-03 3.683600e-01 -6.486163e-01 -1.161666e+00 -7.845589e-01 2.731762e+00 2.809063e+00 1.693595e+00 -6.713400e-01 -2.041824e+00 -3.138994e-03 1.691663e-01 2.027880e-01 4.849684e-01 5.116140e-01 5.726912e-01 5.597005e-01 7.963317e-02 6.902310e-01 -4.032331e-02 1.000556e-01 -4.708134e-01 -6.271656e-01 -7.455075e-04 
-3.738988e+00 1.714615e+00 -6.492190e+00 8.573231e+00 2.410980e+00 4.902132e+00 -4.675315e+00 3.486381e+00 4.571047e+00 -3.027695e-01 1.015580e+00 2.583511e-01 -1.512926e-01 1.147639e-01 1.667919e-01 7.927382e-01 1.460258e+00 1.406464e+00 5.993581e-01 -3.097696e-01 2.929694e+00 2.106147e+00 1.066368e+00 -8.103232e-01 -2.054719e+00 -5.768022e-03 1.329695e-01 3.160375e-01 5.326297e-01 4.040827e-01 4.412963e-01 7.112064e-01 1.160007e-01 9.031042e-02 -4.363586e-01 -1.389661e-01 -6.822412e-02 -1.305835e-01 7.353470e-04 
-3.338009e+00 3.823076e+00 -3.114285e+00 1.165628e+01 1.479034e+00 5.793039e+00 -5.280919e+00 7.430994e+00 5.605706e+00 3.139449e+00 2.769172e+00 -1.721692e+00 -1.512926e-01 1.683010e-01 7.953315e-01 1.199778e+00 1.411982e+00 2.095222e-01 8.867843e-01 7.888542e-02 2.200967e+00 9.808166e-01 5.060571e-01 -7.678331e-01 -1.570024e+00 -3.755435e-06 7.671780e-02 2.791355e-01 2.798986e-01 2.038984e-01 5.195405e-02 4.384112e-01 2.115871e-01 -1.790219e-01 -4.781750e-01 -2.935422e-01 -1.504469e-02 1.428408e-01 1.205067e-03 
