-2.732382e+00 2.209563e+00 -8.362325e+00 9.872572e+00 8.387897e+00 9.004181e+00 3.040050e+00 -3.139462e+00 7.232525e-01 -8.572594e+00 -2.964301e+00 2.448709e+00 -1.512926e-01 -7.142218e-02 4.213250e-01 -1.540575e-01 -1.018598e+00 -9.108681e-01 -6.401684e-01 -1.269927e+00 5.078450e-01 -3.207099e-01 1.538686e+00 1.104842e+00 -8.994260e-01 -1.542945e-06 6.027791e-02 -1.123615e-01 3.245360e-02 1.173124e-01 3.411120e-02 2.360588e-02 -6.583104e-02 -1.291551e-02 2.721398e-01 -5.390641e-02 -3.284454e-02 -1.302345e-01 3.253048e-07 
-3.059844e+00 3.228539e+00 -9.131268e+00 9.074736e+00 5.350931e+00 6.085639e+00 1.325149e+00 9.044572e-01 -2.807513e+00 -3.796887e+00 7.498015e-01 -8.510084e-02 -1.512926e-01 -1.347709e-01 7.426163e-02 1.599205e-01 -5.201834e-01 -7.187622e-01 -8.015829e-01 -1.312896e+00 5.507728e-01 2.506861e-01 1.452450e+00 7.641607e-01 -1.214267e+00 -1.542945e-06 1.525214e-01 -1.571337e-01 -3.932141e-02 1.990553e-01 4.457379e-02 1.819119e-02 7.102820e-02 -7.921275e-02 4.489023e-01 -1.953031e-01 9.172933e-02 -2.376523e-02 3.253048e-07 
-2.926070e+00 3.806517e+00 -8.748544e+00 5.179265e+00 5.352061e+00 7.262767e+00 -2.451655e+00 -2.621917e+00 8.850557e-01 -3.266715e+00 7.026177e-01 -7.817171e-01 -1.512926e-01 2.615728e-01 3.316789e-02 -1.488214e-01 -6.812131e-01 -8.364364e-01 -4.414459e-01 -1.577598e+00 4.218723e-01 7.543850e-01 1.312252e+00 1.110974e+00 -1.393071e+00 -1.542945e-06 1.763757e-01 -9.917067e-02 -7.700963e-02 3.444705e-01 1.711933e-02 -1.482113e-01 3.768136e-01 -1.312816e-01 1.435001e-01 -3.893457e-01 1.434195e-01 1.854403e-01 3.253048e-07 
-3.309642e+00 1.782263e+00 -7.369689e+00 9.619290e+00 6.312292e+00 5.867139e+00 -7.779925e-01 -6.444258e-01 1.895709e+00 -3.963233e+00 -9.770320e-01 -2.007682e+00 -1.512926e-01 5.246711e-01 -1.702461e-01 -3.532156e-01 -1.920802e-01 -7.252237e-01 -6.485437e-01 -7.608838e-01 1.547137e-01 1.386225e+00 6.754758e-01 1.560459e+00 -7.714126e-01 -1.542945e-06 5.585001e-02 9.985560e-03 -6.138652e-02 2.657595e-01 1.158846e-01 -2.626680e-01 5.093770e-01 -1.305166e-01 -4.580916e-01 -3.364813e-01 2.075173e-02 4.234136e-01 3.253048e-07 
-1.299533e+00 3.098409e+00 -9.987591e+00 6.194291e+00 3.725316e+00 6.906230e+00 -3.795916e+00 -2.554638e-01 2.143878e+00 -1.928236e+00 3.454079e+00 -3.555662e+00 -1.512926e-01 4.806505e-01 4.764004e-02 -2.823415e-01 5.396764e-01 -8.220223e-01 -1.457792e+00 3.381999e-01 4.944108e-02 -1.708987e-01 -1.949757e-02 1.423785e+00 -1.936525e-01 -1.542945e-06 -1.755777e-01 -2.386404e-02 9.621417e-02 2.066353e-01 5.428447e-01 2.642327e-02 6.276644e-01 1.082555e-01 -6.387115e-01 -3.336395e-01 -7.390354e-01 4.289318e-01 3.253048e-07 
-1.249764e+00 2.731608e+00 -1.027769e+01 7.607602e+00 2.537642e+00 3.021431e+00 -1.807436e+00 4.951364e-01 3.494353e+00 -1.088796e+00 7.176508e+00 -2.555058e+00 -1.512926e-01 3.500051e-02 1.169634e-01 -8.000430e-02 1.984058e-01 -1.465451e-01 -1.606806e+00 2.760667e-01 8.429802e-02 -1.577226e+00 4.358269e-01 7.115424e-01 3.031079e-01 -1.542945e-06 -2.077504e-01 2.657296e-03 7.445341e-02 1.307190e-02 5.804077e-01 2.614557e-01 1.693985e-01 3.698746e-01 -3.241715e-01 4.741396e-02 -9.405319e-01 8.448929e-02 3.253048e-07 
-1.552818e+00 3.570227e+00 -8.706018e+00 8.883508e+00 3.128843e+00 1.396897e+00 -2.459207e-01 -2.944445e+00 -7.689328e-01 -4.801191e+00 3.745046e+00 -1.476080e+00 -1.512926e-01 -3.715200e-01 -2.298320e-01 1.958251e-01 1.567454e-01 1.588497e+00 1.698409e-01 1.042326e+00 9.984155e-01 -9.573854e-01 -2.361049e-01 -2.159836e+00 2.143670e-01 -1.542945e-06 -7.609094e-02 -1.475605e-02 1.356777e-01 3.369472e-03 4.389661e-01 5.090344e-01 -2.189624e-01 3.982294e-01 3.687974e-01 3.687901e-01 -4.953789e-01 -1.265421e-01 3.253048e-07 
-3.008173e+00 2.130800e+00 -8.411258e+00 9.267229e+00 5.877364e+00 5.877519e-01 -1.172772e+00 1.121440e+00 -4.534119e+00 -3.472062e-01 2.435465e+00 -1.532170e+00 -1.512926e-01 -8.798910e-02 -1.828860e-02 -2.200695e-01 6.479011e-02 9.714219e-01 -1.550548e-01 -2.659144e-01 1.529808e+00 1.585428e-01 1.020929e+00 -1.350495e+00 -5.528644e-01 -1.542945e-06 9.429333e-02 6.951898e-02 1.930470e-01 6.479798e-02 -1.766352e-01 4.274180e-01 -2.573646e-01 -2.836787e-02 5.572442e-01 -3.011561e-02 9.064016e-02 -5.983655e-02 3.253048e-07 
-2.277801e+00 2.249516e+00 -9.942153e+00 6.148067e+00 9.997697e+00 8.972273e+00 1.098340e+00 4.423331e+00 1.370818e+00 -3.479317e+00 -4.974700e+00 -2.995514e+00 -1.512926e-01 1.617769e-01 4.147598e-02 4.658573e-01 6.234291e-01 8.138602e-01 3.614934e-01 -4.855514e-01 1.317742e+00 8.051578e-01 1.531909e+00 -2.221597e-02 -3.984174e-01 -1.542945e-06 9.255289e-02 1.782913e-01 3.539448e-01 -3.295792e-04 -8.023844e-01 4.029014e-02 -2.528952e-01 -4.002954e-01 1.092337e-01 -3.800552e-01 6.762508e-01 2.739347e-01 3.253048e-07 
-1.327113e+00 3.300834e+00 -1.076003e+01 9.298257e+00 3.960667e+00 -1.541067e+00 -3.808991e+00 4.459763e+00 3.217278e+00 3.354811e+00 4.784014e+00 -4.560021e+00 -1.512926e-01 2.397991e-01 3.289534e-01 7.499148e-01 2.890660e-01 -6.424666e-01 4.344780e-01 -2.467504e-01 -2.172496e-01 3.276961e-01 -5.986702e-01 9.584086e-02 3.102827e-01 -1.542945e-06 -6.347273e-02 1.503741e-01 4.290169e-01 -2.698752e-01 -6.319937e-01 3.220738e-01 2.350076e-01 -4.783732e-01 -2.786327e-01 -9.607984e-01 1.438280e-01 3.388549e-01 3.253048e-07 
-1.584518e+00 3.192773e+00 -5.202085e+00 1.198494e+01 8.157065e+00 4.268617e+00 -1.355828e+00 1.974906e+00 -6.187625e-01 1.006988e+00 2.459519e+00 -1.954346e+00 -1.512926e-01 -7.260554e-02 4.880576e-01 1.480535e+00 4.298851e-02 -1.616541e+00 7.640754e-02 -2.316288e-01 -1.294055e-01 -4.957733e-01 -1.326512e+00 4.981705e-01 1.152377e+00 -1.542945e-06 -1.302494e-01 3.381986e-02 9.758373e-02 -3.459786e-01 -4.347385e-01 -2.781160e-02 2.815675e-01 -7.885577e-02 -2.794454e-02 -5.430204e-01 7.797855e-02 -7.740559e-02 3.253048e-07 
-2.155755e+00 3.304259e+00 -7.031237e+00 7.794397e+00 3.585988e+00 5.112098e+00 -1.179309e+00 1.259131e+00 -1.900498e+00 -5.583997e+00 -8.026371e-01 -5.012677e-01 -1.512926e-01 -2.882121e-01 5.103019e-01 1.417702e+00 -9.946380e-01 -9.732466e-01 1.597772e+00 7.821153e-01 -1.385291e-01 -5.841557e-01 -2.353893e+00 -8.914220e-01 3.659818e-01 -1.542945e-06 -9.014246e-02 -1.670443e-01 -1.669440e-01 5.873396e-02 2.771893e-01 -2.693593e-01 5.280345e-02 1.661226e-02 1.804630e-01 4.515660e-01 2.996247e-01 -1.495482e-01 3.253048e-07 
-2.226447e+00 4.688133e+00 -4.404015e+00 7.115603e+00 2.102337e+00 6.027719e+00 -1.374436e+00 5.376449e+00 1.450838e+00 -5.642707e+00 3.094196e-01 7.372168e-01 -1.512926e-01 -2.255734e-01 1.199114e-01 6.199477e-01 -4.644923e-01 -1.194305e+00 -3.592158e-01 4.078190e-01 8.842531e-01 1.121436e+00 -3.055684e-01 8.614823e-01 -8.134229e-01 -1.542945e-06 5.533812e-02 -2.883446e-01 -6.684054e-01 3.504132e-01 6.313833e-01 -3.978589e-01 -2.492936e-01 -4.161048e-01 2.354391e-01 9.053398e-01 3.860323e-01 1.763109e-01 3.253048e-07 
-2.447397e+00 5.104399e+00 -4.070223e+00 6.760375e+00 2.121542e+00 5.568175e+00 1.111407e-01 2.066521e+00 -7.379117e-01 -5.089703e+00 1.402048e+00 -4.075495e+00 -1.512926e-01 -1.343765e-01 -3.221142e-01 3.456144e-01 8.364803e-01 5.324114e-01 -6.944446e-01 -3.024457e-01 -6.410305e-01 4.214512e-01 1.148590e+00 1.412303e+00 5.455406e-01 -1.542945e-06 1.234713e-01 -3.429227e-01 -9.122882e-01 3.348893e-01 5.800537e-01 -2.178097e-01 -4.637383e-01 -3.012065e-01 3.990193e-01 1.001632e+00 4.183443e-01 4.678028e-01 3.253048e-07 
-2.566590e+00 2.892179e+00 -3.582644e+00 1.017904e+01 2.917592e+00 2.244540e+00 3.771677e-02 5.992573e+00 4.407008e+00 -7.679641e-01 5.664778e+00 -4.233999e+00 -1.512926e-01 1.271441e-01 -5.374097e-01 -1.325444e+00 8.796518e-01 7.875171e-01 -7.666678e-01 -9.357550e-01 -1.958810e+00 1.786012e-01 1.448977e+00 1.276521e+00 1.944154e+00 -1.542945e-06 1.138989e-01 -1.775133e-01 -7.045718e-01 -1.960154e-01 3.716280e-01 4.982931e-01 -1.092233e-01 -1.288337e-01 1.839458e-01 1.037759e-01 -2.801316e-01 2.025630e-01 3.253048e-07 
-2.657569e+00 2.591584e+00 -5.714131e+00 1.044436e+01 5.840084e+00 3.531612e+00 -3.398119e+00 -2.253850e+00 -1.271263e+00 -2.278423e+00 3.581290e+00 4.711835e+00 -1.512926e-01 1.528623e-01 -8.755396e-01 -2.171071e+00 7.803751e-03 9.360078e-01 7.126026e-01 -8.647885e-01 -2.230981e-01 1.882402e+00 1.776980e+00 9.926938e-01 1.326272e+00 -1.542945e-06 6.859620e-02 6.321428e-03 -2.192408e-01 -6.172827e-01 -1.638126e-01 5.659546e-01 3.306876e-01 6.255779e-01 4.109283e-01 -3.814761e-01 -6.534448e-01 -8.027271e-01 3.253048e-07 
-1.485296e+00 3.257838e+00 -1.020954e+01 9.671213e+00 4.180579e+00 3.212879e+00 -4.298819e+00 -2.257064e+00 2.610957e+00 1.966063e-01 5.602328e+00 6.064252e+00 -1.512926e-01 2.003541e-01 -4.909559e-01 -1.644658e+00 -1.030470e+00 4.619560e-01 1.428743e+00 1.428172e-01 3.119382e-02 1.310737e+00 -1.009053e-01 -3.293421e-01 -1.909147e-01 -1.542945e-06 8.740834e-02 -5.299104e-03 8.653989e-01 -9.212720e-01 -8.198089e-01 -2.164010e-01 7.377940e-01 8.762325e-01 -7.576779e-02 -6.625937e-01 -1.152376e+00 -6.398990e-01 1.376281e-02 
-2.223594e+00 5.441199e-01 -1.161169e+01 7.052916e+00 6.170328e+00 8.646950e+00 -2.044303e+00 5.075887e+00 9.572373e+00 3.313002e+00 6.397051e+00 -2.593370e+00 -1.512926e-01 1.720326e-01 -3.137168e-01 -5.910833e-01 -1.295112e+00 -1.239298e-01 1.037716e+00 8.116099e-01 1.491910e+00 1.910161e+00 1.625069e-02 -1.051952e+00 -2.400658e+00 -1.542945e-06 2.339383e-01 -1.464205e-01 1.665272e+00 -1.212891e+00 -1.265020e+00 -1.237751e+00 8.797301e-01 2.320783e-01 -8.467070e-01 -5.948646e-01 -1.305676e+00 4.840734e-01 3.776198e-02 
-1.781693e+00 1.461503e+00 -8.856894e+00 6.722383e+00 5.062485e+00 6.830275e+00 7.493162e-02 2.483343e+00 5.538925e+00 -4.068201e+00 2.610322e+00 -1.535926e+00 -1.512926e-01 5.546494e-01 -8.448086e-01 2.211717e+00 -3.075288e+00 -2.781602e+00 -2.011322e+00 1.915185e+00 1.565016e+00 -2.141496e-01 -9.835994e-01 -3.462920e+00 6.081313e-01 6.881306e-02 4.241841e-01 -5.069013e-01 1.787467e+00 -1.308217e+00 -1.227456e+00 -1.462835e+00 4.844264e-01 6.092942e-02 -9.512291e-01 2.267590e-02 -6.280762e-01 9.988099e-01 5.924226e-02 
-1.649186e+00 1.921145e+00 -9.346222e+00 5.443944e+00 4.779687e+00 6.911086e+00 -1.526816e+00 2.835337e+00 6.815373e+00 -6.492185e-02 -1.827718e-01 -3.491058e+00 -1.512926e-01 1.145378e+00 -1.430841e+00 4.227235e+00 -5.034194e+00 -3.767232e+00 -3.756099e+00 2.647758e+00 1.705046e-01 -1.588598e+00 -7.560642e-01 -3.968815e+00 3.347111e+00 1.544039e-01 5.015059e-01 -7.625530e-01 1.504374e+00 -9.748779e-01 -5.628069e-01 -7.509139e-01 -3.103044e-02 8.443944e-02 -9.050910e-01 3.038663e-01 4.198873e-01 6.801732e-01 6.008469e-02 
1.000631e+00 -1.654783e+00 -2.843431e-01 -4.900706e+00 -9.032202e+00 -5.975932e+00 5.018472e+00 6.687990e+00 2.918700e+00 -3.032466e+00 -8.422816e+00 9.553844e+00 1.927741e-01 1.834562e+00 -2.466850e+00 4.883428e+00 -5.702056e+00 -3.853593e+00 -3.488525e+00 1.646890e+00 9.965439e-01 -1.696054e+00 3.985538e-01 -2.011345e+00 1.929144e+00 2.190116e-01 3.754005e-01 -6.143824e-01 4.963282e-01 1.423568e-01 5.676638e-01 7.509342e-01 -9.176649e-01 2.829742e-01 -4.018047e-01 5.747098e-01 1.485504e+00 -9.903060e-01 2.367394e-02 
2.112040e+00 -5.051877e+00 5.238067e+00 -1.230666e+01 -5.618674e+00 -3.730580e+00 8.722857e+00 3.825958e+00 2.939498e+00 -9.853113e-01 -7.930624e+00 8.597311e+00 4.487028e-01 2.039676e+00 -3.315346e+00 5.594787e+00 -4.856111e+00 -2.401864e+00 -1.978256e+00 7.906493e-01 2.198407e+00 -1.874341e+00 8.445600e-01 3.215869e-01 3.398316e-01 2.253251e-01 1.201184e-01 -1.540280e-01 -3.466605e-01 1.169662e+00 7.852935e-01 1.422091e+00 -1.405351e+00 5.301099e-01 -1.427653e-01 2.781081e-01 1.483190e+00 -1.605304e+00 -1.811527e-02 
5.510299e+00 -7.386238e+00 8.267820e+00 -1.291263e+01 -9.006219e+00 -5.291644e+00 3.184886e+00 6.970871e+00 -1.003354e+00 -1.615114e+00 -3.572602e+00 2.065595e+00 6.437588e-01 1.984532e+00 -2.974357e+00 4.009376e+00 -2.452539e+00 -6.260643e-01 8.545473e-01 -1.744684e+00 1.965871e+00 -2.080298e+00 1.089630e+00 1.819315e+00 -2.839643e+00 1.517210e-01 -2.186281e-01 4.366301e-01 -8.187017e-01 1.413132e+00 6.240280e-01 1.307942e+00 -1.038773e+00 3.838836e-02 7.145813e-03 -2.256155e-01 6.453910e-01 -8.948733e-01 -4.515524e-02 
6.294244e+00 -1.178975e+01 1.435179e+01 -1.483124e+01 -7.242406e+00 -3.322366e+00 3.342798e+00 1.368555e+01 -5.951442e-01 3.449400e+00 -1.000161e+00 1.952164e+00 7.498335e-01 1.671023e+00 -1.947193e+00 2.930930e+00 -8.107275e-01 -1.454505e+00 1.182815e+00 -2.683120e+00 2.336431e+00 -2.110296e+00 2.888524e-01 1.531920e+00 -2.295019e+00 9.747354e-02 -4.256385e-01 8.818395e-01 -1.108034e+00 1.125273e+00 1.698888e-01 6.510047e-01 -4.956750e-01 -5.596128e-01 1.477319e-01 -4.461813e-01 -1.657233e-01 -9.529924e-02 -4.644238e-02 
8.832161e+00 -1.315764e+01 1.520637e+01 -1.590136e+01 -1.135107e+01 -1.907315e+00 -1.014860e+00 1.158752e+01 -5.715388e+00 1.980889e-01 -2.791757e+00 -1.321833e+00 8.008155e-01 9.257482e-01 -9.677325e-01 2.121768e+00 -6.591956e-01 -1.206980e+00 1.470620e+00 -1.810111e+00 1.119596e+00 -1.542303e+00 -4.516958e-01 6.104304e-01 -1.227862e+00 5.716574e-02 -5.860920e-01 8.696257e-01 -9.148751e-01 6.074063e-01 3.328521e-02 -1.702662e-01 3.778116e-01 -8.087375e-01 4.126885e-01 -5.995430e-02 -6.458206e-01 7.708181e-01 -3.054698e-02 
8.806167e+00 -1.190238e+01 1.642386e+01 -1.486544e+01 -1.171897e+01 4.916810e-01 -2.593474e+00 1.320016e+01 -5.256417e+00 -4.474290e-01 -6.615483e-01 -1.184112e+00 8.575422e-01 4.408110e-01 9.052046e-02 9.986287e-01 -1.266754e-01 -1.262027e+00 9.686469e-01 -1.655003e+00 -1.765442e-01 -1.404670e+00 -6.156973e-01 9.740157e-02 -9.426637e-01 4.038950e-02 -5.254068e-01 5.354220e-01 -7.873541e-01 2.730363e-01 3.811859e-01 -5.023227e-01 8.028824e-01 -1.119009e+00 5.611016e-01 5.690627e-01 -6.982369e-01 8.169114e-01 -1.752288e-02 
8.883198e+00 -1.216873e+01 1.784058e+01 -1.619073e+01 -1.280309e+01 1.545661e-01 -2.897227e+00 1.281173e+01 -6.384104e+00 -1.924974e+00 -6.897661e-01 -2.505479e+00 8.757249e-01 -3.308916e-01 3.549497e-01 4.013413e-01 2.424407e-01 -5.559816e-01 1.103437e-01 -3.696693e-01 -8.213977e-01 -3.696919e-01 1.242111e+00 -6.926540e-01 3.383211e-01 2.753198e-02 -3.704306e-01 2.401628e-01 -5.736521e-01 1.134920e-01 4.220529e-01 -6.253637e-01 6.693209e-01 -9.731036e-01 5.527128e-01 8.580498e-01 -3.359516e-01 6.234491e-01 -7.591610e-03 
8.472680e+00 -1.183161e+01 1.802757e+01 -1.531881e+01 -1.282643e+01 4.899469e-01 -3.990539e+00 1.219078e+01 -7.284068e+00 1.432490e+00 -1.563591e+00 -2.169190e+00 9.143566e-01 -3.277360e-01 6.845491e-02 -1.456423e-01 1.038603e-01 1.259570e-01 -6.486525e-01 6.111367e-01 -2.288197e+00 1.089340e-01 2.287282e+00 -1.307687e+00 1.006427e+00 2.467618e-02 -2.263833e-01 5.039570e-02 -1.575600e-01 -2.680560e-01 2.699521e-01 -5.062847e-01 3.548571e-01 -5.987282e-01 3.779351e-01 5.426851e-01 1.198662e-01 2.634257e-01 -3.174728e-03 
7.344471e+00 -1.141838e+01 1.641105e+01 -1.446272e+01 -1.357730e+01 -1.354821e+00 -2.164497e+00 7.985065e+00 -6.549785e+00 5.468979e+00 -5.803654e+00 8.621670e-01 9.100701e-01 -5.421592e-01 2.439966e-01 -1.742538e-01 -2.067585e-01 2.093355e-01 -8.474838e-01 4.034772e-01 -2.689987e+00 4.646126e-01 2.387072e+00 -3.666877e-01 9.148539e-01 2.706455e-02 -5.116689e-03 1.098593e-01 3.132638e-01 -5.767751e-01 -3.613759e-02 -2.315886e-01 -1.367340e-01 7.199596e-02 -3.476039e-02 -9.387349e-02 4.359072e-01 -3.532761e-01 -2.391034e-03 
7.936947e+00 -1.193510e+01 1.640988e+01 -1.521053e+01 -1.070225e+01 -1.996796e+00 9.605356e-02 4.172060e+00 -4.628944e+00 7.292263e+00 -4.643026e+00 2.164003e+00 9.637399e-01 -5.853910e-01 3.979194e-01 4.985828e-01 -1.242226e+00 -2.947872e-01 -1.083950e+00 -2.674115e-01 -2.235911e+00 6.783219e-02 1.525217e+00 5.338440e-01 8.625910e-02 2.475942e-02 5.346970e-02 2.191551e-01 5.083498e-01 -4.552522e-01 -1.151577e-01 5.909108e-03 -2.538932e-01 5.089458e-01 -2.761985e-01 -4.845817e-01 1.522691e-01 -5.563142e-01 -7.710758e-03 
6.440065e+00 -1.089672e+01 1.777767e+01 -1.727921e+01 -1.281853e+01 -2.839584e+00 -2.923378e+00 3.371098e+00 -5.388609e+00 7.080550e+00 -9.835082e-01 -9.787130e-02 9.863498e-01 -2.276245e-01 7.394441e-01 1.645659e+00 -1.968371e+00 -5.262835e-01 -8.299718e-01 -6.141596e-01 -4.874494e-01 -5.229954e-01 1.153842e+00 5.661730e-01 -9.679643e-01 1.553249e-02 1.221660e-01 8.815370e-02 2.944451e-01 -1.639974e-01 1.086473e-01 1.302707e-01 -1.397281e-01 1.744507e-01 -4.352473e-01 -7.614366e-01 -6.935171e-01 -3.002444e-01 -1.356078e-02 
5.997848e+00 -1.010224e+01 1.983634e+01 -2.012229e+01 -1.467987e+01 -4.187350e+00 -4.948570e+00 3.318057e+00 -7.525187e+00 8.252683e+00 -1.304543e+00 -1.257730e+00 9.999999e-01 -2.176844e-01 9.164152e-01 1.485958e+00 -1.291442e+00 -8.205415e-02 -6.278774e-01 -1.495831e-01 -8.449085e-01 -7.782029e-01 4.809781e-01 -1.012712e+00 -8.338144e-01 -8.114328e-03 1.129775e-01 -5.880775e-04 -2.932871e-02 1.370811e-01 5.640058e-01 1.573441e-01 -4.053335e-02 -3.605171e-01 -2.858231e-01 -7.940078e-01 -9.870486e-01 2.678484e-01 -1.433440e-02 
7.175826e+00 -8.637318e+00 2.292551e+01 -2.184841e+01 -1.421971e+01 -4.409666e+00 -2.713165e+00 5.974893e+00 -7.716249e+00 1.075796e+01 -4.642101e+00 -2.266596e+00 9.696075e-01 -1.152062e-01 4.255237e-01 8.041456e-01 -1.002193e+00 6.461093e-01 -4.241515e-01 -3.539489e-01 -2.513129e+00 -1.288528e+00 -8.979561e-01 -3.060925e+00 -1.263415e-01 -2.430788e-02 -8.955901e-03 -5.054828e-03 -3.030375e-01 5.903716e-02 7.022220e-01 -7.500298e-02 -2.866544e-01 -7.979259e-01 -2.071787e-01 -6.664191e-01 -6.188636e-01 7.633116e-01 -8.472637e-03 
6.480958e+00 -8.482836e+00 2.126645e+01 -1.938398e+01 -1.041155e+01 -4.351398e+00 -7.563676e-01 -1.354308e+00 -7.355981e+00 7.858315e+00 -7.877427e+00 -9.206898e-01 9.315380e-01 -7.670782e-02 5.520210e-01 7.725421e-01 -1.039968e+00 1.938910e+00 -5.001816e-01 -6.002358e-01 -3.025573e+00 -9.785183e-01 -1.418932e+00 -2.587695e+00 1.004822e+00 -2.699080e-02 -2.648831e-02 2.320319e-01 -1.211906e-01 -1.960761e-01 4.898237e-01 -2.496815e-01 -4.903377e-01 -4.359939e-01 6.811390e-02 5.297329e-03 3.518142e-01 8.885266e-01 6.296303e-04 
5.622518e+00 -9.579053e+00 2.108354e+01 -2.265954e+01 -1.172236e+01 -4.878228e+00 -6.789196e+00 -6.858174e+00 -1.191573e+01 2.788167e+00 -1.300196e+01 -8.981537e-01 8.990374e-01 -3.429618e-01 8.964043e-01 4.869886e-01 -1.799139e+00 1.974200e+00 -1.268750e+00 -1.822089e+00 -3.386892e+00 -1.458756e+00 -1.228331e+00 -1.740562e+00 1.929427e+00 -1.739248e-02 -5.679773e-03 5.516140e-01 4.883758e-02 -7.431059e-02 6.793761e-02 -4.195177e-01 -1.406393e-01 1.454329e-01 7.114620e-01 7.864587e-01 1.016435e+00 6.148066e-01 4.380288e-03 
6.390930e+00 -6.871423e+00 2.462068e+01 -2.491691e+01 -6.233975e+00 -6.454206e+00 -5.911630e+00 -5.392869e+00 -1.031779e+01 5.142810e+00 -1.006361e+01 3.082224e+00 9.003199e-01 -2.362235e-01 1.841113e+00 1.038834e+00 -1.873394e+00 1.703065e+00 -1.454093e+00 -1.867154e+00 -2.587873e+00 -3.524989e-01 6.725956e-01 8.614214e-02 2.580918e+00 -8.428082e-03 -2.364729e-02 5.080283e-01 -8.918349e-02 3.031139e-01 -5.430224e-01 -3.371089e-01 2.689838e-01 3.926706e-01 1.258752e+00 7.485319e-01 6.541044e-01 -1.426099e-01 -6.239452e-04 
5.505861e+00 -4.960938e+00 2.368338e+01 -2.807723e+01 -6.437695e+00 -9.702231e+00 -9.246382e+00 -8.940138e+00 -1.352918e+01 5.973948e+00 -1.225164e+01 5.378904e+00 8.982645e-01 -6.384874e-02 2.539082e+00 9.154124e-01 -9.568630e-01 1.103759e+00 -2.044823e+00 -4.237177e-01 -2.004779e+00 1.955740e+00 1.988504e+00 6.842299e-01 2.159587e+00 -1.168728e-02 -9.188290e-02 1.532008e-01 -2.759507e-01 7.808979e-01 -5.951779e-01 7.559564e-02 6.018026e-01 4.636087e-01 1.383721e+00 -1.164405e-02 6.186791e-02 -8.657403e-01 -1.223169e-02 
5.358138e+00 -1.585913e+00 2.516010e+01 -2.604148e+01 -4.539073e+00 -9.209739e+00 -8.863672e+00 -1.325247e+01 -8.311643e+00 9.628522e+00 -7.821917e+00 8.845459e+00 8.897967e-01 -3.344417e-01 2.270811e+00 1.126087e-01 5.464481e-02 -3.408877e-01 -1.797697e+00 4.550018e-02 -1.753178e+00 3.608052e+00 7.152055e-01 -5.295594e-01 1.766993e-01 -3.296493e-02 -1.458111e-01 -3.342334e-01 -6.429417e-01 9.451721e-01 -5.370831e-01 5.207002e-01 3.930423e-01 2.748655e-01 5.326398e-01 -1.053557e+00 -5.209290e-01 -1.245929e+00 -2.214114e-02 
5.819693e+00 4.737276e-01 2.539021e+01 -2.688111e+01 -7.051113e+00 -1.372472e+01 -7.430901e+00 -1.295191e+01 -3.139932e+00 1.048783e+01 -1.070151e+01 7.018031e+00 8.458595e-01 -7.533479e-01 1.447507e+00 -4.296998e-01 1.141271e+00 2.033607e-02 -7.189178e-01 2.304026e-01 -1.486136e+00 3.479642e+00 -1.307875e+00 -1.123411e+00 -1.197180e+00 -6.628050e-02 -2.380086e-02 -4.448553e-01 -9.042737e-01 1.143890e+00 -2.166762e-01 1.224257e+00 4.659835e-02 2.837901e-01 -4.084333e-01 -1.385972e+00 -8.054113e-02 -9.353673e-01 -2.627274e-02 
4.561830e+00 1.765141e+00 2.432941e+01 -2.524238e+01 -7.631771e+00 -1.343165e+01 -6.591555e+00 -1.215309e+01 2.527764e+00 6.462015e+00 -1.348582e+01 3.146327e+00 7.616919e-01 -6.205760e-01 7.156812e-01 -1.503471e+00 1.803522e+00 -4.406684e-01 4.865788e-01 -2.289339e-01 -1.472801e+00 1.548841e+00 -2.947043e+00 -1.614701e+00 -1.970265e+00 -9.182905e-02 1.975170e-01 -5.746936e-02 -1.149831e+00 1.579165e+00 1.195032e-01 1.399243e+00 -7.624520e-02 6.021189e-01 -7.646922e-01 -7.832600e-01 7.181839e-01 -2.158480e-01 -2.705307e-02 
2.137400e+00 6.011947e-01 2.195035e+01 -2.277035e+01 -4.789486e+00 -1.118595e+01 -9.230289e+00 -1.692082e+01 -1.550805e+00 1.017959e+00 -1.503641e+01 2.242629e+00 6.309342e-01 -3.970838e-02 1.092404e+00 -2.798092e+00 3.888272e+00 7.016432e-02 2.934227e+00 -5.346377e-02 -7.260674e-01 9.431490e-01 -3.110198e+00 8.240252e-01 -1.443672e+00 -1.136190e-01 1.895570e-01 2.327299e-01 -1.461836e+00 1.937852e+00 4.038024e-01 9.650123e-01 -3.393772e-02 1.077470e+00 -6.389736e-01 -3.616350e-02 1.023515e+00 5.150168e-02 -3.087757e-02 
4.096471e+00 1.928755e+00 1.936274e+01 -1.908004e+01 -7.873147e+00 -8.046137e+00 -9.108586e+00 -1.863258e+01 -1.361859e+00 -3.718171e-01 -1.372821e+01 1.381750e+00 5.381056e-01 2.963633e-01 2.161019e+00 -4.452507e+00 6.576776e+00 2.315780e-01 3.372026e+00 -1.937500e-01 8.773519e-01 1.052933e+00 -2.299847e+00 2.087646e+00 -7.793426e-01 -1.445654e-01 -1.524657e-01 1.150589e-01 -1.377989e+00 1.499302e+00 1.047605e+00 2.399731e-01 -2.625729e-02 1.302983e+00 -2.681468e-01 7.002217e-01 8.633158e-01 1.968825e-01 -2.809353e-02 
5.853929e+00 5.853981e+00 1.388344e+01 -1.052102e+01 -6.579282e+00 -1.746388e+00 -6.439679e+00 -1.334248e+01 3.520792e+00 -1.646248e+00 -6.460526e+00 6.818781e-01 3.895518e-01 -2.639928e-01 1.888461e+00 -6.264379e+00 8.443943e+00 1.703189e+00 2.663390e+00 4.310468e-02 2.726057e+00 5.327575e-01 -1.812332e+00 2.143051e+00 -1.535151e+00 -1.942986e-01 -4.959473e-01 -4.773788e-01 -8.619696e-01 4.636336e-02 1.218822e+00 -5.874169e-01 -1.222844e-01 1.046667e+00 -2.662369e-01 9.630134e-01 3.441174e-02 1.459201e-01 -9.865498e-03 
4.185231e+00 9.943964e+00 6.100798e+00 1.517448e+00 -5.578759e+00 -1.291352e+00 -8.955201e+00 -9.555727e+00 5.256563e+00 -3.705264e+00 -7.335739e+00 2.983333e-02 1.595708e-01 -1.270788e+00 8.928309e-01 -6.660264e+00 7.022306e+00 3.980874e+00 1.821838e+00 -4.084464e-01 3.316051e+00 4.133025e-01 -9.489083e-02 2.042274e+00 -9.402092e-01 -1.919614e-01 -4.981996e-01 -1.017681e+00 1.411560e-01 -1.517547e+00 7.345538e-01 -7.380595e-01 1.786844e-01 4.755932e-01 -1.009340e-01 8.485042e-01 -8.253793e-02 2.024413e-01 2.198237e-02 
7.730241e-01 6.036241e+00 -2.740301e+00 9.150720e+00 2.579064e+00 -1.246265e+00 -9.090985e+00 -7.829507e+00 -2.196256e+00 -6.377180e+00 -7.517535e+00 -4.757087e+00 -1.512926e-01 -1.735845e+00 -6.604229e-01 -6.004071e+00 3.897338e+00 4.289660e+00 7.723172e-01 -5.574163e-01 3.288095e+00 -6.818890e-02 6.023697e-01 1.018891e+00 -6.335809e-01 -1.392507e-01 -1.212657e-01 -7.573185e-01 1.300716e+00 -2.036142e+00 -3.825436e-01 -4.636716e-01 5.391875e-01 -2.279226e-01 2.949466e-01 5.284033e-01 -7.140079e-04 4.124988e-01 5.183828e-02 
2.829394e-01 6.301829e+00 -5.626751e+00 6.194924e+00 7.452143e+00 8.128420e-01 -9.825727e+00 -4.808891e+00 3.563093e+00 1.519073e+00 -2.988356e+00 -5.996754e-01 -1.512926e-01 -1.458783e+00 -1.652926e+00 -3.876725e+00 1.262367e+00 2.611156e+00 6.273270e-01 1.000106e+00 2.974266e+00 8.487670e-01 7.354515e-01 2.237028e+00 -2.179146e-01 -6.216968e-02 2.143327e-01 -2.208198e-01 1.862336e+00 -1.446962e+00 -1.286928e+00 -2.343619e-01 6.375144e-01 -7.213271e-01 8.874868e-02 4.825192e-02 -3.910727e-02 2.146838e-04 5.231822e-02 
-8.741171e-01 4.372700e+00 -1.027245e+01 6.626770e+00 8.353630e+00 1.063597e+00 -8.791758e+00 7.244418e-01 4.026647e+00 -1.246543e+00 -3.539758e+00 -2.171444e+00 -1.512926e-01 -7.763049e-01 -6.252252e-01 -1.152466e+00 1.143214e+00 4.752518e-01 9.422158e-01 2.034810e+00 1.757314e+00 1.789721e+00 4.146490e-01 2.042051e+00 1.661259e-01 -1.542945e-06 3.907830e-01 2.930659e-01 1.806336e+00 -7.389269e-01 -1.358829e+00 -1.095125e-02 4.429434e-01 -9.134871e-01 -1.395072e-01 -2.089805e-02 -3.610479e-01 -7.334808e-02 3.406838e-02 
-2.284775e+00 2.511299e+00 -9.516322e+00 9.091199e+00 4.589524e+00 6.904124e-01 -4.104698e+00 1.039469e+00 6.388833e+00 -2.593324e+00 1.860470e+00 -2.352484e+00 -1.512926e-01 -6.788757e-01 -2.287600e-01 2.257455e-01 1.164584e+00 -5.465379e-01 5.651106e-01 1.482948e+00 4.748595e-01 -7.186030e-02 2.401433e-01 1.335159e+00 -1.339071e+00 -1.542945e-06 3.842563e-01 4.439350e-02 1.374469e+00 -8.287351e-01 -6.146871e-01 -5.783448e-02 3.058660e-02 -8.016997e-01 -4.904107e-01 1.593728e-01 -8.941968e-01 1.892543e-01 2.944005e-02 
-1.824805e+00 4.804946e+00 -6.557638e+00 1.341915e+01 6.386474e+00 3.526063e+00 -1.777764e+00 -1.966682e+00 5.339756e+00 -2.247585e+00 2.687121e-01 -3.050102e+00 -1.512926e-01 -1.718492e-01 9.284315e-02 9.765624e-01 2.517226e-01 -9.256551e-01 7.488229e-01 1.415874e+00 -2.963038e-02 -3.054870e-01 7.455322e-01 -3.353620e-01 -4.397669e-01 -1.542945e-06 1.000777e-01 -6.895844e-01 5.883422e-01 -1.515788e+00 -8.337656e-02 -4.703629e-01 3.006589e-02 -5.604287e-01 -3.765637e-01 3.929816e-01 -6.034337e-01 6.936847e-01 3.732399e-02 
-2.636330e+00 4.941545e+00 -6.356082e+00 8.621995e+00 5.703016e+00 2.406855e+00 -5.918168e+00 -1.089107e+00 2.547152e+00 3.220489e+00 1.783219e+00 -6.855950e+00 -1.512926e-01 1.602779e-01 -1.789965e+00 1.931025e+00 -2.435702e+00 2.381638e-01 4.349131e-01 1.462586e+00 -1.407515e-01 -5.555903e-01 1.366891e+00 -1.045152e+00 1.031256e+00 8.503222e-02 -2.157871e-01 -7.926686e-01 -2.714362e-01 -1.613722e+00 -5.309013e-02 -6.071386e-01 5.767652e-01 -6.135175e-01 9.291655e-04 3.643816e-01 -2.862400e-02 1.053749e+00 4.721162e-02 
-1.557890e+00 3.621975e+00 -6.970071e+00 8.119231e+00 3.168759e+00 3.949190e+00 -8.056521e-01 1.640056e+00 4.420051e+00 -4.260798e-01 -5.178238e+00 -2.118359e+00 -1.512926e-01 -6.955215e-01 -3.292655e+00 9.365437e-01 -4.635505e+00 -3.340534e-01 -1.344345e+00 2.195308e+00 -7.370626e-01 1.488717e-01 1.816116e+00 2.151240e-01 2.449317e+00 1.441076e-01 -6.720392e-01 -6.622837e-02 -7.462673e-01 -8.283712e-01 -2.124282e-01 -5.997430e-01 9.059824e-01 -6.642604e-01 -1.889407e-01 7.411940e-02 7.950611e-01 2.569337e-01 3.408181e-02 
-1.616852e+00 -5.846739e+00 3.447922e-01 -4.378858e-01 7.389257e+00 2.653101e+00 2.722215e+00 -1.468425e+00 4.070711e+00 3.330200e+00 -6.416572e-01 2.337781e+00 2.738673e-01 -1.496019e+00 -2.499367e+00 -1.111513e+00 -4.460660e+00 -1.107696e+00 -1.424073e+00 3.976809e+00 -2.239069e+00 -2.943833e-01 1.526827e+00 9.166647e-01 2.485096e+00 1.640086e-01 -7.297553e-01 1.111284e+00 -6.558257e-01 7.464542e-01 -4.905128e-01 -1.259362e-01 8.544324e-01 -2.992176e-01 -3.618085e-01 -4.125900e-01 8.408063e-01 -6.452549e-01 -1.070961e-02 
-5.812054e+00 -6.263766e+00 -5.225386e+00 -5.228706e+00 3.873305e+00 -3.318551e+00 4.879168e+00 -5.461982e+00 5.322130e+00 6.778102e+00 2.556662e+00 4.599656e+00 3.566471e-01 -2.703905e+00 1.164274e-01 -1.233626e+00 -2.877778e+00 -1.314837e+00 -1.320415e+00 4.688571e+00 -2.301882e+00 -1.380672e+00 1.036177e+00 2.658978e+00 1.179793e-01 1.309236e-01 -2.105402e-01 1.269225e+00 2.292642e-01 1.544176e+00 -2.170695e-01 5.213165e-01 2.829561e-01 4.131208e-01 -3.258568e-01 -6.448508e-01 6.588694e-01 -9.015682e-01 -3.995467e-02 
-7.989222e+00 -2.612118e+00 -1.278550e+01 -7.007376e+00 -1.879083e-01 -1.079094e+00 1.112372e+01 -8.733335e+00 6.241965e-01 7.252826e+00 2.498839e+00 2.210578e+00 4.147616e-01 -2.484354e+00 2.061948e+00 -2.628932e-01 4.177170e-01 -1.724025e+00 -2.067204e-01 4.488098e+00 -8.545001e-01 -1.599881e+00 -3.061614e-01 1.936925e+00 -1.029422e+00 3.807156e-02 4.140486e-01 3.884380e-01 9.472680e-01 1.251951e+00 1.302870e-02 2.756748e-01 -8.288409e-01 9.417138e-01 1.426388e-01 -6.784056e-01 5.180942e-01 -3.049105e-01 -4.989097e-02 
-1.189120e+01 2.586638e+00 -6.572784e+00 -2.985265e+00 3.829585e-01 -7.867200e-01 1.843644e+01 -6.236692e+00 -7.601200e-01 2.793801e+00 6.546466e+00 -1.465062e+00 4.328741e-01 -1.254142e+00 7.728551e-01 1.658562e+00 6.460941e-01 -1.111175e+00 6.536493e-01 3.354429e+00 6.363946e-01 -8.276325e-01 -4.915949e-01 2.999326e+00 -3.011800e-01 7.298043e-03 9.475712e-01 -6.744393e-01 4.892775e-01 3.436821e-01 -8.396656e-02 -2.140679e-01 -1.537480e+00 8.225828e-01 4.660917e-01 -4.699720e-01 3.876842e-02 4.185445e-01 -4.208759e-02 
-1.099915e+01 3.767589e-02 -2.959937e-01 5.290164e-01 5.143784e-01 3.532974e-01 1.838413e+01 -5.353759e+00 -8.877295e-01 3.791581e+00 7.047910e+00 2.231431e-01 4.261281e-01 -1.506278e-01 -8.853664e-01 2.178804e+00 3.737621e-02 -1.144353e+00 -1.032719e+00 4.997462e-01 1.000404e+00 1.422453e-01 -1.101264e+00 3.336885e+00 1.170126e+00 -2.363555e-02 9.395345e-01 -8.397091e-01 -2.170597e-01 -3.589556e-01 -1.207429e-01 -6.659077e-01 -1.546159e+00 3.935376e-01 3.949373e-01 -3.711291e-01 -3.974443e-01 3.895739e-01 -2.532794e-02 
-1.057754e+01 -3.724697e+00 -3.177201e+00 -5.766296e+00 -2.033811e+00 -7.666041e-01 1.802154e+01 -3.969890e+00 1.940126e+00 6.050745e+00 1.527870e+01 4.087335e+00 3.874787e-01 8.671329e-01 -1.782103e+00 -8.195166e-03 -9.691669e-01 -2.024362e+00 -1.977712e+00 -1.004775e+00 8.837852e-01 7.875687e-02 -9.159996e-01 2.152861e+00 1.110839e+00 -4.866545e-02 7.119971e-01 -1.379756e-01 -5.800434e-01 1.029406e-01 1.010954e-01 -3.862372e-01 -7.920442e-01 1.843953e-01 2.279866e-01 -2.681693e-01 -1.338351e+00 -6.945286e-02 -1.778971e-02 
-9.399246e+00 -3.883365e+00 -3.589051e+00 -5.430065e+00 -4.700994e+00 -6.253046e+00 1.382984e+01 -4.864610e+00 -1.490863e-02 1.180293e-01 1.481750e+01 5.285254e+00 3.192803e-01 1.152794e+00 -8.591021e-01 -5.147861e-01 -5.693989e-01 -1.871149e+00 -2.220486e+00 -1.063166e+00 9.895258e-01 -7.830764e-02 -1.949565e+00 3.729790e-01 2.123845e-01 -6.058810e-02 4.086993e-01 2.910768e-01 -3.881530e-01 4.966773e-01 5.437886e-01 7.300239e-01 1.825464e-01 2.473267e-01 9.020922e-02 3.801423e-02 -1.488566e+00 -3.674774e-01 -8.645486e-03 
-8.355359e+00 -4.362793e+00 -4.967324e+00 -4.851316e+00 -7.131321e+00 -7.372254e+00 1.568958e+01 -2.062583e+00 -8.027740e-01 5.071986e-02 1.342605e+01 1.558282e+00 2.429655e-01 1.654140e+00 6.979492e-02 1.051286e-01 1.464194e+00 -2.423495e-01 -6.835676e-01 1.756056e-01 1.563730e+00 4.226153e-01 -1.408258e+00 -2.210448e+00 -1.695791e-01 -6.317497e-02 1.245975e-01 3.233910e-01 1.906630e-01 7.249876e-01 1.001861e+00 1.339198e+00 6.983504e-01 1.458409e-01 -1.721258e-01 5.459127e-02 -8.829874e-01 -1.940997e-01 -1.088792e-03 
-6.346202e+00 -3.938918e+00 -1.975436e+00 -2.775674e+00 -6.292719e+00 -7.446128e+00 1.423418e+01 -1.359666e+00 9.225517e-02 -2.956261e+00 9.839153e+00 2.549371e+00 1.954444e-01 1.499279e+00 -3.559719e-01 1.814258e-01 1.303812e+00 6.836358e-01 1.970309e+00 8.222399e-01 1.897093e+00 4.212721e-01 -6.649994e-01 -1.924280e+00 -2.712159e-02 -5.961483e-02 -4.847420e-02 7.328779e-02 1.429427e-02 5.804214e-01 1.063181e+00 1.303012e+00 3.747742e-01 -7.044112e-02 -4.847184e-01 2.822979e-01 -4.391777e-02 -2.344720e-01 -2.127993e-04 
-3.833329e+00 -3.348003e+00 -3.457981e+00 2.276114e-01 -2.449535e+00 -3.588034e+00 1.869744e+01 2.096524e+00 3.999856e+00 5.464966e-01 6.715773e+00 4.607418e+00 1.335177e-01 1.316806e+00 -4.166298e-01 5.971334e-01 1.719121e+00 1.707538e+00 2.622710e+00 1.544332e+00 1.159249e+00 -1.031709e+00 -1.285257e+00 -1.113378e+00 2.599648e-01 -5.459476e-02 -1.923167e-01 9.080584e-02 -3.075013e-01 3.317360e-01 4.663812e-01 4.725843e-01 -5.610237e-01 -2.247097e-01 -6.321952e-01 6.814437e-02 3.767743e-01 -4.871335e-01 -2.557170e-03 
-4.163961e+00 -6.170924e+00 -3.435845e+00 -1.449746e+00 -3.623653e+00 1.706266e+00 1.643740e+01 2.541205e+00 -3.099616e-01 -3.455300e+00 8.550852e+00 3.625094e+00 7.594777e-02 1.079032e+00 -2.495749e-01 -6.892599e-01 2.205232e+00 2.469873e+00 2.641419e+00 1.264979e-01 8.396877e-01 -1.774766e+00 -5.995173e-01 -3.951150e-01 -1.174806e+00 -6.594113e-02 -1.397451e-01 5.417034e-01 -4.046892e-01 4.048681e-01 -3.464294e-02 -6.619458e-01 -1.370594e+00 -3.656169e-01 -1.764325e-01 1.762049e-01 -5.862157e-02 -5.165911e-01 -2.607514e-03 
-2.862669e+00 -5.329641e+00 -1.251347e+00 3.081461e+00 7.191896e-02 1.165217e+00 2.230980e+01 1.783104e+00 -5.760157e+00 -6.126030e+00 8.503205e+00 2.320253e+00 2.972672e-02 9.027123e-01 4.706375e-01 -9.970667e-01 2.672132e+00 1.196457e+00 1.343794e+00 -2.281575e+00 9.688222e-01 -1.640267e+00 -1.100332e+00 -1.091082e+00 -2.031345e+00 -7.279250e-02 -1.791098e-01 6.556754e-01 -3.481315e-01 1.138559e-01 -5.265025e-01 -1.127432e+00 -1.757913e+00 -4.502223e-01 6.292600e-01 3.970621e-01 -3.307780e-01 -4.794803e-02 2.539361e-03 
-1.436478e+00 -4.195755e+00 -6.525016e+00 6.823696e+00 4.796256e+00 3.384211e+00 1.306040e+01 2.995530e+00 -3.901711e+00 -2.617045e+00 6.969733e+00 -2.180959e+00 -8.237384e-02 1.007636e+00 1.908918e+00 -1.044940e+00 2.851509e+00 7.660201e-01 -6.999919e-01 -4.117873e+00 1.640713e-01 -1.566608e-01 1.234108e-01 -2.228508e+00 -1.464441e+00 -6.355276e-02 -2.402045e-01 4.479016e-01 6.075782e-02 -4.259023e-01 -6.173618e-01 -1.075047e+00 -9.787612e-01 -4.749563e-01 1.072440e+00 2.757764e-01 -1.454829e-01 7.209512e-01 1.340033e-02 
-6.835990e-01 -1.982393e+00 -6.898420e+00 9.451491e+00 -6.774379e-01 2.292402e+00 8.978333e+00 6.713706e+00 -2.405648e+00 -5.374063e+00 2.050593e+00 -2.645954e+00 -1.512926e-01 4.569835e-01 1.782600e+00 -9.656503e-01 1.964983e+00 -7.310742e-02 -1.343801e+00 -5.123083e+00 -7.540231e-01 1.305454e+00 3.386627e-01 -1.850480e+00 1.649931e-01 -4.309471e-02 -2.584535e-01 -6.241309e-03 1.979166e-01 -8.577817e-01 -1.763598e-01 -4.301269e-01 8.586837e-02 -3.966236e-01 9.688163e-01 3.688629e-01 3.000786e-01 6.844741e-01 1.953563e-02 
-2.150704e-01 1.700076e+00 -5.837045e+00 9.623090e+00 5.810298e-01 -2.356802e+00 2.514013e+00 8.964208e-01 -2.770499e+00 -3.214231e+00 6.346176e-01 -1.213910e+00 -1.512926e-01 1.009526e-01 1.334053e+00 -4.010884e-01 4.293733e-01 1.785087e-02 -1.390028e+00 -3.346523e+00 -6.735480e-01 2.114596e+00 5.996184e-02 -7.429312e-01 1.331748e+00 -1.378751e-02 -2.750646e-01 -4.312457e-01 2.662930e-01 -8.424397e-01 1.698495e-01 3.867858e-01 7.853085e-01 3.038169e-02 3.834403e-01 7.360933e-02 4.649063e-01 1.881182e-01 1.702009e-02 
-1.188266e+00 6.354396e-01 -6.423656e+00 1.150687e+01 1.813891e+00 -2.683165e+00 1.967357e+00 -9.374866e-01 2.015340e-01 -4.134324e+00 2.418349e+00 2.661801e+00 -1.512926e-01 6.379539e-02 7.268480e-01 -3.292792e-01 -4.055632e-01 6.887304e-01 -4.617858e-01 -2.237857e+00 -5.954124e-01 2.068121e+00 7.757742e-01 -3.335783e-01 -7.107683e-03 -1.542945e-06 -2.752437e-01 -4.064343e-01 4.972412e-01 -5.320227e-01 3.759153e-01 6.205857e-01 6.812972e-01 8.769975e-01 -1.325415e-01 -2.312626e-01 1.563534e-01 -3.612288e-01 9.997045e-03 
-6.794780e-01 1.165475e+00 -8.767185e+00 7.942567e+00 3.639837e+00 -1.078401e+00 -1.669649e-01 3.453069e+00 5.367604e+00 -2.937284e+00 3.071521e+00 1.823958e+00 -1.512926e-01 -1.710603e-01 2.806236e-01 -3.157054e-02 -1.752433e-01 1.234356e+00 7.930923e-01 -1.633893e+00 2.367094e-01 1.379240e+00 2.730113e-01 -6.625544e-01 -4.376900e-01 -1.542945e-06 -3.420204e-01 -3.273239e-01 5.813930e-01 -1.153034e-01 2.047772e-01 3.156025e-01 3.987267e-01 1.153559e+00 -6.624920e-01 -3.666115e-01 4.457733e-02 -2.640513e-01 2.757520e-03 
-1.323329e-01 1.918862e+00 -7.080170e+00 8.263601e+00 1.236999e+00 -6.559665e-01 -8.705267e-01 2.458698e+00 3.865901e+00 -1.633794e+00 -8.354807e-01 -4.200445e+00 -1.512926e-01 -7.831684e-01 2.770503e-01 1.335795e+00 -3.926117e-01 1.198196e+00 6.676806e-01 -2.573077e+00 3.175922e+00 1.010488e+00 -9.241319e-01 -1.108807e+00 -7.563077e-01 -1.542945e-06 -2.354951e-01 -1.946475e-01 2.281990e-01 6.673846e-02 -5.124148e-02 -2.750345e-02 7.098060e-01 5.653495e-01 -1.070506e+00 -2.126089e-01 3.972416e-01 2.572989e-01 3.253048e-07 
-1.598783e+00 2.461073e+00 -5.666945e+00 1.036837e+01 7.041314e+00 5.946884e-01 -4.236459e+00 3.820910e-01 2.293343e+00 -3.099479e+00 -1.051046e+00 2.858132e-02 -1.512926e-01 -1.185744e+00 -7.760651e-02 1.673335e+00 -1.536576e-01 7.870201e-01 -3.767278e-01 -1.185336e+00 3.208439e+00 -6.689562e-01 -9.232848e-01 -1.322463e-01 3.860902e-01 -1.542945e-06 1.668033e-01 -7.741858e-03 -4.268558e-01 -2.798150e-02 -4.180220e-01 -1.459661e-01 1.085757e+00 -7.167882e-01 -8.397039e-01 2.723882e-01 5.657454e-01 2.325480e-01 3.253048e-07 
-4.644536e+00 1.372846e+00 -1.295037e+00 8.330721e+00 6.104430e+00 -1.811616e-01 -8.862667e+00 1.647794e+01 6.791049e+00 -8.674003e+00 -1.064923e+00 -2.223207e-01 -1.512926e-01 -6.063757e-01 -6.715441e-02 -4.092068e-02 -8.285636e-02 6.562986e-01 -1.441530e-02 1.086792e+00 7.455272e-01 -2.260287e+00 3.107927e-01 1.387443e+00 8.673681e-01 -1.542945e-06 5.209579e-01 1.288430e-01 -9.759980e-01 -4.975132e-02 -4.103914e-01 1.949828e-01 9.912916e-01 -2.039112e+00 -3.196401e-01 6.084832e-01 4.596874e-01 -4.248583e-03 3.253048e-07 
-4.351943e+00 1.050564e+00 -3.292542e+00 7.140931e+00 5.141563e+00 -3.199242e+00 -2.098114e+00 1.248545e+01 5.600392e-01 -4.033508e+00 2.524744e+00 1.765364e+00 -1.512926e-01 5.744508e-01 4.140889e-01 -1.477664e+00 -4.701045e-01 -5.848100e-01 4.042400e-01 1.964892e+00 -2.131925e+00 -1.183938e+00 1.017456e+00 9.180025e-01 -8.688012e-02 -1.542945e-06 4.838199e-01 2.086862e-01 -7.064486e-01 -1.884354e-01 -2.268241e-01 6.765814e-01 6.459263e-04 -1.659484e+00 6.592572e-01 1.247249e-01 -1.728029e-01 -4.011548e-01 3.253048e-07 
-1.787399e+00 2.288327e+00 -8.471258e+00 9.462890e+00 5.468418e+00 1.168686e+00 3.494674e+00 1.340339e-01 -6.568820e+00 3.872669e-01 4.314026e+00 -7.321376e-01 -1.512926e-01 9.415262e-01 6.753915e-01 -1.968734e+00 -4.830560e-01 -1.676693e-01 1.252210e+00 8.083161e-01 -4.349435e+00 -3.302914e-01 1.147912e+00 6.646095e-01 -5.410637e-01 -1.542945e-06 3.509267e-02 2.308331e-03 6.943168e-02 -3.422744e-02 8.795812e-02 5.451323e-01 -6.675952e-01 -1.517317e-01 1.102100e+00 -2.209885e-01 -5.063160e-01 -2.754529e-01 3.253048e-07 
-1.551570e-01 4.073627e+00 -9.466806e+00 7.451834e+00 4.435134e+00 1.941067e+00 -5.909124e-01 -2.105444e+00 3.053712e+00 -2.542916e+00 8.492575e-01 -1.509564e-01 -1.512926e-01 4.595080e-01 5.944547e-01 -8.949631e-01 -8.955595e-01 6.482114e-02 2.372757e+00 -1.042953e+00 -2.541553e+00 1.662297e+00 -7.181135e-01 -6.349075e-01 -9.154750e-01 -1.542945e-06 -4.037805e-01 -2.346040e-01 5.202194e-01 3.095417e-01 4.599699e-01 2.379041e-01 -5.694419e-01 8.282435e-01 2.557743e-01 -2.188174e-02 -1.360888e-01 4.724129e-02 3.253048e-07 
-2.035612e+00 3.238052e+00 -8.051835e+00 5.759913e+00 5.619042e+00 3.509415e+00 -5.575188e+00 2.026339e+00 3.892692e+00 -3.679763e+00 3.096038e+00 -1.969620e+00 -1.512926e-01 -3.734922e-01 -1.459472e-01 1.499320e-02 -4.119588e-02 7.712390e-01 1.726882e+00 -7.472594e-01 1.915592e-01 1.827152e+00 7.351568e-02 -3.675796e-01 -9.556539e-02 -1.542945e-06 -3.481120e-01 -2.704426e-01 3.596259e-01 4.615060e-01 1.337811e-01 -4.571563e-01 1.782071e-01 1.161974e+00 -3.715454e-01 4.038022e-01 1.592579e-01 2.463436e-01 3.253048e-07 
-1.930367e+00 3.548158e+00 -7.976688e+00 4.515035e+00 5.390470e+00 7.494447e+00 -2.778542e+00 -1.168399e+00 3.640998e+00 -5.590520e+00 -4.075795e-02 -2.193479e+00 -1.512926e-01 -7.869551e-01 -3.483785e-01 1.316830e-01 8.567709e-01 1.245539e+00 1.356411e+00 -1.045178e-01 -2.613472e-01 -9.837120e-01 1.445249e+00 7.536816e-01 -7.347457e-02 -1.542945e-06 -7.432490e-02 -1.284837e-01 4.635209e-02 4.633859e-01 -2.750464e-01 -1.021076e+00 4.931483e-01 8.070284e-01 -4.755057e-01 8.330566e-01 3.572600e-01 1.190187e-01 3.253048e-07 
-2.766935e+00 1.821455e+00 -9.141171e+00 1.072550e+01 8.846926e+00 7.026926e+00 8.519173e-01 6.231831e-01 2.273250e+00 2.278750e+00 2.921180e+00 -1.885165e-01 -1.512926e-01 -1.757937e-01 -2.053544e-01 -6.840238e-01 9.482945e-01 -8.913696e-02 -5.254162e-01 1.230073e+00 3.202257e-01 -8.650630e-01 2.085245e+00 7.666132e-01 2.696885e-01 -1.542945e-06 3.939311e-01 3.169351e-01 1.715906e-01 7.425784e-02 -6.067812e-01 -9.196935e-01 1.068702e-01 1.966858e-01 -8.868793e-02 6.712425e-02 -2.344772e-01 -2.638484e-01 3.253048e-07 
-3.724280e+00 3.040193e+00 -8.263877e+00 9.252666e+00 9.048762e+00 6.964497e+00 -4.326982e+00 -2.710853e+00 -1.055173e+00 1.704100e+00 4.704912e+00 -1.408972e+00 -1.512926e-01 -1.099239e-02 -1.819927e-02 -3.137580e-01 9.264929e-01 -8.803002e-01 -1.606371e+00 4.340197e-01 1.429332e+00 6.309004e-01 2.441288e+00 5.842327e-01 -5.030184e-01 -1.542945e-06 7.890117e-01 6.284212e-01 5.630308e-01 -8.449814e-02 -5.365717e-01 -5.627207e-01 -1.760474e-01 1.304395e-01 3.280147e-01 -7.646063e-01 -5.759321e-01 -1.644393e-01 3.253048e-07 
-2.017543e+00 2.465259e+00 -1.132800e+01 8.132528e+00 3.344613e+00 1.147529e+00 1.349792e+00 4.398686e+00 1.915450e+00 3.099213e+00 4.555959e+00 -1.013338e+00 -1.512926e-01 1.208254e+00 1.273663e+00 1.095683e+00 2.951100e-01 -1.199773e+00 -1.390137e+00 -4.822576e-01 3.297003e-01 5.764562e-01 -8.887631e-02 -1.455285e+00 -1.199918e+00 -1.542945e-06 6.412532e-01 5.090752e-01 7.911384e-01 -3.713817e-02 4.150581e-02 3.003710e-01 -5.342073e-01 -4.055482e-01 -9.071022e-02 -1.243847e+00 -2.411938e-01 3.513115e-01 3.253048e-07 
-2.359905e+00 3.135317e+00 -8.452035e+00 1.044372e+01 3.740378e+00 2.401999e+00 -8.569483e-01 4.090624e+00 6.974356e+00 6.205527e+00 2.063083e+00 -4.295848e+00 -1.512926e-01 2.466077e+00 2.054265e+00 2.057065e+00 7.607144e-01 -8.820398e-01 -1.024779e+00 -1.284727e-01 3.861966e-01 -6.442794e-02 -1.290679e+00 -1.015053e+00 -1.608938e-01 -1.542945e-06 2.541326e-01 1.294363e-01 1.656051e-01 -1.789149e-01 2.261351e-01 4.799800e-01 -2.751566e-02 -6.993980e-01 -5.869935e-01 -1.132653e+00 6.014339e-02 6.606971e-01 3.253048e-07 
2.591980e+00 8.142302e+00 -3.568663e+00 1.160565e+01 5.501555e+00 2.357605e+00 -3.294521e+00 -1.129289e+00 1.140627e+00 -4.162947e-01 -3.034152e+00 -4.744817e+00 -1.512926e-01 1.791961e+00 1.303768e+00 2.086238e+00 8.455463e-01 1.192470e-01 6.855189e-01 -1.159584e+00 -1.185875e+00 -9.709964e-01 -2.267911e+00 3.603818e-01 1.855225e+00 -1.542945e-06 -2.684099e-01 -3.104340e-01 -5.860289e-01 -3.605322e-01 6.270631e-02 2.512427e-01 3.744270e-01 -2.749426e-01 -1.924610e-01 -1.127094e-01 2.719417e-01 2.540123e-01 3.253048e-07 
6.301218e+00 1.047286e+01 -1.858347e+00 1.131944e+01 3.560006e+00 1.235623e+00 -2.646781e+00 1.984550e+00 -9.896056e-01 -2.991547e+00 3.425399e+00 -3.477717e-01 -1.512926e-01 9.677967e-01 6.138402e-01 1.892026e-02 -2.432384e-01 -4.091064e-01 -2.442461e-01 6.350917e-01 -1.309863e+00 -1.530304e+00 -2.132542e+00 -2.288485e-02 1.272839e+00 -1.542945e-06 -5.802308e-01 -4.248945e-01 -7.697020e-01 -4.076497e-01 -7.118332e-02 -2.285511e-01 2.199939e-01 -1.530067e-01 4.406634e-01 8.179370e-01 -5.912077e-02 -5.986746e-01 3.253048e-07 
2.611634e+00 5.315195e+00 -4.193720e+00 1.192289e+01 4.030707e+00 5.158573e+00 -3.553013e+00 -4.778043e-01 1.042629e+00 -3.641512e+00 5.676805e+00 6.288863e+00 -1.512926e-01 6.153947e-01 4.416932e-01 -8.152999e-01 -1.005647e+00 -1.122731e+00 -5.241110e-01 1.007891e+00 -1.970139e-01 3.470381e-01 -2.314458e-01 -5.917649e-01 -6.467032e-01 -1.542945e-06 -4.826892e-01 -2.152015e-01 -3.754719e-01 -1.985017e-01 -4.463353e-02 -6.155908e-01 -2.672146e-01 2.399320e-01 7.239328e-01 1.000649e+00 -2.067941e-01 -1.018749e+00 3.253048e-07 
2.469301e+00 7.618355e+00 -8.045426e+00 9.069670e+00 2.430699e+00 -2.200061e-01 2.447630e+00 -2.784252e+00 -6.282803e-01 -2.844474e+00 -2.406423e+00 -3.448740e+00 -1.512926e-01 1.533356e-01 3.607564e-01 -3.406864e-01 -3.518147e-01 -6.168690e-01 -1.562646e+00 -1.121534e-01 -8.732152e-01 1.479980e+00 1.780792e+00 -8.346789e-01 -1.903331e+00 -1.542945e-06 -5.271984e-01 -3.217405e-01 1.983224e-01 1.510889e-01 2.870619e-01 -8.336712e-02 -1.033479e+00 -3.127475e-02 3.760627e-01 6.573400e-01 1.435103e-01 -1.344948e-01 3.253048e-07 
7.584758e+00 1.177797e+01 -4.551395e+00 7.701950e+00 4.529989e-01 4.646286e-01 -8.021318e-01 2.701170e-01 2.695207e+00 -1.646841e+00 -3.077172e+00 -6.427764e+00 -1.512926e-01 -2.142132e-01 3.543243e-01 3.888121e-01 -9.256994e-02 -4.256268e-05 -1.733197e+00 -2.121975e+00 -2.046169e-01 1.143554e+00 7.786544e-01 -2.678054e-01 -1.650420e+00 -1.542945e-06 -6.736261e-01 -5.376800e-01 1.283734e-01 1.875943e-01 4.447480e-01 3.502477e-01 -8.113538e-01 -5.274841e-01 -5.226923e-01 -1.583385e-02 1.890739e-01 7.460266e-01 3.253048e-07 
4.581167e+00 9.045607e+00 -3.383417e+00 1.167024e+01 2.264635e+00 -4.230703e+00 -4.582959e+00 -2.755321e+00 5.584047e+00 4.915084e+00 3.628937e+00 -3.506083e+00 -1.512926e-01 -1.253432e+00 -9.512057e-01 4.084474e-01 5.572410e-02 4.648140e-01 -5.672678e-02 -2.967435e+00 -1.462508e+00 -4.839912e-02 6.490458e-01 5.327292e-01 1.102059e+00 -1.542945e-06 -4.219784e-01 -4.220679e-01 -1.578643e-01 -1.304028e-01 1.820034e-01 7.613234e-01 2.077994e-02 -4.705705e-01 -9.380093e-01 -4.490595e-01 -1.273755e-01 8.716067e-01 3.253048e-07 
4.845526e-01 6.373363e+00 -4.580522e+00 1.016005e+01 4.113551e+00 -1.501875e+00 -1.064747e+01 -1.515036e+00 3.654041e+00 -3.628169e+00 1.320170e+00 -1.934314e+00 -1.512926e-01 -2.049433e+00 -1.590749e+00 -5.478857e-01 -2.717316e-01 5.602456e-01 4.740702e-01 -1.621166e+00 -2.539681e+00 -1.502276e+00 2.552219e-01 -3.300110e-01 1.580694e+00 -1.542945e-06 -1.435075e-01 -2.088852e-01 -3.171389e-01 -2.613855e-01 -4.258821e-02 6.944103e-01 6.435459e-01 -4.303842e-01 -7.900082e-01 -2.815038e-01 -4.317986e-01 4.716168e-01 3.253048e-07 
-2.477216e-01 5.564422e+00 -5.988503e+00 8.119231e+00 2.924370e+00 4.798889e-01 -7.466607e+00 -9.204268e+00 -1.349521e+00 1.391274e+00 -1.941524e+00 -1.850109e-01 -1.512926e-01 -1.039009e+00 -7.770934e-01 -6.617705e-01 -9.143391e-01 1.300473e-02 1.140286e+00 -2.585782e-01 -2.058585e+00 -1.887146e+00 -2.028133e-01 -1.440347e+00 8.392354e-01 -1.542945e-06 1.439216e-01 1.162105e-01 -2.254292e-01 -2.582929e-01 -1.450901e-01 3.060058e-01 6.780428e-01 -7.110409e-02 -4.062238e-01 -2.161793e-01 -5.056353e-01 -1.267450e-01 3.253048e-07 
