0.194174330285 0.56842128687
0.20388377981 0.56842128687
0.213591763314 0.578948372299
0.213591763314 0.589473868255
0.223301212838 0.61052644964
0.223301212838 0.631579031025
0.223301212838 0.65263161241
0.223301212838 0.673684193795
0.223301212838 0.69473677518
0.223301212838 0.715790946039
0.213591763314 0.736843527424
0.194174330285 0.74736902338
0.184466346781 0.74736902338
0.165048913753 0.74736902338
0.155339464228 0.74736902338
0.155339464228 0.726316441995
0.155339464228 0.705263860609
0.155339464228 0.673684193795
0.165048913753 0.642106116454
0.20388377981 0.589473868255
0.233009196343 0.557895790914
0.252426629371 0.5263161241
0.2718440624 0.505263542715
0.291261495428 0.473685465374
0.300970944952 0.452632883989
0.300970944952 0.421053217175
0.291261495428 0.40000063579
0.281553511924 0.389475139834
0.262136078895 0.378948054405
0.252426629371 0.378948054405
0.252426629371 0.389475139834
0.262136078895 0.40000063579
0.2718440624 0.421053217175
0.291261495428 0.44210579856
0.300970944952 0.463158379945
0.310678928457 0.48421096133
0.330096361485 0.505263542715
0.330096361485 0.536843209529
0.33980581101 0.557895790914
0.33980581101 0.621053535069
0.33980581101 0.642106116454
0.33980581101 0.663158697839
0.33980581101 0.684211279224
0.33980581101 0.726316441995
0.33980581101 0.736843527424
0.330096361485 0.74736902338
0.330096361485 0.768421604765
0.330096361485 0.778948690194
0.320388377981 0.778948690194
0.310678928457 0.78947418615
0.310678928457 0.778948690194
0.330096361485 0.778948690194
0.359223244038 0.778948690194
0.388350126591 0.778948690194
0.417475543124 0.778948690194
0.466019858705 0.78947418615
0.475727842209 0.78947418615
0.495145275238 0.78947418615
0.504854724762 0.800001271579
0.514562708266 0.800001271579
0.524272157791 0.800001271579
0.524272157791 0.78947418615
0.514562708266 0.78947418615
0.514562708266 0.778948690194
0.504854724762 0.768421604765
0.504854724762 0.74736902338
0.495145275238 0.705263860609
0.495145275238 0.65263161241
0.495145275238 0.631579031025
0.504854724762 0.600000953684
0.524272157791 0.589473868255
0.553397574324 0.578948372299
0.563107023848 0.578948372299
0.572815007352 0.578948372299
0.582524456876 0.600000953684
0.582524456876 0.642106116454
0.582524456876 0.673684193795
0.572815007352 0.715790946039
0.572815007352 0.736843527424
0.563107023848 0.757896108809
