0.106796614667 0.589473868255
0.106796614667 0.600000953684
0.106796614667 0.61052644964
0.106796614667 0.631579031025
0.106796614667 0.673684193795
0.06796028259 0.69473677518
0.0485428495614 0.69473677518
0.0291254165329 0.69473677518
0.0 0.663158697839
0.0 0.61052644964
0.0485428495614 0.557895790914
0.06796028259 0.5263161241
0.116504598171 0.463158379945
0.145631480724 0.410527721219
0.174756897257 0.357895473019
0.184466346781 0.336842891634
0.165048913753 0.294737728864
0.1359220312 0.284210643435
0.116504598171 0.284210643435
0.126214047695 0.30526322482
0.165048913753 0.34736838759
0.213591763314 0.389475139834
0.233009196343 0.421053217175
0.252426629371 0.48421096133
0.2718440624 0.56842128687
0.281553511924 0.600000953684
0.281553511924 0.663158697839
0.2718440624 0.715790946039
0.262136078895 0.726316441995
0.242718645867 0.736843527424
0.233009196343 0.736843527424
0.242718645867 0.736843527424
0.2718440624 0.726316441995
0.330096361485 0.715790946039
0.359223244038 0.715790946039
0.427184992648 0.715790946039
0.475727842209 0.705263860609
0.524272157791 0.69473677518
0.563107023848 0.663158697839
0.582524456876 0.65263161241
0.601941889905 0.61052644964
0.601941889905 0.578948372299
0.582524456876 0.547368705485
0.543689590819 0.536843209529
0.533980141295 0.536843209529
0.514562708266 0.578948372299
0.514562708266 0.589473868255
0.553397574324 0.621053535069
0.582524456876 0.631579031025
