0.291261495428 0.768421604765
0.281553511924 0.757896108809
0.281553511924 0.74736902338
0.281553511924 0.726316441995
0.281553511924 0.715790946039
0.300970944952 0.705263860609
0.320388377981 0.69473677518
0.33980581101 0.69473677518
0.359223244038 0.705263860609
0.378640677067 0.715790946039
0.407767559619 0.74736902338
0.417475543124 0.768421604765
0.417475543124 0.778948690194
0.427184992648 0.800001271579
0.427184992648 0.810526767535
0.407767559619 0.83157934892
0.398058110095 0.842106434349
0.378640677067 0.842106434349
0.359223244038 0.842106434349
0.33980581101 0.842106434349
0.300970944952 0.842106434349
0.281553511924 0.83157934892
0.2718440624 0.821053852964
0.252426629371 0.800001271579
0.233009196343 0.768421604765
0.223301212838 0.736843527424
0.223301212838 0.715790946039
0.223301212838 0.684211279224
0.233009196343 0.642106116454
0.252426629371 0.631579031025
0.291261495428 0.61052644964
0.310678928457 0.61052644964
0.330096361485 0.61052644964
0.349513794514 0.61052644964
0.368931227542 0.621053535069
0.388350126591 0.631579031025
0.427184992648 0.642106116454
0.446602425676 0.642106116454
0.504854724762 0.642106116454
0.533980141295 0.642106116454
0.582524456876 0.642106116454
0.601941889905 0.631579031025
0.621359322933 0.621053535069
0.640776755962 0.600000953684
0.640776755962 0.589473868255
0.650484739466 0.56842128687
0.640776755962 0.557895790914
0.611649873409 0.547368705485
0.592232440381 0.547368705485
0.572815007352 0.536843209529
0.533980141295 0.536843209529
0.524272157791 0.547368705485
0.504854724762 0.557895790914
0.504854724762 0.56842128687
0.504854724762 0.600000953684
0.514562708266 0.61052644964
0.524272157791 0.631579031025
0.553397574324 0.673684193795
0.582524456876 0.726316441995
0.592232440381 0.74736902338
0.621359322933 0.78947418615
0.631067306438 0.800001271579
0.640776755962 0.83157934892
0.640776755962 0.842106434349
0.631067306438 0.852631930305
0.611649873409 0.863159015734
0.601941889905 0.87368451169
0.592232440381 0.87368451169
0.582524456876 0.884211597119
0.592232440381 0.894737093075
0.611649873409 0.894737093075
0.621359322933 0.894737093075
0.631067306438 0.894737093075
0.650484739466 0.905264178504
0.689321071543 0.905264178504
0.7281559376 0.91578967446
0.776698787162 0.91578967446
0.834951086247 0.91578967446
0.8640779688 0.91578967446
0.922330267886 0.91578967446
0.961165133943 0.91578967446
0.970874583467 0.91578967446
0.990292016496 0.905264178504
1.0 0.884211597119
0.990292016496 0.863159015734
0.970874583467 0.852631930305
0.961165133943 0.842106434349
0.922330267886 0.83157934892
0.883495401829 0.83157934892
0.8640779688 0.842106434349
0.8640779688 0.863159015734
0.8640779688 0.87368451169
0.873785952305 0.884211597119
0.883495401829 0.894737093075
0.893203385333 0.905264178504
0.912620818362 0.91578967446
0.922330267886 0.926316759889
