0.183334130278 0.361112451004
0.191666813472 0.361112451004
0.208333438194 0.361112451004
0.216667379722 0.361112451004
0.233334004444 0.361112451004
0.233334004444 0.375000262153
0.241666687639 0.388890170525
0.241666687639 0.402777981674
0.250000629167 0.430555701196
0.250000629167 0.444445609568
0.241666687639 0.458333420718
0.241666687639 0.47222332909
0.233334004444 0.486111140239
0.225000062917 0.486111140239
0.216667379722 0.486111140239
0.200000755 0.486111140239
0.191666813472 0.486111140239
0.17500018875 0.47222332909
0.166667505556 0.458333420718
0.158333564028 0.430555701196
0.150000880833 0.416667890047
0.141666939306 0.388890170525
0.141666939306 0.361112451004
0.141666939306 0.333334731482
0.150000880833 0.277777195216
0.158333564028 0.263889384067
0.166667505556 0.236111664545
0.183334130278 0.222221756173
0.191666813472 0.194444036651
0.208333438194 0.180556225502
0.225000062917 0.15277850598
0.266667253889 0.125000786459
0.283333878611 0.125000786459
0.300000503333 0.125000786459
0.341666435972 0.138888597608
0.358333060694 0.15277850598
0.374999685417 0.166666317129
0.400000251667 0.180556225502
0.416666876389 0.194444036651
0.425000817917 0.222221756173
0.441667442639 0.249999475694
0.441667442639 0.30555701196
0.441667442639 0.347222542631
0.433333501111 0.375000262153
0.425000817917 0.388890170525
0.400000251667 0.430555701196
0.391666310139 0.444445609568
0.383333626944 0.444445609568
0.374999685417 0.444445609568
0.374999685417 0.458333420718
0.391666310139 0.458333420718
0.416666876389 0.458333420718
0.441667442639 0.458333420718
0.475000692083 0.458333420718
0.549999874167 0.458333420718
0.575000440417 0.458333420718
0.608333689861 0.458333420718
0.641666939306 0.47222332909
0.6499996225 0.47222332909
0.666667505556 0.47222332909
0.666667505556 0.458333420718
0.666667505556 0.444445609568
0.666667505556 0.430555701196
0.658333564028 0.416667890047
0.658333564028 0.388890170525
0.658333564028 0.375000262153
0.67500018875 0.347222542631
0.683334130278 0.333334731482
0.700000755 0.31944482311
0.716667379722 0.31944482311
0.725000062917 0.31944482311
0.741666687639 0.361112451004
0.741666687639 0.375000262153
0.733334004444 0.416667890047
0.708333438194 0.458333420718
0.700000755 0.47222332909
0.683334130278 0.486111140239
