-7.703815e+00 3.161514e+00 -9.627953e+00 1.509061e+00 -4.002309e+00 6.540467e+00 5.058997e+00 -5.821962e-01 2.625476e+00 -1.230833e+00 7.675692e-01 -1.973731e-01 -1.512926e-01 1.338592e-01 -8.680294e-01 -1.537582e-01 1.510987e+00 1.367636e+00 5.502478e-02 -7.486858e-01 5.119597e-01 -1.402827e-01 5.887006e-01 -5.222284e-01 6.114591e-01 1.252746e-07 -4.885631e-02 7.863608e-02 2.929704e-02 -2.695408e-01 3.152991e-02 5.337598e-02 2.267494e-01 1.630778e-02 3.150972e-01 1.164941e-01 3.313768e-01 9.614314e-02 6.231792e-08 
-7.183290e+00 1.625940e+00 -9.390388e+00 6.591321e+00 -5.643453e-01 7.389219e+00 4.867280e+00 3.024831e-01 -3.911205e-01 -2.001785e+00 -1.541613e+00 2.577021e+00 -1.512926e-01 -6.750987e-02 -6.647925e-01 -1.180168e-01 9.670410e-01 1.603373e+00 -1.660088e-02 -2.165745e-01 6.296916e-01 -2.095752e-01 1.298223e+00 5.543314e-01 7.358552e-01 1.252746e-07 -6.313270e-02 1.607987e-01 -3.922211e-02 -5.185085e-01 -1.671832e-01 1.205000e-02 2.301030e-01 -1.496217e-01 5.043117e-01 -3.105108e-03 3.457513e-01 7.573185e-02 6.231792e-08 
-7.294997e+00 -4.102953e-01 -1.051585e+01 6.522478e+00 1.116542e+00 6.391228e+00 1.411899e+00 1.535392e+00 3.432146e+00 2.098196e+00 -6.894439e-01 1.472292e+00 -1.512926e-01 -9.716042e-03 -5.763084e-01 -2.528691e-02 4.351476e-01 1.407428e+00 3.577485e-01 1.190989e-01 5.346820e-01 1.469948e+00 8.164191e-01 5.964767e-01 1.029752e+00 1.252746e-07 -2.920226e-02 3.489331e-01 -2.263921e-02 -6.311737e-01 -4.739668e-01 -3.639884e-02 1.398716e-01 -3.325468e-01 2.491174e-01 -6.788104e-01 -6.459587e-02 -9.505191e-02 6.231792e-08 
-8.246125e+00 1.623701e+00 -9.774054e+00 3.837556e+00 1.454683e+00 6.531283e+00 5.799754e+00 1.507622e+00 1.173905e+00 3.595930e+00 4.267665e+00 2.646899e+00 -1.512926e-01 -1.100469e-01 -2.098032e-01 -4.143243e-01 -5.437047e-01 5.117421e-01 -3.598193e-02 -3.190815e-02 -2.474922e-01 1.576155e+00 4.593375e-01 6.470743e-01 7.808302e-01 1.252746e-07 5.024621e-02 3.284224e-01 1.017378e-02 -3.873179e-01 -7.221130e-01 -9.533036e-02 -2.089684e-01 -3.533248e-01 -1.346809e-01 -9.915420e-01 -5.868372e-01 -5.043402e-01 6.231792e-08 
-7.221298e+00 2.811382e-01 -9.562622e+00 5.062103e+00 2.025321e+00 8.758397e+00 5.188295e+00 1.488667e+00 9.192287e+00 5.239432e-02 8.451133e-01 4.916622e+00 -1.512926e-01 9.178093e-03 6.491462e-01 -1.188403e-01 -8.895833e-01 -4.564894e-01 -1.170875e-01 -1.415308e-01 -7.120526e-01 2.124790e-01 -2.385762e+00 -8.915794e-01 1.137446e-01 1.252746e-07 1.372296e-02 2.462598e-01 1.437544e-01 1.021931e-01 -6.075013e-01 -2.541162e-01 -3.517189e-01 -1.115041e-01 -5.097025e-01 -3.284511e-01 -3.649622e-01 -8.320392e-01 6.231792e-08 
-7.770561e+00 2.305345e-01 -1.193885e+01 4.603142e+00 1.540298e+00 6.025400e+00 2.819529e+00 -9.114714e-01 4.609580e+00 1.317852e+00 9.267387e-01 4.759120e+00 -1.512926e-01 1.742744e-01 3.645894e-01 -2.051041e-02 -3.070929e-01 -1.075209e+00 -2.559148e-01 -1.131078e+00 -5.136687e-01 -2.543003e-01 -2.058306e+00 -1.635839e+00 -1.327665e+00 1.252746e-07 1.718003e-02 4.269922e-03 2.806515e-01 4.753583e-01 -2.606293e-01 1.366272e-02 -7.672182e-02 1.229977e-01 -1.534216e-01 4.590609e-01 -9.444807e-04 -5.319653e-01 6.231792e-08 
-7.486891e+00 3.531413e+00 -1.002765e+01 1.691669e+00 -1.208816e+00 6.058309e+00 2.194694e+00 -8.153777e-01 2.776930e+00 -8.691575e+00 -3.476542e+00 9.849980e-01 -1.512926e-01 -8.337286e-02 3.677315e-01 4.966688e-01 8.278710e-01 -8.365992e-01 -8.030084e-01 -1.089877e+00 1.100731e-01 -1.632122e-01 4.329711e-01 -8.688053e-02 -2.076251e+00 1.252746e-07 7.064910e-03 -2.419780e-01 1.576558e-01 4.349951e-01 1.495991e-01 2.063157e-01 2.815463e-01 2.876500e-01 2.835012e-01 1.177948e+00 5.969959e-01 2.644664e-01 6.231792e-08 
-7.241693e+00 1.821190e+00 -9.643394e+00 3.986962e+00 -2.304142e+00 6.601694e+00 1.641834e+00 9.134137e-02 3.110238e+00 -2.323924e+00 -1.750982e+00 -2.025649e+00 -1.512926e-01 2.211098e-02 -4.766612e-02 6.811404e-01 9.742042e-01 -6.012931e-01 3.750229e-01 5.876965e-02 -4.361505e-02 9.969957e-01 1.345425e+00 2.400935e-01 -7.840652e-01 1.252746e-07 7.988734e-02 -9.654420e-02 5.131349e-02 5.438704e-02 4.048938e-01 4.137520e-01 6.414596e-01 8.944837e-02 1.809692e-01 5.142970e-01 5.109037e-01 8.678576e-01 6.231792e-08 
-7.902662e+00 1.324558e+00 -8.226328e+00 9.509629e+00 -2.360225e-01 4.455706e+00 3.278338e-01 1.537596e+00 9.126603e+00 4.038142e+00 1.749522e+00 -2.071864e+00 -1.512926e-01 1.206232e-01 -3.547210e-01 3.187855e-01 6.446986e-01 5.434608e-02 5.989584e-01 6.714426e-01 4.911100e-01 1.004303e+00 1.802047e+00 1.155482e+00 1.164158e+00 1.252746e-07 1.788618e-01 2.470741e-03 -1.105639e-01 -3.638852e-01 2.229543e-01 3.672519e-01 4.965578e-01 -4.612452e-02 -1.487235e-01 -4.774980e-01 -1.427252e-01 7.715051e-01 6.231792e-08 
-7.451664e+00 1.095722e+00 -9.433744e+00 5.565495e+00 -1.953041e+00 8.702528e+00 4.046906e+00 -2.306593e+00 6.419972e+00 1.679846e+00 -4.861967e-01 2.367019e+00 -1.512926e-01 4.717308e-01 2.431751e-01 3.252091e-01 5.629567e-02 5.036974e-01 1.111925e+00 1.195829e+00 -2.568559e-01 6.671283e-02 -1.712830e-01 2.974066e-01 1.391242e+00 1.252746e-07 1.421465e-01 8.643253e-02 -1.598892e-01 -3.532525e-01 -4.360075e-02 -2.600967e-01 1.262673e-01 -4.361937e-02 -3.262703e-01 -6.195274e-01 -1.828499e-01 2.239793e-01 2.701429e-04 
-6.778643e+00 2.120781e+00 -8.539318e+00 4.126115e+00 -1.112597e+00 8.003015e+00 4.349450e+00 2.839269e+00 6.143663e+00 -1.683199e+00 1.668305e+00 4.609383e+00 -1.512926e-01 5.862070e-01 2.346283e-01 1.219609e-01 -5.325620e-01 -2.743354e-01 6.648962e-01 8.242889e-01 -1.377632e-02 -4.417679e-01 -1.196115e+00 -8.292876e-01 6.936100e-01 1.252746e-07 -1.868828e-01 -2.663869e-01 4.834974e-02 2.841882e-02 -1.680242e-01 -9.030349e-01 3.690569e-01 -2.399545e-01 -3.445464e-01 -1.893923e-01 2.721205e-01 -1.172912e-02 5.666706e-04 
-5.445117e+00 2.638908e+00 -7.860480e+00 6.960443e+00 6.527269e-01 1.038855e+01 5.609947e+00 -1.843757e+00 4.934744e+00 -3.195004e-01 -2.229548e-01 1.589863e+00 -1.512926e-01 5.001225e-01 8.996186e-02 -1.985159e-02 -2.033975e-01 -6.548762e-01 -9.582676e-01 6.135044e-01 -9.156930e-03 8.876044e-02 -2.531471e-01 3.181320e-01 5.710336e-01 1.350620e-03 -5.618783e-01 -6.889546e-01 2.127675e-01 3.999892e-01 -1.561099e-01 -1.419240e+00 6.898656e-01 2.903002e-02 -2.357674e-01 2.807385e-01 8.644766e-01 2.456383e-02 4.745066e-04 
-5.974912e+00 1.725804e+00 -8.402719e+00 6.148962e+00 -2.910518e+00 6.936909e+00 3.667928e+00 1.237413e+00 7.660376e+00 -9.427097e-01 -2.528464e+00 1.784707e+00 -1.512926e-01 -8.279231e-01 -1.610089e+00 7.328583e-01 9.167852e-01 -2.062432e-01 -2.880995e+00 2.807981e+00 -8.325312e-01 -7.293947e-01 8.959132e-01 2.505640e+00 1.515768e+00 2.156509e-03 -4.229555e-01 -4.094218e-01 5.124293e-02 3.572541e-01 1.897809e-01 -7.774442e-01 3.346348e-01 -1.523003e-03 -4.166183e-01 2.095300e-01 7.595630e-01 -1.256794e-02 -8.488885e-05 
-5.352878e+00 1.742821e+00 -9.600633e+00 3.537278e+00 -4.328276e+00 4.444226e+00 7.455152e+00 -1.551508e+00 6.105664e+00 4.376332e-02 3.202863e+00 6.634351e+00 -1.445465e-01 -1.630570e+00 -2.279250e+00 1.083848e+00 1.331567e+00 -3.108237e-01 -4.211126e+00 3.653326e+00 2.974704e-01 -9.681388e-01 1.863912e-01 2.952334e+00 1.102934e+00 1.293956e-03 8.212803e-02 3.377182e-01 -2.488018e-01 -1.106236e-01 2.640705e-01 6.507548e-01 -7.041656e-01 1.403373e-01 -2.138257e-01 -9.252466e-02 -2.716309e-01 -4.835374e-01 -9.440177e-04 
-1.096416e+01 -5.481852e+00 -4.004825e+00 1.042169e+01 3.463971e-01 -3.430265e+00 1.746652e+01 -1.469079e+00 1.910548e+00 2.614787e+00 1.248367e+01 9.665702e+00 -1.438789e-01 -4.632763e-01 -6.278403e-01 -1.735230e-01 4.861993e-01 5.025482e-01 -1.595947e+00 9.776871e-01 -1.748306e-01 -1.996313e+00 -3.681914e-01 1.651385e+00 3.647466e-01 -3.965235e-04 8.007173e-01 1.237489e+00 -5.482820e-01 -5.853716e-01 -1.103478e-02 1.787320e+00 -1.796624e+00 4.854096e-01 3.327022e-01 -4.616117e-01 -1.310529e+00 -8.986415e-01 -1.121934e-03 
-1.110322e+01 -5.153600e+00 -4.640902e+00 1.148219e+01 -2.529962e+00 -5.483648e+00 1.697735e+01 9.971789e-01 2.968555e+00 -1.166101e+00 7.032317e+00 3.164140e+00 -1.485168e-01 7.284687e-01 1.287388e+00 -8.106087e-01 -5.412033e-01 3.112004e-01 1.652909e+00 -1.992057e+00 3.637648e-01 -3.470262e-01 -8.379006e-02 -6.130031e-01 -1.271121e+00 -2.090150e-03 8.726115e-01 1.145850e+00 -3.821002e-01 -3.780757e-01 2.671744e-02 1.816887e+00 -1.674881e+00 3.026318e-01 7.861975e-01 -5.339015e-02 -1.423975e+00 -6.104789e-01 -5.064390e-04 
-5.416379e+00 2.034800e+00 -1.175058e+01 4.608024e+00 -1.296788e+00 3.921504e+00 3.794678e+00 -9.110306e-01 -7.526562e-01 -2.178720e+00 3.813420e+00 5.343281e+00 -1.512926e-01 1.996094e+00 2.793880e+00 -1.061457e+00 -1.073665e+00 -5.724185e-01 3.123552e+00 -3.352592e+00 1.561434e+00 6.233203e-01 -1.276992e+00 -2.264431e+00 -1.790543e+00 -1.759610e-03 2.200585e-01 1.552812e-01 1.055784e-01 1.646804e-01 9.773649e-02 5.623239e-01 -6.400336e-02 3.186943e-01 9.854793e-01 1.799962e-01 -9.009058e-01 -2.445856e-01 2.332773e-04 
-4.484718e+00 4.421230e+00 -9.780587e+00 3.737952e+00 -1.951077e+00 9.033151e+00 4.330342e+00 -1.136429e-02 5.702329e+00 2.021786e+00 4.472953e+00 2.439485e+00 -1.512926e-01 1.502724e+00 1.738984e+00 -3.828653e-01 2.211622e-01 3.601865e-01 2.513681e+00 -2.556172e+00 9.424365e-01 1.653132e+00 3.738196e-01 -2.209780e+00 -8.716755e-01 -5.539237e-04 -2.871057e-01 -1.176173e+00 3.123355e-01 4.639078e-01 2.333268e-01 -2.863706e-01 6.914476e-01 -3.564685e-01 3.551601e-01 9.427911e-02 -2.726134e-01 1.692323e-01 7.676923e-03 
-4.292824e+00 3.700241e+00 -6.742744e+00 8.925675e+00 -2.804874e+00 4.928680e+00 7.027131e+00 6.842586e+00 3.660684e+00 -5.364069e+00 2.441706e+00 1.075580e+00 -1.512926e-01 2.498510e-01 -7.707703e-02 1.404081e-01 9.286101e-01 9.666958e-01 7.853958e-01 9.396134e-01 1.129334e+00 1.931184e+00 3.030155e-01 -2.054977e+00 -1.057945e+00 1.252746e-07 -4.522765e-01 -1.993541e+00 4.499383e-01 2.769367e-01 1.872579e-01 -9.425521e-02 4.401157e-01 -1.128988e+00 -9.807705e-02 1.694484e-01 6.627470e-02 7.192920e-02 1.462048e-02 
-4.150989e+00 2.708768e+00 -9.059582e+00 1.042853e+01 2.514339e-02 6.581030e+00 2.580041e+00 1.832489e+00 9.027805e+00 2.295948e+00 -3.330433e+00 9.395222e-01 -1.512926e-01 1.660904e-01 -3.157933e+00 1.504552e-01 7.772740e-01 7.082614e-01 1.390422e+00 -6.809993e-01 -1.202456e+00 7.748819e-01 -4.024578e-01 -2.080913e+00 -7.912145e-01 3.541204e-02 -2.695643e-01 -1.401670e+00 5.334173e-01 5.144261e-02 -3.200143e-01 6.251474e-02 -1.764446e-01 -1.286174e+00 -4.773837e-01 -2.518180e-01 2.392348e-01 -3.538384e-02 1.626500e-02 
-4.333613e+00 2.505458e+00 -1.140968e+01 5.905810e+00 2.548438e+00 9.074478e+00 9.368509e+00 3.813870e+00 7.240756e+00 -8.008059e-01 -2.559481e+00 8.038342e-01 -1.512926e-01 4.031259e-01 -4.725383e+00 9.214475e-01 3.310065e-02 1.898123e-01 3.213716e+00 -2.089540e+00 -3.011133e+00 5.721699e-01 -4.152486e-02 -1.997548e+00 -1.471169e+00 5.335882e-02 -7.580861e-02 2.526169e-01 4.608760e-01 -7.819397e-02 -6.481036e-01 -3.329380e-01 -3.640577e-01 -6.706440e-01 -5.653052e-01 -2.210787e-01 6.283821e-01 5.231585e-01 1.952336e-03 
-3.633709e+00 -1.077105e+01 -6.695231e+00 9.134161e+00 -1.086677e+00 1.391214e+01 -2.447720e-01 -4.509696e+00 7.786859e+00 -2.272392e+00 -3.431241e+00 -1.380484e+00 2.577395e-02 7.838923e-02 -2.945143e+00 1.893711e+00 9.259949e-01 -8.515393e-01 1.612040e+00 -1.923819e+00 -3.418263e+00 -5.436002e-02 -7.129292e-01 -1.042330e+00 -8.419088e-01 5.408916e-02 -1.090989e-01 1.914341e+00 -2.644975e-02 -4.721747e-01 -6.245085e-01 -1.397132e+00 8.200241e-01 7.632358e-01 -3.099044e-01 2.543854e-02 9.837131e-01 9.850687e-01 -2.134672e-02 
-2.536111e+00 -1.318704e+01 -3.317079e+00 9.738622e+00 -1.299537e+00 1.733163e+01 -2.007812e+00 -5.041738e+00 7.141957e+00 -3.287551e+00 -7.495368e+00 -5.120592e+00 2.696856e-02 -8.529259e-02 1.079501e+00 1.573027e+00 4.632317e-01 -1.494106e+00 -9.900778e-01 -2.592464e-01 -1.115937e+00 -4.806977e-01 -6.472602e-01 5.677623e-01 1.583361e+00 4.251060e-04 -7.760116e-02 1.936710e+00 -6.185653e-01 -8.760928e-01 -2.744126e-01 -1.856892e+00 1.378181e+00 1.717305e+00 -5.976950e-02 2.664451e-01 9.874360e-01 1.310755e+00 -2.740390e-02 
-4.658072e+00 -4.170636e+00 -3.636602e+00 1.314226e+01 -2.308462e+00 1.051177e+01 -1.351130e+00 -1.083072e+01 8.805239e+00 -2.553857e-02 -6.074270e+00 -3.079200e-01 3.002537e-02 -1.353065e-01 3.511431e+00 -3.077590e-01 -1.798623e+00 -1.572398e+00 -3.493395e+00 2.504127e+00 1.666182e+00 -2.480010e-01 2.760046e-02 1.555053e+00 2.606867e+00 -4.484951e-02 8.737764e-02 4.250984e-01 -8.505143e-01 -1.157981e+00 3.983059e-01 -9.310560e-01 9.780874e-01 1.697559e+00 1.490118e-01 3.540565e-01 1.553660e-01 6.448992e-01 -1.629053e-02 
-4.247863e+00 4.603045e+00 -5.073861e+00 6.217805e+00 -4.310996e+00 5.824118e+00 8.625841e+00 1.394337e+00 4.327842e+00 -5.160225e+00 1.600556e+00 8.184595e+00 -1.512926e-01 1.219367e-01 1.729934e+00 -1.070681e+00 -2.984980e+00 -8.218027e-01 -3.518042e+00 2.587448e+00 3.033145e+00 3.700879e-01 9.203046e-01 1.640964e+00 3.358183e+00 -3.419036e-02 3.395319e-02 -1.027920e+00 -4.672728e-01 -3.772987e-01 8.996910e-01 3.601962e-01 1.770778e-01 2.778259e-01 8.894973e-03 1.512373e-01 -9.689006e-01 -6.388310e-01 8.551279e-03 
-3.454329e+00 -2.108875e+00 -7.356252e+00 1.901131e+00 -7.443023e+00 2.199510e+00 6.959615e+00 6.031065e-01 7.953513e+00 -1.197832e+00 -2.041810e-01 5.001288e+00 -1.093405e-01 4.117141e-01 -1.144919e+00 -1.036916e+00 -3.139841e+00 8.040789e-01 -1.779435e+00 1.543274e+00 2.995067e+00 2.653933e-01 2.734891e-01 -8.020784e-01 1.495231e+00 -1.005461e-02 -1.490792e-01 -8.062012e-01 2.043702e-01 7.841142e-01 1.036496e+00 1.251023e+00 -5.345229e-01 -7.832775e-01 -4.223489e-01 -3.030933e-01 -1.110785e+00 -1.182051e+00 1.766269e-02 
-2.528231e+00 -5.568729e+00 -6.811044e+00 4.339209e-01 -2.841398e+00 3.898545e+00 6.774267e+00 4.406742e+00 9.418112e+00 1.900191e+00 -2.225634e+00 9.015361e+00 -7.429262e-02 -1.889577e-01 -1.731881e+00 -3.990065e-01 -7.528009e-01 1.816125e+00 -4.588313e-02 1.106622e+00 -3.913174e-01 -6.929846e-01 -1.387473e-02 -3.098307e+00 -1.055085e+00 2.578229e-02 -4.045178e-01 3.594882e-01 3.956029e-01 1.364207e+00 7.428417e-01 1.336766e+00 -6.034936e-01 -9.055879e-01 -4.441873e-01 -4.908873e-01 -4.066381e-01 -1.401374e+00 1.063338e-02 
-3.458965e+00 -4.809227e+00 -7.952536e+00 3.352931e-01 9.771225e-01 2.577583e+00 7.291459e+00 2.638265e+00 7.587091e+00 -2.188113e+00 -8.171635e+00 6.752662e+00 -5.876262e-02 -7.252682e-01 1.211221e+00 3.782446e-01 1.005813e+00 2.291047e+00 1.025974e+00 5.719361e-01 -5.378893e-01 -1.828121e+00 -1.020833e+00 -1.629355e+00 -1.096810e+00 1.347359e-02 -4.184741e-01 7.085894e-01 2.307617e-01 8.539625e-01 -7.682084e-02 5.810719e-01 -8.969040e-01 -5.369868e-01 -5.785928e-02 -2.101004e-01 7.933277e-01 -6.212158e-01 1.136749e-02 
-5.190185e+00 -2.706266e+00 -6.770064e+00 3.237489e+00 5.596498e-01 5.404716e+00 1.399330e+01 -1.579719e+00 1.046336e+00 -4.734260e+00 -9.907398e+00 2.033530e+00 -4.767730e-02 -1.332306e+00 2.349323e+00 1.997025e-01 1.763289e+00 2.148829e+00 1.763086e+00 5.564283e-02 2.717516e-01 -8.041046e-01 -8.869275e-01 2.149331e-02 -2.352600e+00 7.212206e-03 -1.307695e-01 -1.863965e-02 -1.023783e-01 -3.376307e-01 -7.288411e-01 -3.895848e-01 -1.339772e+00 5.452361e-02 4.737483e-01 -8.443588e-03 1.215774e+00 2.888481e-01 1.530169e-02 
-5.749645e+00 2.516206e+00 -5.484846e+00 5.528876e+00 2.312014e+00 6.575673e+00 6.209304e+00 9.072563e-01 2.998955e+00 -2.984450e+00 -4.509920e+00 3.008117e+00 -5.528419e-02 -1.108910e+00 3.575509e-01 -1.824172e-01 -1.279000e-01 2.535949e-01 2.214491e-01 -2.415649e+00 -2.139206e-02 3.168863e-02 -3.404425e-01 1.604608e+00 -9.620154e-01 5.606925e-02 2.604229e-01 -9.062357e-01 -3.011615e-01 -8.176132e-01 -8.985392e-01 -8.167543e-01 -9.578387e-01 -1.757047e-01 6.468551e-01 1.111987e-01 4.540777e-01 7.120048e-01 2.395950e-02 
-8.044497e+00 2.515310e+00 -7.046231e+00 6.653330e+00 7.235285e+00 1.071535e+01 7.593367e+00 6.631444e+00 7.691861e+00 -2.136327e+00 -3.948745e+00 -8.750736e-01 -3.996501e-02 -6.509042e-01 -1.398431e+00 -6.304195e-01 -1.874007e+00 -8.091612e-01 -1.591944e+00 -4.098430e+00 -3.770847e-01 7.459050e-01 -3.963352e-01 1.363662e+00 3.218514e-01 8.099201e-02 7.014548e-01 -6.758806e-01 -1.703329e-01 -1.000740e+00 -7.913565e-01 -7.497592e-01 -1.863789e-01 -3.865304e-01 4.822668e-01 1.439614e-01 -1.433457e-01 1.318248e+00 2.206493e-02 
-7.576812e+00 -5.631871e+00 -8.726399e+00 -2.012243e+00 -1.092568e+00 1.030084e+00 -1.586797e+00 -1.574430e+00 4.422841e+00 -5.189418e+00 -3.128002e+00 3.397065e+00 2.177380e-01 2.361098e-01 -1.445941e+00 -7.124435e-01 -1.263660e+00 -7.225375e-01 -1.380438e+00 -2.140305e+00 -1.091966e+00 6.311315e-01 -7.101642e-01 -3.014636e-02 1.126072e+00 9.638262e-02 8.185468e-01 4.214401e-01 3.229909e-01 -4.241641e-01 -6.107517e-02 2.668599e-01 1.023583e+00 2.649072e-01 7.307496e-01 3.460918e-01 -4.908689e-01 1.156188e+00 4.492857e-03 
-7.530925e+00 -5.624259e+00 -8.301754e+00 -2.362323e+00 -1.784167e+00 2.180678e-01 -2.601437e+00 -2.224605e+00 4.063476e+00 -5.613606e+00 -3.779781e+00 3.448086e+00 2.207948e-01 1.502421e+00 -1.283576e-01 -3.868182e-01 -2.672643e+00 -1.319997e+00 -1.184731e+00 -1.013730e+00 -1.125675e+00 1.307552e+00 1.782417e-02 1.221096e-01 3.194661e+00 9.738053e-02 7.170755e-01 8.945048e-01 1.006701e+00 1.118034e-01 3.854103e-01 8.036274e-01 1.139757e+00 3.036142e-01 6.174790e-01 3.808350e-01 -5.499700e-01 4.532009e-01 -2.784894e-03 
-4.825400e+00 -6.440571e-01 -8.419942e+00 3.717933e+00 3.208618e+00 4.922558e+00 6.061749e-01 -1.246491e-01 7.968170e+00 -4.796453e+00 -4.745001e+00 6.477219e+00 2.962488e-01 1.907079e+00 1.829856e+00 1.310485e+00 -1.849334e+00 2.036031e-01 1.352292e+00 1.160146e+00 1.677293e+00 3.404594e+00 1.182882e+00 -2.290633e-01 3.382360e+00 7.033917e-02 3.479059e-01 3.793992e-01 1.430588e+00 4.976051e-01 1.807166e-01 8.393088e-01 7.368163e-01 -1.974160e-01 -6.498387e-02 2.020820e-01 -6.446974e-01 -8.858915e-01 -8.599240e-03 
-1.908051e+00 -6.207705e-01 -9.133226e+00 -9.574845e+00 -1.515146e+00 2.845449e+00 1.429097e+00 2.782392e-01 1.245697e+01 -2.243707e+00 -2.529688e+00 1.355851e+01 4.076642e-01 2.098950e+00 1.436077e+00 3.391555e+00 -1.022272e+00 6.546783e-01 1.059891e+00 -4.974942e-02 -2.434971e-01 2.446468e+00 5.612479e-01 -1.286750e+00 1.459615e+00 8.009169e-02 3.664202e-02 -3.767367e-01 1.351978e+00 1.492208e+00 -1.883754e-02 5.537227e-01 5.739442e-01 -7.711939e-01 -1.060722e+00 4.059294e-02 -3.536384e-01 -2.147645e+00 -7.651153e-03 
-8.526322e-01 1.015562e+00 -1.757475e+00 -7.652581e+00 -2.089241e-01 6.477710e+00 2.198516e+00 5.560748e+00 1.724921e+01 -9.599718e-01 -4.898457e+00 1.525368e+01 4.759856e-01 1.677419e+00 -3.312174e-01 4.551090e+00 3.991043e-01 -8.062881e-01 1.693778e+00 1.061927e+00 -2.520105e+00 -2.633713e-01 2.858797e-02 -2.549028e+00 -2.435661e+00 6.203158e-02 3.071893e-01 -1.023722e+00 -6.335554e-02 1.522020e+00 -4.910674e-01 -6.065630e-01 -8.431493e-02 -9.299517e-01 -1.689028e+00 -3.048635e-02 6.359314e-01 -2.096588e+00 -6.082201e-04 
9.773163e-01 7.267186e-01 5.324886e+00 -1.788134e+00 3.198014e+00 4.739644e+00 -3.647286e+00 -6.285225e+00 1.165572e+01 -4.725628e+00 -1.013717e+01 6.358169e+00 5.313771e-01 1.800382e+00 -9.313760e-01 4.753021e+00 3.664257e+00 -9.092883e-01 1.412963e+00 1.905065e+00 -2.883039e+00 -2.161985e+00 7.979528e-01 -4.861038e-01 -4.634496e+00 6.327504e-02 6.465898e-01 -9.894778e-01 -1.877878e+00 1.014311e+00 -1.135919e-01 -1.614715e+00 -7.018244e-01 6.050674e-01 -1.121746e+00 1.570493e-01 1.665160e+00 -7.229926e-01 2.668010e-03 
2.118948e+00 -2.973614e+00 7.106612e+00 1.820081e+00 -3.179146e+00 1.244423e+01 8.453231e+00 -9.443535e+00 7.052388e+00 -3.412446e+00 -1.368624e+01 -2.101072e+00 5.445706e-01 3.592294e+00 -2.105047e+00 3.130208e-01 3.417526e+00 -1.469685e+00 -1.857170e+00 -2.388301e-01 -1.652784e+00 -2.736357e+00 9.122071e-01 2.550216e+00 -4.053461e+00 7.570651e-02 7.950196e-01 -5.401023e-01 -2.936220e+00 1.892990e-01 1.113496e+00 -2.570387e+00 -2.014546e+00 1.799288e+00 -1.511500e-01 -1.162946e-02 1.768316e+00 8.950354e-01 6.806574e-03 
5.608273e+00 -3.282610e+00 1.019969e+01 4.009910e+00 -4.576089e+00 6.926960e+00 7.826486e+00 -6.634778e+00 6.745680e+00 2.972213e+00 -5.665977e-01 -9.368172e-01 6.897514e-01 4.374431e+00 -2.624514e+00 -3.878931e+00 2.540209e+00 4.183666e-01 -5.238322e+00 -2.908767e+00 2.348103e+00 -1.925761e+00 9.047021e-01 4.489483e+00 -1.346382e+00 8.659547e-02 3.378548e-01 -2.333419e-01 -2.678374e+00 -7.434300e-01 1.745145e+00 -2.122051e+00 -2.328331e+00 1.830332e+00 4.708055e-01 -4.018982e-01 2.502484e-01 1.296439e+00 -3.814165e-04 
1.479371e+01 -7.505101e+00 -2.629927e+00 6.535660e+00 -3.669667e+00 -3.902474e+00 -4.732626e+00 -2.528755e+00 6.022608e+00 -2.476600e-01 3.067364e+00 -1.366064e+00 7.753245e-01 4.365640e+00 -2.185110e+00 -5.814070e+00 1.907576e+00 4.097359e+00 -7.832435e+00 -6.604117e+00 3.860889e+00 -1.137086e+00 -8.290130e-02 3.804736e+00 3.955532e-01 8.440760e-02 -6.479528e-01 2.891403e-01 -7.313291e-01 -1.016117e+00 1.603527e+00 -4.490539e-01 -1.149312e+00 9.668899e-01 7.485611e-01 -3.533353e-01 -1.121592e+00 7.263766e-01 -9.980898e-03 
1.651241e+01 -1.012977e+01 -9.200932e+00 8.555089e+00 5.535154e+00 -1.327854e+01 -1.159753e+01 1.997788e+00 2.541878e+00 -1.784487e+00 3.933410e+00 -7.416039e-01 8.489690e-01 3.103067e+00 -2.057914e+00 -5.575410e+00 7.020039e-01 5.032980e+00 -6.209692e+00 -6.554088e+00 3.511813e+00 -6.074399e-01 -7.141142e-01 1.378562e-01 -3.766907e-01 5.701995e-02 -1.161167e+00 5.731710e-01 9.434738e-01 -1.155445e+00 3.406964e-01 1.137797e+00 1.878347e-01 -1.506532e-01 6.431379e-01 -2.063118e-01 -1.620255e+00 -1.134500e-01 -1.619195e-02 
1.849532e+01 -1.047549e+01 -1.226372e+01 9.085335e+00 1.225163e+01 -1.661462e+01 -1.485482e+01 5.544879e+00 3.469059e+00 -1.448639e+00 3.087363e+00 -2.210353e-01 8.869859e-01 9.882379e-01 -9.425622e-01 -2.495394e+00 -7.440460e-01 4.240726e+00 -3.616633e+00 -4.162806e+00 2.599797e+00 3.472843e-01 -4.507988e-02 -8.820851e-01 -9.065116e-01 4.058736e-02 -1.225123e+00 5.727512e-01 1.688223e+00 -1.004952e+00 -9.867990e-01 1.814871e+00 1.268334e+00 -4.497486e-01 2.656381e-01 -2.032601e-02 -1.109285e+00 -3.263426e-01 -1.544662e-02 
1.927263e+01 -1.208719e+01 -1.286060e+01 6.245148e+00 1.262787e+01 -1.776492e+01 -1.988216e+01 6.887988e+00 4.985229e+00 1.877558e-03 1.125255e-01 -3.392511e+00 9.190121e-01 2.573278e-01 -3.799843e-01 -8.208205e-01 -1.911301e+00 2.050138e+00 -1.657039e+00 -3.190181e+00 2.225252e+00 5.477286e-01 -1.458053e-01 -1.268341e+00 -1.262542e+00 2.754517e-02 -9.009267e-01 5.078008e-01 1.552172e+00 -4.140222e-01 -1.316804e+00 1.152311e+00 1.582815e+00 -3.677172e-01 -1.310153e-01 -1.405710e-01 -1.505330e-01 1.229295e-01 -1.015721e-02 
1.835441e+01 -1.123947e+01 -1.327752e+01 3.970361e+00 1.398790e+01 -1.974253e+01 -2.140380e+01 8.025244e+00 6.537227e+00 -1.366391e+00 5.675870e-01 -4.573403e+00 9.432382e-01 -3.370797e-01 -1.601566e-01 2.497734e-01 -1.810448e+00 6.549656e-01 -1.034528e+00 -1.944235e+00 2.255590e+00 -3.864599e-01 -4.686206e-01 -1.038625e+00 -7.931643e-01 2.191024e-02 -4.290374e-01 1.424470e-01 1.005713e+00 3.209804e-01 -1.215088e+00 2.472385e-01 1.606037e+00 -2.366634e-01 -4.853343e-01 -3.634526e-01 2.605381e-01 5.172867e-01 -7.017225e-03 
1.786911e+01 -1.164788e+01 -1.279824e+01 1.556422e+00 1.491788e+01 -2.000045e+01 -2.427447e+01 1.188398e+01 3.746454e+00 -2.554423e+00 -1.148587e+00 -4.878424e+00 9.585750e-01 -7.389084e-01 8.996186e-02 8.129057e-01 -8.347794e-01 2.419589e-01 -1.739409e+00 2.507932e-01 1.845464e+00 -8.956966e-01 -1.205200e+00 -5.365856e-01 1.813371e-01 1.557016e-02 -2.468693e-01 -1.273702e-01 8.370610e-01 7.713959e-01 -1.035858e+00 -3.783630e-01 1.818391e+00 -2.920223e-01 -5.998956e-01 -3.396016e-01 6.150934e-01 7.019390e-01 -4.786055e-03 
1.751175e+01 -1.149607e+01 -1.104621e+01 2.377669e+00 1.438141e+01 -2.066935e+01 -2.238022e+01 1.432423e+01 2.156457e+00 -2.513299e+00 -1.475088e+00 -3.443532e+00 9.767577e-01 -6.588862e-01 -4.654519e-01 1.716322e+00 3.226972e-01 -9.304056e-01 -2.339379e+00 2.146750e+00 1.606255e+00 -1.357814e+00 -1.332588e+00 5.483911e-02 9.580005e-01 1.148720e-02 -1.766397e-01 -2.741234e-01 8.318391e-01 6.170998e-01 -1.090104e+00 -4.868185e-01 1.699559e+00 -4.470961e-01 -6.782144e-01 -1.149118e-01 7.866058e-01 5.223756e-01 -3.805910e-03 
1.599977e+01 -1.150906e+01 -9.911840e+00 2.867390e+00 1.364072e+01 -2.599835e+01 -1.814014e+01 1.296525e+01 2.697132e+00 -5.450379e+00 -1.549367e+00 -3.050888e+00 9.801131e-01 -8.161016e-01 -8.642588e-01 2.631268e+00 8.791501e-01 -2.336496e+00 -2.896584e+00 3.856201e+00 1.089757e+00 -1.966202e+00 -1.411687e+00 1.260267e+00 1.371614e+00 8.827133e-03 -2.403393e-01 -2.007168e-01 9.017696e-01 8.873869e-02 -1.182242e+00 6.063323e-02 1.300162e+00 -6.209339e-01 -9.796669e-01 4.769276e-01 8.231109e-01 1.859767e-03 -2.704751e-03 
1.599467e+01 -1.363575e+01 -6.138145e+00 4.927832e+00 9.974189e+00 -2.843975e+01 -1.373700e+01 1.551614e+01 2.727805e-01 -6.581548e+00 1.042239e+00 -6.972373e-01 9.899160e-01 -1.181658e+00 -1.053796e+00 3.499767e+00 4.179787e-01 -3.506562e+00 -2.890054e+00 4.750840e+00 3.979732e-01 -3.242318e+00 -9.399565e-01 1.995958e+00 1.223561e+00 6.248916e-03 -3.718998e-01 1.430468e-01 8.234418e-01 -5.964131e-01 -8.142041e-01 8.011411e-01 7.370694e-01 -1.029372e+00 -9.852427e-01 1.091025e+00 4.584211e-01 -6.496797e-01 -2.808936e-03 
1.454665e+01 -1.489905e+01 -2.095409e+00 4.676868e+00 5.439328e+00 -3.059799e+01 -9.315383e+00 1.673715e+01 -5.142654e+00 -7.578683e+00 3.894229e+00 6.067724e-01 9.961175e-01 -1.679170e+00 -6.192935e-01 4.430031e+00 -4.388724e-01 -4.381274e+00 -1.160926e+00 5.449592e+00 -6.551218e-01 -4.851793e+00 9.831099e-01 2.608456e+00 5.772086e-02 4.665470e-03 -3.143141e-01 4.427304e-01 6.131564e-01 -1.080690e+00 -1.810600e-01 1.498240e+00 8.510808e-03 -1.388738e+00 -4.150694e-01 1.485987e+00 -2.872465e-01 -1.072165e+00 -3.649632e-03 
1.232967e+01 -1.507012e+01 2.544205e+00 3.562668e+00 9.496313e-01 -3.282051e+01 -3.039012e+00 1.442826e+01 -1.013467e+01 -6.148983e+00 5.783041e+00 8.452431e-01 9.999999e-01 -2.086960e+00 1.274168e-01 4.934198e+00 -2.000443e+00 -3.979042e+00 7.986676e-01 5.035564e+00 -2.667925e+00 -4.841210e+00 2.925038e+00 1.672689e+00 -1.633520e+00 -4.752236e-04 -1.397963e-01 7.010928e-01 1.467181e-01 -1.112260e+00 4.876871e-01 1.833283e+00 -8.708343e-01 -1.283817e+00 6.554252e-01 1.132657e+00 -9.929444e-01 -7.941245e-01 -4.361299e-03 
9.436425e+00 -1.388832e+01 7.896510e+00 1.355749e+00 -3.753318e+00 -2.961300e+01 3.759010e+00 1.023364e+01 -1.635786e+01 -7.513046e-01 9.122744e+00 -3.533375e+00 9.984013e-01 -1.935099e+00 7.587458e-01 4.979822e+00 -3.314940e+00 -3.005495e+00 2.750467e+00 3.756511e+00 -4.320916e+00 -3.242192e+00 4.085751e+00 -1.428395e-02 -2.560707e+00 -6.059785e-03 1.147461e-01 7.066702e-01 -4.047517e-01 -8.401054e-01 1.061773e+00 1.379570e+00 -1.700002e+00 -5.861565e-01 1.602117e+00 4.584531e-02 -1.424492e+00 1.556434e-01 -4.494336e-03 
8.115414e+00 -1.350409e+01 1.353627e+01 -3.413539e+00 -5.324634e+00 -2.493913e+01 4.904222e+00 5.428069e+00 -1.832568e+01 4.629873e+00 6.791930e+00 -6.794693e+00 9.864025e-01 -1.752624e+00 1.762739e+00 3.958311e+00 -3.705276e+00 -1.755988e+00 4.320543e+00 1.243099e+00 -4.188327e+00 -7.699623e-01 3.172013e+00 -1.657491e+00 -1.437762e+00 -1.019312e-02 2.677212e-01 5.257326e-01 -7.515814e-01 -3.101494e-01 1.224556e+00 5.699844e-01 -1.914064e+00 4.055395e-01 1.694324e+00 -9.612333e-01 -1.080174e+00 9.939043e-01 -3.121492e-03 
6.977953e+00 -1.188881e+01 1.730759e+01 -8.409378e+00 -6.451378e+00 -2.078644e+01 5.495935e+00 -3.670873e-01 -1.725790e+01 7.460589e+00 3.318362e+00 -8.376734e+00 9.726292e-01 -1.272592e+00 2.096314e+00 2.894305e+00 -3.787027e+00 -1.838331e-01 3.975687e+00 -1.154253e+00 -2.825858e+00 1.123108e+00 1.088872e+00 -2.848908e+00 7.380650e-01 -1.294762e-02 2.116399e-01 3.627867e-01 -9.289832e-01 2.658950e-01 1.069903e+00 -2.141342e-01 -1.527638e+00 1.118574e+00 1.066586e+00 -1.335400e+00 -2.944337e-01 1.089865e+00 -1.609201e-03 
4.795271e+00 -7.256561e+00 1.763067e+01 -1.008068e+01 -6.481225e+00 -1.563041e+01 2.308069e+00 -1.212976e+00 -1.353452e+01 5.605177e+00 3.973981e-01 -3.921583e+00 9.619304e-01 -1.079609e+00 2.087390e+00 2.219007e+00 -3.315054e+00 7.329700e-01 3.035916e+00 -2.079424e+00 -1.387856e+00 1.447775e+00 -3.827077e-01 -2.310860e+00 1.686569e+00 -1.263912e-02 1.524537e-01 6.982009e-02 -7.743741e-01 5.788222e-01 7.605497e-01 -7.846343e-01 -6.291837e-01 1.112729e+00 1.561364e-01 -9.233472e-01 4.719166e-01 3.661314e-01 -3.854237e-04 
4.733160e+00 -6.530645e+00 2.032108e+01 -1.424551e+01 -4.094601e+00 -1.438828e+01 -7.141942e-01 -5.747026e-01 -1.313824e+01 4.205685e+00 -1.924844e+00 -1.279549e+00 9.458910e-01 -1.213485e+00 2.410407e+00 1.204414e+00 -2.180545e+00 1.099576e+00 2.321977e+00 -2.220499e+00 -1.282622e-01 9.817514e-01 -8.138522e-01 -1.159967e+00 1.326379e+00 -1.288466e-02 1.303349e-01 -1.265305e-01 -5.535039e-01 7.371669e-01 3.798036e-01 -7.870534e-01 1.167759e-01 7.871084e-01 -4.610178e-01 -2.043744e-01 8.037208e-01 -3.779020e-01 4.047825e-04 
3.839971e+00 -5.746065e+00 2.312373e+01 -1.707056e+01 -2.838256e+00 -1.295864e+01 -2.388063e+00 -1.407809e+00 -1.314692e+01 4.343781e+00 -2.140743e+00 -1.910665e+00 9.365624e-01 -1.019997e+00 1.954915e+00 9.313299e-01 -1.614427e+00 1.404986e+00 1.224208e+00 -1.369820e+00 2.654967e-02 8.132724e-02 -4.933082e-01 -1.423411e-01 9.866630e-02 -1.215118e-02 2.416652e-01 -3.413528e-01 -3.459000e-01 7.070684e-01 1.238079e-01 -5.724943e-01 3.913300e-01 4.825606e-01 -5.904994e-01 2.620969e-01 5.540274e-01 -5.879985e-01 1.058506e-04 
1.388452e+00 -5.921100e-01 2.058299e+01 -1.581769e+01 -2.775419e+00 -1.051264e+01 -3.258755e+00 -9.114714e-01 -1.254328e+01 4.021641e+00 -1.211846e+00 -2.750304e+00 9.208919e-01 -6.508031e-01 1.529965e+00 7.707408e-01 -9.515504e-01 1.378984e+00 9.463429e-01 -9.252592e-01 4.023429e-01 -4.988397e-01 1.224009e-01 8.552188e-02 -3.574528e-01 -1.116900e-02 3.919194e-01 -5.732672e-01 -6.222649e-02 4.893443e-01 -6.672867e-02 -3.738608e-01 3.615270e-01 1.860195e-01 -4.006654e-01 4.181613e-01 1.444041e-01 -4.380175e-01 -6.643200e-04 
1.367594e+00 -4.510469e-01 2.215626e+01 -1.736693e+01 -1.158469e-01 -1.144711e+01 -3.268309e+00 -9.119122e-01 -1.342595e+01 3.230381e+00 -6.706700e-01 -2.692627e+00 9.136715e-01 -1.526850e-01 8.208355e-01 7.061758e-01 -3.941879e-01 1.212201e+00 8.612347e-01 -7.705736e-01 7.595338e-01 -7.644189e-01 4.595350e-01 -1.634138e-01 -4.115268e-01 -1.296651e-02 3.363823e-01 -4.168584e-01 -9.348702e-02 4.751947e-01 -2.904854e-01 -1.911529e-01 2.382023e-01 2.573894e-02 1.395446e-02 2.614080e-01 -2.617753e-02 -2.349671e-01 -1.551499e-03 
2.715489e+00 -1.528053e+00 2.465839e+01 -1.885513e+01 1.439366e+00 -1.041238e+01 -4.900777e+00 1.189366e+00 -1.549256e+01 5.374424e+00 -2.232572e+00 -2.675990e+00 9.014969e-01 3.123936e-01 1.110774e-01 1.005777e+00 -3.439320e-01 8.621154e-01 6.341393e-01 -7.124515e-01 4.351780e-01 -5.988728e-01 8.005203e-01 -4.275171e-01 -6.084548e-01 -1.579657e-02 6.906800e-02 -3.063419e-02 -2.952340e-01 5.378865e-01 -4.898059e-01 -1.734801e-01 2.480101e-01 -2.012965e-01 3.319278e-01 -1.589163e-02 8.155962e-03 -1.199928e-01 -1.772692e-03 
2.412815e+00 -1.173828e+00 2.461741e+01 -1.752268e+01 1.115364e+00 -8.702631e+00 -5.419880e+00 1.339678e+00 -1.549419e+01 5.965394e+00 -2.447247e+00 -4.005510e+00 8.814344e-01 1.803367e-01 5.801437e-01 3.464562e-01 4.576603e-01 2.110732e-01 4.245289e-01 -2.851806e-01 1.387883e-01 2.010142e-01 4.746438e-01 -1.683120e-02 -9.505767e-01 -1.759408e-02 -1.147646e-01 2.686296e-01 -4.006589e-01 4.869725e-01 -4.582211e-01 -2.170236e-01 2.606652e-01 -2.522346e-01 3.181432e-01 -1.500425e-01 5.722596e-02 -9.363001e-04 -7.556825e-04 
2.427648e+00 3.250245e-01 2.438163e+01 -1.745970e+01 9.197838e-01 -8.714876e+00 -5.744718e+00 1.389474e-01 -1.450295e+01 6.656890e+00 -2.460715e+00 -5.136490e+00 8.580340e-01 -4.719656e-01 1.497161e+00 -5.256660e-01 1.312124e+00 -5.695454e-01 2.970774e-01 7.201266e-02 -2.936861e-01 6.779984e-01 3.530300e-02 5.287078e-02 -6.878760e-01 -1.771685e-02 -1.360192e-01 2.809840e-01 -3.830881e-01 3.492387e-01 -2.255403e-01 -1.671637e-01 2.561727e-01 -1.504076e-01 1.202553e-01 -2.013177e-01 5.210696e-02 8.686020e-02 -7.767602e-05 
2.412815e+00 1.522942e+00 2.402707e+01 -1.577619e+01 1.199408e+00 -1.017283e+01 -4.272121e+00 3.068910e-01 -1.291513e+01 4.962420e+00 -6.404687e-01 -6.215339e+00 8.474406e-01 -3.343516e-01 1.470892e+00 -5.312660e-01 1.212749e+00 -3.631139e-01 -5.536300e-02 1.404348e-01 -1.372512e-01 1.879117e-01 9.198576e-02 -1.175633e-01 -3.765607e-01 -1.578397e-02 2.883161e-02 2.170877e-03 -1.106345e-01 -7.189617e-02 1.198365e-01 -4.197617e-02 2.945513e-02 -2.470793e-02 -1.381916e-01 -8.740144e-02 -8.522699e-02 1.792423e-01 -6.242486e-04 
3.557456e-01 4.608866e+00 2.232493e+01 -1.316792e+01 -1.449953e+00 -8.191389e+00 -5.114151e+00 2.372451e-01 -1.339175e+01 6.052466e+00 -2.871290e+00 -5.010784e+00 8.298903e-01 -1.104511e-01 1.070703e+00 -4.706540e-01 1.024687e+00 2.159286e-02 3.817169e-02 3.556337e-01 -1.789505e-01 9.137084e-03 -1.466473e-02 -1.166370e-01 -4.613113e-01 -1.709040e-02 2.001804e-01 -2.271647e-01 1.709927e-01 -4.668992e-01 4.239101e-01 -1.368634e-02 -5.843509e-02 -4.302992e-02 -4.443615e-02 -6.630583e-02 -5.554714e-02 3.481486e-03 -1.828792e-03 
1.777339e+00 4.038792e+00 2.298892e+01 -1.360443e+01 4.846382e-01 -9.240659e+00 -5.033260e+00 6.044289e-01 -1.511040e+01 6.727715e+00 -2.829661e+00 -5.950987e+00 8.165739e-01 1.437609e-01 8.041191e-01 -2.341351e-01 2.419695e-01 5.147588e-01 3.442660e-01 -2.796627e-01 -4.199202e-02 -1.555270e-01 6.265688e-02 -3.582783e-01 -1.676740e-01 -2.102855e-02 9.803692e-02 -1.655728e-01 2.363364e-01 -5.352754e-01 3.544329e-01 -1.590935e-03 2.268461e-02 -1.420079e-01 2.131847e-01 -1.651969e-01 -3.150335e-02 -3.275554e-02 -2.693531e-03 
2.193110e+00 4.420782e+00 2.254764e+01 -1.342182e+01 1.385170e+00 -8.989630e+00 -3.585503e+00 -9.044186e-01 -1.335972e+01 5.701133e+00 -1.949740e+00 -7.575176e+00 7.880085e-01 2.899631e-01 6.946451e-01 1.805965e-01 -5.369964e-01 1.111212e+00 2.890248e-02 -1.002040e-02 -5.562420e-01 6.274779e-01 -2.815872e-01 -1.044797e-01 -7.750962e-01 -2.424267e-02 -2.449681e-02 -7.051604e-02 1.836239e-01 -3.234402e-01 1.212382e-01 -8.753554e-02 1.206357e-01 -1.053149e-01 2.196381e-01 -1.635178e-01 -4.091404e-02 3.043557e-02 -1.654883e-03 
2.213041e+00 5.637508e+00 2.274541e+01 -1.443934e+01 2.355607e+00 -8.052865e+00 -6.433883e+00 6.674628e-01 -1.370877e+01 5.451342e+00 -2.892513e+00 -5.771303e+00 7.632378e-01 -4.427109e-02 8.310162e-01 3.247149e-01 -6.826474e-01 8.642702e-01 -5.873362e-02 4.367471e-01 -6.586176e-01 9.447114e-01 -6.004525e-01 -2.810503e-01 -3.835799e-01 -2.567816e-02 -5.602652e-02 -6.182000e-02 4.432750e-02 9.773555e-02 -2.192794e-01 -1.145486e-01 3.117922e-01 -2.829374e-02 8.158638e-02 -1.500855e-01 2.889049e-02 6.437983e-02 2.685401e-04 
1.587763e+00 7.282349e+00 2.334942e+01 -1.543539e+01 3.170523e+00 -8.641404e+00 -4.464476e+00 -2.575480e+00 -1.095545e+01 5.282529e+00 -3.362267e+00 -8.975683e+00 7.353576e-01 -1.390449e-01 7.048258e-01 1.679141e-01 -1.301740e-01 4.529873e-01 -1.979823e-01 6.008132e-01 -3.971853e-01 5.573035e-01 -5.005170e-01 -3.597835e-01 -2.012103e-01 -2.304013e-02 3.895934e-03 -7.459418e-02 -1.843755e-01 4.584688e-01 -4.344391e-01 5.666311e-03 8.716275e-02 2.218284e-01 -1.260591e-01 -7.491629e-02 1.947981e-02 2.693875e-01 2.127047e-03 
1.858454e+00 6.762878e+00 2.421177e+01 -1.601104e+01 3.913569e+00 -9.708276e+00 -2.410993e+00 -1.853454e+00 -1.158895e+01 3.934570e+00 -3.528783e+00 -7.168482e+00 7.145046e-01 7.818715e-02 4.900256e-01 -6.180927e-03 5.271317e-01 -2.524999e-01 -1.151915e-01 9.740084e-01 -2.629734e-01 2.875668e-01 -5.782336e-01 -8.607004e-02 -1.327079e-01 -2.028562e-02 1.341440e-01 -4.604718e-02 -2.818265e-01 4.958875e-01 -3.882300e-01 1.226558e-01 -2.589564e-01 1.976611e-01 -3.245859e-02 7.748873e-02 2.599490e-02 1.674988e-01 3.245037e-03 
1.675367e+00 7.382213e+00 2.265395e+01 -1.328706e+01 2.871262e+00 -9.151114e+00 -2.593793e+00 -1.629529e+00 -1.163347e+01 3.956909e+00 -3.430424e+00 -7.882785e+00 6.971651e-01 2.481333e-01 4.920366e-01 -5.757369e-01 1.150441e+00 -5.024588e-01 8.536036e-02 1.569886e-01 3.551503e-01 3.257407e-01 -6.672078e-01 -1.045955e-01 4.463775e-01 -1.630340e-02 2.179138e-01 -4.352833e-02 -3.378555e-01 1.913438e-01 -4.074332e-01 2.292970e-01 -3.139431e-01 -3.399173e-02 3.616135e-01 8.704633e-02 8.776447e-03 1.527355e-01 2.728918e-03 
2.559749e+00 8.037821e+00 2.306256e+01 -1.287839e+01 1.242608e+00 -8.373538e+00 -2.499527e+00 -1.120409e+00 -1.193203e+01 3.223019e+00 -3.289212e+00 -6.981403e+00 6.808972e-01 4.328311e-01 7.072139e-01 -7.124435e-01 1.156353e+00 -5.989946e-01 4.127317e-01 -6.361203e-01 -4.636171e-02 8.982225e-01 -1.297090e-01 -2.787347e-01 1.301228e-01 -1.282170e-02 1.715956e-01 8.655247e-02 -3.623418e-01 8.743005e-02 -4.992907e-01 4.700629e-01 -2.142203e-01 -2.603395e-01 6.764892e-01 1.074531e-01 8.052547e-03 7.181736e-02 1.404962e-03 
2.477707e+00 9.104975e+00 2.104565e+01 -1.125005e+01 1.993509e+00 -8.881718e+00 -3.634547e+00 -1.166252e+00 -9.154831e+00 2.302040e+00 -4.005475e+00 -6.837211e+00 6.706376e-01 7.731276e-01 3.786664e-01 -1.168022e+00 5.118957e-01 -1.410930e+00 6.844879e-01 -1.639703e-01 -6.753472e-01 2.060068e+00 -2.895860e-01 -2.194532e-01 4.310392e-01 -1.312706e-02 1.867682e-01 2.109359e-01 -4.396816e-01 1.154839e-01 -5.745615e-01 9.663778e-01 -1.135782e-02 -3.992526e-01 6.883119e-01 1.095627e-01 1.088813e-01 -8.261995e-03 -7.420583e-04 
3.621193e+00 9.437257e+00 2.145426e+01 -1.124761e+01 1.357286e+00 -7.779642e+00 -5.070839e+00 -2.317173e+00 -8.337304e+00 4.113282e+00 -4.635215e+00 -7.040558e+00 6.636631e-01 6.736050e-01 9.794533e-01 -1.521483e+00 1.283585e+00 -2.294693e+00 1.935620e+00 6.355185e-02 -1.049517e+00 2.802884e+00 -2.296445e-01 1.153589e-02 2.341112e-01 -1.484902e-02 1.937144e-01 1.683552e-01 -6.365595e-01 -2.817961e-02 -1.571378e-01 1.392472e+00 1.097857e-02 -1.192160e-01 3.870659e-01 1.842102e-02 2.580045e-01 1.080544e-01 -2.120511e-03 
5.010341e+00 8.575652e+00 1.761820e+01 -1.154301e+01 -4.241090e+00 -6.025503e+00 -2.128193e+00 -4.407872e+00 -3.130866e+00 2.063672e+00 -3.854876e+00 -5.697728e+00 6.401573e-01 1.061491e+00 1.410688e+00 -2.369393e+00 1.664142e+00 -2.527556e+00 4.155804e+00 -2.496820e-01 -1.139658e+00 2.814978e+00 -6.937249e-02 2.947436e-01 3.531779e-01 -1.900124e-02 2.867156e-02 1.152662e-02 -5.475058e-01 -1.938854e-01 6.577123e-01 1.428154e+00 1.993391e-03 4.742101e-01 -4.941176e-03 -3.019003e-03 4.249666e-01 4.074013e-01 -2.864235e-03 
4.661779e+00 1.319984e+01 1.716861e+01 -6.313782e+00 -7.114307e+00 -1.232699e-01 -2.935191e+00 -4.746845e+00 -9.296240e-01 2.193899e+00 -3.306762e+00 -6.380235e+00 6.219044e-01 1.257100e+00 1.032996e+00 -3.294387e+00 4.392408e-01 -8.263997e-01 5.639509e+00 -5.382692e-01 -4.104192e-01 2.456169e+00 -1.476816e-01 7.541746e-01 7.093382e-01 -2.048710e-02 -1.417169e-01 -5.047784e-01 -3.781485e-01 -6.212772e-01 1.162882e+00 6.734001e-01 3.645010e-01 8.942405e-01 -3.948831e-01 -1.131036e-01 3.861346e-01 9.176835e-01 -5.548211e-03 
7.265331e+00 1.427729e+01 1.134177e+01 -5.395860e+00 -6.408570e+00 8.069599e+00 -5.950448e+00 -5.649596e+00 1.216247e+00 2.914842e+00 -3.195343e+00 -5.401580e+00 5.965012e-01 6.248036e-01 4.097112e-01 -3.018997e+00 -3.546108e-02 1.143535e+00 5.973200e+00 1.470564e-01 1.376159e+00 2.208858e+00 -3.456763e-01 1.533980e+00 2.230559e+00 -2.462987e-02 -4.961941e-01 -8.056614e-01 1.059312e-01 -6.857683e-01 8.334844e-01 -6.831000e-01 4.928878e-01 6.432832e-01 -4.541514e-01 -2.092875e-02 1.521084e-01 9.952464e-01 -1.025258e-02 
8.779627e+00 1.175159e+01 8.121008e+00 -1.212501e+01 -1.690697e+00 1.337105e+01 -5.851086e+00 -3.747999e+00 1.770493e+00 2.949366e+00 -1.193889e+00 -3.641704e+00 5.830618e-01 1.833679e-01 -1.043741e+00 -3.087350e+00 -9.730399e-01 1.684106e+00 4.394065e+00 1.687843e+00 2.163702e+00 1.131675e+00 -6.571352e-01 1.322443e+00 3.883974e+00 -3.977492e-02 -7.639886e-01 -7.539650e-01 4.872675e-01 -5.042639e-02 -1.360657e-01 -1.774106e+00 8.418878e-02 -9.686611e-02 -4.029370e-01 1.936437e-01 -7.576460e-02 6.207412e-01 -1.705910e-02 
6.075030e+00 1.134810e+01 7.047221e+00 -8.814631e+00 -1.235129e+00 1.709285e+01 6.477904e-02 1.973544e+00 6.563283e+00 -4.254673e-02 2.758820e+00 4.085487e+00 5.364191e-01 -8.824837e-01 -1.579170e+00 -1.943132e+00 -1.058429e+00 3.844641e-01 1.363036e+00 1.101656e+00 7.897471e-01 1.206511e+00 8.072821e-02 7.713106e-01 3.742290e+00 -6.062102e-02 -7.736235e-01 -6.219051e-01 5.135884e-01 3.057675e-01 -7.309903e-01 -2.308454e+00 -8.558379e-01 -9.975417e-01 -4.321581e-01 1.787907e-01 -1.573066e-01 -2.357500e-01 -2.165928e-02 
6.173295e+00 9.445317e+00 3.878718e+00 -9.469382e+00 -1.280293e+00 1.733470e+01 2.495328e+00 2.260062e+00 2.054945e+00 3.867188e-01 3.284246e-01 8.295881e+00 4.530772e-01 -1.809105e+00 -1.742438e+00 -1.395977e+00 6.987066e-01 -1.127212e+00 -9.258254e-01 -5.949198e-01 -6.014370e-01 9.425697e-01 6.073644e-01 7.567219e-01 3.057136e+00 -8.778831e-02 -5.539398e-01 -2.587704e-01 4.140910e-01 4.888127e-01 -6.930512e-01 -1.765639e+00 -1.314905e+00 -1.303072e+00 -3.366990e-01 5.441272e-02 -1.324872e-01 -1.174669e+00 -1.627610e-02 
4.155623e+00 7.534472e+00 3.746277e+00 -1.201564e+01 -4.691159e+00 1.290266e+01 -4.615429e+00 -4.705410e+00 7.106672e+00 4.599665e+00 -1.001086e-01 7.340889e+00 3.583864e-01 -2.247004e+00 -2.350389e+00 -1.296494e+00 6.574331e-01 -1.105808e+00 -2.909224e+00 -2.990984e+00 -2.228834e+00 1.426826e-01 -8.398756e-02 1.030204e+00 1.465204e+00 -1.089209e-01 -2.954175e-03 4.109316e-02 1.575147e-01 5.086058e-01 -1.378412e-01 -4.979059e-01 -6.355745e-01 -7.560156e-01 -6.134736e-01 -2.615909e-01 -1.076679e-01 -1.368716e+00 -2.141348e-03 
6.941100e-01 4.946074e+00 2.790678e+00 -7.030542e+00 -5.598760e+00 1.083780e+01 -6.484838e+00 -3.415638e+00 6.211519e+00 3.664978e+00 4.019525e+00 1.001657e+01 2.331450e-01 -1.904081e+00 -1.952211e+00 -1.340141e+00 6.129760e-01 -1.035992e+00 -2.298089e+00 -2.840529e+00 -2.842338e+00 -1.983977e-02 -3.026211e-01 5.305957e-01 -8.510078e-01 -9.700567e-02 4.913420e-01 3.656055e-01 1.624542e-01 8.554889e-02 1.653447e-01 7.466446e-01 5.032650e-01 -1.541899e-01 -7.162638e-01 -1.797486e-01 -7.591972e-02 -1.143242e+00 1.488495e-02 
-2.420233e+00 1.845820e+00 1.108134e+00 -6.747354e+00 -4.605151e+00 5.795800e+00 -1.040009e+01 -6.332831e+00 5.199111e+00 -2.101803e+00 6.064240e+00 1.055156e+01 1.017725e-01 -8.497473e-01 -1.268847e+00 -1.183340e+00 1.527473e+00 -3.503287e-01 -4.404562e-01 -9.532167e-01 -1.869770e+00 -1.379610e+00 -7.723770e-01 3.459201e-01 -1.147245e+00 -6.671870e-02 6.357705e-01 5.816872e-01 2.041585e-01 1.046600e-02 -2.748130e-02 1.492394e+00 1.525424e+00 3.799968e-01 -5.407822e-01 7.933998e-02 -3.465748e-02 -7.015188e-01 2.511676e-02 
-5.956185e-02 2.528744e+00 -1.502688e+00 -9.038740e+00 -6.502825e+00 9.398213e+00 -8.814751e+00 -1.113796e+01 2.909928e+00 2.224361e+00 -1.005168e-01 2.435787e+00 9.636163e-02 -5.104065e-02 -4.552712e-01 -6.403019e-01 6.914297e-01 -6.781483e-01 1.573278e+00 9.026434e-01 -1.552032e+00 -1.877634e+00 5.278183e-02 7.194394e-01 -1.352752e+00 -3.446109e-02 4.346206e-01 4.803333e-01 2.113562e-01 1.426789e-01 9.476636e-03 7.956982e-01 1.385647e+00 6.293821e-01 -3.895139e-01 -2.607298e-01 1.579513e-01 -2.091314e-01 2.087962e-02 
2.834376e-01 2.398877e+00 -2.385552e-02 -3.374479e+00 -5.990312e+00 1.141945e+01 -8.217305e+00 -1.019333e+01 1.858977e+00 1.458233e+00 3.689350e+00 5.395042e+00 9.318185e-02 5.338643e-03 -1.904473e-01 -6.256430e-01 6.706224e-01 -1.422279e+00 2.617327e+00 2.764573e+00 -9.741091e-01 -1.632339e+00 1.349422e-01 7.626268e-01 -1.791583e+00 -1.460977e-02 1.375051e-01 2.892002e-01 8.828985e-02 1.426789e-01 2.492593e-01 -4.226456e-01 7.980042e-01 6.406307e-01 -1.318414e-01 -4.060743e-01 -9.649913e-02 -3.333327e-01 1.112145e-02 
-9.133524e-01 2.393055e+00 1.555049e-01 -5.259636e+00 -8.297212e+00 1.589128e+01 -3.063215e+00 -9.245617e+00 -1.507213e+00 2.148713e+00 8.803996e+00 5.830945e+00 6.512596e-02 -1.586463e-01 -8.977148e-02 -5.623956e-01 1.754989e+00 -4.526107e-01 1.517194e-01 2.228967e+00 -1.432440e-01 -1.841098e+00 -2.059787e+00 1.112179e+00 -1.574377e+00 -1.866125e-02 -4.338263e-02 1.890326e-02 -1.261589e-01 5.166621e-01 5.817406e-01 -1.524067e+00 1.890369e-01 7.967852e-01 6.945394e-02 -2.956022e-01 -3.737524e-01 -2.854641e-01 2.664804e-03 
-1.966453e+00 9.609283e-01 -2.849079e+00 -5.283561e+00 -1.081933e+01 1.563566e+01 5.475768e-01 -1.215003e+01 -7.542847e-01 -1.389745e+00 5.425113e+00 -1.038334e-01 4.434318e-02 -1.084303e-01 -5.560758e-03 -7.809615e-01 1.709054e+00 7.831054e-01 -1.843055e+00 2.373720e+00 6.288176e-01 -2.057164e+00 -1.746353e+00 -3.330373e-01 -2.703171e+00 -1.901383e-02 -5.500220e-02 -5.025847e-03 -1.145156e-01 6.487932e-01 6.864470e-01 -1.521648e+00 -1.990341e-01 9.213551e-01 2.897482e-01 6.462522e-01 -1.929328e-01 8.725165e-02 -2.202257e-03 
2.723133e-01 2.799227e+00 -2.901937e+00 6.907437e-01 -6.351624e+00 8.048169e+00 -2.052397e+00 -1.087568e+01 -4.989028e+00 -6.650850e+00 4.592535e+00 -2.687081e+00 2.747803e-02 -2.111861e-01 -4.533858e-01 -1.193387e+00 2.755445e+00 1.127733e+00 -3.816763e+00 2.043381e+00 1.630350e+00 -1.317877e+00 -4.846182e-01 -6.014247e-01 -2.324394e+00 -1.893513e-02 -8.224259e-02 6.848748e-03 -1.639114e-01 3.590534e-01 1.465621e-01 -2.840860e-01 1.692650e-02 7.153924e-01 6.347226e-01 1.315327e+00 2.227199e-02 7.708900e-01 -3.114280e-03 
-8.512417e-01 2.168250e+00 -2.400084e+00 2.195550e+00 -3.047189e+00 6.126423e+00 3.146277e+00 -6.234093e+00 -6.685423e+00 -2.873770e+00 4.130127e+00 -3.862058e+00 1.693731e-02 -2.434173e-01 -3.384048e-02 -8.825856e-01 3.414228e+00 1.219671e+00 -3.006761e+00 1.862209e+00 2.745745e+00 -4.450436e-01 2.578621e+00 6.548319e-01 -9.803434e-01 -2.548298e-02 -4.933646e-02 4.001366e-02 -2.864133e-01 -8.559594e-02 -2.502101e-01 4.921706e-01 -5.476509e-02 4.194406e-01 8.883165e-01 8.879907e-01 5.563542e-01 1.517104e+00 -4.702706e-03 
-2.526840e+00 -4.770204e-01 -6.035399e+00 4.777937e+00 -6.544062e+00 1.561989e+00 5.853894e+00 -4.051708e+00 -5.130712e+00 4.676980e-01 6.444614e+00 -3.911970e+00 -1.584433e-02 -5.022771e-01 -4.138174e-02 -1.331082e+00 2.697685e+00 6.181612e-02 -6.867221e-01 2.569423e+00 2.375195e+00 5.265629e-01 2.354359e+00 7.295126e-01 1.418669e+00 -3.099829e-02 -3.530353e-03 2.015201e-01 -1.222072e-01 -6.421744e-01 3.979990e-02 1.027930e+00 -1.863789e-01 6.086018e-02 8.765454e-01 -1.475885e-01 2.764122e-01 1.171231e+00 -4.089615e-03 
-1.783829e+00 2.429776e+00 -5.695089e+00 9.743993e+00 -4.624787e+00 3.844971e+00 5.905486e+00 -1.833618e+00 -2.908842e+00 7.944433e+00 7.773476e+00 -4.392979e+00 -6.141537e-02 -2.094685e-01 -1.134239e-02 -2.144239e+00 1.309850e+00 6.497652e-02 -9.473131e-01 1.836827e+00 2.353472e+00 1.462137e+00 1.274226e+00 1.783379e+00 3.010731e+00 -3.649471e-02 -5.132107e-02 1.029250e-01 -5.580502e-02 -1.055948e+00 3.340150e-01 8.905127e-01 -5.585678e-01 -5.430287e-01 5.946081e-01 -1.145368e+00 -5.109312e-01 2.421537e-01 -4.561897e-05 
-1.772705e+00 2.461572e+00 -7.910368e+00 1.040509e+01 -5.253942e+00 5.755238e+00 9.414369e+00 -1.199753e+00 -4.244786e+00 -2.882765e-01 6.418902e+00 4.671866e+00 -8.832934e-02 -2.458422e-01 5.431915e-01 -1.173622e+00 5.968304e-01 1.904185e+00 2.930748e-01 1.124096e+00 2.130867e+00 2.111345e+00 -5.703335e-01 2.163578e-01 1.536176e+00 -3.387871e-02 -7.193542e-02 1.636174e-01 3.396443e-01 -7.831389e-01 5.712279e-01 5.723363e-01 -1.046235e+00 -9.720480e-01 1.034248e-01 -9.553351e-01 -7.976986e-01 -7.677297e-01 4.463205e-03 
-2.275153e+00 6.420807e-01 -1.218414e+01 5.931687e+00 -3.367264e+00 -7.064521e-01 1.055003e+01 4.107441e+00 1.821252e-01 3.875168e+00 1.305994e+01 6.899811e+00 -1.292800e-01 -6.282716e-01 1.885010e-01 -1.240329e+00 -8.151091e-01 1.968542e+00 9.556121e-01 -2.081137e-01 1.526464e-01 1.735654e+00 -1.685819e+00 -1.643249e+00 1.715882e-01 -2.427100e-02 -1.096750e-01 1.998409e-01 8.214660e-01 -1.074338e-01 1.847815e-01 5.275161e-01 -9.843513e-01 -1.211167e+00 -5.322637e-01 -6.478128e-01 -1.013265e+00 -1.024576e+00 8.326079e-03 
-3.509951e+00 3.132853e+00 -8.659287e+00 9.668313e+00 2.347752e+00 5.303692e+00 9.152587e+00 3.632262e+00 3.879994e+00 -3.494551e-01 4.882713e+00 -1.877390e+00 -1.512926e-01 -6.525208e-01 6.766718e-01 -8.507546e-02 -1.554157e-01 1.966244e+00 1.223366e+00 -1.639462e+00 -1.384485e+00 9.069155e-01 -9.423265e-01 -1.545759e+00 -1.000491e+00 -1.479235e-02 -4.906777e-03 -2.986775e-03 5.468954e-01 1.796888e-01 -3.632331e-01 -9.170174e-02 -5.631236e-01 -7.239398e-01 -8.273144e-01 -3.315559e-02 -4.210126e-01 -5.435970e-01 8.762054e-03 
-4.056433e+00 3.037020e+00 -1.152193e+01 6.036663e+00 1.416981e+00 8.848706e+00 4.996577e+00 -3.486166e+00 1.706980e+00 -4.540426e-01 3.251596e-01 -2.602258e-01 -1.512926e-01 -5.545138e-01 9.208829e-01 1.418862e+00 1.148735e+00 9.579329e-01 1.225262e+00 -1.703286e+00 -1.944804e+00 -5.968571e-01 -1.778940e+00 -2.401982e+00 -8.435986e-01 -4.403935e-03 9.189103e-02 -1.194538e-01 3.391504e-01 4.448099e-01 -3.163232e-01 -4.122301e-01 7.722843e-02 4.617826e-01 -1.761893e-01 2.916307e-01 1.549523e-01 -1.754668e-01 6.333733e-03 
-4.144964e+00 4.647379e+00 -8.666414e+00 9.575544e+00 2.185555e+00 7.093801e+00 3.994677e+00 -4.325443e+00 -4.725475e-01 -2.835185e+00 5.057799e+00 3.249176e+00 -1.512926e-01 -3.072734e-01 1.619809e-01 2.313262e-01 5.133739e-01 5.931941e-01 -3.001542e-01 -9.440201e-01 -4.401331e-01 -8.589086e-01 -6.895254e-01 -1.509519e+00 -6.740975e-01 1.252746e-07 9.774884e-02 -3.534673e-01 -2.605863e-01 9.320944e-03 -4.197213e-01 -2.768287e-01 2.801542e-01 7.035052e-01 3.435956e-01 2.751417e-01 4.125052e-01 7.679436e-02 3.398911e-03 
-4.730380e+00 4.489298e+00 -5.086333e+00 1.172192e+01 1.504167e+00 4.524585e+00 4.613142e+00 -1.637464e+00 -6.256301e-01 -3.776472e+00 9.626538e-01 1.183695e-01 -1.512926e-01 -3.413233e-01 -1.516098e-01 2.973736e-01 1.074489e+00 1.073431e+00 -3.435509e-01 -1.694883e-01 1.989539e+00 1.737543e+00 -3.539713e-01 -8.866007e-01 -8.689458e-01 1.252746e-07 1.060074e-01 -3.173637e-01 -5.314169e-01 -3.113762e-01 -2.599285e-01 1.283003e-01 2.790152e-01 2.571461e-01 3.966686e-01 4.196251e-01 7.880018e-01 3.733452e-01 8.808296e-04 
-4.709522e+00 3.216595e+00 -1.072015e+01 9.392937e+00 5.270061e+00 5.965704e+00 4.624607e+00 5.070128e-01 7.515709e-01 -2.135819e+00 -2.983117e+00 -5.437074e+00 -1.512926e-01 -2.704955e-01 -5.544387e-01 -8.270794e-01 -7.173171e-02 -1.900102e-01 6.236061e-01 -1.005453e+00 1.660052e-01 1.457602e+00 -2.792172e-01 -2.408733e-01 -6.037754e-01 1.252746e-07 1.085362e-01 3.503592e-02 1.353081e-03 -2.154779e-01 -3.792124e-01 3.436658e-01 2.297233e-01 -4.168869e-01 -1.960336e-02 2.425942e-01 5.307075e-01 5.066057e-01 6.231792e-08 
-5.481271e+00 2.994477e+00 -9.008506e+00 1.150074e+01 5.241785e+00 7.695352e+00 3.833532e+00 4.044848e+00 9.782905e+00 -2.573208e+00 -8.704858e-02 -2.620744e-01 -1.512926e-01 -4.285656e-02 -3.077139e-01 -7.091494e-01 -1.156203e-01 4.989279e-02 1.404747e+00 -2.774555e-01 -9.619988e-01 2.282273e-01 1.141059e-01 9.037675e-01 9.877672e-01 1.252746e-07 1.060394e-01 2.345051e-01 1.642184e-01 -3.223769e-01 -3.880898e-01 6.325390e-02 2.344690e-01 -5.567333e-01 -4.889999e-01 2.623121e-01 2.827001e-02 1.120807e-01 6.231792e-08 
-5.122048e+00 2.622339e+00 -1.084071e+01 9.327510e+00 -6.338586e-01 8.625995e+00 -6.428573e-01 -6.336799e+00 1.611439e+00 -4.832755e+00 4.378268e+00 4.208022e-01 -1.512926e-01 8.606813e-02 4.153672e-01 7.412583e-01 3.116774e-02 -7.910607e-01 5.441859e-01 2.585183e-01 -1.048768e+00 -2.022679e-01 2.894867e-01 2.490089e-01 9.304435e-01 1.252746e-07 1.048996e-02 1.817891e-01 3.035854e-01 -2.006740e-01 -6.747624e-02 -2.311349e-01 3.368494e-01 4.723926e-01 1.522643e-01 1.263531e-01 -5.712216e-01 -2.885397e-01 6.231792e-08 
-4.738260e+00 3.247495e+00 -8.571389e+00 1.117702e+01 4.705707e+00 1.021788e+01 5.858989e+00 -3.025533e+00 8.604137e-02 -1.857850e+00 1.800946e+00 2.128548e+00 -1.512926e-01 1.049159e-02 5.361530e-01 3.341032e-01 -5.888441e-01 -5.665287e-01 1.226005e-02 3.707160e-01 -1.868160e-01 1.226507e-01 6.733297e-01 -9.903432e-01 -1.075883e+00 1.252746e-07 -1.594184e-01 -1.008023e-01 -6.441402e-02 -3.326007e-01 -4.047031e-02 -4.139100e-01 -2.641748e-02 6.824815e-01 3.123094e-01 -3.098955e-01 -5.105693e-01 -5.772057e-01 6.231792e-08 
-4.650656e+00 5.166850e+00 -7.232719e+00 9.710792e+00 1.583106e+00 7.425190e+00 4.904222e+00 -1.201516e+00 4.588951e+00 -1.046282e+00 -2.682328e+00 -1.980173e+00 -1.512926e-01 -2.447308e-01 -6.739908e-02 1.692318e-01 -8.385316e-01 -2.191721e-01 1.643592e-01 3.545301e-01 2.140231e+00 2.271725e+00 7.302567e-02 -2.149920e+00 -1.014790e+00 1.252746e-07 -2.115304e-01 -3.614436e-01 -4.201350e-01 -1.392908e-01 3.123355e-01 -4.091390e-01 -1.806841e-01 4.078482e-01 -2.244610e-01 -4.127043e-01 1.870420e-02 -2.062235e-01 6.231792e-08 
-5.664359e+00 4.403317e+00 -9.141541e+00 8.365157e+00 1.301125e+00 8.356598e+00 2.913795e+00 5.431581e-01 8.907293e+00 -1.099591e+00 -1.508555e+00 -4.440673e+00 -1.512926e-01 -6.746482e-01 -5.705267e-01 -7.453848e-01 -1.343705e+00 -4.383889e-01 -4.747944e-01 -4.578915e-01 8.559166e-01 5.527681e-01 -1.327256e+00 -4.497477e-01 -9.257495e-01 1.252746e-07 -1.011604e-01 -2.738235e-01 -2.046983e-01 3.727532e-01 4.041930e-01 -6.368015e-01 -1.928331e-01 -1.004519e-01 -9.453347e-01 -1.675648e-01 4.952882e-01 3.215061e-01 6.231792e-08 
-5.882673e+00 1.707443e+00 -9.709318e+00 6.541031e+00 -2.787525e-02 1.037860e+01 2.602971e+00 2.580080e+00 8.559329e+00 -4.846716e+00 -4.716432e+00 -1.368652e+00 -1.512926e-01 -6.290799e-01 -8.384928e-01 -8.196676e-01 -2.878774e-01 7.065375e-01 -1.257831e+00 -2.307371e-01 4.690119e-01 -1.539613e+00 -7.737595e-01 7.209093e-02 -1.757331e-01 1.252746e-07 8.228807e-02 -2.866830e-03 -1.354030e-01 4.841507e-01 3.094386e-01 -5.554263e-01 -1.472112e-01 -5.263767e-01 -1.133465e+00 3.825571e-01 9.333504e-01 5.081156e-01 6.231792e-08 
-7.495234e+00 2.124811e+00 -1.105987e+01 6.043498e+00 3.319368e+00 6.366737e+00 4.720784e+00 -6.368550e-01 8.639401e-01 -6.593733e+00 5.692195e-01 -2.805762e+00 -1.512926e-01 -3.031309e-01 -4.474785e-01 -1.947702e-01 9.995595e-01 9.916918e-01 -2.460721e+00 -3.008147e-01 1.465288e-01 -2.698435e+00 2.588740e-01 3.750977e-01 1.121848e-01 1.252746e-07 2.502758e-01 1.206170e-01 -5.319409e-02 2.476151e-01 1.947537e-02 8.395049e-02 -5.596733e-02 -1.973669e-01 -1.550221e-01 6.727293e-01 7.123027e-01 7.067482e-01 6.231792e-08 
-6.880153e+00 2.113616e+00 -1.037212e+01 9.432486e+00 4.106400e+00 2.130630e+00 2.846917e+00 1.733750e+00 9.117106e-01 -2.168059e+00 -3.360635e+00 -3.676088e+00 -1.512926e-01 -1.901155e-02 -1.433144e-01 -7.831027e-01 4.105881e-01 6.130185e-01 -1.619752e+00 -4.600987e-01 -1.370015e-01 -1.769916e+00 1.192658e+00 2.104332e+00 1.007005e+00 1.252746e-07 2.090471e-01 1.214566e-01 -1.647582e-01 -3.641306e-01 -3.619716e-01 7.438895e-01 -4.524026e-03 -1.509479e-01 5.771580e-01 2.473299e-01 6.730053e-01 6.447315e-01 6.231792e-08 
-6.681305e+00 1.962701e+00 -9.783556e+00 1.191722e+01 4.192408e+00 1.767399e-01 1.287060e+00 1.698927e+00 -7.613417e-01 -1.144777e+00 -3.107021e-01 -2.725902e+00 -1.512926e-01 2.716752e-01 -3.147524e-01 -1.029669e+00 -4.549042e-01 -2.943034e-01 1.258078e-01 -6.230612e-01 1.721227e-01 -1.072743e-01 1.053223e+00 2.095764e+00 2.016732e+00 1.252746e-07 1.011419e-01 1.458523e-02 -2.505659e-01 -6.553426e-01 -3.977615e-01 1.004613e+00 7.849395e-02 -1.051675e-01 7.318338e-01 -1.513340e-01 4.875838e-01 5.055992e-01 6.231792e-08 
-6.384657e+00 1.071540e+00 -1.426282e+01 5.656799e+00 2.600278e+00 5.374103e+00 2.019537e+00 7.269704e-01 5.224898e-01 -1.607805e+00 6.245449e+00 3.626662e+00 -1.512926e-01 1.287062e-01 -2.975332e-01 -1.225999e+00 -1.381227e+00 -4.603680e-01 1.168382e+00 -9.223739e-02 -2.985552e-01 5.046060e-02 6.571814e-02 2.576847e+00 2.095764e+00 1.252746e-07 1.525943e-02 -2.907490e-02 -1.082352e-01 -4.509912e-01 -2.312873e-01 6.619095e-01 1.266469e-01 -7.937917e-02 3.798380e-01 -3.241459e-01 1.425943e-01 2.256570e-01 6.231792e-08 
