-1.070399e+01 4.813846e+00 -7.237411e+00 6.031616e+00 3.826322e+00 1.010339e+01 1.121174e+01 2.989103e+00 -3.515079e-01 3.043105e+00 3.219121e+00 -3.924909e+00 -1.512926e-01 2.832833e-01 -6.229460e-01 -4.120405e-01 4.234795e-01 -3.031960e-01 -1.754389e+00 -1.187620e+00 8.128622e-01 1.926910e+00 -8.024120e-01 4.076648e-01 1.108324e+00 1.510344e-06 -7.076684e-02 5.486755e-02 5.944528e-02 -1.651021e-01 1.193452e-01 1.531889e-01 -1.739213e-01 -5.264500e-01 -5.127769e-01 2.019653e-02 -4.479045e-01 1.144964e-01 -3.617902e-07 
-1.047009e+01 2.380715e+00 -8.847823e+00 8.001927e+00 1.800734e+00 5.890172e+00 8.217968e+00 7.995483e+00 5.418300e+00 1.422302e+00 9.891609e+00 1.612375e+00 -1.512926e-01 9.640753e-02 -7.212027e-01 -3.350136e-01 7.428619e-03 -1.129358e-01 -1.573539e+00 -1.790467e+00 -2.568654e-01 1.174019e+00 -5.079188e-01 -7.481592e-01 9.577859e-01 1.510344e-06 -9.112775e-02 1.653749e-01 9.696144e-02 -3.050751e-01 2.387401e-01 3.963797e-01 1.198331e-01 -4.168727e-01 -6.199368e-01 2.183738e-01 -6.429412e-01 -2.472564e-02 -3.617902e-07 
-9.404333e+00 2.915848e+00 -8.492533e+00 7.164481e+00 3.323619e+00 3.437530e+00 6.770846e+00 4.549725e+00 6.398436e+00 -1.578373e-01 1.920767e+00 -1.151932e+00 -1.512926e-01 2.285625e-02 -2.996068e-01 -1.533701e-01 -1.940152e-01 1.985224e-01 -1.078772e+00 -1.755726e+00 -1.284684e+00 -2.603327e-01 -8.485395e-01 -1.254114e+00 1.756029e+00 1.510344e-06 -1.294144e-01 1.747694e-01 1.355889e-01 -3.836108e-01 1.296554e-01 3.657542e-01 3.864571e-01 1.660962e-01 -3.060683e-01 4.337093e-01 -3.454188e-01 -1.703557e-01 -3.617902e-07 
-1.087183e+01 2.156649e+00 -8.284833e+00 5.502810e+00 3.513169e+00 5.568495e+00 4.479571e+00 9.239820e-01 2.143507e+00 2.104494e+00 1.273275e-01 -5.227120e-01 -1.512926e-01 -4.206773e-02 4.209813e-02 -5.673631e-02 -7.930220e-01 6.396418e-01 -1.104309e-01 -3.043210e-01 -2.227957e-01 -7.910706e-02 3.126897e-01 -1.976098e+00 6.607651e-01 1.510344e-06 -8.294281e-02 1.861886e-01 2.476928e-01 -2.204282e-01 2.567308e-02 2.690865e-01 4.370260e-01 5.037097e-01 2.173399e-01 3.967119e-01 2.545466e-01 -3.381776e-01 -3.617902e-07 
-1.038886e+01 3.427651e+00 -8.286023e+00 6.311781e+00 3.962538e+00 4.870385e+00 4.301985e+00 1.017041e-01 -1.577063e-02 -1.540878e+00 1.830751e+00 5.922644e+00 -1.512926e-01 -2.944524e-01 -1.307440e-01 1.267278e-01 -1.094300e+00 -3.112710e-02 -6.572180e-01 1.523902e-03 1.626163e+00 1.023160e+00 9.560113e-01 -7.054984e-01 4.052399e-01 1.510344e-06 -7.248918e-03 1.434273e-01 2.758744e-01 -7.770641e-03 -3.167121e-01 1.131751e-01 3.462158e-02 1.324570e-01 3.333640e-01 3.742990e-01 6.643019e-01 -4.831331e-01 -3.617902e-07 
-1.018824e+01 2.335027e+00 -9.234655e+00 4.462485e+00 4.679296e+00 4.621981e+00 7.930526e+00 9.105469e+00 8.229649e+00 3.676979e+00 5.620838e-02 1.379036e+00 -1.512926e-01 -1.597790e-01 1.252542e-01 7.635305e-01 -6.445274e-01 1.302962e-01 -4.388628e-01 -4.840886e-01 8.062292e-01 1.618924e+00 5.733671e-01 2.503335e-01 -5.760712e-02 1.510344e-06 1.435977e-01 2.074478e-01 1.066516e-01 2.425944e-01 -6.341134e-01 -1.064476e-01 -2.334620e-01 -6.138787e-01 -8.721571e-03 -1.430209e-01 6.498687e-01 -8.347680e-02 -3.617902e-07 
-1.121877e+01 2.172689e+00 -7.384407e+00 2.213026e+00 2.584519e+00 6.245608e-01 5.053216e+00 8.590199e+00 8.471072e+00 3.835806e+00 -1.570943e+00 -7.626168e-02 -1.512926e-01 4.552116e-02 3.759466e-01 8.157687e-01 -3.071609e-01 -1.130478e+00 -3.488234e-01 -1.492707e+00 -1.136948e+00 5.573979e-01 8.924835e-01 9.541839e-01 -3.004965e-01 1.510344e-06 2.674543e-01 2.754773e-01 -2.052125e-01 2.926544e-01 -3.689320e-01 5.283067e-02 2.000650e-01 -7.090788e-01 -2.209994e-01 -1.587314e-01 2.934415e-01 7.031500e-02 -3.617902e-07 
-1.125595e+01 3.410640e+00 -4.918202e+00 4.328758e+00 4.853711e+00 5.497234e+00 1.684034e+00 7.107822e-01 5.995010e+00 2.282935e+00 3.079288e+00 2.188860e+00 -1.512926e-01 5.058381e-01 8.259074e-01 1.320497e-01 2.621229e-02 -1.981267e+00 -7.969654e-01 -7.244946e-01 -1.910601e+00 1.101154e-01 -3.706856e-01 4.434076e-01 5.961818e-01 1.510344e-06 2.466199e-01 1.236664e-01 -3.271401e-01 1.299919e-01 1.835385e-02 1.229520e-01 8.692651e-01 3.637683e-01 -2.966471e-01 -1.579271e-01 -9.363293e-02 -6.519716e-02 -3.617902e-07 
-9.626978e+00 4.770102e+00 -6.364955e+00 4.842819e+00 -1.777288e+00 2.688694e+00 -3.813937e-02 -1.385757e+00 3.888529e+00 3.619093e+00 5.089864e+00 4.015477e+00 -1.512926e-01 7.101147e-01 8.963094e-01 -5.837405e-01 3.345953e-02 -8.199596e-01 -2.142139e-01 1.122071e+00 -5.607790e-01 6.724875e-01 6.345968e-01 6.652017e-01 4.298876e-01 1.510344e-06 8.745299e-02 -1.133028e-01 -1.614733e-01 2.616614e-02 7.222316e-01 5.788096e-02 9.424998e-01 9.884254e-01 -3.683036e-01 -2.694555e-01 -3.372649e-01 -3.677893e-01 -3.617902e-07 
-8.455035e+00 5.165740e+00 -9.084088e+00 3.279282e+00 -3.046479e+00 -3.948236e-01 6.853445e+00 4.540749e+00 1.107168e+01 1.931793e+00 -1.056961e+00 2.314198e+00 -1.512926e-01 7.409682e-01 4.834883e-01 -1.725568e-01 -1.647304e-01 6.677171e-02 1.086949e-01 2.554780e+00 2.336953e+00 7.823610e-02 -8.719075e-02 -7.344812e-02 -7.488356e-01 1.510344e-06 -5.013536e-02 -3.119649e-01 1.031400e-01 9.013893e-02 8.194577e-01 8.850642e-02 -5.329438e-02 6.142861e-01 -5.618783e-01 -1.762650e-01 -3.910148e-01 -5.517324e-01 -3.617902e-07 
-9.068654e+00 5.776696e+00 -8.219369e+00 2.905050e+00 2.434969e+00 2.499471e+00 8.078790e+00 3.871077e+00 9.295525e+00 7.184094e+00 3.823462e+00 2.010063e+00 -1.512926e-01 3.651694e-01 -1.932509e-02 1.606197e-01 -8.086942e-02 1.456684e+00 -5.120760e-01 1.580144e+00 1.681338e+00 -1.268150e+00 -5.965623e-01 -4.737467e-01 -1.467052e+00 1.510344e-06 2.129330e-01 -4.264407e-01 -8.159592e-02 8.298751e-02 2.745621e-01 7.503898e-02 -9.143385e-01 -2.803729e-01 -4.202360e-01 -3.559972e-01 -3.427008e-01 -2.776052e-01 4.125147e-03 
-7.830162e+00 5.324677e+00 -4.853333e+00 4.474180e+00 3.081456e+00 6.135356e+00 1.039897e+01 9.767061e+00 3.682755e+00 6.461653e-02 3.345212e+00 -5.526921e-01 -1.512926e-01 4.276076e-01 -2.761395e-01 2.755999e-01 5.341109e-01 9.776382e-01 -2.053512e-01 -1.220087e+00 3.981218e-02 -1.728941e+00 -6.364518e-01 -9.420718e-01 -1.213867e+00 1.510344e-06 3.882669e-01 -4.164387e-01 -2.605533e-01 8.493790e-02 -1.654363e-01 3.274238e-01 -9.802325e-01 -7.812976e-01 8.623260e-02 -1.953545e-02 1.953139e-01 3.806641e-01 1.783905e-02 
-8.113973e+00 4.594154e+00 -7.677209e+00 3.841138e+00 2.442176e+00 -3.136935e+00 6.089824e+00 4.407891e+00 1.242342e+00 1.570126e+00 5.196854e-01 -1.886264e+00 -1.512926e-01 1.931534e+00 -8.559869e-01 -1.215641e+00 9.912843e-02 9.738468e-02 3.179306e-01 -1.562063e+00 -8.141910e-01 -5.252008e-01 -8.708645e-01 -6.139926e-01 -7.257479e-01 2.062274e-02 3.342191e-01 -1.550113e-01 1.298103e-01 2.744508e-01 -3.402181e-01 8.345892e-01 -1.587248e-01 -2.824268e-01 4.406168e-01 -7.347656e-02 5.244209e-01 6.445385e-01 3.023336e-02 
-6.794742e+00 4.376407e+00 -7.977153e+00 5.481454e+00 1.838211e+00 1.396346e+00 1.747222e+00 4.471627e+00 6.453490e+00 1.556253e+00 -4.115428e+00 -1.807521e+00 -1.512926e-01 1.899072e+00 -1.180448e+00 -7.872317e-01 1.699739e-01 -8.075564e-02 1.330842e+00 -7.752792e-01 -3.216882e-01 1.379962e-01 -4.762950e-02 9.732607e-01 7.838478e-01 7.888435e-02 -1.364494e-01 3.659807e-01 5.269304e-01 2.347929e-01 -1.537185e-01 4.449401e-01 4.192968e-01 5.090520e-04 1.636439e-01 -2.166940e-01 7.518857e-01 4.431252e-01 3.228444e-02 
7.152086e-02 1.970981e+00 -1.273638e+01 2.896914e+00 3.543799e+00 6.458644e+00 4.594383e+00 2.447800e+00 5.283824e+00 2.083923e+00 4.483805e+00 -9.911959e-01 -4.816920e-02 1.300426e+00 -3.422562e-01 1.341232e+00 1.473442e+00 2.848238e-01 2.892852e+00 5.640714e-01 4.501558e-01 1.509696e-03 -1.258269e+00 1.190652e+00 7.568601e-01 1.117279e-01 -8.887884e-01 9.370229e-01 8.546634e-01 1.208901e-01 -8.668415e-02 -2.420284e-01 3.641776e-01 1.954908e-02 -2.175186e-01 -8.918807e-03 1.007478e-01 1.675767e-02 1.419601e-02 
-2.427482e+00 7.344881e-01 -6.260212e+00 5.795687e+00 2.126860e+00 7.991747e+00 7.270566e+00 9.138234e+00 2.351538e+00 -4.300441e-01 6.229488e+00 2.918856e+00 1.915619e-01 6.102103e-02 1.296887e+00 1.631834e+00 1.020859e+00 1.153554e-01 7.317779e-01 -1.865815e-01 -5.898739e-01 -1.174133e+00 -1.526169e+00 1.915152e+00 2.604734e-01 1.158698e-01 -9.855196e-01 8.484227e-01 1.333663e-01 -3.405072e-01 9.521509e-03 -7.199280e-01 2.802539e-01 -1.288299e-01 8.465467e-02 1.494193e-01 -7.014710e-01 -6.429957e-01 -1.634231e-02 
-3.795645e+00 4.703514e+00 -1.830090e+00 1.105070e+01 3.721817e+00 8.029188e+00 6.148056e+00 4.325305e+00 3.300538e+00 -3.728101e+00 1.300278e+00 -4.652803e-01 2.359032e-01 -1.593371e+00 2.590448e+00 1.848070e+00 2.779430e-01 -4.341108e-01 -5.927390e-01 -3.549079e-02 -5.823363e-01 -9.567059e-01 -1.763267e-01 -5.812895e-01 -3.802116e-01 7.310952e-02 -6.040062e-01 4.555400e-02 -7.207486e-01 -8.095109e-01 1.018564e-01 -8.591993e-01 1.050230e-01 6.223648e-02 3.664541e-01 6.234148e-01 -1.044590e+00 -6.670088e-01 -3.199724e-02 
-4.556063e+00 9.494438e+00 -5.271112e+00 6.508558e+00 2.326140e+00 4.270108e+00 3.785101e-02 5.833112e-01 1.574018e+00 -3.168857e+00 7.051997e+00 -7.676095e-01 2.860067e-01 -1.581673e+00 1.595432e+00 -3.738072e-01 -9.348609e-01 3.263028e-01 -5.258195e-01 9.258805e-01 -4.496756e-01 1.040342e+00 1.583844e-01 -1.648019e+00 -1.862664e+00 1.648079e-02 -4.959420e-02 -8.198370e-01 -7.183038e-01 -4.224886e-01 2.269871e-01 -3.931485e-01 2.377126e-01 2.604082e-01 4.983968e-01 2.306527e-01 -1.127159e+00 -3.696105e-01 -2.500466e-02 
-6.830953e+00 1.054283e+01 -3.989805e+00 3.930120e+00 1.273526e+00 5.355922e+00 8.033773e+00 3.813176e+00 8.890053e-01 2.570929e+00 1.165942e+00 -1.048989e+00 2.701605e-01 -8.983625e-01 -2.636915e-01 -1.259897e+00 -1.596135e+00 6.885389e-01 -7.742307e-01 5.329942e-01 6.912063e-01 7.265202e-01 1.016584e+00 -2.250615e+00 -1.516815e+00 1.435261e-03 5.082677e-01 -1.082115e+00 -3.345188e-01 1.953950e-01 2.890950e-01 -2.920133e-01 -8.948244e-02 -5.264016e-03 3.953209e-01 -3.886514e-01 -7.409176e-02 1.078186e-01 -1.636780e-03 
-8.818117e+00 5.791764e+00 -7.048755e+00 4.681635e+00 4.982359e+00 6.699399e+00 1.095693e+01 7.146275e+00 8.758976e+00 -2.787576e+00 -1.943374e+00 -6.102980e+00 2.568441e-01 -5.344080e-01 -1.375227e+00 -4.057383e-01 -1.546730e-01 6.888524e-01 -1.143379e+00 7.178150e-01 7.554012e-02 4.762408e-01 -9.693572e-01 -2.886019e+00 -1.019181e+00 2.668520e-02 5.379635e-01 -3.754186e-01 2.603168e-01 4.735206e-01 1.044604e-01 -4.533635e-01 -2.529512e-01 -3.345509e-01 1.806763e-01 -3.439328e-01 7.378742e-01 7.988024e-01 1.702084e-02 
-6.156168e+00 5.236703e+00 -7.239791e+00 3.983509e+00 5.836415e+00 2.943540e+00 3.353757e+00 4.499904e+00 3.341151e+00 1.163969e+00 -5.455354e+00 -5.381652e+00 2.576698e-01 4.242444e-01 -1.334721e+00 1.914304e-01 8.648219e-01 8.300064e-01 -1.744242e+00 -3.788557e-01 -8.713256e-01 1.301968e+00 -1.555881e+00 -3.327670e-01 -2.630569e-01 5.982520e-02 1.126166e-01 2.566477e-01 3.006777e-01 -1.271163e-02 1.365876e-01 -4.240330e-01 -8.686385e-02 -2.824823e-01 4.061808e-01 -1.948709e-01 1.168249e+00 9.055798e-01 1.585689e-02 
-7.564946e+00 5.271698e+00 -5.674608e+00 5.708230e+00 3.488664e+00 -2.406276e-01 5.966340e+00 6.174232e-01 2.729243e+00 -7.311760e+00 -4.067328e+00 -3.697350e+00 4.256713e-01 4.467631e-01 2.538144e-01 2.022142e-01 2.022168e-01 7.778703e-01 -2.307598e+00 1.169895e-01 -1.341065e+00 1.655990e+00 -2.749835e-01 1.082481e+00 1.504560e+00 7.238822e-02 -1.358406e-01 3.917752e-01 3.224140e-01 -1.125344e+00 1.492203e-01 -2.264243e-01 -5.840955e-01 2.560228e-01 1.354732e-01 5.070071e-01 1.113608e+00 5.130060e-01 -1.727939e-03 
-5.336542e+00 4.129011e+00 -3.720212e+00 7.741083e+00 6.170109e+00 1.048036e-01 8.634676e+00 2.720695e+00 1.041375e+01 -2.945925e+00 5.640060e-01 -3.566954e+00 4.848750e-01 -8.258348e-01 2.049411e-01 -6.037758e-02 -1.838104e+00 1.327128e+00 -2.312093e+00 3.990844e-01 -1.295059e-02 2.167464e+00 -3.050238e-01 1.606359e+00 1.749321e+00 5.786928e-02 -2.746465e-01 -1.223329e-01 6.165425e-01 -1.687512e+00 -3.572494e-01 5.203707e-01 -1.063684e+00 2.913274e-01 -8.240465e-01 2.273283e-01 2.672460e-01 -5.770993e-02 -1.648906e-02 
-6.993899e+00 7.614424e+00 -7.798019e+00 3.813681e+00 8.704886e+00 -3.419561e+00 8.901881e+00 1.330184e+00 1.350262e+01 -2.107776e+00 4.588733e-01 5.125037e-01 5.051835e-01 -5.885113e-01 -1.861473e-01 1.332269e+00 -4.429955e+00 1.186391e+00 -1.991368e+00 -2.591778e+00 9.263776e-01 7.207927e-01 9.402525e-01 1.712435e+00 5.397104e-01 1.902083e-02 1.695731e-01 -9.427354e-01 9.249840e-01 -9.294599e-01 -1.038360e+00 1.608578e+00 -9.631473e-01 -4.506488e-02 -1.205116e+00 -2.285975e-01 -2.811250e-01 -6.888633e-01 -1.700266e-02 
-1.057089e+01 5.089918e+00 -6.480410e+00 -4.259256e+00 9.863807e+00 -7.027666e+00 3.881560e+00 4.078890e+00 8.791467e+00 -2.963147e+00 3.131993e-01 1.260561e+00 5.072389e-01 -4.316117e-01 -1.726319e+00 2.708951e+00 -5.256584e+00 -1.160568e+00 6.995384e-01 -4.342965e+00 -5.485681e-01 -2.350749e+00 -1.026975e+00 6.885760e-01 -6.930699e-02 4.068229e-03 1.225026e+00 -9.363779e-01 6.387232e-01 6.925494e-01 -1.377684e+00 1.839272e+00 -3.414681e-01 -1.102702e+00 -8.959351e-01 7.826634e-02 -6.495956e-01 -8.382033e-01 -4.583811e-04 
-7.890350e+00 3.860715e+00 2.367337e+00 -1.044120e+01 7.573714e+00 -6.631507e+00 -4.615734e+00 4.570821e+00 7.144369e+00 -2.601480e+00 4.620203e+00 -3.412358e+00 5.095930e-01 1.097611e+00 -3.494226e+00 3.442387e+00 -2.735727e+00 -3.170158e+00 4.229314e+00 -2.327749e+00 -1.298553e+00 -2.110628e+00 -1.057016e+00 1.357679e-01 -1.030725e+00 1.427706e-02 1.985144e+00 -6.227946e-01 -5.895754e-01 2.211318e+00 -9.926149e-01 8.160067e-01 6.348369e-01 -1.554056e+00 -1.546800e-01 6.929591e-01 -7.860088e-01 -4.288338e-01 2.200124e-02 
-7.046257e+00 -2.625526e+00 4.741892e+00 -1.141441e+01 9.329851e-01 5.208570e+00 -6.321387e+00 -1.642495e+00 1.839358e+00 -7.833689e+00 1.926608e+00 -1.950920e+00 5.030050e-01 4.456258e+00 -2.822856e+00 2.078170e+00 7.775591e-01 -3.383091e+00 3.773851e+00 -1.440280e+00 -4.413818e+00 -8.965135e-01 1.084873e+00 -8.531865e-01 -1.656434e+00 5.794893e-02 2.207152e+00 -1.061759e-01 -1.584154e+00 2.573050e+00 -2.929153e-02 -1.193684e+00 6.149613e-01 -6.671130e-01 3.358237e-01 1.662130e+00 -3.974817e-01 -3.733926e-02 3.166522e-02 
-3.268638e+00 -5.998663e+00 3.802783e+00 -6.287533e+00 -2.680353e+00 1.160871e+01 2.365056e+00 -2.301843e+00 6.425963e+00 -4.957098e+00 3.314086e-01 -3.035259e+00 5.787050e-01 6.893539e+00 -2.751944e+00 -1.300231e+00 3.609456e+00 -2.665410e+00 5.515707e-01 -8.690161e-01 -4.911296e+00 -7.798029e-01 3.349056e+00 -1.446769e+00 -8.110790e-01 1.020854e-01 1.294158e+00 1.026906e-01 -1.685856e+00 1.522115e+00 6.262019e-01 -2.403875e+00 -2.692637e-01 5.848102e-01 -3.136948e-02 1.345078e+00 4.807568e-02 4.487238e-01 2.224804e-02 
9.399108e+00 -4.094833e+00 3.192183e+00 -2.448604e+00 -1.924676e+00 2.721304e+00 -6.809956e+00 -1.455432e+01 4.667855e+00 3.639186e+00 -1.808694e+00 -7.210075e+00 7.624297e-01 7.706259e+00 -2.628282e+00 -2.840630e+00 4.436086e+00 -1.559373e+00 -3.429944e+00 -1.997396e+00 -2.077784e+00 -1.337096e+00 5.080722e+00 -5.074979e-01 -3.657038e-01 1.184895e-01 -5.904774e-01 -2.471540e-03 -9.546912e-01 1.390937e-01 7.042854e-01 -1.725000e+00 -2.338913e-01 2.003930e+00 5.062097e-03 -1.513866e-02 4.881034e-01 7.307428e-01 -2.002529e-03 
1.835432e+01 -9.164746e+00 -3.358970e+00 3.123182e+00 -4.324679e+00 -2.630061e+00 -8.716323e+00 -1.353007e+01 1.831236e+00 8.406873e+00 -7.463729e-01 -4.837676e+00 8.903062e-01 5.943514e+00 -3.078140e+00 -2.527480e+00 3.045650e+00 -9.510834e-01 -4.188150e+00 -3.395490e+00 4.573919e-01 -2.047085e+00 3.670471e+00 2.032704e-01 5.674781e-01 9.524857e-02 -1.950938e+00 2.150202e-01 3.475285e-01 -9.962933e-01 5.958341e-01 -2.576972e-01 -3.157296e-02 2.065713e+00 4.547717e-01 -1.182487e+00 4.748885e-01 4.071730e-01 -2.215427e-02 
2.067374e+01 -1.418362e+01 -5.880522e+00 6.060598e+00 -6.042159e+00 -4.821818e+00 -1.076806e+01 -6.417273e+00 -2.548692e+00 1.088783e+01 -7.194352e-02 -2.877774e+00 9.396544e-01 1.978765e+00 -2.672053e+00 -2.081704e+00 1.754902e+00 -7.188219e-01 -2.481255e+00 -1.346543e+00 2.921414e+00 -2.375309e-01 8.484901e-01 7.621580e-01 1.308002e+00 5.135545e-02 -2.225844e+00 4.527182e-01 1.136301e+00 -1.404965e+00 4.556779e-01 7.565687e-01 4.220442e-01 1.105441e+00 8.804875e-01 -1.579270e+00 5.027816e-02 1.041233e-03 -2.776834e-02 
2.081173e+01 -1.634457e+01 -4.298676e+00 4.686211e+00 -5.376933e+00 -5.560188e+00 -1.263354e+01 -4.082847e+00 -2.012384e-01 9.770778e+00 4.794876e-01 -2.364139e+00 9.663399e-01 2.384727e-03 -1.654897e+00 5.796379e-02 -3.132195e-02 -1.065625e-01 -1.211455e+00 -1.352228e+00 2.917645e+00 9.442719e-01 -4.471816e-01 2.927847e-01 3.880801e-01 2.487974e-02 -1.644374e+00 6.757171e-01 1.227158e+00 -1.031985e+00 2.657298e-01 7.277562e-01 6.905571e-01 2.615184e-01 8.288336e-01 -1.038519e+00 -2.729712e-01 -3.391894e-01 -2.145056e-02 
1.806463e+01 -1.386527e+01 -6.746431e+00 5.544504e+00 -4.992788e+00 -8.219363e+00 -1.158413e+01 -4.670830e+00 4.496376e+00 7.199882e+00 1.389263e+00 -1.906491e+00 9.812024e-01 -4.525219e-01 -1.076274e+00 1.548225e+00 -1.050225e+00 2.967347e-01 -1.135287e+00 -9.089364e-01 2.219367e+00 1.569754e+00 -7.567771e-01 -3.006927e-01 -2.707008e-01 1.483021e-02 -6.856529e-01 4.761641e-01 1.187197e+00 -6.705782e-01 6.279706e-02 3.456178e-01 4.054741e-01 -1.991059e-01 1.178840e-01 -2.883295e-01 -4.450459e-01 -3.068122e-01 -1.228017e-02 
1.967110e+01 -1.759856e+01 -2.635892e+00 3.224876e+00 -5.382338e+00 -6.988614e+00 -1.506937e+01 1.851886e-01 3.029782e+00 8.015067e+00 -1.319292e-02 -3.382739e+00 9.939215e-01 -1.062720e+00 -4.973447e-01 1.793311e+00 -7.118233e-01 -1.301752e-01 -1.222244e+00 -1.614418e-01 2.116103e+00 1.193471e+00 -7.196782e-01 -6.300297e-01 -3.391841e-01 6.258681e-03 -3.537226e-01 3.597447e-01 6.733946e-01 -2.275796e-01 -2.091757e-01 2.115910e-01 5.258434e-01 -2.715468e-01 -2.503767e-01 -7.680096e-02 -2.716122e-01 1.464015e-01 -7.316442e-03 
1.898164e+01 -1.893810e+01 1.028898e+00 1.540323e+00 -4.555670e+00 -9.784271e+00 -1.409471e+01 2.545647e+00 3.684108e+00 7.981579e+00 -1.329069e+00 -3.722273e+00 9.999999e-01 -9.169331e-01 -8.699653e-01 2.986528e+00 -1.257881e+00 -3.929453e-01 -7.478997e-01 8.540702e-02 2.326702e+00 2.273663e-01 -4.570309e-01 -1.001608e+00 1.375468e-01 -7.330656e-04 -2.249280e-01 2.972629e-01 3.827332e-01 -1.201131e-01 -4.236503e-01 5.415431e-01 3.627181e-01 -2.989689e-01 -3.748010e-01 -1.684365e-01 -1.200052e-02 5.129386e-01 -4.379338e-03 
1.503960e+01 -1.629451e+01 7.807299e-01 3.129284e+00 -6.246483e+00 -1.088941e+01 -1.218545e+01 2.889460e+00 6.171904e+00 5.781440e+00 -1.311547e+00 -3.152651e+00 9.882295e-01 -1.533857e+00 4.066969e-02 2.705729e+00 -1.065311e+00 -8.076308e-01 -3.471536e-01 7.798430e-01 1.506316e+00 3.634206e-01 -9.810122e-01 -7.148272e-01 9.159784e-01 -3.923603e-03 5.349559e-02 1.173493e-01 4.235831e-01 -3.893319e-01 -3.656946e-01 8.604881e-01 4.572179e-03 -3.436546e-01 -3.447275e-01 -2.776056e-01 2.084351e-01 6.320598e-01 -9.319642e-04 
1.579611e+01 -1.886713e+01 6.478472e+00 -6.969336e-01 -6.525763e+00 -1.000852e+01 -1.259927e+01 5.610787e+00 4.061813e+00 6.031162e+00 -2.969276e+00 -1.333980e+00 9.803942e-01 -1.341425e+00 1.410691e-01 3.005714e+00 -1.474115e+00 -1.482788e+00 1.134836e+00 4.339515e-01 1.029340e+00 1.106557e-01 -1.468387e+00 -3.183021e-01 1.666330e+00 -1.976534e-03 7.060958e-02 2.284641e-01 1.442122e-01 -3.725586e-01 -3.012995e-01 9.208326e-01 -2.520068e-01 -4.173168e-01 -1.821081e-01 -4.394290e-01 5.519285e-01 4.023164e-01 1.067979e-03 
1.359461e+01 -1.743088e+01 8.168036e+00 -9.832007e-01 -8.435315e+00 -8.612302e+00 -1.191742e+01 6.183958e+00 4.657927e+00 4.085050e+00 -2.767256e+00 2.842379e-03 9.841186e-01 -5.831010e-01 -4.160252e-01 3.901748e+00 -2.550256e+00 -1.413830e+00 2.138628e+00 -3.129115e-01 1.046677e+00 -4.719246e-01 -1.602009e+00 7.057130e-02 2.056638e+00 2.218514e-03 2.243649e-01 9.932964e-02 1.200312e-01 -4.850961e-01 2.732695e-02 6.588651e-01 -4.722259e-01 -1.704071e-01 -3.512713e-01 -2.747102e-01 6.625212e-01 6.761689e-02 5.188009e-04 
1.299665e+01 -1.766466e+01 1.236368e+01 -3.774179e+00 -1.087496e+01 -5.248575e+00 -1.205949e+01 6.044817e+00 4.994567e+00 1.487842e+00 -2.192462e+00 3.031914e+00 9.921647e-01 -1.039031e+00 5.006296e-01 3.109631e+00 -2.378098e+00 -1.596359e+00 2.613486e+00 -6.282311e-01 4.699042e-01 -2.654117e-01 -2.343823e+00 1.365384e+00 1.578659e+00 1.537040e-03 1.442741e-01 2.164374e-01 -1.563615e-01 -3.422625e-01 4.572262e-01 1.939320e-03 -3.313372e-01 3.953277e-02 -5.773327e-01 4.550488e-02 6.508527e-01 -3.671822e-01 -1.642339e-03 
1.352317e+01 -1.897601e+01 1.734667e+01 -8.083948e+00 -1.114090e+01 -2.575710e+00 -1.401996e+01 7.905715e+00 3.346115e+00 4.308874e-02 -1.347278e+00 4.947749e+00 9.934471e-01 -5.632144e-01 3.575809e-01 3.254021e+00 -3.038928e+00 -6.142363e-01 2.207859e+00 -1.050173e+00 9.340659e-01 -1.204932e+00 -1.917021e+00 1.755934e+00 1.297862e+00 -3.082824e-03 4.172550e-02 4.157880e-01 -4.945848e-01 -6.355180e-02 6.677244e-01 -5.308660e-01 2.380379e-02 9.254508e-02 -7.768478e-01 4.555324e-01 3.993012e-01 -6.328778e-01 -3.061976e-03 
1.063613e+01 -1.559120e+01 1.743713e+01 -9.036817e+00 -1.315496e+01 4.079013e-02 -1.468941e+01 7.099595e+00 3.390790e+00 -3.666388e+00 3.147315e+00 4.086635e+00 9.834159e-01 -6.300393e-01 8.364167e-01 2.547614e+00 -2.941164e+00 4.035144e-01 1.109789e+00 -8.542355e-01 1.283205e+00 -2.409537e+00 -1.083280e+00 2.093237e+00 2.099300e-01 -7.538956e-03 1.897311e-01 2.772590e-01 -5.197437e-01 1.277815e-01 6.403477e-01 -7.851285e-01 4.016535e-01 -3.213099e-02 -7.554994e-01 8.377315e-01 -1.142050e-01 -6.065713e-01 -2.284900e-03 
1.195928e+01 -1.667945e+01 2.190118e+01 -1.354641e+01 -1.036649e+01 -2.172768e-01 -1.585322e+01 1.032722e+01 -5.645025e-01 -2.922962e+00 3.342463e+00 5.964905e+00 9.730684e-01 -5.791529e-01 1.495135e+00 1.709841e+00 -2.586345e+00 9.247707e-01 2.359832e-01 -8.096959e-02 1.102605e+00 -3.284110e+00 4.544612e-02 1.703001e+00 -4.234232e-01 -8.552317e-03 8.420607e-02 4.050976e-01 -8.168060e-01 6.114782e-01 1.921856e-01 -7.526253e-01 9.381641e-01 -7.480470e-01 -6.529494e-02 7.400370e-01 -4.577922e-01 -4.231004e-01 -5.161894e-04 
1.062830e+01 -1.463078e+01 2.282422e+01 -1.574859e+01 -9.244325e+00 -8.787493e-01 -1.541380e+01 1.124959e+01 -5.097858e+00 -2.445523e+00 5.928864e+00 3.572639e+00 9.646710e-01 -8.227966e-02 1.318211e+00 1.282972e+00 -1.965300e+00 8.358573e-01 -3.262172e-01 8.955613e-01 2.249342e-01 -3.003247e+00 8.637565e-01 8.207511e-01 -5.936173e-01 -7.158393e-03 9.719376e-02 3.076293e-01 -8.282741e-01 8.777064e-01 -1.896108e-01 -5.381176e-01 1.150313e+00 -1.302872e+00 7.733740e-01 3.882401e-01 -6.742914e-01 -6.701838e-02 6.877789e-04 
1.063124e+01 -1.198039e+01 2.320272e+01 -1.765992e+01 -8.472432e+00 -9.363212e-01 -1.406249e+01 1.134384e+01 -8.830229e+00 -3.401059e-01 5.777349e+00 3.087540e+00 9.600682e-01 -4.159656e-01 2.142323e+00 -1.976256e-01 -4.694104e-01 1.305052e-01 -8.372968e-01 2.765751e+00 -2.277077e+00 -1.234542e+00 8.095855e-01 1.031696e-01 -4.157793e-01 -5.857396e-03 2.684377e-02 1.577621e-01 -6.545175e-01 8.936996e-01 -2.829310e-01 -4.206661e-01 1.061195e+00 -1.423163e+00 1.216540e+00 8.770335e-02 -6.753224e-01 1.611061e-01 9.968308e-04 
1.088863e+01 -1.134999e+01 2.320153e+01 -1.680671e+01 -9.922884e+00 -1.231025e+00 -1.110713e+01 7.715855e+00 -7.492694e+00 -6.391029e-01 6.033997e+00 2.557651e+00 9.541303e-01 -2.257266e-01 2.051005e+00 -6.399002e-01 3.888702e-01 -1.473101e-01 -1.044092e+00 3.473957e+00 -3.541424e+00 4.325824e-01 4.758593e-01 -4.782538e-01 -1.292104e-01 -5.445857e-03 -4.303271e-02 6.122506e-02 -3.575886e-01 5.655140e-01 -7.792219e-02 -3.034088e-01 5.004302e-01 -7.156290e-01 7.297025e-01 2.173551e-01 -5.835680e-01 1.327761e-01 9.757085e-04 
9.748979e+00 -7.608437e+00 2.072461e+01 -1.536418e+01 -9.374415e+00 -4.227580e+00 -4.177550e+00 7.089869e-01 -5.539642e+00 2.215302e-01 3.806283e+00 4.393299e+00 9.490532e-01 -3.734140e-01 1.917547e+00 -6.013867e-01 7.050866e-01 1.784450e-03 -1.508289e+00 3.935945e+00 -4.129955e+00 1.080758e+00 6.777694e-01 -1.024039e+00 1.498706e-01 -4.423646e-03 7.378886e-02 -1.897954e-01 1.992885e-02 2.109331e-01 8.531778e-02 -9.511684e-02 -3.753381e-01 4.169471e-01 -1.058106e-01 4.450230e-01 -3.873596e-01 -9.946305e-02 1.030182e-03 
9.940796e+00 -6.561987e+00 2.086387e+01 -1.495233e+01 -9.530091e+00 -4.453439e+00 -2.986897e+00 -1.140241e+00 -4.580264e+00 -3.468034e-01 4.522972e+00 2.273743e+00 9.429220e-01 -3.187258e-01 1.736644e+00 -3.030824e-01 2.749850e-01 5.106075e-01 -1.507904e+00 2.812745e+00 -2.426772e+00 -5.123411e-01 2.016285e+00 -1.533453e+00 -2.126694e-01 -2.994320e-03 -8.821905e-02 -8.074588e-02 1.734162e-01 -2.261493e-01 4.202430e-01 -1.508642e-01 -8.317026e-01 1.058701e+00 -7.579591e-01 6.613237e-01 -3.212852e-01 -1.618567e-01 6.121835e-04 
9.238608e+00 -4.786472e+00 2.136437e+01 -1.506114e+01 -8.659820e+00 -6.866223e+00 1.557246e+00 -4.878194e+00 -4.882607e+00 2.902936e+00 1.412282e+00 3.978995e+00 9.435368e-01 -5.397766e-04 1.350556e+00 -2.665296e-01 6.422279e-01 2.281951e-01 -1.081084e+00 1.219724e+00 -7.496697e-01 -1.291276e+00 2.264323e+00 -1.305894e+00 -8.714503e-01 -1.932283e-03 -2.132932e-01 5.972679e-02 2.808529e-01 -5.227386e-01 5.085312e-01 -1.208863e-01 -9.957294e-01 1.179714e+00 -7.828347e-01 4.107602e-01 -1.266233e-01 -1.081644e-01 -7.874435e-04 
9.550311e+00 -4.077336e+00 2.136616e+01 -1.558283e+01 -7.726845e+00 -7.450799e+00 8.906192e-02 -1.624990e+00 -1.038256e+01 8.102135e+00 -4.364721e-01 1.701593e+00 9.419206e-01 -8.530327e-01 1.930709e+00 5.992448e-02 -7.104921e-01 1.840652e+00 -2.011919e+00 6.734732e-01 6.197255e-02 -2.171252e+00 2.989229e+00 -1.943919e+00 -4.277911e-01 -3.631543e-03 -2.778258e-01 2.367248e-01 3.158353e-01 -5.756592e-01 1.387693e-01 4.501326e-04 -5.165274e-01 3.552752e-01 -2.120577e-02 -2.240398e-01 2.381452e-01 1.737197e-01 -2.635085e-03 
9.941774e+00 -2.098170e+00 1.914098e+01 -1.183745e+01 -9.135136e+00 -8.134415e+00 3.831117e-01 -2.797364e+00 -9.095118e+00 7.319002e+00 -2.437289e-01 3.225095e-01 9.399003e-01 -1.172827e+00 2.119162e+00 6.215208e-01 -1.415841e+00 1.879519e+00 -1.860740e+00 2.691623e-02 5.241745e-01 -2.003967e+00 2.245117e+00 -1.452010e+00 -2.833367e-01 -8.043424e-03 -1.849503e-01 3.418869e-01 1.469682e-01 -6.185678e-01 -2.791307e-01 3.559774e-01 -3.616622e-02 -4.591715e-01 5.142689e-01 -5.593219e-01 5.432123e-01 1.513930e-01 -4.189237e-03 
5.323977e+00 1.747401e+00 2.227551e+01 -2.011683e+01 -8.899812e-02 -1.387872e+01 9.679072e-01 -1.870955e+00 -1.333064e+01 1.239143e+01 -4.368296e+00 1.963106e+00 9.265838e-01 -1.121795e+00 2.535963e+00 8.321545e-01 -1.574393e+00 3.788568e-01 -1.115764e+00 8.264588e-01 -1.287398e+00 -2.620617e-01 9.057800e-01 -2.697715e-01 3.618723e-01 -1.311465e-02 1.821549e-01 1.503112e-01 -5.342790e-01 1.365582e-01 -1.026255e+00 1.058679e+00 -8.510382e-02 -8.364193e-01 9.334874e-01 -1.186508e+00 4.971008e-01 -2.419228e-01 -4.008031e-03 
5.487903e+00 2.896893e+00 2.401745e+01 -1.987378e+01 -3.081074e+00 -1.295556e+01 1.252045e+00 -2.134425e+00 -1.342857e+01 1.198431e+01 -3.881800e+00 2.431590e+00 9.109836e-01 -7.908870e-01 2.757372e+00 8.219226e-02 -2.018841e+00 -4.365139e-01 2.506258e-01 9.625162e-01 -2.370995e+00 3.254896e-01 5.095110e-01 5.731719e-01 -5.093783e-01 -1.813721e-02 2.284236e-01 -7.936909e-02 -1.028612e+00 6.806520e-01 -9.369817e-01 1.048255e+00 -3.156256e-01 -4.966410e-01 7.743950e-01 -1.463345e+00 -2.576007e-01 -4.498115e-01 -2.550596e-03 
6.168070e+00 6.104775e+00 2.308846e+01 -1.943701e+01 -8.859459e+00 -1.061927e+01 3.786572e+00 -8.393074e+00 -9.526072e+00 1.029797e+01 3.387628e-02 2.456513e+00 8.908157e-01 -1.333123e-01 2.363121e+00 -2.341915e+00 2.738018e-01 -2.132556e+00 2.225970e+00 -2.198063e-01 -2.672647e+00 1.331470e+00 -2.075266e+00 -4.711262e-01 -1.524303e+00 -1.862840e-02 7.060958e-02 -5.019614e-01 -6.669191e-01 1.016184e+00 -1.049822e-01 3.844014e-01 -6.361240e-01 3.694303e-01 2.047629e-01 -1.725598e+00 -9.439783e-01 -2.689713e-01 -7.029545e-04 
5.565217e+00 9.510477e+00 1.914574e+01 -2.227121e+01 -6.932610e+00 -8.510846e+00 3.786159e+00 -1.139089e+01 -9.369935e+00 1.091271e+01 4.214241e-01 -2.471417e+00 8.670990e-01 -5.249034e-01 1.808781e+00 -2.934602e+00 1.063308e+00 -1.549656e+00 1.709624e+00 -1.028066e+00 -1.266293e+00 1.071357e+00 -3.581056e+00 -2.639384e+00 -1.589355e+00 -1.804428e-02 3.076714e-02 -7.194936e-01 1.029622e-01 1.322525e+00 3.008128e-01 -2.692222e-01 -7.420695e-01 6.926112e-01 6.547207e-03 -1.453962e+00 -7.823068e-01 2.647807e-01 1.075518e-05 
4.618855e+00 1.025655e+01 1.300165e+01 -1.754907e+01 -8.826306e+00 -4.971183e+00 -1.398532e+00 -1.060631e+01 -8.702522e+00 2.550358e+00 -8.875257e+00 -3.206832e+00 8.553813e-01 -9.018719e-01 5.004256e-01 -9.940840e-01 1.965515e+00 4.105146e-01 7.658388e-02 -1.358798e+00 7.551514e-03 3.888159e-01 -5.676981e+00 -3.383484e+00 -4.430790e-01 -1.667690e-02 1.224927e-01 -5.446823e-01 5.702696e-01 1.045375e+00 5.695482e-01 -5.356572e-01 -3.579094e-01 2.300440e-01 -1.938961e-01 -9.095649e-02 3.499094e-01 3.580675e-01 -2.310469e-03 
3.637750e+00 9.865289e+00 1.438830e+01 -1.550096e+01 -1.084613e+01 -7.231785e+00 -1.295698e+00 -7.359391e+00 -8.483661e+00 -2.047498e+00 -1.262396e+01 -2.683806e+00 8.384810e-01 -2.527782e-01 9.127752e-02 -7.690336e-02 3.747893e+00 -2.040434e-01 -2.077684e-02 -2.178300e+00 -2.479711e-01 8.293984e-01 -4.959461e+00 -1.882181e+00 2.737333e-01 -1.906206e-02 2.522343e-01 -1.652967e-01 1.737718e-01 6.754510e-01 3.768202e-01 -5.885836e-02 2.937333e-01 -4.061592e-01 -3.931792e-01 8.585894e-01 1.312581e+00 1.083582e-01 -6.736136e-03 
2.621903e+00 8.429518e+00 2.049668e+01 -1.299422e+01 -4.849725e+00 -1.087572e+01 -4.664112e-01 -1.037112e+01 -8.024730e+00 -1.160679e+01 -1.036086e+01 3.474327e-01 8.217388e-01 3.429432e-01 4.983849e-01 -9.192979e-01 4.158472e+00 4.232313e-02 4.129793e-01 -1.434216e+00 -2.031654e+00 4.829409e-01 -1.840854e+00 8.999932e-01 -6.656886e-01 -2.967359e-02 4.240194e-02 6.717764e-02 -5.804631e-01 2.273164e-01 2.749492e-01 3.519630e-01 9.139529e-01 -4.320825e-01 -7.320161e-01 1.247223e+00 1.262065e+00 -2.005070e-01 -1.350415e-02 
5.300000e+00 1.088063e+01 1.501378e+01 -5.809065e+00 -9.940902e+00 -5.662448e+00 -7.571099e+00 -1.274819e+01 -5.561754e+00 -6.806096e+00 -8.246866e+00 -2.879580e+00 7.886234e-01 1.138083e-01 9.833427e-01 -2.103132e+00 3.344118e+00 5.184436e-01 1.246968e+00 4.782933e-01 -2.277680e+00 -9.414686e-01 -1.206068e+00 1.781824e+00 -9.363456e-01 -4.522359e-02 -4.463276e-01 -3.774838e-01 -6.307365e-01 -3.015644e-01 7.707567e-01 1.613471e-01 1.493005e+00 4.929407e-01 -8.666970e-01 3.671677e-01 6.788758e-01 1.495043e-01 -2.171848e-02 
5.502583e+00 1.224058e+01 8.092455e+00 -1.602514e+00 -9.067027e+00 -3.690914e+00 -5.432218e+00 -1.807055e+01 -7.749010e+00 -4.274907e+00 -6.564057e+00 -6.437456e+00 7.319494e-01 -8.732117e-01 3.902311e-01 -2.883345e+00 3.304037e+00 1.423982e+00 1.202654e+00 1.882578e+00 -1.138004e+00 -2.385870e+00 -1.317693e+00 1.094744e+00 -8.404067e-01 -7.111517e-02 -6.347167e-01 -1.067011e+00 -5.553930e-01 -4.390019e-01 9.283665e-01 -6.241947e-02 1.172807e+00 1.804704e+00 -2.106964e-01 -5.624319e-01 2.511258e-01 1.034684e+00 -3.009179e-02 
2.766744e+00 1.287632e+01 1.007423e+01 -4.476372e+00 -6.145582e+00 -4.588713e+00 3.578424e+00 -1.489859e+01 -1.332929e+01 -1.174361e+01 -5.613053e+00 -3.973311e+00 6.572509e-01 -1.876463e+00 -1.742032e+00 -2.248502e+00 2.667315e+00 2.958914e+00 3.912722e-01 3.628332e+00 1.769979e+00 -2.069671e+00 -3.385384e+00 1.414857e+00 1.108636e+00 -1.069280e-01 -3.864624e-01 -1.368932e+00 -7.086580e-01 -2.921375e-01 7.284952e-01 -7.653437e-02 6.776177e-02 1.981504e+00 1.049651e+00 2.453970e-02 4.651882e-01 1.640543e+00 -3.307336e-02 
-4.770168e-01 9.382648e+00 8.549512e+00 2.859288e+00 3.722637e-01 -5.399550e+00 3.371929e+00 -1.498611e+01 -1.607024e+01 -1.572625e+01 -6.203995e+00 -3.307247e+00 5.318691e-01 -1.835666e+00 -3.474024e+00 -3.623503e+00 2.301995e+00 3.463976e+00 5.285791e-01 2.854687e+00 4.968006e+00 -6.379075e-03 -3.563327e+00 2.339034e+00 3.485115e+00 -1.492811e-01 7.013607e-02 -8.232790e-01 -6.842548e-01 -5.125316e-01 2.450037e-01 2.596056e-02 -5.820780e-01 1.267420e+00 1.755402e+00 9.906540e-01 5.172043e-01 1.454374e+00 -2.261896e-02 
-1.092593e+00 3.599710e+00 3.543308e+00 5.295864e+00 1.337049e-01 -2.851894e+00 6.168293e+00 -5.439695e+00 -1.174943e+01 -1.800772e+01 -1.352432e+00 1.098379e+00 3.540120e-01 -1.337184e+00 -3.929189e+00 -5.276221e+00 2.384376e+00 3.140815e+00 1.201370e+00 3.311189e-01 4.576808e+00 3.116926e+00 3.937240e-02 3.485635e+00 5.103597e+00 -1.715087e-01 4.116041e-01 3.127315e-01 -3.457204e-01 -6.163573e-01 -1.940446e-01 7.639868e-02 -1.320220e+00 -4.936434e-01 1.281653e+00 1.788296e+00 -8.627570e-02 1.353392e-01 -5.217479e-04 
-1.746336e+00 -4.908259e-01 -6.759524e+00 5.020782e+00 5.113171e+00 -1.916653e+00 7.546031e+00 2.040251e+00 -8.570754e+00 -1.895973e+01 3.000610e+00 8.452168e+00 1.371542e-01 -7.922030e-01 -2.632669e+00 -4.790812e+00 8.827181e-01 2.558020e+00 9.272701e-01 6.209199e-01 3.795768e+00 3.797846e+00 1.923374e+00 2.645207e+00 4.434052e+00 -1.519185e-01 4.940624e-01 1.160184e+00 5.429770e-01 -5.633717e-01 -4.909309e-01 -9.650441e-03 -1.080168e+00 -1.572097e+00 4.732892e-01 1.566526e+00 -1.068067e+00 -1.659978e+00 2.539859e-02 
-3.284786e+00 -1.832790e+00 -8.652026e+00 6.364662e+00 7.188128e+00 -3.235633e-01 3.147262e+00 -5.280208e-01 -1.494098e+00 -9.930017e+00 7.212788e+00 1.566509e+01 -2.949514e-03 -3.400747e-01 -5.989685e-01 -3.393403e+00 2.949519e-01 2.441732e+00 5.740484e-01 -1.855906e+00 -1.121446e-01 2.436438e+00 2.812763e+00 8.302895e-01 1.310654e+00 -1.082157e-01 5.061031e-01 1.284783e+00 1.105497e+00 -3.159973e-01 -6.065255e-01 2.252895e-02 -3.392788e-01 -1.070895e+00 -3.651013e-01 4.908676e-01 -1.758428e+00 -2.779892e+00 3.978062e-02 
-3.341548e+00 -1.064356e+00 -9.306665e+00 6.738894e+00 9.635338e+00 -2.027369e+00 7.987105e+00 1.536651e+00 -2.208442e+00 -1.014816e+01 2.739496e+00 1.157985e+01 -4.925841e-02 1.361808e-01 6.618401e-01 -1.850063e+00 5.299696e-01 1.358890e+00 7.940733e-01 -1.452661e+00 -5.479652e-01 2.700334e+00 2.882693e+00 -1.673594e+00 -2.918460e+00 -5.393229e-02 4.260800e-01 7.846047e-01 1.030020e+00 -3.273563e-02 -8.799410e-01 -5.182880e-03 -3.968878e-01 -5.162916e-01 -5.511113e-01 -1.483292e-01 -1.339535e+00 -2.034002e+00 3.717369e-02 
-1.995404e+00 8.914799e-01 -1.215018e+01 5.912126e+00 1.008146e+01 7.340077e-02 -3.331744e+00 -5.748947e+00 -2.748149e+00 -8.349877e+00 2.929491e+00 6.088076e+00 -9.386322e-02 7.291240e-01 8.474361e-01 -1.219003e+00 9.809256e-01 7.077634e-01 1.380421e+00 -3.284501e-01 1.394006e+00 1.840242e+00 2.014151e+00 -3.147120e+00 -5.119596e+00 -2.160210e-02 1.667997e-01 1.651319e-01 7.782531e-01 -1.513844e-01 -1.064822e+00 -2.935672e-01 8.463237e-02 1.319019e-01 -6.278728e-01 -3.705280e-01 -2.704875e-01 -3.667775e-01 2.512845e-02 
-1.710126e+00 1.455776e+00 -1.426109e+01 7.897183e+00 1.046093e+01 1.855310e+00 3.522258e+00 1.910536e+00 5.558190e+00 -5.336466e+00 -3.225923e+00 -1.351679e+00 -8.702932e-02 8.035526e-01 5.670524e-01 -7.279910e-01 3.762985e-01 -9.748006e-01 4.981379e-01 -2.127389e+00 4.611606e-01 1.340223e+00 1.581112e+00 -2.063830e+00 -2.520821e+00 -9.357695e-03 -1.824474e-01 -2.264827e-01 6.375675e-01 -3.351761e-01 -6.679648e-01 -3.776092e-01 -2.189524e-01 -5.492092e-01 -8.423319e-01 -3.892948e-01 8.983742e-01 1.094042e+00 9.465741e-03 
-4.554864e-01 1.144222e+00 -1.227040e+01 1.069019e+01 1.031390e+01 4.637682e+00 3.737013e+00 6.255323e+00 3.823548e+00 -2.265168e+00 -5.539873e+00 -3.467261e+00 -9.205373e-02 1.601617e-01 2.742208e-01 -6.317856e-02 -3.851057e-01 -1.715572e+00 -7.459730e-01 -1.095526e+00 4.267645e-02 -2.291307e-02 1.610824e+00 -3.268971e-01 -7.220039e-01 -4.861736e-03 -4.602623e-01 -2.792865e-01 4.586101e-01 -3.379717e-01 -1.643454e-01 -1.620655e-01 3.921484e-02 -1.059460e+00 -6.914077e-01 -4.590537e-01 1.036896e+00 1.306922e+00 3.031316e-04 
-9.387230e-02 1.644360e+00 -1.288635e+01 6.231443e+00 4.645062e+00 -1.818419e+00 -6.183861e+00 -2.160009e+00 1.206692e+00 -5.285277e+00 -3.345142e+00 3.753242e+00 -9.695517e-02 -4.914178e-01 -1.840046e-01 7.598892e-01 -4.630505e-01 -7.692863e-01 -3.092394e-02 -2.163898e+00 -2.618527e+00 -5.796658e-01 1.137730e+00 1.408044e+00 3.529804e-01 -1.496879e-02 -4.829231e-01 -3.648625e-02 3.279703e-01 -2.798968e-02 3.429336e-01 3.642650e-01 8.913729e-01 -4.003306e-01 -3.829226e-01 -3.067209e-01 3.783073e-01 2.219483e-01 -2.304910e-03 
-2.002744e+00 2.168314e+00 -1.315356e+01 4.819938e+00 4.411188e+00 -1.819627e+00 -3.955774e+00 -3.500251e+00 -6.872452e-01 -3.209700e-01 1.354562e+00 -7.445566e-02 -1.132230e-01 -9.248292e-01 -1.732913e-01 3.302190e-01 -2.892646e-01 -2.167901e-01 8.346617e-01 -1.140680e-01 -2.363608e+00 -6.567164e-01 -5.944863e-02 3.014845e-01 -2.172751e-02 -1.727873e-02 -1.701362e-01 2.829686e-01 3.979819e-02 1.153822e-02 2.649204e-01 4.138615e-01 8.279257e-01 2.361502e-01 -8.000681e-02 -3.100990e-01 -2.548827e-01 -3.783793e-01 -5.206362e-04 
-3.393906e+00 2.389347e-02 -1.001963e+01 8.517005e+00 9.565788e+00 4.929165e+00 -3.450686e+00 -6.304164e+00 4.915145e+00 -6.199670e-01 3.671399e-01 -1.283050e+00 -1.512926e-01 -1.068422e+00 6.084774e-01 7.152136e-01 1.886097e-01 -9.499512e-03 1.529031e+00 1.838867e+00 -3.373663e-01 -2.574149e-01 8.826342e-01 -4.865344e-01 -1.761265e+00 -1.467673e-02 7.798281e-02 3.741604e-01 -3.755466e-01 -2.821255e-01 -1.992525e-01 1.935633e-02 5.964595e-01 9.057706e-01 -9.420817e-02 -2.366940e-01 -4.049795e-01 -5.962510e-01 3.960616e-03 
-3.429627e+00 1.087841e+00 -1.205258e+01 8.101078e+00 6.769749e+00 5.436844e+00 1.800084e+00 -3.490376e+00 -1.314045e+00 -4.894907e+00 -5.888597e+00 -1.057658e+00 -1.512926e-01 -4.019279e-01 1.292704e+00 1.582388e-01 -6.531058e-01 -7.708535e-01 5.434787e-01 1.042862e+00 8.292691e-02 -5.840965e-01 1.879323e-01 -6.539282e-01 -1.556751e+00 -7.614184e-03 1.745788e-01 1.522421e-02 -3.756799e-01 -2.929177e-01 -3.492171e-02 -1.669216e-01 -5.509734e-02 6.531988e-01 4.000857e-02 -1.043613e-01 1.764757e-01 -2.772005e-01 4.923346e-03 
-4.722924e+00 5.227468e+00 -9.860728e+00 5.533318e+00 3.418394e+00 2.198326e+00 1.324260e-01 -3.851694e+00 2.328735e-01 1.414648e+00 -2.156387e+00 -4.561354e+00 -1.512926e-01 -3.630320e-01 9.538555e-01 -1.031757e+00 -1.691680e+00 -1.488534e+00 2.115788e-01 2.399086e-01 6.869853e-01 -1.087033e+00 -1.694322e-01 -1.389591e-01 -1.860792e+00 1.510344e-06 1.435301e-01 -4.945916e-01 -2.460625e-01 1.654890e-01 4.277733e-01 -6.766400e-02 -1.558487e-01 1.437811e-01 4.692361e-02 -4.206086e-01 4.072676e-01 5.304762e-01 3.696032e-03 
-3.347420e+00 6.030411e+00 -1.244239e+01 3.045895e+00 3.630646e+00 2.263145e+00 -5.333158e-01 -4.311307e+00 -1.266663e+00 -3.984701e-01 -6.536089e-01 -6.218927e+00 -1.512926e-01 -4.048524e-01 -2.699155e-01 -6.747724e-01 -8.135805e-01 3.481394e-01 6.586931e-01 4.099488e-01 3.901570e-01 -4.193258e-02 -5.518061e-02 1.010157e+00 -1.357853e+00 1.510344e-06 -5.490168e-03 -4.726035e-01 2.639172e-01 7.030815e-01 7.262079e-01 3.611572e-01 2.332910e-01 -1.251107e-01 2.518223e-01 9.676503e-02 3.026732e-01 9.637239e-01 1.522664e-03 
-5.249931e+00 2.321904e+00 -1.498358e+01 2.586241e+00 3.692989e+00 7.573847e+00 -1.084659e+00 -2.458489e+00 -5.437446e-01 -3.715663e+00 -2.945226e+00 -8.006173e+00 -1.512926e-01 -3.492869e-01 -1.083212e+00 -9.875100e-02 1.096438e+00 1.569837e+00 1.133166e+00 1.376121e+00 2.279492e-01 -2.938329e-01 -1.098875e+00 7.177153e-01 7.916477e-01 1.510344e-06 2.204103e-02 6.142753e-02 6.524140e-01 6.460651e-01 4.161611e-01 1.257361e-01 -5.140556e-02 -3.580873e-01 1.948312e-01 5.697954e-01 3.120455e-01 1.283044e+00 -3.617902e-07 
-5.189744e+00 1.190882e+00 -1.286493e+01 5.506877e+00 8.373355e+00 6.042758e+00 4.458509e+00 -2.235863e+00 -1.135346e+00 -2.605786e+00 -4.433435e-01 -6.124291e+00 -1.512926e-01 -4.362909e-01 -5.177124e-02 1.011277e+00 1.468266e+00 1.330993e+00 1.888418e+00 1.641161e+00 -3.129447e-01 2.784812e-01 1.136417e+00 4.311439e-01 1.935583e+00 1.510344e-06 -5.490168e-03 5.002578e-01 6.364118e-01 1.102930e-01 -4.467692e-01 -1.649144e-01 -6.189958e-01 -3.342734e-01 -1.214970e-01 6.143531e-01 1.703837e-01 8.855464e-01 -3.617902e-07 
-5.548421e+00 2.231014e+00 -1.014282e+01 9.784614e+00 8.895878e+00 5.974316e+00 4.517154e+00 -3.749806e+00 -1.301861e+00 -2.975585e+00 1.327077e+00 -6.498564e-01 -1.512926e-01 -2.369859e-01 1.152002e+00 1.387309e+00 3.978923e-01 1.009370e-01 2.255792e-01 -6.329054e-01 -7.517802e-01 -2.731924e-01 2.083589e+00 1.710758e+00 2.907921e+00 1.510344e-06 -8.037233e-02 3.413200e-01 3.058784e-01 -4.436828e-01 -6.975936e-01 -4.443636e-01 -7.687277e-01 7.783486e-02 -3.844078e-01 3.304920e-01 -4.105454e-02 -5.460712e-02 -3.617902e-07 
-5.380093e+00 5.817038e+00 -9.806572e+00 6.787707e+00 7.683984e+00 1.250530e+01 4.871913e+00 -5.230535e+00 5.045319e-01 4.914109e+00 -6.340253e-01 -2.196604e-01 -1.512926e-01 -4.884933e-01 1.113739e+00 1.764320e+00 8.714829e-02 -1.151269e+00 2.881315e-01 -1.680560e+00 -7.911262e-01 -6.598503e-01 1.425329e+00 1.365593e+00 2.011867e+00 1.510344e-06 -7.570487e-02 -1.329423e-01 -2.011231e-01 -4.429027e-01 -5.105661e-01 -7.576756e-01 -1.698431e-01 7.660512e-01 -5.569589e-01 -6.747645e-01 -1.496791e-01 -7.733139e-01 -3.617902e-07 
-6.340156e+00 5.769406e+00 -9.576258e+00 3.935205e+00 4.542359e+00 5.470260e+00 -4.455906e+00 -4.720651e+00 -2.729647e+00 2.942642e+00 5.703825e+00 3.580947e+00 -1.512926e-01 -7.252319e-01 4.056766e-02 1.054272e+00 -4.315472e-01 -6.770294e-01 -2.883262e-01 -8.066091e-01 8.562785e-01 -1.746880e+00 4.092126e-01 4.520543e-02 4.804311e-01 1.510344e-06 -4.086810e-02 -3.985405e-01 -5.407688e-01 -1.786248e-01 -1.193392e-01 -2.053814e-01 1.036383e+00 9.761021e-01 1.279085e-01 -7.967486e-01 -5.631364e-01 -1.086766e+00 -3.617902e-07 
-7.236117e+00 4.990765e+00 -4.326646e+00 8.867339e+00 4.793891e+00 7.734888e+00 5.421132e-01 -5.706756e+00 -3.721065e+00 1.561994e+00 4.196236e+00 1.819346e+00 -1.512926e-01 -5.708181e-01 -1.607413e-01 1.722437e-01 -3.315649e-01 -8.328108e-01 -1.643156e+00 8.787594e-01 2.713377e+00 -1.769573e+00 -1.400099e+00 5.155221e-01 -7.171680e-01 1.510344e-06 1.014553e-01 -3.123699e-01 -6.986123e-01 -1.383818e-01 1.198378e-01 4.868685e-02 1.192983e+00 6.264984e-01 8.177416e-01 -4.502601e-01 -4.473421e-01 -4.917670e-01 -3.617902e-07 
-8.246092e+00 2.847316e+00 -7.611150e+00 6.587371e+00 6.955695e+00 6.917609e+00 2.649194e+00 7.695805e-01 -7.923196e+00 7.463297e-01 -8.618128e-01 7.321168e-01 -1.512926e-01 -4.003195e-01 -2.032887e-01 -5.205785e-01 -2.860108e-01 -6.550884e-01 1.641829e-01 3.269302e+00 2.376299e+00 9.212540e-01 -4.873995e-01 -6.798181e-01 -1.161295e+00 1.510344e-06 1.188399e-01 -9.427077e-02 -2.047680e-01 2.336876e-01 1.343707e-01 3.735887e-01 5.339997e-01 -1.198927e-01 1.454853e+00 1.429849e-01 -1.228275e-01 2.163498e-01 -3.617902e-07 
-7.280646e+00 6.474168e+00 -9.927382e+00 3.804020e+00 2.313167e+00 3.566362e+00 5.713176e+00 5.591038e+00 -5.745868e+00 -9.883314e-01 5.226605e+00 -2.381116e+00 -1.512926e-01 -1.435480e-01 -3.262371e-01 -9.414256e-01 -6.775098e-01 -5.631450e-01 3.050862e-01 2.246408e+00 1.581239e+00 2.094736e+00 -3.777443e-01 -5.086509e-01 3.737282e-01 1.510344e-06 3.489343e-02 -4.677166e-02 2.985886e-01 4.521313e-01 2.892006e-01 3.983868e-01 -4.331188e-01 -6.220942e-01 1.040276e+00 7.240584e-01 -2.577412e-01 5.140853e-01 -3.617902e-07 
-8.319491e+00 4.010903e+00 -9.378675e+00 5.036545e+00 2.507401e+00 8.375425e+00 9.304960e+00 1.512414e+00 2.888989e+00 1.780620e+00 1.789523e+00 -1.246633e-01 -1.512926e-01 -3.444614e-01 -3.479699e-01 5.872088e-01 9.100801e-01 -1.399964e-01 6.056457e-01 1.179551e+00 8.229625e-01 3.595331e+00 6.129283e-01 -5.688694e-02 1.016441e+00 1.510344e-06 4.443127e-02 9.977507e-02 3.892230e-01 4.023964e-01 1.317316e-01 -2.303739e-01 -1.124598e+00 -3.593640e-01 -1.419637e-01 5.672216e-01 -2.024449e-01 2.032640e-01 -3.617902e-07 
-7.917752e+00 2.777812e+00 -8.149739e+00 6.254833e+00 4.202178e+00 8.531634e+00 8.446352e+00 1.828398e+00 1.346131e+00 -8.433776e-01 3.272857e-01 4.116615e+00 -1.512926e-01 -4.243004e-01 -3.222579e-01 1.111272e+00 1.331012e+00 3.556620e-01 1.280900e-01 -2.420403e-01 3.797552e-01 2.094952e+00 1.670084e+00 -1.084624e+00 7.643480e-01 1.510344e-06 1.191105e-01 2.156276e-01 2.239119e-01 2.028715e-01 -1.743390e-01 -4.683848e-01 -7.892471e-01 -1.624691e-01 -8.673467e-01 -2.446843e-02 -2.879199e-01 -3.978731e-01 -3.617902e-07 
-9.650466e+00 2.955218e+00 -5.563914e+00 9.911731e+00 5.311008e+00 7.462730e+00 7.180534e+00 6.765656e+00 6.506739e+00 3.738214e+00 1.303370e+00 2.565958e+00 -1.512926e-01 -3.797343e-02 2.936068e-01 3.992631e-01 7.217997e-01 -4.557384e-01 -8.992069e-01 -1.109422e+00 1.180393e+00 2.113726e-01 1.324867e+00 -1.404108e+00 -3.401201e-01 1.510344e-06 2.699571e-01 1.783734e-01 -1.780089e-01 -2.598911e-01 -4.026427e-01 -4.780969e-01 -2.661300e-01 -1.985508e-01 -1.286008e+00 -9.913334e-01 -2.315926e-01 -4.407054e-01 -3.617902e-07 
-8.736400e+00 5.390779e+00 -6.278066e+00 8.021249e+00 2.689744e+00 4.662643e+00 5.564912e+00 4.863017e+00 2.919674e+00 6.383261e+00 4.658840e-02 9.531105e-02 -1.512926e-01 2.986370e-01 4.311459e-01 2.720987e-01 4.307268e-01 -1.276856e+00 -1.284411e+00 -5.553387e-01 5.903541e-01 -5.499479e-01 -8.559264e-01 -1.274553e+00 -9.371256e-01 1.510344e-06 2.325498e-01 1.222768e-02 -1.577839e-01 -2.394120e-01 -2.876815e-01 -1.702884e-01 2.329476e-01 -2.210880e-01 -7.551281e-01 -1.464739e+00 1.743669e-01 -1.227342e-01 -3.617902e-07 
-8.099783e+00 4.172755e+00 -8.318160e+00 7.762948e+00 9.848770e-01 5.814081e+00 5.198589e+00 5.897148e+00 3.159745e+00 4.791640e+00 -5.090482e+00 1.852513e-01 -1.512926e-01 6.438746e-01 1.672913e-01 1.167844e-01 6.052577e-02 -1.336932e+00 -1.078515e+00 5.566462e-03 -2.751062e-01 -1.512378e+00 -3.080877e+00 -1.119947e+00 -3.362201e-01 1.510344e-06 9.699083e-02 -1.612474e-01 3.206382e-02 -4.807870e-02 2.616572e-02 1.181607e-01 3.870152e-01 -2.945280e-01 -2.329266e-01 -1.214605e+00 3.018297e-01 2.063668e-01 -3.617902e-07 
-7.199417e+00 4.324400e+00 -5.412157e+00 9.483602e+00 -1.908812e-02 2.934280e+00 6.660578e+00 5.214460e+00 2.698768e-01 -5.649815e+00 -2.848683e+00 6.215879e-01 -1.512926e-01 3.974852e-01 -1.979830e-01 4.636856e-01 4.645965e-01 -6.422372e-01 -6.335843e-01 3.652280e-01 1.973734e-03 -8.189225e-01 -3.450717e+00 -3.547786e-01 1.487786e-01 1.510344e-06 -4.881370e-03 -1.623407e-01 7.300266e-02 4.716535e-02 1.964082e-01 1.746203e-01 2.201122e-01 -8.997269e-02 1.555068e-02 -5.559439e-01 2.604511e-01 2.657250e-01 -3.617902e-07 
