-9.431534e+00 4.158862e-01 -8.512702e+00 8.824401e+00 4.583163e+00 7.206246e+00 3.350267e+00 9.739813e+00 4.222147e+00 4.037287e+00 4.384295e+00 1.320440e+00 -1.512926e-01 4.251144e-01 4.064376e-02 -2.077327e-01 -7.666784e-02 2.462485e-02 -2.553762e-01 1.672232e-01 -9.937115e-01 -5.560370e-01 -7.430332e-01 -7.513860e-01 1.273593e+00 8.762979e-07 -3.144975e-02 8.449105e-02 6.352894e-02 -4.803166e-03 -2.119175e-01 6.375304e-02 -1.554426e-01 -1.095742e-01 1.018965e-01 -5.054494e-02 1.911106e-01 -3.856337e-01 -3.426023e-07 
-9.748860e+00 -9.494500e-02 -9.816107e+00 7.186239e+00 5.395397e+00 8.218424e+00 6.432255e+00 1.082866e+01 4.358616e+00 5.355456e+00 3.674369e+00 5.620070e+00 -1.512926e-01 4.432670e-01 1.537362e-01 -1.038942e-01 3.739383e-01 -4.152070e-01 -1.710699e-01 1.878456e-01 -1.215128e+00 -6.725699e-01 -1.721431e+00 4.522530e-02 4.048879e-01 8.762979e-07 -1.454623e-01 4.162998e-02 1.765289e-01 -1.186676e-01 -3.185578e-01 4.892733e-02 -3.606064e-01 3.692631e-02 4.401151e-01 1.950528e-01 1.476603e-01 -7.242494e-01 -3.426023e-07 
-7.147183e+00 8.749983e-01 -8.900110e+00 9.259908e+00 4.300435e+00 5.422921e+00 2.645323e+00 4.226778e+00 1.373439e+00 -3.370202e-01 9.822335e-01 5.538192e+00 -1.512926e-01 2.588798e-01 4.065310e-01 5.787924e-02 -3.259172e-01 -8.148187e-01 2.127927e-02 -6.203220e-01 -1.431057e+00 1.167548e-02 -5.065351e-01 -1.941430e-01 -2.201624e-01 8.762979e-07 -2.767411e-01 -3.858246e-02 1.581925e-01 -3.419665e-01 -2.859676e-01 2.293521e-01 -3.613661e-01 2.762474e-01 6.038569e-01 4.724832e-01 -7.298681e-02 -7.463028e-01 -3.426023e-07 
-8.357357e+00 9.551204e-01 -8.838414e+00 1.047620e+01 2.648257e+00 7.242475e+00 4.641713e+00 6.421241e+00 2.283375e+00 -2.382905e+00 6.311458e+00 1.235606e+00 -1.512926e-01 -2.191061e-01 6.586781e-02 5.421534e-01 -5.452858e-01 -1.148301e+00 -1.491340e-01 -1.242167e+00 -5.905023e-01 1.360649e+00 1.139101e-01 -2.917347e-01 -1.600843e+00 8.762979e-07 -2.724588e-01 -9.307111e-02 4.294258e-02 -4.825426e-01 -4.834742e-02 1.591000e-01 -2.595710e-01 2.683972e-01 3.813480e-01 5.314282e-01 -4.092700e-01 -2.044351e-01 -3.426023e-07 
-8.833345e+00 1.923792e+00 -8.711686e+00 5.550082e+00 1.882083e+00 7.799949e+00 1.143947e+00 4.788402e+00 5.317583e+00 5.373491e+00 2.095321e+00 2.411457e+00 -1.512926e-01 -6.273425e-01 -1.082982e-01 2.601942e-01 -1.326871e+00 -1.038621e+00 8.805482e-01 -9.247549e-01 7.535512e-02 1.446593e+00 7.015985e-01 -9.479327e-01 -1.455145e+00 8.762979e-07 -1.389874e-01 -7.722182e-02 -1.741704e-01 -4.629614e-02 3.128270e-01 -1.246967e-01 9.964215e-02 2.363882e-01 -1.397913e-01 -1.282194e-01 -8.134825e-02 3.185726e-01 -3.426023e-07 
-1.000114e+01 -2.899511e-01 -7.199292e+00 6.314825e+00 8.627654e-01 6.284270e+00 9.724073e-01 7.595233e+00 9.189406e+00 3.069449e+00 1.659338e+00 -8.208032e-01 -1.512926e-01 -4.759063e-01 -5.424669e-02 9.752613e-03 -1.538431e+00 -5.452443e-01 1.948028e-01 -9.577796e-01 -6.261111e-01 5.167273e-01 3.316148e-01 -1.624178e+00 1.523466e-04 8.762979e-07 1.079826e-01 6.517137e-02 -3.046632e-01 4.056966e-01 4.557188e-01 -4.019647e-01 2.790859e-01 -4.019379e-02 -5.680488e-01 -5.035641e-01 1.034067e-01 7.668542e-01 -3.426023e-07 
-9.462084e+00 9.559683e-01 -8.418768e+00 4.706338e+00 3.521663e-04 1.030415e+01 -1.438228e-01 4.016061e+00 5.153738e+00 4.451318e-01 -1.431308e+00 -7.090707e-01 -1.512926e-01 -3.076987e-01 8.046634e-02 -5.465807e-01 -6.084248e-02 4.478011e-01 -7.743098e-01 -2.642610e-01 -2.313355e-01 -2.653326e-01 -1.256602e+00 6.543329e-02 5.720689e-01 8.762979e-07 2.092167e-01 4.062822e-02 -2.899720e-02 8.054064e-01 5.207962e-01 -4.541947e-01 4.395923e-01 6.937756e-02 -5.076693e-01 -5.188573e-01 3.007586e-01 4.595717e-01 -3.426023e-07 
-1.042244e+01 1.167931e+00 -8.936794e+00 3.206127e+00 8.631399e-01 6.964477e+00 4.965902e-01 3.676764e+00 4.949441e+00 1.739590e+00 -4.634487e-02 2.796609e+00 -1.512926e-01 1.610136e-01 2.975040e-01 -5.779676e-01 8.502607e-01 3.871006e-01 -1.331386e+00 -1.770124e-01 -6.381592e-01 -6.237196e-01 -1.424776e+00 -2.813902e-01 1.219752e+00 8.762979e-07 1.253175e-01 -8.487813e-02 2.341258e-01 5.357459e-01 2.860122e-01 3.641389e-02 4.736687e-01 4.898618e-01 1.841705e-01 1.119030e-01 3.692567e-01 -1.280559e-01 -3.426023e-07 
-1.016128e+01 1.596945e+00 -1.057647e+01 6.800058e+00 4.120687e+00 3.588580e+00 6.039051e-02 5.591275e+00 6.111070e+00 -2.441772e-01 3.275343e+00 3.463161e+00 -1.512926e-01 1.002418e-01 -8.094908e-02 4.088897e-01 1.505868e+00 1.099221e+00 -6.273059e-01 8.829506e-01 4.282301e-01 -5.214538e-01 -1.014483e+00 -1.156366e-01 2.329327e-01 8.762979e-07 -9.832591e-03 -1.356460e-01 3.999416e-01 -5.739310e-02 -1.625680e-01 5.215139e-01 5.609760e-01 5.134677e-01 4.645979e-01 8.066683e-01 1.245842e-01 -5.806580e-01 -3.426023e-07 
-8.846650e+00 8.766941e-01 -9.010719e+00 9.518966e+00 7.376912e-01 2.984527e+00 -1.435157e-02 3.616560e+00 5.592157e+00 -3.709758e+00 -2.100917e+00 3.191811e+00 -1.512926e-01 -5.336482e-02 -3.977742e-01 7.024884e-01 3.568636e-01 5.590854e-01 3.033369e-01 8.369468e-01 1.493415e+00 1.565751e+00 7.700978e-01 3.125800e-01 -4.705362e-01 8.762979e-07 -9.616418e-02 -6.119364e-02 2.132582e-01 -3.842051e-01 -4.477328e-01 5.379037e-01 4.083375e-01 3.228512e-01 1.424182e-01 8.220748e-01 4.758377e-01 -6.178520e-01 -3.426023e-07 
-9.748860e+00 6.965254e-01 -6.337211e+00 9.079450e+00 5.558667e+00 9.158145e+00 4.526128e+00 6.187302e+00 2.224946e+00 -1.902660e+00 -9.821444e-01 2.577993e-01 -1.512926e-01 -2.496893e-01 -2.501257e-01 8.128657e-01 -1.012388e-01 -4.512325e-01 1.015929e+00 2.033767e+00 1.270257e+00 9.627708e-01 1.679381e+00 3.914874e-01 -1.486000e+00 8.762979e-07 2.031872e-01 2.159722e-01 -1.490281e-01 -5.041224e-01 -7.330008e-01 7.028180e-02 -2.724310e-01 -3.075987e-01 -4.167818e-01 3.297842e-01 5.322865e-01 -1.084069e-01 1.791574e-03 
-1.089547e+01 -3.709210e-01 -7.543902e+00 3.850965e+00 2.939972e+00 5.696483e+00 2.448461e+00 1.084586e+01 1.472134e+01 6.419143e+00 3.645166e+00 2.046405e+00 -1.512926e-01 -1.448185e-01 7.612374e-02 2.864807e-01 -2.673009e-01 -1.076497e+00 5.366114e-01 1.289342e+00 5.551366e-01 -6.537374e-01 1.338642e+00 1.844216e+00 -1.010095e+00 8.762979e-07 6.367294e-01 4.801151e-01 -2.742899e-01 -2.865694e-01 -5.136353e-01 -1.622370e-01 -7.029983e-01 -7.006072e-01 -1.195393e+00 -6.356522e-01 7.952732e-02 2.631949e-01 6.243498e-03 
-1.038548e+01 9.703818e-01 -7.245425e+00 9.127973e+00 7.639043e-01 7.311974e+00 8.997583e+00 8.327581e+00 6.360720e+00 3.088151e+00 2.359701e+00 -3.394197e+00 -1.512926e-01 1.161972e+00 7.618852e-01 -1.282191e-01 -7.026023e-01 -1.747904e+00 -3.923943e-01 -7.054075e-01 -6.407026e-01 -1.495490e+00 3.500569e-01 1.779984e+00 -3.927798e-02 8.956038e-03 7.695841e-01 3.937490e-01 -3.562416e-01 -3.412209e-01 3.957410e-02 -3.349770e-01 -1.097373e+00 -5.822458e-01 -3.390055e-01 -9.009612e-01 -5.297624e-01 5.983542e-01 9.229517e-03 
-9.252669e+00 1.120452e+00 -7.124256e+00 8.158309e+00 -2.247614e+00 6.590363e+00 4.196527e+00 5.322074e+00 2.555302e-01 4.878796e-01 5.449313e+00 -3.276421e-02 -1.512926e-01 2.424368e+00 1.496709e+00 -1.983166e-01 -7.751698e-01 -1.360630e+00 1.962761e-01 -1.308361e+00 -1.054220e+00 -3.181964e+00 -1.743561e+00 1.587562e-02 1.220681e-01 2.674148e-02 3.158636e-01 -4.412792e-02 -3.705283e-01 -2.776217e-01 5.507565e-01 -1.499276e-01 -5.974049e-01 -1.026638e-01 4.891230e-01 -8.084467e-01 -9.688658e-01 5.677724e-01 4.214135e-03 
-4.760835e+00 3.760241e+00 -7.187620e+00 3.413053e+00 -5.871972e-01 6.749325e+00 1.253303e-01 5.745657e+00 1.980199e+00 2.813296e+00 7.015698e+00 1.100818e+00 -1.065121e-01 2.313677e+00 1.008305e+00 -7.258786e-01 -1.553527e+00 -1.113344e-01 -4.888145e-01 -2.154312e+00 -8.362832e-01 5.319074e-01 -1.284353e+00 -1.343191e+00 9.396728e-01 3.278007e-02 -6.089122e-01 -6.607835e-01 -2.251864e-01 1.432732e-01 7.944615e-01 8.422340e-02 4.451270e-01 1.323452e-01 4.710474e-01 -3.967004e-01 -6.402137e-01 5.761354e-02 -7.285587e-03 
-1.586100e+00 5.717932e+00 -8.564949e+00 2.832377e+00 -3.187918e+00 6.959301e+00 3.426133e-01 6.865896e+00 1.001620e+00 -2.161151e+00 1.396766e+00 4.091406e-01 -3.998258e-02 8.586066e-01 -2.677733e-01 -1.267434e+00 -1.229941e+00 8.590100e-01 -1.650130e-01 -9.730662e-01 1.396116e-01 7.780987e-01 -1.886444e+00 -1.438537e+00 1.339369e+00 9.157459e-03 -1.143312e+00 -9.233879e-01 5.289828e-02 5.035955e-01 7.319625e-01 3.335402e-01 9.620792e-01 -9.039096e-02 3.858032e-01 2.846220e-01 -8.833754e-03 -3.280394e-01 -1.711097e-02 
-2.650422e+00 3.713185e+00 -1.015460e+01 4.023403e+00 6.774008e-01 4.684305e+00 1.526949e-01 3.374020e+00 8.646795e+00 -2.009196e+00 -2.329892e+00 1.083082e+00 -4.303939e-02 -1.099705e+00 -1.659716e+00 -7.197320e-01 2.410886e-01 1.114643e+00 2.095359e-01 1.352507e+00 -5.760446e-01 -1.120440e+00 -1.561951e+00 -6.938895e-01 -3.599367e-01 -1.868290e-02 -9.477979e-01 -5.790326e-01 4.520825e-01 5.913184e-01 9.763840e-02 6.105362e-01 8.213784e-01 -5.549912e-01 -1.156904e-01 4.303419e-01 2.743598e-01 -5.260317e-01 -1.539159e-02 
-6.014863e+00 -1.949916e-01 -1.197826e+01 1.703108e+00 1.415114e+00 6.798122e+00 -6.825376e-01 7.206053e+00 8.128505e-01 -6.533120e+00 2.929296e+00 6.672956e+00 -1.372383e-01 -1.585583e+00 -1.786113e+00 6.311040e-02 8.453673e-01 1.686116e+00 1.514891e+00 1.748515e+00 -1.636276e+00 -4.267209e-01 -1.816027e-01 -3.529200e-01 -8.683758e-01 -3.308448e-02 -3.081562e-01 1.546859e-01 6.781387e-01 1.228338e-01 -6.390975e-01 1.337331e-01 8.721620e-02 -7.767875e-01 4.046851e-01 6.344780e-01 -9.872836e-02 -3.660975e-01 -1.082211e-03 
-8.044959e+00 -1.582078e+00 -9.079641e+00 5.182749e+00 2.684581e+00 7.876842e+00 7.400635e+00 2.695427e+00 -3.527628e+00 -2.810384e+00 2.779920e+00 -3.830781e+00 -1.512926e-01 -1.203293e+00 -1.127701e+00 8.692314e-01 3.655051e-01 -3.681590e-02 1.723938e+00 5.919295e-01 -2.723415e+00 5.558759e-01 1.493743e-02 -5.141829e-01 -5.867053e-01 -2.305373e-02 1.386098e-01 6.337782e-01 4.359396e-01 -4.608312e-01 -1.009709e+00 -5.407007e-01 -8.617684e-01 -1.303607e-01 5.924429e-01 5.107351e-01 -6.060896e-02 3.853716e-01 1.399447e-02 
-6.816554e+00 -5.650793e-01 -8.786722e+00 6.479644e+00 4.239396e+00 1.293773e+01 5.461425e+00 -9.762028e-01 4.955162e+00 -2.668447e+00 -2.922746e+00 -1.475532e+00 -1.512926e-01 -6.304008e-01 2.397567e-01 1.328919e+00 -6.779272e-01 -1.760858e+00 -2.535755e-01 -1.566784e-01 -2.670537e+00 1.963401e+00 4.974181e-01 -2.022083e+00 -3.777953e-01 5.934729e-03 2.798887e-02 5.956396e-01 -8.973302e-03 -6.088637e-01 -6.821558e-01 -1.222071e+00 -9.006741e-01 8.362665e-01 -2.879608e-01 -3.411888e-02 1.831508e-01 4.201235e-01 2.373969e-02 
-8.265707e+00 -1.740203e+00 -7.404391e+00 3.462779e+00 -9.186066e-01 1.023391e+01 4.037760e-02 -6.152091e+00 9.355294e+00 -3.867057e+00 -1.974800e+00 2.224054e+00 -1.512926e-01 -8.843401e-01 4.963397e-01 8.271206e-01 -1.301363e+00 -2.210313e+00 -1.609678e+00 -2.003610e+00 -7.105815e-01 6.467282e-01 6.522440e-01 -1.623876e-01 1.321599e+00 3.178103e-02 -4.460504e-02 2.055968e-01 -5.398315e-01 -2.833237e-01 2.661074e-01 -1.116047e+00 -4.543166e-01 1.611006e+00 -8.836940e-01 -2.575132e-01 3.881703e-01 1.333916e-01 2.587136e-02 
-9.056558e+00 1.082722e+00 -6.171576e+00 -8.265191e-01 -5.587921e+00 4.351595e+00 2.214024e+00 -1.722742e+00 4.188642e+00 -3.518061e+00 -4.803649e+00 1.756729e+00 -1.075662e-01 -1.605117e+00 3.800134e-01 3.917786e-02 -1.365393e+00 -6.378989e-01 -2.928621e+00 -1.457188e+00 1.538662e+00 -1.911859e+00 -6.708455e-01 3.869967e-01 2.781096e-01 5.819533e-02 1.440569e-01 -3.174656e-01 -7.830993e-01 1.242812e-01 7.394913e-01 -2.860113e-01 -1.485513e-01 1.302415e+00 -6.305074e-01 -2.873822e-01 5.535370e-01 -8.887070e-02 2.710669e-02 
-1.134633e+01 7.547337e-02 -6.251614e+00 2.329499e+00 -3.453794e+00 4.121655e+00 -9.941671e-01 -4.842440e-01 8.923308e-02 8.756160e-01 2.908363e+00 1.160822e+00 -1.426322e-02 -9.388966e-01 -1.699262e-01 -1.185174e+00 -7.073915e-01 7.323039e-01 -2.518713e+00 -1.029453e+00 3.226866e+00 -1.924984e+00 -6.884972e-01 2.221253e-01 -2.475691e-01 8.017436e-02 7.211082e-01 -4.461204e-01 -5.266135e-01 1.104210e-01 4.997569e-01 4.372521e-01 4.291740e-01 4.314827e-01 4.442733e-01 -1.532172e-01 4.155396e-02 -2.213039e-01 2.810381e-02 
-1.330202e+01 4.269083e-01 -9.166905e+00 2.193381e-01 2.317222e+00 1.350551e+00 -1.307430e+00 3.883180e+00 2.835279e-02 -8.393987e+00 -3.429541e+00 4.466803e-01 7.116932e-02 1.171119e-01 -1.014516e+00 -1.580388e+00 -3.534033e-01 4.650736e-01 -1.228909e+00 -1.386524e+00 1.872795e+00 9.670680e-02 -2.692467e-01 5.533116e-01 -3.750981e-02 1.172720e-01 1.101789e+00 -8.752564e-02 2.551621e-01 -7.392889e-02 3.287041e-02 1.145826e+00 6.654842e-01 -4.192709e-01 1.209816e+00 2.202395e-01 9.614066e-02 1.348944e-01 2.323120e-02 
-1.083733e+01 -2.262056e+00 -1.183263e+01 -5.971363e-01 -1.209947e+00 -8.593823e-01 -3.346296e+00 7.179390e+00 1.809816e+00 -4.871297e+00 -1.551222e+00 1.641449e+00 1.602033e-01 1.860157e+00 -1.037060e+00 -9.960678e-01 -1.255136e+00 -2.630857e-01 -2.730559e-01 1.069423e-01 1.279762e+00 1.863760e+00 -3.146494e-01 -3.785194e-02 3.727955e-01 1.427598e-01 9.008286e-01 4.467708e-01 1.109946e+00 -3.444228e-01 2.756988e-01 1.639087e+00 9.383668e-01 -9.186995e-01 1.193480e+00 8.777374e-02 4.858561e-03 2.551550e-01 9.666234e-03 
-8.725435e+00 -2.820791e+00 -1.128348e+01 -1.130491e+00 -4.384362e+00 6.977003e-01 -3.542341e+00 3.809215e+00 3.811511e+00 -1.990494e+00 1.924507e-01 1.329012e+00 3.915545e-01 2.504279e+00 3.759480e-01 1.220503e+00 -1.461178e+00 2.400797e-02 1.677774e+00 1.302033e+00 4.157804e-01 2.242806e+00 2.433561e-01 9.976466e-01 6.424423e-01 1.430579e-01 4.959266e-01 6.156033e-01 1.590013e+00 -1.734945e-01 3.937869e-01 1.184182e+00 9.259408e-01 -9.831598e-01 4.577240e-01 8.018377e-02 -3.519449e-01 1.628463e-01 -1.029833e-02 
-4.333628e+00 -3.485931e+00 -1.017406e+01 -3.271932e+00 -1.418155e+00 3.082861e+00 6.583272e-01 5.951213e+00 7.516220e+00 -3.899118e+00 9.080621e-01 2.583490e+00 5.393530e-01 2.371686e+00 1.368833e+00 2.964178e+00 -1.875657e+00 2.331244e+00 4.223332e+00 2.318011e+00 -6.380253e-01 2.969396e+00 -5.059204e-01 2.421542e-02 6.881497e-01 1.156083e-01 2.527936e-01 1.761880e-01 1.266200e+00 5.507466e-01 -2.516756e-01 -3.955088e-02 4.776787e-02 -1.410167e+00 -5.775958e-01 5.665837e-01 -6.929018e-01 -3.703053e-01 -2.148044e-02 
-4.032563e+00 2.918747e+00 -3.893813e+00 -5.749427e+00 2.541532e+00 7.768157e+00 3.200375e+00 6.576483e+00 8.389381e+00 -7.663266e+00 3.291638e-01 3.187673e+00 5.968877e-01 2.341103e+00 8.605639e-01 4.389537e+00 -9.106224e-01 1.136974e+00 2.443733e+00 2.137601e+00 -2.084197e+00 1.832487e+00 2.273729e-01 -1.237420e+00 6.190140e-01 7.935659e-02 4.332334e-01 -7.145566e-01 8.670266e-02 1.201476e+00 -1.075817e+00 -1.698806e+00 -9.793537e-01 -1.139998e+00 -1.227344e+00 7.150223e-01 -7.430704e-01 -7.506609e-01 -1.974655e-02 
-1.325439e+00 1.712253e+00 -7.067245e-01 -7.665495e+00 6.983915e+00 1.672175e+01 4.872474e+00 2.605550e+00 1.436791e+01 -4.564381e+00 -1.498501e+00 4.152769e+00 6.355897e-01 3.205818e+00 -3.985133e-01 3.750421e+00 1.223302e+00 -2.077809e+00 -8.537050e-01 -7.188135e-02 -4.521122e+00 -8.191205e-01 2.526313e+00 -2.384944e+00 -1.466992e+00 6.721092e-02 5.824637e-01 -1.075298e+00 -1.124462e+00 1.567675e+00 -1.272184e+00 -2.817739e+00 -1.760072e+00 -1.077499e-01 -1.535479e+00 2.598885e-01 -4.859623e-02 -6.648141e-01 -1.217499e-02 
1.475798e+00 -1.117455e+00 5.930913e+00 -3.486477e+00 -2.900697e+00 6.096474e+00 5.038295e+00 -4.938535e+00 9.548150e+00 -5.213703e-01 -4.791502e+00 3.639627e+00 7.402064e-01 4.253343e+00 -2.313138e+00 1.260783e+00 2.996679e+00 -3.150431e+00 -4.277685e+00 -2.399906e+00 -3.342686e+00 -1.999629e+00 2.302373e+00 -1.513195e+00 -2.033162e+00 6.852418e-02 4.262447e-01 -6.844321e-01 -2.096071e+00 1.098138e+00 1.428625e-01 -1.997769e+00 -1.796482e+00 1.287212e+00 -9.652891e-01 -5.958521e-01 6.340113e-01 -1.258769e-01 -8.699575e-03 
8.940836e+00 -3.460496e+00 3.665934e+00 1.713133e+00 -9.086630e+00 -3.499664e-01 -6.196399e-01 -1.089666e+01 2.841512e+00 5.161421e+00 -8.456136e+00 -4.977664e+00 8.037317e-01 4.327926e+00 -2.420872e+00 -1.093760e+00 4.009085e+00 -1.885960e+00 -6.504679e+00 -4.213668e+00 -5.475308e-01 -2.791961e+00 -2.439546e-01 -8.091418e-02 -1.309801e+00 6.014911e-02 -1.833522e-01 7.179015e-02 -2.079253e+00 6.326988e-02 1.797540e+00 -7.218736e-01 -9.884697e-01 2.212764e+00 2.233809e-02 -1.247645e+00 8.958814e-01 7.503988e-01 -1.071214e-02 
1.210128e+01 -6.060860e+00 2.242789e-01 4.544728e+00 -5.176000e+00 -5.084059e+00 -6.053349e+00 -3.385683e+00 4.154729e+00 -1.013972e+00 -3.758014e+00 -2.413138e+00 8.554340e-01 3.911304e+00 -1.550411e+00 -3.668665e+00 3.187207e+00 1.755206e+00 -4.719678e+00 -4.773935e+00 2.364892e+00 -2.007619e+00 -1.366815e+00 7.806514e-01 -8.896373e-02 3.938667e-02 -6.967168e-01 6.800023e-01 -1.234874e+00 -8.347943e-01 2.107199e+00 4.064446e-01 6.605410e-02 1.482693e+00 4.453341e-01 -4.817005e-01 2.117038e-01 7.726775e-01 -1.292551e-02 
1.500156e+01 -7.920200e+00 -3.322427e+00 8.364032e+00 -1.308434e+00 -1.021149e+01 -1.065019e+01 -9.082575e-01 3.105055e+00 -5.537897e+00 -2.419828e+00 6.305364e-01 8.787114e-01 2.460081e+00 -4.209655e-01 -4.180926e+00 1.444440e+00 4.457119e+00 -4.241998e+00 -3.827179e+00 3.688843e+00 -7.033865e-01 -1.877398e+00 9.476078e-01 1.312758e+00 2.821588e-02 -9.075441e-01 6.933829e-01 -2.117996e-01 -1.306744e+00 1.369587e+00 8.853558e-01 8.791129e-01 4.407150e-01 5.120783e-01 6.509796e-01 -4.310317e-01 3.394238e-01 -1.081903e-02 
1.800186e+01 -6.639519e+00 -8.918452e+00 9.123561e+00 1.986187e+00 -1.257151e+01 -1.381631e+01 1.892123e+00 -6.217179e-01 -2.005856e+00 -3.906615e+00 3.908141e-01 8.996699e-01 1.703788e+00 8.684165e-02 -3.369835e+00 1.050114e-01 4.214070e+00 -3.376836e+00 -2.262904e+00 1.952714e+00 -8.171802e-01 7.105561e-01 -9.690228e-01 5.189353e-01 1.986095e-02 -8.869889e-01 3.376862e-01 7.631278e-01 -1.142702e+00 1.576622e-01 6.150246e-01 1.222644e+00 -4.140742e-01 3.676427e-01 9.470261e-01 -5.815011e-01 -4.551527e-02 -6.915293e-03 
1.829061e+01 -5.276172e+00 -1.266748e+01 6.646067e+00 9.617964e+00 -1.781650e+01 -1.587438e+01 4.908812e+00 1.712571e+00 -3.729462e+00 -3.644043e+00 1.841978e-01 9.227014e-01 8.939253e-01 2.273756e-01 -2.302156e+00 -9.835023e-01 3.732661e+00 -2.749368e+00 -1.073727e+00 1.862220e+00 -8.267676e-01 1.972172e+00 -1.361394e+00 8.334504e-02 1.581643e-02 -6.089807e-01 -1.965633e-02 1.114783e+00 -6.045215e-01 -8.076180e-01 6.522930e-01 1.132353e+00 -6.698144e-01 1.745386e-01 7.474968e-01 -3.710046e-01 -2.009787e-01 -4.539305e-03 
1.897552e+01 -6.948561e+00 -1.195269e+01 5.928644e+00 1.043095e+01 -1.816621e+01 -1.475570e+01 3.469058e+00 7.650451e-01 1.634724e+00 -7.990950e+00 4.047068e-01 9.327326e-01 2.593731e-01 -1.860955e-01 -7.923142e-01 -1.312295e+00 2.905801e+00 -2.390698e+00 -3.741452e-02 1.208009e+00 -1.077108e-01 1.443498e+00 -9.723907e-01 2.981784e-01 1.101053e-02 -4.267936e-01 -8.834852e-02 9.856967e-01 -1.312120e-01 -1.054520e+00 4.950588e-01 8.620747e-01 -2.434702e-01 1.519652e-01 -4.797718e-02 1.981575e-01 -6.730570e-02 -2.280894e-03 
1.898439e+01 -6.628497e+00 -1.331557e+01 5.043595e+00 1.313278e+01 -2.116134e+01 -1.554927e+01 7.614155e+00 -1.722058e+00 2.502706e+00 -7.184627e+00 1.040518e+00 9.412706e-01 1.373363e-01 -3.828061e-01 1.040442e-01 -8.696014e-01 1.073066e+00 -1.473642e+00 7.217209e-01 7.121633e-01 -1.854374e-01 1.493643e+00 -9.056723e-01 4.182376e-01 9.943000e-03 -2.585841e-01 -8.566523e-02 8.284867e-01 1.802046e-01 -1.154405e+00 3.351043e-01 7.049868e-01 -1.274307e-01 1.410645e-02 -3.412671e-01 2.971438e-01 -7.658541e-02 -7.966651e-04 
1.895187e+01 -6.893875e+00 -1.255631e+01 3.363326e+00 1.475799e+01 -2.285299e+01 -1.416593e+01 6.579063e+00 5.574801e-01 2.095599e+00 -6.998294e+00 1.454046e+00 9.454342e-01 -5.188499e-02 -4.971930e-02 3.554012e-01 -6.079625e-01 2.712515e-01 -1.539450e+00 1.149744e+00 1.310418e+00 -3.780990e-01 7.100292e-01 -2.060914e-01 1.491662e-02 1.139323e-02 -1.955825e-01 -6.935084e-02 6.783637e-01 2.129692e-01 -1.031160e+00 1.374055e-01 6.228887e-01 1.385922e-01 -3.648885e-01 -2.709183e-01 2.618724e-01 -1.350439e-01 -3.057396e-04 
1.898932e+01 -7.217754e+00 -1.184486e+01 3.581079e+00 1.282009e+01 -2.284042e+01 -1.256081e+01 6.914490e+00 8.896658e-01 3.508282e+00 -8.668571e+00 1.750817e+00 9.660764e-01 -2.433753e-01 -2.690669e-01 1.266407e+00 -4.346124e-01 -7.220407e-01 -1.499671e+00 1.857684e+00 1.173873e+00 -6.209804e-01 6.324846e-01 -2.587765e-01 -1.579226e-01 1.164299e-02 -2.329586e-01 -1.449122e-01 6.940566e-01 1.616263e-02 -7.617751e-01 2.818009e-03 6.148579e-01 2.122294e-01 -5.716130e-01 -2.744301e-01 2.887459e-01 -5.175184e-02 -1.263923e-03 
1.871388e+01 -6.902777e+00 -1.091108e+01 3.619978e+00 1.194382e+01 -2.502300e+01 -1.050111e+01 1.037067e+01 -2.430966e+00 4.681844e+00 -8.279365e+00 1.241933e-01 9.773023e-01 -5.281938e-01 -5.897726e-01 2.018385e+00 -4.648055e-01 -1.352487e+00 -1.690711e+00 2.509092e+00 1.670120e+00 -1.714289e+00 5.194608e-01 1.363029e-02 -8.878691e-02 8.629737e-03 -2.666348e-01 -2.679500e-01 7.544658e-01 -1.514322e-01 -7.553293e-01 2.830103e-01 5.698206e-01 -1.270990e-01 -4.999044e-01 -1.493278e-01 2.376279e-01 8.770686e-02 -1.915945e-03 
1.788705e+01 -7.969376e+00 -7.806251e+00 2.742148e+00 1.092975e+01 -2.757451e+01 -8.093031e+00 1.158767e+01 -3.333138e+00 4.371922e+00 -7.837955e+00 9.154837e-01 9.835564e-01 -7.893348e-01 -8.373009e-01 2.742900e+00 -8.602312e-01 -1.923837e+00 -1.383770e+00 3.116372e+00 1.593547e+00 -2.375365e+00 2.168346e-01 4.281344e-01 2.113610e-01 5.008194e-03 -2.422770e-01 -2.519218e-01 6.351098e-01 -2.745514e-01 -7.026279e-01 6.461722e-01 4.236936e-01 -4.932951e-01 -2.864333e-01 -1.087724e-01 3.136476e-01 4.690618e-02 -1.621237e-03 
1.686215e+01 -9.467108e+00 -4.484097e+00 1.458887e+00 8.940915e+00 -2.894010e+01 -3.853971e+00 1.259309e+01 -5.902776e+00 4.261045e+00 -7.345375e+00 1.427443e+00 9.798496e-01 -1.112136e+00 -1.105341e+00 3.389602e+00 -1.152376e+00 -2.904298e+00 -1.822016e-01 3.369465e+00 4.650437e-01 -2.000428e+00 1.711684e-01 6.385540e-01 2.688267e-01 5.133075e-03 -2.209681e-01 -8.587989e-02 4.789685e-01 -3.295537e-01 -6.086730e-01 1.042046e+00 7.961955e-02 -9.316911e-01 2.119204e-01 -9.627355e-02 3.677597e-01 -1.002919e-01 -1.144818e-03 
1.596881e+01 -1.012207e+01 -1.344253e+00 3.604968e-01 4.702246e+00 -2.780076e+01 -3.027008e-01 1.377095e+01 -9.251601e+00 4.803074e+00 -6.994934e+00 2.155773e+00 9.898282e-01 -1.162746e+00 -1.270914e+00 3.756306e+00 -1.463573e+00 -3.459362e+00 9.769683e-01 3.545837e+00 -6.899659e-01 -1.910032e+00 2.626764e-01 9.970050e-01 -1.022251e-01 5.286154e-03 -1.686896e-01 1.254917e-01 3.065718e-01 -3.583707e-01 -2.733853e-01 1.119303e+00 -2.940814e-01 -1.174384e+00 5.777617e-01 1.112162e-03 4.013515e-01 -3.789088e-01 -2.049556e-03 
1.411265e+01 -1.135316e+01 2.805521e+00 -9.512359e-01 5.358498e-01 -2.582076e+01 2.451320e+00 1.160444e+01 -9.474284e+00 5.322060e+00 -5.508148e+00 8.480895e-01 9.998243e-01 -1.446282e+00 -8.024676e-01 3.906440e+00 -1.810898e+00 -3.628139e+00 2.339128e+00 2.692531e+00 -1.846582e+00 -8.873738e-01 1.520089e-02 1.567961e+00 -4.334045e-01 2.764368e-03 -8.146726e-02 4.409033e-01 7.252844e-02 -4.182416e-01 2.469761e-01 8.583567e-01 -6.527519e-01 -9.723795e-01 6.122158e-01 1.117898e-01 2.045108e-01 -3.422783e-01 -3.404755e-03 
1.344794e+01 -1.338079e+01 7.330475e+00 -3.370984e+00 -2.164481e+00 -2.424889e+01 6.483717e+00 8.632045e+00 -1.109762e+01 5.154742e+00 -3.771452e+00 6.940879e-01 9.999999e-01 -1.465717e+00 -3.612778e-01 4.017341e+00 -2.322827e+00 -2.928973e+00 2.952190e+00 1.984447e+00 -3.122742e+00 -4.310980e-02 3.005266e-01 1.970196e+00 -1.332080e+00 -4.055736e-03 -5.286135e-02 6.773905e-01 -1.936881e-01 -3.414402e-01 6.768375e-01 4.608509e-01 -9.719741e-01 -5.741192e-01 6.263029e-01 1.892376e-01 -1.979337e-01 -2.323644e-02 -3.112338e-03 
1.089111e+01 -1.185000e+01 1.071099e+01 -5.729777e+00 -5.766545e+00 -1.902091e+01 6.215381e+00 5.929712e+00 -9.416264e+00 4.160855e+00 -1.117307e+00 -8.821541e-03 9.885808e-01 -1.368048e+00 6.443577e-01 3.621604e+00 -2.813934e+00 -1.934817e+00 3.121785e+00 8.864117e-01 -3.180439e+00 1.270670e-01 7.112587e-01 1.174466e+00 -8.276194e-01 -7.218040e-03 5.292910e-02 6.009347e-01 -3.944895e-01 -1.506865e-01 9.640650e-01 -2.237841e-01 -8.052819e-01 -1.956502e-01 4.222940e-01 1.739822e-01 -5.575852e-01 3.644828e-01 -6.783238e-04 
1.025054e+01 -1.168000e+01 1.479017e+01 -8.864141e+00 -6.791480e+00 -1.644056e+01 7.737995e+00 9.946426e-01 -9.495939e+00 6.886030e+00 6.609966e-01 -4.075824e+00 9.751590e-01 -1.466210e+00 1.392671e+00 2.930176e+00 -2.669319e+00 -9.217848e-01 2.889820e+00 -4.109253e-01 -2.893694e+00 7.142967e-01 8.608154e-01 2.040825e-01 -2.133099e-02 -5.284402e-03 7.625919e-02 4.209397e-01 -5.200888e-01 1.949860e-01 8.850130e-01 -7.758038e-01 -4.959896e-01 1.396978e-01 2.924123e-01 -6.504517e-02 -5.835823e-01 6.995293e-01 1.805317e-03 
8.870866e+00 -8.981712e+00 1.718410e+01 -1.227440e+01 -6.824808e+00 -1.411603e+01 6.256631e+00 -4.790837e-01 -9.639355e+00 8.012503e+00 -1.852043e+00 -9.050459e-01 9.761428e-01 -1.181293e+00 1.325130e+00 2.477550e+00 -2.391126e+00 1.885902e-01 1.251332e+00 -1.362002e-01 -2.939343e+00 8.454390e-01 6.049092e-01 -3.368819e-01 7.335919e-01 -1.523736e-05 9.784208e-02 1.491762e-01 -6.071028e-01 6.265392e-01 5.955166e-01 -9.609212e-01 -1.927204e-01 2.219040e-01 2.025856e-01 -2.264736e-01 -2.029725e-01 4.264728e-01 1.468617e-03 
7.127053e+00 -7.851948e+00 1.874485e+01 -1.344538e+01 -6.244748e+00 -1.225211e+01 4.408501e+00 -2.631834e+00 -7.414569e+00 7.533259e+00 -2.383905e+00 1.035493e+00 9.798145e-01 -1.177742e+00 1.403019e+00 1.989091e+00 -1.559150e+00 4.346000e-01 8.183154e-03 1.579995e-02 -2.544835e+00 1.059786e+00 2.846164e-02 -1.918977e-01 1.384899e+00 1.366508e-03 1.372052e-01 -2.387804e-02 -5.926473e-01 7.727734e-01 2.884358e-01 -8.038231e-01 -4.534537e-02 3.633738e-01 -4.308667e-03 -2.690681e-01 1.120603e-01 8.466372e-02 -1.125730e-03 
6.546603e+00 -7.138480e+00 2.112100e+01 -1.539473e+01 -5.096986e+00 -1.485834e+01 7.199280e+00 -6.953674e+00 -6.229650e+00 6.861984e+00 -1.279347e+00 1.103478e+00 9.861916e-01 -1.023050e+00 1.385002e+00 1.056638e+00 -2.362749e-01 3.645230e-01 -2.421164e-01 -2.903635e-01 -2.245239e+00 9.672221e-01 -4.909791e-03 3.575669e-01 6.016859e-01 -3.201712e-03 1.136353e-01 -7.629161e-02 -5.560868e-01 6.466278e-01 3.689262e-02 -2.464988e-01 -2.538735e-01 6.305023e-01 -1.418704e-01 -2.236038e-01 1.464188e-01 -1.541668e-01 -3.584176e-03 
5.524164e+00 -5.586486e+00 2.276679e+01 -1.509998e+01 -5.482319e+00 -1.602800e+01 7.345905e+00 -8.491906e+00 -5.901959e+00 7.603392e+00 -5.849271e-01 1.844223e+00 9.769861e-01 -8.592816e-01 1.243267e+00 6.775095e-01 1.170886e-01 4.323792e-01 -3.827359e-01 -5.606180e-01 -1.423828e+00 6.317764e-01 -1.795829e-01 4.170682e-01 4.680118e-01 -9.316843e-03 1.902032e-01 -1.713158e-01 -4.321749e-01 3.117453e-01 -4.334543e-02 1.405339e-01 -3.106856e-01 7.419533e-01 -2.511306e-01 -1.822177e-01 -5.365034e-03 -2.750286e-01 -3.422315e-03 
4.557405e+00 -3.189607e+00 2.045623e+01 -1.262810e+01 -5.383458e+00 -1.343878e+01 3.335972e+00 -8.775298e+00 -5.559968e+00 7.952722e+00 -9.632785e-01 1.698793e+00 9.615439e-01 -7.724648e-01 1.023550e+00 3.529164e-01 3.812419e-03 3.740229e-01 2.144470e-01 -1.117135e+00 -3.472649e-01 3.500887e-01 -4.090554e-01 9.061307e-02 4.212435e-01 -1.259597e-02 2.544037e-01 -2.112074e-01 -1.826637e-01 -6.041954e-02 -1.166220e-01 2.676406e-01 -1.544116e-01 6.690900e-01 -3.000113e-01 -1.691901e-01 -1.161085e-01 -1.924504e-01 -1.312786e-03 
3.825191e+00 -3.610142e+00 2.246498e+01 -1.424301e+01 -3.939112e+00 -1.487534e+01 3.536918e+00 -8.840233e+00 -4.590786e+00 6.089851e+00 -4.567425e-01 3.078009e+00 9.455572e-01 -3.521923e-01 7.270520e-01 1.798959e-01 -1.204999e-01 2.131419e-01 4.827537e-01 -1.124057e+00 2.157822e-01 1.125717e-01 -6.805056e-01 -8.532465e-02 9.996589e-02 -1.104906e-02 3.066823e-01 -1.451269e-01 -1.173048e-01 -1.866340e-02 -2.271298e-01 3.572069e-01 -2.846996e-02 3.599462e-01 -2.818932e-01 -6.455428e-02 -7.649204e-02 -2.754418e-01 9.143213e-04 
3.533980e+00 -3.008590e+00 2.303692e+01 -1.580417e+01 -3.998654e+00 -1.436297e+01 3.517722e+00 -8.516418e+00 -5.135031e+00 5.573204e+00 -8.901409e-01 2.592948e+00 9.389341e-01 -4.629005e-03 5.870724e-01 3.920193e-01 -4.195158e-01 -1.091137e-01 6.633164e-01 -7.808307e-01 2.804403e-01 -2.733221e-01 -6.005020e-01 2.822494e-02 -1.764885e-01 -8.901916e-03 2.497446e-01 -6.223118e-02 -7.056365e-02 1.179652e-01 -1.515327e-01 2.342487e-01 7.316239e-02 2.067304e-02 -2.266903e-01 5.748939e-02 1.522821e-02 -2.436203e-01 1.831276e-03 
4.275064e+00 -2.041191e+00 2.237605e+01 -1.411468e+01 -5.108969e+00 -1.315265e+01 1.634467e+00 -7.542391e+00 -5.551387e+00 5.390523e+00 -1.048304e+00 1.897133e+00 9.330488e-01 2.901536e-01 7.358296e-01 7.134946e-02 2.353624e-01 -4.618428e-01 1.178812e+00 -8.711078e-01 6.210222e-02 -4.659837e-01 -4.066842e-01 6.575404e-02 -6.102221e-01 -6.589608e-03 4.494686e-02 2.746222e-02 -7.315101e-02 1.262550e-01 9.485379e-02 4.661506e-02 1.470670e-01 -2.410377e-01 -4.767329e-02 1.346002e-02 8.347070e-02 -1.534154e-01 1.470144e-03 
4.309556e+00 -1.038605e+00 2.246053e+01 -1.478960e+01 -5.343764e+00 -1.098338e+01 3.830476e-01 -8.021878e+00 -6.445796e+00 5.299684e+00 -5.265204e-01 1.406752e+00 9.232987e-01 1.550943e-01 7.080184e-01 5.447899e-02 4.156881e-01 -4.606903e-02 1.037702e+00 -8.777416e-01 -1.672130e-01 -4.941753e-01 -2.586205e-01 9.125458e-02 -4.417149e-01 -5.667101e-03 -1.256951e-01 1.237028e-01 -1.746204e-01 1.245005e-01 3.082375e-01 -1.402025e-01 1.728413e-01 -3.166652e-01 1.986819e-01 -1.858805e-01 8.967789e-02 -1.792634e-01 8.265197e-04 
4.888527e+00 -9.156663e-01 2.310973e+01 -1.357331e+01 -5.575563e+00 -1.067137e+01 7.485895e-01 -8.777019e+00 -6.265198e+00 4.193250e+00 -3.099504e-01 6.195996e-01 9.204175e-01 -2.072674e-01 8.039253e-01 -1.705706e-02 9.303827e-02 6.560581e-01 5.287538e-01 -3.404053e-01 -7.656011e-01 -1.526062e-02 -7.841327e-01 3.004713e-01 -5.345442e-01 -5.312601e-03 -1.700599e-01 2.242725e-01 -2.385731e-01 -4.677862e-02 3.803280e-01 -1.782189e-01 2.163593e-01 -2.267194e-01 3.025533e-01 -4.295525e-01 1.173181e-01 -2.751412e-01 -3.721634e-04 
4.002577e+00 -3.135606e-02 2.294243e+01 -1.399638e+01 -3.996032e+00 -1.041555e+01 -4.284962e-01 -8.734875e+00 -7.248680e+00 4.878885e+00 -8.030477e-01 1.023078e+00 9.169040e-01 -3.843540e-01 1.171383e+00 -4.368573e-01 2.740928e-01 8.733215e-01 2.871304e-01 -1.820598e-01 -8.891609e-01 4.948132e-01 -1.341084e+00 3.592509e-01 -1.110793e+00 -5.409283e-03 2.497411e-02 2.695306e-01 -3.469609e-01 -3.835721e-02 1.848380e-01 1.171392e-01 1.211841e-01 7.330266e-02 8.424512e-02 -5.117582e-01 1.778411e-02 -3.146646e-01 -1.627345e-03 
3.392071e+00 1.474854e+00 2.204978e+01 -1.404611e+01 -2.502631e+00 -1.079262e+01 3.385291e-01 -1.101362e+01 -5.226147e+00 1.680144e+00 5.922524e-01 -5.837412e-01 9.096836e-01 -2.903353e-01 1.625508e+00 -8.757512e-01 7.221543e-02 9.801642e-01 6.629890e-01 -1.372097e-01 -7.105815e-01 5.523377e-01 -2.013167e+00 5.182684e-01 -1.651501e+00 -8.583672e-03 2.470381e-01 2.527511e-01 -2.986448e-01 -9.189316e-03 -1.475621e-01 4.742484e-01 -1.223971e-01 4.524903e-01 -2.019529e-01 -1.909405e-01 -1.873450e-01 -7.388040e-02 -3.055839e-03 
3.135845e+00 3.622889e+00 2.080640e+01 -1.318271e+01 -2.513865e+00 -9.486921e+00 -3.223053e-01 -1.134948e+01 -4.491089e+00 -1.493305e-01 8.189014e-01 -3.545242e+00 9.016199e-01 3.214274e-01 1.644912e+00 -1.250825e+00 2.342171e-01 7.158950e-01 1.556144e+00 -3.734300e-01 1.717398e-01 -3.566414e-01 -2.202945e+00 7.120699e-02 -1.456471e+00 -1.217299e-02 3.262439e-01 2.122156e-01 -8.935011e-02 -5.888439e-02 -3.661025e-01 5.289947e-01 -3.078097e-01 5.275096e-01 -2.002557e-01 2.350418e-01 -1.410467e-01 2.879533e-01 -4.124728e-03 
3.870030e+00 5.384726e+00 1.979925e+01 -1.361902e+01 -1.415533e+00 -7.820414e+00 9.745602e-03 -1.102266e+01 -4.882113e+00 -3.358425e+00 1.470420e+00 -5.353653e+00 8.851588e-01 6.749101e-01 1.830904e+00 -1.103176e+00 6.700972e-02 -3.011151e-03 2.265626e+00 -8.566866e-01 9.665117e-01 -5.992945e-01 -1.307889e+00 -4.922107e-01 -7.309885e-01 -1.721253e-02 1.822209e-01 1.534337e-01 2.046524e-01 1.086227e-01 -6.082605e-01 2.987882e-01 -3.614203e-01 3.020647e-01 4.644304e-03 5.911283e-01 2.037075e-01 4.870727e-01 -3.540657e-03 
5.370922e+00 6.238090e+00 1.781330e+01 -1.303875e+01 -9.597988e-01 -4.120679e+00 -2.131227e+00 -7.871797e+00 -9.203795e+00 -3.616581e+00 -8.862644e-01 -3.874232e+00 8.682937e-01 7.641933e-01 2.129897e+00 -7.698203e-01 -1.773922e-02 -4.654207e-01 2.130736e+00 -1.361431e+00 9.097518e-01 6.942829e-02 -5.186542e-01 1.594164e-01 -1.311347e-01 -2.171630e-02 -7.663680e-02 4.327573e-02 4.088849e-01 2.816124e-01 -6.875188e-01 -1.457111e-01 -2.093245e-01 -1.475538e-01 4.667194e-01 5.248955e-01 6.702685e-01 2.799886e-01 -1.678499e-03 
5.648828e+00 9.322154e+00 1.803062e+01 -1.378304e+01 -3.294643e+00 -2.147340e+00 -3.040385e+00 -7.919960e+00 -5.866412e+00 -3.125315e+00 -1.016516e+00 -4.074346e+00 8.402905e-01 3.994639e-01 2.150224e+00 -9.317037e-02 7.413573e-01 -1.470310e+00 1.869632e+00 -1.450410e+00 4.307736e-01 3.626437e-01 1.003859e-01 1.492742e+00 1.211840e-01 -2.151085e-02 -2.016806e-01 -2.621183e-01 3.559003e-01 4.290309e-01 -4.904302e-01 -5.207064e-01 1.280753e-01 -4.601805e-01 5.607468e-01 8.603673e-02 6.383563e-01 7.256628e-02 9.120308e-04 
6.067165e+00 1.230363e+01 1.784109e+01 -1.318953e+01 -3.901665e+00 -1.668977e+00 -5.604079e+00 -8.351715e+00 -3.651840e+00 -2.858809e+00 2.859260e+00 -4.840807e+00 8.154671e-01 7.607120e-02 1.701643e+00 2.885732e-01 1.305240e+00 -1.988115e+00 1.025424e+00 -1.123047e+00 -2.982693e-01 1.496128e+00 -2.825074e-01 2.430007e+00 -4.827366e-01 -1.841300e-02 -2.084295e-01 -5.889071e-01 1.083015e-01 2.563921e-01 -1.350313e-01 -5.152658e-01 3.152243e-01 -3.999770e-01 4.490256e-01 -2.363292e-01 -8.828569e-02 -9.326635e-02 2.506203e-03 
5.519237e+00 1.310273e+01 1.931958e+01 -9.837012e+00 -7.296645e+00 3.014058e-01 -5.505648e+00 -8.629086e+00 -5.845165e+00 -3.235524e+00 7.061700e+00 -4.264409e+00 8.040128e-01 1.056394e-02 7.343512e-01 1.472012e-01 1.550637e+00 -1.693989e+00 2.146107e-01 -3.355021e-01 -7.305278e-01 1.491106e+00 -9.956900e-01 1.564272e+00 -1.924905e-01 -1.430402e-02 -1.216868e-01 -5.768144e-01 -2.855393e-01 -1.511690e-01 5.319346e-01 -6.472010e-01 3.356267e-01 -1.397589e-01 3.395957e-01 -2.884395e-01 -8.538139e-01 -1.733650e-01 2.347396e-03 
5.816360e+00 1.285600e+01 1.861201e+01 -8.485579e+00 -8.899393e+00 -2.183611e-01 -6.513645e+00 -9.008376e+00 -1.734315e+00 -4.974160e+00 7.224773e+00 -6.193124e+00 7.943681e-01 -8.355340e-02 -1.066351e-01 -3.484508e-01 8.595269e-01 -1.028751e+00 3.820773e-01 -3.427127e-01 -5.095124e-01 1.750423e+00 -1.152360e+00 -3.177966e-01 -4.407424e-01 -1.278934e-02 -8.208391e-02 -3.558545e-01 -4.864532e-01 -3.362207e-01 8.519070e-01 -5.190742e-01 3.816950e-01 1.206804e-01 -1.341480e-01 -3.612022e-02 -9.902623e-01 -9.649735e-02 1.977866e-03 
5.827693e+00 1.271780e+01 1.838135e+01 -8.381715e+00 -9.265628e+00 -1.799842e+00 -4.262806e+00 -1.124412e+01 6.302096e-01 -7.046094e+00 4.622057e+00 -4.360476e+00 7.793300e-01 -1.291322e-01 1.702750e-01 -1.202306e+00 2.082927e-01 7.094795e-01 -1.044908e+00 -1.624469e-01 -1.625276e-01 1.933497e+00 -9.069923e-01 -1.402372e+00 -7.666172e-01 -1.258792e-02 -5.032622e-02 -8.952917e-02 -4.433118e-01 -2.064783e-01 5.672063e-01 -1.004859e-01 2.212971e-01 2.139432e-01 -4.808952e-01 1.797974e-01 -4.265772e-01 -1.612675e-01 1.870977e-03 
5.495092e+00 1.196279e+01 1.656770e+01 -9.619660e+00 -8.060572e+00 1.292142e+00 -7.939054e+00 -9.591932e+00 1.862525e+00 -6.715466e+00 2.490212e+00 -6.996534e+00 7.638703e-01 -2.644876e-01 2.043691e-01 -1.469095e+00 2.952280e-01 1.069734e+00 -9.401394e-01 6.989353e-01 2.127261e-02 6.041555e-01 -5.075011e-01 -1.037906e+00 -6.780316e-01 -9.385326e-03 -7.434148e-02 -1.683463e-01 -1.705144e-01 3.225980e-02 1.159962e-01 2.459461e-01 3.435489e-01 -9.818590e-02 -5.928710e-01 1.950179e-02 3.165322e-01 -7.373012e-02 1.290723e-03 
5.033886e+00 1.440079e+01 1.432995e+01 -8.228125e+00 -4.168291e+00 -5.677762e+00 -5.604896e+00 -9.149858e+00 2.023510e+00 -6.899817e+00 2.417074e+00 -7.695601e+00 7.563336e-01 -1.506391e-01 1.311916e-01 -1.508983e+00 8.003900e-01 9.272785e-02 3.734011e-01 2.502897e-01 7.374871e-02 -3.402058e-01 -4.190668e-01 -2.084971e-01 -8.802226e-01 -6.654062e-03 -9.643825e-02 -3.881971e-01 1.586987e-01 2.220924e-01 -3.128339e-01 9.851913e-01 2.011660e-01 -2.880838e-01 -3.834733e-01 -6.304384e-02 6.050201e-01 5.160239e-02 -1.228038e-03 
4.890498e+00 1.303617e+01 1.329223e+01 -7.086424e+00 -6.099452e+00 -2.979854e+00 -2.348102e+00 -9.949290e+00 5.897589e-01 -7.584784e+00 3.137338e+00 -7.915814e+00 7.589512e-01 -4.446325e-01 -9.288651e-01 -1.047725e+00 7.248031e-01 -1.404509e-01 9.026479e-01 1.168780e+00 -1.118476e+00 -7.700820e-02 -1.298843e+00 6.679037e-01 -7.525603e-01 -9.300729e-03 -4.590686e-02 -2.761787e-01 2.197266e-01 4.800418e-01 -1.650948e-01 9.375859e-01 -1.356913e-01 -2.264430e-01 1.279108e-02 1.153015e-01 2.343418e-01 3.112090e-01 -6.354890e-03 
5.376341e+00 1.283693e+01 1.247406e+01 -5.646365e+00 -9.782777e+00 2.203767e+00 -5.807067e+00 -1.069669e+01 -4.341740e-01 -8.706581e+00 3.255702e+00 -8.302148e+00 7.485160e-01 -5.212879e-01 -1.204020e+00 -6.195554e-01 1.103987e+00 -2.495144e-01 2.959720e+00 6.085140e-01 -1.032935e+00 3.567086e-01 -8.264617e-01 7.698256e-01 -4.714203e-01 -1.876750e-02 2.651575e-02 -2.876831e-03 5.683556e-02 6.143457e-01 1.577654e-01 5.303549e-01 -3.380335e-01 1.099554e-01 1.250639e-01 4.238092e-01 -3.366095e-01 7.700477e-01 -1.155351e-02 
3.100367e+00 8.100398e+00 1.225673e+01 -7.286532e+00 -5.955654e+00 1.865143e+00 -1.993996e+00 -1.441089e+01 2.706268e+00 -1.230608e+01 5.410289e+00 -1.045610e+01 7.212682e-01 -3.087839e-01 -5.088339e-01 -8.152006e-01 2.543574e+00 4.153535e-01 2.454701e+00 -1.586974e-01 -5.577047e-01 3.196144e-01 2.726000e-01 -3.554861e-01 6.736507e-01 -3.509869e-02 8.297387e-02 2.477423e-01 -1.456532e-01 5.780722e-01 1.544080e-02 2.684567e-01 -7.080989e-01 7.941406e-01 -1.049978e-01 7.067527e-01 -9.135854e-01 8.166717e-01 -1.557253e-02 
3.322594e+00 1.084871e+01 1.175038e+01 -2.608246e+00 -5.487936e+00 6.698309e+00 -2.739374e+00 -1.208312e+01 2.748762e+00 -8.671515e+00 5.129885e+00 -8.782775e+00 6.813365e-01 -8.611844e-02 -9.323771e-02 -1.341193e+00 2.962633e+00 6.036237e-01 2.249092e+00 -7.763602e-01 3.429564e-01 8.666283e-02 9.142097e-01 -1.379838e+00 2.256876e+00 -5.151850e-02 -1.669766e-01 -1.740707e-01 -2.994322e-01 -1.916970e-01 -1.350829e-01 3.280947e-02 -3.572422e-01 7.399631e-01 1.173414e-01 7.964351e-01 -9.584597e-01 5.756996e-01 -1.964500e-02 
4.373612e+00 1.148630e+01 9.578778e+00 4.112430e+00 -6.170602e+00 7.045806e+00 -4.674908e+00 -1.204442e+01 5.962964e-01 -6.239229e+00 4.229763e-01 -4.307270e+00 6.170381e-01 -2.474202e-01 -2.456907e-01 -1.415345e+00 2.685794e+00 -4.898489e-01 2.600068e+00 -1.679276e+00 2.164359e+00 -4.670109e-01 1.364636e+00 -2.825190e+00 1.966630e+00 -7.078640e-02 -4.958246e-01 -8.572360e-01 -4.315562e-01 -1.249592e+00 -1.731392e-01 2.524748e-01 5.483329e-01 3.818384e-01 3.863548e-01 8.254734e-01 -1.047895e-01 2.587241e-01 -2.193090e-02 
4.309556e+00 1.067787e+01 7.107590e+00 3.467190e+00 -6.657418e+00 1.085866e+01 -8.347889e+00 -1.016474e+01 1.053920e+00 -7.168660e+00 -1.149870e+00 -9.217750e-02 5.430422e-01 -1.386891e+00 -2.205960e+00 -1.816444e+00 7.450595e-02 -4.723297e-01 3.051229e+00 -4.172706e-01 1.306000e+00 1.336680e+00 2.609742e+00 -2.787580e+00 1.760637e+00 -9.914643e-02 -4.681094e-01 -1.111612e+00 -4.978150e-01 -1.227662e+00 8.330281e-02 6.273292e-02 1.456621e+00 -1.261592e-01 1.252760e-01 4.931385e-01 7.023998e-01 2.421408e-02 -1.788362e-02 
1.370351e+00 6.957493e+00 7.501668e+00 3.104669e+00 -7.820159e+00 1.278542e+01 -7.586174e+00 -4.548495e+00 1.218991e+00 -6.234553e+00 -5.575858e+00 -4.968205e+00 4.364931e-01 -2.137364e+00 -3.738528e+00 -2.735427e+00 -2.260359e+00 8.742273e-02 3.316098e+00 2.403673e+00 8.701270e-01 1.626357e+00 3.552221e+00 -1.756190e-01 2.215500e+00 -1.209401e-01 -9.719194e-02 -7.526950e-01 -5.991719e-01 -5.995212e-01 3.945605e-01 -4.065212e-01 1.759511e+00 -4.656535e-01 -5.512885e-01 -1.684726e-01 1.282771e+00 2.238219e-01 -5.414267e-03 
-2.110377e+00 2.083612e+00 3.705954e+00 -1.732020e+00 -7.024777e+00 1.908473e+01 -3.369985e+00 -9.301229e+00 9.120763e+00 4.374594e+00 -5.808710e+00 3.509097e-01 2.758877e-01 -1.481699e+00 -3.904840e+00 -3.170267e+00 -7.026023e-01 7.314402e-01 2.204729e+00 4.465481e+00 3.592883e-01 -3.335859e-01 2.286127e+00 8.073547e-01 2.253428e+00 -1.158603e-01 4.524868e-01 2.102121e-01 -3.897085e-01 5.714054e-01 3.152506e-01 -1.115299e+00 6.515389e-01 -1.099612e-01 -1.570866e+00 -1.161173e+00 1.073188e+00 2.876001e-02 8.417925e-03 
-3.103252e+00 -2.908968e+00 -2.397538e+00 -4.589680e+00 -5.549350e+00 1.951282e+01 4.854095e+00 -8.125947e+00 4.694888e+00 5.750206e+00 1.874357e+00 6.548810e+00 1.459206e-01 -6.860425e-01 -3.159669e+00 -3.734447e+00 7.669234e-02 8.812175e-01 9.907193e-01 4.676897e+00 3.093557e-01 -2.388148e+00 6.840346e-01 1.791130e+00 2.839225e+00 -8.950241e-02 6.107271e-01 9.489393e-01 -1.274184e-02 1.171782e+00 3.849174e-01 -1.470028e+00 -7.363151e-01 1.564486e-01 -1.347254e+00 -1.527606e+00 1.836254e-01 -3.580576e-01 1.688887e-02 
-8.622620e-01 -3.912825e+00 -3.793765e+00 3.801239e+00 -4.135711e+00 1.851838e+01 7.758825e+00 -6.579545e+00 -2.352107e+00 -1.730333e+00 -8.381951e-01 5.416706e+00 1.090281e-01 1.497668e-01 -1.444249e+00 -3.265604e+00 1.763134e+00 7.068886e-01 -1.362817e+00 1.703953e+00 1.036524e+00 -4.510393e+00 -1.762091e+00 1.594985e+00 1.592572e+00 -7.277644e-02 3.208996e-01 1.233010e+00 3.112403e-01 6.030734e-01 4.833070e-01 -1.244650e+00 -1.492779e+00 2.603811e-01 -1.495929e-01 -9.264877e-01 -2.573766e-01 -7.795520e-01 1.646513e-02 
-2.683928e+00 -5.842962e+00 -7.420509e+00 7.218148e-01 -4.858446e+00 1.802154e+01 1.023389e+01 -4.362720e+00 -4.985486e+00 2.380719e-01 8.948818e-01 6.694830e+00 7.239906e-02 1.005378e-01 -2.240701e-01 -2.751513e+00 2.365747e+00 2.024163e+00 -2.250406e+00 1.029044e-01 1.313764e+00 -3.021489e+00 -2.061732e+00 3.486657e-01 7.556056e-01 -5.803647e-02 2.408339e-02 1.053194e+00 6.600273e-01 3.186315e-01 6.168652e-01 -5.684479e-01 -1.528049e+00 -7.286618e-02 6.407719e-01 -2.149565e-01 -2.628171e-01 -1.060310e+00 1.276372e-02 
-1.570825e+00 -3.671187e+00 -1.011014e+01 4.428031e+00 -3.835383e+00 1.301610e+01 2.459897e+00 -6.000289e+00 -8.590907e+00 -1.679570e+00 2.655870e+00 8.240758e+00 -5.124358e-02 -2.704069e-01 7.923758e-01 -2.105334e+00 1.168225e+00 2.576390e+00 -2.398065e+00 -7.116086e-01 1.158879e+00 -7.649059e-01 -9.733838e-01 2.416918e-01 -6.026189e-01 -4.926662e-02 -2.268264e-01 5.929921e-01 8.090253e-01 -3.016139e-01 4.966629e-01 5.559939e-01 -7.530820e-01 -3.475685e-01 1.075564e+00 6.049489e-01 1.095774e-01 -9.769056e-01 1.205291e-02 
-2.245881e+00 -4.150648e+00 -1.299708e+01 6.925577e+00 4.421016e+00 1.101245e+01 8.018176e+00 -1.846591e+00 -7.293625e+00 -4.583752e+00 1.870998e+00 8.914995e+00 -6.413839e-02 -3.555466e-01 9.879776e-01 -1.014377e+00 1.967198e+00 3.030780e+00 -1.333841e+00 -1.755564e+00 -1.162094e-01 -1.057094e+00 -7.851865e-01 1.153697e+00 -1.364791e+00 -3.743920e-02 -2.613590e-01 2.507118e-01 8.634160e-01 -7.447028e-01 -3.083992e-01 8.593088e-01 -6.382098e-01 -5.407281e-01 6.107731e-01 8.965018e-01 4.193523e-01 -5.235521e-01 9.259293e-03 
-2.433615e+00 -7.969669e-01 -1.153249e+01 6.540599e+00 4.106832e+00 1.003354e+01 5.309082e+00 -2.043117e+00 -5.022668e+00 -4.186664e+00 -1.179319e-01 1.293837e+00 -6.905740e-02 -7.562853e-01 9.147078e-01 -8.898544e-02 4.542103e-01 2.686934e+00 9.587975e-01 -1.132277e+00 1.377602e-02 -1.146731e-01 6.244929e-01 1.740290e+00 -2.231728e+00 -2.281203e-02 -1.566648e-01 -6.101475e-02 7.380979e-01 -6.565850e-01 -8.873920e-01 5.487850e-01 -3.752028e-01 -5.172880e-01 3.250418e-01 5.765526e-01 -6.170435e-02 3.198124e-01 6.902392e-03 
-4.030099e+00 -2.340059e+00 -1.178150e+01 9.501321e+00 6.324092e+00 1.284457e+01 3.180064e-02 -6.922282e+00 -1.205536e+01 -2.434336e+00 8.050220e+00 3.344630e+00 -1.058796e-01 -9.633632e-01 9.683897e-01 5.573238e-01 -1.000681e+00 4.269507e-01 3.676715e-01 -2.877683e+00 -8.172740e-01 -2.927252e-01 1.621860e+00 1.696105e+00 -1.047580e+00 -2.497126e-02 -3.682834e-02 -1.299932e-01 5.316156e-01 -5.864066e-01 -1.199011e+00 -5.206432e-02 3.298750e-01 1.988509e-01 6.917742e-01 7.584126e-02 -8.657171e-01 5.321563e-01 5.715925e-03 
-4.460262e+00 -2.952994e-03 -1.116287e+01 5.410929e+00 8.647702e+00 1.689402e+01 7.918827e-01 -3.393854e+00 -6.783293e+00 3.679853e-01 8.267824e+00 -1.326731e-01 -1.444235e-01 -7.498727e-01 4.971713e-01 7.993955e-01 -6.307635e-01 -5.586922e-01 -5.048572e-01 -2.026395e+00 -1.076843e+00 4.780352e-01 7.059017e-01 -3.380046e-01 8.379142e-01 -2.099118e-02 9.095611e-02 -1.119615e-01 2.574682e-01 1.048506e-01 -8.844527e-01 -5.266231e-01 8.836166e-01 8.643503e-01 4.767756e-01 -3.782352e-01 -1.110061e+00 2.895313e-01 6.380163e-03 
-6.049355e+00 2.942193e-01 -1.039527e+01 2.486699e+00 4.285456e+00 9.420616e+00 -4.112096e+00 -5.258050e+00 -7.877096e+00 1.247990e+00 6.158463e+00 4.390422e+00 -1.512926e-01 -5.428934e-01 5.466954e-01 1.199579e+00 -4.223269e-01 -1.341507e+00 -8.622175e-01 3.409995e-01 1.423268e+00 2.105500e+00 -4.465543e-01 -2.135873e+00 -2.388167e-01 -9.768026e-03 8.372755e-02 -2.137364e-02 -1.015449e-02 6.312762e-01 2.084040e-01 -9.443321e-02 1.708287e+00 1.443055e+00 6.102639e-01 -3.007873e-01 -6.022039e-01 -3.795474e-01 8.457626e-03 
-5.173260e+00 3.717979e-01 -8.228676e+00 6.893896e+00 2.332950e+00 9.220990e+00 -2.750810e+00 -8.259687e+00 -4.721944e+00 -2.498458e+00 -8.619713e-01 4.960317e+00 -1.512926e-01 -5.117183e-01 5.657290e-01 8.770781e-01 6.893002e-01 -8.510909e-01 -1.059478e+00 1.676409e+00 3.215353e+00 1.070173e+00 -2.325381e-01 -1.894019e+00 -1.188416e+00 1.487361e-03 -4.529021e-02 -3.771261e-03 -2.994885e-01 4.772347e-01 7.156158e-01 1.650847e-01 1.272348e+00 1.122689e+00 3.612780e-01 2.647975e-01 4.661252e-01 -4.531089e-01 6.567219e-03 
-6.387868e+00 2.064666e-01 -7.250428e+00 6.648473e+00 2.774080e+00 1.236990e+01 3.507920e+00 2.627051e+00 -2.558855e+00 -3.234189e+00 1.935865e+00 -3.957469e-01 -1.512926e-01 -6.637464e-01 8.273014e-01 4.676095e-01 1.495560e+00 1.615299e+00 1.727031e-01 3.812198e+00 4.251756e+00 2.462518e+00 5.870818e-01 -5.367966e-01 -1.932199e+00 6.079752e-03 -7.194337e-02 -1.458782e-01 -5.447249e-01 4.594459e-02 6.622441e-01 7.939485e-02 5.178325e-02 -1.788441e-01 -1.814122e-02 5.139070e-01 8.447999e-01 2.378729e-01 2.070249e-03 
-6.849567e+00 2.869571e+00 -8.349846e+00 6.776398e+00 5.148244e+00 1.012226e+01 5.364219e+00 8.740414e+00 -4.091486e+00 1.446700e+00 9.088374e-01 -3.681804e+00 -1.369748e-01 -9.159099e-01 3.379734e-01 -3.321034e-01 7.964336e-01 1.541150e+00 -1.969348e-01 2.599802e+00 3.122315e+00 2.105957e+00 1.513139e+00 1.193071e+00 -5.810472e-01 3.920523e-03 2.127419e-02 -3.125283e-01 -3.343616e-01 -3.504756e-01 -6.371435e-02 -1.307494e-01 -1.035786e+00 -9.841549e-01 -2.723886e-01 1.013300e-01 6.106796e-01 6.114284e-01 -2.006037e-03 
-8.529817e+00 3.181581e+00 -7.996898e+00 1.002345e+01 1.095409e+01 9.833177e+00 1.089146e+01 7.500626e+00 4.120407e+00 2.210818e+00 2.588935e+00 -9.499753e-01 -1.280503e-01 -7.004462e-01 -6.875283e-02 -9.194313e-01 -2.462698e-01 7.736345e-01 -8.964311e-01 1.380923e-01 5.756183e-01 1.496927e+00 1.250207e+00 5.444907e-01 6.469512e-01 -6.315846e-04 1.953762e-01 -3.127430e-01 -4.671497e-02 -5.385098e-01 -1.051220e+00 -2.145351e-01 -1.579598e+00 -1.057626e+00 -7.959464e-01 -3.478376e-01 -2.892889e-01 3.773692e-01 -3.216173e-03 
-8.681581e+00 5.740107e-01 -9.515962e+00 9.188126e+00 5.948869e+00 9.504163e+00 6.556825e+00 4.915262e+00 2.468059e+00 2.344739e+00 4.776861e+00 2.332239e+00 -1.432992e-01 -3.870177e-01 -5.489337e-01 -1.011479e-01 -1.921305e-01 -7.488130e-01 -1.178652e+00 -1.665287e+00 1.325166e-01 1.910973e-01 -5.751371e-02 6.186668e-01 5.790532e-01 -5.187720e-03 2.109981e-01 -1.164336e-01 2.057211e-01 -4.023199e-01 -9.226122e-01 9.456059e-02 -1.015492e+00 -6.193408e-01 -5.077117e-01 -4.945770e-01 -9.454976e-01 -3.281672e-02 -1.585353e-03 
-8.974270e+00 1.010231e+00 -1.126458e+01 4.211080e+00 6.242456e+00 8.196982e+00 3.602267e+00 7.417629e+00 1.645971e+00 2.567829e+00 2.724356e+00 -1.681437e-01 -1.512926e-01 4.864497e-02 -2.929974e-01 1.184299e-01 -7.026023e-01 -2.495926e+00 -4.092556e-01 -1.953279e+00 4.586180e-01 -5.599176e-01 -3.669020e-01 -1.696029e+00 -6.255168e-01 -5.445538e-03 6.368630e-02 3.944758e-02 1.787788e-01 -5.401577e-02 -4.227745e-01 2.749174e-01 -6.656174e-02 -1.434076e-01 6.744239e-02 4.831346e-02 -5.622588e-01 -7.211462e-02 4.852386e-04 
-8.562338e+00 1.210748e+00 -7.221525e+00 8.721741e+00 3.760444e+00 5.047328e+00 6.820159e-01 9.444379e+00 -1.898978e+00 9.804817e-01 3.934615e+00 -1.176987e+00 -1.512926e-01 -2.353842e-01 -1.320439e-01 1.774111e-01 -9.870422e-01 -1.436999e+00 3.224727e-02 -1.432095e+00 8.405651e-02 5.957094e-01 -1.513050e-01 -2.414054e+00 -1.089441e-01 -1.598404e-03 -7.646550e-02 8.724589e-02 -1.784452e-01 1.326588e-01 4.564407e-01 2.398254e-01 5.173495e-01 -3.065484e-01 3.853365e-01 2.256770e-01 2.855539e-02 3.386349e-01 1.581614e-03 
-8.346025e+00 1.398547e+00 -8.552165e+00 6.743514e+00 -4.314162e-01 1.001580e+01 4.062563e+00 7.529438e+00 3.504658e+00 1.058296e+00 -5.470157e+00 -2.322688e+00 -1.512926e-01 -4.578524e-01 -7.993272e-02 -1.648372e-01 -1.188341e-01 -9.959332e-01 -1.273617e-01 -3.112743e-01 -1.171465e-01 1.631722e+00 1.538695e+00 -7.504237e-01 6.304188e-01 8.762979e-07 -1.260376e-01 -2.591734e-02 -1.209046e-01 5.111396e-01 9.128075e-01 5.674338e-03 6.295086e-01 -2.570146e-01 2.195156e-01 -1.447965e-01 9.934071e-01 4.871103e-01 1.248731e-03 
-1.017262e+01 -2.802008e-01 -9.984521e+00 2.986769e+00 2.100401e+00 8.755936e+00 -8.336555e-01 5.279931e+00 4.517150e+00 2.342735e+00 -3.195914e+00 2.864594e+00 -1.512926e-01 -5.161578e-01 -2.192656e-01 -8.518186e-01 1.792448e-01 7.833811e-01 -1.203225e-01 1.005970e-01 -1.112318e+00 1.022007e+00 1.180376e-01 2.886833e-01 1.644291e+00 8.762979e-07 2.658427e-02 -1.012641e-01 7.337215e-02 5.403075e-01 5.134736e-01 1.139428e-01 7.072657e-01 4.997315e-02 -2.964895e-01 -5.543527e-01 8.825176e-01 -2.889293e-01 3.195607e-04 
-1.045841e+01 1.355731e+00 -1.070765e+01 6.484456e+00 2.092537e+00 5.705355e+00 2.803792e+00 8.914147e+00 6.596478e+00 9.580146e+00 2.537764e+00 9.627779e-01 -1.512926e-01 -4.411796e-01 -3.790178e-01 2.858477e-02 1.269945e+00 9.578333e-01 -3.046503e-01 4.281039e-01 -2.282566e-01 3.244081e-01 -1.225602e+00 1.919676e+00 9.334841e-01 8.762979e-07 1.249749e-01 -1.062371e-01 2.658490e-01 2.506651e-02 9.196604e-02 2.136423e-01 2.635670e-01 1.101213e-01 -5.080087e-01 -7.234466e-01 1.785501e-01 -1.051932e+00 -3.426023e-07 
-1.008639e+01 1.356709e-01 -1.040306e+01 9.747546e+00 6.415089e+00 6.600714e+00 1.814175e+00 3.190826e+00 1.665174e+00 -2.690156e+00 1.374282e+00 5.401335e+00 -1.512926e-01 -1.106837e-01 -4.887840e-01 4.476003e-01 1.019967e+00 1.533050e-01 6.904908e-01 1.734526e+00 3.894085e-01 -2.330321e-01 -1.540962e+00 6.634932e-01 -1.705165e+00 8.762979e-07 1.652972e-01 1.179181e-02 2.661865e-01 -4.441638e-01 -6.581773e-01 -1.943367e-01 -2.347191e-01 1.432912e-01 -1.780177e-02 1.589533e-01 -1.042418e-01 -1.302146e+00 -3.426023e-07 
-1.059490e+01 -7.045510e-01 -8.199773e+00 9.713059e+00 2.200386e+00 9.569965e+00 4.879417e+00 7.433111e+00 6.552758e+00 -2.553229e+00 1.843086e+00 1.076284e+00 -1.512926e-01 -3.570549e-02 -4.763106e-01 5.145591e-01 -4.139978e-01 -2.211381e-01 5.353019e-01 1.895762e-01 -3.174124e-01 -2.807409e-01 -1.248962e+00 -4.498889e-02 -2.954559e+00 8.762979e-07 1.381302e-01 2.348268e-01 -3.293448e-02 -6.251802e-01 -4.495377e-01 -3.476944e-01 -6.612168e-01 -1.973087e-01 2.595282e-01 7.688318e-01 -4.611183e-01 -4.796331e-01 -3.426023e-07 
-1.065748e+01 -1.693995e+00 -9.000158e+00 6.472425e+00 2.813025e+00 1.027605e+01 6.801064e+00 7.967643e+00 3.373909e+00 7.042906e-01 4.689780e-01 -5.717818e+00 -1.512926e-01 1.075423e-01 -1.115321e-01 2.362616e-01 -1.199643e+00 -1.918038e+00 -1.511949e+00 -9.537417e-01 -3.511470e-01 1.235556e+00 9.244846e-01 7.497781e-01 -2.922466e+00 8.762979e-07 4.984583e-02 3.864147e-01 -1.113426e-01 -2.314355e-01 4.199774e-02 -2.443905e-01 -7.454311e-01 -1.968665e-01 4.339201e-01 7.993050e-01 -3.890785e-01 7.172247e-01 -3.426023e-07 
-1.035148e+01 -1.106303e-01 -8.836190e+00 6.051757e+00 2.787561e+00 6.543784e+00 1.258306e+00 4.938914e+00 4.338595e+00 1.638064e+00 2.765189e+00 -8.250421e+00 -1.512926e-01 1.402959e-01 6.064755e-01 -3.039650e-02 -7.461220e-01 -2.542027e-01 -9.417764e-01 -1.533765e+00 -8.444491e-01 8.877834e-01 1.385801e+00 -4.290207e-01 -8.560870e-01 8.762979e-07 -1.428621e-02 3.258439e-01 -8.271298e-02 2.377070e-01 4.761392e-01 3.753650e-01 -1.208289e-02 1.654598e-01 2.074651e-01 4.974810e-01 -5.227154e-01 1.159946e+00 -3.426023e-07 
-9.670514e+00 -7.193884e-01 -8.904001e+00 5.579758e+00 -3.468773e+00 5.542653e-01 -1.143651e+00 2.682096e+00 8.950379e+00 -1.630231e-01 4.661856e+00 -4.547583e+00 -1.512926e-01 5.061807e-02 9.019572e-01 1.635486e-01 2.890394e-02 3.798215e-01 2.070804e-01 -1.130979e+00 -3.313346e-01 1.352317e+00 1.138237e+00 -1.089870e+00 8.318141e-01 8.762979e-07 -5.916493e-02 1.555088e-01 -2.954884e-03 3.626246e-01 7.121608e-01 8.623012e-01 4.094228e-01 3.047183e-01 -1.264255e-01 1.599001e-02 -6.286757e-01 9.605260e-01 -3.426023e-07 
-1.038696e+01 1.840279e+00 -8.400425e+00 6.428714e+00 4.070508e+00 9.722273e+00 1.183564e+00 5.853596e+00 8.203064e+00 4.809753e+00 -2.398378e+00 -3.789398e+00 -1.512926e-01 -7.871929e-02 6.461133e-01 1.375236e-01 1.601919e-01 1.010514e+00 1.552379e+00 2.178419e-01 5.001170e-01 6.982035e-01 1.131651e+00 -1.738770e+00 9.680520e-01 8.762979e-07 -5.673257e-02 -1.765281e-02 3.096199e-02 1.944158e-01 3.160241e-01 6.333868e-01 4.851722e-01 3.520407e-01 -1.033429e-01 -5.148896e-02 -3.268241e-01 3.784587e-01 -3.426023e-07 
