0.185184667353 0.569767319362
0.194444599794 0.569767319362
0.203703134088 0.569767319362
0.212963066529 0.58139608383
0.212963066529 0.593023092482
0.203703134088 0.60465185695
0.203703134088 0.616278865603
0.194444599794 0.616278865603
0.185184667353 0.627907630071
0.175926133059 0.627907630071
0.166666200617 0.627907630071
0.157407666324 0.616278865603
0.148147733882 0.616278865603
0.148147733882 0.60465185695
0.138889199588 0.60465185695
0.129629267147 0.593023092482
0.129629267147 0.58139608383
0.120369334705 0.569767319362
0.120369334705 0.546511546241
0.120369334705 0.534884537588
0.120369334705 0.523255773121
0.120369334705 0.511628764468
0.120369334705 0.5
0.120369334705 0.488372991347
0.120369334705 0.476744226879
0.120369334705 0.465117218227
0.120369334705 0.453488453759
0.129629267147 0.441861445106
0.129629267147 0.430232680638
0.129629267147 0.418605671986
0.138889199588 0.418605671986
0.138889199588 0.406976907518
0.148147733882 0.395349898865
0.148147733882 0.383721134397
0.157407666324 0.372094125744
0.166666200617 0.372094125744
0.166666200617 0.360465361277
0.175926133059 0.348838352624
0.185184667353 0.348838352624
0.194444599794 0.337209588156
0.203703134088 0.337209588156
0.212963066529 0.325580823688
0.222221600823 0.325580823688
0.231481533265 0.325580823688
0.231481533265 0.313953815035
0.240740067558 0.313953815035
0.25 0.313953815035
0.259258534294 0.313953815035
0.268518466735 0.313953815035
0.277777001029 0.313953815035
0.287036933471 0.313953815035
0.296295467764 0.313953815035
0.305555400206 0.313953815035
0.3148139345 0.325580823688
0.324073866941 0.325580823688
0.324073866941 0.337209588156
0.333332401235 0.348838352624
0.342592333676 0.360465361277
0.35185086797 0.360465361277
0.35185086797 0.372094125744
0.361110800412 0.383721134397
0.361110800412 0.395349898865
0.361110800412 0.406976907518
0.370369334705 0.418605671986
0.370369334705 0.430232680638
0.370369334705 0.441861445106
0.370369334705 0.453488453759
0.370369334705 0.465117218227
0.370369334705 0.476744226879
0.370369334705 0.488372991347
0.361110800412 0.5
0.361110800412 0.511628764468
0.361110800412 0.523255773121
0.35185086797 0.534884537588
0.342592333676 0.546511546241
0.333332401235 0.546511546241
0.324073866941 0.546511546241
0.3148139345 0.546511546241
0.305555400206 0.546511546241
0.296295467764 0.534884537588
0.296295467764 0.523255773121
0.296295467764 0.511628764468
0.296295467764 0.488372991347
0.305555400206 0.488372991347
0.3148139345 0.476744226879
0.3148139345 0.465117218227
0.324073866941 0.465117218227
0.333332401235 0.453488453759
0.342592333676 0.453488453759
0.35185086797 0.453488453759
0.361110800412 0.453488453759
0.370369334705 0.453488453759
0.379629267147 0.453488453759
0.388887801441 0.465117218227
0.398147733882 0.488372991347
0.398147733882 0.5
0.407406268176 0.511628764468
0.407406268176 0.523255773121
0.407406268176 0.534884537588
0.407406268176 0.546511546241
0.407406268176 0.558140310709
0.407406268176 0.569767319362
0.398147733882 0.58139608383
0.398147733882 0.593023092482
0.388887801441 0.60465185695
0.379629267147 0.616278865603
0.370369334705 0.627907630071
0.361110800412 0.627907630071
0.35185086797 0.639534638723
0.342592333676 0.639534638723
0.342592333676 0.651163403191
0.333332401235 0.651163403191
0.324073866941 0.651163403191
0.3148139345 0.651163403191
0.296295467764 0.662790411844
0.287036933471 0.662790411844
0.277777001029 0.662790411844
0.287036933471 0.662790411844
0.296295467764 0.651163403191
0.305555400206 0.651163403191
0.3148139345 0.651163403191
0.324073866941 0.651163403191
0.333332401235 0.651163403191
0.35185086797 0.651163403191
0.370369334705 0.651163403191
0.379629267147 0.662790411844
0.388887801441 0.662790411844
0.407406268176 0.662790411844
0.425926133059 0.662790411844
0.453703134088 0.674419176312
0.462963066529 0.674419176312
0.5 0.674419176312
0.509258534294 0.674419176312
0.537036933471 0.674419176312
0.5648139345 0.674419176312
0.574073866941 0.674419176312
0.60185086797 0.674419176312
0.620369334705 0.662790411844
0.629629267147 0.651163403191
0.638887801441 0.639534638723
0.638887801441 0.627907630071
0.620369334705 0.616278865603
0.611110800412 0.593023092482
0.60185086797 0.593023092482
0.583332401235 0.593023092482
0.5648139345 0.58139608383
0.546295467764 0.58139608383
0.537036933471 0.58139608383
0.527777001029 0.593023092482
0.518518466735 0.593023092482
0.518518466735 0.616278865603
0.518518466735 0.627907630071
0.518518466735 0.639534638723
0.527777001029 0.639534638723
0.527777001029 0.651163403191
0.537036933471 0.651163403191
