0.370369334705 0.779071033262
0.379629267147 0.779071033262
0.388887801441 0.779071033262
0.398147733882 0.779071033262
0.407406268176 0.779071033262
0.416666200617 0.779071033262
0.425926133059 0.779071033262
0.435184667353 0.790698041915
0.444444599794 0.813953815035
0.444444599794 0.825582579503
0.435184667353 0.837209588156
0.435184667353 0.848838352624
0.416666200617 0.848838352624
0.407406268176 0.848838352624
0.388887801441 0.848838352624
0.379629267147 0.848838352624
0.361110800412 0.825582579503
0.35185086797 0.790698041915
0.35185086797 0.755815260142
0.35185086797 0.720930722553
0.35185086797 0.674419176312
0.370369334705 0.639534638723
0.388887801441 0.60465185695
0.407406268176 0.58139608383
0.435184667353 0.558140310709
0.462963066529 0.534884537588
0.518518466735 0.534884537588
0.546295467764 0.534884537588
0.5648139345 0.558140310709
0.583332401235 0.58139608383
0.60185086797 0.616278865603
0.611110800412 0.651163403191
0.620369334705 0.686046184965
0.620369334705 0.720930722553
0.620369334705 0.744186495674
0.611110800412 0.790698041915
0.60185086797 0.813953815035
0.592592333676 0.825582579503
0.574073866941 0.825582579503
0.5648139345 0.837209588156
0.546295467764 0.837209588156
0.546295467764 0.825582579503
0.546295467764 0.813953815035
0.546295467764 0.802326806383
0.546295467764 0.779071033262
0.555555400206 0.767442268794
0.5648139345 0.755815260142
0.592592333676 0.732559487021
0.611110800412 0.732559487021
0.620369334705 0.732559487021
0.638887801441 0.744186495674
0.666666200617 0.779071033262
0.675924734911 0.802326806383
0.675924734911 0.825582579503
0.675924734911 0.848838352624
0.675924734911 0.895349898865
0.657406268176 0.918605671986
0.648147733882 0.930232680638
0.611110800412 0.953488453759
0.592592333676 0.965117218227
0.583332401235 0.965117218227
0.5648139345 0.965117218227
0.555555400206 0.965117218227
0.555555400206 0.953488453759
0.555555400206 0.941861445106
0.583332401235 0.941861445106
0.60185086797 0.941861445106
0.648147733882 0.953488453759
0.675924734911 0.953488453759
0.694443201646 0.965117218227
0.75 0.965117218227
0.768518466735 0.953488453759
0.805555400206 0.941861445106
0.824073866941 0.930232680638
0.85185086797 0.906976907518
0.861110800412 0.895349898865
0.879629267147 0.848838352624
0.879629267147 0.825582579503
0.879629267147 0.802326806383
0.870369334705 0.767442268794
0.842592333676 0.755815260142
0.833332401235 0.755815260142
0.805555400206 0.779071033262
0.796295467764 0.790698041915
0.796295467764 0.825582579503
0.805555400206 0.860465361277
0.8148139345 0.883721134397
0.824073866941 0.895349898865
