0.259258534294 0.0697673193617
0.268518466735 0.0697673193617
0.287036933471 0.0581403107091
0.305555400206 0.0581403107091
0.3148139345 0.0581403107091
0.324073866941 0.0697673193617
0.324073866941 0.0930230924823
0.324073866941 0.10465185695
0.3148139345 0.10465185695
0.296295467764 0.10465185695
0.277777001029 0.0813960838296
0.277777001029 0.0581403107091
0.277777001029 0.0465115462412
0.296295467764 0.0232557731206
0.342592333676 0.0
0.398147733882 0.0
0.416666200617 0.0
0.453703134088 0.0232557731206
0.481481533265 0.0581403107091
0.490740067558 0.0930230924823
0.490740067558 0.10465185695
0.490740067558 0.127907630071
0.481481533265 0.127907630071
0.462963066529 0.127907630071
0.453703134088 0.116278865603
0.444444599794 0.10465185695
0.462963066529 0.10465185695
0.472221600823 0.10465185695
0.472221600823 0.127907630071
0.481481533265 0.174419176312
0.472221600823 0.209301958085
0.453703134088 0.244186495674
0.435184667353 0.267442268794
0.416666200617 0.279069277447
0.407406268176 0.290698041915
0.388887801441 0.290698041915
0.379629267147 0.302325050567
0.370369334705 0.302325050567
0.361110800412 0.302325050567
0.342592333676 0.302325050567
0.333332401235 0.302325050567
0.3148139345 0.302325050567
0.305555400206 0.302325050567
0.3148139345 0.302325050567
0.324073866941 0.313953815035
0.361110800412 0.313953815035
0.407406268176 0.325580823688
0.435184667353 0.325580823688
0.5 0.337209588156
0.518518466735 0.348838352624
0.537036933471 0.348838352624
0.546295467764 0.348838352624
0.546295467764 0.360465361277
0.555555400206 0.360465361277
0.555555400206 0.348838352624
0.546295467764 0.348838352624
0.546295467764 0.313953815035
0.537036933471 0.279069277447
0.555555400206 0.255813504326
0.583332401235 0.244186495674
0.611110800412 0.255813504326
0.629629267147 0.279069277447
0.629629267147 0.313953815035
0.611110800412 0.337209588156
0.592592333676 0.348838352624
0.583332401235 0.348838352624
