0.277777001029 0.534884537588
0.277777001029 0.523255773121
0.277777001029 0.511628764468
0.287036933471 0.511628764468
0.305555400206 0.534884537588
0.305555400206 0.546511546241
0.287036933471 0.58139608383
0.268518466735 0.593023092482
0.240740067558 0.569767319362
0.231481533265 0.558140310709
0.222221600823 0.534884537588
0.222221600823 0.488372991347
0.240740067558 0.430232680638
0.287036933471 0.395349898865
0.35185086797 0.383721134397
0.379629267147 0.383721134397
0.416666200617 0.406976907518
0.435184667353 0.453488453759
0.435184667353 0.488372991347
0.425926133059 0.546511546241
0.407406268176 0.593023092482
0.379629267147 0.616278865603
0.370369334705 0.616278865603
0.35185086797 0.593023092482
0.342592333676 0.569767319362
0.361110800412 0.546511546241
0.370369334705 0.546511546241
0.398147733882 0.534884537588
0.435184667353 0.546511546241
0.453703134088 0.569767319362
0.462963066529 0.593023092482
0.462963066529 0.639534638723
0.435184667353 0.686046184965
0.416666200617 0.7093037139
0.388887801441 0.744186495674
0.370369334705 0.755815260142
0.370369334705 0.767442268794
0.379629267147 0.779071033262
0.407406268176 0.790698041915
0.5 0.802326806383
0.546295467764 0.802326806383
0.620369334705 0.790698041915
0.675924734911 0.779071033262
0.703703134088 0.767442268794
0.712963066529 0.732559487021
0.703703134088 0.7093037139
0.685184667353 0.697674949433
0.638887801441 0.697674949433
0.629629267147 0.7093037139
0.620369334705 0.744186495674
0.620369334705 0.767442268794
0.620369334705 0.779071033262
