0.211111241605 0.56700976363
0.200001006666 0.56700976363
0.18888909395 0.56700976363
0.18888909395 0.587628272186
0.18888909395 0.608246780742
0.18888909395 0.628865289297
0.18888909395 0.649483797853
0.211111241605 0.680412339037
0.233333389259 0.701030847593
0.244445301975 0.721649356148
0.266667449629 0.731959388777
0.277777684568 0.742267864704
0.299999832222 0.742267864704
0.311111744938 0.731959388777
0.322221979877 0.721649356148
0.333333892592 0.701030847593
0.344444127531 0.67010386311
0.344444127531 0.649483797853
0.344444127531 0.628865289297
0.344444127531 0.61855681337
0.344444127531 0.597938304815
0.333333892592 0.587628272186
0.322221979877 0.597938304815
0.322221979877 0.61855681337
0.322221979877 0.628865289297
0.322221979877 0.649483797853
0.322221979877 0.67010386311
0.333333892592 0.690722371666
0.333333892592 0.711340880221
0.344444127531 0.721649356148
0.355556040246 0.731959388777
0.377778187901 0.742267864704
0.38888842284 0.752577897332
0.400000335555 0.76288637326
0.433332718149 0.76288637326
0.444444630864 0.76288637326
0.466666778518 0.76288637326
0.477778691234 0.752577897332
0.488888926173 0.742267864704
0.500000838888 0.721649356148
0.511111073827 0.701030847593
0.511111073827 0.680412339037
0.522222986543 0.628865289297
0.522222986543 0.608246780742
0.522222986543 0.577319796259
0.522222986543 0.556701287703
0.511111073827 0.536082779148
0.500000838888 0.515464270592
0.466666778518 0.484535729408
0.444444630864 0.474227253481
0.42222248321 0.463917220852
0.400000335555 0.463917220852
0.355556040246 0.463917220852
0.333333892592 0.463917220852
0.322221979877 0.463917220852
0.311111744938 0.474227253481
0.311111744938 0.484535729408
0.311111744938 0.494845762036
0.333333892592 0.515464270592
0.344444127531 0.525772746519
0.366666275186 0.536082779148
0.400000335555 0.536082779148
0.411110570494 0.536082779148
0.42222248321 0.525772746519
0.444444630864 0.515464270592
