0.311111744938 0.628865289297
0.322221979877 0.61855681337
0.322221979877 0.628865289297
0.322221979877 0.639175321926
0.322221979877 0.649483797853
0.322221979877 0.659793830481
0.344444127531 0.680412339037
0.355556040246 0.690722371666
0.366666275186 0.690722371666
0.38888842284 0.701030847593
0.411110570494 0.701030847593
0.466666778518 0.690722371666
0.488888926173 0.680412339037
0.511111073827 0.659793830481
0.522222986543 0.639175321926
0.544445134197 0.61855681337
0.555555369136 0.597938304815
0.555555369136 0.56700976363
0.566667281851 0.556701287703
0.57777751679 0.525772746519
0.588889429506 0.525772746519
0.599999664445 0.536082779148
0.61111157716 0.556701287703
0.633333724814 0.577319796259
0.644443959754 0.597938304815
0.666666107408 0.608246780742
0.677778020123 0.628865289297
0.700000167778 0.639175321926
0.722222315432 0.649483797853
0.744444463086 0.649483797853
0.788888758395 0.659793830481
0.799998993334 0.649483797853
0.81111090605 0.639175321926
0.822222818765 0.608246780742
0.822222818765 0.577319796259
0.822222818765 0.494845762036
0.81111090605 0.463917220852
0.799998993334 0.422680203741
0.77777684568 0.391753219258
0.733332550371 0.340206169519
0.688888255062 0.298969152407
0.666666107408 0.288659119779
0.644443959754 0.278350643852
0.622221812099 0.268040611223
0.61111157716 0.268040611223
0.588889429506 0.278350643852
0.588889429506 0.298969152407
0.588889429506 0.309277628334
0.588889429506 0.319587660963
0.599999664445 0.32989613689
0.61111157716 0.340206169519
0.61111157716 0.350516202147
0.61111157716 0.340206169519
0.61111157716 0.32989613689
0.599999664445 0.319587660963
0.57777751679 0.309277628334
0.544445134197 0.288659119779
0.533333221482 0.278350643852
0.511111073827 0.278350643852
0.455554865803 0.278350643852
0.433332718149 0.278350643852
0.400000335555 0.288659119779
0.366666275186 0.309277628334
0.366666275186 0.350516202147
0.366666275186 0.360824678074
0.400000335555 0.402061695185
0.42222248321 0.412371727814
0.488888926173 0.412371727814
0.511111073827 0.412371727814
0.555555369136 0.38144318663
0.57777751679 0.350516202147
0.57777751679 0.32989613689
0.57777751679 0.298969152407
