0.244445301975 0.474227253481
0.244445301975 0.484535729408
0.244445301975 0.494845762036
0.244445301975 0.515464270592
0.244445301975 0.525772746519
0.244445301975 0.546391255075
0.244445301975 0.556701287703
0.244445301975 0.577319796259
0.255555536914 0.587628272186
0.266667449629 0.597938304815
0.277777684568 0.608246780742
0.288889597283 0.61855681337
0.311111744938 0.61855681337
0.322221979877 0.61855681337
0.333333892592 0.608246780742
0.344444127531 0.597938304815
0.344444127531 0.577319796259
0.355556040246 0.56700976363
0.366666275186 0.546391255075
0.366666275186 0.536082779148
0.377778187901 0.525772746519
0.377778187901 0.515464270592
0.377778187901 0.505154237964
0.377778187901 0.494845762036
0.38888842284 0.494845762036
0.38888842284 0.505154237964
0.38888842284 0.525772746519
0.400000335555 0.546391255075
0.400000335555 0.556701287703
0.411110570494 0.577319796259
0.42222248321 0.587628272186
0.444444630864 0.608246780742
0.455554865803 0.608246780742
0.477778691234 0.61855681337
0.488888926173 0.61855681337
0.511111073827 0.61855681337
0.522222986543 0.608246780742
0.544445134197 0.597938304815
0.555555369136 0.587628272186
0.57777751679 0.546391255075
0.588889429506 0.525772746519
0.599999664445 0.505154237964
0.599999664445 0.484535729408
0.599999664445 0.463917220852
0.599999664445 0.443298712297
0.599999664445 0.402061695185
0.599999664445 0.38144318663
0.599999664445 0.371134710703
0.588889429506 0.350516202147
0.57777751679 0.350516202147
0.57777751679 0.340206169519
0.566667281851 0.32989613689
0.555555369136 0.32989613689
0.555555369136 0.319587660963
0.544445134197 0.32989613689
0.544445134197 0.340206169519
0.533333221482 0.350516202147
0.533333221482 0.360824678074
0.522222986543 0.371134710703
0.522222986543 0.38144318663
0.500000838888 0.391753219258
0.488888926173 0.402061695185
0.477778691234 0.402061695185
0.455554865803 0.412371727814
0.444444630864 0.412371727814
0.433332718149 0.422680203741
0.400000335555 0.422680203741
0.38888842284 0.422680203741
0.377778187901 0.422680203741
0.355556040246 0.412371727814
0.344444127531 0.402061695185
0.333333892592 0.391753219258
0.322221979877 0.38144318663
0.311111744938 0.360824678074
0.311111744938 0.350516202147
0.311111744938 0.32989613689
0.311111744938 0.319587660963
0.322221979877 0.288659119779
0.322221979877 0.278350643852
0.344444127531 0.268040611223
0.366666275186 0.268040611223
0.38888842284 0.268040611223
0.411110570494 0.268040611223
0.433332718149 0.278350643852
0.455554865803 0.278350643852
0.477778691234 0.298969152407
0.488888926173 0.319587660963
0.488888926173 0.340206169519
0.488888926173 0.350516202147
0.488888926173 0.371134710703
0.488888926173 0.38144318663
