0.433332718149 0.56700976363
0.433332718149 0.587628272186
0.444444630864 0.608246780742
0.444444630864 0.639175321926
0.455554865803 0.659793830481
0.466666778518 0.680412339037
0.477778691234 0.690722371666
0.488888926173 0.701030847593
0.511111073827 0.711340880221
0.522222986543 0.711340880221
0.544445134197 0.701030847593
0.566667281851 0.690722371666
0.588889429506 0.67010386311
0.61111157716 0.639175321926
0.622221812099 0.61855681337
0.633333724814 0.597938304815
0.644443959754 0.587628272186
0.655555872469 0.577319796259
0.655555872469 0.56700976363
0.666666107408 0.56700976363
0.666666107408 0.577319796259
0.666666107408 0.587628272186
0.666666107408 0.597938304815
0.666666107408 0.61855681337
0.666666107408 0.628865289297
0.666666107408 0.649483797853
0.677778020123 0.659793830481
0.688888255062 0.680412339037
0.700000167778 0.690722371666
0.733332550371 0.701030847593
0.744444463086 0.701030847593
0.766666610741 0.701030847593
0.788888758395 0.690722371666
0.81111090605 0.67010386311
0.833333053704 0.659793830481
0.877777349013 0.61855681337
0.888889261728 0.597938304815
0.899999496667 0.577319796259
0.911111409382 0.556701287703
0.922221644321 0.536082779148
0.922221644321 0.494845762036
0.922221644321 0.474227253481
0.922221644321 0.453608744925
0.922221644321 0.43299023637
0.911111409382 0.422680203741
0.899999496667 0.412371727814
0.888889261728 0.402061695185
0.877777349013 0.38144318663
0.855555201358 0.371134710703
0.833333053704 0.360824678074
0.822222818765 0.360824678074
0.81111090605 0.360824678074
0.788888758395 0.360824678074
0.77777684568 0.360824678074
0.766666610741 0.360824678074
0.755554698025 0.360824678074
0.733332550371 0.38144318663
0.722222315432 0.38144318663
0.711110402717 0.402061695185
0.711110402717 0.412371727814
0.700000167778 0.412371727814
0.700000167778 0.422680203741
0.700000167778 0.43299023637
0.700000167778 0.422680203741
0.688888255062 0.412371727814
0.688888255062 0.402061695185
0.666666107408 0.38144318663
0.666666107408 0.371134710703
0.644443959754 0.371134710703
0.633333724814 0.360824678074
0.599999664445 0.350516202147
0.57777751679 0.350516202147
0.544445134197 0.350516202147
0.533333221482 0.350516202147
0.511111073827 0.371134710703
0.511111073827 0.391753219258
0.500000838888 0.402061695185
0.500000838888 0.422680203741
0.511111073827 0.422680203741
0.544445134197 0.443298712297
0.566667281851 0.443298712297
0.622221812099 0.443298712297
0.677778020123 0.43299023637
0.711110402717 0.422680203741
0.744444463086 0.402061695185
0.766666610741 0.402061695185
0.77777684568 0.391753219258
