-6.904811e+00 -2.270229e+00 -6.605750e+00 8.273767e+00 1.520194e-01 9.472893e+00 2.681359e+00 8.482719e+00 1.260974e+01 7.278205e+00 2.311972e+00 5.334892e+00 -1.512926e-01 -7.405156e-02 9.206796e-02 5.139441e-01 3.891883e-01 9.403506e-01 -7.754710e-01 -2.176011e+00 -1.808847e+00 -1.614298e+00 -1.111332e+00 -1.935317e-01 3.882457e-01 -1.479777e-06 7.565987e-02 1.035222e-01 -8.377036e-02 -1.868296e-01 -6.855707e-02 2.499902e-01 3.936814e-01 3.624064e-01 -3.116249e-01 1.853835e-01 2.845211e-01 -2.749910e-02 -6.966301e-07 
-6.993708e+00 -2.087179e+00 -6.284980e+00 9.787899e+00 3.126930e-01 6.759709e+00 -1.739422e+00 2.396407e+00 1.117169e+01 4.834533e+00 -3.405280e+00 5.471394e+00 -1.512926e-01 1.380700e-02 4.271453e-01 3.582646e-01 -2.543747e-01 1.199375e+00 -9.803001e-01 -2.024130e+00 -1.110071e+00 -2.831627e+00 -1.072664e+00 6.890447e-01 4.050629e-01 -1.479777e-06 1.262892e-01 7.607743e-02 -4.234799e-02 -1.529737e-01 -1.713005e-01 6.723745e-01 8.806134e-01 9.321629e-01 -1.072634e-01 5.594792e-01 4.720820e-01 -1.159825e-01 -6.966301e-07 
-7.230497e+00 -1.900841e+00 -4.196312e+00 9.462326e+00 4.773324e+00 6.951969e+00 -5.988750e+00 2.481186e+00 5.256914e+00 2.943969e+00 4.203059e+00 7.207849e+00 -1.512926e-01 2.603355e-01 4.421078e-01 1.730123e-01 -2.231255e-01 4.680637e-01 5.767833e-01 -2.836535e-01 -3.463090e-01 -2.563731e+00 -2.037615e-01 7.877806e-01 2.423848e-01 -1.479777e-06 1.269784e-01 -3.849737e-02 -1.132968e-01 -1.529794e-02 -1.866177e-01 7.279564e-01 1.154544e+00 9.649892e-01 3.959055e-01 5.689183e-01 2.868626e-01 -1.555958e-01 -6.966301e-07 
-6.672871e+00 -3.186101e-01 -6.018897e+00 6.407107e+00 3.838093e+00 5.831798e+00 -3.104711e+00 5.932753e+00 2.127706e+00 4.082373e+00 4.811906e+00 6.423678e+00 -1.512926e-01 3.902572e-01 2.975532e-01 4.727535e-01 -6.946265e-02 3.199961e-01 1.910218e+00 1.280902e+00 2.120840e+00 -1.675856e+00 1.232267e+00 1.676288e+00 -1.188481e-01 -1.479777e-06 3.446092e-02 -1.552071e-01 -5.917287e-02 2.492812e-01 4.820912e-02 4.903391e-01 7.305495e-01 5.076063e-01 9.073159e-01 2.606393e-01 -1.734789e-01 -2.204686e-01 -6.966301e-07 
-5.763293e+00 -9.439391e-01 -5.873927e+00 8.848372e+00 7.298902e-01 1.282102e+01 1.945268e+00 4.982924e+00 4.312927e+00 6.635736e+00 2.142741e+00 6.070927e+00 -1.512926e-01 3.727057e-01 -3.552909e-02 -1.098301e-01 2.201469e-01 4.471262e-01 1.418874e+00 1.944156e+00 1.400631e+00 -2.126163e-01 5.808007e-01 7.473094e-01 -1.278172e-01 -1.479777e-06 -6.228612e-02 -2.061361e-01 -6.362791e-02 7.493445e-02 1.438334e-01 -4.363797e-01 5.727170e-02 1.110825e-01 8.140156e-01 -4.000320e-01 -6.788447e-01 -2.075390e-01 -6.966301e-07 
-5.776224e+00 -1.078212e+00 -3.082429e+00 9.747472e+00 3.934497e+00 1.337626e+01 6.979872e-01 1.174950e+01 3.264454e+00 9.150135e+00 6.006479e+00 5.445530e+00 -1.512926e-01 1.299094e-01 -1.100092e-01 2.038525e-01 7.704542e-01 1.451002e+00 1.050263e+00 5.147020e-01 5.545706e-01 5.294064e-01 -1.618715e-01 -1.581774e-01 -5.121456e-01 -1.479777e-06 -6.867745e-02 -2.522074e-01 -2.359052e-01 -1.884811e-01 -3.631962e-01 -9.870008e-01 -2.636354e-02 -2.422394e-01 6.172346e-01 -6.975877e-01 -1.046357e+00 -2.049531e-01 -6.966301e-07 
-5.815824e+00 -1.698609e+00 -6.213780e+00 8.892571e+00 6.960701e+00 1.027425e+01 1.830965e+00 6.575956e+00 3.625655e+00 3.313696e+00 7.342345e+00 7.057696e+00 -1.512926e-01 7.907048e-02 -3.848208e-01 -1.065569e-02 -2.685231e-01 6.217732e-01 -1.175038e+00 3.858444e-01 9.921643e-01 4.037161e-01 -1.506835e+00 -1.689108e+00 -5.985859e-01 -1.479777e-06 -1.330919e-01 -2.204618e-01 -3.334313e-02 -3.662059e-01 -8.688774e-01 -7.438822e-01 3.026302e-02 -2.510376e-01 -2.081440e-01 -2.409161e-01 -5.123081e-01 -7.213431e-02 -6.966301e-07 
-5.996850e+00 -4.912469e-01 -4.829409e+00 1.023691e+01 7.977931e+00 1.235680e+01 -4.736205e-01 7.909066e+00 5.117748e+00 4.934058e+00 1.421181e+00 3.369975e+00 -1.512926e-01 1.936598e-01 -7.888089e-01 -7.563120e-01 -7.676504e-01 -1.583193e+00 -1.727749e+00 1.928234e+00 1.114031e+00 1.102090e+00 -1.211644e+00 -2.337114e+00 -9.082461e-01 -1.479777e-06 -1.745415e-01 -9.620247e-02 -1.289369e-01 -3.746886e-01 -8.933093e-01 -2.728210e-01 1.486993e-01 -5.473231e-01 -4.295613e-01 1.984184e-01 2.877406e-01 8.159668e-02 -6.966301e-07 
-5.257793e+00 -3.161364e+00 -5.053287e+00 7.261469e+00 1.816930e+00 7.455508e+00 4.460467e+00 1.186423e+01 5.404637e+00 1.209681e+00 -4.009952e+00 4.116069e+00 -1.512926e-01 -3.246149e-01 -7.983683e-01 2.036413e-01 -8.418367e-01 -2.380201e+00 -9.115692e-01 1.388686e+00 -1.343131e-01 -1.539763e+00 -9.882636e-02 -7.246591e-01 -2.903832e-01 -1.479777e-06 -2.304656e-01 1.606084e-01 -1.884056e-02 5.793143e-02 4.858666e-02 5.670535e-01 -4.526847e-01 -1.010956e+00 -2.461781e-01 4.810129e-01 8.533503e-01 6.578135e-02 -6.966301e-07 
-5.086464e+00 -4.290902e+00 -7.444006e+00 6.724596e+00 -1.409839e+00 6.147385e+00 9.024657e+00 1.467564e+01 7.885304e+00 4.144206e+00 -2.994523e-03 2.375304e+00 -1.512926e-01 -5.408821e-01 -3.842389e-01 -5.480351e-01 -8.162467e-01 -1.514488e+00 -4.455897e-01 7.568858e-01 -1.618834e+00 -6.467409e-01 1.260348e-01 7.984800e-01 -2.582064e-01 -1.479777e-06 -2.739203e-01 3.224612e-01 2.680828e-01 4.416818e-01 9.000360e-01 5.825709e-01 -1.045148e+00 -7.842059e-01 -3.221140e-01 6.402393e-02 5.730577e-01 1.965764e-01 -6.966301e-07 
-7.893992e+00 -3.791077e+00 -3.888388e+00 6.439449e+00 -2.468944e-01 8.821255e+00 4.025480e+00 2.520783e+00 -5.456614e+00 3.215017e+00 4.431376e+00 6.102897e+00 -1.512926e-01 -7.059069e-01 2.158413e-01 -2.090045e-01 4.556917e-02 8.302715e-01 1.019171e+00 -1.291959e+00 -2.696125e+00 4.723639e-02 2.292888e-01 1.009908e+00 -5.947740e-01 -1.479777e-06 -5.514288e-02 2.334747e-01 1.641003e-01 5.305630e-01 8.921078e-01 6.590599e-02 -8.085576e-01 2.499113e-01 2.570349e-01 -1.050447e-01 -9.850328e-02 8.324567e-02 -6.966301e-07 
-7.383642e+00 -2.097592e+00 -8.151974e+00 6.566660e+00 1.437408e+00 9.445427e+00 3.528579e+00 4.486943e+00 7.314679e+00 4.561790e+00 1.192863e+00 1.085356e+00 -1.512926e-01 -9.852185e-01 3.163395e-01 7.905551e-01 9.970730e-01 1.311585e+00 2.197642e-01 -1.957164e+00 -1.526232e+00 -1.302003e+00 -1.055712e+00 -3.392515e-01 2.269130e-01 -1.479777e-06 1.792995e-01 1.036459e-01 3.369463e-01 4.105284e-01 3.648531e-01 -3.804564e-01 -4.481010e-01 7.680925e-01 -2.293867e-01 2.628225e-01 -1.168935e-01 2.603249e-01 -6.966301e-07 
-7.639019e+00 -3.178902e+00 -5.744738e+00 7.567638e+00 4.545057e+00 1.090219e+01 7.487886e-01 3.478226e+00 5.926172e+00 2.147340e+00 4.417592e-01 1.786906e+00 -1.512926e-01 -3.780765e-01 1.866849e-02 3.548849e-01 9.043093e-01 6.670336e-01 -9.147057e-01 -1.297188e+00 1.069104e+00 7.318949e-02 -3.311928e-02 -6.482521e-01 -1.166058e-01 -1.479777e-06 3.717597e-01 -2.117036e-02 2.694206e-02 2.237578e-01 -1.775568e-01 -5.689036e-01 2.023993e-01 6.088762e-01 -2.472799e-01 5.778437e-01 9.008207e-02 2.616740e-01 -6.966301e-07 
-1.014026e+01 -3.015582e+00 -2.563473e+00 1.114571e+01 2.752715e+00 6.206086e+00 8.768505e-01 6.565803e+00 -4.316264e+00 -6.008393e-01 2.956488e-01 5.667886e+00 -1.512926e-01 1.917433e-01 2.326325e-01 8.547702e-01 8.069937e-01 3.914597e-01 -1.380958e+00 -1.480914e+00 3.391399e-01 -1.806694e+00 1.571591e+00 1.043168e+00 8.043025e-01 -1.479777e-06 4.748041e-01 -2.906034e-02 -2.768536e-01 -2.967357e-02 -9.261144e-02 1.853027e-01 6.299192e-01 9.633797e-02 4.955961e-01 5.632035e-01 1.493504e-01 3.789840e-02 -6.966301e-07 
-8.405957e+00 -3.238639e+00 -4.907949e+00 8.671570e+00 2.430814e+00 5.867342e+00 -1.135097e+00 6.826739e+00 7.243369e-01 5.630314e+00 1.638580e+00 3.228444e+00 -1.512926e-01 5.644613e-01 1.519181e-01 -1.064503e-01 1.259247e+00 4.024927e-01 -1.024893e+00 -5.180324e-01 -5.844094e-01 -9.368365e-01 1.804998e+00 7.692895e-01 4.249071e-01 -1.479777e-06 1.979409e-01 9.987297e-03 -2.641046e-01 -3.386182e-01 -2.821880e-01 6.890680e-01 7.332644e-01 -1.569883e-01 5.591478e-01 -1.737510e-01 -1.765521e-01 1.849210e-01 -6.966301e-07 
-6.041298e+00 -9.044793e-01 -4.296506e+00 1.004987e+01 4.451423e+00 5.057910e+00 -2.934314e+00 4.508265e+00 8.824186e-01 1.067817e+01 5.810273e+00 4.386200e+00 -1.512926e-01 9.175094e-01 1.044536e-01 -3.630997e-01 6.711700e-01 9.809721e-01 1.201362e+00 8.029342e-01 -2.178474e-01 1.680887e+00 8.412473e-01 -3.013388e-01 1.456300e-01 -1.479777e-06 -1.236616e-01 -2.729670e-02 -2.988918e-01 -7.541977e-01 -5.456535e-01 7.208616e-01 5.427933e-01 3.723574e-01 9.512115e-01 -7.779162e-01 -7.527959e-01 8.088461e-02 -6.966301e-07 
-6.866020e+00 -3.474303e+00 -5.410023e+00 1.441223e+01 5.708001e+00 6.351493e+00 6.455703e-02 1.585169e+00 -1.357298e+00 5.532907e+00 1.530683e+00 4.552517e+00 -1.512926e-01 2.486345e-01 1.326330e-01 -3.566571e-01 -7.210225e-01 -1.038565e+00 1.239546e+00 1.227126e+00 5.625393e-01 1.125148e+00 -5.366401e-01 -8.588656e-01 1.137282e+00 -1.479777e-06 -2.762387e-01 7.307615e-02 -2.513179e-05 -8.108744e-01 -4.612474e-01 3.285636e-01 -1.410975e-01 5.349110e-01 5.256972e-01 -5.588268e-01 -2.370398e-01 -3.207131e-02 -6.966301e-07 
-6.322536e+00 -2.374907e+00 -4.128047e+00 1.163084e+01 6.019376e+00 1.197066e+01 4.292188e+00 8.097407e+00 5.129007e+00 3.654624e+00 -1.157106e+00 5.733982e+00 -1.512926e-01 -2.686315e-01 1.057836e-01 -5.145546e-01 -1.973947e+00 -1.616418e+00 1.091174e+00 3.603226e-01 1.627740e+00 1.918433e+00 -1.147198e+00 -1.906816e+00 8.526238e-01 -1.479777e-06 -2.874862e-01 1.509548e-01 2.026317e-01 -1.586038e-01 -4.628250e-02 -3.995780e-01 -6.225291e-01 -2.149348e-01 -4.135191e-01 4.822791e-02 6.185210e-01 -2.256030e-01 -6.966301e-07 
-7.021993e+00 -1.840007e+00 -6.775309e+00 4.275785e+00 -3.546243e+00 8.608530e+00 1.387511e+00 7.844593e+00 4.226906e+00 6.458707e+00 8.277476e-01 8.240597e+00 -1.512926e-01 -2.236431e-01 5.166711e-01 -3.082854e-02 -1.472482e+00 -6.048938e-01 6.729248e-01 -1.002166e+00 1.167614e+00 1.572785e+00 5.268233e-03 3.869056e-01 -8.880140e-02 -1.479777e-06 -1.050516e-01 -6.628060e-03 3.753829e-01 7.087758e-01 7.913059e-01 -5.392346e-01 -5.138244e-01 -7.755291e-01 -7.586462e-01 5.221724e-01 8.872039e-01 -4.000962e-01 6.948339e-03 
-7.306464e+00 -1.193304e+00 -6.186621e+00 5.248195e+00 9.963868e-01 9.385649e+00 -1.793928e+00 9.517326e+00 7.682635e+00 4.479205e+00 -3.372204e+00 6.805166e+00 -1.512926e-01 -2.837622e-01 6.672938e-01 4.871174e-01 2.539797e-01 5.328825e-01 -5.132297e-01 -1.195023e+00 -1.594928e+00 -6.105996e-01 8.115460e-01 2.168456e+00 -3.693118e-01 -1.479777e-06 7.070974e-02 -3.727538e-01 1.197396e-01 4.501646e-01 1.316444e-01 -6.659158e-01 -6.688806e-03 -7.837812e-01 -1.261903e+00 5.289146e-01 5.832040e-01 -3.561731e-01 2.225157e-02 
-7.491935e+00 -1.482128e+00 -4.534698e+00 1.024122e+01 5.194954e+00 1.100882e+01 -1.903469e+00 6.713023e+00 5.230342e+00 5.147086e+00 4.572991e+00 3.572933e+00 -1.512926e-01 -2.690350e-01 -1.812474e-01 1.019533e+00 1.709040e+00 1.843425e+00 -6.545100e-01 -5.643931e-01 -1.704017e+00 -1.403456e+00 1.094689e+00 1.539523e+00 -2.522643e-01 3.474457e-02 2.184620e-01 -4.953733e-01 -3.527314e-01 -4.657092e-01 -9.904976e-01 -5.411696e-01 4.102886e-01 -2.956670e-02 -1.148154e+00 1.803750e-01 -8.266983e-01 -3.549364e-01 3.847434e-02 
-7.506078e+00 7.824296e-01 -2.812675e+00 9.917806e+00 4.313465e+00 8.204622e+00 -3.757498e-02 6.881375e-01 1.574646e+00 8.368329e+00 7.812789e+00 6.221439e+00 -1.512926e-01 1.076169e-01 -1.409088e+00 -4.411507e-01 -1.313898e+00 -2.182485e+00 -1.574741e+00 1.079926e-01 -8.554838e-01 -2.903052e+00 9.526271e-01 4.329592e-01 -8.465831e-01 9.388580e-02 6.427956e-01 -1.185110e-01 -3.536319e-01 -1.105181e+00 -1.681818e+00 -5.604051e-01 3.568001e-01 9.487278e-01 -6.673732e-01 -6.092970e-01 -1.512845e+00 -4.018202e-01 5.344390e-02 
-8.267359e+00 -3.734080e+00 -3.365029e+00 1.048648e+01 4.012618e+00 5.926043e+00 -2.312526e+00 3.739162e+00 2.636029e-01 9.987421e+00 2.933343e+00 7.271070e+00 2.241848e-02 6.729984e-01 -9.219753e-01 -1.330341e+00 -3.017230e+00 -4.199766e+00 -1.502192e+00 3.978638e-01 6.499206e-01 -3.021878e+00 8.366240e-01 -2.878708e+00 -1.624882e+00 1.454260e-01 1.136024e+00 3.815896e-01 2.880357e-01 -9.596978e-01 -1.201863e+00 -9.462155e-01 3.425201e-01 5.358211e-01 -2.938840e-02 -1.320182e+00 -6.216739e-01 -6.437655e-02 4.664682e-02 
-6.381127e+00 -7.112282e+00 -8.977385e+00 -1.443316e+00 -9.324952e+00 4.052988e+00 -1.049370e+00 6.727238e+00 -4.349141e+00 6.821658e+00 -3.876984e-01 7.232653e-01 2.312828e-01 2.459120e+00 4.450172e-01 -1.061335e-01 -2.908842e+00 -4.854598e+00 -2.891402e+00 1.079146e-01 1.971632e+00 -3.138346e+00 -2.106045e+00 -3.186662e+00 -1.692038e+00 2.118788e-01 1.210997e+00 3.297324e-01 1.206295e+00 3.583933e-01 6.439594e-01 -1.095471e+00 2.874802e-01 -7.007145e-01 9.319520e-01 -1.531887e+00 4.826186e-01 6.337090e-01 2.187247e-02 
-4.689661e+00 -2.144176e+00 -8.104261e+00 8.357005e-01 -8.984767e+00 5.573297e+00 5.921509e-01 6.942993e+00 -6.917181e+00 1.010304e+01 -5.720247e+00 -1.802748e+00 3.845449e-01 4.235254e+00 7.996289e-01 2.292218e+00 -2.291976e+00 -2.829795e+00 -4.727365e+00 1.148220e+00 -4.383616e-01 -1.432734e+00 -3.977085e+00 2.408369e-01 -1.512492e-01 2.089843e-01 8.339713e-01 -5.138142e-01 1.073070e+00 1.060547e+00 1.558295e+00 -8.561083e-01 1.425289e-01 -1.805702e+00 1.468307e+00 -1.008949e+00 1.112131e+00 7.963970e-01 -9.799213e-03 
3.000734e+00 2.212849e+00 -9.739417e-01 1.991069e-01 -1.346091e+01 -6.075946e+00 -9.504129e-01 8.944688e+00 -1.052694e+01 -2.219508e+00 -3.793516e+00 2.298072e+00 7.270480e-01 4.381416e+00 -6.211455e-01 3.779095e+00 1.154495e-01 3.523428e-01 -5.439494e+00 1.170229e+00 -3.814908e+00 9.622440e-01 -4.300017e+00 1.286229e+00 1.585180e+00 1.714768e-01 2.598310e-03 -1.122796e+00 -1.763309e-01 1.354590e+00 1.852665e+00 2.850845e-01 1.412243e-01 -1.923901e+00 1.608147e+00 9.407666e-01 3.693016e-01 1.727784e-01 -4.258155e-02 
8.218178e+00 -4.398321e+00 4.094501e+00 -1.794763e+00 -8.068374e+00 -1.264564e+01 3.378820e+00 4.383697e-01 -3.810943e+00 -5.376801e+00 5.840459e+00 5.727157e+00 8.194550e-01 3.881803e+00 -2.958042e+00 2.092496e+00 7.732838e-01 9.882438e-01 -4.508626e+00 5.792480e-01 -5.485321e+00 2.269444e+00 -3.111265e+00 4.456355e-01 7.184228e-01 1.166311e-01 -6.829334e-01 -7.920982e-01 -1.537297e+00 1.267398e+00 1.066799e+00 1.176329e+00 -1.873579e-01 -5.917993e-01 7.532405e-01 2.278740e+00 -9.826495e-01 -8.578788e-01 -4.921572e-02 
9.071993e+00 -9.091304e+00 3.818875e+00 4.492165e-01 -8.021280e+00 -1.403509e+01 3.407925e+00 -9.094941e+00 -1.090676e+00 -6.938295e+00 2.628943e-01 4.884075e+00 8.712099e-01 2.648858e+00 -3.290127e+00 -8.880163e-01 2.331442e+00 2.499637e+00 -1.575287e+00 1.098503e+00 -5.124254e+00 3.051254e+00 2.164916e+00 -1.442559e+00 -1.262976e+00 4.514755e-02 -7.600366e-01 9.922136e-02 -1.899625e+00 7.667662e-01 3.008340e-01 1.390879e+00 -1.060850e-01 1.130031e+00 -1.233497e-01 2.565829e+00 -8.753325e-01 -1.200045e+00 -3.993102e-02 
1.168395e+01 -1.128242e+01 -3.769269e-02 4.577103e+00 -6.763040e+00 -1.299031e+01 1.309192e+00 -1.146367e+01 -2.876565e-01 -3.094487e+00 -5.520188e+00 4.965995e-01 8.956293e-01 1.686953e+00 -1.826377e+00 -3.060664e+00 2.936866e+00 1.430566e+00 -7.779257e-01 2.473087e-01 -2.742563e+00 1.288910e+00 4.184323e+00 -3.308076e+00 -3.016559e+00 2.606674e-02 -6.584021e-01 7.448069e-01 -1.164354e+00 2.611045e-01 -1.313358e-01 9.137099e-01 -1.384646e-02 2.052502e+00 -7.480248e-01 1.426398e+00 -1.054789e-01 -5.731279e-01 -2.365029e-02 
1.451208e+01 -1.079575e+01 -3.348146e+00 8.670491e+00 -1.614836e+00 -1.377982e+01 5.577040e+00 -1.072605e+01 2.967656e+00 7.463704e+00 -5.325910e+00 -1.401503e+00 9.146904e-01 1.678581e+00 -6.908875e-01 -3.142412e+00 2.867478e+00 1.635429e+00 -3.505391e-01 8.057440e-01 4.638919e-01 8.359103e-01 4.881322e+00 -1.213687e+00 -2.547584e+00 1.710525e-02 -4.923531e-01 6.020448e-01 -1.722550e-01 -4.274618e-01 -6.432193e-01 1.573031e-01 -1.544256e-01 1.990915e+00 -1.084293e+00 -6.506491e-01 4.917406e-01 2.094685e-01 -8.437917e-03 
1.393304e+01 -1.267831e+01 -7.625678e+00 8.778836e+00 -4.118574e+00 -1.666264e+01 3.530695e+00 -1.245919e+01 6.040867e-01 8.343342e+00 -7.905159e+00 -6.212853e+00 9.280596e-01 1.074868e+00 -5.336148e-01 -2.601969e+00 1.810785e+00 7.636975e-01 -5.525045e-01 6.565157e-01 1.983036e+00 -3.629727e-01 2.662552e+00 -1.960902e-01 -1.504919e+00 1.240452e-02 -3.704167e-01 2.069891e-01 5.638689e-01 -5.945644e-01 -4.869198e-01 2.743498e-02 7.948511e-02 1.452589e+00 -6.463950e-01 -1.508128e+00 6.938381e-01 8.339491e-01 -4.158213e-03 
1.634053e+01 -1.184801e+01 -8.099124e+00 1.268572e+01 -1.166612e+00 -1.395161e+01 6.325832e+00 -6.277439e+00 2.642485e+00 1.174924e+01 -4.613340e+00 -4.499030e+00 9.404976e-01 4.930447e-01 -9.262978e-01 -1.978512e+00 7.571670e-01 -3.828550e-01 -9.013414e-01 1.218072e-01 2.467480e+00 -1.544268e+00 -3.273301e-01 -5.398635e-01 -9.714786e-01 9.787853e-03 -4.758108e-01 -6.235294e-02 7.270465e-01 -5.707676e-01 -5.447366e-01 -1.322918e-01 6.636862e-02 5.714992e-01 -3.749562e-01 -1.642202e+00 2.832598e-02 7.652536e-01 -1.896173e-03 
1.614375e+01 -1.342422e+01 -1.067225e+01 1.162329e+01 -3.168937e+00 -1.566741e+01 4.217573e+00 -3.772146e+00 -1.939633e+00 8.075258e+00 -6.857018e+00 -5.479332e+00 9.447315e-01 4.276803e-01 -6.737637e-01 -8.233787e-01 1.019218e+00 5.179975e-03 -3.652672e-01 9.866598e-01 3.518529e+00 -7.530199e-01 -7.518343e-01 -1.757382e-01 3.650380e-01 8.936859e-03 -4.487104e-01 -3.982783e-02 7.527341e-01 -3.094916e-01 -3.827201e-01 -1.626816e-01 3.131137e-01 4.276022e-02 -8.101666e-03 -9.324088e-01 -1.941618e-01 5.966817e-01 -3.625603e-04 
1.587221e+01 -1.505413e+01 -1.171750e+01 1.103413e+01 -4.004440e+00 -1.878397e+01 5.843218e+00 -2.731447e+00 -3.481718e+00 5.960655e+00 -8.549330e+00 -6.625594e+00 9.553073e-01 -3.768660e-01 -9.325322e-01 -3.964747e-01 4.093650e-01 -7.090803e-01 -1.105625e+00 9.725331e-01 2.553762e+00 -8.438557e-01 -1.622558e+00 -1.082388e+00 3.436241e-01 9.353672e-03 -4.519373e-01 7.156003e-02 6.783729e-01 -2.323211e-01 -3.871966e-01 -1.482265e-01 3.814464e-01 -3.020669e-01 -3.264971e-02 -3.086591e-01 -5.333255e-02 3.786025e-01 2.985067e-04 
1.630538e+01 -1.444359e+01 -9.933085e+00 1.470115e+01 -2.674174e+00 -1.607240e+01 8.705561e+00 3.360450e+00 -9.894919e-02 7.478528e+00 -6.816236e+00 -3.324031e+00 9.653561e-01 -7.336465e-01 -7.295406e-01 3.707274e-01 4.372925e-01 -9.867855e-01 -1.263815e+00 1.796801e+00 2.153814e+00 -7.537706e-01 -1.352165e+00 -8.957317e-01 8.208954e-01 1.080673e-02 -4.827034e-01 5.933831e-02 5.069961e-01 -4.553122e-01 -6.941326e-01 -1.374137e-01 1.338198e-01 -7.901523e-01 -4.681242e-01 -1.780531e-01 5.656988e-02 -8.997340e-02 7.292932e-05 
1.437550e+01 -1.600061e+01 -1.045131e+01 1.319403e+01 -4.959617e+00 -1.927673e+01 8.944221e+00 2.924371e+00 -2.497198e+00 3.934990e+00 -1.004576e+01 -3.858546e+00 9.769509e-01 -1.185952e+00 -5.405973e-01 8.162200e-01 -1.135069e-01 -1.822910e+00 -1.193312e+00 1.623924e+00 1.639555e+00 -1.707172e+00 -1.570441e+00 -4.464772e-01 6.937576e-01 1.034360e-02 -2.559369e-01 2.620333e-01 6.161445e-01 -3.315993e-01 -5.245115e-01 5.317694e-01 2.339212e-01 -7.277763e-01 -2.720924e-01 4.082613e-01 5.495942e-01 -1.145209e-01 -1.007962e-03 
1.322388e+01 -1.659854e+01 -9.451932e+00 1.272992e+01 -7.625136e+00 -2.174003e+01 1.165046e+01 4.168641e+00 -6.200634e+00 2.327756e+00 -1.058749e+01 -2.757905e+00 9.879308e-01 -1.581265e+00 -5.730161e-01 1.105294e+00 -9.958686e-01 -2.908530e+00 -1.008529e+00 1.330072e+00 2.464953e-02 -2.661967e+00 -1.668091e+00 -2.107436e-01 -2.597760e-01 8.803709e-03 -8.214935e-02 3.219352e-01 6.269977e-01 -3.540448e-01 -3.122829e-01 1.051469e+00 1.415064e-01 -9.188481e-01 1.622362e-01 8.176733e-01 5.483260e-01 -2.748853e-01 -2.588570e-03 
1.148312e+01 -1.667965e+01 -7.877081e+00 1.145242e+01 -1.064303e+01 -2.191668e+01 1.249027e+01 5.062119e+00 -8.966839e+00 6.841006e-01 -8.896141e+00 -3.440058e+00 9.957310e-01 -1.232655e+00 2.993820e-01 2.316932e+00 -5.320505e-01 -2.370798e+00 1.425692e+00 2.375450e+00 -2.068985e-02 -1.250204e+00 5.767378e-01 1.323211e+00 3.114473e-01 5.318684e-03 1.030110e-01 3.613232e-01 6.274243e-01 -3.113308e-01 1.020348e-01 1.307412e+00 1.558922e-01 -1.032617e+00 8.431031e-01 1.180789e+00 3.141796e-01 -2.246286e-01 -3.779117e-03 
9.845396e+00 -1.696957e+01 -5.693723e+00 1.059213e+01 -1.437564e+01 -1.979535e+01 1.358250e+01 2.415190e+00 -1.017385e+01 7.637212e-01 -8.444965e+00 -4.832024e+00 9.999999e-01 -1.120991e+00 4.602291e-01 2.755349e+00 -1.123695e+00 -2.274134e+00 2.683987e+00 2.128506e+00 -1.610316e+00 -1.710056e-01 1.662516e+00 9.610629e-01 -3.623607e-01 3.805994e-04 1.521364e-01 3.297014e-01 4.000752e-01 -4.590656e-01 3.878828e-01 1.037887e+00 -1.622532e-01 -9.950584e-01 1.136842e+00 9.081472e-01 -1.358203e-01 -1.343088e-01 -4.068922e-03 
9.901158e+00 -1.431864e+01 -7.456599e-01 1.160227e+01 -1.343875e+01 -1.312064e+01 1.985541e+01 3.697535e+00 -6.761351e+00 7.600923e+00 -4.500947e+00 -1.264282e+00 9.975053e-01 -9.009913e-01 7.494214e-01 3.128388e+00 -1.606214e+00 -1.629958e+00 3.497440e+00 2.004175e+00 -2.706155e+00 1.262850e+00 2.668156e+00 5.385566e-01 -3.781689e-01 -4.337500e-03 8.112390e-03 1.384856e-01 -6.651894e-02 -8.313306e-01 3.332481e-01 2.714262e-01 -8.430765e-01 -1.110587e+00 8.642576e-01 -7.634223e-02 -7.438203e-01 -2.516495e-01 -3.113351e-03 
8.409306e+00 -1.547832e+01 7.590916e-01 7.036694e+00 -1.759798e+01 -1.271835e+01 1.861025e+01 -3.200523e+00 -8.157965e+00 7.182068e+00 -7.979660e+00 -5.657864e+00 9.889498e-01 -9.864289e-01 8.505015e-01 2.700006e+00 -2.754071e+00 -1.339715e+00 3.144921e+00 7.044373e-01 -3.607996e+00 1.765825e+00 1.826994e+00 -4.975315e-01 -5.864775e-01 -6.711022e-03 -7.641596e-02 2.152194e-01 -3.212618e-01 -7.676349e-01 4.621493e-01 -8.004862e-02 -1.096944e+00 -6.139464e-01 7.148979e-01 -7.337387e-01 -6.730886e-01 5.547515e-02 -1.517078e-03 
7.695706e+00 -1.367851e+01 4.538220e+00 5.199682e+00 -1.718134e+01 -7.967851e+00 1.999723e+01 -5.660127e+00 -3.660517e+00 1.081581e+01 -6.436028e+00 -4.917877e+00 9.795685e-01 -1.259486e+00 7.966365e-01 2.012016e+00 -3.873386e+00 -1.171713e+00 2.552389e+00 -1.127901e+00 -4.574823e+00 2.102679e+00 1.127252e-01 -1.666547e+00 -8.346990e-01 -6.705233e-03 -1.219385e-01 2.613526e-01 -4.818327e-01 -5.982428e-01 5.611714e-01 -3.569716e-01 -1.156144e+00 -1.130582e-01 5.149878e-01 -1.247815e+00 -4.018203e-01 2.190251e-01 -6.758622e-04 
6.015553e+00 -1.303729e+01 5.164711e+00 2.392232e-02 -1.920250e+01 -6.646802e+00 1.703435e+01 -1.094586e+01 -2.895329e+00 8.291249e+00 -9.964835e+00 -5.937694e+00 9.754225e-01 -1.323842e+00 1.512759e+00 1.707100e+00 -3.828358e+00 -1.925361e-01 2.756400e+00 -1.790063e+00 -3.745663e+00 2.983690e+00 -7.284375e-01 -1.301724e+00 1.432756e-01 -6.022122e-03 -1.425723e-02 3.451410e-01 -3.742009e-01 -1.432898e-01 8.502014e-01 -3.508253e-01 -7.632493e-01 5.745937e-01 5.374203e-01 -1.122089e+00 2.616918e-01 4.531819e-01 -1.343195e-03 
4.800494e+00 -1.155590e+01 7.111712e+00 -4.258127e+00 -1.849498e+01 -3.394536e+00 1.500388e+01 -1.530360e+01 1.120217e+00 7.609817e+00 -1.184115e+01 -5.297928e+00 9.707495e-01 -1.341999e+00 1.725061e+00 1.215769e+00 -4.060267e+00 6.023402e-01 1.906809e+00 -2.529258e+00 -3.202689e+00 3.228743e+00 -2.293079e+00 -1.068549e+00 3.521448e-01 -8.065667e-03 1.456198e-01 3.320839e-01 -2.433460e-01 2.349431e-01 1.041720e+00 -4.383146e-01 -2.683839e-01 1.173718e+00 3.369813e-01 -7.999407e-01 8.591552e-01 5.287732e-01 -2.673162e-03 
3.237928e+00 -8.975664e+00 8.008324e+00 -7.376411e+00 -1.790437e+01 -1.223127e+00 1.215635e+01 -1.710680e+01 4.369675e+00 5.142850e+00 -1.178527e+01 -4.751559e+00 9.632480e-01 -1.016488e+00 2.112008e+00 1.227176e+00 -3.377089e+00 2.024341e+00 1.713571e+00 -2.411015e+00 -1.420989e+00 3.889796e+00 -2.580705e+00 5.119247e-01 1.086046e+00 -1.274903e-02 2.137625e-01 8.758751e-02 -2.736782e-01 3.135023e-01 8.078635e-01 -6.999478e-01 -1.000556e-01 1.157578e+00 -2.628373e-01 -5.834840e-01 8.501796e-01 2.277198e-01 -3.274701e-03 
2.374819e+00 -7.083783e+00 9.194876e+00 -1.140188e+01 -1.481888e+01 -1.145577e+00 9.789853e+00 -1.859322e+01 8.850909e+00 9.242328e-01 -1.086847e+01 -3.750062e+00 9.453464e-01 -6.851275e-01 2.157395e+00 1.035164e+00 -2.924343e+00 2.928544e+00 8.821179e-01 -2.159309e+00 1.314031e-01 3.334486e+00 -2.961077e+00 1.722458e+00 1.337743e+00 -1.671455e-02 2.000713e-01 -5.010027e-02 -3.367122e-01 4.562827e-01 3.774197e-01 -6.790050e-01 1.577142e-02 1.004004e+00 -9.039512e-01 -1.376641e-01 6.382771e-01 -2.239551e-03 -1.825680e-03 
2.146111e+00 -4.713451e+00 1.025884e+01 -1.329010e+01 -1.091895e+01 7.964125e-01 7.585813e+00 -1.640573e+01 1.268856e+01 -1.269567e+00 -7.891351e+00 -1.281524e+00 9.243879e-01 -5.834497e-01 1.734537e+00 4.291336e-01 -2.828750e+00 2.683687e+00 -2.310782e-01 -2.475327e+00 3.752740e-01 1.616648e+00 -3.311889e+00 1.553595e+00 7.890549e-01 -1.807498e-02 1.344663e-01 -1.163142e-01 -3.754331e-01 5.411852e-01 -8.727202e-02 -5.733805e-01 9.147330e-02 6.235600e-01 -1.280061e+00 2.110681e-01 2.683747e-01 -2.242538e-01 8.765486e-04 
1.921040e+00 -2.899942e+00 1.116243e+01 -1.592326e+01 -7.344789e+00 6.907193e-03 6.492524e+00 -1.499748e+01 1.363344e+01 -3.989371e+00 -5.175945e+00 -3.443273e-01 9.066092e-01 -5.582319e-01 1.663299e+00 -6.885067e-02 -2.053054e+00 2.159621e+00 -5.159571e-01 -2.418195e+00 9.192091e-01 -1.544900e-01 -2.616010e+00 1.601974e+00 4.894851e-01 -1.453207e-02 1.154176e-01 -9.731635e-02 -2.979913e-01 6.537505e-01 -3.177841e-01 -2.869726e-01 1.636845e-01 3.033677e-01 -1.129996e+00 5.240345e-01 6.076500e-02 -2.609064e-01 3.055563e-03 
5.475824e-01 -2.394637e+00 9.170285e+00 -1.925931e+01 -8.222953e+00 -2.954546e+00 1.428258e+00 -1.702862e+01 1.006152e+01 -8.959724e+00 -6.863441e+00 -2.509327e+00 8.922387e-01 -4.077325e-01 1.777513e+00 -9.789536e-02 -1.106840e+00 1.972561e+00 -4.543174e-01 -1.824170e+00 1.303082e+00 -7.659965e-01 -1.697932e+00 1.914115e+00 3.889184e-01 -9.460835e-03 1.896384e-01 -1.702426e-02 -7.414938e-02 7.187974e-01 -2.160654e-01 5.213382e-02 3.660381e-01 2.323150e-01 -5.763648e-01 7.444081e-01 1.849601e-01 -1.087494e-01 3.434659e-03 
3.831231e-01 7.324824e-02 9.395264e+00 -1.868255e+01 -5.369058e+00 -1.849992e+00 7.773644e-01 -1.368569e+01 9.391359e+00 -8.310478e+00 -3.372204e+00 -6.888162e-01 8.887602e-01 -1.959036e-01 1.649334e+00 -1.912608e-01 -5.165489e-01 1.695232e+00 -4.409530e-01 -1.666434e+00 1.184376e+00 -1.124085e+00 -1.147758e+00 1.846081e+00 2.333035e-01 -5.744246e-03 2.187440e-01 -9.307742e-02 4.063893e-02 4.638646e-01 -1.560913e-01 6.461603e-02 3.729842e-01 -7.501374e-02 -1.584309e-01 5.403442e-01 1.221796e-01 -1.216041e-01 1.796090e-03 
8.765012e-01 2.687464e+00 1.065265e+01 -1.744494e+01 -2.044222e+00 -5.467159e-01 1.322950e+00 -1.054583e+01 1.097938e+01 -7.598129e+00 7.773314e-01 8.353410e-01 8.860196e-01 1.835727e-01 1.656399e+00 1.195701e-01 -3.027163e-03 1.835527e+00 -7.838932e-03 -1.021053e+00 1.404340e+00 -7.803672e-01 -3.239677e-01 2.356508e+00 3.733345e-01 -5.292698e-03 1.487214e-01 -1.714512e-01 8.126640e-03 1.204635e-01 -1.842446e-01 -8.384261e-02 3.157935e-01 -3.567368e-01 -1.029885e-01 2.733531e-01 -6.011304e-02 -1.912739e-01 -8.685465e-05 
7.766941e-01 2.805295e+00 9.464996e+00 -1.941348e+01 -1.958345e+00 -3.402076e+00 -1.786520e+00 -1.231654e+01 7.554278e+00 -1.040899e+01 2.343145e-01 -8.501046e-01 8.809952e-01 2.399596e-01 1.258480e+00 2.567657e-02 -2.856240e-01 1.447492e+00 -4.161335e-01 -9.547904e-01 4.934312e-01 -9.394103e-01 -6.012264e-01 1.991685e+00 -1.107758e-01 -7.631486e-03 5.933694e-02 -1.831469e-01 5.235604e-03 -3.988289e-02 -2.273375e-01 -1.173814e-01 2.903714e-01 -3.651709e-01 -8.632930e-02 1.121183e-01 -1.907960e-01 -1.913114e-01 -7.056259e-04 
1.268456e+00 4.521251e+00 9.732916e+00 -1.890841e+01 -7.505230e-01 -2.217818e+00 -2.394549e+00 -1.069153e+01 7.078682e+00 -9.530197e+00 3.115419e+00 -5.616535e-01 8.696640e-01 1.180066e-01 1.115671e+00 -1.657015e-01 -6.200160e-01 1.175052e+00 -8.860678e-01 -6.009977e-01 -1.352748e-01 -1.373428e+00 -6.044487e-01 1.540686e+00 -3.954345e-01 -8.945607e-03 -3.205267e-02 -1.554237e-01 -2.727669e-02 -1.826315e-02 -3.686974e-01 -7.477498e-02 1.253576e-01 -1.884796e-01 -1.504980e-01 -1.279086e-03 -3.824545e-01 -1.317978e-01 2.938072e-04 
1.386850e+00 5.448558e+00 9.983218e+00 -1.937844e+01 1.221330e+00 -3.095106e+00 -2.137896e+00 -1.114537e+01 6.644971e+00 -1.035097e+01 5.416899e+00 -5.444111e-01 8.587719e-01 1.335408e-01 1.003867e+00 -2.248480e-02 -4.074224e-01 8.886962e-01 -5.887792e-01 -4.245306e-01 1.283805e-01 -1.259213e+00 -4.469758e-01 1.300068e+00 -3.389288e-01 -7.452025e-03 -2.359357e-02 -8.837438e-02 1.514095e-02 1.474882e-01 -3.954485e-01 6.613363e-02 4.982047e-03 1.963943e-01 -7.557575e-02 4.989741e-02 -4.065033e-01 -1.348267e-02 1.623774e-03 
1.161376e+00 6.944744e+00 9.565191e+00 -2.056269e+01 2.241330e+00 -5.130263e+00 -1.506583e+00 -1.180787e+01 4.566939e+00 -1.064954e+01 5.889269e+00 -1.294815e+00 8.523948e-01 7.654870e-02 1.006611e+00 7.299204e-03 -3.341525e-02 2.714761e-01 -2.954453e-01 -6.592997e-01 6.444250e-01 -1.372891e+00 -4.073274e-01 7.898740e-01 -1.715419e-01 -3.914897e-03 3.381560e-03 -6.807704e-02 5.993909e-03 3.127516e-01 -3.804549e-01 1.492978e-01 -1.329879e-01 3.601614e-01 1.057801e-01 9.009376e-02 -3.526984e-01 1.350082e-02 1.579911e-03 
1.497972e+00 6.613172e+00 9.436003e+00 -2.062360e+01 9.891842e-01 -4.890072e+00 -4.353579e+00 -1.111694e+01 2.514128e+00 -1.208441e+01 5.347858e+00 -2.177770e+00 8.523772e-01 1.427200e-01 8.711997e-01 1.500925e-02 1.583865e-01 -7.806889e-02 -3.806771e-01 -9.007810e-01 1.085728e+00 -1.317446e+00 -4.501981e-01 3.345721e-01 -2.901590e-01 -2.027657e-03 -1.933269e-02 -2.426447e-02 -3.206349e-02 3.107623e-01 -2.510144e-01 5.699012e-02 -6.948575e-02 2.798251e-01 2.152547e-01 1.193742e-01 -2.164057e-01 2.440665e-02 5.413120e-05 
1.595758e+00 8.971994e+00 1.004341e+01 -1.845292e+01 7.232417e-01 -2.797829e+00 -4.583243e+00 -7.483634e+00 2.279483e+00 -1.070037e+01 7.099577e+00 -6.026042e-01 8.532732e-01 1.304138e-01 8.416902e-01 -1.544005e-01 6.608356e-01 -2.438144e-01 -2.434879e-01 -1.027766e+00 1.186849e+00 -8.153288e-01 -1.522046e-01 2.599095e-01 -3.522704e-01 -3.752803e-03 -1.952067e-02 -7.816382e-02 -3.192130e-02 9.925666e-02 -6.629185e-02 -8.850921e-02 1.598297e-02 2.249412e-02 2.339412e-01 1.047340e-01 -1.203082e-01 -2.090314e-02 -1.911838e-03 
1.883461e+00 8.790588e+00 9.819163e+00 -1.964095e+01 1.590325e+00 -6.164267e+00 -5.103429e+00 -7.878592e+00 1.201735e+00 -1.257653e+01 6.484629e+00 -2.341214e+00 8.481960e-01 9.973907e-03 9.648817e-01 -1.021200e-01 7.993659e-01 -1.086603e-01 -3.298107e-01 -5.878075e-01 1.256232e+00 -4.617446e-01 2.236048e-02 4.830831e-01 -1.263597e-01 -7.260985e-03 -1.631241e-03 -1.401697e-01 5.717945e-02 -5.591002e-02 2.517949e-02 -9.408636e-02 1.235946e-01 -1.537724e-01 2.217774e-01 8.347999e-02 -5.791792e-02 5.802359e-02 -2.405289e-03 
1.620811e+00 1.006426e+01 8.602150e+00 -1.774949e+01 7.215796e-01 -5.710813e+00 -6.270274e+00 -7.492772e+00 1.145888e+00 -1.116454e+01 6.620142e+00 -2.974513e+00 8.357053e-01 4.537959e-02 5.688736e-01 -9.367068e-02 1.425158e-01 -4.471920e-02 -7.634704e-01 -7.357870e-01 6.717660e-01 -6.310833e-01 -1.198414e-01 1.140734e-01 -3.578761e-01 -1.085600e-02 5.620394e-02 -1.774847e-01 1.640530e-01 -5.515934e-02 1.275454e-01 -9.674215e-02 2.590611e-01 -1.455204e-01 1.833908e-01 1.238690e-01 -6.649628e-03 1.613479e-01 -1.177145e-03 
1.535551e+00 1.089128e+01 9.646300e+00 -1.697868e+01 4.473264e-01 -5.082871e+00 -6.449137e+00 -4.831629e+00 7.720767e-01 -1.174051e+01 8.003214e+00 -1.624217e+00 8.248659e-01 1.771170e-01 3.066970e-01 2.704968e-01 1.379637e-01 -5.174018e-02 -5.910975e-01 -4.288233e-01 5.744925e-01 -3.006638e-01 -4.909072e-02 1.179111e-01 2.684014e-03 -1.050287e-02 7.854223e-02 -1.568470e-01 1.457115e-01 6.010842e-02 7.695572e-02 -1.998984e-02 1.409422e-01 -1.305331e-01 1.901778e-01 1.839066e-01 -1.860085e-02 6.401993e-02 7.496614e-04 
1.996199e+00 1.076577e+01 9.661348e+00 -1.907173e+01 1.071183e+00 -7.156265e+00 -7.589523e+00 -5.648958e+00 -6.610176e-01 -1.171722e+01 6.910437e+00 -2.750721e+00 8.106711e-01 3.278181e-01 2.833388e-01 4.796186e-01 7.157064e-01 3.653818e-01 -5.965523e-01 1.881482e-01 8.002276e-01 2.117604e-02 5.027647e-01 4.091183e-01 3.899274e-01 -8.019354e-03 1.315652e-02 -1.151675e-02 1.134943e-02 1.733493e-01 -1.258345e-01 1.186424e-01 -7.184813e-02 -4.801250e-02 8.740215e-02 1.388302e-01 -7.864962e-02 -1.301488e-01 2.009135e-03 
2.581302e+00 9.973288e+00 1.064164e+01 -1.829014e+01 1.157060e+00 -8.397070e+00 -6.587783e+00 -5.928678e+00 6.022851e-01 -1.254561e+01 6.928741e+00 -2.439999e+00 8.081940e-01 2.615460e-01 3.234883e-01 3.398872e-01 8.132681e-01 7.100175e-02 -5.133660e-01 -3.450775e-01 5.391827e-01 1.629529e-01 6.305363e-01 2.425813e-01 -1.801747e-01 -4.927986e-03 -5.874583e-02 1.650021e-01 -1.609752e-01 -1.315848e-02 -2.892533e-01 5.945621e-02 -2.396123e-01 -8.278039e-02 -1.744290e-01 -2.272570e-02 -3.143081e-01 -3.476658e-01 1.263476e-03 
2.736468e+00 1.194025e+01 1.050254e+01 -1.351542e+01 2.193682e+00 -7.036708e+00 -5.260067e+00 -2.943141e+00 1.336847e+00 -8.247799e+00 9.203246e+00 -6.166137e-01 8.039426e-01 6.898339e-02 5.028723e-01 -7.159672e-02 6.715391e-01 -7.354090e-01 -2.091224e-01 -1.136955e+00 4.493283e-01 -4.259251e-01 2.346126e-01 -3.415775e-01 -9.171031e-01 -3.596498e-03 -1.067121e-01 2.594652e-01 -2.178006e-01 -3.662809e-01 -2.950781e-01 -9.214919e-03 -2.488149e-01 -1.992195e-01 -4.278865e-01 -2.192768e-01 -4.548935e-01 -4.933767e-01 -6.179013e-04 
2.473010e+00 1.192162e+01 1.092497e+01 -1.569040e+01 2.412209e-01 -7.709350e+00 -9.338997e+00 -3.488365e+00 5.883235e-01 -1.032259e+01 8.069686e+00 -3.592007e+00 8.035913e-01 1.289916e-02 1.021906e+00 -2.588557e-01 9.428852e-02 -9.475431e-01 -4.875919e-01 -9.642343e-01 3.359799e-01 -9.492768e-01 -2.863606e-02 -1.078318e+00 -1.082136e+00 -6.398412e-03 -5.912179e-02 2.905300e-01 -1.149082e-01 -3.993862e-01 1.696136e-01 -1.429886e-02 1.286014e-01 -1.698518e-01 -4.856207e-01 2.273598e-02 -2.359179e-01 -2.430298e-01 -2.735822e-03 
2.395427e+00 1.230635e+01 9.161477e+00 -1.701372e+01 -2.147829e+00 -8.545709e+00 -1.189865e+01 -4.621966e+00 -2.783636e+00 -1.165539e+01 4.632399e+00 -6.759941e+00 7.950006e-01 -8.141514e-02 1.231547e+00 -3.098688e-01 -7.562087e-01 -6.007564e-01 -6.556009e-01 -7.463235e-01 -9.446937e-02 -1.562285e+00 -2.638646e-01 -1.204965e+00 -1.626003e+00 -1.038130e-02 2.756832e-02 2.422619e-01 7.793803e-02 -2.222995e-01 6.325794e-01 1.802567e-01 3.806354e-01 -2.563772e-01 -2.506734e-01 3.837968e-01 2.259845e-01 1.448205e-01 -3.940468e-03 
2.816475e+00 1.489974e+01 1.001808e+01 -1.606988e+01 -1.409839e+00 -1.008056e+01 -8.090129e+00 -3.409171e+00 -2.084203e+00 -1.098454e+01 3.822850e+00 -4.778860e+00 7.806652e-01 4.114302e-02 1.411845e+00 -1.156390e-01 -4.697980e-01 8.517106e-01 -3.615852e-01 1.025292e-01 -3.827602e-02 -1.696983e+00 9.933963e-01 -5.054396e-01 -1.040990e+00 -1.521518e-02 7.760233e-02 -6.300270e-02 1.839584e-01 3.407897e-01 7.628829e-01 3.273875e-01 2.349322e-02 -1.536830e-02 -4.503392e-02 4.664369e-01 2.489601e-01 3.651857e-01 -3.868409e-03 
2.157425e+00 1.660912e+01 9.406275e+00 -1.710643e+01 1.572385e-02 -9.128951e+00 -9.616288e+00 -3.454860e+00 -5.138198e+00 -9.236703e+00 5.302258e+00 -8.153343e+00 7.635013e-01 1.926511e-01 1.519326e+00 2.464162e-01 -1.580433e-01 1.527982e+00 6.291497e-01 2.327918e-01 -6.454114e-01 -1.305435e+00 1.642622e+00 5.019231e-01 -2.135848e-01 -1.889125e-02 1.449618e-01 -4.321916e-01 2.542438e-01 1.027179e+00 6.537214e-01 3.428669e-01 -1.002672e-01 3.594939e-01 3.332352e-01 -2.517037e-04 -1.379179e-01 3.852360e-01 -2.402156e-03 
2.797484e+00 1.682944e+01 1.022435e+01 -1.799313e+01 3.418126e+00 -9.225350e+00 -9.967665e+00 -4.263559e+00 -6.719466e+00 -6.565179e+00 5.207528e+00 -8.100179e+00 7.432632e-01 2.638660e-01 5.629717e-01 3.827677e-01 1.499030e+00 1.802428e+00 5.069614e-01 -1.336446e+00 5.346488e-01 -1.302968e+00 1.350372e+00 -6.867464e-01 3.755162e-02 -2.149054e-02 2.251666e-01 -4.944141e-01 8.594762e-02 9.176915e-01 4.510390e-01 2.889164e-01 -1.989229e-01 5.968621e-01 5.651857e-01 -9.063390e-01 -8.703081e-01 -1.719291e-02 -3.985937e-05 
3.368040e+00 1.893780e+01 1.029041e+01 -1.684230e+01 3.077941e+00 -5.827139e+00 -9.796209e+00 -7.421700e+00 -6.993295e+00 -5.651661e+00 6.449627e+00 -6.166874e+00 7.192479e-01 5.319809e-01 -5.050197e-01 7.121873e-01 3.395271e+00 2.192594e+00 6.245131e-01 -5.281006e-01 1.416431e+00 -9.314629e-02 -4.436134e-01 -1.803777e+00 -2.390348e-01 -1.925017e-02 2.603502e-01 -3.442880e-01 -1.666151e-01 2.951105e-01 4.639831e-01 2.175516e-01 -8.471781e-02 6.270186e-01 3.998279e-01 -1.151306e+00 -1.243576e+00 -4.375359e-01 1.767893e-03 
3.530479e+00 1.654993e+01 1.149017e+01 -8.706736e+00 6.070902e+00 -9.196269e+00 -1.468214e+01 1.247577e+00 -7.671560e+00 -6.024776e+00 -1.847495e-01 -5.584583e+00 6.953556e-01 9.973992e-01 -4.799785e-02 8.133674e-02 2.341899e+00 2.774584e+00 1.085311e+00 -5.115544e-01 1.915027e+00 5.227572e-01 -2.495244e+00 -3.704067e+00 -1.114088e+00 -1.523834e-02 1.967817e-01 2.988241e-02 -3.496982e-01 -5.508370e-01 1.724721e-01 4.909461e-01 4.172699e-01 4.958482e-03 -1.023715e-01 -7.272534e-01 -3.900155e-01 -3.207573e-01 1.261906e-04 
4.450967e+00 1.422399e+01 1.233430e+01 -4.773438e+00 9.651707e+00 -6.021015e+00 -9.899400e+00 8.719097e-01 -5.127840e+00 -1.172484e+01 -1.020308e+00 -1.060608e+01 6.912096e-01 1.127523e+00 1.032899e-01 -4.359755e-01 8.961895e-01 3.361714e+00 1.427738e+00 -6.031830e-01 1.799480e+00 -2.191582e-01 -2.191086e+00 -4.207399e+00 -1.825455e+00 -1.317742e-02 -1.292383e-01 9.516808e-02 -3.432526e-01 -7.314519e-01 -3.764638e-01 4.810818e-01 1.726756e-01 -4.259085e-01 -8.240048e-01 3.574059e-01 7.051552e-01 1.547145e-01 -6.548706e-03 
7.242735e+00 1.894657e+01 9.609233e+00 -1.231769e+01 1.400430e+01 -3.702044e+00 -1.247334e+01 1.164828e+00 -5.037765e+00 -1.600529e+01 -9.577883e+00 -1.145131e+01 6.810905e-01 9.499899e-01 4.081928e-01 -7.914824e-01 -5.610765e-03 2.080384e+00 2.560162e+00 7.875587e-01 3.681296e-01 -1.751785e+00 -1.412127e+00 -1.435000e+00 -7.731481e-01 -2.389301e-02 -5.678897e-01 -4.150812e-01 -1.590795e-01 2.432757e-01 -7.542685e-01 2.601580e-01 2.405147e-01 -5.134654e-01 -9.245769e-01 1.246991e+00 1.683936e+00 6.412794e-01 -1.600886e-02 
7.149394e+00 1.825602e+01 9.051006e+00 -1.055561e+01 1.592019e+01 -1.435313e+00 -1.391642e+01 1.616644e+00 -9.405955e+00 -1.161685e+01 -9.890656e+00 -1.236085e+01 6.605009e-01 -9.059439e-02 -2.573069e-01 -5.677856e-01 9.116911e-01 6.572543e-01 2.292466e+00 -3.143265e-01 6.050885e-02 -3.076037e+00 8.017390e-01 5.874013e-01 3.640290e-01 -4.766876e-02 -8.421839e-01 -8.244625e-01 -1.577524e-01 9.768455e-01 -7.882467e-01 -1.900340e-02 3.283458e-01 -2.753083e-01 -2.400521e-01 1.077537e+00 1.514277e+00 4.863492e-01 -2.558180e-02 
6.931192e+00 1.657514e+01 9.174322e+00 -5.843412e+00 1.333889e+01 1.311260e+00 -8.735730e+00 2.715216e+00 -1.429118e+01 -1.313938e+01 -2.924561e+00 -8.572549e+00 5.912309e-01 -1.233058e+00 -1.943084e+00 -6.481601e-01 3.550533e+00 3.554772e-01 1.953721e+00 5.465457e-01 2.171358e-01 -2.671726e+00 2.243092e+00 2.318246e+00 9.974757e-01 -7.803827e-02 -8.259236e-01 -9.520326e-01 -3.120674e-01 7.943164e-01 -4.301817e-01 -2.981648e-01 2.483423e-01 2.021586e-01 6.413419e-01 8.203060e-01 2.290577e-01 2.182745e-03 -3.164732e-02 
4.153970e+00 1.412315e+01 9.713097e+00 -3.451739e+00 1.327074e+01 2.934432e+00 -1.333961e+01 3.992800e-01 -1.588145e+01 -9.148612e+00 -1.410150e+00 -1.022495e+01 4.978049e-01 -1.991809e+00 -2.843329e+00 -1.296437e+00 4.002295e+00 2.830105e-01 1.635976e+00 1.159068e+00 4.983773e-01 -9.593578e-01 1.369146e+00 1.487306e+00 -2.789475e-01 -1.140174e-01 -5.101172e-01 -7.145908e-01 -5.484687e-01 -5.606016e-02 -3.683199e-01 -4.288297e-01 6.546008e-01 6.258657e-01 1.163418e+00 3.810999e-01 -4.966008e-01 5.855499e-03 -3.105831e-02 
2.575241e+00 1.129739e+01 6.037466e+00 1.882495e+00 1.710641e+01 3.881731e+00 -1.002905e+01 2.859391e+00 -1.515905e+01 -6.023506e+00 -2.227084e+00 -7.531539e+00 3.722474e-01 -2.229058e+00 -3.058873e+00 -1.987595e+00 2.420638e+00 1.166382e-01 1.397464e+00 1.292531e+00 1.160057e+00 3.967453e-01 2.405889e+00 -7.396614e-01 -4.406166e-01 -1.489545e-01 -1.402665e-01 -1.891804e-01 -4.715956e-01 -1.012096e+00 -6.787076e-01 -4.611165e-01 3.504534e-01 4.949856e-01 1.045129e+00 2.650056e-01 -3.428935e-01 5.195913e-01 -1.770695e-02 
-6.315145e-01 6.678390e+00 4.137442e+00 5.592634e+00 1.545147e+01 5.459664e+00 -7.474691e+00 4.036142e+00 -1.376919e+01 -8.328690e+00 -2.802855e+00 -1.427619e+01 1.999066e-01 -2.143116e+00 -3.272421e+00 -2.640414e+00 1.196379e+00 -1.064769e+00 4.263662e-01 2.585556e+00 2.718358e+00 1.206761e+00 2.625986e+00 -3.666976e-01 1.112505e+00 -1.675027e-01 2.584078e-01 3.353946e-01 -1.219699e-01 -1.095122e+00 -8.480590e-01 -6.463768e-01 -3.038311e-02 2.856182e-02 7.502877e-01 3.474531e-01 5.262771e-01 1.255978e+00 6.733728e-03 
-1.821117e+00 5.002990e+00 2.023817e+00 1.737496e+00 1.283194e+01 7.036520e+00 -5.205561e+00 6.696778e+00 -1.336340e+01 -1.520287e+00 -5.926728e+00 -8.750361e+00 -4.583326e-03 -1.858660e+00 -2.674419e+00 -2.334019e+00 -1.069864e-01 -2.364028e+00 2.529023e-01 1.585602e+00 1.581988e+00 1.470903e+00 2.939671e+00 1.530801e+00 2.899722e+00 -1.398309e-01 4.759633e-01 6.881537e-01 2.115892e-01 -6.080016e-01 -5.979151e-01 -3.565543e-01 -4.710900e-01 -5.848215e-01 4.940977e-01 -3.832728e-01 1.165740e+00 6.966330e-01 3.218167e-02 
-4.363570e+00 9.084819e-01 -1.482254e+00 2.602638e+00 1.008386e+01 3.489132e+00 -2.823715e+00 1.207186e+01 -1.074492e+01 1.729332e+00 -1.393773e+00 -4.053242e+00 -1.512926e-01 -8.848519e-01 -1.358548e+00 -1.732953e+00 -2.094693e-01 -2.717083e+00 -1.023530e+00 8.606119e-01 4.300934e-01 2.254966e+00 2.839499e+00 2.983464e+00 4.330751e+00 -8.490990e-02 5.602723e-01 9.048960e-01 4.939627e-01 -2.568685e-01 -3.355417e-02 8.904929e-02 -8.103911e-01 -8.889951e-01 2.527599e-01 -8.515667e-01 5.917894e-01 -1.969705e-01 4.454926e-02 
-4.852504e+00 8.103803e-01 -2.822951e+00 2.843046e+00 7.970175e+00 6.131228e+00 -4.426076e+00 6.751606e+00 -9.316330e+00 3.645730e+00 4.722634e+00 1.855517e+00 -1.512926e-01 -4.784430e-01 -5.750942e-01 -1.383360e+00 8.346200e-02 -2.046704e+00 3.396342e-01 -2.004541e-01 -6.199939e-01 2.343228e+00 3.826987e-01 3.413995e+00 1.433265e+00 -2.934053e-02 4.024631e-01 6.824297e-01 4.670903e-01 -5.226920e-02 4.691067e-01 1.204256e-01 -5.663609e-01 -3.496376e-01 1.146827e-01 -1.106936e+00 -6.391861e-01 -6.955655e-01 3.645668e-02 
-3.540465e+00 1.982119e+00 -2.103973e+00 3.992256e+00 4.296844e+00 7.942584e-01 -3.561394e+00 6.159676e+00 -4.518032e+00 3.285744e+00 6.790016e+00 2.074639e+00 -1.512926e-01 -3.198839e-02 2.024581e-01 -6.460478e-01 -1.831412e-01 -1.391370e+00 8.283877e-01 -5.732906e-01 -6.256270e-01 2.034364e+00 -3.535289e-01 1.650703e+00 8.606961e-01 -1.479777e-06 5.780177e-02 2.582275e-01 3.532499e-01 -2.700863e-02 6.570113e-01 4.343778e-01 -2.073499e-01 -1.569276e-01 -2.346753e-01 -8.558688e-01 -1.377869e+00 -6.547530e-01 1.991590e-02 
-4.625008e+00 1.590809e+00 -4.582409e+00 1.460436e+00 5.491923e+00 1.008199e+01 -5.838991e+00 6.552603e+00 -4.760784e+00 -3.848474e-01 7.051409e+00 -4.647746e+00 -1.512926e-01 -2.728681e-01 -4.276097e-02 -5.421206e-01 -3.813404e-01 -6.812471e-01 -7.097868e-02 -5.292714e-01 3.616722e-01 2.154585e+00 -9.985511e-01 -9.986544e-01 1.156903e+00 -1.479777e-06 -7.478680e-02 -2.073719e-02 3.226807e-01 1.655047e-01 3.746151e-01 9.830662e-02 3.739009e-01 -2.219733e-01 -5.643331e-01 -2.522994e-02 -1.047089e+00 1.368379e-01 5.867448e-03 
-4.637131e+00 1.530523e+00 -3.832603e+00 2.378402e+00 4.366100e+00 5.655156e+00 -4.983834e+00 9.042666e+00 -2.851643e+00 1.977087e+00 5.695633e+00 3.502167e+00 -1.512926e-01 -6.986442e-01 -3.335326e-01 -3.873917e-01 -1.121536e-01 -1.146783e-01 1.353689e+00 -1.165536e-02 -8.453168e-01 1.175982e+00 -7.491724e-01 -1.699459e+00 1.195134e+00 -1.479777e-06 -2.729051e-02 -2.239891e-01 8.462059e-02 3.207839e-01 2.838988e-01 1.832919e-01 5.885248e-01 -1.943653e-01 -3.871641e-01 5.468296e-01 -1.069423e-01 9.044127e-02 -6.966301e-07 
-5.668335e+00 8.224375e-01 -4.668657e+00 1.742887e+00 4.528990e+00 3.345879e+00 -6.361822e+00 7.118134e+00 6.230024e-01 -6.927417e-01 2.763814e-01 6.926222e+00 -1.512926e-01 -5.189931e-01 -4.108390e-01 1.007703e-01 8.755206e-01 -8.118876e-01 5.684647e-01 1.388218e+00 -1.620208e+00 -4.917616e-02 4.544301e-01 -1.463152e-01 1.950337e+00 -1.479777e-06 1.620367e-01 -2.035371e-01 -1.510225e-01 2.755927e-01 9.782802e-02 6.564040e-02 6.083405e-01 8.444529e-02 -2.309292e-01 8.762983e-01 6.787649e-01 -3.101138e-01 -6.966301e-07 
-6.511644e+00 6.980293e-01 -3.997391e+00 3.289901e+00 4.204872e+00 1.093073e+01 -3.358188e+00 1.650657e+00 -1.329825e+00 -3.060739e-01 1.680647e+00 2.263228e+00 -1.512926e-01 -4.540422e-02 -7.334476e-01 -5.442329e-01 7.923533e-01 9.344383e-02 1.425011e+00 1.410540e+00 -6.065295e-01 1.200326e+00 1.654250e+00 6.897424e-01 9.161927e-01 -1.479777e-06 2.888919e-01 -5.774271e-02 -2.665691e-01 1.082649e-01 1.558066e-01 -5.209476e-01 3.147709e-01 6.120314e-01 1.076752e-01 3.317855e-01 4.490089e-01 -4.329262e-01 -6.966301e-07 
-6.282532e+00 -4.732354e-02 -3.996290e+00 5.382413e+00 1.513312e+00 1.028717e+01 2.894591e-01 2.147654e+00 -5.767373e+00 3.029095e+00 8.327226e+00 5.723205e+00 -1.512926e-01 2.107070e-01 -8.604627e-01 -1.218703e+00 5.443274e-01 -2.960957e-01 2.215370e-01 1.801327e+00 6.643468e-01 9.877681e-01 2.181308e+00 1.200634e+00 -2.541702e-01 -1.479777e-06 1.897951e-01 1.623102e-01 -7.879399e-02 -5.459632e-02 2.422621e-01 -5.365030e-01 -2.346054e-01 6.004421e-01 2.329716e-01 -5.750723e-01 -3.909423e-01 -5.616224e-01 -6.966301e-07 
-4.557123e+00 -1.701349e+00 -6.890184e+00 4.520505e+00 6.341277e+00 9.309714e+00 -1.256809e+00 8.495411e+00 6.345471e+00 8.386964e+00 5.118577e+00 8.684230e+00 -1.512926e-01 3.809771e-01 -3.974558e-01 -1.060595e+00 5.947692e-01 4.065047e-01 -1.077533e+00 1.355672e+00 1.072539e+00 1.195822e+00 4.631765e-02 -1.278240e-01 1.328489e-01 -1.479777e-06 -9.432411e-03 3.309700e-01 3.131545e-01 5.345913e-03 -2.367219e-01 -3.214978e-01 -3.366461e-01 9.812637e-03 -3.110960e-01 -9.379310e-01 -4.584545e-01 -1.210794e-01 -6.966301e-07 
-5.591965e+00 -2.280094e+00 -9.315770e+00 3.848874e+00 1.980374e+00 5.263634e+00 1.594421e+00 7.017618e+00 1.724170e+00 5.866635e+00 4.560467e+00 2.444992e+00 -1.512926e-01 2.168601e-01 2.327157e-01 -3.494761e-02 7.014350e-01 2.430160e-01 -8.627484e-01 2.426258e-01 5.424801e-01 1.117855e+00 -1.617094e+00 -1.692365e+00 -4.660666e-01 -1.479777e-06 -1.059288e-01 3.349614e-01 5.125886e-01 5.586705e-02 -4.136780e-01 2.655455e-01 -4.321990e-01 -5.482333e-01 -2.964201e-01 -3.887308e-01 -1.433813e-01 3.038358e-01 -6.966301e-07 
-4.952311e+00 -1.728278e-01 -6.640615e+00 7.030765e+00 6.003862e+00 8.054907e+00 2.767616e+00 4.578829e+00 9.035863e-01 -1.493606e+00 2.924673e+00 4.566527e+00 -1.512926e-01 -9.563793e-02 3.748596e-01 4.296617e-01 7.404351e-01 -1.359650e+00 3.596808e-01 5.065850e-01 -4.966159e-01 -4.202411e-01 -1.136410e+00 -1.559678e-01 4.167228e-01 -1.479777e-06 -1.148265e-01 1.202613e-01 3.194106e-01 -8.860237e-02 -6.805413e-01 4.522854e-01 -2.973671e-01 -6.052089e-01 -2.886634e-01 4.499987e-01 2.553991e-01 9.385169e-02 -6.966301e-07 
-5.000396e+00 3.516594e-01 -4.295773e+00 7.634477e+00 2.896768e+00 6.600839e+00 -5.096048e-01 6.818616e+00 2.542952e+00 -1.154928e-01 9.626187e-01 5.451637e+00 -1.512926e-01 -8.070904e-02 4.282259e-01 5.991771e-01 7.507696e-01 -1.481514e+00 8.307060e-01 6.490997e-02 -1.292253e+00 3.136310e-01 8.287783e-01 4.978528e-01 1.123044e+00 -1.479777e-06 -1.223951e-03 -8.670356e-02 -4.954110e-03 -1.624698e-01 -2.442187e-01 1.819261e-01 -1.130778e-02 -1.964283e-01 -2.083203e-01 6.271580e-01 2.709601e-01 -6.463889e-02 -6.966301e-07 
-5.330931e+00 -1.142883e+00 -7.252059e+00 6.330026e+00 -9.156289e-01 1.044012e+01 2.327866e+00 6.111956e+00 3.835079e+00 5.696383e+00 6.137817e+00 9.264725e+00 -1.512926e-01 -4.429464e-02 1.060330e-01 2.193782e-01 1.271372e-01 -2.133840e+00 3.373159e-01 -4.232832e-02 -1.036017e+00 1.546951e-01 1.073394e+00 5.418051e-02 -1.925073e-01 -1.479777e-06 7.879288e-02 -1.095690e-01 7.163463e-02 -1.765077e-01 3.748308e-01 -3.241157e-01 -2.536455e-01 1.300137e-01 -8.086438e-02 1.098067e-01 -2.936740e-01 -3.035553e-01 -6.966301e-07 
-5.806126e+00 3.467270e-01 -6.014492e+00 7.953043e+00 -1.967210e+00 8.224548e+00 2.138948e+00 -2.099097e-01 1.826405e+00 6.415508e+00 5.442910e+00 5.711351e+00 -1.512926e-01 1.851867e-01 -6.636851e-02 4.532133e-02 1.957872e-01 -5.911026e-01 5.802823e-02 4.604585e-01 -1.698976e-01 -2.111149e-01 4.138010e-01 -4.425231e-01 -4.846776e-01 -1.479777e-06 9.348664e-02 -5.693825e-02 1.388393e-01 -1.396115e-01 7.232957e-01 -2.425450e-01 -1.429663e-01 4.157414e-01 -1.222038e-01 -3.904003e-01 -4.687959e-01 -2.824557e-01 -6.966301e-07 
-4.771284e+00 3.604283e-01 -4.684439e+00 7.507267e+00 -2.233152e+00 8.929502e+00 1.231931e+00 2.912695e+00 2.035379e+00 6.074447e-01 9.552329e-01 3.474148e+00 -1.512926e-01 1.654160e-01 7.436232e-02 1.064631e+00 1.353801e-01 6.912112e-02 -8.744763e-01 -9.595514e-01 -4.075858e-01 -5.622324e-01 -3.798677e-01 -1.154143e+00 -2.971101e-01 -1.479777e-06 4.439253e-02 9.235243e-02 1.091707e-01 -3.890700e-02 7.772292e-01 -6.711113e-02 -1.092936e-01 1.928143e-01 3.962820e-02 -4.334861e-01 -4.395276e-01 -7.172206e-02 -6.966301e-07 
-4.354277e+00 -7.318425e-01 -5.353136e+00 8.025273e+00 6.002433e-01 7.646152e+00 2.340566e+00 7.568427e+00 2.387573e+00 4.497839e+00 1.341221e+00 5.923648e+00 -1.512926e-01 2.819219e-01 1.594824e-01 8.706128e-01 4.852185e-02 1.033379e+00 2.237189e-01 -1.912444e-01 4.721354e-01 6.117814e-02 -3.965397e-01 -1.241947e+00 -2.367925e-01 -1.479777e-06 -4.596319e-02 1.645999e-01 -4.031005e-02 -2.227123e-01 2.288866e-01 1.343115e-01 -1.832440e-02 -1.055342e-01 3.036189e-01 -2.482362e-01 -4.925520e-01 -3.674162e-01 -6.966301e-07 
-5.229912e+00 -2.320176e-01 -2.259954e+00 6.970393e+00 -1.853630e+00 6.356878e+00 -2.570766e+00 1.845406e-01 7.432526e-01 4.756183e+00 2.418264e+00 7.673034e+00 -1.512926e-01 1.292033e-01 4.549091e-01 3.526669e-01 6.199988e-03 9.400998e-01 -8.120650e-02 -2.629707e-01 -3.928849e-01 2.167895e-01 -6.890693e-01 -1.743652e+00 -6.750480e-01 -1.479777e-06 -4.386408e-02 9.550843e-02 -4.465242e-01 -2.671905e-01 2.383115e-02 1.811293e-01 1.823720e-01 4.652219e-02 3.289162e-01 2.420180e-01 -1.306496e-01 -2.579457e-01 -6.966301e-07 
-4.167189e+00 1.440094e+00 -2.873599e+00 8.464044e+00 3.009793e+00 1.062969e+01 3.083537e+00 3.514778e+00 2.778048e+00 2.358673e+00 -1.498459e+00 2.428109e+00 -1.512926e-01 -2.644049e-02 5.663798e-01 1.996278e-01 -8.531553e-01 1.177665e-01 3.328157e-01 2.050052e-02 -7.050396e-01 9.175231e-01 -6.726776e-01 -2.610412e+00 -2.132760e+00 -1.479777e-06 -6.695429e-02 -1.307946e-01 -6.451999e-01 -2.162189e-01 -3.093705e-01 -2.047190e-01 -1.045688e-01 -1.667573e-01 -2.409977e-02 7.368954e-01 7.294478e-01 1.962765e-01 -6.966301e-07 
-4.219315e+00 1.549157e+00 -4.160712e+00 7.318606e+00 1.262329e+00 7.031673e+00 -4.545699e-01 2.974629e+00 2.923970e+00 -1.768042e+00 -6.343223e+00 1.846896e+00 -1.512926e-01 1.002534e-01 3.484258e-01 -8.325675e-01 -7.496882e-01 6.462213e-01 -2.338522e-02 -1.535471e-01 4.136064e-01 6.542386e-01 9.684584e-01 -1.123092e+00 -6.388350e-01 -1.479777e-06 -1.015739e-01 -3.661633e-01 -5.415018e-01 -8.680073e-02 -7.519089e-02 -2.049466e-01 -1.035111e-01 6.150940e-02 -2.991525e-01 7.408122e-01 1.453545e+00 7.388697e-01 -6.966301e-07 
-4.991910e+00 1.209911e+00 -3.404299e+00 3.585289e+00 -3.687847e-01 8.973125e+00 1.385394e+00 2.647698e+00 5.884737e+00 4.396620e+00 -7.330030e+00 -1.827175e+00 -1.512926e-01 -3.834326e-02 -4.413459e-01 -1.762842e+00 -6.547101e-01 -3.665563e-01 -8.286557e-01 -7.688795e-01 -7.650799e-01 -2.781425e-01 2.459267e+00 2.094957e+00 7.264950e-01 -1.479777e-06 -1.481303e-01 -4.216098e-01 -2.658108e-01 2.016502e-01 -2.098765e-02 -1.322159e-01 -7.844163e-02 2.283710e-01 -4.601031e-01 1.128888e-01 1.321058e+00 1.019835e+00 -6.966301e-07 
-4.315889e+00 1.625336e+00 -6.157260e+00 5.661630e+00 3.066860e+00 7.067756e+00 -2.489273e+00 2.686280e+00 2.461434e+00 8.579239e+00 -2.810860e-01 6.606160e+00 -1.512926e-01 -3.727303e-01 -8.720171e-01 -1.373538e+00 -5.270063e-01 8.063250e-01 -5.252303e-01 -3.858187e-01 -5.531264e-02 -6.811663e-01 1.449143e+00 3.171400e+00 1.589664e+00 -1.479777e-06 -2.058715e-01 -2.715765e-01 2.919694e-01 1.670436e-01 -3.269528e-01 2.252154e-01 1.628030e-01 2.744248e-01 -1.426091e-01 -6.787095e-01 1.119357e-01 3.354290e-01 -6.966301e-07 
-4.310636e+00 -8.047336e-01 -1.068950e+01 6.019546e+00 2.750178e-01 6.468357e+00 2.566499e-01 -1.662511e-01 1.618332e+00 9.481746e+00 5.944823e+00 3.680698e+00 -1.512926e-01 -5.304924e-01 -9.314516e-01 -8.587605e-01 4.384676e-02 -6.728666e-02 -7.725174e-02 -2.556342e-01 6.712164e-01 -7.153772e-01 -3.484853e-01 1.847593e+00 1.852124e+00 -1.479777e-06 -1.179282e-01 6.329877e-02 6.577091e-01 1.412950e-01 -3.310518e-01 4.765669e-01 2.452042e-01 5.075457e-01 2.047656e-01 -8.482919e-01 -1.055674e+00 -1.118225e-01 -6.966301e-07 
-6.423555e+00 -1.803287e+00 -7.386018e+00 3.466703e+00 4.972227e+00 5.657848e+00 -1.819329e+00 4.105184e+00 1.650759e+00 2.935498e+00 2.876184e+00 7.041172e+00 -1.512926e-01 -6.830092e-01 -7.644532e-01 1.752303e-01 -2.637249e-01 -1.138238e+00 7.270641e-01 4.038735e-01 1.067730e+00 1.597356e-01 -1.021247e+00 -4.396157e-01 4.754708e-01 -1.479777e-06 -1.422590e-02 2.139509e-01 5.860019e-01 7.703637e-02 -4.693914e-01 3.911643e-01 1.214085e-01 3.072511e-01 3.052936e-01 -4.191028e-01 -1.232406e+00 -2.857912e-01 -6.966301e-07 
-6.590843e+00 -1.733136e+00 -7.083600e+00 4.902138e+00 -1.657498e+00 9.291404e+00 -2.275511e-01 5.294627e+00 2.713194e+00 5.476156e+00 3.290454e-01 7.215751e+00 -1.512926e-01 -4.727943e-01 -1.785874e-01 7.513712e-01 -7.992009e-02 -1.049473e+00 9.279385e-01 6.225633e-02 1.211030e+00 3.251061e-01 -5.471476e-01 -1.377898e+00 7.244770e-01 -1.479777e-06 3.258112e-02 2.091550e-01 3.796484e-01 -6.364781e-03 -1.875885e-01 2.211559e-01 2.941680e-02 1.223077e-01 2.246421e-01 7.710512e-03 -7.389423e-01 -2.006057e-01 -6.966301e-07 
