-6.670469e+00 -2.250346e+00 -3.687461e+00 7.493880e+00 -9.254482e-01 3.507189e+00 -7.698068e+00 2.045867e+00 -2.647038e+00 2.316967e+00 2.135165e+00 4.209734e+00 -1.512926e-01 2.527244e+00 9.980590e-01 9.802033e-01 -1.849429e+00 -1.043989e+00 -7.524786e-01 3.821815e+00 2.213732e+00 -8.615739e-01 6.710347e-02 1.462066e+00 -5.141090e-01 3.314516e-02 -1.803995e-01 3.923595e-02 -1.596504e-01 1.336796e-01 -5.424513e-02 -1.887397e-01 -3.456680e-01 -3.191656e-01 4.883035e-02 -1.123308e-01 -1.517742e-01 8.521585e-02 -5.832771e-03 
-1.926226e+00 6.087542e-01 -2.700119e+00 4.043570e+00 -9.818528e-01 4.883859e+00 -3.471568e-01 1.154432e+01 -2.717074e+00 5.037739e+00 2.617687e+00 2.660428e+00 -5.818288e-02 3.051792e+00 1.355597e+00 1.389634e+00 -1.859660e+00 -1.987868e+00 -1.410128e+00 4.451155e+00 2.211349e+00 -1.232673e+00 1.127167e-01 2.015204e+00 -5.779211e-01 3.582352e-02 -7.760382e-01 -1.768906e-01 -5.771412e-01 4.544759e-01 5.624209e-01 -3.747600e-02 -1.323619e+00 -8.489451e-01 2.247332e-01 -2.596755e-01 -7.310829e-01 2.250853e-01 -1.578650e-02 
3.594102e+00 1.310589e+00 7.199934e-01 -2.749258e-02 -6.117273e+00 -9.425298e-01 7.735595e+00 8.365341e+00 -6.919760e+00 1.291559e+00 9.204144e+00 2.414187e+00 -3.212974e-02 1.363071e+00 1.015500e+00 -2.280828e-02 -1.175874e+00 -8.432612e-01 -1.367233e+00 1.778913e+00 6.192710e-01 -4.317931e-01 -5.174138e-01 4.265579e-01 -5.616376e-02 2.643196e-03 -1.350209e+00 -6.596239e-01 -9.695330e-01 7.100689e-01 1.107118e+00 4.511562e-01 -1.987530e+00 -9.257158e-01 4.192541e-01 -5.268611e-02 -1.237515e+00 8.888867e-02 -2.042272e-02 
3.456290e+00 2.747096e+00 1.057015e+00 1.956689e+00 -8.269324e+00 -1.318144e+00 6.840598e+00 9.942839e+00 -6.674375e+00 3.393034e+00 8.676678e+00 2.218051e+00 -3.176082e-02 -7.707604e-01 1.048694e-01 -1.403980e+00 8.625949e-02 1.667852e+00 -6.322803e-01 -1.774705e+00 -1.233644e+00 4.750099e-02 -9.391391e-01 -1.675767e+00 3.823564e-01 -3.053713e-02 -1.310942e+00 -9.319796e-01 -8.778403e-01 6.381419e-01 1.108980e+00 8.147031e-01 -1.758154e+00 -7.617031e-01 4.477769e-01 1.704225e-01 -1.051557e+00 -4.972770e-02 -1.578840e-02 
-2.546028e+00 1.758071e+00 -5.679732e+00 2.657881e+00 -1.498172e+00 -2.271156e-01 -2.397845e+00 5.942755e+00 -2.827575e+00 5.519485e-01 1.238473e+00 4.150070e+00 -1.512926e-01 -2.312563e+00 -1.674643e+00 -2.470660e+00 7.279745e-01 2.663721e+00 1.114494e+00 -3.002942e+00 -6.924263e-01 5.946464e-01 3.295759e-01 -2.880149e+00 -5.498626e-01 -3.578538e-02 -4.323860e-01 -6.304707e-01 -1.081298e-01 3.911305e-01 1.519980e-01 6.259329e-01 -4.187810e-01 -2.328756e-01 1.399096e-01 5.490978e-01 -2.050478e-01 -3.768243e-01 1.347221e-04 
-2.710125e+00 9.093021e-01 -6.519832e+00 3.131919e+00 5.047797e+00 1.364441e+00 -4.154734e+00 6.587588e+00 -4.526081e+00 7.123664e-01 -1.778381e+00 3.704397e+00 -1.512926e-01 -1.665117e+00 -1.959256e+00 -1.775567e+00 3.790870e-01 1.803591e+00 1.422789e+00 -1.948552e+00 -9.412294e-01 4.931194e-01 5.413233e-01 -1.589293e+00 -5.797040e-01 -2.390481e-02 3.130273e-01 -1.094754e-02 5.928286e-01 8.302988e-02 -8.002032e-01 1.237831e-01 6.446537e-01 1.048931e-01 1.354413e-01 6.267729e-01 8.182630e-01 -3.173247e-01 9.686127e-03 
-4.885650e+00 -6.143554e+00 -7.844604e+00 3.024160e+00 5.428064e-01 3.287935e+00 -1.781279e+00 6.581452e+00 -5.019966e+00 4.279975e+00 3.123203e-02 -1.078345e+00 -1.512926e-01 -3.515690e-01 -1.104872e+00 -3.775857e-01 6.332884e-01 -1.511642e-01 7.348602e-01 -2.282217e-01 -6.912347e-01 4.483362e-02 1.487797e+00 -6.419494e-01 -1.459278e+00 -1.504148e-06 6.044896e-01 6.287529e-01 8.382825e-01 -1.286815e-01 -8.446426e-01 -4.125414e-01 1.072653e+00 4.537490e-01 3.051630e-01 8.261429e-02 1.062905e+00 3.551030e-01 9.547591e-03 
-3.699678e+00 -3.098559e+00 -6.738242e+00 3.668690e+00 -2.720229e-01 4.038291e+00 -3.210081e+00 4.917493e+00 -3.112908e+00 4.236072e+00 1.333979e+00 1.933572e+00 -1.512926e-01 -1.862163e-01 -2.347912e-01 5.137715e-01 5.486242e-01 -9.256697e-01 1.763053e-01 6.107853e-02 -7.097043e-01 9.995874e-01 1.615592e+00 1.296571e+00 -7.494629e-01 -1.504148e-06 3.468756e-01 4.651836e-01 3.825342e-01 -1.151454e-01 -3.496691e-01 -3.341013e-01 8.989444e-01 8.016530e-01 1.288878e-01 -3.715003e-01 3.877874e-01 3.091712e-01 4.781377e-03 
-3.809076e+00 -1.762791e+00 -7.458502e+00 5.556243e+00 4.056998e-01 2.110428e+00 -4.010494e+00 3.322145e+00 -3.310046e+00 6.229053e+00 -3.527134e+00 -2.261093e+00 -1.512926e-01 -2.968983e-02 6.068389e-01 5.761251e-01 -2.838234e-04 -1.949814e-01 -3.246737e-01 1.355526e+00 1.460530e+00 1.867151e+00 2.055159e-01 9.915249e-01 1.310446e+00 -1.504148e-06 9.405534e-02 1.385273e-01 -1.368697e-02 -2.662098e-01 1.219020e-01 -4.109339e-02 3.938056e-01 5.467586e-01 -2.961985e-01 -6.642424e-01 -2.484158e-01 1.654993e-01 -1.853277e-08 
-4.179182e+00 -2.455164e+00 -4.144322e+00 4.609178e+00 4.881373e-01 2.835451e+00 -2.734799e+00 4.668708e+00 -3.830551e-01 7.815501e+00 6.483481e+00 5.484264e-01 -1.512926e-01 -9.169709e-02 -4.893187e-01 -3.397415e-01 1.200834e-01 7.716753e-02 2.818229e-01 1.754125e+00 1.991263e+00 2.263819e-01 -6.749955e-01 -4.671118e-01 -4.186725e-01 -1.504148e-06 7.567220e-02 -8.572205e-02 -2.903316e-01 -2.365720e-01 1.426371e-01 7.161663e-02 -3.145155e-02 -7.939127e-03 -8.625581e-01 -4.985067e-01 -6.494661e-01 -1.704553e-01 -1.853277e-08 
-4.794367e+00 -3.430831e+00 -6.260931e+00 2.552651e+00 -8.122052e-01 2.265915e+00 4.758579e+00 1.400819e+01 2.950665e+00 3.517991e+00 2.413879e+00 6.166476e+00 -1.512926e-01 7.153284e-02 -2.850427e-01 -1.923985e-02 -4.835275e-01 -4.302822e-02 4.765716e-01 8.945426e-01 6.921961e-01 -1.049457e+00 -6.880700e-01 -1.002260e+00 -7.971342e-01 -1.504148e-06 1.431604e-01 -5.389838e-02 -2.191427e-01 -7.520304e-03 -8.112016e-02 -1.188671e-01 -6.329851e-01 -8.007884e-01 -7.688723e-01 -2.066405e-02 5.012438e-02 -3.038865e-01 -1.853277e-08 
-3.665580e+00 -4.710942e+00 -9.036040e+00 5.770749e+00 7.224333e-01 5.369537e+00 1.176229e+00 9.530615e+00 -5.111791e+00 2.216495e+00 -3.972202e+00 -4.373754e+00 -1.512926e-01 1.415843e-01 -2.174594e-01 -6.401473e-01 -3.927040e-01 -2.883776e-01 1.334101e-01 1.344433e-01 -3.650978e-01 -1.854838e+00 -4.301196e-01 -9.538541e-01 -5.478919e-01 -1.504148e-06 1.461617e-01 1.766564e-01 1.212222e-03 6.524719e-02 -1.559072e-01 -6.312979e-01 -4.635940e-01 -4.842983e-01 1.023013e-01 1.383644e-01 6.730508e-01 3.934299e-01 -1.853277e-08 
-3.708203e+00 -2.059999e+00 -5.109169e+00 2.557711e+00 7.334672e-02 3.225915e+00 -1.493391e+00 4.352428e+00 -6.192941e+00 5.588226e+00 -3.310529e+00 -3.785676e+00 -1.512926e-01 5.694903e-01 2.014481e-01 -3.694159e-01 2.185277e-01 -4.176852e-01 -8.446918e-01 -9.994671e-01 -1.365315e+00 -9.364272e-01 -2.009243e-02 1.485424e+00 -1.443745e-01 -1.504148e-06 1.248190e-01 -7.906115e-03 -7.655601e-02 2.025544e-01 1.113063e-02 -3.688473e-01 5.986672e-02 1.328352e-01 5.153975e-01 1.982177e-03 6.777539e-01 5.664843e-01 -1.853277e-08 
-4.014375e+00 -4.228396e+00 -7.921089e+00 2.643209e+00 -1.396210e+00 3.022385e+00 1.063320e+00 7.670863e+00 -5.085333e+00 4.629940e+00 4.576489e+00 2.785362e+00 -1.512926e-01 3.901720e-01 1.507606e-01 -1.586905e-01 9.534184e-02 -5.149674e-01 -2.213667e+00 3.831517e-01 5.986566e-01 6.813361e-01 -3.171680e-01 1.654298e+00 1.222142e+00 -1.504148e-06 9.768195e-02 -4.807516e-02 1.598817e-01 9.315982e-02 6.467937e-02 1.794717e-01 1.720160e-01 1.492420e-01 3.807521e-01 7.427369e-03 -1.530224e-02 -2.773402e-02 -1.853277e-08 
-1.772785e+00 -2.664434e+00 -8.665481e+00 5.208682e+00 -1.841372e+00 -7.835489e-01 -1.822268e-01 8.110978e+00 -1.744350e+00 2.210585e+00 5.566814e+00 1.865337e+00 -1.512926e-01 5.712779e-01 -5.087216e-01 -6.428706e-01 2.852360e-01 1.259426e-01 -1.936943e-01 1.069553e+00 8.746278e-01 2.595574e-01 -7.345679e-01 1.082373e+00 1.150353e+00 -1.504148e-06 -5.488728e-03 -9.777647e-02 3.295515e-01 -7.754520e-02 -1.559341e-02 5.891879e-01 3.058133e-01 1.680567e-01 -2.175560e-01 3.048935e-01 -6.840939e-01 -5.524713e-01 -1.853277e-08 
-2.682776e+00 -3.654572e+00 -8.051152e+00 4.922337e+00 -8.955104e-01 -3.694123e+00 2.435963e+00 1.064457e+01 -3.929477e+00 2.319500e+00 -1.391800e-01 -1.088564e+00 -1.512926e-01 6.290396e-01 -1.027858e-01 2.959092e-01 3.969939e-02 -2.367886e-01 7.052695e-01 -4.006841e-02 -7.390173e-01 -5.491576e-01 -3.582111e-02 -8.288139e-01 -1.333812e+00 -1.504148e-06 1.731303e-02 1.315543e-01 4.235069e-01 3.764420e-02 1.920650e-03 5.706250e-01 -1.359570e-01 -2.444668e-01 -4.748569e-01 6.035136e-01 -4.708747e-01 -6.904827e-01 -1.853277e-08 
-1.517760e+00 -4.890158e+00 -8.258110e+00 2.844562e+00 4.525591e-01 5.615870e+00 3.168394e+00 7.238557e+00 -5.472866e+00 3.070509e+00 4.459760e+00 3.903170e+00 -1.512926e-01 4.224604e-01 -1.605586e-01 1.051009e+00 -1.415300e-01 -6.348951e-01 6.415001e-01 7.411586e-01 1.439476e-01 -1.409220e+00 1.363540e+00 -6.934365e-01 -1.628755e+00 -1.504148e-06 -1.454257e-01 2.887440e-01 3.277065e-01 6.759167e-02 1.668447e-01 -1.701768e-01 -1.909813e-01 2.017093e-02 6.232359e-03 6.104733e-01 -4.709579e-01 -5.826316e-01 -1.853277e-08 
-9.966993e-01 -3.629527e+00 -6.644988e+00 4.023839e+00 -3.727021e+00 3.349955e+00 -8.117982e-01 4.412672e+00 -5.966750e+00 4.020774e+00 9.859764e-01 -4.902825e+00 -1.512926e-01 5.510557e-01 6.345263e-01 1.111954e+00 4.970531e-01 -1.249007e-01 2.214944e-01 -1.323983e-01 -2.583317e-01 -8.585731e-01 1.651277e+00 1.878086e-01 -8.407704e-01 -1.504148e-06 -2.217511e-01 6.735057e-02 -7.763515e-02 1.938400e-01 4.461135e-01 -3.598990e-01 -1.113331e-01 2.854806e-01 4.983434e-01 1.667082e-01 -1.932693e-01 2.461284e-01 -1.853277e-08 
-5.033435e-01 -3.479810e+00 -4.113237e+00 4.950668e+00 -3.599459e+00 -1.098017e+00 5.147553e+00 1.194706e+01 -7.771607e+00 8.178130e+00 1.536850e+00 -4.371446e+00 -1.512926e-01 -1.167234e-01 5.665069e-01 5.876756e-01 3.945374e-01 9.042000e-01 -8.027142e-01 1.608946e-01 7.352123e-01 4.452734e-01 1.474329e+00 -1.780630e+00 -2.009376e+00 -1.504148e-06 -2.434274e-01 -1.610900e-01 -4.401591e-01 8.440118e-02 3.298060e-01 -3.852314e-02 -4.039600e-01 -1.491054e-01 6.771507e-01 -3.351149e-01 -1.731669e-01 4.349975e-01 -1.853277e-08 
-4.347923e-01 -1.187297e+00 -4.563962e+00 6.354064e+00 5.059265e-01 7.695726e-01 7.848895e-01 6.998697e+00 -7.072803e+00 8.021934e+00 2.261258e+00 -1.155151e+00 -1.512926e-01 -2.099019e-01 -1.296011e-01 1.394615e-01 7.409195e-01 1.224320e+00 -3.721566e-01 -3.065773e-01 3.927507e-01 1.015258e+00 7.424539e-01 -1.251645e+00 8.703799e-02 -1.504148e-06 -2.116217e-01 -3.333013e-01 -5.100600e-01 -1.557537e-01 -2.550026e-01 9.532000e-02 -1.447095e-01 -2.001739e-01 2.309144e-01 -6.713104e-01 -3.328208e-02 5.106575e-01 -1.853277e-08 
-2.382287e+00 -3.278888e+00 -6.360320e+00 3.651489e+00 2.857130e+00 2.892230e+00 3.174305e+00 9.620980e+00 -2.693210e+00 8.441131e+00 -5.081441e+00 -8.017591e+00 -1.512926e-01 -4.141349e-01 -5.839353e-01 -6.634361e-01 1.585007e-01 3.394006e-01 7.456414e-01 -1.191613e+00 -9.271687e-01 1.039598e+00 1.424046e-01 -8.396481e-01 8.234593e-02 -1.504148e-06 -1.128296e-02 -2.133289e-02 -2.456340e-01 -2.401551e-01 -5.913430e-01 4.629495e-02 -8.828476e-02 -4.169909e-01 -3.075927e-01 -8.606300e-01 6.988552e-01 9.027413e-01 -1.853277e-08 
-1.106808e+00 -4.378114e+00 -4.824091e+00 8.377707e+00 -8.338993e-01 -5.057690e-01 -1.358018e+00 7.539219e+00 -3.429886e+00 7.601470e+00 -1.963463e+00 -2.644134e+00 -1.512926e-01 -3.584959e-01 -4.568351e-01 -8.128408e-01 -1.638705e-01 -1.117688e+00 -7.624867e-02 -1.796445e-01 -4.280135e-01 -1.178615e-03 -1.039410e+00 -4.491211e-01 6.666015e-01 -1.504148e-06 -7.268514e-02 2.351852e-01 -1.073639e-01 -5.664808e-01 -3.231967e-01 -1.139170e-01 1.992073e-01 -2.199416e-02 -3.770006e-01 -6.130360e-01 6.354263e-01 5.289783e-01 -1.853277e-08 
-2.237725e+00 -4.804446e+00 -7.300217e+00 4.731608e+00 -1.232636e+00 3.267844e+00 2.605422e-01 7.040533e+00 -4.394828e+00 9.100533e+00 -5.489804e-01 -3.215070e+00 -1.512926e-01 -9.884748e-02 6.234077e-01 -1.644188e-01 -3.539735e-01 -8.815845e-01 -7.189882e-01 -3.440083e-01 -9.393228e-01 -5.843336e-01 -1.937911e+00 1.312375e+00 2.214513e+00 -1.504148e-06 -8.727493e-02 2.865185e-01 1.805247e-01 -2.959361e-01 4.090722e-01 -3.061142e-01 -1.989818e-02 2.489152e-01 -2.460043e-01 -1.694512e-01 4.053094e-01 4.012076e-01 -1.853277e-08 
-2.299528e+00 -2.708403e+00 -8.158312e+00 4.994682e+00 -3.037149e+00 2.009100e-01 1.342932e+00 6.148589e+00 -6.227700e+00 2.495116e+00 -2.250604e+00 -2.229304e-01 -1.512926e-01 -7.309864e-01 4.426769e-01 -6.468146e-01 -1.835336e+00 2.188029e-01 -2.092925e-01 2.658678e-01 2.888444e-01 -5.769363e-02 -1.282516e+00 8.494880e-01 1.665917e+00 -1.504148e-06 -7.418580e-02 2.142291e-01 4.087818e-01 1.182856e-01 7.407825e-01 4.477185e-02 -6.069608e-01 1.128445e-01 2.219778e-01 5.388204e-01 3.876213e-02 -1.626776e-01 -1.853277e-08 
-2.280348e+00 -9.963939e-01 -5.515721e+00 3.573073e+00 -4.486126e-01 -1.055214e+00 1.038883e-01 5.619781e+00 -4.216366e+00 1.304646e+00 1.623929e+00 1.844570e+00 -1.512926e-01 -6.641750e-01 3.989657e-01 1.562707e-01 -4.855110e-01 1.716627e+00 -7.183001e-01 -1.513853e+00 -4.110566e-02 -1.620547e-01 -5.832776e-01 5.374839e-01 1.588686e+00 -1.504148e-06 -5.075877e-02 1.164060e-02 3.454254e-01 4.814153e-01 2.456580e-01 1.862305e-01 -7.052811e-01 -7.451853e-02 5.626128e-01 9.105359e-01 -3.251215e-01 -6.932914e-01 -1.853277e-08 
-4.740378e+00 -4.068661e+00 -8.950558e+00 -2.197386e-01 -1.314453e-01 6.097181e-01 4.950278e-02 9.693496e+00 -3.807562e+00 5.086709e+00 1.197899e+00 3.155217e+00 -1.512926e-01 -4.466468e-01 7.266358e-01 1.070729e+00 4.933993e-01 1.287299e+00 1.471733e-01 -2.629630e+00 -3.127872e-01 8.977270e-01 9.774011e-01 1.320475e-01 1.660523e-01 -1.504148e-06 1.034345e-01 8.982743e-02 3.153137e-01 6.933921e-01 -1.642616e-01 8.732368e-02 -3.135754e-01 -3.661464e-01 6.396168e-01 6.995798e-01 -1.591826e-01 -7.063839e-01 -1.853277e-08 
-4.338306e+00 -2.129570e+00 -6.122686e+00 4.911207e+00 5.897770e+00 -5.284806e-01 -6.661788e+00 5.062525e+00 -6.415500e+00 4.888297e+00 4.145031e-01 3.039184e+00 -1.512926e-01 -4.948002e-01 5.395826e-01 7.038375e-01 8.888469e-01 -1.876115e-01 3.385661e-02 -2.422511e+00 -1.011056e+00 1.750787e+00 1.484848e+00 4.547353e-02 -5.020974e-01 -1.504148e-06 2.894318e-02 -1.803183e-02 -4.766271e-02 1.658389e-01 -3.608418e-01 2.808536e-01 7.683564e-01 6.474386e-02 6.028277e-01 3.726880e-01 2.706691e-02 -4.144166e-01 -1.853277e-08 
-3.503970e+00 1.491474e+00 -2.500933e+00 6.792688e+00 2.260730e-01 6.726117e-01 -8.422814e+00 4.863385e+00 -6.393354e-01 5.590336e+00 -9.859343e-01 9.795192e-03 -1.512926e-01 -2.986114e-01 8.215794e-01 6.559454e-01 9.444894e-01 3.495844e-01 -1.487346e-01 -8.477467e-01 -1.056932e+00 2.183902e+00 1.181284e+00 2.997286e-01 -8.205945e-01 -1.504148e-06 -4.963327e-02 -2.982879e-01 -3.066581e-01 -1.456237e-01 3.644549e-02 1.793765e-01 1.269644e+00 4.834830e-01 8.197039e-02 -4.042436e-01 9.253551e-03 8.824053e-02 -1.853277e-08 
-5.372257e+00 -1.078210e+00 -5.220827e+00 4.511032e+00 -1.564989e+00 -9.180712e-01 -7.773144e+00 2.979648e+00 2.953778e+00 8.477014e+00 2.942906e+00 9.070745e-01 -1.512926e-01 -5.935649e-01 2.614010e-01 1.252817e-01 1.180999e-01 3.812078e-01 8.341844e-01 1.437043e+00 6.548995e-01 2.208909e+00 1.178138e+00 5.890704e-01 9.994322e-03 -1.504148e-06 -3.266743e-02 -2.951352e-01 -2.230068e-01 -2.872217e-01 1.796280e-01 2.512482e-01 9.608541e-01 6.801974e-01 -4.537068e-01 -8.281391e-01 -1.373737e-01 3.088687e-01 -1.853277e-08 
-5.716434e+00 -4.860191e-01 -6.121459e+00 4.702772e+00 5.347609e+00 6.027299e-02 -3.633934e+00 5.450206e+00 2.427210e+00 9.198895e+00 1.431982e+00 1.182467e-01 -1.512926e-01 -6.455169e-01 -6.255754e-01 -1.733398e-01 1.506711e-01 1.185059e+00 6.440234e-01 1.788728e+00 1.271664e+00 1.078442e+00 -8.904785e-01 -9.348211e-02 3.512949e-01 -1.504148e-06 -4.354724e-02 -2.543727e-01 -2.026629e-02 -3.292013e-01 -3.973798e-01 4.980640e-03 1.038629e-01 3.803381e-01 -6.103959e-01 -7.640589e-01 -1.765797e-01 4.329234e-01 -1.853277e-08 
-6.200200e+00 1.657244e-01 -3.685825e+00 6.546816e+00 5.242610e+00 3.948318e+00 -1.871133e+00 8.043483e+00 3.095925e+00 8.974731e+00 2.150771e+00 3.034899e+00 -1.512926e-01 -4.847449e-01 -2.125542e-01 3.485441e-03 -1.504036e-01 2.927695e-01 8.935953e-01 1.063232e+00 1.225550e+00 3.483096e-02 -1.619896e+00 -4.447477e-01 4.564910e-01 -1.504148e-06 4.449173e-02 2.473355e-02 1.071427e-01 -3.303956e-01 -5.792140e-01 -2.428100e-01 -4.100285e-01 -2.422830e-01 -8.181728e-01 -3.363049e-01 -7.406967e-02 1.563821e-01 -1.853277e-08 
-6.317412e+00 -2.258695e+00 -4.135324e+00 6.528097e+00 2.747358e+00 1.459655e+00 -2.430358e+00 8.689989e+00 4.681854e+00 8.888261e-01 -1.057407e+00 7.023682e-01 -1.512926e-01 -5.708848e-01 -2.133172e-01 6.155657e-01 -5.672522e-01 -1.593111e+00 -1.537811e-01 -1.417144e-01 5.593343e-01 2.190466e-01 -1.239852e+00 -6.624760e-02 1.120699e+00 -1.504148e-06 9.780701e-02 2.751317e-01 1.279598e-01 -4.136912e-01 -4.236509e-01 1.148348e-01 -4.338937e-01 -6.565424e-01 -7.956078e-01 4.369124e-01 3.437118e-01 1.593635e-01 -1.853277e-08 
-7.495570e+00 -1.255199e+00 -6.196717e+00 2.846080e+00 1.198401e+00 2.850301e+00 -3.058156e+00 7.487342e+00 2.001286e+00 4.532423e+00 1.963817e+00 2.897439e+00 -1.512926e-01 -4.084369e-01 1.789930e-01 2.665166e-01 -1.174830e+00 -1.125862e+00 1.917591e-02 3.522087e-01 -2.005398e-01 -1.452231e+00 -3.286695e-01 2.050042e-01 4.071305e-01 -1.504148e-06 1.308633e-01 1.187951e-01 5.856203e-04 -2.604592e-01 2.594981e-01 4.539168e-01 -1.420838e-01 -8.105317e-01 -6.232051e-01 4.494255e-01 4.076401e-01 2.129866e-01 -1.853277e-08 
-7.923216e+00 -8.422239e-01 -1.788444e+00 3.716752e+00 -5.956984e-01 -1.598545e-01 -3.748616e+00 8.524876e+00 4.069168e+00 5.220953e+00 1.194154e+00 5.790687e+00 -1.512926e-01 -1.945956e-01 5.542983e-01 3.350680e-01 -1.405438e+00 -2.239248e-01 1.655386e+00 -2.526237e-02 -1.297871e+00 -2.156251e+00 6.484750e-01 1.300150e+00 1.172687e+00 -1.504148e-06 2.028952e-01 7.209817e-02 -2.569477e-01 9.404454e-02 7.105355e-01 5.344512e-01 -6.576154e-02 -5.873312e-01 -2.284290e-01 4.424552e-02 1.183399e-02 -9.924589e-02 -1.853277e-08 
-7.439450e+00 3.527320e-01 -3.527131e+00 2.078107e+00 1.284744e+00 4.854159e+00 5.490219e-01 7.123647e+00 -3.858922e+00 5.165229e+00 2.050271e+00 2.526265e+00 -1.512926e-01 -1.851735e-02 -2.391890e-03 1.465984e-01 -1.033584e+00 9.055400e-01 2.258901e+00 2.946481e-01 -1.898311e+00 -1.893515e+00 -3.169714e-01 9.101195e-01 1.495501e+00 -1.504148e-06 2.002273e-01 -9.636703e-02 -1.414441e-01 4.467789e-01 3.963393e-01 -2.268174e-01 -2.855089e-01 6.995150e-02 6.017851e-01 -3.786764e-01 -6.059732e-01 -3.496887e-01 -1.853277e-08 
-7.318331e+00 -2.906630e-01 -3.795030e+00 -1.150151e-01 1.584989e+00 8.735216e+00 -4.360453e+00 2.382787e+00 -3.169456e+00 3.814342e+00 5.400147e+00 6.750927e+00 -1.512926e-01 2.487284e-01 2.378559e-01 -6.091583e-01 -1.677331e-01 9.438633e-01 1.398474e+00 -4.416617e-01 -1.528324e+00 -7.025317e-01 -1.024566e+00 -3.596646e-01 8.018757e-02 -1.504148e-06 3.229483e-01 -1.059735e-01 -4.407715e-02 7.985401e-01 1.139502e-01 -8.233999e-01 -1.175183e-01 6.693901e-01 8.621392e-01 -3.217723e-01 -8.878654e-01 -8.361855e-01 -1.853277e-08 
-7.890894e+00 -1.542389e+00 -4.460484e+00 -4.059137e-01 4.636044e+00 9.696963e+00 -1.279395e+00 1.066904e+00 -3.846990e+00 3.650969e+00 4.411695e+00 9.894371e+00 -1.512926e-01 3.710670e-01 -1.446438e-01 3.137557e-02 4.401579e-01 2.719999e-01 -9.864523e-01 -8.672109e-01 2.644169e-01 8.300423e-01 -1.385637e+00 -1.994928e+00 -7.951636e-01 -1.504148e-06 4.248685e-01 -8.357080e-02 -9.274322e-02 7.474037e-01 -1.016539e-01 -5.305823e-01 1.838028e-01 1.046580e+00 8.774059e-01 2.434097e-01 -4.769096e-01 -9.134442e-01 -1.853277e-08 
-6.454159e+00 1.295005e+00 -4.367640e+00 4.120469e+00 2.447546e+00 4.411284e+00 -5.043228e+00 3.911755e+00 5.507600e-01 8.550538e-01 -1.784936e+00 2.507475e+00 -1.512926e-01 1.225315e+00 9.549490e-02 1.722348e-01 1.850323e+00 6.626025e-01 -8.391865e-01 -3.191677e-02 9.676906e-01 7.926990e-01 -4.259908e-01 -1.686701e+00 -1.862889e+00 -1.504148e-06 4.831026e-01 -1.194003e-01 1.260452e-01 3.226097e-01 -9.511127e-02 8.026857e-03 4.536731e-01 7.693433e-01 3.746454e-01 7.041234e-01 -2.620668e-02 -3.909538e-01 -1.853277e-08 
-6.016213e+00 -1.163921e+00 -3.084177e+00 2.161077e+00 2.213250e+00 2.084223e+00 -3.445358e+00 7.681461e+00 -1.569000e+00 -2.830688e-01 -4.332065e+00 6.723710e-01 -1.512926e-01 1.617357e+00 -3.490289e-01 -7.078537e-01 1.694462e+00 5.378509e-01 7.245378e-01 1.008666e+00 2.086470e+00 1.745952e+00 6.008957e-01 -8.109226e-01 -2.100308e+00 -1.504148e-06 3.673430e-01 3.593490e-02 2.706858e-01 -1.025825e-01 2.391388e-02 3.607216e-01 4.170291e-01 -1.432269e-02 -1.170933e-01 5.289397e-01 2.215155e-01 2.282120e-02 1.437531e-03 
-2.129038e+00 -2.359716e-03 -3.622020e+00 7.853077e+00 6.109071e+00 8.345625e+00 -3.436490e+00 3.913428e+00 -3.446649e-01 3.651391e+00 1.338349e+00 2.047628e+00 -1.512926e-01 2.041018e+00 -2.569193e-01 3.905666e-01 8.181716e-01 3.353807e-01 5.832361e-01 8.887200e-01 1.407386e+00 7.125111e-01 1.502838e+00 -1.082671e+00 -1.221954e+00 -1.504148e-06 -9.240220e-02 1.030534e-02 4.700495e-01 -6.730443e-01 -2.241013e-01 -2.305300e-01 4.189481e-02 -5.932108e-01 -3.268810e-01 2.462841e-02 8.354524e-02 2.699369e-01 3.708196e-03 
-1.966362e+00 -2.638832e+00 -8.372632e+00 6.200267e+00 5.494695e+00 1.135229e+01 2.960901e+00 1.149802e+01 5.330337e+00 5.257258e+00 -1.204723e+00 -3.772018e-01 -1.512926e-01 1.799915e+00 2.112586e-01 1.275632e+00 4.432898e-01 5.551366e-01 1.061132e-01 7.576283e-01 -2.716411e-02 2.843973e-01 2.945796e-01 -1.189522e+00 -1.001521e+00 7.184450e-03 -3.329670e-01 2.380041e-01 6.765148e-01 -4.277139e-01 -2.730702e-01 -7.902723e-01 -5.119081e-01 -9.140126e-01 -6.121832e-01 -2.376784e-01 2.238879e-01 4.472690e-01 7.714359e-03 
1.725815e+00 7.478967e-01 2.295945e-01 6.191667e+00 2.483992e+00 2.693941e+00 -3.802410e+00 9.040296e+00 6.638554e-01 5.599202e+00 -8.761842e+00 -3.077281e+00 -1.512926e-01 6.720536e-01 -1.329803e-01 1.530681e+00 -8.893102e-01 -4.665943e-01 -1.682639e+00 3.031325e-01 -9.417060e-01 -1.110412e-01 -1.496575e-01 -1.079789e+00 -1.062517e+00 1.494648e-02 -4.776978e-01 2.672315e-01 1.431375e-01 -4.025462e-02 -3.778795e-02 -3.911227e-01 -6.860839e-01 -5.316150e-01 -3.367113e-01 -1.768797e-01 8.270864e-01 6.126754e-01 1.060464e-02 
1.055931e+00 -4.826797e-01 1.368269e+00 5.208176e+00 6.801112e+00 5.440292e+00 5.259672e-01 4.982200e+00 -6.517863e-01 2.159152e-01 -5.229381e+00 -1.772896e+00 -1.153663e-01 6.369720e-01 7.790673e-01 2.104542e+00 4.097791e-01 -4.263950e-01 -2.093699e+00 -1.257991e+00 -1.309072e+00 -9.032517e-01 2.387427e-01 3.070839e-01 5.635190e-02 3.109523e-02 -3.297990e-01 2.699761e-01 -3.201300e-01 5.184381e-02 1.661905e-01 3.238814e-01 -6.020010e-01 4.346533e-02 -1.228276e-01 2.849158e-01 7.623257e-01 7.109339e-01 9.570364e-03 
-2.799304e-01 -1.745537e+00 -8.395487e-01 3.902421e+00 3.122665e+00 2.888736e+00 -7.036183e-01 2.463112e+00 2.091036e+00 5.423586e+00 -2.048357e+00 -2.567328e+00 -9.451323e-02 2.339807e-01 7.953091e-01 6.919115e-01 6.337060e-01 6.371430e-01 -2.726031e-01 -1.533982e+00 -6.096111e-01 -3.771119e-01 6.464106e-01 2.304447e+00 1.312511e+00 4.106804e-02 -1.192057e-01 3.026529e-01 -4.125886e-01 1.206301e-01 6.850697e-01 1.195385e+00 -7.416398e-02 3.968009e-01 1.714858e-01 2.741697e-01 2.640928e-01 5.099229e-01 6.182870e-03 
2.221657e+00 2.503319e+00 2.684452e+00 9.394081e+00 3.043699e+00 7.861695e-01 -4.878298e+00 8.240949e+00 1.004536e-01 6.538913e+00 -3.025885e+00 -3.508306e-01 -2.418906e-02 3.699498e-01 1.096927e+00 9.448050e-02 -5.905811e-02 8.341193e-01 1.020216e+00 -1.333685e+00 2.419323e-02 -1.965639e-01 1.321171e+00 9.298993e-01 1.365531e+00 4.198078e-02 -1.715623e-01 -7.498119e-03 -4.630996e-01 -3.546810e-01 6.059544e-01 1.057829e+00 5.532187e-01 3.229980e-01 4.531389e-01 -6.491074e-02 -9.217437e-02 -1.943778e-02 -7.420410e-04 
2.312940e+00 3.231312e+00 3.030880e+00 7.267232e+00 7.548689e+00 3.657435e+00 -8.770409e+00 4.363026e+00 -1.597533e+00 5.669701e+00 1.658573e+00 2.774154e+00 8.452031e-03 2.095130e-01 1.221302e+00 4.727345e-01 -5.175047e-02 2.328459e+00 2.737400e+00 -2.992045e-02 3.755918e-01 3.932596e-01 6.799324e-01 -7.081981e-02 8.325129e-01 4.042463e-02 -1.784403e-01 -1.484792e-01 -1.092437e-01 -1.742884e-01 2.990288e-02 1.090280e-01 8.730369e-01 3.485883e-01 2.874387e-01 -3.727264e-01 -2.335991e-01 -1.703689e-01 -4.269969e-03 
1.609313e+00 2.513337e+00 -9.433872e-02 3.230572e+00 8.759218e+00 1.015731e+01 -2.109366e+00 4.153288e+00 2.099175e-01 6.698908e+00 -2.433188e+00 2.384190e+00 4.304316e-02 -2.086730e-01 5.285731e-01 -1.014077e-01 -1.020848e+00 1.757764e+00 1.690482e+00 7.561311e-01 -1.867174e-01 9.774148e-01 -1.025697e-01 1.033768e+00 1.992721e-01 2.770987e-02 -1.044075e-01 -2.944676e-01 6.979030e-02 2.185234e-01 -3.990909e-01 -6.243487e-01 7.204508e-01 4.638283e-01 -4.686619e-02 -5.483068e-01 1.264555e-01 1.248391e-01 -6.150645e-03 
1.073335e+00 4.356141e+00 2.913905e+00 6.725402e+00 1.190703e+01 1.189038e+01 -2.237053e+00 6.385102e+00 4.002244e+00 8.742970e+00 -2.698482e+00 2.276870e-01 7.398017e-02 -3.688863e-01 3.371597e-01 2.435096e-01 2.431649e-01 3.247949e-01 -6.271490e-02 1.786233e+00 1.238896e+00 4.729474e-01 -5.054207e-01 1.084560e+00 1.043749e+00 2.685324e-02 -3.325102e-02 -3.689824e-01 -4.585253e-02 1.182856e-01 -8.669378e-01 -9.474380e-01 3.694152e-01 3.672350e-01 -3.570421e-01 -4.700186e-01 -1.712107e-01 9.066027e-02 -7.098574e-03 
1.797918e+00 4.583777e+00 2.236181e+00 4.560611e+00 9.653448e+00 5.122331e+00 -4.364000e+00 6.296409e+00 2.187530e+00 4.489785e+00 4.321496e+00 1.918739e+00 8.158706e-02 1.372270e-01 6.671749e-02 5.580013e-01 8.861327e-01 -1.594720e-01 -7.013255e-01 1.360517e+00 1.911546e+00 -4.708034e-01 -8.276621e-01 9.845672e-01 1.884098e+00 1.801014e-02 -3.104171e-02 -3.016631e-01 8.524647e-02 2.551062e-01 -4.871142e-01 -3.230588e-01 3.862720e-02 -1.947422e-01 -4.190028e-01 -8.467210e-02 -8.771275e-01 -3.047507e-01 -7.041642e-03 
3.739702e-01 3.881943e+00 3.083233e+00 7.818169e+00 8.725809e+00 5.862204e+00 1.287956e+00 9.485990e+00 -2.217126e-01 4.247470e+00 3.703830e+00 8.225735e+00 1.234513e-01 -1.296835e-01 -3.926310e-01 -8.610103e-02 -4.137917e-01 -1.047607e+00 -8.036317e-01 1.514899e+00 1.162753e+00 -6.676891e-01 -1.307682e+00 -9.021682e-01 4.433532e-01 9.780521e-03 -1.755223e-01 -1.774469e-01 2.049763e-02 -1.447390e-01 6.709510e-02 1.123598e-01 -5.952324e-01 -1.121590e+00 -2.876342e-01 3.295847e-02 -8.285569e-01 -9.066171e-01 -5.634455e-03 
2.645041e+00 3.084378e+00 2.610831e+00 7.114954e+00 9.552788e+00 9.664643e+00 2.930753e+00 1.216015e+01 -3.235561e-02 4.808510e+00 -7.115897e-01 7.805774e+00 1.083605e-01 -4.835159e-01 -6.148928e-01 4.896376e-01 5.831789e-01 8.560815e-03 4.456045e-01 1.084859e+00 -1.122350e+00 -5.473238e-01 -1.247865e-01 -2.358519e+00 -1.024324e+00 1.034680e-03 -2.871134e-01 -2.077653e-02 -1.166933e-01 -2.911587e-01 7.484557e-02 -3.719042e-02 -9.854794e-01 -1.337063e+00 -3.222637e-01 -1.824797e-02 -1.642186e-01 -7.096678e-01 6.445709e-03 
1.378260e-03 3.142818e+00 2.295896e+00 3.379815e+00 6.719108e+00 5.600147e+00 1.689935e+00 9.266768e+00 1.774058e+00 2.045523e+00 -4.692552e+00 -4.988389e-01 1.095024e-01 -9.362248e-01 -2.092840e-01 3.801430e-01 -3.290232e-01 5.763081e-01 -7.418419e-02 -1.052203e+00 -2.852294e+00 -9.270914e-01 -6.920022e-01 -1.386624e+00 -2.034994e+00 7.165746e-03 7.325447e-02 1.097080e-01 -1.671348e-01 -3.540617e-01 -7.060165e-02 -4.919563e-03 -1.153237e+00 -5.650447e-01 -2.038532e-01 -9.480521e-02 6.901982e-01 3.303871e-01 2.339267e-02 
-4.333715e-01 1.878847e+00 5.077959e+00 9.695603e+00 1.069954e+01 7.480839e+00 8.593740e-01 7.946906e-01 -1.546692e+00 4.966817e+00 -3.272764e+00 1.159249e+00 9.372646e-02 -8.949984e-01 -1.289471e-01 -2.585127e-01 -6.120375e-01 -5.972418e-01 -1.251852e+00 -2.283268e+00 -2.766381e+00 -1.952697e+00 -1.226679e+00 4.056847e-01 -4.251475e-01 5.154584e-02 4.476285e-01 2.076270e-01 -3.372919e-01 -7.357703e-01 -8.506819e-01 4.409475e-03 -5.287713e-01 6.376963e-01 4.443512e-01 -4.396914e-01 8.303744e-01 9.030870e-01 3.346216e-02 
-2.768021e+00 3.437800e+00 3.750732e+00 4.882370e+00 1.103362e+01 6.582859e+00 -2.937562e+00 9.073690e-01 -4.100158e+00 7.081448e-01 -1.948794e+00 1.374174e+00 1.665980e-01 4.423474e-01 -8.719803e-02 -5.476497e-01 -1.586563e+00 -1.097588e+00 2.032284e-02 -2.567245e+00 -8.403021e-01 -9.842733e-01 -1.230611e+00 1.166760e+00 1.795793e+00 1.014884e-01 5.331247e-01 1.922344e-01 -1.208566e-02 -4.689228e-03 -6.919985e-01 6.852389e-01 5.769089e-01 1.249174e+00 1.575879e+00 2.448522e-01 5.241761e-01 7.939828e-01 2.533977e-02 
-4.450927e-01 2.291822e+00 5.907473e-01 3.303423e+00 4.409557e+00 2.914068e+00 -6.172318e+00 2.508295e+00 -6.858025e+00 -6.562514e-01 -5.491032e-02 4.743421e+00 3.375333e-01 1.065325e+00 3.621219e-01 -7.330205e-01 -2.466925e+00 -3.407839e+00 4.206014e-01 -8.013322e-01 1.060158e+00 1.702941e+00 -2.053910e+00 5.166107e-01 1.575548e+00 1.211834e-01 4.261607e-01 2.219439e-01 4.038038e-01 7.217029e-01 -2.827601e-02 6.484939e-01 1.279097e+00 6.533753e-01 1.728696e+00 6.034415e-01 5.066545e-02 -1.243782e-02 6.744605e-03 
2.219171e+00 2.500536e+00 1.801407e+00 -1.356520e+00 4.376582e+00 7.984861e+00 -7.630086e+00 4.208512e+00 -4.914814e-01 -1.296234e+00 -4.672076e-01 6.687966e+00 4.950468e-01 7.492555e-01 5.063360e-01 5.569683e-01 5.750360e-01 -1.478543e+00 2.515813e+00 1.091513e+00 1.480311e+00 5.124684e+00 9.458454e-01 1.178688e+00 9.344245e-01 9.904571e-02 3.801403e-01 -1.919864e-01 6.944218e-02 1.120265e+00 2.228092e-01 -9.976054e-01 1.252314e+00 -3.690582e-01 4.340741e-01 2.576898e-01 -4.496069e-01 -5.519528e-01 -6.873690e-03 
2.399606e+00 4.158001e+00 2.387513e+00 4.809476e-01 -3.010682e+00 8.882841e+00 -8.011576e-01 4.445025e+00 5.164325e+00 -4.300693e+00 -1.430379e+00 6.380082e+00 5.354177e-01 1.082307e+00 6.840147e-01 1.208207e+00 1.915779e+00 -5.481988e-01 7.426594e-01 2.282651e+00 -6.598960e-01 3.636455e+00 7.022474e-01 6.529821e-01 -5.672681e-02 8.648805e-02 5.645970e-01 -9.043472e-01 -4.454503e-01 5.920485e-01 1.870261e-01 -2.887212e+00 8.620670e-01 -1.008422e+00 -1.268952e+00 -1.635733e-01 -9.578702e-01 -5.639219e-01 -6.792087e-03 
-4.443824e-01 5.036826e+00 5.637479e+00 9.169456e+00 7.350839e+00 1.617762e+01 -1.656747e-01 7.340637e+00 1.551203e+01 7.259527e+00 4.632357e+00 5.227992e+00 5.628763e-01 2.334519e+00 -1.208100e+00 -1.171093e+00 1.823494e+00 -1.413420e+00 -5.128705e+00 2.152391e+00 -1.825505e+00 2.195467e-01 -1.320166e+00 -1.149465e+00 -1.478467e-01 8.446806e-02 6.813987e-01 -1.355257e+00 -8.397220e-01 -8.230028e-01 -7.709628e-01 -3.701504e+00 7.542356e-01 -1.037652e+00 -2.340530e+00 -9.041915e-01 -1.376567e+00 -5.411504e-01 -2.353236e-03 
6.298147e+00 4.444078e+00 4.713533e+00 7.619346e+00 1.809493e-01 2.530592e+00 1.508453e+00 -2.357516e+00 3.322116e+00 -1.422880e+00 6.601336e-01 5.190083e+00 7.360603e-01 3.095588e+00 -3.302310e+00 -2.096162e+00 -1.309862e-01 -2.505232e+00 -1.019332e+01 2.978536e+00 -2.329069e+00 -2.189427e+00 -1.738746e+00 -3.108561e+00 -7.029176e-01 9.450819e-02 1.596260e-01 -1.190686e+00 -4.940816e-01 -1.240365e+00 -3.978831e-01 -1.762682e+00 5.381643e-01 -3.280130e-01 -1.300081e+00 -8.982880e-02 -7.332055e-01 -5.429220e-01 -7.976286e-03 
1.194279e+01 -3.682957e+00 -5.217146e+00 4.191296e+00 -4.286294e+00 -1.448299e+01 1.976642e+00 -1.518006e+00 1.527116e+00 -9.335703e+00 -7.259969e+00 6.543583e+00 8.170658e-01 3.149663e+00 -4.276709e+00 -1.989485e+00 -2.516721e+00 -4.354799e+00 -1.052363e+01 4.514705e+00 -2.873266e+00 -3.665153e+00 -2.354524e+00 -3.823318e+00 -1.448299e+00 8.326728e-02 -6.150919e-01 -3.287021e-01 3.044526e-01 -9.594695e-01 6.177311e-01 9.922404e-01 -1.281964e-01 -1.576168e-01 -1.258810e-01 7.627224e-01 4.289912e-01 -5.659095e-01 -1.590226e-02 
1.168421e+01 -7.993593e+00 -2.666172e+00 2.314873e+00 -9.718055e+00 -2.675335e+01 1.302104e+01 -2.771414e+00 1.209618e+00 -4.696671e+00 -1.102714e+01 2.207503e+00 8.808898e-01 1.472785e+00 -3.735061e+00 -8.530326e-01 -2.115949e+00 -1.066903e+00 -5.373689e+00 3.792203e+00 -1.776054e+00 -9.214232e-01 7.702740e-01 -1.676165e+00 -2.121047e+00 4.720658e-02 -9.224364e-01 4.643305e-01 3.111016e-01 -4.525324e-02 1.508935e+00 2.536958e+00 -1.119802e+00 5.511252e-02 5.374412e-01 6.926561e-01 1.325486e+00 -1.831157e-01 -2.085541e-02 
1.261090e+01 -1.012804e+01 -6.203212e-01 -7.620748e-01 -9.473346e+00 -2.179786e+01 1.665186e+01 -6.818912e+00 -1.757320e+00 -2.876773e+00 -8.640431e+00 -5.219136e-01 9.068024e-01 7.041559e-02 -2.635198e+00 -2.703449e-01 -1.981385e+00 9.560570e-01 -2.577474e+00 1.104656e+00 -2.890068e+00 -1.043956e+00 1.238989e+00 2.792530e-01 -2.268377e+00 2.860765e-02 -8.021331e-01 8.662435e-01 2.418762e-02 8.434391e-01 1.567265e+00 2.042614e+00 -1.389789e+00 4.636603e-01 6.536176e-01 3.472290e-01 1.350957e+00 3.452512e-01 -1.680749e-02 
1.332802e+01 -1.100909e+01 -1.849795e+00 -4.838240e-01 -2.560313e+00 -2.067975e+01 1.313217e+01 -8.587182e+00 3.572528e-01 -8.010497e-01 -7.030256e+00 -1.882337e+00 9.272339e-01 2.304428e-02 -1.801416e+00 -1.400224e+00 -6.248781e-01 2.384202e+00 -1.481697e+00 -9.152889e-01 -2.045233e+00 -8.127276e-01 -7.219370e-02 1.467632e+00 -1.208534e+00 1.756125e-02 -3.572695e-01 9.075253e-01 -7.316523e-03 9.949459e-01 3.378081e-01 8.628714e-01 -3.996421e-01 6.219614e-01 2.764168e-01 -3.611869e-01 7.967871e-01 6.639219e-01 -8.579773e-03 
1.147288e+01 -1.535089e+01 -6.976692e+00 -4.316603e+00 -3.084876e+00 -3.040729e+01 7.444159e+00 -1.306085e+01 -3.266469e+00 -5.088851e+00 -7.862029e+00 -2.753245e+00 9.369313e-01 -1.362753e-01 -9.122594e-01 -1.594985e+00 9.550332e-01 1.755888e+00 -2.256563e+00 -8.049392e-02 -4.205065e-01 -4.512982e-01 -1.971384e-01 1.359588e+00 -1.781574e-01 1.404870e-02 -2.256695e-01 7.070139e-01 2.488591e-01 5.808126e-01 -7.617528e-01 4.302135e-01 5.928386e-01 5.748127e-01 3.529741e-01 -4.107706e-01 1.929642e-01 5.442314e-01 -4.489160e-03 
1.236831e+01 -1.438970e+01 -6.489156e+00 9.676336e-01 -9.913982e-01 -2.985784e+01 1.304823e+01 -9.876847e+00 -2.099200e+00 -3.951572e+00 -4.078320e+00 -2.719292e+00 9.536208e-01 -2.102371e-01 -5.885665e-02 -2.272420e-01 1.390673e+00 2.220188e-01 -1.219738e+00 2.386626e+00 9.902480e-02 1.641987e-01 -3.175612e-01 1.767708e+00 1.534776e-01 1.158730e-02 -3.794043e-01 5.203372e-01 7.751349e-01 -2.575397e-01 -1.369460e+00 6.309782e-01 8.185960e-01 -4.181679e-02 3.717410e-01 -2.152951e-02 -3.812668e-01 1.392711e-01 -2.690087e-03 
1.240986e+01 -1.299938e+01 -6.275655e+00 3.287234e+00 -1.478213e+00 -2.849165e+01 1.629185e+01 -8.276480e+00 -2.786072e+00 -2.287448e+00 -3.318332e+00 -9.942873e-01 9.638453e-01 -9.412525e-01 2.856562e-02 3.874677e-01 -8.505242e-02 -1.771730e+00 -5.570418e-01 2.418068e+00 -1.088271e+00 2.323835e-01 -6.921988e-01 1.094002e+00 -2.281748e-01 9.152077e-03 -4.113351e-01 4.404442e-01 9.795463e-01 -8.445013e-01 -1.146257e+00 1.164923e+00 4.024998e-01 -4.920257e-01 4.068173e-01 3.179475e-01 -7.377837e-01 -2.182883e-01 -2.369367e-03 
1.180853e+01 -1.247899e+01 -3.336534e+00 2.667999e+00 -2.253559e+00 -2.773606e+01 2.064151e+01 -1.048431e+01 9.372557e-01 -3.789466e+00 -4.634623e-01 -1.994744e+00 9.716981e-01 -1.471498e+00 3.297473e-01 1.484198e+00 -1.392493e+00 -2.699260e+00 8.234032e-01 1.928471e+00 -1.920236e+00 7.043422e-01 6.759499e-02 -3.058914e-01 -4.870827e-01 6.559747e-03 -3.751524e-01 3.879240e-01 6.089463e-01 -1.067581e+00 -6.712635e-01 1.113232e+00 -3.143923e-01 -5.195758e-01 2.394042e-01 3.738059e-01 -1.088266e+00 -4.198179e-01 -1.839893e-03 
7.046883e+00 -1.616348e+01 -6.615540e+00 -5.592003e+00 -1.131300e+01 -3.425340e+01 1.573795e+01 -1.819831e+01 -3.623393e+00 -8.630709e+00 -4.199106e+00 -4.256402e+00 9.736482e-01 -1.562219e+00 1.095619e+00 2.447017e+00 -1.875841e+00 -2.514746e+00 2.546551e+00 2.161042e+00 -1.871143e+00 1.312671e+00 1.199962e+00 -1.292596e+00 -9.493448e-01 4.715564e-03 -2.424703e-02 5.956310e-01 4.457513e-01 -6.451316e-01 2.450037e-01 1.210330e+00 -2.929193e-01 1.101567e-01 5.661129e-01 2.168689e-01 -7.379502e-01 -3.037569e-01 -1.193707e-03 
7.691904e+00 -1.115881e+01 1.102005e+00 -1.554837e+00 -9.570535e+00 -2.285919e+01 2.296708e+01 -1.451674e+01 1.840981e+00 -4.422202e-01 -5.167272e+00 -3.523942e+00 9.815361e-01 -1.775390e+00 1.347203e+00 1.787796e+00 -3.051849e+00 -2.762775e+00 2.794517e+00 9.431198e-01 -2.107434e+00 8.212066e-01 6.055160e-01 -2.480279e+00 -1.585025e+00 4.603342e-03 2.191107e-01 4.944851e-01 -5.297473e-03 -5.293672e-01 7.412354e-01 5.564411e-01 -5.785442e-01 5.355594e-01 6.043171e-01 -5.647505e-01 -3.515498e-02 -1.100483e-01 -4.782530e-04 
6.656887e+00 -8.181157e+00 3.740098e+00 -3.980172e+00 -1.039317e+01 -1.819720e+01 2.593405e+01 -1.561564e+01 3.325228e+00 2.039191e+00 -7.429757e+00 -4.976005e+00 9.825199e-01 -9.104164e-01 2.497972e+00 2.464484e+00 -2.481018e+00 -5.149674e-01 4.508948e+00 1.446193e+00 -4.439807e-01 3.004454e+00 1.232352e-01 -1.508583e+00 -1.197930e+00 4.158195e-03 3.322024e-01 2.784328e-01 -2.860847e-01 -3.819301e-01 7.805414e-01 -1.709384e-01 -1.185271e+00 7.404492e-01 4.493408e-01 -1.019767e+00 6.505344e-01 1.575055e-01 -3.074550e-04 
3.126320e+00 -9.733987e+00 4.242816e-01 -1.339719e+01 -1.652695e+01 -2.179174e+01 2.025904e+01 -2.231275e+01 1.569137e+00 -6.096951e+00 -1.124967e+01 -9.559975e+00 9.902849e-01 -7.018262e-01 2.101084e+00 1.448983e+00 -3.736784e+00 6.952845e-03 2.624083e+00 -6.070237e-01 4.397355e-02 2.879920e+00 -2.217783e+00 -3.736795e-01 -9.130282e-01 4.446231e-03 4.166982e-01 2.652286e-01 -1.699197e-01 2.106937e-01 7.780250e-01 -3.261050e-01 -1.476439e+00 8.832394e-01 3.006947e-01 -3.134423e-01 1.236627e+00 5.012810e-01 -1.002982e-03 
4.777588e+00 -4.385906e+00 6.045668e+00 -1.207575e+01 -1.040966e+01 -1.224240e+01 2.432318e+01 -1.652041e+01 1.153502e+01 -5.187212e+00 -8.700668e+00 -7.227774e+00 9.900566e-01 -4.380440e-01 2.110894e+00 1.185952e+00 -3.443017e+00 3.066918e-03 1.776731e+00 -2.990465e+00 7.555884e-01 2.529994e+00 -2.487137e+00 9.066407e-01 -4.976868e-01 3.260418e-03 2.294903e-01 -1.306170e-02 -4.065314e-01 4.380645e-01 2.393167e-01 -6.676621e-01 -1.928129e+00 3.250139e-01 -4.806657e-01 4.297002e-01 1.089376e+00 4.530159e-01 -2.121710e-03 
5.122120e+00 -2.550894e+00 7.193749e+00 -1.619134e+01 -9.527580e+00 -1.271585e+01 2.073787e+01 -1.384458e+01 1.213629e+01 -7.917694e+00 -6.400106e+00 -6.963073e+00 9.999999e-01 7.197974e-02 2.866846e+00 1.577446e+00 -1.517454e+00 8.682887e-01 2.529806e+00 -4.220864e+00 1.709095e+00 2.561669e+00 3.435351e-01 2.495188e+00 5.711650e-01 3.964395e-05 2.039790e-01 -1.460313e-01 -3.425832e-01 8.876747e-01 2.170215e-01 -1.433320e-01 -1.389497e+00 2.946629e-02 -6.116619e-01 1.067040e+00 7.038080e-01 4.062631e-01 -3.630425e-03 
3.468366e+00 -1.218465e+00 6.285346e+00 -1.979848e+01 -1.387724e+01 -1.385143e+01 1.074276e+01 -1.607193e+01 1.069147e+01 -9.485990e+00 -5.320829e+00 -8.762906e+00 9.939742e-01 -1.499057e-01 2.049742e+00 3.676535e-01 -1.400427e+00 2.509623e-01 1.217947e+00 -6.387538e+00 3.486620e-01 7.603571e-01 9.910654e-01 2.503835e+00 3.251132e-01 -4.247240e-03 1.842619e-01 -3.560379e-01 -4.613242e-01 8.733866e-01 4.279955e-01 4.458146e-02 -2.264000e-01 -1.635524e-01 -6.258861e-01 6.698656e-01 2.278417e-01 3.190230e-01 -4.510984e-03 
4.140737e+00 3.016476e+00 8.191726e+00 -1.712322e+01 -1.045175e+01 -8.338637e+00 5.945011e+00 -1.399128e+01 1.479922e+01 -2.230035e+00 -4.634623e-01 -5.936575e+00 9.885281e-01 1.739845e-01 1.401597e+00 1.452837e-01 -3.196276e-01 9.679828e-01 2.186874e+00 -5.855851e+00 3.948955e-01 7.066762e-01 1.378483e+00 2.346690e+00 7.067656e-01 -9.951863e-03 1.226097e-01 -5.549915e-01 -5.146899e-01 5.082663e-01 4.307131e-01 -1.231508e-01 9.330793e-01 -2.213964e-01 -7.364026e-01 -3.915141e-01 -2.734711e-01 1.354686e-01 -4.850682e-03 
4.519011e+00 3.079369e+00 7.384756e+00 -1.861161e+01 -8.692793e+00 -8.342132e+00 -2.182868e-01 -1.470361e+01 1.400548e+01 -3.076029e+00 8.505207e-01 -6.115899e+00 9.745617e-01 4.322922e-01 1.063353e+00 -4.045368e-01 3.251148e-01 2.093294e+00 2.171046e+00 -3.305052e+00 5.949627e-01 3.280756e-01 3.447148e-01 2.120167e+00 1.029580e+00 -1.429860e-02 9.226288e-02 -2.867527e-01 -1.982212e-01 3.460545e-01 4.358969e-01 -6.689104e-02 1.836401e+00 3.260208e-02 -5.488820e-01 -8.007329e-01 -4.202648e-01 1.198267e-01 -4.256685e-03 
5.467008e+00 2.307963e+00 7.370031e+00 -1.838294e+01 -7.279641e+00 -4.536198e+00 -3.061112e+00 -1.255380e+01 1.401274e+01 -4.230615e+00 2.247525e+00 -4.752839e+00 9.599277e-01 3.939706e-01 5.851468e-01 -6.099095e-01 1.612150e-01 2.100663e+00 1.437470e+00 -1.096788e+00 4.789023e-01 -9.040853e-01 -1.290872e+00 1.319631e+00 8.964188e-01 -1.918774e-02 -9.802970e-02 -4.122881e-03 -5.271034e-02 -1.051924e-01 -9.604407e-03 -4.780351e-01 1.581235e+00 -1.220033e-01 -6.575367e-01 -8.943108e-01 -5.501192e-01 -1.230112e-01 -2.632206e-03 
4.966548e+00 4.452427e+00 4.673042e+00 -1.754313e+01 -4.996991e+00 -4.897836e+00 -1.278804e+00 -1.381557e+01 1.272511e+01 -6.761840e+00 3.924492e+00 -4.206956e+00 9.367732e-01 2.014688e-01 1.024220e+00 -2.459293e-01 8.960012e-02 1.864158e+00 1.258090e+00 4.149265e-01 4.696079e-01 -1.178658e+00 -1.677994e+00 9.160833e-01 8.295099e-01 -2.091222e-02 -2.360491e-01 5.581542e-02 2.304440e-01 -3.505670e-01 -4.984379e-01 -4.409093e-01 5.521684e-01 -1.440657e-01 -4.476745e-01 -4.322268e-01 -6.574571e-01 -2.763620e-01 -1.020062e-03 
5.886484e+00 5.255558e+00 6.498438e+00 -1.685155e+01 -1.796682e+00 -2.873013e+00 9.911998e-01 -1.204061e+01 1.091922e+01 -6.841205e+00 4.597401e+00 -2.409101e+00 9.114931e-01 -2.007405e-01 1.400507e+00 -1.975676e-01 -7.278114e-01 1.034714e+00 2.533790e-01 1.901740e-01 -1.523997e-01 -1.827831e+00 -2.081730e+00 1.980464e-01 1.918587e-01 -1.980496e-02 -3.378859e-01 -2.348414e-02 2.675876e-01 -2.868236e-01 -8.323626e-01 -3.545681e-01 -3.563462e-01 -2.224043e-01 -8.700660e-02 1.138791e-01 -7.000344e-01 -3.763058e-01 -1.746121e-04 
5.316408e+00 6.726573e+00 6.590874e+00 -1.892933e+01 -2.113849e+00 -2.883495e+00 -1.692216e-01 -1.261292e+01 9.659088e+00 -1.016059e+01 4.255952e+00 -3.140242e+00 8.942239e-01 -4.506689e-01 9.346179e-01 5.414738e-01 -9.831612e-01 1.341165e-01 5.586918e-01 -1.187620e+00 1.903003e-01 -1.448563e+00 -1.420928e+00 -6.063656e-01 -4.669152e-05 -1.909048e-02 -3.211702e-01 -2.342696e-01 2.151619e-01 4.777414e-02 -7.953717e-01 -3.661818e-01 -5.577714e-01 -2.550501e-01 2.154987e-01 4.229929e-01 -5.749663e-01 -2.653004e-01 -1.005829e-03 
4.288495e+00 8.173655e+00 5.423569e+00 -2.132886e+01 -3.547827e+00 -4.276762e+00 -2.664453e+00 -1.391709e+01 6.406299e+00 -1.294004e+01 3.072119e+00 -4.326945e+00 8.821723e-01 -9.694071e-01 5.124403e-01 3.343168e-01 -7.365806e-01 -1.196345e+00 1.412942e-02 -2.077314e+00 -4.934315e-01 -1.204332e+00 -8.499771e-01 -1.419326e+00 -5.704138e-01 -2.097207e-02 -1.841512e-01 -3.388278e-01 2.709642e-01 5.566158e-01 -4.311497e-01 -2.346233e-01 -4.207131e-02 -1.685920e-01 5.894971e-01 5.483044e-01 -1.196852e-01 1.497278e-01 -2.380753e-03 
3.512054e+00 7.666619e+00 7.918100e+00 -2.022041e+01 -3.450638e+00 -1.402876e+00 -5.389049e+00 -1.192570e+01 7.739061e+00 -1.081704e+01 1.655452e+00 -3.248363e+00 8.559610e-01 -1.020018e+00 2.969368e-01 5.639173e-01 3.327357e-01 -9.972243e-01 -4.531299e-01 -1.240190e+00 -6.352302e-01 -4.129547e-01 -1.789521e-01 -1.149962e+00 -1.159406e-01 -2.535621e-02 -3.562707e-02 -2.605297e-01 2.570049e-01 6.037266e-01 -2.027389e-02 -3.375283e-01 4.464376e-01 -1.381301e-01 5.600063e-01 2.175180e-01 3.495386e-01 4.350407e-01 -2.714758e-03 
1.941769e+00 7.348261e+00 7.506230e+00 -1.988904e+01 -7.109560e+00 -3.543004e+00 -6.785929e+00 -1.485143e+01 5.857942e+00 -1.076258e+01 -1.198793e+00 -5.206753e+00 8.257619e-01 -8.369015e-01 2.518646e-02 1.146042e+00 1.397354e+00 -5.554346e-01 -4.139049e-01 6.346053e-03 -5.825621e-01 6.018150e-01 3.879184e-02 -1.286683e-01 9.984242e-01 -2.857325e-02 8.959503e-02 -6.613825e-02 4.096869e-01 2.993418e-01 4.380107e-01 -1.348597e-01 5.227599e-01 1.582574e-01 4.917899e-01 -3.721599e-02 5.950966e-01 6.678108e-01 -2.192875e-03 
1.389452e+00 8.623919e+00 8.369234e+00 -1.798580e+01 -5.318931e+00 -5.516289e+00 -4.309614e+00 -1.532167e+01 7.868757e+00 -1.214386e+01 6.414070e-01 -3.280009e+00 7.956505e-01 -6.951227e-01 -1.242599e-01 1.420529e+00 9.685002e-01 -2.877076e-01 -9.148839e-01 2.852491e-03 -4.557774e-01 4.482742e-01 -7.776252e-01 4.959363e-01 1.390774e+00 -2.886502e-02 1.331560e-01 8.507985e-02 3.844488e-01 -1.541612e-01 4.971961e-01 5.533841e-02 1.808853e-01 2.956159e-01 2.842364e-01 -4.316604e-02 3.690168e-01 2.984552e-01 -1.723181e-03 
1.165329e+00 7.820789e+00 1.092839e+01 -1.545928e+01 -5.390522e+00 -4.289865e+00 -3.172839e+00 -1.513201e+01 9.350410e+00 -1.208307e+01 2.935727e+00 6.806120e-01 7.694569e-01 -6.839502e-01 3.923164e-01 1.954292e+00 4.422458e-01 6.391530e-01 -4.290443e-01 -8.498564e-02 2.080549e-01 8.240407e-01 -7.366323e-01 7.331946e-01 2.015476e+00 -3.018176e-02 2.371187e-01 2.668605e-01 1.811165e-01 -3.911753e-01 4.436977e-01 1.999385e-01 -2.264065e-02 2.993117e-01 1.204724e-01 8.762676e-02 -2.017178e-02 -2.134488e-01 -1.856973e-03 
4.247621e-01 6.808945e+00 1.331003e+01 -1.759271e+01 -5.748908e+00 -5.603641e+00 -7.181406e+00 -1.406436e+01 8.233983e+00 -1.404481e+01 2.067750e+00 7.617033e-01 7.398023e-01 -4.306701e-01 5.387106e-01 2.082004e+00 3.938621e-02 8.916042e-01 -1.689206e-01 -2.901076e-01 4.475636e-01 8.970602e-01 -7.017956e-03 2.643436e-01 8.677971e-01 -3.317061e-02 4.743070e-01 3.305079e-01 -2.022245e-01 2.216176e-02 1.164163e-01 5.548227e-01 2.829919e-02 2.454994e-01 1.133976e-01 2.319424e-01 -1.302983e-01 -5.541997e-01 -1.173781e-03 
-9.959890e-01 1.021738e+01 1.480741e+01 -1.787399e+01 -3.699252e+00 -5.643823e+00 -5.775067e+00 -1.443976e+01 9.795529e+00 -1.349559e+01 1.754079e+00 2.849641e+00 7.027692e-01 2.164399e-01 1.027926e+00 1.720841e+00 -9.403038e-02 1.073439e+00 2.125483e-01 3.961807e-02 4.622201e-01 9.799155e-01 9.158124e-02 -1.137589e-01 1.925156e-01 -3.570683e-02 6.697686e-01 2.111877e-01 -8.087401e-01 5.575447e-01 -4.700531e-01 5.689115e-01 1.085892e-01 -3.896099e-02 -1.223670e-02 -1.095541e-01 -9.550397e-02 -7.680007e-01 2.339914e-03 
3.167850e-01 1.011942e+01 1.683976e+01 -1.658190e+01 -1.706869e+00 -5.684005e+00 -4.459175e+00 -1.342956e+01 1.213110e+01 -1.147264e+01 2.554017e+00 -2.514661e-02 6.631361e-01 1.226209e+00 1.210401e+00 5.260732e-01 1.347349e+00 7.716753e-02 1.538399e+00 8.203990e-02 6.445327e-01 9.375709e-01 -3.198724e-02 2.678224e-01 -4.687837e-01 -3.196983e-02 5.755185e-01 2.888182e-01 -1.143311e+00 6.882166e-01 -6.526422e-01 5.399724e-01 -1.064317e-01 -6.785499e-02 -1.951400e-01 -5.128950e-01 -1.067830e-01 -6.188844e-01 7.043502e-03 
2.301219e+00 1.130492e+01 1.776780e+01 -1.643468e+01 -2.043994e+00 -3.187480e+00 -4.335625e+00 -1.313783e+01 1.230127e+01 -1.291133e+01 2.123929e+00 2.036750e+00 6.292653e-01 1.836561e+00 1.112406e+00 -1.311388e+00 2.575972e+00 -1.304079e+00 1.562026e+00 2.718568e-01 -8.519432e-02 7.426857e-01 -1.271997e+00 2.539070e-01 -1.156265e+00 -1.908300e-02 1.529981e-01 3.440089e-01 -9.346870e-01 3.822834e-01 -2.937046e-01 2.613388e-01 -4.963869e-01 1.047251e-01 -5.686916e-01 -2.547712e-01 -2.242762e-01 -4.525707e-01 8.221060e-03 
4.907231e+00 1.231732e+01 1.446016e+01 -1.157541e+01 -6.190599e+00 8.604188e-01 -7.490576e+00 -1.149283e+01 1.166938e+01 -1.449694e+01 3.221932e+00 -1.175919e+00 6.167043e-01 1.636797e+00 1.940519e+00 -2.118512e+00 2.145552e+00 -1.182811e+00 1.856328e+00 -9.384130e-01 3.821455e-01 3.983229e-02 -1.889742e+00 -4.534945e-01 -1.552181e+00 -6.267237e-03 -5.711975e-01 2.238355e-01 -8.007194e-02 -1.971139e-01 8.207030e-01 -1.475206e-01 -6.137294e-01 3.285977e-01 -1.391458e+00 4.603519e-01 -4.981358e-01 -1.559801e-01 2.818149e-03 
5.891812e+00 1.468052e+01 9.440422e+00 -7.497262e+00 -7.977757e+00 -1.106752e+00 -2.900320e+00 -1.583430e+01 1.373986e+01 -1.834317e+01 2.689785e+00 -2.356359e+00 6.305653e-01 7.761812e-01 2.382863e+00 -1.630294e+00 1.418337e+00 2.348826e-01 1.360167e+00 -1.931916e+00 1.117115e+00 -1.414554e+00 -2.533685e-01 -8.744367e-01 -1.528721e+00 -7.453050e-03 -1.231073e+00 -2.524811e-01 7.776414e-01 -3.049602e-01 1.605514e+00 -1.285769e-01 -5.650653e-01 8.961745e-01 -1.747360e+00 1.100180e+00 -5.156994e-01 -5.270916e-02 -8.101538e-03 
6.705547e+00 1.813459e+01 1.041059e+01 -1.032227e+01 -4.653791e+00 2.556798e+00 -9.869350e+00 -1.017082e+01 1.161076e+01 -1.820555e+01 3.454240e-03 -5.589465e+00 6.311451e-01 -1.099566e+00 1.694494e+00 2.852039e-01 9.406267e-01 3.411025e+00 9.018533e-01 -1.884669e+00 1.686217e+00 -4.940991e+00 1.760493e+00 -1.658671e+00 -1.062517e+00 -2.369533e-02 -1.534457e+00 -9.838322e-01 7.480170e-01 1.298753e-01 1.261624e+00 -2.212009e-01 3.131071e-01 9.497068e-01 -1.020960e+00 9.726688e-01 -1.251790e-01 -8.973978e-02 -2.088198e-02 
5.282665e+00 2.031078e+01 1.164129e+01 -9.969142e+00 -1.637882e+00 2.764696e+00 -1.280617e+01 -8.213447e+00 5.257707e+00 -1.232412e+01 -6.391802e-01 -3.399998e+00 5.847659e-01 -2.950623e+00 -2.691809e-02 1.374985e+00 1.653643e+00 4.426592e+00 1.396410e+00 -2.080309e+00 3.743608e+00 -5.503641e+00 2.403796e+00 -1.721987e+00 -1.664697e+00 -5.087551e-02 -1.242620e+00 -1.523166e+00 3.658041e-02 2.365273e-01 2.408769e-01 -5.699083e-02 1.064718e+00 6.751577e-01 8.509684e-01 6.562962e-02 3.213203e-01 -4.938202e-02 -2.872160e-02 
-2.863238e-01 1.797430e+01 1.478532e+01 -5.636523e+00 7.694907e+00 3.433813e+00 -1.196083e+01 -6.871904e+00 -8.794135e+00 -8.703741e+00 -3.406971e+00 -5.966572e+00 5.211175e-01 -4.172110e+00 -1.773728e+00 1.188961e-01 2.677339e+00 3.029534e+00 7.321076e-01 7.013986e-01 3.817368e+00 -3.020481e+00 1.644985e+00 -6.557654e-01 -1.932801e+00 -8.896744e-02 -2.889476e-01 -1.466306e+00 -8.849070e-01 -4.271830e-01 -1.201466e+00 1.528173e-01 1.193789e+00 -2.184846e-01 2.539919e+00 -3.599969e-01 5.964284e-01 3.054119e-01 -2.680867e-02 
-5.365154e+00 1.462597e+01 1.412805e+01 -1.572038e+00 7.980835e+00 5.437672e+00 -1.225640e+01 1.234806e+00 -3.575665e+00 -1.107497e+01 -4.214712e+00 -1.049121e+01 4.312052e-01 -3.900731e+00 -3.498847e+00 -1.364164e+00 1.732670e+00 1.630064e+00 1.159912e+00 2.098657e+00 3.427361e+00 1.879988e+00 1.324758e-01 2.306483e-01 -1.340381e+00 -1.184257e-01 6.794395e-01 -1.002303e+00 -1.301771e+00 -1.215107e+00 -1.692665e+00 3.252142e-01 9.726408e-01 -1.444856e+00 2.097704e+00 8.063094e-02 3.516196e-01 1.004457e+00 -1.419523e-02 
-8.831076e+00 1.210805e+01 9.761902e+00 -1.134425e+00 5.684735e+00 4.881239e+00 -6.636960e+00 4.192335e+00 9.258424e-01 -1.060511e+01 -1.487495e+00 -1.170824e+01 2.630807e-01 -2.069226e+00 -3.901186e+00 -2.769751e+00 -1.234857e+00 -1.198087e+00 1.784072e+00 1.994682e+00 7.518945e-01 4.066903e+00 1.096153e+00 3.470411e-01 3.024975e-01 -1.239620e-01 1.197335e+00 -3.590051e-01 -8.262849e-01 -1.327775e+00 -1.396939e+00 4.078428e-01 -2.255831e-01 -1.930118e+00 4.893323e-01 6.905285e-01 -1.925614e-02 1.308609e+00 5.920031e-03 
-9.948852e+00 5.749792e+00 7.331994e+00 -3.556725e+00 7.517884e+00 7.841603e+00 -4.974655e+00 3.391315e+00 9.797086e+00 -1.071065e+01 -4.456720e-01 -7.231071e+00 1.216418e-01 -6.048491e-01 -3.974764e+00 -3.689562e+00 -2.465881e+00 -1.922879e+00 2.496545e+00 2.136088e+00 -1.947762e+00 1.441205e+00 3.081506e+00 -4.652232e-01 2.240038e+00 -1.043531e-01 1.162278e+00 3.512415e-01 -9.740792e-02 -3.552560e-01 -6.346752e-01 2.640994e-01 -8.333017e-01 -1.650138e+00 -1.049036e+00 8.041563e-01 1.846402e-01 1.249714e+00 2.297326e-02 
-8.340562e+00 2.906832e+00 4.334794e+00 -1.081857e+01 1.936000e+00 1.115225e+01 -5.627872e+00 -4.191050e+00 4.853572e+00 -3.405307e+00 -3.555848e+00 -6.084254e+00 5.609608e-02 1.666106e-01 -3.330761e+00 -2.849759e+00 -1.862270e+00 -2.178546e+00 2.102689e+00 -4.451553e-01 -3.145663e+00 -3.542725e-01 3.623064e+00 -4.040947e-01 2.819977e+00 -6.640331e-02 7.375485e-01 5.972259e-01 6.081804e-01 1.062228e+00 4.511966e-01 1.847074e-01 -5.864215e-01 -4.526044e-01 -1.269771e+00 -5.708553e-02 6.254792e-01 7.176747e-01 2.902236e-02 
-8.634657e+00 -6.468679e-01 -1.606436e+00 -9.059515e+00 2.408249e-01 1.478435e+01 -2.080991e+00 -4.313211e+00 1.666150e+00 7.326297e-01 -5.506535e+00 -2.102866e+00 1.293184e-02 7.927164e-01 -2.027929e+00 -1.811157e+00 2.702032e-01 -1.052967e+00 2.321064e+00 -8.479131e-01 -2.874458e+00 -1.154485e+00 2.889911e+00 1.529357e+00 3.649346e+00 -3.233643e-02 3.619239e-01 5.409596e-01 8.619889e-01 1.571158e+00 8.408341e-01 -9.411659e-02 -1.585969e-01 5.301278e-01 -6.875489e-01 -7.223365e-01 7.964541e-01 2.839524e-02 2.476664e-02 
-8.654902e+00 -1.347590e+00 -1.785449e-02 -7.694568e+00 -1.569762e+00 1.192357e+01 -1.030976e+01 -7.684081e+00 3.219396e+00 1.788433e+00 -9.775074e-01 -1.724956e-01 -1.457944e-02 9.197475e-01 -1.888511e+00 -6.680375e-01 2.708240e+00 6.229393e-01 2.795664e+00 5.546690e-01 -1.047638e+00 -9.841065e-01 9.064254e-01 2.477098e+00 3.186239e+00 -1.485597e-02 1.409511e-01 2.777652e-01 5.445107e-01 1.223998e+00 7.335353e-01 -4.645175e-01 7.243602e-01 1.124919e+00 -6.662499e-01 -6.370525e-01 1.333644e-01 -6.580755e-01 1.489167e-02 
-5.827963e+00 -2.262591e+00 4.529121e-01 -3.767690e+00 4.005614e+00 1.906112e+01 -6.873418e+00 -9.234803e+00 4.842159e+00 1.141695e+00 5.911696e+00 8.059597e+00 -4.706301e-03 8.280215e-01 -1.991085e+00 -4.705528e-01 3.104627e+00 8.804824e-01 1.679472e+00 8.429710e-01 -3.461516e-01 -1.681792e+00 8.280769e-01 2.076432e+00 2.198935e+00 -6.293423e-03 -6.947707e-03 2.018779e-01 1.905504e-01 2.978378e-01 1.592956e-01 -1.159055e+00 6.859657e-01 1.087065e+00 -1.045834e+00 -9.841129e-02 -8.746719e-01 -1.523088e+00 6.094624e-03 
-5.144937e+00 -5.727796e+00 -3.503277e-02 7.723091e-02 3.168223e+00 2.299196e+01 -4.582924e-01 -6.968406e+00 -1.654600e+00 9.221761e-01 3.120809e+00 4.765507e+00 -9.361786e-03 8.536064e-01 -1.960346e+00 -7.975340e-01 2.840508e+00 5.223072e-01 1.008373e-01 2.331228e+00 1.214706e+00 -3.421921e+00 1.468726e+00 -1.088401e-02 2.549200e-01 -4.965461e-03 7.896533e-02 5.023854e-01 -4.748865e-02 -4.604039e-01 -2.401055e-01 -1.644260e+00 1.283116e-01 8.280272e-01 -9.519990e-01 2.033100e-01 -8.898215e-01 -1.381534e+00 1.344541e-03 
-6.249216e+00 -8.412133e+00 -3.950453e+00 2.577947e+00 2.274427e+00 1.764688e+01 -2.791549e+00 -6.401667e+00 -4.305079e+00 5.305806e+00 2.826801e+00 6.422935e+00 -2.113225e-02 7.910405e-01 -9.826768e-01 -7.936839e-01 1.693209e+00 -2.062372e-01 -2.127189e+00 1.693404e+00 1.429549e+00 -5.164718e+00 2.116551e+00 -1.599928e+00 -2.500447e+00 -6.813385e-03 1.724651e-01 6.132490e-01 4.013115e-02 -6.467241e-01 -3.408617e-01 -1.215600e+00 -7.031286e-02 8.629128e-01 -2.993263e-01 -3.064104e-01 -1.107369e-01 -6.369892e-01 -1.672890e-03 
-4.175985e+00 -8.074852e+00 -1.803986e+00 3.334789e+00 1.907363e+00 1.313427e+01 -6.941600e-01 -3.026892e+00 -9.316552e+00 7.050139e+00 5.106329e-01 1.920387e+00 -3.118107e-02 1.333241e+00 1.192581e-01 -7.439136e-01 1.111939e+00 -3.431838e-02 -3.522315e+00 7.709371e-01 2.204556e+00 -4.002409e+00 1.278802e+00 -1.337375e-01 -1.371818e+00 -7.875754e-03 3.732189e-02 5.040174e-01 1.013292e-01 -5.762126e-01 -3.189188e-01 -5.020241e-01 -4.330768e-01 4.885226e-01 7.249618e-01 -7.950713e-01 8.586760e-01 1.784189e-01 -4.050778e-03 
-2.357424e+00 -6.002185e+00 -2.630997e+00 3.069692e+00 3.604707e+00 1.335353e+01 1.711808e+00 -4.057733e+00 -1.715126e+01 8.660650e+00 -7.827507e-01 -3.020253e+00 -2.786075e-02 1.450552e+00 3.532396e-02 -2.968264e-01 7.352821e-01 -5.456528e-01 -2.586879e+00 1.271515e+00 3.473595e+00 -2.888279e+00 -6.089351e-01 1.584124e+00 -1.727146e-01 -1.320256e-02 -1.287933e-01 2.157869e-01 1.882528e-01 -1.657951e-01 -1.139842e-01 2.430615e-01 -5.358317e-01 -1.764315e-01 1.318578e+00 -8.048077e-01 9.742963e-01 5.813916e-01 -5.462708e-03 
-4.248470e-01 -6.336684e+00 -4.414266e+00 5.390810e+00 2.331265e+00 7.527136e+00 1.144898e+00 2.882588e+00 -1.524420e+01 5.638884e+00 4.256889e+00 2.627794e+00 -4.537591e-02 7.105987e-01 5.069371e-02 -5.392921e-01 4.384876e-01 -9.024881e-01 -2.179030e+00 3.768300e-01 2.635195e+00 -9.352602e-01 -1.143809e+00 2.690501e+00 -1.684427e-02 -2.202322e-02 -3.199613e-01 6.686839e-02 3.107187e-01 1.040418e-01 1.515451e-01 6.184125e-01 -2.618186e-01 -8.233548e-01 9.054819e-01 -3.895668e-01 1.331979e-01 -2.672454e-03 -4.766232e-03 
-8.720284e-01 -9.105063e+00 -4.129598e+00 5.226389e+00 -6.659872e-01 7.515780e+00 2.646411e+00 8.011129e+00 -1.578270e+01 2.966660e+00 8.873931e+00 5.205576e+00 -8.005488e-02 4.583241e-01 1.305946e-01 4.527368e-02 1.200987e+00 -3.419766e-01 -1.583315e+00 -7.885225e-01 3.319798e-01 -1.053730e-01 -6.962293e-01 1.859352e+00 -2.708725e-01 -2.705077e-02 -2.681884e-01 1.585191e-01 2.163803e-01 2.931930e-01 4.747500e-01 3.574850e-01 -1.576049e-01 -9.752164e-01 6.323186e-01 1.161148e-01 -6.984112e-01 -5.517211e-02 -1.085535e-03 
-1.366095e+00 -6.269895e+00 -3.751266e+00 4.448804e+00 -4.698728e-01 5.158145e+00 7.228191e-01 4.114241e+00 -1.467769e+01 4.178237e+00 9.134543e+00 -2.276586e+00 -1.151906e-01 2.295117e-01 4.059421e-01 6.386666e-01 1.399233e+00 6.217333e-01 -9.318585e-01 4.919512e-01 -3.415044e-01 -8.662419e-01 -6.254502e-01 3.946518e-01 -1.336158e+00 -2.478388e-02 -1.328385e-02 1.738004e-01 1.438337e-01 2.154711e-01 3.643812e-01 -5.051762e-02 1.823440e-01 -6.791099e-02 8.314567e-01 4.191343e-01 -9.713135e-01 2.415482e-01 3.479517e-03 
4.048716e-01 -5.382722e+00 -2.736112e+00 9.545348e+00 3.295350e+00 6.622167e+00 -2.019511e+00 -3.014063e+00 -1.796109e+01 5.909906e+00 6.075242e+00 -1.922223e+00 -1.282084e-01 3.501745e-01 6.502230e-01 1.961809e-01 1.720769e+00 1.066069e+00 -1.422974e+00 4.257399e-01 8.579820e-02 2.387185e-01 -2.875784e-01 -7.601312e-01 2.111900e-01 -1.725004e-02 3.148597e-02 2.747237e-01 -4.421640e-02 -2.147639e-01 -1.426207e-01 -2.181547e-01 2.097103e-01 9.003182e-01 1.425073e+00 1.073520e-01 -7.576781e-01 3.647387e-01 5.891564e-03 
8.413701e-02 -6.168043e+00 -1.917690e+00 1.022782e+01 3.459357e+00 3.314141e+00 5.937917e+00 6.687994e+00 -1.848610e+01 1.040379e+00 7.629549e+00 -4.889497e-01 -1.452141e-01 6.983089e-01 6.600335e-01 1.043407e-01 1.256003e+00 2.153189e-01 -2.511640e+00 6.812690e-01 2.418684e+00 3.049966e+00 7.475657e-01 -8.562472e-01 9.499083e-01 -9.529159e-03 -2.203772e-02 3.406336e-01 -1.281669e-02 -3.741888e-01 -5.461487e-01 -2.214973e-02 -5.148256e-01 8.049008e-01 1.739866e+00 -1.838034e-01 -5.369672e-01 4.322321e-01 5.916235e-03 
1.533986e-01 -5.904785e+00 -4.064974e+00 1.094065e+01 2.699631e+00 1.321638e+00 2.167582e+00 7.153769e+00 -1.268451e+01 3.097527e+00 5.825865e+00 5.367759e+00 -1.512926e-01 3.814574e-01 1.377289e+00 9.138159e-02 1.987971e-01 -8.519710e-01 -1.884269e+00 1.652199e-01 3.453457e+00 5.061667e+00 -8.458484e-01 -1.303529e+00 4.097580e-01 -5.223572e-03 -1.739383e-01 3.160055e-01 1.919776e-01 -3.841861e-01 -3.868110e-01 6.062276e-01 -5.725924e-01 2.407957e-01 8.316801e-01 -3.377473e-01 -3.095136e-02 1.651260e-02 4.281319e-03 
2.251493e+00 -2.708960e+00 -2.565147e+00 1.003153e+01 9.042296e-01 -4.750210e+00 2.035165e+00 1.112373e+01 -2.065997e+00 9.322163e+00 4.977863e+00 -1.172293e+00 -1.512926e-01 1.037096e-01 1.745618e+00 6.269284e-01 2.892030e-01 -1.149981e+00 -8.118896e-01 -1.951712e+00 1.999246e+00 5.421596e+00 -1.265214e+00 -2.018385e+00 7.258154e-01 -1.213503e-03 -3.611045e-01 7.832937e-02 1.273332e-01 -2.289193e-01 8.913866e-02 1.010327e+00 -3.759519e-01 -5.875551e-01 -7.790005e-01 -4.635276e-01 2.814483e-01 1.152465e-01 2.428160e-03 
1.228197e+00 -2.261009e-01 -1.955728e+00 1.063761e+01 3.128493e-01 1.233413e+00 7.582879e-01 1.203576e+01 -8.629322e-01 -2.460531e+00 8.832922e-01 4.679944e-01 -1.512926e-01 -2.221917e-01 1.687518e+00 8.947487e-01 2.831481e-01 -1.853335e-01 7.582576e-01 -1.120744e+00 1.499734e+00 3.211509e+00 -9.699084e-01 -3.338217e-01 4.058167e-01 -1.504148e-06 -4.089590e-01 -3.149415e-01 -1.863506e-01 -3.093837e-01 3.930177e-01 4.179334e-01 -1.644319e-01 -1.099808e+00 -1.642876e+00 4.362993e-01 5.562235e-01 1.314226e-02 1.166152e-03 
6.531206e-02 -2.795316e-01 1.625174e-01 1.182549e+01 -1.096831e+00 -7.005643e-01 -3.116089e+00 1.424303e+01 2.710985e+00 -2.506967e+00 8.760110e-03 5.589936e+00 -1.512926e-01 -8.052834e-01 8.966841e-01 3.392938e-01 6.934753e-02 3.277428e-01 1.218635e+00 -5.554520e-01 4.578112e-01 8.000963e-02 -1.508026e+00 6.604851e-02 1.528064e+00 -1.504148e-06 -3.277981e-01 -3.848201e-01 -5.041769e-01 -4.451427e-01 5.301105e-01 6.952236e-02 8.734971e-02 -1.193489e+00 -1.574511e+00 9.260421e-01 3.427545e-01 -3.874107e-01 2.428942e-04 
1.352841e-01 1.318381e+00 -9.548885e-01 1.145971e+01 2.773391e+00 3.087899e+00 -8.602723e-01 1.309226e+01 9.844652e-01 4.163039e+00 6.641409e+00 4.015906e+00 -1.512926e-01 -1.208722e+00 2.270643e-01 -6.964910e-01 -1.238093e+00 3.743739e-01 -8.098251e-01 -1.355145e+00 -1.274873e+00 -4.821398e-01 1.457028e+00 4.353047e-01 7.436942e-02 -1.504148e-06 -9.757116e-02 -3.004391e-01 -5.327221e-01 -4.018361e-01 3.009179e-01 -2.259607e-01 -1.442427e-01 -1.102104e+00 -8.257689e-01 8.601589e-01 -3.106377e-01 -5.818106e-01 -1.853277e-08 
-1.228992e+00 1.002249e+00 -1.368803e+00 9.967278e+00 1.312946e+00 4.157963e-01 6.782833e-02 1.288475e+01 -2.588934e+00 -1.529685e+00 2.428861e+00 4.693975e+00 -1.512926e-01 -1.042028e+00 5.516822e-01 -1.098315e+00 -1.175874e+00 1.220702e+00 3.196716e-01 -1.397900e+00 -2.580970e+00 -6.043389e-01 2.151449e+00 -6.892619e-01 -1.045626e+00 -1.504148e-06 3.623825e-01 -1.383906e-01 -2.740259e-02 -1.243022e-01 -5.369153e-02 -1.473302e-01 -1.633816e-01 -1.011558e+00 -3.813945e-01 5.475111e-01 -4.244268e-01 -5.649157e-01 -1.853277e-08 
-4.168171e+00 2.681333e-01 -4.672758e+00 5.376645e+00 9.797249e-01 -3.373540e+00 -7.609396e+00 6.340477e+00 -6.232530e-01 4.335700e+00 1.849272e+00 1.287479e+00 -1.512926e-01 -5.916656e-01 3.576527e-01 -1.050048e+00 -1.103528e+00 8.727106e-01 7.766934e-02 -1.420691e+00 -2.491482e+00 -5.751645e-01 1.501265e+00 -1.509478e+00 -1.216511e+00 -1.504148e-06 7.653942e-01 1.586892e-02 5.502893e-01 3.332262e-01 -2.810220e-01 3.032243e-01 3.083224e-01 -5.789317e-01 -5.335408e-01 -5.431501e-01 -4.114413e-01 2.528415e-02 1.234472e-03 
-2.992855e+00 3.004232e+00 -3.470279e+00 8.987834e+00 5.903411e+00 4.129137e+00 -6.731543e+00 4.714449e+00 4.936935e-01 8.164199e+00 -1.041490e+00 1.726229e+00 -1.512926e-01 6.980855e-01 1.394240e-01 3.791100e-01 -6.194496e-01 -1.897555e-01 3.844433e-02 -1.339507e+00 -3.991569e+00 -1.780318e+00 1.207433e+00 -1.083765e+00 -6.512111e-01 -1.504148e-06 7.761073e-01 4.146138e-02 7.605142e-01 4.493445e-01 -3.943601e-01 9.846141e-02 6.045086e-01 1.444824e-01 -5.208805e-01 -1.215505e+00 -2.150782e-01 4.191396e-01 3.196751e-03 
-1.941144e+00 2.105371e+00 -5.154568e+00 6.431974e+00 4.841703e+00 1.620383e+00 -4.564399e+00 4.720585e+00 -3.432999e+00 6.822177e+00 8.292972e-01 -5.825673e-01 -1.512926e-01 1.748187e+00 5.125493e-01 1.316293e+00 1.499403e-01 -3.256289e-01 8.470300e-01 1.574010e-01 -3.464054e+00 -2.561692e+00 -7.867675e-01 -1.424594e+00 3.519276e-03 6.174451e-03 4.577580e-01 2.125229e-01 6.147945e-01 5.849265e-01 2.814141e-02 3.046522e-01 7.404649e-01 8.741680e-01 -8.313406e-02 -1.263033e+00 -1.971400e-01 5.169229e-01 4.231977e-03 
1.147924e+00 7.807344e-01 7.678471e-01 6.341922e+00 -1.566725e+00 -1.889427e+00 -8.152069e+00 -6.262771e+00 -1.008539e+01 3.264277e+00 -2.479693e+00 2.372982e+00 -1.512926e-01 1.668527e+00 6.817256e-01 1.521009e+00 4.441250e-01 -1.521022e-01 4.272536e-01 8.354848e-01 -1.372345e+00 -2.215267e+00 -2.782049e+00 -1.807169e+00 4.400688e-01 1.289655e-02 -1.015312e-01 2.553254e-01 1.106379e-02 4.771245e-01 5.321236e-01 3.548196e-01 7.130986e-01 1.739532e+00 6.074449e-01 -8.579975e-01 -1.069911e-01 2.862701e-01 3.178722e-03 
2.502255e+00 3.942052e+00 -2.100876e-01 7.449360e+00 3.086653e+00 3.870574e+00 -6.112021e+00 -5.491314e+00 -8.142539e+00 2.851834e+00 -4.554600e+00 9.819027e-01 -1.204258e-01 1.211908e+00 1.149031e+00 1.452833e+00 1.289305e+00 9.945143e-01 1.406732e+00 1.194157e+00 5.697011e-01 -7.732171e-01 -2.819208e+00 -2.133486e+00 8.225657e-01 1.471455e-02 -3.789040e-01 1.587045e-01 -3.055093e-01 2.845671e-01 6.235691e-01 2.476308e-01 3.973067e-01 1.636835e+00 8.427765e-01 -1.843444e-01 8.637540e-02 6.646289e-02 9.630925e-04 
3.128096e+00 5.494326e+00 1.662344e+00 1.069933e+01 6.020559e+00 5.139801e+00 -1.780097e+00 2.958451e+00 -8.228139e+00 -3.761182e+00 -7.385437e+00 3.144339e+00 -1.022431e-01 4.586593e-01 1.097908e+00 3.661510e-01 1.196499e+00 1.810827e+00 1.532665e+00 1.707711e+00 2.689174e+00 3.629182e-01 -2.066394e+00 -1.264268e+00 3.705324e-01 1.162470e-02 -3.172934e-01 7.810683e-02 -3.396243e-01 1.411996e-01 4.741963e-01 2.336373e-01 2.258150e-01 1.024238e+00 6.292652e-01 2.184195e-01 1.955030e-01 -5.910418e-02 -5.627031e-04 
