-1.079272e+01 2.525709e+00 -6.383710e+00 3.378138e+00 1.858541e+00 -5.251256e-02 5.849916e-01 1.033368e+00 4.958313e+00 -2.031966e+00 5.852515e+00 4.594665e+00 -1.512926e-01 -6.151665e-01 -6.151340e-01 6.015568e-01 6.151404e-01 7.750750e-01 -1.826301e-01 -1.925706e-01 6.422649e-01 -7.513726e-01 1.545901e+00 1.287503e+00 -6.207013e-01 1.935373e-07 1.209526e-01 -6.252667e-03 -1.963035e-01 9.204889e-03 2.295194e-01 1.805356e-01 -8.377443e-02 -1.397471e-01 -1.943349e-01 -2.472003e-01 -4.879481e-01 2.377322e-02 5.315458e-07 
-1.275571e+01 3.977070e-01 -3.866843e+00 5.714982e+00 2.613366e+00 -2.165920e+00 4.274172e-01 9.283572e-01 2.735258e+00 1.822897e+00 1.213789e+01 2.545410e+00 -1.512926e-01 -2.745872e-01 -6.942851e-01 1.460015e-01 9.846276e-01 1.742271e+00 1.674694e-01 -9.333836e-01 2.334840e-02 -1.199687e+00 1.330549e+00 1.533973e-01 -7.918187e-01 1.935373e-07 2.379297e-01 1.079147e-01 -2.932817e-01 -1.507839e-01 -2.407779e-02 1.770909e-01 2.281978e-01 -1.606860e-02 -1.061093e-01 -5.777315e-01 -8.193826e-01 3.187338e-01 5.315458e-07 
-1.288669e+01 5.136268e-01 -4.634310e+00 5.285121e+00 5.356060e+00 9.068842e-02 -2.994584e-01 4.297322e+00 2.313705e+00 3.770045e+00 9.147562e+00 2.515828e+00 -1.512926e-01 -1.806206e-01 -6.067709e-01 -1.522788e-01 4.763468e-01 1.439063e+00 5.448644e-01 -2.408645e-01 2.529353e-01 -1.498790e+00 4.176770e-01 -5.851949e-01 -4.163893e-01 1.935373e-07 1.878273e-01 2.153416e-01 -2.571266e-01 -3.263614e-01 -3.901764e-01 9.333185e-02 4.524089e-01 -2.355320e-02 9.571663e-02 -7.197138e-01 -5.769210e-01 5.156215e-01 5.315458e-07 
-1.111847e+01 5.966171e-02 -6.528351e+00 7.347421e+00 8.820973e+00 7.136127e-01 -3.640037e+00 -4.817803e-01 2.827951e-01 1.719504e+00 4.971406e+00 1.674970e+00 -1.512926e-01 3.573085e-01 -7.974409e-02 -4.880290e-01 -6.939086e-02 3.225283e-01 3.391467e-01 9.726155e-01 7.567126e-01 -9.081876e-01 -7.784831e-01 -1.872899e+00 8.708260e-01 1.935373e-07 2.616498e-03 2.659556e-01 -2.042477e-02 -3.218356e-01 -7.007349e-01 -1.827441e-02 5.407788e-01 1.720504e-01 6.353179e-01 -3.520373e-01 9.265249e-02 3.486914e-01 5.315458e-07 
-1.251459e+01 -3.392577e-01 -5.813877e+00 4.943553e+00 5.950029e+00 1.232120e+00 1.414037e+00 3.003105e+00 -1.309093e+00 1.080214e-01 6.509580e+00 2.947910e+00 -1.512926e-01 8.006480e-03 1.544237e-01 -3.670734e-01 -4.896916e-01 -4.659579e-01 1.981374e-01 1.116424e+00 1.576775e-01 -4.184633e-01 -9.981639e-01 -5.838059e-01 1.126090e+00 1.935373e-07 -3.643548e-02 1.795326e-01 1.556371e-01 3.136967e-02 -4.269568e-01 -5.921121e-02 1.141448e-01 4.563372e-02 9.255159e-01 1.424729e-01 4.663385e-01 -2.041846e-01 5.315458e-07 
-1.115504e+01 4.262013e-01 -5.716619e+00 5.539042e+00 3.929011e+00 -1.040599e+00 4.433875e+00 5.358789e+00 5.058920e-03 -2.382238e-01 4.092240e+00 6.683810e+00 -1.512926e-01 -3.557672e-01 2.549306e-01 1.512604e-01 -1.416913e-01 -8.089114e-01 2.495668e-01 1.091740e+00 9.309773e-01 1.436705e+00 2.781971e-01 6.159289e-01 1.804032e-01 1.935373e-07 -6.661850e-02 8.197579e-02 2.033710e-01 1.908942e-01 -1.189564e-01 4.100962e-02 -3.857655e-01 -2.595919e-01 7.282282e-01 3.500717e-01 5.486912e-01 -6.499633e-01 5.315458e-07 
-1.282843e+01 1.102939e+00 -6.876236e+00 3.740974e+00 5.472354e+00 1.958268e+00 1.245788e+00 2.165751e+00 3.602352e-01 -2.420709e-01 6.668015e+00 5.642151e+00 -1.512926e-01 -6.266927e-03 1.235099e-01 3.062347e-01 6.691480e-01 -1.300184e-01 2.936190e-01 2.701310e-01 3.940068e-01 1.956435e+00 6.016461e-01 5.020322e-01 -1.092082e+00 1.935373e-07 1.310017e-01 5.712016e-02 5.531798e-02 1.632238e-02 -8.547320e-02 -1.116758e-02 -3.228964e-01 -2.971062e-01 2.593830e-01 1.630327e-02 5.872323e-03 -3.878036e-01 5.315458e-07 
-1.274083e+01 6.133566e-01 -5.240927e+00 7.240439e+00 5.015329e+00 1.597879e+00 1.903026e+00 4.591897e+00 6.631717e+00 3.285783e+00 7.972426e+00 1.229889e+00 -1.512926e-01 3.139901e-02 3.455810e-01 1.921815e-01 3.056132e-01 -4.400939e-01 4.962805e-01 -5.329276e-01 -6.597072e-01 1.545458e+00 1.719038e-01 3.277147e-01 -1.269858e+00 1.935373e-07 1.835716e-01 3.515332e-02 -1.255035e-01 -2.589387e-01 -1.740986e-01 -1.843422e-01 -1.213864e-01 -4.209672e-01 -3.012988e-01 -7.480190e-01 -3.502300e-01 4.188260e-01 5.315458e-07 
-1.175338e+01 1.846478e-01 -4.520219e+00 7.438936e+00 4.756656e+00 1.380691e+00 4.030281e+00 5.356516e+00 5.159773e+00 1.354023e+00 7.079652e+00 2.142265e-01 -1.512926e-01 4.695133e-01 3.948638e-01 -1.110290e-01 -6.316792e-01 -1.077634e+00 1.887210e-02 3.142854e-01 -5.324663e-01 8.241088e-01 -8.634937e-01 -4.102987e-01 -8.777512e-02 1.935373e-07 4.654925e-03 -2.749731e-02 -1.326888e-01 -2.853198e-01 -1.820004e-01 -2.287599e-01 6.673425e-02 -1.849285e-01 -3.961121e-01 -5.278032e-01 -1.161597e-01 8.382733e-01 5.315458e-07 
-1.153565e+01 2.613782e+00 -5.933579e+00 5.218097e+00 2.086238e+00 1.729743e+00 3.770950e-01 4.646757e-01 5.332704e+00 -1.766691e-01 5.524468e+00 3.047863e+00 -1.512926e-01 3.242021e-01 2.949542e-01 -2.674823e-01 -7.857169e-01 -1.205493e+00 -5.347319e-01 4.628466e-01 -7.105344e-01 4.963587e-01 -2.729398e+00 -6.789513e-01 1.772220e+00 1.935373e-07 -6.840660e-02 -1.783764e-01 3.843032e-02 4.100149e-02 3.277520e-01 -5.073298e-04 2.389093e-01 2.158627e-01 -4.650627e-01 -3.549268e-02 1.683427e-01 3.259863e-01 5.315458e-07 
-1.108360e+01 2.076924e+00 -7.084468e+00 1.593604e+00 1.548785e+00 1.987505e+00 3.580431e+00 1.567056e+00 5.130078e+00 -2.828330e+00 5.840365e+00 4.293910e+00 -1.512926e-01 -1.294742e-01 1.150368e-02 -1.272988e-01 -2.118140e-01 -6.572345e-01 -3.345998e-01 1.057784e-01 -5.053238e-01 5.005676e-01 -5.866983e-01 4.245964e-01 1.578199e+00 1.935373e-07 -1.171143e-01 -1.342020e-01 1.591610e-01 3.246566e-01 6.015301e-01 1.757856e-01 -2.763987e-01 2.641475e-01 -5.598760e-01 5.986341e-01 3.008743e-01 -4.334199e-01 5.315458e-07 
-1.145485e+01 1.141148e+00 -5.296414e+00 6.234424e+00 5.918043e-01 -1.378315e+00 4.442008e+00 2.933553e+00 9.127850e+00 -8.270150e+00 5.196907e+00 8.051325e+00 -1.512926e-01 -1.122297e-02 -3.545328e-01 3.925141e-01 3.005319e-01 9.884164e-01 6.704871e-01 7.661017e-01 4.062814e-01 -6.180460e-01 -1.439700e-01 7.519336e-01 -4.728904e-01 1.935373e-07 1.856630e-02 -6.920421e-02 4.929600e-03 2.402009e-02 3.729459e-01 1.822035e-01 -6.472842e-01 4.494370e-01 -4.383706e-01 1.187855e+00 -8.085032e-03 -9.339628e-01 5.315458e-07 
-1.244102e+01 9.779533e-01 -5.475967e+00 5.871588e+00 2.218292e+00 1.261356e+00 2.526207e+00 1.595695e+00 5.764738e+00 2.467298e+00 9.366746e+00 5.603604e+00 -1.512926e-01 5.152055e-02 4.868976e-02 3.548798e-01 4.483268e-01 8.332325e-01 2.951999e-01 -1.219161e+00 2.299420e-01 -1.418006e+00 8.369583e-01 3.785284e-01 -1.132339e+00 1.935373e-07 1.163035e-01 -6.071839e-02 -2.350674e-01 -2.881049e-01 -9.684273e-02 -2.312255e-01 -4.603200e-01 3.476647e-01 1.809656e-01 6.666993e-01 -4.047522e-01 -4.452875e-01 5.315458e-07 
-1.091307e+01 1.390472e+00 -4.775833e+00 4.582006e+00 6.693443e+00 5.444615e+00 4.734282e+00 2.481691e+00 1.925340e+00 -3.544384e+00 7.520936e+00 2.911231e-02 -1.512926e-01 3.264819e-01 -6.958885e-02 -4.840848e-01 -9.956495e-01 -8.603497e-02 6.144892e-02 -2.110988e+00 1.169208e+00 -7.363021e-01 2.497971e+00 -6.964294e-01 -1.542375e+00 1.935373e-07 4.467247e-02 -1.208413e-01 -3.930058e-01 -2.406421e-01 -5.366727e-01 -4.727128e-01 3.015693e-02 -9.593476e-02 5.530944e-01 1.862587e-01 -3.075567e-01 3.085145e-01 5.315458e-07 
-1.109636e+01 2.195435e+00 -5.570732e+00 4.661275e+00 2.663905e+00 5.130815e-02 -2.661042e+00 2.942645e+00 1.641199e+00 -1.006215e+00 6.571301e+00 2.643122e+00 -1.512926e-01 2.831661e-01 -4.344306e-01 -8.645359e-01 -1.004215e+00 -6.043376e-01 -1.186242e+00 -7.573792e-01 8.514518e-01 1.464538e+00 1.425900e+00 -8.750296e-01 -1.134024e-01 1.935373e-07 5.547256e-02 -1.013420e-01 -3.050436e-01 6.142558e-02 -2.300367e-01 -1.720140e-01 9.086212e-01 -4.964522e-01 2.820250e-01 -8.072440e-01 -3.300587e-02 5.851379e-01 5.315458e-07 
-1.049461e+01 1.840002e-01 -7.669264e+00 1.861059e+00 -6.085587e-02 -4.660054e-01 -3.519060e+00 8.105876e+00 7.507431e+00 5.956679e+00 3.112960e+00 1.819745e+00 -1.512926e-01 9.632318e-02 -7.172837e-01 -9.629766e-01 -1.763897e-01 -9.762237e-01 -9.523852e-01 6.860718e-01 -3.841338e-01 7.062600e-01 4.928278e-01 -1.592399e-01 5.602719e-01 1.935373e-07 8.250854e-02 1.653896e-01 8.264028e-02 5.188402e-01 9.507479e-02 9.210175e-03 8.532379e-01 -8.836433e-01 -4.734559e-01 -1.529109e+00 2.530145e-01 5.532024e-01 5.315458e-07 
-1.123456e+01 -5.918202e-01 -8.351942e+00 2.211005e+00 2.573695e+00 -1.714241e+00 2.865755e+00 3.040836e+00 1.029586e+01 4.846290e+00 7.195319e+00 4.141068e+00 -1.512926e-01 4.439401e-01 -1.342538e-01 -9.307656e-01 3.458285e-01 1.281831e-01 -5.806126e-02 1.925309e+00 -1.475536e+00 -7.291062e-01 -2.196729e+00 -5.506607e-02 7.420843e-01 1.935373e-07 2.287746e-01 3.706140e-01 3.985631e-01 3.431079e-01 7.222205e-02 2.497547e-01 -1.567465e-01 -6.696932e-01 -1.024378e+00 -1.042193e+00 -8.769677e-02 2.413881e-01 5.315458e-07 
-1.036236e+01 -8.022890e-01 -8.199197e+00 4.924863e+00 1.857454e+00 1.565659e+00 5.401178e+00 5.119530e-01 1.129396e+00 -4.006044e+00 6.412867e+00 2.081056e+00 -1.512926e-01 6.586360e-01 6.072277e-01 -3.756826e-02 9.235061e-01 2.311982e-02 -4.565339e-01 8.139356e-01 -2.085635e+00 -2.006843e+00 -3.336255e+00 1.587217e-01 7.959621e-01 1.935373e-07 2.483006e-01 5.122249e-01 7.239594e-01 -4.591696e-02 9.103861e-02 -6.044403e-02 -7.635283e-01 -1.388343e-01 -4.443727e-01 -2.009243e-01 -6.444730e-01 -1.793367e-01 5.189161e-03 
-8.942848e+00 2.017345e+00 -9.959195e+00 4.858483e+00 2.345998e+00 -1.254804e+00 2.505367e+00 -6.381592e-01 1.184710e+00 -7.008278e+00 4.645789e+00 6.223042e+00 -1.512926e-01 1.145914e+00 7.561213e-01 6.656501e-01 1.613027e-01 -7.428633e-01 -1.853702e-01 -1.605052e+00 -1.646343e+00 -2.300922e+00 -1.870635e+00 -1.472408e+00 9.757566e-01 1.935373e-07 -8.035107e-02 8.092888e-01 1.054024e+00 -2.550318e-01 7.076645e-01 -7.746806e-01 -5.710257e-01 -1.507914e-01 4.033841e-01 6.049011e-01 -8.388639e-01 -6.193052e-01 2.122248e-02 
-8.347062e+00 1.916320e+00 -7.053296e+00 5.154939e+00 1.684718e-01 -2.978586e+00 7.308751e-01 -4.831440e-01 2.029564e+00 -4.797599e+00 5.180870e+00 4.758264e+00 -1.512926e-01 9.868252e-01 1.398589e+00 1.858771e+00 -3.137315e-01 -8.545047e-02 -1.190879e+00 -1.366342e+00 -9.926773e-01 -7.297851e-01 -6.748351e-01 -2.672838e+00 -4.533168e-01 2.594982e-02 -3.145199e-01 1.363274e+00 6.375532e-01 -2.753786e-01 1.404389e+00 -1.033137e+00 2.288673e-01 -3.219332e-01 8.708140e-01 4.963289e-01 -5.974565e-01 -6.737399e-01 4.040649e-02 
-6.512498e+00 1.830190e+00 -5.596917e+00 2.903165e+00 -2.956179e-01 -3.687481e-01 -2.824208e+00 -4.693555e+00 -1.658447e+00 -4.111361e+00 4.492202e-01 7.681096e+00 -1.512926e-01 -1.219410e-01 3.516553e+00 3.391258e+00 -3.106827e-01 3.720793e+00 -3.564220e+00 1.605115e-01 -2.775952e+00 6.492363e-01 -5.028901e-01 -2.833612e+00 -1.729837e+00 9.313602e-02 -3.223875e-01 1.549361e+00 -5.744947e-02 -7.450295e-02 1.099231e+00 -9.894084e-01 8.690617e-01 -1.177496e-01 7.947878e-01 -1.606920e-02 1.954984e-01 -1.984156e-01 4.988611e-02 
-6.643478e+00 6.284358e+00 -1.087504e+00 4.333886e+00 2.751397e+00 -4.831846e+00 1.234097e+00 -2.424242e+00 -1.098317e+00 -8.828951e+00 -4.853473e+00 -9.148356e-01 -2.155389e-02 -2.800388e-01 6.043414e+00 1.787447e+00 -2.174761e-01 4.813218e+00 -3.932763e+00 1.075489e+00 -3.130705e+00 8.721716e-01 -1.538528e+00 -2.148149e+00 -1.219915e+00 1.554680e-01 -1.118759e-02 6.209758e-01 -8.604141e-01 9.979812e-02 -4.105847e-01 -1.776705e-01 4.531392e-01 4.293564e-01 4.497415e-01 -2.674954e-01 8.310007e-01 1.003679e+00 3.469803e-02 
-1.040403e+01 1.741589e+01 4.013563e+00 3.715195e+00 1.965861e+01 -1.814894e+01 3.055861e+00 -1.354715e+01 5.994729e+00 -7.506968e+00 -4.505015e+00 4.100979e-01 2.495183e-01 1.674920e-01 6.180510e+00 4.138785e-01 -2.592884e-01 2.304119e+00 -3.761507e+00 1.519180e+00 -1.166251e+00 8.721716e-01 -1.519169e+00 -7.573131e-01 3.669576e-01 1.846717e-01 3.527253e-01 -1.146181e+00 -1.129610e+00 2.388212e-01 -2.321062e+00 9.592775e-01 -2.610010e-01 1.536530e+00 2.887102e-01 -3.646958e-01 8.940408e-01 1.478385e+00 1.149765e-04 
-7.801455e+00 2.433999e+01 -2.921070e+00 3.661705e+00 1.425745e+01 -1.375207e+01 3.168196e+00 -1.171015e+01 2.564075e+00 -1.079197e+01 -3.082507e+00 2.294408e+00 4.256361e-01 7.862045e-01 3.171574e+00 -9.545951e-01 1.594154e-01 -1.429939e+00 -1.980763e+00 2.199973e-01 3.492304e-01 1.407379e+00 -1.504139e+00 4.440421e-01 3.516589e+00 1.536721e-01 1.690165e-01 -2.394680e+00 -3.755690e-01 3.986552e-01 -2.312706e+00 1.054132e+00 -5.543498e-01 1.473549e+00 5.598284e-01 -7.736938e-02 5.616786e-01 9.141356e-01 -2.921050e-02 
-5.095963e+00 2.370470e+01 -2.609968e+00 1.942262e+00 5.471811e+00 -1.471629e+01 3.804593e+00 -5.881853e+00 8.714562e-01 -1.072561e+01 -4.223137e+00 7.911480e+00 5.484707e-01 1.108645e+00 -7.785138e-01 -8.857360e-01 6.949903e-01 -4.762887e+00 2.561009e-01 -7.167510e-01 3.166683e+00 1.825281e+00 -2.343423e+00 3.405629e-01 3.293814e+00 9.460404e-02 -2.615565e-01 -2.172063e+00 1.822729e-01 5.027872e-01 -9.062958e-01 7.330917e-01 -3.847918e-01 4.644975e-01 4.715540e-01 1.943103e-01 2.692067e-01 -1.554366e-01 -4.047574e-02 
-5.366853e+00 1.899732e+01 -2.548247e+00 6.017882e+00 2.694880e+00 -1.645201e+01 1.960464e+00 -4.510355e+00 8.500760e+00 -1.474013e+01 -2.773900e+00 1.291763e+01 5.973269e-01 9.453901e-02 -2.450394e+00 5.593209e-01 1.298801e+00 -3.216892e+00 -6.708934e-01 -5.784618e-01 2.070268e+00 3.194798e+00 -1.513157e+00 1.113805e-01 1.887442e+00 5.444891e-02 -5.150725e-01 -9.274757e-01 5.180581e-01 2.634230e-01 4.241656e-01 1.847779e-01 5.474467e-02 -4.278129e-01 -1.429513e-01 5.539352e-01 1.002426e-01 -9.982871e-01 -3.261627e-02 
-6.078310e+00 1.619452e+01 -6.012127e-01 6.012082e+00 1.625409e+00 -1.551882e+01 7.617868e-02 -1.313225e+00 1.215325e+01 -1.724992e+01 -2.956148e+00 1.156760e+01 6.366965e-01 -7.944762e-01 -1.868857e+00 5.683597e-01 1.684839e+00 -1.333936e+00 -7.508830e-01 -5.680851e-03 2.956371e-01 2.336321e+00 -5.431710e-01 7.549430e-01 4.043895e-01 3.190507e-02 -4.029233e-01 1.476356e-01 3.608976e-01 -2.090254e-03 9.493238e-01 -8.136567e-02 1.711105e-01 -9.625054e-01 -8.603214e-01 7.961062e-01 1.045436e-01 -6.888216e-01 -1.863607e-02 
-6.837821e+00 1.584288e+01 -1.129275e+00 8.120784e+00 9.565214e-02 -1.670560e+01 2.139896e+00 -3.642998e+00 1.289679e+01 -1.509551e+01 -3.158808e+00 9.903363e+00 6.537725e-01 -8.375938e-01 -9.206871e-01 9.085472e-01 9.817240e-01 -1.023568e+00 -5.532802e-01 1.382810e-01 -3.543981e-01 4.372985e-01 3.653721e-01 7.380437e-01 -3.006331e-02 2.194214e-02 2.832929e-02 3.485870e-01 1.503740e-01 -3.017597e-01 4.851062e-01 1.267267e-01 -8.706091e-02 -6.369253e-01 -1.330923e+00 5.045050e-01 8.358654e-02 5.167045e-02 -8.933067e-03 
-8.333028e+00 1.593743e+01 -4.777696e-01 9.314984e+00 1.016299e-01 -1.834346e+01 3.686158e+00 -4.837660e+00 1.035466e+01 -1.326377e+01 -2.559588e-01 1.144075e+01 6.797905e-01 -4.398217e-01 -8.050966e-01 7.442054e-01 8.430756e-01 -1.112850e+00 -2.095041e-01 -2.194005e-01 -4.334050e-01 -1.097452e+00 6.978391e-01 5.500679e-01 8.084731e-01 1.767511e-02 3.704632e-01 3.376911e-02 6.717137e-02 -5.707543e-01 -9.189698e-02 1.919210e-01 -3.758452e-01 -1.588237e-01 -1.150568e+00 8.407793e-02 -1.192800e-01 2.546568e-01 -2.668931e-03 
-8.427436e+00 1.452243e+01 1.932488e+00 9.274383e+00 -1.661259e+00 -1.780585e+01 8.467686e-01 -4.519901e+00 1.158614e+01 -1.490652e+01 -4.343190e-01 1.283068e+01 6.855000e-01 5.875637e-02 -1.239532e+00 1.223262e+00 2.108096e-01 -9.018465e-01 -3.079366e-01 -9.070137e-01 -7.496057e-01 -1.742905e+00 3.889394e-01 6.317865e-01 1.943741e+00 1.689706e-02 4.628004e-01 -2.488508e-01 -1.905179e-02 -8.059408e-01 -3.370807e-01 3.052677e-01 -3.443802e-01 -1.935452e-02 -8.020574e-01 -1.307424e-01 -1.313820e-01 -2.462983e-01 2.840972e-03 
-7.482937e+00 1.282897e+01 1.588343e+00 9.650752e+00 -3.060593e+00 -1.601584e+01 -3.741792e-01 -3.042030e+00 7.320526e+00 -1.385480e+01 -1.568632e+00 1.414665e+01 7.092167e-01 6.096702e-01 -1.540455e+00 7.469992e-01 -7.835392e-01 -1.854284e+00 8.610975e-02 -1.362203e+00 -3.008048e-01 -2.326447e+00 -1.345911e-01 2.115031e-01 6.907288e-01 2.108090e-02 4.315087e-01 -3.506205e-01 2.889992e-01 -1.171021e+00 -2.549359e-01 4.090782e-01 -1.859255e-02 -1.053361e-01 -3.807897e-01 -1.855939e-02 8.371304e-02 -9.371358e-01 8.441879e-03 
-6.968800e+00 1.119961e+01 3.953712e+00 9.006928e+00 -2.832352e+00 -1.940911e+01 -3.650298e-01 -8.288905e+00 5.698943e+00 -1.285501e+01 6.562542e-01 1.826891e+01 7.235520e-01 9.516373e-01 -1.797323e+00 8.119142e-01 -2.234775e+00 -2.338394e+00 8.253024e-01 -1.012187e+00 -5.174255e-01 -2.958459e+00 1.277753e-01 2.503946e-01 -1.202662e+00 3.443985e-02 4.185272e-01 -4.851899e-01 8.335232e-01 -1.359944e+00 -1.634652e-02 4.810530e-01 1.346548e-01 2.369077e-03 -1.717417e-01 4.488907e-01 2.703452e-01 -1.222083e+00 1.235093e-02 
-6.014096e+00 9.896650e+00 2.246706e+00 5.531308e+00 -8.584021e+00 -1.711133e+01 -2.518717e+00 -4.457168e+00 1.666236e+00 -1.496278e+01 2.567661e-01 1.217538e+01 7.661717e-01 1.271302e+00 -2.279398e+00 2.394690e+00 -3.789234e+00 -1.669291e+00 1.269303e+00 -2.597221e-01 -1.076352e+00 -2.393653e+00 7.357152e-01 1.159253e+00 -2.303828e+00 5.111651e-02 3.203608e-01 -5.630669e-01 1.400244e+00 -1.219181e+00 2.738037e-01 1.312954e-01 -7.428014e-02 1.976989e-01 -2.959501e-02 9.963174e-01 2.946757e-01 -6.740283e-01 1.038331e-02 
-4.403644e+00 7.001894e+00 5.663212e+00 1.603059e-01 -1.059145e+01 -1.313213e+01 -3.141390e+00 -6.399176e+00 -3.786480e-01 -1.371341e+01 -9.509441e-02 7.802563e+00 8.292227e-01 1.820630e+00 -3.295967e+00 4.566959e+00 -5.085996e+00 -1.076173e+00 1.505688e+00 -7.849758e-01 -3.500761e-01 -2.568118e+00 2.198210e+00 1.509624e+00 -2.669369e+00 6.363869e-02 1.019988e-01 -2.930854e-01 1.216722e+00 -6.903590e-01 1.571524e-01 -3.037805e-01 -3.975117e-01 9.540999e-01 5.594678e-02 1.190760e+00 -1.552908e-01 -1.674279e-01 1.485558e-03 
-2.408758e+00 3.530778e+00 1.270757e+01 -4.872350e+00 -7.527592e+00 -1.280754e+01 -2.847176e-01 -9.368556e+00 -1.608955e+00 -9.747462e+00 4.603507e+00 7.860384e+00 9.119498e-01 1.777017e+00 -3.606448e+00 5.870682e+00 -5.453887e+00 -1.116357e+00 4.024850e-01 -1.847288e+00 6.040580e-01 -2.669539e+00 3.811607e+00 1.055311e+00 -1.946055e+00 5.840276e-02 -2.408862e-01 2.268967e-01 1.869868e-01 -1.829801e-02 -1.167962e-01 -3.421429e-01 -4.399316e-01 1.462596e+00 -6.267963e-02 9.167974e-01 -8.918681e-01 -1.040101e-01 -1.070765e-02 
3.316054e-01 -2.096834e+00 2.155807e+01 -1.122101e+01 -8.741615e+00 -1.403251e+01 -5.407412e+00 -7.583382e+00 -5.503667e+00 -4.471552e+00 6.031361e+00 7.079587e+00 9.688346e-01 1.208757e+00 -2.599288e+00 5.157603e+00 -4.854432e+00 -1.829005e+00 -2.603011e-01 -2.206043e+00 3.412867e+00 -2.540828e+00 4.543636e+00 -4.740762e-01 -2.218673e+00 3.822733e-02 -6.138111e-01 8.092286e-01 -1.028970e+00 6.547687e-01 5.249593e-02 8.376210e-03 1.569299e-01 9.511791e-01 8.195578e-02 1.950989e-01 -1.180418e+00 -1.955311e-01 -1.929792e-02 
5.034096e-01 -3.586306e+00 2.365224e+01 -1.604744e+01 -1.509106e+01 -1.464887e+01 -1.062262e+01 -8.449975e-01 -9.118896e+00 -5.253187e-01 2.470474e+00 2.806721e+00 9.883701e-01 3.729696e-01 -1.493114e+00 3.034472e+00 -3.996553e+00 -1.876787e+00 4.415840e-01 -1.749014e+00 4.355072e+00 -2.720860e+00 4.146960e+00 -2.308229e+00 -3.049339e+00 1.028120e-02 -6.828672e-01 8.393803e-01 -1.598986e+00 9.714969e-01 5.671373e-01 4.344235e-01 6.503890e-01 -3.236674e-01 1.060129e-01 -6.088589e-01 -9.790277e-01 -1.876605e-01 -1.963987e-02 
1.840408e-01 -2.435527e+00 2.597895e+01 -1.852413e+01 -1.595457e+01 -1.351281e+01 -9.002651e+00 6.403437e+00 -9.327927e+00 4.393767e+00 -1.399019e+00 -7.637860e-01 9.821334e-01 -5.462775e-01 -3.065941e-01 8.403453e-01 -2.540817e+00 -4.333722e-01 1.527925e+00 -4.937533e-02 2.530306e+00 -2.132838e+00 3.006111e+00 -2.710687e+00 -3.095448e+00 -8.788329e-03 -4.870352e-01 3.614662e-01 -1.431345e+00 9.002060e-01 7.535974e-01 2.820255e-01 5.410830e-01 -1.782891e+00 -1.155272e-01 -1.121714e+00 -5.482895e-01 7.758973e-02 -1.341710e-02 
-4.704314e-01 -3.765042e+00 2.566910e+01 -2.120383e+01 -1.330480e+01 -1.086001e+01 -7.232226e+00 5.413340e+00 -1.330124e+01 6.554914e+00 -3.222960e+00 -3.464750e+00 9.567127e-01 -7.597839e-01 -5.559947e-01 3.441343e-02 -1.753207e+00 1.021294e+00 1.680422e+00 3.262439e-01 -5.730935e-01 -2.343690e+00 1.536041e+00 -2.721568e+00 -2.445988e+00 -1.628500e-02 -1.141818e-01 3.334783e-02 -7.292945e-01 9.417892e-01 4.729408e-01 -1.524702e-01 3.616046e-01 -1.837291e+00 -4.969953e-02 -8.668426e-01 7.452058e-02 4.815432e-01 -4.996438e-03 
-1.913332e+00 -3.540974e+00 2.475138e+01 -2.134755e+01 -1.180113e+01 -8.287167e+00 -7.349644e+00 1.939365e+00 -1.407681e+01 7.018979e+00 -4.675599e+00 -5.262105e+00 9.407084e-01 -6.600683e-01 -1.260439e+00 -4.990399e-01 -1.475039e+00 4.899867e-01 5.303209e-01 -5.382935e-01 -3.037349e+00 -3.306982e+00 2.405616e-01 -3.008740e+00 -2.132407e+00 -1.557546e-02 2.655736e-01 -1.230681e-01 -6.609925e-02 9.990385e-01 -1.191270e-01 -5.221342e-01 3.214366e-01 -6.559106e-01 -6.760816e-02 -2.009658e-01 6.291040e-01 6.526352e-01 5.768928e-04 
-2.246734e+00 -5.814037e+00 2.443841e+01 -2.340147e+01 -1.206089e+01 -8.859373e+00 -9.817971e+00 -1.478696e+00 -1.846294e+01 5.842226e+00 -9.499102e+00 -7.174205e+00 9.276555e-01 -1.411704e-01 -8.493018e-01 5.758561e-02 1.794504e-01 2.618843e-02 1.780082e-01 3.034001e-01 -2.047601e+00 -2.382248e+00 1.195518e+00 -1.786550e+00 -1.123157e+00 -1.131332e-02 4.631580e-01 4.375950e-02 1.991605e-01 1.175042e+00 -3.172409e-01 -6.152483e-01 7.127104e-01 8.484027e-01 2.723143e-01 1.810708e-01 1.333297e+00 7.301458e-01 2.612082e-03 
-2.228448e+00 -7.714085e+00 2.409925e+01 -2.480061e+01 -1.412647e+01 -1.186122e+01 -1.040100e+01 -5.336799e+00 -2.328170e+01 5.952832e+00 -1.330493e+01 -9.571277e+00 9.187837e-01 4.722887e-01 -7.753776e-01 4.981858e-01 1.487972e+00 -5.314216e-01 -3.315436e-01 1.569160e+00 -1.209235e-02 -2.451491e+00 2.171636e+00 -3.261083e-02 -4.936748e-01 -8.391964e-03 5.463044e-01 8.155450e-02 1.240128e-01 1.124562e+00 5.772591e-02 -5.722446e-01 6.116815e-01 1.826238e+00 8.288483e-01 -2.166125e-01 1.538904e+00 8.913069e-01 2.188774e-03 
-1.018589e+00 -5.924776e+00 2.628319e+01 -1.858020e+01 -1.201144e+01 -8.182152e+00 -4.189514e+00 -1.186394e+00 -2.061031e+01 1.306577e+01 -7.841372e+00 -6.925892e+00 9.111241e-01 9.897988e-01 -5.797400e-01 5.313829e-01 2.640569e+00 -5.417989e-02 -9.648210e-01 2.836147e+00 2.156363e+00 -1.409724e+00 1.475920e+00 2.456795e+00 3.853204e-01 -6.816294e-03 5.584277e-01 -2.244165e-01 -3.195056e-01 5.803059e-01 3.801655e-01 -5.090446e-01 -6.811837e-01 1.567837e+00 1.139053e+00 -1.134787e+00 8.334043e-01 7.095835e-01 1.253910e-03 
-1.659466e-01 -7.362440e+00 2.631998e+01 -1.631876e+01 -1.448296e+01 -1.028303e+01 -2.317936e+00 1.732527e+00 -2.526079e+01 1.426512e+01 -5.667515e+00 -7.855049e+00 9.070132e-01 1.505921e+00 -9.872935e-01 -1.161236e-01 2.917140e+00 8.189123e-01 -1.759342e+00 1.253640e+00 3.991848e+00 3.509484e-01 -9.827730e-01 2.564095e+00 1.569926e+00 -6.875014e-03 5.439799e-01 -2.847801e-01 -7.637106e-01 3.043098e-01 6.267704e-01 9.942342e-02 -1.988838e+00 2.962765e-01 1.790937e+00 -1.292831e+00 1.258803e-01 2.999022e-01 1.256668e-03 
1.671168e+00 -8.888824e+00 2.598518e+01 -1.444013e+01 -1.215327e+01 -1.447285e+01 3.211815e-01 5.767920e+00 -2.452190e+01 9.065191e+00 -1.034037e+00 -6.105652e+00 8.994415e-01 2.134149e+00 -1.865273e+00 -1.232826e+00 2.366321e+00 1.251878e+00 -1.653322e+00 -2.944863e+00 3.789403e+00 1.911767e+00 -2.901222e+00 1.082049e+00 1.393057e+00 -5.798469e-03 4.270743e-01 -1.289059e-01 -1.084576e+00 2.987396e-01 3.611784e-01 8.821539e-01 -2.400805e+00 -1.535260e+00 1.849201e+00 -5.109114e-01 -2.810757e-01 -3.899051e-01 2.300461e-03 
3.956080e+00 -1.116836e+01 2.366782e+01 -1.228503e+01 -9.961074e+00 -1.751289e+01 -6.388440e+00 1.114526e+01 -1.957098e+01 3.039083e+00 -3.888287e+00 -2.131748e+00 8.902360e-01 2.620040e+00 -1.556435e+00 -2.438272e+00 3.146527e+00 1.949329e+00 5.097702e-01 -5.484509e+00 6.528107e-01 4.842374e+00 -2.104023e+00 1.284146e+00 5.018539e-01 -2.612875e-03 1.526018e-01 2.662565e-01 -1.152996e+00 3.939747e-01 -1.161141e-01 1.343083e+00 -1.100332e+00 -2.846982e+00 1.270952e+00 3.382848e-01 7.034603e-02 -8.713280e-01 3.505580e-03 
7.591186e+00 -1.334817e+01 2.144585e+01 -8.764941e+00 -8.012876e+00 -1.283439e+01 -1.687883e+01 1.305454e+01 -1.389631e+01 4.172555e+00 -3.320644e+00 -2.822453e+00 8.905170e-01 2.568101e+00 -9.398028e-01 -3.730163e+00 4.019504e+00 1.186415e+00 2.311381e+00 -5.798802e+00 -3.850585e+00 5.590605e+00 -5.180405e-01 1.691465e+00 -1.030031e+00 2.554541e-03 -1.875294e-01 4.599859e-01 -9.527242e-01 2.229229e-01 -5.935771e-01 9.520257e-01 7.085110e-01 -2.361213e+00 1.942385e-01 3.744341e-01 3.480173e-01 -6.190992e-01 3.887523e-03 
9.973907e+00 -1.291558e+01 1.639840e+01 -3.423585e+00 -6.807003e+00 -8.553878e+00 -2.114097e+01 1.353399e+00 -6.361913e+00 6.191837e+00 1.896514e+00 -6.987298e+00 8.984225e-01 2.051978e+00 -1.190209e-01 -4.632399e+00 4.060445e+00 2.709465e-01 2.973746e+00 -2.820985e+00 -6.423064e+00 4.866270e+00 -4.830503e-01 2.611089e+00 -1.575166e+00 6.479037e-03 -4.117564e-01 2.154619e-01 -4.454079e-01 -3.628772e-01 -8.206264e-01 4.459929e-02 1.587645e+00 -1.479074e-02 -1.038969e+00 -2.806362e-02 -6.876368e-02 1.703882e-01 3.624161e-03 
1.150229e+01 -1.271418e+01 1.096877e+01 1.226902e+00 -7.798764e+00 -7.395740e+00 -2.129651e+01 -8.588935e+00 -3.173478e+00 4.898708e+00 4.530608e+00 -8.828131e+00 9.081376e-01 1.480546e+00 -2.841929e-01 -4.899290e+00 3.023994e+00 -8.768592e-01 1.874863e+00 -7.339222e-01 -4.478491e+00 2.870986e+00 -1.839492e+00 2.158511e+00 -6.639851e-01 9.092106e-03 -4.872498e-01 -3.032592e-02 1.971011e-01 -9.057404e-01 -5.163780e-01 -6.271413e-01 1.497145e+00 2.343497e+00 -1.348686e+00 -1.416578e-01 -4.886650e-01 7.313820e-01 3.530399e-03 
1.226052e+01 -1.208083e+01 5.743637e+00 3.021747e+00 -8.713357e+00 -5.362883e+00 -1.828378e+01 -1.014863e+01 -6.010698e-01 2.609463e-01 5.241619e+00 -7.004778e+00 9.138120e-01 1.105076e+00 -8.068888e-01 -4.080704e+00 1.830020e+00 -1.122348e+00 9.509251e-01 -7.881162e-02 8.929433e-01 1.007399e+00 -1.583619e+00 7.067916e-01 1.170786e+00 1.223366e-02 -4.276704e-01 -1.804226e-01 6.967744e-01 -1.103057e+00 -1.040624e-01 -7.851595e-01 7.578082e-01 3.134674e+00 -9.910983e-01 3.153335e-01 -7.420479e-01 6.077606e-01 3.948192e-03 
1.385099e+01 -1.518670e+01 2.276009e+00 3.132596e+00 -1.144464e+01 -5.055000e+00 -2.197713e+01 -3.587538e+00 -2.421785e+00 -2.059858e+00 5.799541e+00 -6.133890e+00 9.282703e-01 6.053089e-01 -7.476001e-01 -3.020535e+00 6.061392e-01 -6.990260e-01 1.870716e-01 3.159719e-01 4.208987e+00 7.765891e-01 -6.761578e-01 2.002755e-01 1.253823e+00 1.732768e-02 -3.288604e-01 -5.445934e-02 8.780993e-01 -8.830727e-01 2.553850e-01 -4.135013e-01 5.158258e-01 2.218541e+00 -3.185730e-01 7.585458e-01 -5.930711e-01 -4.257025e-02 2.835457e-03 
1.432515e+01 -1.571319e+01 3.408201e-01 4.774057e+00 -1.059580e+01 -4.969080e+00 -2.119485e+01 3.317681e+00 -1.700370e+00 1.753167e+00 4.795961e+00 -2.480911e+00 9.495275e-01 3.512621e-01 -7.894158e-01 -2.087896e+00 -2.460769e-01 -3.383915e-01 -1.080153e-01 4.433758e-01 4.906565e+00 9.579785e-01 5.118259e-01 -1.201168e-01 5.046789e-01 2.210362e-02 -2.719632e-01 5.146294e-02 7.666591e-01 -4.539733e-01 1.889870e-01 6.581101e-02 5.990834e-01 5.733893e-01 -1.128433e-01 5.152128e-01 -3.785242e-01 -6.995767e-01 -5.317063e-04 
1.349632e+01 -1.463559e+01 -1.432271e+00 3.381361e+00 -1.035234e+01 -6.657658e+00 -1.826193e+01 5.722916e+00 1.259239e+00 7.721388e-01 5.754830e+00 -4.821059e+00 9.769158e-01 2.130876e-01 -5.652539e-01 -1.505140e+00 -3.535113e-01 8.069026e-03 3.369336e-01 1.584032e+00 4.607480e+00 1.302836e+00 9.054958e-01 -3.933994e-01 -5.439203e-01 1.833571e-02 -2.146012e-01 4.399744e-03 5.954484e-01 -5.984247e-02 1.316278e-01 4.460627e-01 7.682154e-01 -5.268469e-01 -3.929890e-01 2.000378e-01 -6.287445e-01 -5.656123e-01 -5.166037e-03 
1.419374e+01 -1.630316e+01 -2.841268e+00 1.667074e+00 -1.095066e+01 -5.102138e+00 -1.792492e+01 9.729216e+00 2.348058e+00 1.404517e+00 4.663284e+00 -5.137949e+00 9.999999e-01 -5.870187e-02 -6.406714e-01 -1.005048e+00 4.007608e-02 -5.309832e-01 1.205121e+00 2.282683e+00 3.560681e+00 1.800133e-01 2.017237e-01 -8.889194e-01 -1.428263e+00 9.072532e-03 -2.679221e-01 1.000909e-01 4.584250e-01 4.877657e-02 1.626097e-01 4.740912e-01 9.263926e-01 -1.186861e+00 -6.658151e-01 1.103236e-02 -9.622030e-01 -1.275394e-01 -7.984416e-03 
1.498217e+01 -1.771751e+01 -3.658611e+00 2.918632e+00 -1.122672e+01 -3.303772e+00 -1.569194e+01 1.624394e+01 2.067993e+00 2.641863e+00 3.898814e+00 -7.524712e+00 9.947296e-01 -2.627918e-01 -8.000190e-01 -5.846619e-01 1.639160e-01 5.555940e-02 1.760833e+00 3.237370e+00 2.247644e+00 -7.994354e-01 4.792405e-01 -2.558941e+00 -6.076858e-01 -1.991415e-03 -3.177027e-01 2.591549e-01 3.873046e-01 -2.052481e-01 3.707288e-01 2.091442e-01 5.550202e-01 -1.655835e+00 -5.691475e-01 1.739738e-01 -1.080313e+00 2.579533e-01 -7.066099e-03 
1.328879e+01 -1.737493e+01 -3.570704e+00 5.205207e+00 -1.281354e+01 -6.205432e-01 -1.106637e+01 1.586072e+01 -1.204870e+00 1.826744e+00 1.279300e+00 -8.270547e+00 9.859984e-01 -7.504665e-01 -1.715892e-01 -2.559784e-01 -2.608854e-01 4.509715e-01 1.550478e+00 4.248475e+00 1.523181e-01 -1.319980e+00 7.800842e-01 -3.848381e+00 -1.010932e-01 -7.657956e-03 -2.418160e-01 3.551470e-01 3.265274e-01 -5.498273e-01 7.765639e-01 -1.353558e-01 -3.764196e-02 -1.622519e+00 -9.734480e-03 4.761168e-01 -7.935341e-01 3.308899e-01 -4.931631e-03 
1.263517e+01 -1.809959e+01 -3.990910e+00 2.432058e+00 -9.143210e+00 -9.368285e-02 -5.504498e+00 1.389462e+01 -9.614865e-01 2.957330e+00 -5.347730e+00 -6.293008e+00 9.739644e-01 -1.029492e+00 4.958188e-01 5.676390e-02 -1.229247e+00 1.370677e+00 1.209864e+00 3.376272e+00 -1.967384e+00 -7.929184e-01 1.486141e+00 -4.315196e+00 8.213166e-02 -8.626847e-03 -1.351025e-01 3.441936e-01 2.014488e-01 -5.494405e-01 7.985639e-01 -2.122982e-01 -7.061366e-01 -1.186222e+00 3.250155e-01 4.107908e-01 -1.064190e-01 6.054158e-03 -2.536561e-03 
1.161498e+01 -1.697018e+01 -3.954750e+00 6.062783e-01 -9.737724e+00 1.045362e+00 -1.776083e+00 1.166486e+01 -2.737368e+00 5.147331e+00 -9.955451e+00 -6.258943e+00 9.720846e-01 -8.843789e-01 4.871570e-01 3.068920e-01 -2.012647e+00 2.694270e+00 8.039085e-01 2.025116e+00 -2.444192e+00 1.281490e-01 2.078930e+00 -3.978482e+00 -1.188507e-01 -1.226753e-02 3.887904e-02 1.129099e-01 4.831578e-02 -3.595892e-01 7.518352e-01 -1.203807e-01 -9.701506e-01 -5.009246e-01 4.230982e-01 8.669263e-02 4.968676e-01 -1.465358e-01 -1.094279e-03 
1.067176e+01 -1.544121e+01 -3.182919e+00 -9.275573e-01 -5.911429e+00 1.912324e+00 -3.455014e+00 8.504551e+00 -1.130341e+00 8.412134e+00 -1.205981e+01 -8.119497e+00 9.585398e-01 -8.712949e-01 5.915468e-01 1.410712e-01 -1.707330e+00 2.926754e+00 1.072648e+00 8.182284e-01 -2.385239e+00 1.016737e-01 1.883659e+00 -3.025987e+00 -5.685387e-01 -1.237029e-02 1.235274e-01 -5.957491e-02 -1.405605e-01 -4.286108e-02 3.254781e-01 -3.905101e-02 -6.003606e-01 1.605497e-01 1.371456e-01 -3.249772e-01 7.562804e-01 -6.853075e-02 1.756461e-04 
9.848456e+00 -1.626883e+01 -2.439766e+00 -3.178042e+00 -9.580597e-01 2.395628e+00 -1.964664e+00 6.334339e+00 -4.799605e-01 9.493670e+00 -1.525717e+01 -7.951416e+00 9.323637e-01 -6.350898e-01 3.452823e-01 -5.646756e-02 -1.819700e+00 3.432052e+00 1.017214e+00 6.768729e-01 -2.143551e+00 3.482330e-01 1.014675e+00 -2.008788e+00 -5.084054e-01 -1.125949e-02 1.258877e-01 -5.590653e-03 -2.766229e-01 2.821837e-01 -2.657938e-01 9.717805e-03 -2.871102e-01 4.525404e-01 -7.273188e-02 -5.703440e-01 7.502927e-01 1.299640e-01 1.019505e-03 
9.162515e+00 -1.549236e+01 -4.042656e+00 -4.212414e+00 1.100999e+00 4.594359e+00 -1.318609e+00 4.633718e+00 -1.581589e+00 1.020251e+01 -1.782663e+01 -8.289821e+00 9.319596e-01 -5.364645e-01 2.688194e-01 -4.641994e-01 -1.539935e+00 2.629245e+00 9.079267e-01 1.048506e+00 -1.315275e+00 -2.173871e-01 3.933883e-01 -1.518708e+00 -6.567916e-02 -8.250056e-03 1.423024e-01 -1.317652e-03 -1.758461e-01 3.795076e-01 -6.530397e-01 -1.308597e-01 -1.048322e-01 5.020118e-01 -3.652424e-02 -5.322856e-01 6.550369e-01 2.714280e-01 -6.861381e-04 
9.194409e+00 -1.521778e+01 -3.806992e+00 -6.850225e+00 3.915969e+00 4.791261e+00 5.397525e-01 2.882639e+00 -7.710887e-01 9.325837e+00 -1.711610e+01 -8.716076e+00 9.290785e-01 -4.223764e-01 6.206684e-01 -7.734905e-01 -6.852512e-01 1.514025e+00 9.346952e-01 4.743452e-01 -7.165853e-01 -7.591417e-02 -2.769665e-02 -9.805923e-01 2.795827e-01 -9.228733e-03 1.268175e-01 7.294831e-02 -8.829576e-02 5.042571e-01 -9.822442e-01 -1.235715e-01 -1.278376e-01 3.419144e-01 -2.534964e-02 -2.428010e-01 4.997350e-01 2.028594e-01 -3.341812e-03 
8.316251e+00 -1.462264e+01 -4.820722e+00 -6.790934e+00 4.797413e+00 5.254874e+00 5.351778e-01 3.654532e+00 -2.071849e+00 1.046316e+01 -1.872426e+01 -8.065711e+00 9.189419e-01 -2.660628e-01 4.472827e-01 -3.795634e-01 -3.768855e-01 6.207679e-01 4.595000e-01 3.952352e-01 -5.886528e-01 1.311359e-01 -2.566360e-01 -2.648026e-01 3.946027e-01 -1.681838e-02 1.676933e-01 1.221781e-01 3.032974e-02 3.438815e-01 -8.409778e-01 -1.814052e-01 -7.823610e-02 -2.254917e-02 1.031338e-01 -4.802664e-02 4.677300e-01 2.570996e-02 -5.419746e-03 
8.159331e+00 -1.360074e+01 -5.917994e+00 -5.315101e+00 4.763721e+00 6.738794e+00 -5.200627e-01 3.241310e+00 -6.144617e-01 9.224849e+00 -1.971132e+01 -6.665477e+00 8.927306e-01 -1.362144e-01 6.206684e-01 -5.402896e-01 1.200711e-01 -4.748715e-01 6.235894e-01 3.641124e-01 -7.974939e-01 4.709395e-02 1.256110e-01 -1.371319e-01 2.757487e-01 -2.368380e-02 1.829994e-01 1.289186e-01 3.728617e-02 8.393850e-02 -5.167192e-01 -1.887658e-01 7.415926e-02 -2.767518e-01 9.776612e-02 5.477670e-02 4.628386e-01 -1.877018e-01 -5.338394e-03 
8.349422e+00 -1.406441e+01 -4.884937e+00 -6.865048e+00 3.781198e+00 5.917775e+00 1.187841e+00 1.511141e+00 -1.003991e+00 8.969975e+00 -1.785336e+01 -7.342287e+00 8.660450e-01 1.589676e-01 8.797762e-01 -4.291946e-01 -2.232834e-01 -5.812500e-01 1.565090e-01 7.124417e-01 -1.387539e+00 2.369012e-01 7.655253e-02 3.980899e-01 6.467687e-02 -2.812210e-02 1.533171e-01 1.745976e-01 -7.790688e-02 5.469492e-02 -1.447653e-01 -2.102741e-03 3.490406e-02 -3.474903e-01 1.333394e-01 1.285278e-01 4.102983e-01 -2.663662e-01 -3.221852e-03 
8.496561e+00 -1.239362e+01 -6.475981e+00 -6.212845e+00 2.049829e+00 7.577117e+00 2.034168e+00 -3.264556e-02 -1.069204e+00 1.070024e+01 -1.823681e+01 -7.699069e+00 8.370931e-01 2.799942e-01 1.049130e+00 -5.621471e-01 -3.423323e-01 -4.687343e-01 1.423870e-01 6.866850e-01 -1.700801e+00 3.601808e-01 7.955856e-02 1.002182e+00 -4.939774e-01 -3.027030e-02 9.105563e-02 3.750046e-02 3.060433e-02 -2.533813e-02 1.881343e-01 -7.614161e-03 2.534892e-02 -2.287408e-01 1.986303e-01 -5.591224e-02 5.484803e-01 -2.957056e-01 -9.398473e-04 
8.942657e+00 -1.082708e+01 -6.687331e+00 -7.458603e+00 3.248093e+00 5.618247e+00 2.820516e+00 -1.646439e+00 -6.604599e-01 1.010777e+01 -1.747088e+01 -7.225302e+00 8.061210e-01 2.923843e-01 1.106178e+00 -7.582068e-01 1.277658e-01 -1.062001e-01 6.896678e-01 4.084202e-01 -1.874374e+00 6.413617e-01 4.091399e-01 1.216896e+00 -5.522946e-01 -2.963416e-02 7.372828e-03 -1.328178e-01 9.733117e-02 -9.091695e-03 2.101343e-01 1.702017e-01 1.542862e-02 3.477192e-02 1.407078e-01 -9.251803e-02 6.201646e-01 -2.422188e-01 1.198756e-03 
9.262876e+00 -9.974196e+00 -7.827621e+00 -6.730354e+00 2.686729e+00 7.600387e+00 2.096690e+00 -3.684366e+00 1.014109e+00 9.054131e+00 -1.489122e+01 -9.194325e+00 7.713542e-01 2.522403e-01 6.948912e-01 -2.227814e-01 -1.821970e-01 2.284243e-01 3.189122e-01 6.429905e-01 -1.697862e+00 8.380932e-01 -3.203639e-01 2.195898e+00 -8.942270e-01 -2.762787e-02 -5.394164e-03 -2.264627e-01 1.143561e-01 -9.171644e-02 7.972594e-02 2.514226e-01 9.606913e-02 2.282762e-01 3.701340e-02 -2.200416e-02 5.917860e-01 9.515557e-03 2.885095e-03 
9.428301e+00 -9.743652e+00 -8.000939e+00 -5.967303e+00 2.932360e+00 9.354599e+00 3.198186e+00 -6.034595e+00 1.161420e+00 1.183852e+01 -1.344149e+01 -9.356580e+00 7.507471e-01 2.097175e-01 3.926237e-01 -1.123438e-01 -3.488654e-01 1.210230e-01 9.193086e-01 8.116359e-01 -1.215176e+00 7.013722e-01 -1.860544e-01 2.902081e+00 -9.462886e-01 -2.345381e-02 9.842258e-02 -1.852373e-01 -7.255226e-02 -6.703732e-02 -2.544811e-01 3.273859e-01 9.436503e-02 3.321479e-01 -3.803695e-02 -1.667604e-03 5.029397e-01 3.055476e-01 3.036769e-03 
9.515054e+00 -9.460652e+00 -6.933593e+00 -7.869130e+00 3.349714e+00 7.303245e+00 5.060106e+00 -6.327805e+00 2.210645e+00 8.233241e+00 -9.272141e+00 -1.110463e+01 7.266440e-01 2.943667e-01 2.734490e-01 -3.131694e-01 -5.627180e-01 -1.837921e-01 1.284689e+00 9.654098e-01 -8.889483e-01 5.152308e-01 2.671349e-01 3.118531e+00 -2.495094e-01 -1.893232e-02 2.107149e-01 4.878418e-04 -3.391393e-01 1.751120e-01 -4.533341e-01 4.020076e-01 -6.715944e-02 3.209210e-01 5.833785e-02 6.170773e-02 2.018235e-01 5.448785e-01 8.843773e-04 
9.865041e+00 -9.120665e+00 -7.696073e+00 -8.634114e+00 3.520895e+00 1.036297e+01 5.397112e+00 -6.400085e+00 2.248492e+00 9.587444e+00 -5.769574e+00 -1.100109e+01 7.112194e-01 7.635059e-01 3.906822e-01 -1.075879e+00 -1.727066e-02 -1.172469e+00 1.843668e+00 7.190343e-01 -6.182156e-01 6.125783e-01 1.069736e-01 3.270277e+00 6.529942e-01 -1.880020e-02 2.249839e-01 2.459748e-01 -3.989554e-01 2.792052e-01 -4.597010e-01 1.099749e-01 -2.556452e-01 3.313264e-01 2.201987e-01 -3.060933e-01 -6.526380e-02 7.227285e-01 -2.413843e-03 
1.051611e+01 -8.917967e+00 -9.546472e+00 -8.210698e+00 1.473249e+00 1.351936e+01 5.824596e+00 -7.946145e+00 3.046766e+00 1.151536e+01 -3.134022e+00 -9.619236e+00 6.964448e-01 1.028852e+00 6.983261e-01 -1.436774e+00 5.275959e-01 -1.391655e+00 1.866643e+00 3.533805e-01 -3.917406e-01 1.174397e+00 -1.583989e-01 3.021070e+00 1.030542e+00 -2.553839e-02 1.068624e-01 3.511147e-01 -2.271041e-01 1.226592e-01 -3.890963e-01 -1.447833e-01 -2.038527e-01 2.049097e-01 1.916035e-01 -7.077194e-01 -3.993126e-01 8.500586e-01 -5.317711e-03 
1.274531e+01 -8.061844e+00 -1.207331e+01 -5.882877e+00 -1.992208e+00 1.546451e+01 6.411180e+00 -8.316635e+00 3.806028e+00 1.073294e+01 -1.587598e-01 -6.834455e+00 6.718498e-01 9.672984e-01 1.409939e+00 -1.545239e+00 5.018988e-01 -1.573726e+00 1.178037e+00 -1.606813e-01 1.931182e-01 1.472956e+00 -1.503778e+00 2.624515e+00 2.027282e+00 -3.222276e-02 -2.276900e-01 4.694949e-01 2.151329e-01 -4.124675e-01 -2.134372e-01 -2.239374e-01 1.384624e-02 4.791561e-02 -5.830690e-03 -6.821949e-01 -7.619930e-01 7.193083e-01 -4.923358e-03 
1.321905e+01 -6.499194e+00 -1.192930e+01 -6.606616e+00 -8.520908e-01 1.408620e+01 6.319685e+00 -7.328812e+00 7.303641e+00 6.868939e+00 3.027425e+00 -8.035233e+00 6.186543e-01 7.267320e-01 1.519407e+00 -1.213926e+00 -2.090556e-01 -1.928661e+00 8.934885e-01 3.858830e-01 -2.698590e-01 1.043107e+00 -2.466069e+00 1.444921e+00 3.313690e+00 -3.881415e-02 -5.444688e-01 5.084333e-01 6.146702e-01 -7.507803e-01 -1.646619e-01 -1.472126e-01 2.299020e-01 1.213012e-01 -2.475241e-01 -3.297916e-01 -8.558995e-01 2.998198e-01 -4.819944e-03 
1.335003e+01 -3.280640e+00 -1.423107e+01 -6.926272e+00 -3.184495e+00 1.596989e+01 4.345938e+00 -5.742748e+00 7.484723e+00 4.391363e+00 4.272058e+00 -1.656637e+00 5.890173e-01 -2.239364e-01 2.327793e+00 -1.115220e-01 -1.711250e+00 -1.971183e+00 1.210496e+00 7.717743e-01 -4.394559e-01 6.488290e-01 -2.150075e+00 2.483112e-01 3.107965e+00 -3.677850e-02 -5.819472e-01 4.419912e-01 7.837756e-01 -6.342314e-01 1.487958e-01 -1.695484e-01 2.922842e-01 2.641475e-01 -3.490226e-01 3.933752e-02 -5.659154e-01 -3.392204e-01 -4.796504e-03 
1.384716e+01 -3.711940e+00 -1.453719e+01 -8.734652e+00 -7.573783e+00 1.773424e+01 8.786488e+00 -1.058186e+01 6.422687e+00 2.355249e+00 1.874644e+00 4.360246e+00 5.437976e-01 -1.097786e+00 2.781493e+00 9.197224e-01 -2.119646e+00 -2.016336e+00 1.114382e+00 1.036701e+00 5.311019e-01 3.487761e-01 -1.484179e+00 -7.022914e-02 1.989244e+00 -4.735800e-02 -3.805363e-01 3.788591e-01 6.247387e-01 -2.358456e-01 6.612201e-01 -4.567586e-01 -1.401315e-01 8.892942e-01 -8.585837e-02 3.346325e-01 1.216635e-01 -8.458208e-01 -1.771297e-03 
1.131134e+01 2.183778e+00 -1.132704e+01 -1.337547e+01 -8.487290e+00 1.969311e+01 9.036573e+00 -8.887146e+00 7.491127e+00 2.239353e+00 1.658862e+00 2.507760e+00 5.253865e-01 -1.030186e+00 2.989078e+00 1.306747e+00 -1.713863e+00 -7.858238e-01 2.197419e-01 9.753752e-01 1.113540e+00 7.506268e-02 -1.798129e+00 5.527301e-01 9.934132e-01 -5.193332e-02 7.156540e-02 -7.913443e-02 2.137599e-01 3.287569e-01 9.119748e-01 -7.803370e-01 -2.584448e-01 1.025477e+00 -8.058826e-02 3.109757e-01 4.953074e-01 -7.177902e-01 2.282536e-03 
8.749164e+00 4.675728e+00 -8.782123e+00 -1.397998e+01 -8.281874e+00 1.779689e+01 9.158058e+00 -3.101581e+00 9.044587e+00 5.235156e-01 3.982891e+00 -1.716895e-01 4.136549e-01 -7.728679e-01 3.083014e+00 1.200582e+00 -1.387059e+00 7.847192e-01 -8.949487e-01 -4.165623e-01 3.400074e+00 9.008191e-01 -9.689453e-01 1.900970e+00 1.417605e-01 -4.009622e-02 3.873070e-01 -7.549307e-01 -3.908548e-01 6.661412e-01 1.063531e+00 -5.493650e-01 -4.045715e-01 3.012054e-01 -4.460806e-01 4.547999e-02 2.316779e-01 -4.896264e-01 9.652514e-03 
1.074830e+01 7.470755e+00 -1.057454e+01 -1.287279e+01 -6.759725e+00 1.703793e+01 9.037082e+00 -3.915297e+00 6.548455e+00 -3.682882e+00 5.981790e+00 5.576263e+00 3.944181e-01 -2.847001e-02 1.781352e+00 8.168445e-01 -4.337967e-01 1.188022e+00 -1.686414e+00 2.061990e-01 3.253470e+00 -3.002372e-02 -8.529125e-01 1.739154e+00 4.428304e-01 -2.899312e-02 2.668968e-01 -1.326791e+00 -7.081963e-01 6.689263e-01 9.059490e-01 -2.628772e-02 -3.029340e-01 -5.813385e-01 -9.401051e-01 -5.321454e-02 -6.422802e-01 -4.849700e-01 9.594602e-03 
1.026436e+01 9.059956e+00 -8.910553e+00 -1.592112e+01 -4.513183e+00 1.458740e+01 6.703455e+00 3.932741e+00 1.139748e+01 4.720597e-01 9.218517e+00 3.534628e+00 4.088061e-01 3.378808e-01 -3.893294e-01 -7.894318e-01 5.710052e-01 2.314494e+00 -6.792191e-01 -6.014589e-01 9.672825e-01 -1.828983e+00 -1.729471e+00 4.948558e-01 -1.836251e-01 -1.056952e-02 -1.953970e-01 -1.452152e+00 -7.985384e-01 8.837661e-01 6.354113e-01 2.817717e-01 -2.028789e-01 -1.290094e+00 -1.002517e+00 -3.345903e-02 -1.224483e+00 -3.842185e-01 3.035391e-03 
1.041150e+01 8.898705e+00 -7.178609e+00 -1.457418e+01 -4.431125e+00 1.286601e+01 1.129497e+01 3.863189e+00 6.164165e+00 -1.998784e+00 7.736718e+00 2.868576e+00 3.828408e-01 -2.509964e-01 -1.908732e+00 -1.239071e+00 6.517262e-01 2.978920e+00 -1.948920e-02 -4.467651e-01 -5.765511e-01 -3.260548e+00 -1.684020e+00 -1.955543e+00 -1.268647e+00 -1.872190e-02 -8.547746e-01 -1.005413e+00 -4.959336e-01 8.788922e-01 1.278190e-01 -3.915979e-02 -3.274609e-01 -1.007961e+00 -4.485692e-01 3.108512e-01 -9.832445e-01 -3.236029e-01 -1.417272e-02 
1.060712e+01 2.016050e+00 -1.442746e+01 -1.027364e+01 2.125909e+00 1.648660e+01 5.021983e+00 -2.154216e+00 9.181510e-02 -8.965526e+00 5.579385e+00 2.639787e-01 3.666081e-01 -1.638590e+00 -2.332713e+00 -1.764143e+00 2.488999e+00 3.066449e+00 -3.196347e-01 -1.104329e+00 -1.135305e+00 -2.496567e+00 -7.207673e-01 -2.374090e+00 -9.235873e-01 -3.005009e-02 -1.149023e+00 -1.334798e-01 3.273969e-01 5.196525e-01 -7.137529e-01 -6.396145e-01 -8.611382e-03 -8.479913e-02 3.265770e-01 7.620736e-01 -3.436097e-01 -1.497500e-01 -3.169382e-02 
9.321986e+00 1.448756e+00 -1.401162e+01 -1.243777e+01 4.815347e+00 1.599077e+01 7.644835e+00 -3.753918e+00 -4.101594e+00 -7.384339e+00 -1.976382e+00 8.681771e-01 3.219155e-01 -3.314030e+00 -2.274021e+00 -1.175470e+00 3.001636e+00 1.451338e+00 -2.062123e+00 -1.179759e+00 -7.352565e-01 -1.939093e+00 1.970343e-01 -1.742566e+00 -8.052378e-01 -9.011152e-02 -8.435811e-01 5.273911e-01 8.744380e-01 4.243014e-01 -1.009190e+00 -6.212310e-01 -8.371356e-02 2.170493e-01 6.729407e-01 5.968910e-01 4.356830e-01 -5.761085e-02 -3.378692e-02 
2.616517e+00 1.121072e+00 -1.431524e+01 -4.544316e+00 6.195660e+00 1.142684e+01 3.007063e+00 2.064377e+00 4.047082e+00 -4.392383e-01 2.205121e+00 -8.294228e-02 2.890109e-01 -3.875748e+00 -8.739432e-01 8.156941e-01 1.994366e+00 -4.905068e-01 -2.856012e+00 -2.779665e-01 6.227292e-01 -8.568664e-01 1.140447e+00 -1.329690e+00 -1.164120e+00 -1.333397e-01 7.203031e-02 1.045508e+00 1.279833e+00 8.981816e-02 -7.252930e-01 -1.533767e-01 -7.756662e-02 1.203884e-01 2.100001e-01 2.738461e-02 6.934091e-01 2.850676e-01 -1.737304e-02 
-2.163384e+00 -2.024303e+00 -1.311198e+01 -2.430458e+00 7.906998e-01 5.085420e+00 6.404063e+00 -1.921921e+00 -5.508326e+00 -5.277053e+00 7.111716e-01 -9.838612e-01 -2.891482e-02 -3.350308e+00 -1.190358e-03 1.843159e+00 3.020509e+00 -2.884170e-01 -1.857564e+00 -1.278493e+00 -3.704761e-01 -7.156650e-01 3.698210e-01 -2.992957e-01 -1.436536e+00 -1.360115e-01 9.310665e-01 1.350034e+00 1.215120e+00 1.311692e-01 7.517812e-02 5.069059e-01 8.584452e-02 2.182359e-01 5.286469e-01 6.133420e-02 1.001230e+00 7.569304e-01 2.159615e-02 
-3.029209e+00 -6.170765e-01 -1.079898e+01 -5.305433e+00 1.685730e+00 7.659457e+00 4.252410e+00 4.372552e-02 -3.488478e+00 -4.316703e+00 -2.412806e+00 -4.630566e+00 -1.246773e-01 -1.260245e+00 1.758353e+00 3.125682e+00 2.928609e+00 3.099616e-01 -1.188771e+00 -1.442693e+00 -7.157209e-01 -2.058436e+00 -6.702660e-01 3.714677e-01 8.174527e-01 -9.396750e-02 1.194596e+00 1.055378e+00 6.797494e-01 2.310075e-01 5.335404e-01 6.441838e-01 5.590978e-01 -3.952643e-02 5.383576e-01 2.204158e-01 1.005784e+00 1.100598e+00 4.597706e-02 
-4.607342e+00 2.312002e+00 -6.553289e+00 3.046237e+00 5.628319e+00 8.586684e+00 6.292142e-01 -4.595363e+00 -3.911779e+00 -3.596321e+00 -1.164284e+00 -4.041159e+00 -1.512926e-01 3.348055e-02 3.159925e+00 3.745086e+00 3.190372e+00 1.427081e+00 -3.610522e-01 -1.678870e-01 1.025198e+00 1.305008e+00 1.409066e+00 2.413158e+00 1.988538e+00 -1.815253e-03 9.518441e-01 4.551111e-01 1.501909e-01 -1.303726e-02 3.719226e-01 3.376110e-01 1.008555e+00 -3.870495e-02 8.794024e-01 4.190500e-01 3.723899e-01 6.337211e-01 4.938145e-02 
-2.463191e+00 7.744688e+00 -1.966568e+00 7.360311e+00 5.326715e+00 3.732170e+00 -1.319626e+00 -1.767505e-01 -7.043153e+00 -4.630728e+00 5.000079e+00 5.532337e+00 -1.196529e-01 4.052830e-01 2.822263e+00 3.263400e+00 3.064499e+00 1.319534e+00 -3.832891e-01 1.962257e+00 -2.724522e-01 8.247876e-01 1.722896e+00 2.343014e+00 2.626395e+00 2.944859e-02 3.925998e-01 -2.561932e-01 -3.130984e-01 -1.299858e-02 2.344681e-02 -2.592513e-02 5.666445e-01 -2.929075e-01 9.547455e-01 3.579573e-01 -3.444109e-01 -6.018334e-01 3.304754e-02 
-2.279054e+00 9.594223e+00 1.197440e+00 7.188238e+00 6.105451e+00 5.242941e+00 8.349854e+00 3.314044e+00 2.793484e+00 1.924847e+00 9.070775e+00 3.877515e+00 -4.050961e-02 5.760683e-01 1.742374e+00 2.525177e+00 2.887523e+00 1.066301e+00 -5.722501e-01 2.061911e+00 -7.857379e-01 2.239788e+00 1.268504e+00 5.769216e-01 8.275422e-01 4.918851e-02 5.404208e-02 -6.010424e-01 -5.836213e-01 -2.803685e-01 -3.948379e-01 -4.406233e-01 -5.274494e-01 -4.681567e-01 -2.623097e-01 -3.812555e-01 -7.289761e-01 -9.665989e-01 8.159215e-03 
-2.166361e+00 9.853261e+00 1.643207e+00 7.946133e+00 8.045498e+00 7.414226e+00 1.020313e+01 -5.273612e+00 -2.717571e+00 1.537244e+00 4.185065e+00 4.541775e+00 -3.283245e-02 4.315500e-01 1.186225e+00 2.170199e+00 3.014992e+00 6.076167e-01 -1.212799e+00 2.754970e-01 -1.274647e+00 2.247935e+00 1.189746e+00 -4.325224e-01 -1.611286e+00 4.576314e-02 -1.525543e-01 -5.912927e-01 -6.020650e-01 -6.273847e-01 -4.221816e-01 -3.402574e-01 -9.865221e-01 3.749561e-01 -5.190326e-01 -6.624395e-01 -2.471732e-01 -5.980836e-01 -6.325653e-03 
-1.875059e+00 9.969829e+00 4.267931e+00 1.719039e+01 9.600253e+00 3.884321e+00 5.177524e+00 -5.975498e+00 5.124256e+00 -3.377693e-01 2.127848e+00 5.920746e-01 5.124735e-02 2.905010e-01 9.728161e-01 1.373634e+00 1.813179e+00 -1.912444e-01 -2.149489e+00 -1.961814e+00 -8.146092e-01 -7.182446e-01 -2.306639e-01 1.561752e-01 -7.256318e-01 3.082363e-02 -3.186682e-01 -4.920508e-01 -6.670985e-01 -9.802806e-01 -9.309079e-02 4.334082e-01 -4.794911e-01 6.476877e-01 -1.042580e+00 -8.899598e-01 1.971007e-01 2.263475e-01 -1.850232e-02 
-5.074288e-01 1.348757e+01 7.349020e+00 1.743400e+01 6.616819e+00 -1.652187e+00 1.644299e+00 -1.905101e+00 3.031044e+00 2.449504e+00 6.308864e+00 -8.812192e-01 6.329891e-02 -2.147181e-01 2.507491e-01 8.288414e-01 4.647323e-01 -1.624579e-01 -1.296056e+00 -9.583738e-01 1.616626e+00 -2.913820e-01 -8.398061e-01 1.317482e+00 4.126629e-01 7.007523e-03 -3.246047e-01 -4.378860e-01 -6.793180e-01 -8.964567e-01 2.527700e-01 1.061601e+00 1.263169e-01 4.940708e-01 -7.068049e-01 -8.852285e-01 -4.262000e-02 6.420450e-01 -1.709451e-02 
-1.656051e+00 1.264116e+01 5.212458e+00 1.151069e+01 5.863624e+00 -9.707889e-01 2.820516e+00 -2.443335e+00 -3.671889e+00 3.157685e-01 8.789869e+00 2.960460e+00 6.553002e-02 -6.941658e-01 -2.501429e-01 -1.396245e-01 -7.386780e-01 9.857861e-01 1.636475e+00 2.813229e-01 1.007391e+00 -1.703260e+00 -2.166428e+00 6.874616e-01 9.474052e-01 -2.394315e-02 -5.614027e-02 -1.234894e-01 -3.449515e-01 -3.369990e-01 4.614576e-01 1.123025e+00 1.701367e-01 -1.190672e-03 2.727535e-01 -2.914012e-01 -8.194669e-01 1.050749e-01 -6.626244e-03 
-3.349429e+00 9.771017e+00 5.315327e+00 1.310897e+01 9.101383e+00 3.361638e+00 6.589594e+00 1.042914e+00 2.239873e-01 -2.988468e+00 7.441233e+00 5.420731e+00 -4.934683e-03 -6.992210e-01 -3.917189e-01 -4.697870e-01 -1.913434e-01 1.283003e+00 2.202199e+00 -2.144945e-01 2.845727e-01 -7.934615e-01 -2.268513e+00 -9.112589e-01 7.625659e-01 -1.232135e-02 2.586716e-01 2.906307e-01 -7.854760e-02 -2.255303e-02 2.400362e-01 4.154236e-01 -4.186912e-01 -7.504722e-01 3.004216e-01 6.809922e-02 -1.117421e+00 -2.584956e-01 6.492179e-03 
-3.925228e+00 1.057792e+01 4.587137e+00 1.565913e+01 1.328689e+01 9.559258e+00 4.111609e+00 -2.412878e+00 -1.988586e+00 -8.451447e+00 4.998621e+00 2.178319e+00 -3.436086e-02 2.521412e-01 6.765222e-01 2.983463e-01 4.563118e-01 1.393473e+00 1.716465e+00 -1.483168e+00 -1.547198e-01 8.966103e-01 -9.732740e-01 -2.826783e+00 -3.752243e-01 7.354953e-03 2.206925e-01 2.048095e-01 7.538263e-03 -1.457939e-01 -2.099126e-01 -5.571246e-01 -1.116487e-01 -4.183202e-01 3.201357e-01 5.992152e-01 -4.451062e-01 -2.631932e-01 8.477730e-03 
-2.868887e+00 1.256021e+01 5.312833e+00 1.440306e+01 9.320930e+00 4.093753e+00 -7.377119e-02 -4.976909e-01 -1.778392e+00 -4.509542e+00 3.648041e+00 3.322621e+00 5.163385e-02 6.055071e-01 1.240287e+00 2.171614e-01 -2.456413e-01 8.336709e-01 7.412026e-01 -2.169708e+00 -1.554543e+00 -8.921968e-02 -1.095920e+00 -2.512641e+00 -2.185347e-01 2.382120e-02 -1.137527e-01 -2.623318e-01 -2.651814e-01 -4.169547e-01 -4.108689e-01 -4.636842e-01 8.363186e-01 8.168758e-02 -1.214317e-01 7.068329e-01 5.239812e-01 -3.360062e-01 -8.564914e-03 
-6.358567e-01 1.462928e+01 6.704997e+00 1.314506e+01 1.272172e+01 7.245368e+00 -1.263204e+00 -2.446063e+00 1.812382e+00 -3.790122e+00 -3.447003e+00 2.133497e+00 7.401530e-02 -2.429676e-01 -4.210998e-02 -4.454645e-01 -1.440486e+00 1.609150e-01 -4.185942e-01 7.006366e-01 -1.647469e-01 -4.547140e-01 2.433272e-01 -7.375202e-01 1.219851e-01 3.720909e-04 -5.046300e-01 -7.458430e-01 -5.053157e-01 -3.471723e-01 -6.550294e-01 -2.518571e-01 1.368972e+00 6.142808e-01 -3.604900e-01 6.428765e-01 1.103570e+00 -4.341616e-01 -2.225694e-02 
-1.966489e+00 1.394672e+01 5.342135e+00 1.313733e+01 1.355262e+01 8.225101e+00 -1.571237e+00 -6.713297e+00 -2.122505e+00 -1.079870e+01 -8.989304e-01 4.350386e+00 5.999615e-02 -1.020373e+00 -1.344071e+00 -1.423791e+00 -1.327535e+00 -1.550056e-01 9.513466e-01 2.875088e+00 6.977599e-01 -7.250332e-01 6.573179e-01 6.638488e-01 -1.166239e+00 -5.165439e-02 -4.549210e-01 -7.970588e-01 -4.587258e-01 5.941412e-02 -4.868741e-01 -2.813695e-02 1.144822e+00 1.189865e+00 6.217523e-01 8.843834e-01 6.571874e-01 -3.746585e-01 -2.216456e-02 
-5.591389e+00 9.673877e+00 2.345212e+00 9.089420e+00 1.197504e+01 5.400462e+00 8.363070e+00 -1.281094e-01 -4.090531e+00 -4.089720e+00 3.584861e+00 2.274238e+00 -3.667982e-02 -1.457991e+00 -1.760435e+00 -1.407850e+00 -7.386780e-01 -1.387417e+00 3.521095e-01 2.839366e+00 1.790545e+00 -5.880406e-01 1.364457e+00 1.102768e+00 -2.072274e+00 -6.619264e-02 -1.651611e-02 -2.147270e-01 2.268681e-02 5.717571e-01 -1.338505e-01 -6.664437e-02 -1.928978e-01 6.410245e-01 1.147690e+00 4.686877e-01 3.256418e-02 5.748065e-02 -4.865447e-03 
-5.493155e+00 8.317810e+00 3.744864e-01 9.793180e+00 8.918791e+00 9.772268e+00 9.488456e+00 1.832536e+00 -2.452062e+00 -1.073059e+00 3.451212e+00 -2.578622e+00 -1.512926e-01 -1.061508e+00 -1.885882e+00 -1.595364e+00 -2.995037e-01 -8.265925e-01 2.151049e-01 2.485058e+00 3.417016e+00 3.086182e+00 2.765388e+00 -1.468547e-01 -9.947181e-01 -5.371941e-02 3.610936e-01 3.475639e-01 5.232754e-01 5.150880e-01 1.446459e-01 -3.700263e-01 -8.675393e-01 -1.202141e-01 7.376460e-01 6.062865e-02 -1.965304e-01 6.150131e-01 1.510451e-02 
-6.162511e+00 8.641608e+00 2.150072e+00 1.112465e+01 8.101471e+00 8.232262e+00 7.403390e+00 2.233485e+00 -9.632332e-01 -1.830952e+00 -1.082163e-01 -4.763238e+00 -1.512926e-01 -3.050173e-01 -8.448215e-01 -2.462823e-01 9.041970e-01 -1.725405e-01 -3.837107e-01 -6.884620e-02 1.680938e+00 3.378088e+00 1.532794e+00 -1.691942e-01 3.236737e-01 -2.292532e-02 5.290314e-01 5.665703e-01 5.103236e-01 2.872124e-01 2.937572e-01 -3.355799e-01 -7.800215e-01 -6.165708e-01 -1.993123e-01 -3.634922e-01 1.326692e-01 5.226679e-01 1.919970e-02 
-6.987937e+00 5.033849e+00 -2.537024e+00 1.062261e+01 1.135608e+01 7.884402e+00 1.133411e+01 9.190982e+00 1.174509e+01 1.898397e+00 2.135125e-01 2.895469e+00 -1.512926e-01 2.085280e-01 -6.391387e-02 6.117460e-01 4.264043e-01 -3.912910e-02 -5.309380e-01 -8.593816e-03 1.516266e-01 9.802449e-01 8.762772e-01 3.171816e-01 7.108069e-01 2.231578e-03 3.369186e-01 5.858890e-01 4.734362e-01 -3.261035e-02 -5.915276e-02 -5.503078e-01 -6.740630e-01 -9.763793e-01 -1.344294e+00 -8.372508e-01 4.762056e-01 1.011602e-01 1.329131e-02 
-6.369186e+00 7.091910e+00 2.569030e+00 1.319533e+01 9.893705e+00 4.426098e+00 7.095866e+00 4.597352e+00 5.701854e+00 2.088351e+00 4.357594e+00 1.155485e+00 -1.512926e-01 5.520810e-01 1.615921e-01 4.016539e-02 3.345044e-01 -3.123814e-01 -9.528068e-01 1.861149e-01 3.404134e-01 -5.316959e-01 4.915051e-01 1.534163e+00 -3.117615e-01 1.830320e-03 -9.006114e-03 2.197951e-01 1.307595e-02 -3.868988e-01 -2.057627e-01 -6.095193e-01 -2.494983e-01 -4.266263e-01 -8.611998e-01 -7.153145e-01 2.802545e-01 1.140168e-01 4.174324e-03 
-4.347509e+00 8.773070e+00 3.223652e+00 1.088942e+01 7.826495e+00 9.021060e+00 9.599266e+00 1.408859e+00 -8.834641e-01 1.348733e+00 2.803867e+00 -1.984285e+00 -1.401370e-01 1.945520e-01 5.404719e-01 6.286731e-01 -1.778415e-01 -1.052354e+00 -2.251927e+00 -1.012954e+00 -7.943820e-01 -1.680315e+00 -9.002875e-01 1.382416e+00 -1.713160e-01 3.574108e-04 -2.731791e-01 -6.119986e-02 -1.343364e-01 -2.804459e-01 -9.621740e-02 -6.312023e-01 -3.533267e-01 -5.887686e-02 1.697422e-01 -5.325345e-01 -1.415711e-02 4.529867e-01 -1.258363e-03 
-4.722587e+00 7.580198e+00 -5.301394e-01 1.266300e+01 8.304171e+00 2.899815e+00 9.201772e+00 7.826757e+00 2.692754e+00 9.014999e-01 6.267068e+00 -3.882489e+00 -1.477087e-01 -3.430797e-01 -4.808365e-02 -1.894200e-01 -7.282250e-01 -6.947885e-01 -2.570937e+00 -8.141054e-01 2.110094e-02 4.024055e-01 -1.155439e+00 6.992679e-01 1.334740e+00 -1.115499e-03 -3.428433e-01 -1.658583e-01 -5.438315e-02 -1.824257e-01 6.903858e-02 -4.475850e-01 -3.184535e-01 1.642552e-02 6.828954e-01 -2.971286e-01 -2.459504e-01 7.252421e-01 -1.178389e-03 
-6.838671e+00 7.492125e+00 2.155683e+00 9.999410e+00 6.889078e+00 -2.612230e+00 5.216664e+00 3.604527e+00 4.848266e+00 -2.009845e+00 6.170842e+00 4.557910e+00 -1.512926e-01 -7.098269e-01 -2.650771e-01 5.495614e-02 -4.443949e-01 -3.290395e-01 -2.877827e+00 -1.274967e+00 1.695178e-02 1.361896e+00 -9.628130e-01 6.637331e-01 2.152492e+00 -2.588408e-03 -2.175694e-01 -1.828299e-01 -9.030946e-02 -2.491263e-02 1.812558e-01 -1.558786e-01 -9.850273e-02 1.618276e-01 7.043662e-01 6.757538e-03 -1.473212e-01 5.465268e-01 -7.371557e-04 
