-8.861184e+00 -1.059107e+00 -4.495735e+00 1.389501e+00 -5.345788e+00 9.187436e+00 -3.798901e+00 3.490586e+00 -5.472483e+00 -2.791377e+00 1.238975e+00 -3.950190e+00 -1.512926e-01 -8.692175e-01 -2.347367e-01 7.821726e-01 -6.410663e-01 -2.638266e-02 -3.087395e-03 -5.457069e-01 -3.369898e-01 -3.082040e-03 1.039782e+00 8.005442e-01 1.475126e+00 -1.838220e-06 -4.940013e-02 -1.895970e-01 -1.424589e-01 8.030128e-02 3.412391e-02 2.594544e-01 4.621878e-01 2.515560e-01 -2.824467e-02 -2.665232e-01 -3.558852e-01 -8.070109e-02 1.902393e-07 
-1.009083e+01 -7.563122e-01 -1.862786e+00 1.417961e+00 -5.845460e+00 3.976521e+00 -6.153494e+00 5.843853e+00 -2.030345e+00 3.176288e+00 5.665420e+00 -1.997896e-01 -1.512926e-01 -1.089608e+00 -6.187329e-01 8.674932e-01 -4.155882e-01 2.995023e-01 4.977687e-01 1.940452e-02 7.527988e-02 -6.157278e-01 4.199195e-01 -1.405781e-01 8.453251e-01 -1.838220e-06 8.150360e-02 -1.556352e-01 -4.121669e-01 2.820569e-01 -1.876486e-02 1.279240e-01 6.821461e-01 3.488223e-01 1.681727e-01 -3.080401e-01 -6.797969e-01 -2.412376e-01 1.902393e-07 
-1.259188e+01 -2.384097e+00 -1.901155e+00 -1.829568e+00 -5.227956e+00 1.177761e+01 -5.349891e+00 6.289871e-01 -7.208645e+00 -5.762636e-01 3.028480e+00 1.549668e+00 -1.512926e-01 -1.006056e+00 -9.907325e-01 2.726857e-02 -3.521442e-01 -1.862350e-02 1.043593e+00 1.482711e+00 7.146201e-01 1.621454e-01 1.703429e-02 -5.082105e-01 1.386575e+00 -1.838220e-06 3.190828e-01 1.055356e-01 -4.365455e-01 3.890787e-01 -1.085948e-01 -1.611972e-01 4.719457e-01 2.697561e-01 4.387532e-01 -6.425048e-02 -5.521066e-01 -3.771597e-01 1.902393e-07 
-1.244345e+01 -3.490285e+00 -1.455233e+00 9.210514e-01 -3.907510e+00 1.038139e+01 -2.926062e+00 5.298168e+00 -7.683040e+00 -1.799643e+00 -3.587469e-01 -2.474085e+00 -1.512926e-01 -3.932357e-01 -6.348698e-01 -9.011752e-01 6.248416e-01 -1.242156e-01 1.130382e-01 1.850695e+00 8.812994e-01 7.552801e-01 1.097207e-02 -1.943977e+00 3.131742e-01 -1.838220e-06 4.091979e-01 3.765783e-01 -2.093022e-01 2.535057e-01 -1.649587e-01 -2.565793e-01 -2.233015e-01 -4.517451e-01 3.252313e-01 2.699642e-01 8.525839e-03 -2.959603e-01 1.902393e-07 
-1.271480e+01 -4.646029e+00 -4.563115e+00 -1.229101e-01 -6.407895e+00 1.120297e+01 2.000892e+00 7.336367e+00 -1.835567e+00 -2.176580e-01 1.709652e+00 4.119184e+00 -1.512926e-01 3.780208e-01 3.010744e-01 -5.161615e-01 7.840331e-01 -3.575529e-01 -6.166232e-01 8.982323e-01 6.088149e-01 1.505222e+00 9.229577e-01 -1.058350e+00 -1.445899e-01 -1.838220e-06 3.239155e-01 4.344748e-01 2.191831e-01 1.082652e-01 7.339776e-02 -1.275062e-01 -9.878702e-01 -1.008968e+00 -3.639416e-01 2.367045e-01 5.084091e-01 -2.982262e-01 1.902393e-07 
-1.199538e+01 -2.800282e+00 -5.037579e+00 3.688837e+00 -5.876639e+00 4.828674e+00 -5.756102e-01 6.896246e+00 -9.407953e-01 3.052112e+00 -3.395027e+00 8.085263e-02 -1.512926e-01 2.643501e-01 6.181871e-01 9.267679e-02 2.837171e-01 -3.558661e-01 4.481009e-02 -8.051558e-01 -2.130363e+00 3.388741e-01 1.316750e+00 1.771083e-01 1.310066e-01 -1.838220e-06 8.904273e-02 1.247827e-01 3.573417e-01 -4.031262e-01 1.059117e-01 3.835482e-01 -9.008626e-01 -8.200443e-01 -4.767096e-01 3.633730e-02 1.230956e+00 1.360480e-01 1.902393e-07 
-1.092575e+01 -1.224153e+00 -2.690993e+00 7.064769e-01 -6.031318e+00 1.147108e+01 -2.033695e+00 2.874525e+00 -3.053804e+00 1.612678e+00 -7.448242e-01 -4.507535e-01 -1.512926e-01 2.847526e-01 5.550194e-01 6.260247e-01 3.596948e-01 4.643565e-01 4.398782e-01 -2.128863e+00 -2.824458e+00 -1.449361e+00 5.477314e-01 9.734184e-01 -1.363935e-02 -1.838220e-06 -1.385487e-01 -2.340206e-01 9.428246e-02 -4.475341e-01 1.740816e-01 2.132829e-01 -3.165433e-01 -1.043910e-01 -8.142469e-02 -2.317043e-01 8.792215e-01 3.517728e-01 1.902393e-07 
-1.201625e+01 -2.110700e+00 -1.927826e+00 1.924809e+00 -5.875424e+00 1.047155e+01 -4.934479e+00 -3.122057e+00 -5.379702e+00 3.868998e+00 1.754103e+00 4.661499e-01 -1.512926e-01 9.858980e-02 -1.379149e-01 3.143589e-01 -1.178596e+00 -5.579098e-03 1.502410e+00 -1.140157e+00 -1.502457e+00 -1.510577e-01 3.803888e-01 3.195024e+00 9.278727e-01 -1.838220e-06 -1.500507e-01 -3.234575e-01 -4.617145e-02 -3.688506e-02 1.470897e-01 -3.773105e-01 2.790247e-01 8.139701e-01 5.535944e-01 -2.599405e-01 2.031573e-01 -5.462788e-02 1.902393e-07 
-1.128059e+01 -2.215691e+00 -2.987650e+00 2.557690e+00 -4.086485e+00 1.058130e+01 -6.464757e+00 -1.776792e+00 -6.862620e+00 2.112165e+00 4.002098e+00 3.858848e+00 -1.512926e-01 -2.318099e-01 -4.910173e-01 -1.554711e-01 -7.224710e-01 3.376235e-01 -2.791010e-01 -5.169432e-01 -2.271586e-01 1.343075e+00 2.326221e-01 1.828889e+00 1.215945e+00 -1.838220e-06 -1.140949e-01 -2.178778e-01 -9.283111e-02 3.634639e-01 -9.910392e-03 -6.395307e-01 4.008624e-01 8.273965e-01 6.846754e-01 -2.576885e-01 -6.235663e-01 -4.350485e-01 1.902393e-07 
-1.132512e+01 -2.993886e+00 -3.317997e+00 -3.129664e+00 -6.876792e+00 1.278577e+01 -4.061048e+00 1.709530e+00 2.088084e-01 4.703703e+00 1.020658e+01 2.565499e+00 -1.512926e-01 -2.276248e-01 -4.760481e-01 2.527316e-01 6.404765e-01 4.428783e-01 -1.482051e+00 -2.158828e-01 6.408624e-01 1.710498e+00 1.745258e-01 7.650479e-01 -7.568495e-01 -1.838220e-06 1.245937e-02 4.798735e-03 -3.425918e-02 7.229287e-01 1.149566e-01 -5.238434e-01 7.912422e-02 4.364217e-01 -1.958261e-01 -5.523495e-01 -1.418660e+00 -7.056822e-01 1.902393e-07 
-1.243046e+01 -3.237046e+00 -2.773813e+00 -3.790443e-01 -3.842318e+00 8.917757e+00 -5.055197e+00 -6.773009e-01 8.674951e-01 2.358289e+00 4.173448e+00 4.578938e+00 -1.512926e-01 -1.226233e-01 -3.653187e-01 1.927425e-01 1.267551e+00 1.906491e-01 -1.265307e+00 -5.867432e-01 2.409930e-01 1.043222e+00 -6.376858e-01 -9.294538e-01 -1.346502e+00 -1.838220e-06 1.498390e-01 1.559506e-01 -1.450314e-01 3.245998e-02 -9.740774e-02 3.678344e-01 1.641666e-01 1.988054e-01 -7.868373e-01 -4.123812e-01 -8.294523e-01 -3.550906e-01 1.902393e-07 
-1.257982e+01 -3.980384e+00 -7.706755e-01 6.595305e+00 -3.782795e+00 3.892638e+00 -6.718621e+00 -4.677967e-01 -6.923182e-01 4.619063e+00 5.494069e+00 -3.678399e+00 -1.512926e-01 1.062874e-01 -1.767710e-01 -3.120813e-02 1.441085e+00 6.428174e-01 -6.235149e-01 -7.096602e-01 4.456785e-01 -9.801729e-01 -1.946368e+00 -2.519142e+00 -1.319299e+00 -1.838220e-06 1.233876e-01 1.689579e-01 -3.241902e-01 -9.558988e-01 -1.658632e-01 8.622696e-01 4.673378e-01 2.865241e-01 -5.969536e-01 -1.923238e-01 -3.755074e-01 5.826449e-01 1.902393e-07 
-1.126668e+01 -3.549080e+00 -3.297409e+00 4.033060e+00 -4.680503e+00 8.700603e+00 -8.069597e+00 5.169268e-01 -1.195945e+00 -1.033987e+00 1.711086e+00 2.479883e-01 -1.512926e-01 3.505186e-01 1.390677e-01 -7.385998e-01 -9.604829e-01 -2.493744e-01 1.130601e+00 5.507665e-01 8.647120e-01 -1.245728e+00 -7.689077e-01 -6.762681e-01 -2.783546e-01 -1.838220e-06 2.367141e-02 1.716277e-01 -1.696870e-01 -1.159913e+00 -2.099451e-01 4.342462e-01 7.079638e-01 2.776329e-01 3.624356e-02 3.252240e-01 7.676401e-02 7.675474e-01 1.902393e-07 
-1.137568e+01 -3.722106e+00 -3.212248e+00 1.869697e+00 -3.243845e+00 9.776966e+00 -6.102603e+00 3.340631e+00 -3.660380e+00 -3.331513e+00 -1.157787e+00 -1.865419e+00 -1.512926e-01 1.527721e-01 1.164548e-01 -9.025615e-01 -3.024932e+00 -1.664975e-01 1.631285e+00 1.551936e+00 1.761721e+00 -1.299036e-01 -7.215465e-01 -1.239078e+00 1.622305e+00 -1.838220e-06 -3.825253e-02 1.527531e-01 8.882102e-02 -5.685604e-01 -3.094865e-01 -2.217244e-01 5.561072e-01 -1.352417e-01 4.276334e-01 4.829771e-01 2.904738e-01 7.100621e-01 1.902393e-07 
-1.127966e+01 -2.670513e+00 -5.246269e+00 -2.818870e+00 -5.358746e+00 1.162944e+01 -2.609473e+00 1.742012e+00 -3.876765e+00 2.489146e+00 4.118243e+00 2.280692e+00 -1.512926e-01 -2.748671e-02 3.461942e-01 -2.201232e-01 -2.298880e+00 -4.544863e-01 -2.215551e-01 1.822315e+00 9.711613e-01 7.992313e-01 3.760947e-01 -1.185571e+00 1.020364e+00 -1.838220e-06 5.617987e-02 2.829883e-02 2.530203e-01 6.046581e-01 9.301087e-02 -9.979089e-01 1.550864e-01 -6.749803e-01 3.793536e-01 3.217983e-02 -2.654728e-01 3.012404e-01 1.902393e-07 
-1.180937e+01 -3.837176e+00 -4.309038e+00 -5.103298e+00 -4.275988e+00 1.058443e+01 -1.689293e+00 7.728308e+00 -1.539235e-03 -7.505549e-01 -1.905207e+00 3.416798e+00 -1.512926e-01 1.039707e-01 4.834647e-01 1.535480e-01 -7.324205e-01 -8.021869e-01 -1.056143e+00 1.434964e+00 -2.838457e-01 1.355488e-01 -1.040839e-01 -8.119707e-01 1.581594e+00 -1.838220e-06 2.846412e-01 3.630811e-02 -4.074958e-02 1.113429e+00 4.787990e-01 -9.730126e-01 2.225782e-01 -1.061062e+00 8.757029e-02 -2.967226e-01 -2.647616e-01 -1.686361e-01 6.635351e-04 
-1.118736e+01 -1.760869e+00 -3.849547e+00 -3.974862e+00 -6.436644e+00 7.189148e+00 -1.164998e+00 3.178766e+00 9.710801e-01 -4.442923e-01 -3.843121e+00 2.709205e+00 -1.512926e-01 6.558076e-01 9.713285e-02 -1.591698e-03 9.166065e-01 5.336268e-01 -2.515293e+00 1.384531e+00 -1.487480e+00 5.183754e-01 -9.168006e-01 -2.217162e+00 1.248214e+00 -1.838220e-06 3.865805e-01 -2.549993e-02 -3.295330e-01 7.532869e-01 1.013494e+00 -3.215039e-01 1.752798e-01 -6.549303e-01 1.924226e-01 -4.549953e-01 -1.487441e-01 -1.007526e-01 4.492463e-03 
-1.090210e+01 -1.760029e+00 -3.142529e+00 -1.214304e+00 -6.715634e+00 6.716426e+00 3.493031e-01 1.203364e+00 -5.406392e+00 -2.385440e+00 -1.237010e+00 5.828550e+00 -1.512926e-01 1.234399e+00 4.225264e-01 -1.215487e+00 9.345672e-01 1.733486e+00 -2.086973e+00 2.883505e+00 -2.314274e+00 4.484438e-01 -1.558638e+00 -2.047115e+00 6.652211e-01 3.313031e-03 2.684031e-01 1.117443e-01 -7.782001e-04 4.552614e-01 1.312880e+00 2.780781e-01 5.533726e-03 -1.098809e-01 8.597957e-01 1.980746e-01 3.698827e-01 -4.297717e-01 1.981489e-02 
-8.454392e+00 -3.223607e+00 -5.837711e+00 -1.802805e-01 -1.471103e+00 9.865359e-01 3.293877e+00 -2.432913e+00 1.417513e+00 -1.277326e+00 -7.301684e+00 7.315589e+00 -1.512926e-01 1.340298e+00 2.491601e-01 -1.183224e+00 6.341450e-01 3.345257e+00 -1.313721e+00 1.974379e+00 -1.288270e+00 1.604933e+00 -1.171793e+00 -1.311746e+00 9.748685e-01 2.080655e-02 3.139600e-01 6.459135e-01 7.692052e-01 1.310790e-01 4.920331e-01 2.333293e-01 -8.101282e-01 4.324236e-01 7.051558e-01 5.906094e-01 1.272627e+00 -8.088266e-01 4.413866e-02 
-7.003953e+00 -9.935924e-01 -9.392450e+00 -2.327833e+00 1.908363e+00 3.250583e+00 1.049850e+01 -1.037302e+00 2.017734e+00 -8.127028e+00 -1.041145e+01 4.439397e+00 -1.347085e-01 1.103689e+00 9.661936e-01 7.405836e-01 1.685170e+00 4.356422e+00 -2.665236e-01 1.167653e+00 -9.330095e-01 3.891213e+00 1.013891e+00 5.847394e-01 -4.305987e-01 8.867337e-02 3.920254e-01 9.864942e-01 1.295957e+00 1.157192e-01 -6.778513e-01 -3.947057e-01 -1.810173e+00 5.464579e-01 4.280418e-01 5.171608e-01 1.323167e+00 -6.387609e-01 5.808233e-02 
-6.434817e+00 -8.982604e-01 -6.640651e+00 -2.475892e-01 5.977410e+00 2.353745e+00 3.632361e+00 -2.142206e+00 5.283524e+00 -3.432301e+00 -5.815090e+00 8.277791e+00 -5.554771e-02 2.290991e+00 3.054764e+00 2.866414e+00 1.196613e+00 1.682208e+00 -2.259094e+00 -1.808243e+00 -1.603143e-02 2.322836e+00 7.499318e-01 2.830114e+00 -2.248054e+00 1.780135e-01 3.436977e-01 1.017103e+00 8.238592e-01 -4.700446e-02 -1.673693e+00 -8.052693e-01 -1.812138e+00 2.400989e-01 -2.814544e-01 -2.022555e-01 6.862635e-01 -2.451796e-01 4.612029e-02 
-6.393535e+00 1.908366e+00 9.615404e-01 7.244902e+00 1.134220e+01 4.700891e+00 6.018909e+00 -3.607111e+00 1.211664e+01 3.761528e+00 9.432331e-01 3.194471e+00 2.442128e-01 2.719068e+00 3.952170e+00 3.239455e+00 1.231888e+00 -8.243399e-01 -3.587818e+00 -4.275979e+00 -2.181402e-01 2.229799e+00 6.641615e-02 2.497768e+00 -9.171607e-01 2.151224e-01 -2.607394e-02 3.522400e-01 -4.845111e-01 -4.787507e-01 -1.806843e+00 -6.348100e-01 -1.279522e+00 2.733962e-01 -9.859876e-01 -1.075383e+00 -5.111470e-01 6.823749e-01 5.110465e-03 
2.695484e+00 1.059954e+01 3.317485e+00 1.016368e+00 2.222987e+00 -1.103377e+01 -3.507757e+00 -1.228941e+00 7.982137e+00 -3.471837e+00 1.171223e+00 -3.302474e+00 5.493139e-01 2.251083e+00 3.841759e+00 1.686545e+00 6.257461e-01 -2.432849e+00 -3.679478e+00 -4.364380e+00 -4.452107e-01 1.028332e+00 -1.709184e+00 1.162941e+00 -7.729691e-03 1.881879e-01 -8.374000e-01 -6.229984e-01 -1.297592e+00 -1.921547e-01 -6.580954e-01 3.153257e-01 7.627818e-02 3.762717e-01 -8.149194e-01 -9.001338e-01 -1.124705e+00 1.070059e+00 -3.704804e-02 
2.026158e+00 1.301854e+01 1.825309e+00 3.200059e+00 -3.361110e-01 -7.994394e+00 -7.311559e+00 -2.584492e+00 1.181733e+01 -7.775104e+00 -1.415889e+00 5.643712e+00 6.384533e-01 9.933071e-01 2.333908e+00 -1.092107e+00 -4.232118e-01 -2.620306e+00 -2.730315e+00 -3.951716e+00 6.484314e-01 -3.914539e-01 -3.133427e+00 -1.137405e+00 1.861224e+00 1.091395e-01 -1.079425e+00 -1.010362e+00 -1.149659e+00 -7.040559e-02 2.882852e-01 7.580929e-01 1.038105e+00 4.494900e-01 -7.901042e-01 -5.705385e-01 -5.863303e-01 3.271274e-01 -5.197246e-02 
6.109704e-01 1.275522e+01 1.360203e+00 4.904006e+00 -3.478537e-01 -9.695566e+00 -1.152367e+01 -4.879293e+00 1.057494e+01 -6.209824e+00 1.179468e+00 7.014641e+00 6.882582e-01 -1.033109e+00 7.488753e-01 -1.455696e+00 1.063264e+00 -7.102014e-01 -1.111277e+00 -1.589063e+00 1.432066e+00 -4.411556e-01 -2.150842e+00 -9.758399e-01 1.713107e+00 4.577074e-02 -8.276700e-01 -8.403043e-01 -5.479113e-01 5.816507e-02 8.034627e-01 1.135871e+00 1.125248e+00 1.894965e-01 -4.843426e-01 -2.368434e-01 2.101443e-01 -1.198419e-01 -4.338257e-02 
-3.844384e-01 1.250031e+01 -3.520135e+00 3.185152e+00 -4.737840e-01 -9.619523e+00 -9.731838e+00 1.459966e+00 8.862928e+00 -1.053704e+01 -4.747911e+00 7.342144e+00 7.204250e-01 -1.035949e+00 4.468380e-01 -9.375971e-01 6.611508e-01 -2.443140e-01 -1.081470e+00 -4.732223e-01 1.090816e+00 -9.859236e-01 -2.565599e+00 6.356279e-01 -1.419634e-01 2.646823e-02 -3.586977e-01 -3.774736e-01 9.732978e-02 1.074068e-01 9.031469e-01 1.121774e+00 7.856878e-01 -4.780011e-01 -4.067557e-01 2.405732e-01 1.139246e+00 -4.840909e-01 -2.494158e-02 
-1.264814e+00 1.460307e+01 -1.288188e+00 6.340075e+00 -1.258925e+00 -1.577745e+01 -1.024311e+01 3.909594e+00 7.253547e+00 -1.284514e+01 -2.042144e+00 4.413885e+00 7.372022e-01 -8.726552e-01 5.837899e-01 -1.130167e+00 3.744252e-01 3.964357e-01 1.175570e+00 -4.774410e-01 2.812537e-01 -1.096109e+00 -3.177252e+00 1.327229e+00 3.945962e-01 1.260738e-02 -2.069345e-02 -5.666782e-02 1.961501e-01 -2.769047e-01 6.149959e-01 1.016886e+00 2.604577e-01 -7.699194e-01 -3.464767e-01 5.419323e-01 8.859574e-01 -2.682730e-01 -1.335403e-02 
-2.215694e+00 1.432883e+01 -1.538522e+00 5.787601e+00 -1.101816e+00 -1.036114e+01 -1.031768e+01 -1.525062e+00 8.548042e+00 -1.728539e+01 3.372616e+00 6.234154e+00 7.463199e-01 -8.804275e-01 5.292215e-01 -7.682163e-01 4.584142e-01 1.342155e+00 1.735350e+00 -5.792646e-01 -1.166200e+00 -2.097743e+00 -1.417187e+00 3.407269e+00 9.995744e-02 1.010224e-03 -1.098742e-01 -1.130615e-03 2.941790e-01 -1.995184e-01 3.983471e-01 5.005934e-01 2.626261e-01 -4.873697e-01 -6.694389e-02 1.208456e+00 2.233246e-02 -1.382484e-01 -9.857619e-03 
-2.836781e+00 1.476014e+01 -5.281830e+00 5.474549e+00 1.948856e+00 -3.447485e+00 -1.361789e+01 -1.980341e+00 5.251749e+00 -1.872204e+01 3.755108e+00 9.541462e+00 7.383442e-01 -1.214265e+00 4.244373e-01 -5.596409e-01 -2.199584e-01 1.571668e+00 2.564769e+00 -2.337163e-01 -1.289075e+00 -1.617567e+00 -1.529756e-02 2.068044e+00 2.507945e-01 -8.269455e-03 -1.941900e-01 -6.461501e-02 6.710972e-01 -1.996087e-01 -7.746139e-02 -2.893003e-01 4.709292e-01 -2.819169e-01 4.456951e-01 1.515936e+00 -5.943632e-01 -4.368798e-01 -6.268839e-03 
-4.000565e+00 1.506755e+01 -5.364651e+00 5.910022e+00 4.633074e+00 -7.107747e+00 -1.094079e+01 -1.425453e+00 -6.249561e-01 -1.468439e+01 9.389613e+00 5.278200e+00 7.249048e-01 -1.414553e+00 5.208345e-01 2.479425e-01 -3.918826e-02 1.159870e+00 7.267463e-01 7.179796e-01 -5.610005e-01 -1.059963e+00 1.895566e+00 3.768926e-01 -7.612582e-01 -1.238126e-02 -1.043004e-01 -1.950297e-01 8.243341e-01 -2.593765e-01 -6.862773e-01 -3.327557e-01 5.988656e-01 1.173187e-02 7.007268e-01 9.472284e-01 -9.753004e-01 -2.292253e-01 -1.657332e-03 
-6.444094e+00 1.635559e+01 -2.173480e+00 5.179113e+00 3.731721e+00 -4.580293e+00 -1.110057e+01 -2.585575e+00 3.751990e+00 -1.422221e+01 5.289380e+00 6.146160e+00 7.065639e-01 -1.576501e+00 2.649786e-01 1.717170e+00 -3.747566e-01 1.003504e-01 2.332988e-01 1.228632e+00 -1.430793e+00 6.134659e-01 2.745919e+00 -1.294790e-01 -1.359166e+00 -1.204391e-02 1.228399e-01 -3.295110e-01 6.484204e-01 -1.350071e-01 -1.014559e+00 -3.584281e-01 6.198043e-01 3.591457e-01 2.815690e-01 1.693575e-02 -5.365428e-01 1.293745e-01 3.254779e-03 
-7.484959e+00 1.613510e+01 -1.852960e+00 5.739266e+00 3.806226e+00 -6.160736e+00 -7.986160e+00 -4.027743e+00 3.997925e+00 -1.005704e+01 4.489981e+00 4.125953e+00 7.003273e-01 -1.220842e+00 -3.662742e-01 2.215104e+00 -7.611060e-01 -1.353650e+00 1.237423e+00 1.684057e+00 -1.036560e+00 2.903019e-01 1.938380e+00 -3.706232e-01 -2.411144e-01 -5.389723e-03 4.404821e-01 -4.075550e-01 1.214313e-01 -1.306703e-01 -9.614798e-01 -1.210397e-01 3.525475e-01 7.702898e-01 -1.645715e-01 -9.497347e-01 -7.310057e-02 7.365078e-01 8.045976e-03 
-8.977609e+00 1.555093e+01 1.548304e+00 3.686126e+00 2.863571e+00 -2.755257e+00 -8.951904e+00 -7.833464e+00 6.007348e+00 -7.306244e+00 5.557878e+00 3.322036e+00 6.904190e-01 -6.969552e-01 -7.795718e-01 1.698896e+00 -5.340772e-01 -2.244380e+00 5.174101e-01 2.382441e+00 7.445740e-01 -8.848771e-01 4.797689e-02 -2.410985e-01 6.375489e-01 4.510882e-03 8.420533e-01 -4.287888e-01 -3.279895e-01 3.462842e-02 -7.347865e-01 -4.660968e-01 1.168681e-01 1.263722e+00 -5.368944e-01 -1.169965e+00 2.672117e-01 6.873102e-01 1.256848e-02 
-8.837992e+00 1.363883e+01 3.850439e+00 2.850415e+00 -1.701098e+00 -1.834116e+00 -3.594745e+00 -3.984434e+00 -3.014911e-01 -8.451109e+00 7.402588e+00 5.484907e+00 7.060193e-01 3.481271e-01 -9.946606e-01 8.642164e-01 -6.127685e-01 -2.475131e+00 -2.048900e-02 1.903812e+00 2.202817e+00 -1.133694e+00 -1.504205e+00 6.726878e-02 1.923041e+00 1.957447e-02 1.031981e+00 -4.831774e-01 -1.538963e-01 -1.054750e-02 -3.928898e-01 -8.363089e-01 -1.649140e-03 5.037920e-01 -1.496823e-01 -4.386541e-01 4.817582e-01 1.562547e-01 1.437546e-02 
-9.252204e+00 1.370603e+01 3.469089e+00 3.952651e+00 -4.736382e+00 -4.156960e+00 -1.384539e+00 1.115665e+00 1.477249e+00 -1.478518e+01 2.627706e+00 8.654237e+00 7.262750e-01 1.849237e+00 -1.564763e+00 7.526822e-01 -2.759080e-01 -3.012987e+00 -1.468440e+00 1.702850e+00 3.268116e+00 -1.358995e+00 -1.382455e+00 9.876587e-01 9.953178e-01 3.831473e-02 8.494313e-01 -5.846283e-01 4.937589e-01 -5.350851e-01 5.069033e-02 -5.552064e-01 -1.247743e-01 -8.051859e-01 1.210238e-01 8.662153e-01 4.448150e-01 -3.444751e-01 1.253825e-02 
-5.606856e+00 1.208454e+01 1.507596e+00 2.541880e+00 -4.769181e+00 -5.562582e+00 -2.251461e+00 2.511276e+00 5.948693e-01 -1.383855e+01 6.290958e+00 1.107484e+01 7.802611e-01 2.666007e+00 -2.389553e+00 1.918688e+00 -9.430391e-01 -2.933709e+00 -1.951206e+00 2.015607e+00 2.207016e-01 -2.210919e-01 4.602081e-01 1.423771e+00 3.613895e-01 4.958431e-02 2.067691e-01 -3.929333e-01 9.463457e-01 -9.995838e-01 5.004591e-01 -1.041619e-01 2.213563e-02 -1.787635e+00 2.123690e-01 1.627842e+00 -4.841601e-02 -7.662403e-01 5.948463e-03 
-1.346914e+00 8.504337e+00 6.483388e+00 2.461471e+00 -1.066725e+01 -8.232716e+00 -1.109373e+00 5.259191e+00 -1.235981e+00 -1.152487e+01 1.105186e+01 5.503651e+00 8.448581e-01 2.391359e+00 -3.005200e+00 3.640474e+00 -3.044444e+00 -1.761737e+00 -1.293391e+00 1.702658e+00 -2.290440e+00 -7.360799e-01 3.396850e+00 1.304822e+00 -3.040569e-01 5.219514e-02 -5.348362e-01 1.969593e-01 6.516656e-01 -1.221533e+00 1.053863e+00 5.143672e-01 -1.207763e-01 -1.895822e+00 3.723174e-01 1.431747e+00 -8.534256e-01 -5.224558e-01 -2.782500e-03 
5.390746e-01 4.291668e+00 1.193645e+01 -1.118988e+00 -1.340411e+01 -9.552103e+00 6.344966e+00 -4.952918e+00 -5.047206e-02 -7.780116e+00 1.030910e+01 8.866672e+00 8.946455e-01 1.110864e+00 -2.239118e+00 4.152019e+00 -4.226363e+00 -5.983120e-01 -6.288560e-01 2.014649e+00 -3.956267e+00 -3.832387e-01 4.245435e+00 -3.334516e-01 -1.258514e+00 4.237764e-02 -8.284433e-01 8.041123e-01 -5.440318e-02 -8.122393e-01 9.879783e-01 1.006604e+00 -4.336375e-01 -8.588912e-01 1.877736e-01 7.798323e-01 -1.269298e+00 -5.333817e-01 -9.058246e-03 
-3.686677e-01 2.576111e+00 1.645696e+01 -9.438606e+00 -9.227761e+00 -8.629394e+00 2.831124e+00 -6.604048e+00 -1.880369e+00 -8.301831e-01 7.142335e+00 8.237700e+00 9.300623e-01 -4.744073e-02 -6.551472e-01 2.894392e+00 -4.741796e+00 1.088576e+00 4.421180e-01 1.099578e+00 -4.122464e+00 5.836859e-01 3.883722e+00 -2.400821e+00 -8.070347e-01 2.800343e-02 -6.056201e-01 1.024057e+00 -7.430587e-01 6.801342e-02 5.382572e-01 8.829628e-01 -4.122922e-01 -8.404264e-02 3.206452e-01 -1.234945e-01 -1.225535e+00 -6.558484e-02 -1.130018e-02 
-5.412176e-01 3.852804e+00 1.728096e+01 -1.264006e+01 -8.480682e+00 -8.507882e+00 5.851443e+00 -1.133873e+01 -9.992605e-01 2.041446e+00 6.578455e+00 3.415236e+00 9.495626e-01 -2.567711e-01 4.559681e-01 2.019635e+00 -4.155553e+00 5.809690e-01 2.213980e+00 1.490331e-01 -3.157656e+00 5.781285e-02 4.116107e+00 -3.070015e+00 -2.054067e+00 1.639161e-02 -1.453468e-01 5.788901e-01 -8.845416e-01 8.962235e-01 4.340682e-02 2.406366e-01 -3.745483e-01 4.301561e-01 8.653370e-02 -3.395099e-01 -6.322687e-01 4.598835e-01 -9.209388e-03 
-1.044024e+00 5.448252e+00 1.828323e+01 -1.548735e+01 -7.686229e+00 -6.544087e+00 4.635386e+00 -1.215997e+01 2.156907e+00 2.983064e+00 9.131212e-01 4.194161e+00 9.574155e-01 4.702323e-02 7.675602e-01 9.912521e-01 -2.739757e+00 3.397601e-01 1.700202e+00 5.741610e-01 -3.109826e+00 6.466346e-01 2.844051e+00 -3.454715e+00 -2.341729e-01 8.686249e-03 1.946549e-01 -5.567442e-02 -6.140422e-01 1.399212e+00 -2.551696e-01 -7.476520e-01 6.774005e-02 4.720462e-01 -1.761624e-01 -2.202135e-01 1.073478e-01 4.731064e-01 -5.561831e-03 
-4.071667e-01 5.135798e+00 2.112206e+01 -1.887311e+01 -1.127018e+01 4.754006e-01 6.187560e+00 -1.796274e+01 -1.780279e+00 1.089410e+01 -1.925998e+00 6.181861e-01 9.629318e-01 3.369917e-01 -5.595604e-02 6.808466e-01 -7.462463e-01 -6.928518e-03 -5.460304e-02 4.044550e-01 -2.311697e+00 1.786662e-02 3.067722e+00 -2.967924e+00 7.545226e-01 5.982528e-03 3.283617e-01 -5.147179e-01 -5.507211e-01 1.686396e+00 -3.118967e-02 -1.820136e+00 4.357603e-01 8.691076e-01 -4.097713e-01 -3.406070e-01 6.476886e-01 4.415081e-01 -2.560825e-03 
-2.007563e-01 5.772465e+00 1.949279e+01 -2.002142e+01 -6.134168e+00 -4.620274e+00 5.534262e+00 -1.884082e+01 1.743520e+00 8.964093e+00 -5.878898e+00 8.465233e+00 9.668143e-01 6.289033e-01 -6.775479e-01 4.935699e-01 5.496392e-01 1.066477e-01 -2.161920e+00 1.310512e+00 -2.185279e+00 -2.771604e-01 3.306927e+00 -1.915182e+00 1.542700e-01 5.395825e-03 3.890935e-01 -6.739411e-01 -5.630687e-01 1.630965e+00 1.232098e-02 -1.987944e+00 5.287310e-01 1.578555e+00 -8.517340e-01 -5.580660e-01 1.179578e+00 -2.882004e-01 -8.075791e-04 
7.222929e-01 3.411001e+00 2.008002e+01 -1.410368e+01 -9.291333e+00 -9.742602e+00 7.424920e+00 -1.955649e+01 -7.031215e-01 1.438940e+01 -4.865132e+00 5.052228e+00 9.747901e-01 1.094049e+00 -1.395112e+00 -4.851588e-01 2.631662e+00 5.416108e-01 -4.955653e+00 1.959614e+00 7.257320e-01 -1.529048e+00 2.181627e+00 -6.012966e-01 -4.074875e-02 5.234482e-03 4.042684e-01 -4.623471e-01 -8.512585e-01 1.168228e+00 2.637212e-01 -1.487106e+00 3.280173e-01 1.971201e+00 -6.937645e-01 -1.289551e+00 1.268903e+00 -4.249296e-01 -1.173646e-04 
1.535875e+00 2.923002e+00 2.127180e+01 -1.512370e+01 -8.142574e+00 -1.224419e+01 1.056951e+01 -2.228979e+01 2.326393e-01 1.776998e+01 -7.193067e+00 2.748255e+00 9.784793e-01 1.613974e+00 -1.932622e+00 -1.241071e+00 3.726103e+00 1.272264e-01 -5.789035e+00 2.440160e+00 3.263929e+00 -2.838443e+00 4.967077e-01 1.259902e+00 -1.277556e+00 5.024247e-03 3.906400e-01 -2.632017e-01 -1.085467e+00 6.287821e-01 5.990483e-01 -6.527225e-01 -5.158339e-01 2.014762e+00 -2.625132e-01 -1.627692e+00 1.002100e+00 -2.516979e-01 1.127070e-04 
4.195091e+00 -4.148806e-01 1.780643e+01 -8.163357e+00 -7.558274e+00 -2.049056e+01 1.346733e+01 -1.260929e+01 -8.669957e+00 1.739856e+01 -4.275083e+00 3.272572e+00 9.832754e-01 1.865903e+00 -1.740040e+00 -2.708156e+00 3.506698e+00 1.301447e+00 -5.676700e+00 1.480027e+00 4.819602e+00 -2.170345e+00 -1.974911e+00 1.789100e+00 -6.542277e-01 5.581615e-03 2.380532e-01 9.811614e-02 -9.824913e-01 -2.717095e-01 8.196007e-01 5.472822e-01 -1.392753e+00 1.069607e+00 5.173452e-01 -1.224475e+00 4.583706e-01 -2.606683e-01 -3.037729e-04 
6.132567e+00 -1.977571e+00 1.442388e+01 -4.361096e+00 -6.364568e+00 -2.819130e+01 1.471416e+01 -5.994483e+00 -8.465329e+00 9.943020e+00 1.255523e-01 2.967458e+00 9.877025e-01 2.196153e+00 -1.820937e+00 -3.822364e+00 3.256152e+00 2.721937e+00 -5.064887e+00 -1.028938e+00 5.841581e+00 -1.269039e+00 -2.753275e+00 1.900195e+00 -7.975605e-01 5.786960e-03 9.880493e-02 3.665822e-01 -5.798488e-01 -1.017202e+00 9.615578e-01 1.426932e+00 -2.028166e+00 1.576910e-01 9.270167e-01 -2.834418e-01 -2.194926e-01 -1.073330e-01 -1.716110e-03 
7.753237e+00 -2.838919e+00 9.963261e+00 -1.951988e+00 -3.673061e+00 -3.015195e+01 1.275249e+01 -3.606028e+00 -7.206103e+00 8.428412e+00 4.209355e-01 1.671505e+00 9.980851e-01 1.993250e+00 -9.602634e-01 -4.107060e+00 1.508277e+00 3.342108e+00 -2.581282e+00 -3.269440e+00 4.784978e+00 2.730501e-01 -2.315785e+00 1.370474e+00 -1.584108e+00 3.337477e-03 1.349036e-02 4.205362e-01 -1.728015e-03 -1.274163e+00 5.130743e-01 2.016750e+00 -2.086035e+00 -3.717839e-01 8.542358e-01 4.183630e-01 -4.248765e-01 -1.476844e-01 -3.847210e-03 
1.073714e+01 -4.969822e+00 6.081918e+00 -1.949278e+00 3.524806e+00 -3.273742e+01 5.782799e+00 2.416539e+00 -6.844827e+00 8.489108e+00 -4.042143e-02 -4.387780e-01 9.999999e-01 2.044219e+00 -4.896371e-01 -3.440879e+00 -3.606723e-01 3.914824e+00 -2.020859e-01 -5.325664e+00 4.069948e+00 5.749574e-01 -7.500895e-01 3.717618e-01 -1.349223e+00 -2.431765e-03 -1.466033e-01 4.706718e-01 4.257679e-01 -1.144147e+00 -2.573118e-01 2.249870e+00 -1.387265e+00 -8.819845e-01 9.007251e-01 4.383997e-01 -4.669658e-01 8.905414e-02 -4.834671e-03 
1.185872e+01 -3.720426e+00 1.442556e+00 -1.828213e+00 4.207907e+00 -3.112405e+01 1.585480e+00 7.109540e+00 -8.115173e+00 6.546847e+00 2.660327e+00 -2.944772e+00 9.937985e-01 2.009318e+00 -3.030003e-01 -2.907657e+00 -1.055714e+00 3.270476e+00 1.975699e+00 -6.801818e+00 3.846582e+00 1.178874e+00 -8.847213e-01 4.288281e-01 -1.116776e+00 -9.540644e-03 -2.307902e-01 2.202111e-01 6.473914e-01 -5.629134e-01 -6.172029e-01 1.516494e+00 -2.958756e-01 -1.097403e+00 7.943337e-01 2.871716e-01 -3.819505e-01 2.440656e-01 -3.660802e-03 
1.430086e+01 -3.985424e+00 1.479989e+00 -6.226313e+00 9.269009e+00 -2.871576e+01 -6.331021e+00 8.997242e+00 -5.135991e+00 7.133200e+00 8.650856e-01 -1.470750e+00 9.776888e-01 1.455015e+00 2.037218e-01 -2.293148e+00 -1.182731e+00 1.471137e+00 3.906071e+00 -6.199122e+00 1.900862e+00 2.781550e+00 -1.276745e+00 3.617028e-02 -5.860322e-01 -1.195101e-02 -3.686210e-01 4.111988e-02 5.383606e-01 1.387137e-01 -7.600169e-01 4.074099e-01 9.262958e-01 -1.151287e+00 6.310870e-01 -4.686993e-02 -1.194155e-01 1.204972e-01 -7.991823e-04 
1.601801e+01 -4.846352e+00 -2.273614e+00 -5.092004e+00 9.807553e+00 -2.228423e+01 -1.519966e+01 1.233632e+01 -2.166340e+00 4.682543e+00 2.112577e+00 -3.396195e+00 9.615615e-01 1.133807e+00 -2.058600e-01 -1.443975e+00 -8.952299e-01 1.477996e+00 2.947088e+00 -4.312222e+00 3.823886e-01 3.141271e+00 -6.165943e-01 -3.714609e-01 -7.453116e-01 -1.021046e-02 -4.017738e-01 -5.492938e-02 4.414399e-01 3.603468e-01 -4.802444e-01 -5.795854e-01 1.825509e+00 -1.073175e+00 2.198764e-01 7.213777e-02 -1.080355e-01 1.039221e-01 2.101062e-03 
1.593312e+01 -3.388233e+00 -3.525750e+00 -6.230830e+00 8.080567e+00 -1.762679e+01 -1.682047e+01 9.307439e+00 4.088800e+00 3.037078e+00 4.144829e-01 -3.142627e+00 9.563789e-01 6.388429e-01 -3.327263e-01 -1.480775e+00 2.525766e-01 1.010984e+00 1.349414e+00 -1.939214e+00 4.564799e-02 2.749100e+00 -1.118370e+00 1.749094e-01 -9.325446e-01 -6.088878e-03 -2.786991e-01 -1.912113e-01 2.352904e-01 4.224185e-01 -2.009003e-01 -1.144054e+00 2.043231e+00 -3.597300e-01 -4.173415e-01 6.284120e-02 9.241151e-02 4.662309e-02 3.506682e-03 
1.671192e+01 -5.047935e+00 -3.274481e+00 -6.302205e+00 1.219173e+01 -2.193302e+01 -1.473099e+01 8.866235e+00 2.978915e+00 5.511679e+00 1.028192e+00 -5.835543e+00 9.533924e-01 4.085870e-01 -3.094763e-01 -1.106600e+00 2.826136e-02 1.099484e+00 3.563160e-01 1.958221e-01 -5.915986e-01 2.294494e+00 -6.032069e-01 -1.806816e-01 -4.239386e-01 -1.962403e-03 -2.112658e-01 -1.108702e-01 1.231727e-01 2.559001e-01 -5.403215e-01 -6.760022e-01 1.743177e+00 1.797699e-01 -6.258523e-01 -1.530010e-01 2.437823e-01 1.738385e-02 3.634313e-03 
1.714793e+01 -5.548114e+00 -5.423608e+00 -4.358386e+00 1.313195e+01 -2.214469e+01 -1.626067e+01 1.096019e+01 6.036899e+00 1.127113e+00 2.281419e+00 -4.913953e+00 9.513018e-01 4.241318e-01 -7.006917e-01 -1.285433e+00 4.675884e-01 6.558618e-01 -5.189330e-01 1.763062e+00 5.893287e-01 1.118288e+00 -9.693399e-01 4.028603e-01 -5.136154e-01 1.460029e-03 -2.036300e-01 -6.250404e-02 2.776363e-01 -1.505928e-01 -6.167269e-01 -9.860060e-02 1.237937e+00 2.700545e-01 -7.341285e-01 8.946058e-02 1.570516e-01 -3.723486e-01 2.536015e-03 
1.745314e+01 -5.313353e+00 -6.857763e+00 -5.887059e+00 1.277886e+01 -1.824454e+01 -1.450079e+01 8.551707e+00 8.331975e+00 2.621674e+00 2.757532e-01 -4.630187e+00 9.542884e-01 1.848330e-01 -5.761610e-01 -9.257506e-01 2.766103e-01 -1.045982e+00 5.012146e-01 2.552722e+00 1.009328e+00 8.273682e-01 -1.456212e+00 7.335306e-01 -8.679135e-01 4.188196e-03 -2.872370e-01 -3.077736e-02 3.469729e-01 -2.453719e-01 -4.761028e-01 1.503630e-01 8.001213e-01 1.906900e-01 -9.499584e-01 2.202478e-01 8.149173e-02 -7.486098e-01 2.856805e-04 
1.768274e+01 -6.758873e+00 -8.161370e+00 -4.100444e+00 1.106645e+01 -2.206551e+01 -8.120488e+00 1.241156e+01 7.003481e+00 -3.641072e-01 2.804792e+00 -6.312999e+00 9.632480e-01 -2.674581e-01 -5.118254e-01 -1.830711e-01 -6.245269e-01 -9.999894e-01 7.837753e-01 3.072003e+00 5.952873e-01 -1.881286e-01 -2.446517e-01 5.029619e-01 -2.572241e+00 3.513488e-03 -3.562168e-01 1.612901e-01 4.376406e-01 -4.724713e-01 -1.915222e-01 5.990795e-01 2.834293e-01 -3.588946e-01 -8.469908e-01 3.378119e-01 -1.799136e-01 -7.112693e-01 -2.441591e-03 
1.736872e+01 -7.323726e+00 -6.534434e+00 -5.048186e+00 7.994319e+00 -1.946672e+01 -6.037510e+00 1.318732e+01 6.632671e+00 -1.023407e+00 4.434059e+00 -9.475039e+00 9.683778e-01 -6.817842e-01 -5.577946e-01 7.704939e-02 -6.525663e-01 -4.531369e-01 4.569352e-01 3.541811e+00 3.587153e-01 -1.802100e+00 1.357528e-01 1.766894e-01 -3.137692e+00 -1.561489e-03 -2.937774e-01 2.087559e-01 1.783411e-01 -2.516062e-01 1.734151e-01 4.405835e-01 1.572548e-01 -7.422313e-01 -6.276429e-01 2.633816e-01 -4.157139e-01 -2.269904e-01 -4.685208e-03 
1.585288e+01 -7.101985e+00 -6.500745e+00 -7.900446e+00 1.052426e+01 -1.761503e+01 -5.132717e+00 1.161902e+01 5.946023e+00 1.725717e+00 2.717324e+00 -1.535291e+01 9.618250e-01 -9.236987e-01 9.660203e-02 4.013179e-01 -1.430304e+00 -5.981995e-01 2.498609e+00 2.685611e+00 -8.797043e-01 -1.801895e+00 -7.629868e-02 -2.182720e-01 -2.935075e+00 -7.868541e-03 -1.611661e-01 1.856905e-01 -1.890384e-02 3.277749e-01 -2.042802e-01 2.467152e-01 4.902416e-01 -1.026213e+00 -1.482060e-01 -6.759956e-02 -4.102331e-01 5.003280e-01 -5.801979e-03 
1.495905e+01 -7.930995e+00 -7.303216e+00 -7.249947e+00 1.078422e+01 -1.818496e+01 1.714482e+00 1.074149e+01 -1.499264e-01 2.255273e+00 1.203127e+00 -1.579912e+01 9.471909e-01 -9.559838e-01 1.634855e-01 -3.263643e-01 -5.786560e-01 -3.799308e-01 1.846824e+00 3.532223e+00 -1.964328e+00 -1.503890e+00 -2.234339e-01 -9.844260e-01 -1.821526e+00 -1.354978e-02 -4.853023e-02 8.923765e-02 -1.213641e-02 6.875560e-01 -5.832608e-01 7.547994e-02 7.288347e-01 -1.263650e+00 4.685000e-01 -3.399331e-02 -5.188870e-01 9.545916e-01 -5.763353e-03 
1.426885e+01 -5.972698e+00 -5.770332e+00 -1.015099e+01 6.680757e+00 -1.021297e+01 1.431032e+00 9.235980e+00 1.385738e+00 -2.385440e+00 3.329240e+00 -1.782662e+01 9.344894e-01 -9.361792e-01 5.615344e-02 -7.594786e-02 9.772078e-01 -2.058048e+00 1.322363e+00 5.528042e+00 -3.374097e+00 -1.078241e+00 -4.030272e-01 -9.675679e-01 -7.288020e-01 -1.950481e-02 3.520563e-02 -1.904973e-01 1.192558e-02 9.333130e-01 -4.860521e-01 -4.988177e-01 7.735583e-01 -9.828908e-01 5.714048e-01 2.305837e-01 -7.117195e-01 1.096287e+00 -4.737268e-03 
1.338059e+01 -7.070907e+00 -8.531489e+00 -6.815828e+00 8.016590e+00 -1.393360e+01 8.342140e+00 4.557054e+00 1.393364e+00 -8.512986e-02 -7.939352e-01 -1.734604e+01 9.143039e-01 -9.182431e-01 -9.130874e-02 2.550001e-01 1.581541e+00 -2.639535e+00 1.422638e+00 5.764863e+00 -4.712203e+00 1.784731e-01 1.293117e-01 -2.043031e+00 5.321131e-01 -2.456023e-02 1.563149e-01 -3.154793e-01 2.633495e-01 5.087045e-01 -1.028823e-01 -3.345017e-01 -3.386340e-01 -7.855276e-02 2.429326e-01 5.056122e-01 -6.727681e-01 7.459439e-01 -1.880686e-03 
1.196169e+01 -7.251072e+00 -6.266320e+00 -3.231304e+00 1.617631e+00 -1.312927e+01 1.919434e+01 -2.158988e+00 -2.166530e-01 8.809893e-01 -1.121940e+00 -1.822337e+01 8.807493e-01 -7.666075e-01 -7.285067e-01 1.703097e-01 2.156284e+00 -1.898703e+00 2.167586e-01 5.437149e+00 -4.420393e+00 2.139009e-01 9.000981e-01 -3.247496e+00 1.369596e+00 -2.604654e-02 2.457535e-01 -3.055453e-01 1.287133e-01 7.522871e-03 7.644269e-01 -2.904643e-01 -1.764636e+00 9.902430e-01 -1.956691e-01 6.065465e-01 -2.442190e-01 5.962866e-02 1.296652e-03 
1.152150e+01 -7.747891e+00 -5.780158e+00 -2.802607e+00 1.182098e-01 -9.614035e+00 2.165782e+01 -7.122124e+00 1.543658e+00 1.268551e+00 -6.786556e+00 -1.294011e+01 8.512529e-01 -2.592373e-01 -1.021626e+00 8.671151e-01 1.375316e+00 -9.740131e-01 7.270908e-01 1.884445e+00 -1.834044e+00 -9.354003e-01 1.652950e+00 -3.208230e+00 8.590205e-01 -1.967593e-02 1.988756e-01 -7.976434e-02 7.358441e-02 -1.085792e-01 1.092328e+00 -3.581694e-01 -2.397542e+00 1.623608e+00 -3.805898e-01 2.971611e-01 5.384490e-01 -5.818965e-01 1.798779e-03 
1.136519e+01 -9.276564e+00 -6.294395e+00 -1.376477e+00 1.136585e+00 -1.128855e+01 2.195961e+01 -7.026846e+00 2.379964e+00 1.438387e+00 -9.911738e+00 -1.318170e+01 8.357756e-01 -3.697795e-02 -1.006551e+00 2.614275e-01 1.118051e+00 9.313685e-01 2.177924e-01 -1.354926e+00 1.379256e-01 -1.499474e+00 1.867780e+00 -1.605977e+00 -5.940993e-01 -1.546145e-02 -2.135604e-03 2.709986e-01 3.329642e-02 -2.233841e-02 9.476572e-01 4.735473e-03 -2.319682e+00 1.033088e+00 -3.364749e-02 -6.269143e-02 1.200330e+00 -5.734848e-01 -1.820230e-03 
1.238240e+01 -1.116641e+01 -4.181765e+00 -8.669190e-01 3.387538e+00 -1.121878e+01 1.638232e+01 -2.179559e+00 -4.581842e+00 7.901084e+00 -1.244042e+01 -1.557159e+01 8.384107e-01 -2.887573e-01 -3.510927e-01 5.773781e-01 1.557765e+00 1.407264e+00 -3.686934e-01 -2.826671e+00 1.126568e+00 -8.676252e-01 1.131220e+00 -1.716766e-01 -1.395468e+00 -2.086400e-02 -2.391026e-01 4.385415e-01 -1.733675e-01 3.190108e-01 6.375129e-01 5.697859e-01 -1.240626e+00 -4.875487e-01 7.111241e-01 -4.493943e-01 1.308189e+00 4.215340e-02 -7.860866e-03 
1.134617e+01 -1.057468e+01 -5.758166e+00 1.390857e+00 4.639957e+00 -1.123838e+01 1.505738e+01 -3.940585e+00 -4.651429e+00 6.903782e+00 -6.325199e+00 -1.987807e+01 8.098805e-01 -7.625718e-01 2.910950e-01 4.817233e-01 1.953547e+00 1.649148e+00 7.884272e-01 -3.805404e+00 -7.350878e-01 1.170525e-02 8.474326e-01 1.235923e+00 -3.705640e-01 -3.455373e-02 -2.428400e-01 2.971685e-01 -2.763433e-01 3.217666e-01 1.317611e-01 1.313702e+00 -2.721586e-01 -9.247698e-01 7.872660e-01 -5.398771e-01 5.049784e-01 7.878162e-01 -9.204350e-03 
1.008730e+01 -8.854499e+00 -3.161246e+00 3.602556e+00 5.402828e+00 -1.148297e+01 1.097486e+01 -3.031651e+00 7.210143e-01 4.191966e+00 -9.438193e+00 -1.656919e+01 7.598824e-01 -1.091925e+00 5.222146e-01 -1.098492e-01 2.552712e+00 1.854709e+00 3.290468e+00 -3.093406e+00 -3.835324e+00 1.864532e+00 -8.387646e-02 1.911818e+00 9.580776e-01 -4.943153e-02 1.535904e-02 9.398733e-02 -2.919361e-01 -2.081018e-01 -1.240664e-01 1.590925e+00 2.185802e-01 -2.428314e-01 9.661686e-02 -7.081393e-01 1.647080e-01 8.683638e-01 -5.256189e-03 
8.699943e+00 -8.977129e+00 -4.396070e+00 6.156670e+00 8.374539e+00 -7.215148e+00 5.636044e+00 -1.027605e+01 -2.128401e-01 7.529671e+00 -5.233285e+00 -1.453545e+01 7.022598e-01 -8.495623e-01 4.277674e-02 -7.766601e-01 2.229419e+00 1.366557e+00 4.956542e+00 -2.582371e+00 -2.004911e+00 1.070742e+00 -2.238128e-01 -1.227776e-01 2.168151e+00 -4.719228e-02 3.277817e-01 2.345601e-02 5.791354e-03 -8.320264e-01 -3.508549e-01 8.603944e-01 3.928664e-01 1.287174e+00 -5.425485e-01 -7.767954e-01 -1.589945e-01 3.750525e-01 1.177418e-03 
8.245839e+00 -9.354258e+00 -5.411910e+00 9.513519e+00 1.079354e+01 3.222361e+00 5.625392e+00 -1.818795e+01 2.521679e+00 7.168838e+00 -3.427290e+00 -1.345245e+01 6.450412e-01 -1.685100e-01 2.430026e-01 -2.531424e-01 3.792062e-01 9.282198e-01 5.502022e+00 -2.345358e+00 5.472965e-01 -9.140409e-01 -1.873874e+00 1.331208e+00 1.676992e+00 -4.082167e-02 3.902856e-01 1.052252e-01 2.282855e-01 -1.026599e+00 -6.696157e-01 -3.447836e-01 5.468237e-01 1.992623e+00 -6.687922e-01 -2.780717e-01 -2.620839e-01 2.584059e-01 7.540490e-03 
8.019484e+00 -1.011103e+01 -8.516048e+00 9.582635e+00 8.777435e+00 6.191963e+00 4.820605e+00 -6.387506e+00 -1.979060e-01 4.296095e+00 -9.944360e+00 -1.059605e+01 6.313383e-01 4.145658e-01 5.479064e-01 5.822932e-01 -1.119933e+00 3.580897e-01 3.984809e+00 -2.215154e+00 3.509358e+00 -1.311655e+00 -2.141496e+00 7.313317e-01 1.145311e+00 -3.296963e-02 3.456952e-01 3.130007e-01 1.643313e-01 -9.526461e-01 -7.477825e-01 -8.259624e-01 9.751529e-01 5.961652e-01 2.337918e-01 4.271399e-01 1.124532e-02 2.271490e-01 7.602626e-03 
9.585420e+00 -7.072167e+00 -2.367197e+00 3.785508e+00 9.842781e+00 9.323843e+00 -3.442339e-01 -2.239650e+00 -3.856747e+00 -3.560375e+00 -4.264987e-01 -1.015400e+01 5.912309e-01 2.273567e-01 7.956938e-01 3.521672e-01 -9.056962e-01 -9.890816e-01 2.052542e+00 -5.428305e-01 3.370539e+00 -2.882509e-01 -5.155572e-01 1.742811e-01 2.761462e+00 -1.884477e-02 1.355018e-01 1.902849e-01 -3.542677e-01 -3.789571e-01 -9.107808e-01 -9.853638e-01 1.392843e+00 -6.913902e-01 1.000206e+00 1.117512e+00 -4.589747e-01 4.281611e-01 6.675623e-03 
1.010307e+01 -7.378322e+00 -3.007302e+00 3.421409e+00 1.064048e+01 9.657806e+00 -2.455616e+00 -7.038273e-01 -3.581897e+00 2.187338e+00 -3.077419e+00 -1.045807e+01 5.643169e-01 6.809183e-01 1.331505e+00 -2.576793e-01 -1.891339e+00 -1.413587e+00 2.551330e+00 1.392201e+00 -4.357091e-01 1.926865e+00 1.232763e+00 5.118622e-01 2.761556e+00 -2.017463e-02 -9.692241e-02 1.457062e-01 -5.573303e-01 -2.346652e-01 -7.834860e-01 -7.458414e-01 1.174647e+00 -9.164156e-01 8.736796e-01 6.246199e-01 1.099430e-02 2.382922e-01 2.247166e-03 
8.340927e+00 -6.741654e+00 -6.405290e+00 8.066157e+00 4.916518e+00 1.175174e+01 6.549714e+00 -4.177156e+00 2.772380e+00 5.645878e+00 -5.989667e+00 2.865180e-01 5.843443e-01 3.759282e-01 8.027006e-01 -1.604534e+00 -1.129882e+00 -2.739730e+00 1.292040e+00 2.814856e+00 -9.370356e-01 2.467731e+00 2.026535e+00 -8.538541e-01 3.009668e+00 -1.383824e-02 -2.469639e-01 1.252794e-01 -1.164973e-01 -3.965757e-01 -3.461897e-01 -4.709467e-01 1.479713e-01 4.598393e-02 1.094328e-01 -1.968855e-01 2.838215e-01 -5.102883e-01 -2.920207e-03 
1.204611e+01 -3.618794e+00 -7.785167e+00 -2.013876e+00 4.172679e+00 1.773484e+01 8.335039e+00 -7.596892e+00 6.121737e+00 5.856921e+00 -4.603446e+00 -2.008083e+00 5.339245e-01 -1.442962e-01 1.273008e+00 -1.226074e+00 -2.181037e+00 -2.683954e+00 6.359478e-01 1.979173e+00 1.081154e+00 1.678870e+00 -2.893606e-01 1.300319e+00 2.212614e+00 -2.423265e-02 -5.007167e-01 -1.189105e-01 3.604681e-01 2.045802e-01 2.803052e-02 -6.051931e-01 -5.951165e-01 1.135546e+00 -5.163826e-01 -6.249321e-01 2.970423e-01 -2.144194e-01 -3.355159e-03 
1.049316e+01 -4.938324e+00 -8.000875e+00 8.537428e-01 -6.219849e-01 1.174546e+01 8.335631e+00 -3.478810e+00 3.630611e+00 4.737113e+00 -3.932739e+00 6.692119e-01 5.372448e-01 -5.947936e-01 1.451364e+00 2.538658e-01 -2.743634e+00 -2.084924e+00 6.555892e-01 -9.641743e-02 2.842157e+00 3.829279e-01 -7.387228e-01 1.199066e+00 4.846482e-01 -3.141487e-02 -4.023859e-01 -2.061744e-01 8.238592e-01 6.417024e-01 5.302596e-01 -3.335964e-01 -3.755648e-01 9.675674e-01 -4.773064e-01 -4.238143e-01 5.095103e-03 -1.088229e-01 -3.875759e-03 
8.305676e+00 -1.914996e+00 -8.339645e+00 -3.878190e+00 -1.014999e-02 1.284064e+01 6.547347e+00 4.352422e+00 4.383350e+00 1.195048e+00 2.395772e+00 4.135620e-01 4.667098e-01 -1.337203e+00 4.125469e-01 6.155644e-01 -6.154225e-02 -1.600819e+00 -1.562560e-01 -1.276740e-01 3.352341e+00 3.873436e-01 -5.091161e-01 9.706959e-01 2.951978e+00 -2.816356e-02 -1.989262e-01 -4.677487e-01 7.880037e-01 1.292733e+00 8.578272e-01 -2.162278e-01 3.605435e-01 2.593394e-02 -2.747951e-01 2.436336e-01 -5.772514e-01 8.771944e-02 -4.784257e-04 
7.237443e+00 -3.367671e-01 -4.858368e+00 -4.720226e+00 -3.416746e+00 1.747692e+01 6.960984e+00 4.058467e+00 5.556149e+00 4.283288e+00 -3.494325e+00 1.498642e+00 4.608773e-01 -1.039611e+00 2.021293e-01 1.593915e+00 1.018944e+00 -6.300234e-01 1.999988e-02 1.990487e+00 2.765018e+00 7.269378e-01 1.741318e-02 -6.635983e-01 2.095922e+00 -3.125353e-02 -1.103253e-01 -4.718775e-01 4.595655e-01 1.196643e+00 1.154404e+00 -1.033212e-01 4.247149e-01 -7.091727e-01 -1.777958e-01 1.057440e-01 -2.496579e-01 2.114430e-01 -1.722827e-03 
6.988358e+00 -3.856494e+00 -6.278486e+00 4.652500e-01 -2.434409e+00 1.408791e+01 8.384155e+00 5.396153e+00 7.095309e+00 3.538235e+00 3.091503e-02 1.233695e+01 4.312930e-01 -9.165989e-01 -4.410139e-01 2.043959e+00 2.401273e+00 8.777290e-01 -1.274830e-01 2.738536e+00 1.249282e+00 1.328789e-01 5.507625e-01 -6.544887e-01 1.845558e+00 -2.670658e-02 -1.473444e-01 -1.940984e-01 3.343482e-01 2.744674e-01 1.133268e+00 3.488226e-01 -6.409242e-01 -1.127418e+00 -3.722971e-01 -2.791111e-01 9.178394e-02 -4.270402e-01 -7.743312e-03 
5.953523e+00 -2.956929e+00 -1.061718e+00 3.777377e+00 -2.559530e+00 1.122179e+01 1.736937e+01 9.824431e+00 5.909165e+00 3.652387e+00 -6.068173e+00 5.187082e+00 3.986870e-01 -1.356783e+00 -4.812501e-01 1.837526e+00 2.008076e+00 2.448004e+00 1.245818e-01 5.942956e-01 3.477644e-01 -3.788230e-01 -7.401121e-01 7.632679e-01 2.095078e+00 -4.075322e-02 -3.276712e-01 -1.113048e-01 -1.015377e-01 -5.284894e-01 4.923663e-01 4.800297e-01 -1.820066e+00 -1.078307e+00 -4.649930e-01 -9.109894e-01 3.024813e-01 -2.393752e-01 -1.628451e-02 
4.364394e+00 -2.809941e+00 -1.827056e-02 3.879921e+00 3.949568e+00 1.533047e+01 1.503548e+01 7.715857e+00 4.871090e+00 4.264355e+00 4.105397e-01 7.797211e+00 3.642716e-01 -1.915346e+00 -2.161579e-01 2.165449e+00 8.162073e-01 2.526383e+00 1.535662e+00 -2.633954e+00 -1.076177e+00 -9.212292e-01 -1.525801e+00 7.161489e-01 8.171838e-01 -6.213364e-02 -3.051827e-01 2.501500e-03 -3.476190e-01 -8.934205e-01 -5.984467e-01 5.123024e-02 -1.692875e+00 -6.802315e-01 -4.125983e-01 -1.192312e+00 -2.113747e-02 -4.092546e-01 -2.113616e-02 
1.765014e+00 -3.266443e+00 1.198305e+00 3.612945e+00 5.630798e+00 1.747849e+01 6.606523e+00 4.637716e+00 4.773860e+00 2.194622e-01 1.323634e-01 1.424365e+01 2.906271e-01 -2.178560e+00 -4.668118e-01 1.025532e+00 -8.308814e-01 1.007498e+00 1.588556e+00 -4.423825e+00 -1.463807e+00 -1.070951e+00 -3.499055e+00 1.633914e-01 1.413215e+00 -9.496454e-02 1.095659e-01 1.744216e-01 -4.849069e-01 -7.030943e-01 -1.199170e+00 -5.394279e-01 -6.407209e-01 -4.709597e-01 -4.891172e-01 -5.145280e-01 -1.694122e-01 -8.246567e-01 -1.225406e-02 
-4.943694e-01 -4.782938e+00 3.418554e+00 4.628448e+00 6.102530e+00 1.863795e+01 5.954733e-01 2.609261e+00 3.056762e+00 -2.374303e+00 5.116296e-01 1.189490e+01 1.746440e-01 -2.031632e+00 -4.358118e-01 7.119754e-01 -6.463641e-01 -1.394470e+00 -6.033566e-01 -3.217090e+00 -1.246077e+00 -1.583987e+00 -4.031268e+00 -4.602539e-01 1.401994e-01 -1.052856e-01 5.568552e-01 4.679089e-01 -5.315270e-01 -2.530518e-01 -1.056975e+00 -7.902021e-01 4.724200e-01 -1.678230e-01 -4.463031e-01 3.999431e-01 -2.040124e-01 -9.228658e-01 6.118077e-03 
-2.509771e+00 -4.304597e+00 2.347500e+00 -7.512746e-01 1.401808e+00 1.751142e+01 2.470154e+00 5.058348e+00 1.461362e+00 -1.052367e+01 -5.301395e+00 1.020480e+01 1.867653e-02 -7.508386e-01 5.006633e-01 1.396850e-01 -7.760947e-01 -1.587437e+00 -1.503071e+00 -2.317744e+00 -1.922135e+00 -2.493098e+00 -2.060035e+00 5.044279e-01 -1.689731e+00 -8.045343e-02 6.982622e-01 6.919203e-01 -2.981099e-01 3.587205e-01 -2.224176e-01 -3.698093e-01 1.083438e+00 2.042953e-01 -1.693460e-01 1.765558e+00 2.208968e-01 -9.378579e-01 2.423159e-02 
-3.655929e+00 -4.469644e+00 2.967486e+00 2.830087e+00 -9.078588e-01 1.229737e+01 1.018578e+00 1.274823e+00 -1.392630e+00 -1.052033e+01 8.263703e-01 1.051772e+01 -2.619180e-02 1.550888e-01 1.639700e+00 -4.935608e-02 -4.764479e-01 -1.461041e+00 -8.695495e-01 -1.325012e+00 -1.686207e+00 -2.441650e+00 -2.456620e-01 -4.743896e-01 -2.245708e+00 -3.879755e-02 4.461847e-01 5.698254e-01 -2.719108e-01 4.306857e-01 4.396680e-01 3.865875e-01 1.032141e+00 4.986602e-01 3.080805e-01 2.156418e+00 3.626029e-01 -2.369852e-01 2.532821e-02 
-4.080944e-01 -9.196786e-01 2.122434e+00 6.314887e-01 1.198943e+00 1.313306e+01 -5.194259e+00 -4.305999e+00 -5.466446e+00 -6.007134e+00 2.496862e+00 6.483556e+00 -1.122398e-02 2.194349e-01 1.955008e+00 -8.439169e-02 8.777131e-01 -7.125089e-02 -1.271384e-01 4.759297e-02 -2.223273e-01 -1.488794e+00 3.435875e+00 1.275084e+00 -2.083146e+00 -7.052048e-03 -7.446612e-02 4.884977e-02 -7.438887e-02 5.249678e-01 3.711173e-01 4.048879e-01 7.213808e-01 7.703495e-01 7.928259e-01 1.126404e+00 1.372203e-01 4.427497e-01 1.124179e-02 
-7.698926e-01 1.723162e+00 3.284263e+00 1.555289e+00 -1.101411e+00 1.647974e+01 -2.197611e+00 -1.139076e+00 -5.687597e+00 -5.860685e+00 -5.759526e+00 2.526969e+00 -4.390080e-03 -2.858427e-01 1.686200e+00 -5.355697e-01 6.801451e-01 4.569888e-02 6.416335e-01 7.611252e-01 3.972045e-01 -5.457962e-01 4.002946e+00 9.674500e-01 -8.480271e-01 -1.534411e-02 -2.947762e-01 -3.727860e-01 7.247629e-02 3.001725e-01 2.574549e-02 1.391803e-02 8.800116e-02 3.655306e-01 9.438534e-01 -1.935941e-01 1.493534e-01 4.438361e-01 -3.375312e-03 
-2.855798e+00 2.374107e+00 1.767287e+00 4.274738e+00 1.142254e+00 1.478405e+01 4.316430e+00 5.154168e+00 -3.835458e+00 4.326165e+00 4.367024e+00 3.784392e+00 -2.747426e-02 -9.026236e-01 7.215911e-01 1.088501e-02 1.270394e+00 -4.852980e-01 -2.341325e-01 2.458709e-01 8.879022e-01 5.232018e-01 1.447719e+00 4.696645e-01 -1.747948e-01 -3.596671e-02 -2.473505e-01 -4.039228e-01 2.398416e-01 -1.852880e-01 -2.899210e-01 -1.882275e-01 -5.674692e-01 6.561621e-02 6.405106e-01 -1.508857e+00 -4.898513e-01 1.741645e-01 -7.259658e-03 
-3.861412e+00 2.314472e+00 4.669558e-01 4.409356e+00 -6.507343e-01 1.467979e+01 6.821943e-02 -1.469302e+00 -4.937082e+00 4.327278e+00 4.728725e+00 7.626951e+00 -9.479432e-02 -7.576393e-01 3.923757e-01 2.653343e-01 8.282242e-01 -1.125261e+00 -7.463599e-01 -9.842579e-01 -4.136463e-01 1.271500e+00 -2.197713e-01 6.751031e-01 -9.806661e-01 -4.121769e-02 -1.075223e-01 -3.190804e-01 2.521101e-01 -3.322904e-01 -9.954996e-02 -1.771050e-01 -6.137513e-01 1.714157e-01 2.314987e-01 -1.411792e+00 -6.855706e-01 -1.659046e-01 1.256347e-03 
-3.375767e+00 2.393006e+00 3.585599e+00 5.555861e+00 -1.452882e+00 1.286259e+01 -5.097803e+00 2.982196e-01 -3.226022e+00 -3.862739e+00 -3.992546e-01 3.059617e+00 -1.458465e-01 -7.813301e-01 5.823036e-01 7.144959e-01 -1.226604e-01 -9.354422e-01 -3.743791e-01 -1.917353e+00 5.112229e-01 8.049819e-01 -1.997013e+00 -1.028090e+00 -1.145949e+00 -3.041259e-02 7.819911e-03 -2.034115e-01 -1.170107e-02 -4.136522e-01 3.968714e-01 1.482937e-01 -1.392078e-01 1.852598e-01 -2.287456e-01 -1.785233e-01 -6.352810e-01 -8.827474e-02 9.913418e-03 
-4.298352e+00 3.675999e+00 3.702110e+00 5.055338e+00 -5.430011e+00 1.370848e+01 -2.411235e+00 -7.796168e-01 3.654570e-01 -2.865437e+00 -9.892186e-04 -2.013811e+00 -1.512926e-01 -8.840148e-01 1.604068e-01 3.732138e-01 -2.846946e-01 -2.267716e-01 -1.736576e-01 -1.226065e+00 1.442373e+00 4.708301e-01 -1.333705e+00 -1.711419e+00 -1.191913e+00 -1.184345e-02 7.937718e-02 -1.953401e-01 -1.040706e-01 -4.501672e-02 8.176965e-01 1.296699e-01 3.133805e-01 2.519737e-01 -6.273916e-01 6.421737e-01 -2.465619e-01 3.473341e-01 1.117629e-02 
-6.544284e+00 4.604542e+00 3.722230e+00 3.338290e+00 -1.145547e+00 1.339803e+01 -4.030277e+00 7.365601e+00 -2.461526e+00 -2.063029e+00 1.591355e+00 2.875299e+00 -1.512926e-01 -8.003126e-01 -1.795313e-01 -1.014054e-01 -2.414079e-01 1.049780e+00 2.208937e-01 -3.290201e-01 8.861307e-01 -2.201677e-01 1.112023e+00 -1.513624e+00 -5.105198e-01 -1.087238e-03 2.332205e-01 -1.521583e-01 -2.031680e-01 2.720731e-01 4.715631e-01 -1.258896e-01 5.766394e-01 -4.263843e-01 -6.273916e-01 9.340053e-01 3.775391e-01 2.545570e-01 7.266756e-03 
-6.697352e+00 2.010418e+00 2.264680e+00 4.094947e+00 -1.938787e+00 1.354385e+01 -6.596128e+00 2.209200e+00 -2.965153e+00 -3.240748e+00 -4.823907e+00 1.759499e+00 -1.512926e-01 -3.513098e-01 -2.034182e-01 1.530439e-01 6.624429e-01 1.970535e+00 -3.955711e-01 -2.112806e-01 6.587382e-01 -1.352833e+00 1.436605e+00 -3.148135e-01 4.384027e-01 -1.838220e-06 2.969809e-01 9.451507e-02 -1.694891e-01 2.182233e-01 -2.332238e-01 -3.648947e-01 3.951026e-01 -6.581526e-01 -2.106210e-01 5.584468e-01 7.349632e-01 4.522631e-02 2.477238e-03 
-6.177847e+00 2.327911e+00 3.797096e+00 4.829470e+00 2.050895e+00 1.404949e+01 -4.651028e+00 3.234525e+00 -2.661388e+00 1.885530e+00 -5.555912e+00 -1.379632e+00 -1.512926e-01 1.184691e-01 3.389792e-03 -1.912629e-01 7.640049e-01 3.236795e-01 -8.928090e-01 4.585308e-01 -1.229006e+00 -1.419992e+00 1.287828e+00 1.614020e-01 -6.882786e-01 -1.838220e-06 1.465205e-01 1.047595e-01 -2.467012e-01 -3.489732e-02 -9.482933e-01 -1.047439e-01 2.208842e-01 -3.864633e-01 5.106546e-01 -1.060751e-02 6.982711e-01 -1.934367e-01 2.185063e-04 
-6.238147e+00 3.797369e+00 4.429716e+00 7.622101e+00 2.824699e+00 1.140445e+01 -3.157438e+00 4.579791e+00 -6.298940e+00 2.343811e+00 1.998582e+00 2.305163e+00 -1.512926e-01 1.415619e-01 5.415365e-01 -4.292026e-01 3.037453e-01 -1.029789e+00 -1.441218e+00 3.555566e-01 -7.908087e-01 1.766125e-02 1.370552e+00 1.125770e+00 -8.770126e-01 -1.838220e-06 -1.416095e-01 -1.359535e-01 -3.898462e-01 -3.445782e-01 -9.127327e-01 5.463769e-01 1.245931e-01 -1.112533e-01 9.196663e-01 -3.753104e-01 2.140771e-01 -2.348745e-01 1.902393e-07 
-6.181558e+00 3.728075e+00 1.683531e+00 5.394591e+00 -1.908822e+00 1.000353e+01 -3.456274e+00 3.566277e-02 -7.894976e+00 1.583723e+00 -1.012605e+00 -8.391747e-01 -1.512926e-01 -3.142416e-01 -2.824716e-02 -1.043712e+00 -2.366270e-01 -2.191528e+00 2.200322e-01 4.920885e-01 -3.213687e-01 1.647858e+00 1.092068e+00 1.257493e+00 -8.200734e-01 -1.838220e-06 -3.029919e-01 -2.593522e-01 -1.754650e-01 -2.735617e-01 -1.472974e-01 6.315418e-01 -2.692470e-02 2.907609e-01 5.129476e-01 -7.691733e-01 8.856239e-02 3.315350e-01 1.902393e-07 
-5.987207e+00 4.018271e+00 1.175377e+00 5.331348e+00 -5.107695e+00 8.360369e+00 -5.415576e+00 -1.456909e-01 -2.601842e-01 3.762642e+00 -1.466434e+00 -2.895829e+00 -1.512926e-01 -8.430605e-01 -8.672634e-01 -1.369871e+00 -5.601785e-01 -1.335545e+00 1.779802e+00 3.948671e-01 -3.511616e-01 1.711525e+00 -3.418998e-01 2.075785e-01 -6.700807e-01 -1.838220e-06 -2.731898e-01 -3.603995e-01 1.039785e-01 -1.416932e-01 4.440952e-01 1.813380e-01 -7.510411e-02 1.667612e-01 -4.726889e-01 -1.013483e+00 -1.879047e-01 5.430695e-01 1.902393e-07 
-7.874124e+00 2.075932e+00 2.053921e-01 4.791524e+00 -4.940867e+00 1.667181e+01 -1.061441e+00 3.990798e+00 2.558537e+00 6.636498e+00 2.463883e+00 -2.879688e+00 -1.512926e-01 -9.042678e-01 -5.890069e-01 -5.983314e-01 -1.717616e-01 -2.599448e-01 6.543831e-01 3.041655e-01 5.226227e-03 2.976956e-01 -1.701859e+00 1.063258e+00 8.659620e-01 -1.838220e-06 -3.424343e-03 -8.255828e-02 3.924057e-01 6.656779e-02 6.666946e-01 -7.708024e-01 -4.118179e-01 -1.112533e-01 -1.058329e+00 -7.053099e-01 -3.573077e-01 3.688135e-01 1.902393e-07 
-9.607044e+00 2.868811e-01 -1.680299e+00 5.122646e+00 -2.336823e+00 1.696892e+01 -2.380463e+00 8.460702e-01 -2.968012e+00 -1.892079e+00 1.298123e+00 -2.484378e-02 -1.512926e-01 -9.293784e-01 -9.801161e-01 -1.320300e-01 -4.371669e-01 2.248344e-01 -7.517010e-01 7.386384e-02 -1.203872e-01 -1.670760e+00 -2.299998e+00 2.833877e-01 9.953178e-01 -1.838220e-06 2.946934e-01 2.620270e-01 4.314668e-01 9.254395e-02 4.551871e-01 -8.871363e-01 -2.576573e-01 2.181653e-02 -8.215159e-01 9.702487e-02 -2.085310e-01 -1.666806e-01 1.902393e-07 
-8.893189e+00 2.648765e+00 1.197639e-01 4.640193e+00 -4.594255e+00 8.971066e+00 -3.453315e+00 -4.347741e-01 -5.052423e+00 -4.098283e+00 2.921296e+00 2.055241e+00 -1.512926e-01 -2.881594e-01 -3.846406e-01 2.993617e-01 3.472205e-02 3.616881e-01 -2.368327e+00 -1.406509e+00 -9.929175e-01 -1.952643e+00 -1.455454e+00 -5.669522e-01 1.913227e-01 -1.838220e-06 3.622233e-01 2.532726e-01 9.970432e-02 -4.302898e-02 1.363787e-01 -1.394694e-01 1.020281e-01 7.674130e-03 -8.817821e-02 8.673702e-01 -2.297011e-01 -6.730907e-01 1.902393e-07 
-1.012469e+01 -1.168718e+00 5.577310e-01 3.221742e+00 -4.157346e+00 8.452091e+00 -3.850383e+00 1.465380e+00 -4.808395e+00 -2.369848e+00 -2.784486e-01 -3.867108e-01 -1.512926e-01 3.223439e-01 3.405675e-01 3.385562e-01 -2.005763e-01 6.295481e-01 -1.144529e+00 -3.831470e-02 2.567752e-01 -1.270887e+00 1.981281e-02 -2.005832e-02 -1.166117e+00 -1.838220e-06 3.132834e-01 3.080648e-01 -1.410738e-01 -9.471023e-02 -1.716710e-01 3.849062e-01 4.711325e-01 -2.633925e-02 5.239731e-01 1.090661e+00 1.228279e-01 -5.049495e-01 1.902393e-07 
-9.055998e+00 8.807117e-01 5.829983e-01 5.915443e+00 -2.222231e+00 9.088658e+00 -7.359491e+00 -1.283618e+00 -6.284323e+00 -4.019724e-01 4.169922e-01 -1.742541e+00 -1.512926e-01 2.810159e-01 1.697882e-02 -3.351862e-01 -5.052626e-01 2.195492e-01 1.535271e-01 8.704274e-01 -1.450268e-01 -3.431898e-01 1.475125e+00 6.643111e-02 -1.418731e+00 -1.838220e-06 6.555545e-02 2.885761e-02 -2.347493e-01 -2.381438e-01 -4.183583e-01 4.942562e-01 6.779448e-01 3.318031e-03 6.684042e-01 7.815645e-01 2.211896e-01 -4.044281e-02 1.902393e-07 
-7.913551e+00 2.873446e+00 -2.194734e-01 3.481490e+00 -3.753883e-01 1.118651e+01 -6.188083e-01 2.555126e+00 -8.706498e+00 -3.641117e+00 2.449902e+00 -3.956958e+00 -1.512926e-01 3.524617e-01 3.593586e-01 -5.201944e-01 -6.406786e-01 -5.624399e-01 -8.802790e-02 1.290953e+00 -6.759851e-01 1.443801e-01 1.688061e+00 5.808652e-01 -7.244870e-01 -1.838220e-06 -8.522709e-02 -1.447388e-01 -1.677082e-01 -1.901670e-01 -4.880991e-01 8.602048e-02 3.162266e-01 -1.898421e-01 4.930012e-01 3.340586e-01 6.889842e-02 3.055549e-01 1.902393e-07 
-8.594009e+00 7.123057e-01 -1.167934e+00 1.983986e+00 -5.387090e+00 8.370561e+00 -7.170397e-01 -1.704250e+00 -4.819198e+00 3.912989e+00 1.889606e+00 -3.253531e+00 -1.512926e-01 2.445352e-02 -2.498120e-01 -4.450821e-01 -9.360615e-01 -1.134144e+00 -4.252055e-01 1.318566e+00 -5.099499e-01 6.817545e-01 1.618345e+00 2.384676e-01 -2.318278e-01 -1.838220e-06 -8.409945e-02 -1.142539e-01 -1.443179e-02 -1.157170e-01 -3.279095e-01 -1.494280e-01 9.240574e-02 -5.641423e-02 2.587327e-01 2.167065e-02 1.581906e-04 2.866518e-01 1.902393e-07 
