-6.648082e+00 2.174295e+00 -2.602412e+00 3.892778e-01 7.192974e+00 1.010386e+01 -8.227071e-01 1.195778e+00 7.555404e+00 2.000772e+00 -2.417277e+00 -5.395000e+00 -1.512926e-01 6.669559e-01 -2.084353e-01 4.750150e-01 1.222667e+00 -1.760513e-01 3.517092e-01 5.561885e-01 5.358914e-01 -6.132035e-01 3.214044e-01 1.102794e-01 5.525069e-01 1.658742e-06 -9.300408e-02 -4.302707e-02 5.185100e-02 -1.943672e-01 -4.770994e-01 -1.287182e-01 1.139868e-01 9.115828e-02 3.316234e-02 -1.072349e-01 2.722786e-01 5.840865e-02 4.417175e-07 
-4.967064e+00 2.093822e+00 -1.591432e+00 5.026025e+00 8.605844e+00 1.425060e+01 -1.382131e+00 4.560528e-01 3.395068e+00 1.058498e+00 -2.099486e+00 8.249964e-01 -1.512926e-01 5.345305e-01 -5.254257e-01 7.843551e-01 9.817998e-01 -1.438115e+00 3.394179e-01 1.408313e+00 1.272587e+00 -4.339654e-01 -1.049667e-01 7.988363e-01 8.126281e-01 1.658742e-06 -2.315763e-01 -6.310122e-02 -1.993985e-01 -5.411255e-01 -3.979339e-01 -4.218766e-01 -1.135716e-01 -2.916965e-01 7.858871e-02 2.960688e-02 4.262814e-01 8.488028e-02 4.417175e-07 
-4.154094e+00 1.172047e+00 -7.331583e-01 4.183805e+00 5.606219e+00 9.788266e+00 2.237929e+00 4.244817e+00 6.569699e+00 4.079213e+00 -2.024626e+00 -5.742148e+00 -1.512926e-01 2.682051e-01 -2.650256e-01 5.795255e-01 3.711700e-01 -1.930620e+00 -2.859577e-01 6.999935e-01 6.232575e-01 -5.370163e-01 -1.616285e-03 1.127435e+00 7.145343e-01 1.658742e-06 -2.526889e-01 1.723705e-02 -4.069174e-01 -6.130759e-01 -5.312444e-02 -3.307363e-01 -3.471820e-01 -6.633531e-01 3.587287e-02 -1.906238e-01 1.633436e-01 1.289594e-01 4.417175e-07 
-5.222631e+00 4.787195e-02 3.844045e-01 3.401031e+00 7.953846e-01 1.195882e+01 4.688507e+00 6.033928e+00 5.878604e+00 4.370583e-01 1.380800e+00 -1.158066e+00 -1.512926e-01 -2.915798e-01 -4.958133e-01 -5.744157e-01 -1.057226e+00 -1.288340e+00 -1.438971e+00 -8.363938e-02 -9.664154e-01 -2.582505e-01 6.309490e-01 1.733140e+00 8.957834e-01 1.658742e-06 -1.758905e-01 1.143593e-01 -5.544074e-01 -5.342999e-01 4.919538e-01 -1.334784e-01 -3.222820e-01 -5.091678e-01 2.214935e-01 -1.380008e-01 -3.746496e-01 -2.655768e-01 4.417175e-07 
-5.179303e+00 1.871914e+00 -6.926444e-01 3.057971e+00 1.445024e+00 9.820096e+00 -3.580174e-01 1.523067e+00 3.628318e+00 2.303471e+00 1.479513e+00 -8.306067e-01 -1.512926e-01 -1.833390e-01 -1.371967e-01 -8.802405e-01 -8.233139e-01 -5.166680e-01 -4.127211e-01 -4.336785e-01 -1.661434e+00 -5.217128e-01 -9.995556e-01 4.598812e-01 1.155696e+00 1.658742e-06 -1.345031e-01 -1.421083e-03 -3.472182e-01 -3.223938e-01 6.367783e-01 2.218529e-01 1.624035e-01 4.213737e-01 3.891445e-01 -2.522662e-01 -5.176967e-01 -5.573289e-01 4.417175e-07 
-5.912958e+00 -7.353930e-01 -4.483507e+00 3.030592e-01 4.244699e+00 7.040024e+00 -5.025694e-01 -3.015069e+00 3.574431e+00 5.101346e+00 4.814115e+00 2.848127e+00 -1.512926e-01 -1.190433e-01 -1.748222e-02 -1.257857e+00 -1.092464e+00 3.146420e-01 -2.643369e-01 3.635960e-01 -1.308287e-01 6.656842e-01 -2.960636e-01 -7.405925e-01 -7.357723e-01 1.658742e-06 -2.335493e-02 3.510389e-02 1.090963e-01 7.425784e-03 3.236917e-01 4.470335e-01 1.745508e-01 9.121369e-01 6.031777e-02 -3.889974e-01 -5.737205e-01 -8.002474e-01 4.417175e-07 
-4.725450e+00 8.774695e-01 -2.700269e+00 1.616759e+00 1.297980e+00 1.018377e+01 2.665052e+00 4.620398e-01 5.113562e+00 -3.250780e+00 -1.441887e+00 -1.966697e+00 -1.512926e-01 -4.903653e-01 -5.113045e-01 -8.148032e-01 -1.223214e+00 4.517341e-01 2.359044e-01 1.288381e+00 2.312439e+00 9.467620e-01 -7.994409e-01 -2.242233e-01 -1.256224e+00 1.658742e-06 -5.370146e-03 -9.354564e-02 3.418867e-01 1.258089e-01 -1.277499e-01 1.565513e-02 -2.982033e-01 4.586157e-01 -4.380672e-01 7.475970e-02 1.267830e-01 -2.632802e-01 4.417175e-07 
-6.045148e+00 4.575498e-01 -4.900490e+00 -1.340994e+00 2.442435e+00 1.045467e+01 4.995033e+00 5.909865e+00 8.464408e+00 1.733643e+00 -8.613498e-01 -4.268928e+00 -1.512926e-01 -2.547130e-01 -1.331922e-01 -6.146282e-02 -8.200683e-01 -1.540079e-01 4.716605e-01 -7.189247e-02 1.607439e+00 -6.910421e-01 -1.414173e+00 -7.934393e-01 -1.899528e+00 1.658742e-06 1.201882e-01 -1.341560e-02 5.929530e-01 4.338367e-01 -4.483274e-01 -8.581834e-02 -6.854502e-01 -5.065804e-01 -7.606697e-01 3.846037e-02 3.827074e-01 5.734169e-01 4.417175e-07 
-7.565335e+00 -1.280655e+00 -4.557679e+00 -2.235852e+00 4.604918e+00 9.291848e+00 3.335272e+00 8.622635e+00 5.917151e+00 -1.001582e-02 3.196171e+00 -3.552870e+00 -1.512926e-01 -1.423431e-01 -5.470291e-01 2.309771e-01 -3.304516e-01 -9.211503e-01 -7.025293e-01 -1.706798e+00 -2.375409e-01 -2.033676e+00 -6.686889e-02 1.120079e+00 4.211927e-01 1.658742e-06 2.832242e-01 2.520880e-01 5.792185e-01 7.055137e-01 -2.387518e-01 2.146025e-02 -4.670997e-01 -1.084553e+00 -4.290321e-01 1.206872e-01 -1.448960e-03 9.151307e-01 4.417175e-07 
-5.766815e+00 -3.223012e-01 -3.862085e+00 -1.871011e+00 1.820415e+00 9.844477e+00 -1.197290e+00 9.416639e-01 -2.826414e-01 -3.589747e+00 -1.471978e+00 -5.856483e+00 -1.512926e-01 3.077262e-01 -6.680122e-02 1.184009e+00 6.303515e-01 -1.240327e+00 -2.242050e-01 -1.565929e+00 -1.388737e+00 -1.647455e+00 -4.700368e-01 5.006294e-01 1.292756e+00 1.658742e-06 2.232935e-01 2.966926e-01 3.278958e-01 5.529400e-01 2.819242e-01 1.184057e-01 3.730160e-01 -4.234857e-01 3.695684e-01 1.640140e-01 -1.143678e-01 7.434478e-01 4.417175e-07 
-5.576608e+00 -1.467936e+00 -2.064510e+00 2.295465e-01 -2.997422e+00 6.976364e+00 -2.772934e+00 1.758222e+00 -6.810927e-01 -9.233443e-01 4.464031e+00 9.327677e-01 -1.512926e-01 6.443934e-01 7.158744e-01 1.458468e+00 1.579100e+00 -1.988497e-01 6.912751e-01 -3.000100e-01 -1.612246e+00 -7.202178e-01 -6.679224e-01 -8.786137e-01 1.723470e+00 1.658742e-06 1.444844e-01 3.248464e-01 -9.684767e-02 1.295974e-01 5.946702e-01 2.916885e-01 9.970290e-01 4.259547e-01 7.477367e-01 2.196250e-01 -5.760444e-01 -3.653793e-01 4.417175e-07 
-5.500966e+00 2.171079e-01 -2.270451e-01 5.780512e-01 4.149142e-02 1.049124e+01 2.193738e-01 2.398497e+00 3.526443e+00 -1.596217e-01 1.007965e+00 -4.822803e-02 -1.512926e-01 4.683178e-01 7.188251e-01 9.641725e-01 9.897979e-01 8.942640e-01 3.669623e-01 1.089821e+00 1.772682e-01 4.999881e-01 -2.934292e-01 -3.659224e-01 1.166456e+00 1.658742e-06 -6.654773e-03 7.366567e-03 -5.752106e-01 -3.914950e-01 2.255152e-01 -1.040985e-02 8.758144e-01 7.283446e-01 3.869359e-01 6.576516e-01 -1.359058e-01 -6.983901e-01 4.417175e-07 
-4.476491e+00 2.028957e+00 9.166960e-01 4.435200e+00 4.500276e+00 1.242476e+01 1.126975e+00 -1.665938e-01 4.116001e-01 -5.064883e+00 -2.437093e+00 2.160049e+00 -1.512926e-01 4.995808e-01 6.843650e-01 -1.432595e-01 1.378370e-01 9.848535e-01 4.602577e-01 1.950377e+00 1.109174e+00 6.313339e-01 9.430267e-01 -1.326747e+00 -1.342722e+00 1.658742e-06 -1.421550e-01 -3.619229e-01 -7.054135e-01 -5.781026e-01 -2.671265e-01 -2.618876e-01 2.108634e-01 5.640216e-01 8.431093e-02 6.326959e-01 3.685978e-01 -5.942360e-01 4.417175e-07 
-3.974903e+00 1.523200e+00 -5.324583e-01 9.751107e-01 2.542799e+00 8.954583e+00 2.301902e+00 2.790645e+00 1.671068e+00 -2.986093e+00 1.489020e-01 -6.378617e-01 -1.512926e-01 3.468050e-01 -1.421537e-02 -8.911918e-01 -6.064405e-01 -7.044903e-01 -1.606753e-01 1.687966e+00 8.923535e-01 -3.884953e-01 2.012703e+00 4.523722e-02 -6.660932e-01 1.658742e-06 -1.486340e-01 -4.024045e-01 -3.340697e-01 -3.457824e-01 -6.180082e-01 -2.548634e-01 -6.406215e-01 -3.187160e-01 -1.305232e-01 3.599738e-03 3.795950e-01 -1.020731e-01 4.417175e-07 
-3.841244e+00 1.300803e+00 -2.628590e+00 7.205389e-01 6.759599e-01 1.004629e+01 5.937479e+00 7.107927e+00 3.403329e+00 5.205268e+00 -1.740228e+00 -5.485846e+00 -1.512926e-01 -5.493722e-03 -7.272332e-01 -1.140908e+00 -5.131306e-01 -7.349887e-01 -3.542263e-01 4.552977e-01 8.504712e-01 1.455856e-01 1.342446e+00 7.588624e-01 -3.314875e-01 1.658742e-06 -3.636876e-02 -2.198629e-01 5.258351e-02 -1.089535e-01 -5.938330e-01 -3.922705e-01 -1.079614e+00 -1.019740e+00 -2.140976e-01 -8.332768e-01 4.017970e-01 3.271945e-01 4.417175e-07 
-4.084327e+00 5.102226e-01 -2.909695e+00 -5.967910e-01 -1.568604e+00 1.087727e+01 6.254078e+00 3.223038e+00 8.827633e-02 4.768656e+00 8.861327e-01 4.443424e-01 -1.512926e-01 -2.230496e-02 -5.874960e-01 -2.073448e-01 -4.135613e-01 -1.335899e+00 -5.000930e-01 -1.365664e+00 -1.286964e+00 9.020676e-02 -4.752043e-01 4.892083e-01 1.506248e-01 1.658742e-06 3.272185e-02 9.241103e-02 1.688688e-01 1.094025e-01 -1.634453e-01 -3.646382e-01 -7.656835e-01 -9.523817e-01 -6.040092e-02 -7.887880e-01 -6.378049e-02 -1.014687e-01 4.417175e-07 
-4.449319e+00 -1.100689e+00 -3.599056e+00 2.655013e+00 2.881234e+00 9.692098e+00 1.427513e+00 3.869633e+00 1.931458e+00 -2.229693e+00 9.885156e-01 -3.855624e-02 -1.512926e-01 5.023827e-01 -1.282392e-01 -2.222169e-01 -5.032780e-01 -1.668816e+00 -1.331459e+00 -1.920800e+00 -2.899790e+00 -6.783809e-01 -1.979257e+00 4.602684e-01 -1.150332e-01 1.658742e-06 5.577114e-03 3.056469e-01 1.127222e-01 6.486483e-03 -1.239477e-01 -2.885331e-01 1.088858e-01 -2.318462e-01 4.099504e-03 -1.194638e-01 -3.043088e-01 2.420101e-02 4.417175e-07 
-3.782493e+00 -2.130538e-01 -1.084072e+00 -2.060239e+00 -5.238873e+00 6.630971e+00 -2.271494e+00 -2.025220e+00 2.858162e+00 -1.644522e+00 1.230712e+00 -2.608834e+00 -1.512926e-01 2.565552e-01 1.483898e-01 -5.061392e-01 -6.443121e-02 -1.054921e+00 -1.495244e+00 -9.522479e-01 -1.994434e+00 -2.783982e-01 -2.704287e-01 -1.243371e-01 -1.281818e+00 1.658742e-06 -1.313195e-01 2.854061e-01 -3.392543e-02 2.395746e-02 4.593796e-01 7.724743e-02 7.575827e-01 8.912254e-01 7.572760e-02 3.470600e-01 -2.592409e-01 3.524171e-01 4.417175e-07 
-1.480181e+00 1.021344e+00 -4.653043e+00 -1.064187e+00 -5.832496e+00 5.512170e+00 5.964067e-01 -4.767260e+00 -1.373368e+00 -1.484105e+00 3.888965e-01 -4.534556e+00 -1.512926e-01 -1.172737e-01 4.330278e-01 -4.279929e-01 -6.552399e-01 -1.495337e+00 -1.299472e+00 7.931162e-01 4.503558e-02 3.504762e-01 6.428039e-01 -4.559362e-01 5.057060e-01 1.658742e-06 -2.414065e-01 2.405516e-01 2.724817e-01 -1.646375e-02 7.598110e-01 4.957965e-01 6.007040e-01 1.223137e+00 2.261617e-01 4.697915e-01 -5.037630e-02 6.573445e-01 4.417175e-07 
-4.285550e+00 1.912592e-01 -4.913579e+00 9.410770e-01 -2.485879e+00 5.491176e+00 1.908264e+00 -2.431005e+00 3.486660e-01 3.043828e+00 5.639383e-01 -3.716599e+00 -1.512926e-01 -3.691474e-01 5.588545e-01 -2.741341e-01 -2.179001e-01 8.743343e-01 -1.300211e-01 1.065190e+00 1.696657e+00 -4.565303e-02 -5.085972e-02 -3.487907e-01 1.602289e+00 1.658742e-06 -6.206131e-02 8.916251e-02 3.268703e-01 1.821293e-03 7.513554e-01 6.791221e-01 -7.358457e-02 5.121458e-01 -6.100326e-02 3.475297e-02 2.498592e-02 3.627317e-01 4.417175e-07 
-4.784201e+00 8.618627e-01 -3.823441e+00 -2.121953e+00 -5.971760e+00 3.765567e+00 3.303149e+00 4.297702e+00 4.938133e+00 -1.359957e+00 -9.574943e-01 3.043981e+00 -1.512926e-01 -3.918573e-01 8.693113e-01 1.024067e+00 -5.088418e-01 1.165731e+00 4.648485e-01 7.409136e-02 1.370449e+00 3.360535e-01 2.599008e-01 3.205051e-01 1.729634e+00 1.658742e-06 9.511006e-02 -2.176556e-01 1.398249e-01 3.092229e-01 5.232227e-01 5.774164e-01 -5.863258e-01 -3.543462e-01 -2.973208e-01 3.267732e-03 1.299270e-02 -5.480618e-01 4.417175e-07 
-3.976372e+00 2.661031e+00 -2.869181e+00 -2.620660e+00 -7.972051e-01 6.854460e+00 1.701100e+00 1.925525e+00 -5.257242e-01 -1.961170e+00 1.599109e-01 1.613247e+00 -1.512926e-01 8.357636e-02 3.760159e-01 4.021417e-01 -1.284152e-01 1.371520e+00 1.018253e+00 -9.605844e-01 -9.645847e-02 -5.763209e-01 9.484410e-02 -3.877967e-01 -8.014139e-02 1.658742e-06 1.760416e-01 -4.419697e-01 -5.491171e-02 3.291987e-01 -3.045244e-01 -2.364552e-02 -5.864987e-01 -6.184337e-01 -1.555202e-01 2.090561e-01 -8.586791e-03 -9.137894e-01 4.417175e-07 
-3.594489e+00 4.133432e+00 -5.555201e-01 -1.827902e+00 -8.481649e-01 7.155155e+00 1.070352e+00 -9.341949e-02 7.439707e-01 2.317769e+00 2.193625e+00 1.448827e+00 -1.512926e-01 1.319455e-01 -5.638903e-01 -6.687086e-02 8.460657e-01 8.723716e-01 1.013515e+00 -1.125515e+00 -8.301695e-01 -8.708306e-01 5.862651e-01 -3.713426e-01 -1.393388e+00 1.658742e-06 1.049961e-01 -4.435107e-01 -2.323979e-01 3.038376e-01 -7.226542e-01 -4.026037e-01 -2.249299e-01 -4.436761e-01 1.836466e-01 1.769069e-01 1.516409e-01 -6.431099e-01 4.417175e-07 
-4.462538e+00 4.356027e-01 -4.537734e+00 1.519497e-01 1.809912e+00 8.887536e+00 -1.778220e+00 -7.177292e-01 -4.360432e-01 1.679241e+00 -2.950109e+00 -3.319711e+00 -1.512926e-01 2.491818e-01 -9.343097e-01 -3.191155e-03 7.505534e-01 -5.014188e-01 -5.224543e-01 -1.267520e+00 -2.952705e-01 -2.198266e-01 8.311651e-01 -4.574442e-02 -1.405297e+00 1.658742e-06 -9.244554e-02 -5.851998e-02 6.628136e-02 1.010740e-01 -5.164835e-01 -5.353087e-01 1.821592e-01 -1.924834e-01 7.654555e-01 3.342777e-01 4.811016e-01 3.041476e-01 4.417175e-07 
-3.880901e+00 -8.451281e-01 -3.323561e+00 7.223539e-01 -2.913786e+00 7.816142e+00 -5.847816e-01 1.468186e+00 5.390416e-01 -2.485483e-01 -1.259506e+00 -1.456164e+00 -1.512926e-01 5.024881e-02 -6.930892e-01 6.467979e-02 5.707722e-01 -1.511039e+00 -7.776099e-01 -8.972079e-01 -7.485660e-01 1.075906e+00 7.762475e-01 9.077239e-01 -8.233151e-01 1.658742e-06 -2.287836e-01 2.595013e-01 5.859005e-02 -1.940854e-01 1.311409e-01 -1.598917e-01 3.690821e-01 1.694598e-01 8.089243e-01 2.555370e-01 3.740757e-01 6.736224e-01 4.417175e-07 
-2.586906e+00 4.790091e-01 -1.501054e+00 -1.430088e-01 -2.271537e+00 3.911174e+00 -3.808753e+00 -3.319011e-01 -1.522443e+00 3.477651e+00 1.657858e+00 -3.960467e+00 -1.512926e-01 -3.377369e-01 1.478629e-01 6.678118e-01 5.146703e-01 -1.918046e-02 -7.626531e-01 -1.639731e-01 -1.099574e+00 2.277615e+00 1.671242e+00 1.378312e+00 1.155696e+00 1.658742e-06 -2.164959e-01 3.246799e-01 -4.883192e-02 -1.452731e-01 7.989114e-01 8.088084e-01 6.671040e-01 3.979596e-01 2.411699e-01 -3.321690e-01 -1.163597e-01 3.099093e-01 4.417175e-07 
-4.281144e+00 6.462942e-01 -1.749748e+00 1.173414e+00 -6.362711e+00 5.755299e+00 -2.400256e+00 -4.028865e+00 6.666853e+00 5.299774e+00 4.428069e+00 -2.347005e+00 -1.512926e-01 -7.184967e-01 1.925450e-01 -1.094592e-01 -6.358775e-03 1.286819e+00 3.340868e-01 1.680667e-01 4.191973e-01 1.924974e+00 1.444074e+00 7.869312e-01 6.942678e-01 1.658742e-06 -5.709036e-02 2.237260e-01 -4.557227e-02 -4.472018e-03 1.018759e+00 1.114680e+00 7.126243e-01 6.909754e-01 -5.141627e-01 -8.282967e-01 -7.286363e-01 -1.876527e-01 4.417175e-07 
-5.951881e+00 4.297502e-01 -1.985352e+00 2.499365e+00 3.438679e+00 6.104755e+00 -1.690291e+00 -3.467086e+00 7.888168e+00 7.261042e+00 1.097504e+00 2.904086e+00 -1.512926e-01 -4.489270e-01 2.462901e-01 -1.604300e-01 3.128657e-01 2.094122e+00 2.965611e+00 1.535540e+00 1.110614e+00 5.614222e-01 -1.163599e+00 -5.672435e-01 -6.144869e-01 1.658742e-06 1.420269e-01 3.868558e-02 -1.208739e-01 5.316970e-02 3.169953e-01 8.558879e-01 2.683581e-01 4.957729e-01 -7.937983e-01 -8.561299e-01 -6.496221e-01 -4.211833e-01 4.417175e-07 
-5.791784e+00 1.424880e-01 -3.628350e+00 -6.303709e-01 6.650677e-01 8.389765e+00 -8.036513e-01 5.132222e+00 5.458519e+00 5.079724e+00 2.955442e+00 -1.417132e+00 -1.512926e-01 -1.795048e-01 3.764375e-01 2.508517e-01 6.493613e-01 2.526234e+00 2.931699e+00 1.816140e+00 1.601264e+00 -6.368743e-01 -1.947644e+00 -1.762587e+00 -8.765929e-01 1.658742e-06 1.537002e-01 2.381738e-02 7.888047e-02 2.184239e-01 -1.593026e-01 -1.998830e-02 -1.070872e-01 -1.742441e-01 -3.243256e-01 -8.997063e-02 -1.906845e-01 1.428600e-01 4.417175e-07 
-4.076249e+00 1.962140e+00 -1.363930e+00 2.323298e+00 4.685054e+00 1.742212e+01 3.070668e+00 6.403189e-01 1.888978e+00 -2.230391e+00 -4.419099e-01 -7.497578e+00 -1.512926e-01 1.028945e-01 2.493462e-01 -1.167601e-01 4.526569e-01 9.462020e-01 2.217914e+00 3.537437e-01 7.882138e-01 -4.105147e-01 -9.134303e-01 -5.949252e-01 -1.647591e-01 1.658742e-06 3.249844e-02 -6.772411e-02 1.117700e-01 6.619466e-02 -6.132413e-01 -1.252183e+00 -5.132252e-01 -2.114861e-01 1.773722e-01 7.911734e-01 4.313028e-01 6.219282e-01 4.417175e-07 
-6.116384e+00 1.762178e+00 -8.067068e-01 4.508713e+00 5.644731e+00 1.475515e+01 4.300041e+00 1.923530e+00 6.482378e+00 3.073301e-01 -3.615047e+00 -1.529048e+00 -1.512926e-01 -2.258095e-01 3.100465e-01 2.631550e-01 1.015994e+00 1.064119e+00 6.080496e-01 2.235803e-01 -2.907427e-01 7.892131e-01 8.689589e-01 -1.525995e-01 1.183588e+00 1.658742e-06 5.433710e-02 -7.113922e-02 1.172271e-01 -1.664387e-01 -6.586975e-01 -1.332351e+00 -5.000403e-01 -2.170852e-01 1.103621e-01 4.256901e-01 7.288508e-01 3.705483e-01 4.417175e-07 
-5.274773e+00 8.667398e-01 -3.980510e+00 2.193062e+00 5.679741e+00 1.401221e+01 -2.473485e+00 2.078526e+00 5.323605e+00 5.080073e+00 1.407955e+00 2.136215e+00 -1.512926e-01 -2.632661e-01 -5.921368e-02 3.922720e-01 4.605390e-01 -2.409738e-01 -2.133356e+00 -2.342651e-01 9.992715e-01 7.352655e-01 1.383988e+00 7.843179e-01 1.465021e+00 1.658742e-06 6.182146e-02 -2.845039e-02 1.062029e-01 -3.269964e-01 -3.422627e-01 -8.893628e-01 -4.392936e-02 -3.452293e-02 -2.430601e-01 -4.863858e-01 1.566623e-01 -7.531945e-02 4.417175e-07 
-6.321279e+00 2.240136e+00 -1.004290e+00 4.514612e+00 5.488350e+00 1.313519e+01 3.086185e+00 2.959611e+00 7.687566e+00 5.769167e+00 1.267041e+00 -3.159293e-01 -1.512926e-01 2.751360e-01 1.750516e-01 5.823647e-01 -1.868354e-01 -1.737866e-01 -1.554332e+00 -3.901012e-01 4.103475e-01 -6.579028e-01 -9.680439e-01 1.191993e+00 1.611759e-01 1.658742e-06 1.146587e-01 -4.935750e-02 -1.327038e-01 -4.860512e-01 -2.839243e-01 -1.868274e-01 -1.091622e-01 -1.332694e-01 -5.433761e-01 -7.845272e-01 -5.842711e-02 -3.431383e-01 4.417175e-07 
-5.290195e+00 1.427121e+00 6.960506e-01 4.623066e+00 3.558493e+00 7.565563e+00 2.506072e+00 5.118585e+00 4.962520e+00 1.958575e+00 1.038423e+00 -7.787935e-01 -1.512926e-01 1.614389e-01 1.745246e-01 2.546373e-01 -5.809397e-01 -1.461568e-01 -1.147830e+00 4.408035e-01 2.651489e-01 -9.022083e-01 -2.427007e+00 -4.839082e-01 -3.010200e-02 1.658742e-06 1.034842e-04 -9.013053e-02 -4.332509e-01 -3.561773e-01 -6.004787e-02 4.137701e-01 -1.204018e-01 -4.376954e-01 -2.745825e-01 -3.412992e-01 -5.734814e-02 -3.008320e-01 4.417175e-07 
-4.732793e+00 2.357187e+00 -2.326548e-01 2.359600e+00 5.836511e+00 1.020680e+01 -1.405089e-01 2.455374e+00 3.373435e+00 -2.972143e+00 2.529764e+00 7.344961e-01 -1.512926e-01 1.351898e-01 -5.373379e-02 -3.315946e-01 -8.934413e-01 -4.029781e-01 -8.187784e-01 -6.597118e-01 -5.900927e-01 -1.108860e+00 -1.148198e+00 1.893560e-01 2.154984e-01 1.658742e-06 -1.167976e-01 -2.137407e-01 -5.064283e-01 -2.032905e-01 -2.333039e-01 3.897950e-01 1.686285e-01 -2.149219e-01 -9.854903e-02 1.987086e-01 1.602213e-02 -2.354464e-02 4.417175e-07 
-5.261554e+00 1.680731e+00 -3.092942e+00 3.656811e-01 4.774914e+00 9.736795e+00 1.343939e+00 3.656430e+00 2.969870e+00 -2.684091e+00 -1.642983e+00 1.460226e+00 -1.512926e-01 -1.927768e-01 -3.954892e-01 -1.317075e+00 -9.670460e-01 -4.266824e-01 -4.322687e-01 -7.014892e-01 -6.890870e-01 -4.122763e-01 -2.323309e-01 9.988991e-01 -6.624736e-02 1.658742e-06 -3.162123e-02 -2.074103e-01 -1.784488e-01 -7.696948e-03 -2.178680e-01 5.357937e-01 2.914858e-01 -2.032997e-01 -3.316039e-01 1.309794e-01 1.069465e-01 -1.009450e-01 4.417175e-07 
-5.660328e+00 1.844602e+00 -7.680627e-01 2.175818e+00 2.865284e+00 7.955653e+00 3.685536e-01 7.401021e-01 3.139792e+00 2.349503e+00 3.554695e+00 -3.584161e-01 -1.512926e-01 -1.315780e-01 -6.086779e-01 -1.163892e+00 -1.010282e+00 -1.200015e+00 3.702222e-02 1.024170e+00 -1.870147e-01 -1.395553e+00 -1.071901e+00 5.307308e-01 6.151500e-02 1.658742e-06 1.049403e-01 -5.868657e-02 3.201679e-01 2.205217e-01 -4.483903e-02 5.619168e-01 4.510014e-01 1.015080e-01 -7.756757e-02 -8.410519e-02 -4.212115e-01 -1.150068e-01 4.417175e-07 
-5.791049e+00 -2.940139e-01 -5.621639e+00 -1.203196e-01 2.910798e+00 6.530062e+00 -1.255819e+00 2.530544e+00 3.018251e+00 -1.864223e+00 5.520521e+00 -5.639417e-01 -1.512926e-01 1.368120e-01 -5.850722e-01 -2.215409e-01 -5.611186e-01 -8.369020e-01 1.103404e+00 1.056190e+00 -9.529349e-01 -2.416924e+00 -1.810350e+00 -1.199816e-01 -4.578918e-01 1.658742e-06 2.808784e-01 1.342669e-01 7.272946e-01 4.041862e-01 -3.615637e-02 1.038929e-01 -4.423197e-02 2.402960e-01 1.918284e-01 7.785842e-02 -7.073058e-01 -2.874226e-02 4.417175e-07 
-5.126427e+00 3.014820e-01 -4.787674e+00 -2.448676e+00 7.685432e-01 1.199539e+01 6.280484e+00 2.082850e+00 -3.628767e+00 -8.741562e+00 1.601712e+00 2.054004e+00 -1.512926e-01 4.950093e-01 -2.524851e-01 7.214866e-01 6.159833e-03 -4.221529e-01 1.223059e+00 7.163823e-01 4.935759e-02 -4.945188e-01 -7.796828e-01 -1.357332e+00 -1.636100e-01 1.658742e-06 2.978019e-01 1.784550e-01 4.350980e-01 4.354335e-01 -1.053339e-01 -8.036793e-01 -8.236539e-01 2.308795e-01 8.024993e-01 6.387272e-01 -2.978350e-01 1.289997e-01 4.417175e-07 
-4.844421e+00 -4.730041e-01 -2.190415e+00 -1.275802e-01 1.638749e+00 1.323339e+01 3.668749e+00 -1.779754e+00 -5.730372e+00 -6.190240e+00 -1.266478e+00 -2.035090e+00 -1.512926e-01 8.983316e-01 9.780620e-02 1.376806e+00 5.457350e-01 -9.963396e-01 -5.057203e-01 -7.686550e-01 3.941915e-01 9.637219e-02 1.084656e-02 -1.593497e+00 -9.737834e-02 1.658742e-06 1.688924e-01 1.044055e-01 -1.027077e-01 1.055513e-01 -3.620116e-01 -1.246726e+00 -7.667643e-01 2.311764e-01 7.362922e-01 5.691167e-01 3.964022e-01 7.341405e-01 4.417175e-07 
-3.658381e+00 6.716552e-01 1.123629e+00 2.209852e+00 1.389786e+00 1.071879e+01 1.488219e+00 3.142214e+00 5.041581e+00 6.138653e-01 1.613788e-01 -4.409718e-01 -1.512926e-01 9.766366e-01 -5.773833e-02 2.124546e-01 6.135442e-01 -1.646923e+00 -3.176784e+00 -2.181695e+00 2.938593e-01 1.360507e+00 1.211231e+00 -2.217068e-01 5.262859e-01 1.658742e-06 -3.748583e-02 3.377116e-02 -3.995923e-01 -2.328785e-01 -2.309771e-01 -8.751402e-01 -1.995976e-01 -1.776799e-01 -1.259052e-01 1.862030e-01 9.676361e-01 9.439796e-01 4.417175e-07 
-2.033176e+00 9.830438e-03 -1.693028e+00 2.790087e-01 -2.382015e+00 4.639207e+00 -2.703244e+00 3.971744e+00 -8.352812e-01 -6.487709e+00 -1.727018e+00 1.963301e-01 -1.512926e-01 7.405419e-01 -1.604862e-01 -4.804509e-01 -3.370587e-01 -2.034647e+00 -2.930365e+00 -1.328623e+00 8.074354e-02 3.370444e-01 3.982520e-02 1.294299e+00 2.867899e+00 1.658742e-06 -2.682720e-01 9.370210e-02 -1.380877e-01 -2.009110e-01 3.441783e-01 3.365099e-02 7.555076e-01 -7.689739e-02 -5.247013e-02 2.285892e-01 9.308265e-01 7.569858e-01 5.493634e-04 
-1.649090e+00 -2.286606e-01 -3.973654e+00 4.155972e-01 -5.455550e+00 4.084864e-01 -1.442021e+00 6.765735e-01 7.262705e-01 -2.536577e+00 7.235676e-01 3.569367e+00 -1.512926e-01 3.864736e-01 4.564188e-02 -3.479539e-01 -7.169057e-01 -1.058091e+00 -1.940397e+00 -1.505716e-03 -6.822953e-01 -1.244390e+00 1.366909e-01 2.036864e+00 3.073489e+00 1.658742e-06 -3.243487e-01 3.276785e-01 3.535701e-01 -1.967218e-03 7.375085e-01 8.352798e-01 1.330715e+00 1.831605e-01 -1.385042e-01 5.445199e-02 3.426609e-01 -8.575500e-02 1.595745e-03 
-2.146272e+00 -8.246442e-01 -2.043942e+00 -9.157999e-01 -5.111279e+00 3.737123e+00 -1.508989e+00 -1.436437e-01 -1.887460e+00 -4.415893e+00 4.923837e+00 1.029920e+01 -1.512926e-01 -1.477994e-01 5.145939e-01 9.666061e-01 2.064576e-01 4.301436e-01 -9.557598e-01 1.918736e+00 4.977137e-01 1.136349e+00 1.690899e+00 1.931461e+00 2.413889e+00 2.745697e-03 -2.306826e-01 3.911911e-01 4.729320e-01 3.279776e-01 6.548246e-01 6.705305e-01 8.120946e-01 -1.415407e-01 -2.312643e-01 8.145515e-02 -2.528085e-01 -1.127416e+00 1.434139e-03 
-1.669653e+00 1.317385e+00 -4.402111e-01 -7.769426e-01 -2.536061e+00 1.468368e+00 8.833328e-01 1.788823e+00 -6.539524e-01 2.612975e-01 7.020302e+00 9.875028e+00 -1.512926e-01 -2.010350e-01 1.243103e+00 1.256883e+00 3.318755e-01 8.082039e-01 1.243961e-02 2.848163e+00 1.001124e+00 2.684539e-01 6.580025e-01 1.173119e+00 3.245613e-01 6.605955e-03 -9.791917e-02 2.048557e-02 1.232337e-01 3.111015e-01 -1.237207e-01 1.996774e-01 -2.927565e-01 -6.470226e-01 -6.048146e-01 -3.076006e-01 -6.280841e-01 -1.115973e+00 -3.747721e-05 
-2.761691e+00 1.809486e+00 1.372946e+00 1.907633e+00 -1.691140e+00 -6.690031e-01 5.728138e+00 5.904211e+00 5.536794e+00 5.681815e-01 4.781822e+00 9.112683e+00 -1.375545e-01 -1.190433e-01 1.196840e+00 1.081797e+00 7.784884e-01 3.061869e-01 -5.541451e-01 1.306949e+00 -1.468694e+00 -1.575562e+00 1.864409e-01 4.621074e-01 -1.394642e+00 3.869668e-03 -6.598920e-03 -4.339317e-01 -3.636995e-01 -1.937723e-01 -6.989329e-01 -7.937466e-02 -1.385892e+00 -1.115602e+00 -1.152391e+00 -8.486598e-01 -8.978693e-01 -5.700610e-01 -2.357755e-03 
-2.346761e+00 4.669427e+00 6.019335e-01 6.633623e-01 -3.124238e+00 2.673856e+00 9.180235e+00 2.658266e+00 -1.643591e+00 -1.738330e+00 6.660311e+00 5.785588e+00 -1.251340e-01 -1.174212e-01 -1.930494e-01 2.106969e-01 5.525739e-01 -1.614764e+00 -1.142795e+00 -1.159524e+00 -2.934057e+00 -2.912471e+00 -6.490762e-01 -3.688261e-01 -6.021598e-01 -7.463631e-04 -1.155688e-01 -6.369639e-01 -3.824517e-01 -4.721496e-01 -3.440787e-01 -3.659094e-02 -1.332850e+00 -7.501805e-01 -1.850348e-01 -3.933688e-01 -9.595368e-01 2.928257e-01 -2.882300e-03 
-2.403309e+00 3.483313e+00 2.843915e+00 2.256592e+00 -3.286064e+00 3.637885e-01 8.773439e-01 -7.921404e+00 -9.270413e+00 -2.483919e+00 7.414422e+00 5.370738e+00 -1.450208e-01 -2.224177e-01 -9.370497e-01 -3.288905e-01 -8.728088e-01 -1.852864e+00 -7.750924e-01 -3.006916e+00 -3.112597e+00 -3.035119e+00 -1.898704e+00 -1.786882e+00 2.683217e-02 -5.362394e-03 -3.089332e-01 -1.686780e-01 -2.838198e-01 -6.377168e-01 6.002885e-01 9.541745e-02 -3.333822e-02 2.109435e-01 1.035052e+00 -1.487910e-01 -6.585029e-01 5.149537e-01 9.686924e-03 
-2.435622e+00 -4.847092e-01 -1.223320e-01 1.811431e+00 -9.812414e+00 -4.761567e+00 -2.488730e+00 -5.968981e+00 -7.813097e+00 -1.458299e+00 3.859642e+00 8.735138e+00 -1.512926e-01 -7.271973e-01 -8.748740e-01 4.994287e-02 -1.203277e+00 1.675850e-01 -5.997543e-02 -1.659242e+00 -1.927855e+00 7.314171e-02 -2.661731e-01 -2.500120e+00 1.077868e+00 -3.191968e-03 -6.374068e-01 7.220399e-01 -1.973108e-01 -4.054905e-01 1.462653e+00 -1.304597e-01 1.213953e+00 5.291550e-01 1.694161e+00 -1.510327e-02 -4.464944e-02 5.031002e-02 2.473893e-02 
-3.829494e+00 -2.988910e-01 9.083388e-02 -3.030425e+00 -7.611420e+00 -8.268000e-01 -3.472282e+00 -5.345004e+00 -6.554415e+00 -9.065185e+00 -2.752315e+00 7.772450e+00 -1.512926e-01 -1.358799e+00 6.942710e-01 -2.569636e-01 -1.532238e+00 2.416621e+00 -6.184153e-01 1.390125e+00 -9.171240e-01 2.106855e+00 -7.490829e-01 -1.764717e+00 3.400223e-01 5.352591e-02 -8.496497e-01 1.048641e+00 -2.920971e-01 3.072043e-02 1.093214e+00 -5.661339e-01 1.307890e+00 3.705583e-01 1.160941e+00 2.761213e-01 7.137036e-01 -1.641626e-01 3.292130e-02 
-5.269632e+00 2.186487e+00 2.228103e+00 -2.709601e+00 -1.238360e-01 2.969132e+00 3.058963e+00 -8.268982e+00 -2.636376e+00 2.215421e-01 -7.571320e-01 9.974164e+00 -1.379586e-01 -2.736288e+00 2.601483e+00 -8.118287e-01 -1.145204e+00 3.563787e+00 -1.873313e+00 2.711747e+00 -1.385958e+00 2.987301e+00 -1.299474e+00 -6.032490e-01 -5.073044e-01 9.350438e-02 -7.020851e-01 8.173296e-01 -3.437754e-01 1.645081e-01 2.075824e-01 -3.969146e-01 2.775227e-01 4.747765e-01 -6.647450e-02 3.765741e-03 7.798530e-01 -3.901587e-01 2.956547e-02 
-7.779778e+00 5.619490e+00 3.831579e-01 -3.143871e+00 3.952945e+00 -6.594179e+00 5.054379e+00 -1.135727e+01 -1.324594e+00 -7.069044e+00 8.989764e-01 6.451214e+00 1.159322e-01 -3.466250e+00 2.567971e+00 -1.358582e+00 -7.482022e-01 1.914906e+00 -2.699200e+00 1.347021e+00 -1.530642e+00 1.312394e+00 -1.312313e-03 8.331964e-01 -1.373748e-03 1.108949e-01 -2.565427e-01 2.370949e-01 -1.315684e-01 2.863353e-01 -4.036089e-01 6.848692e-01 -6.142518e-01 7.632961e-01 -5.901075e-01 2.470708e-01 7.749977e-01 -5.551934e-01 1.011667e-02 
-1.414180e+01 9.563614e+00 -4.327684e+00 -3.857670e+00 2.224592e+00 -1.124479e+01 6.806697e+00 -9.892786e+00 4.508215e+00 -8.953590e+00 -9.820809e-01 6.859157e+00 1.826199e-01 -3.183998e+00 2.275113e+00 -1.118194e+00 -7.726598e-01 1.456372e+00 -1.004185e+00 -2.500856e-01 7.527117e-01 1.378788e-01 -6.213135e-01 1.001166e-01 -7.021341e-01 1.159528e-01 2.717184e-01 -2.959115e-01 1.975830e-01 3.304511e-01 -6.750414e-01 1.646371e+00 -7.468356e-01 1.075103e+00 -5.855900e-01 3.759998e-01 4.304313e-01 -8.867940e-01 -2.640341e-03 
-1.672465e+01 8.852530e+00 -3.423911e+00 -6.197371e+00 7.891605e-01 -7.215886e+00 1.389129e+00 -1.218647e+01 -3.564653e+00 -4.484593e+00 1.525751e+00 9.322700e+00 2.428952e-01 -2.417759e+00 2.043061e+00 -7.616692e-01 -2.867524e-01 1.452446e+00 2.371185e+00 -2.002559e-01 1.830022e+00 5.810195e-01 1.471272e-01 1.758693e+00 -2.338600e+00 9.288426e-02 5.306546e-01 -3.645467e-01 3.469776e-01 5.192191e-01 -4.778939e-01 1.669127e+00 -2.078544e-01 8.187774e-01 8.315874e-03 3.472260e-01 -3.543566e-01 -7.563295e-01 -1.060332e-02 
-1.671730e+01 1.194511e+01 -1.459294e+00 -5.046579e+00 8.740050e+00 -1.740397e+00 3.640982e+00 -4.090731e+00 -8.270211e-01 -4.177361e+00 -5.699804e-01 5.027734e+00 3.783259e-01 -1.902067e+00 1.384315e+00 -1.223033e-01 2.763531e-01 4.198768e-01 3.823336e+00 -2.487593e-01 2.309146e+00 4.251221e-01 5.063206e-01 1.086106e+00 -3.772609e+00 8.930694e-02 4.387758e-01 -4.799107e-01 3.130992e-01 5.010593e-01 -4.761914e-01 6.522444e-01 2.657741e-02 -2.754508e-01 5.645277e-02 6.447587e-01 -7.756547e-01 2.051107e-01 -1.694210e-02 
-1.858118e+01 1.464362e+01 -4.859353e+00 -3.982914e+00 7.957370e+00 5.100725e-01 5.636126e+00 -5.107853e+00 4.248219e+00 -8.722033e+00 9.486300e+00 -4.325922e+00 4.824858e-01 -1.453915e+00 1.190622e+00 -1.217625e-01 1.323396e+00 4.362828e-02 3.232761e+00 3.070402e-01 1.784949e+00 1.210224e+00 1.170904e+00 -1.431569e+00 -2.247923e+00 7.119939e-02 2.126255e-01 -6.923136e-01 4.454996e-01 2.740618e-01 -2.398868e-01 -4.184516e-01 -7.660090e-03 -9.641736e-01 -1.742931e-01 7.043538e-01 -1.476573e+00 1.244233e+00 -1.709829e-02 
-2.272388e+01 1.358919e+01 -4.221725e+00 -3.582678e+00 7.401459e-01 4.008697e+00 3.439534e+00 -1.886189e+00 2.727181e+00 -4.303253e+00 4.681607e-01 -5.179458e+00 5.093470e-01 -1.472053e+00 3.017213e-01 1.274131e-01 9.274366e-01 -2.204402e-01 1.826222e+00 -3.707756e-01 -6.020296e-01 1.056203e-01 2.090520e+00 -2.182942e+00 2.780738e-01 4.208079e-02 1.349894e-01 -7.193429e-01 3.502738e-01 -5.973417e-02 3.861729e-01 -7.031346e-01 2.506342e-01 -1.170489e+00 -1.031670e-01 3.102073e-01 -9.370028e-01 1.468255e+00 -1.456494e-02 
-2.099072e+01 1.398326e+01 -2.651028e+00 -3.118158e-01 5.007539e+00 6.072925e+00 3.025479e+00 -4.363804e+00 7.093570e-01 1.433036e+00 -6.151135e+00 3.186985e+00 5.333799e-01 -1.569676e+00 -8.772978e-01 1.340978e+00 7.580877e-01 5.732751e-01 1.277555e+00 -1.774252e-01 -1.535170e+00 -1.307581e-01 2.876895e+00 -3.989605e+00 1.857292e+00 3.100387e-02 1.578892e-01 -6.386715e-01 2.598826e-01 -5.353644e-01 3.083694e-01 -5.890641e-01 2.718165e-01 -5.225715e-01 1.540818e-01 -3.870054e-01 2.031412e-01 4.767169e-01 -7.619458e-03 
-2.287296e+01 1.378427e+01 -1.926140e+00 -2.244474e+00 9.112718e+00 4.609408e+00 3.092174e+00 -7.472713e+00 1.470466e+00 1.197991e+00 -3.666055e+00 2.661600e+00 5.632979e-01 -1.169156e+00 -1.178375e+00 8.976536e-01 2.603571e-01 2.085969e+00 1.285256e+00 1.246604e+00 -1.883194e+00 5.795882e-01 1.204443e+00 -2.319995e+00 1.516105e+00 3.658109e-02 6.067827e-01 -1.440226e-01 2.304359e-01 -5.364603e-01 5.566420e-02 -5.504020e-01 3.392637e-02 3.720428e-01 3.736342e-01 -9.341513e-01 6.766865e-01 -4.563176e-01 -1.482008e-03 
-2.635470e+01 1.015960e+01 6.979204e-01 -8.617998e-01 6.637085e+00 6.597786e+00 4.922621e+00 -9.990573e+00 4.223045e+00 2.911659e+00 -8.394753e+00 1.039848e+00 6.105379e-01 -8.158250e-01 -1.262576e+00 7.926024e-01 -1.019786e+00 4.324084e-01 5.578477e-01 8.575348e-01 -1.873234e-01 1.743535e+00 -3.211920e-01 -3.473389e-01 -4.833816e-01 3.585632e-02 1.425705e+00 6.314563e-01 2.410572e-01 -5.166411e-01 -5.907685e-01 -1.308550e+00 -6.344398e-01 6.578053e-01 -5.460364e-01 -9.099702e-01 1.188743e+00 -7.944857e-01 9.980708e-04 
-2.588836e+01 9.608972e+00 -1.408184e+00 -2.006239e+00 1.035481e+01 1.017294e+01 8.723712e+00 -8.488837e+00 3.868647e+00 9.793362e-01 -1.001013e+01 3.474376e+00 6.536846e-01 1.184860e+00 -2.257180e-01 1.553649e+00 -8.659698e-01 1.284805e-01 -5.659922e-01 -7.186359e-01 5.841537e-01 1.036601e+00 -9.813173e-01 -6.207678e-01 -8.332394e-01 3.224411e-02 1.993175e+00 7.319103e-01 6.623213e-01 -2.291213e-01 -1.613961e+00 -1.923080e+00 -1.141345e+00 4.110664e-01 -1.444726e+00 -2.293025e-01 9.304945e-01 -4.973748e-01 4.342159e-03 
-2.356255e+01 9.757723e+00 1.052574e+00 -5.529858e+00 6.548780e+00 6.080375e+00 4.497405e+00 -4.792539e+00 8.227618e+00 -6.406925e-02 -4.715939e+00 3.638593e-01 6.674578e-01 4.381798e+00 1.803738e+00 2.218163e+00 -1.262045e+00 -1.401728e+00 -4.339423e+00 -2.366993e+00 5.202498e-01 -3.089397e+00 -5.800746e-01 1.104496e+00 -9.404219e-01 3.816240e-02 1.885043e+00 8.341514e-02 8.807912e-01 7.832814e-03 -1.800496e+00 -1.518696e+00 -6.893840e-01 -2.390147e-01 -1.595310e+00 3.496607e-01 5.027226e-01 3.071695e-01 9.700466e-03 
-1.834471e+01 1.285664e+01 5.664936e+00 -4.240663e+00 9.799313e+00 2.038604e+00 -2.885998e-01 -7.151411e+00 4.650997e+00 -2.220627e+00 -8.609426e+00 -1.166701e+00 6.960583e-01 6.197854e+00 9.479266e-01 3.496489e+00 -7.641982e-01 -5.066829e+00 -5.881463e+00 -2.847859e+00 -1.816636e-01 -4.227580e+00 1.874542e-01 1.606637e+00 -7.421448e-01 5.713812e-02 7.550734e-01 -1.006920e+00 7.973588e-01 -3.003202e-01 -1.590353e+00 -2.874882e-01 1.303706e-01 -3.296171e-01 -4.987026e-01 6.579836e-01 3.031538e-01 5.895336e-01 1.111972e-02 
-8.217474e+00 1.755477e+01 8.252221e+00 -6.054884e+00 -9.388260e-02 -1.103146e+01 -2.406245e+00 -8.058107e+00 -1.161510e+01 1.611238e+00 -3.572479e+00 -1.341484e+00 7.801732e-01 6.103033e+00 -1.432453e+00 4.225087e+00 -1.031378e+00 -5.972423e+00 -4.377778e+00 -1.524720e+00 -9.996536e-01 -3.600908e+00 8.427160e-01 1.052617e+00 1.007040e+00 7.191253e-02 -7.903892e-01 -1.680695e+00 5.773140e-01 -5.587530e-01 -2.111148e-01 1.405517e+00 7.200165e-01 -2.073744e-02 1.166964e+00 4.370889e-01 -4.877345e-01 6.200344e-01 4.017140e-03 
-2.571484e+00 1.044979e+01 1.247378e+01 -5.564799e+00 -1.165786e+01 -1.067862e+01 -2.063513e+00 -7.764080e+00 -7.347778e+00 1.078725e+00 -2.548650e+00 6.160166e-01 8.830156e-01 4.099545e+00 -3.642323e+00 4.537131e+00 -2.482841e+00 -5.538046e+00 -1.984231e+00 -4.879606e-01 -3.040174e-01 -1.201012e+00 1.597377e+00 9.209840e-01 1.140548e+00 7.097071e-02 -1.667120e+00 -9.538190e-01 5.227008e-03 -7.556616e-01 1.468838e+00 1.881246e+00 7.293540e-01 3.057453e-01 1.242106e+00 1.465837e-01 -9.174983e-01 3.233265e-01 -7.707033e-03 
-9.337944e-01 3.798862e+00 1.877339e+01 -1.002502e+01 -1.258486e+01 -9.450779e+00 -2.238827e+00 -9.484340e+00 -3.777449e+00 2.499807e+00 -2.483330e+00 4.507530e+00 9.335407e-01 1.479057e+00 -4.304652e+00 4.584452e+00 -3.196517e+00 -2.221714e+00 7.395517e-01 5.306059e-02 4.777501e-01 1.232134e+00 9.004707e-01 -9.914696e-01 1.218271e+00 5.133611e-02 -1.618471e+00 2.095242e-01 -6.187580e-01 -3.091184e-01 1.918521e+00 1.348568e+00 3.432311e-01 4.453392e-01 5.576988e-01 -1.207919e-01 -9.290350e-01 -1.958319e-01 -1.544430e-02 
-1.488993e+00 1.523200e+00 2.308969e+01 -1.466994e+01 -1.164541e+01 -8.672630e+00 -2.812134e+00 -7.958324e+00 -5.273314e+00 5.322093e+00 -4.548971e+00 1.611866e+00 9.742279e-01 1.742686e-01 -2.385110e+00 3.343035e+00 -3.459988e+00 4.022118e-01 9.659783e-01 1.014646e-02 6.083363e-01 -4.335250e-01 8.913515e-01 -1.958972e+00 7.688568e-01 2.889158e-02 -9.364458e-01 9.468954e-01 -9.980495e-01 4.269485e-01 1.484104e+00 5.749202e-01 1.111769e-01 1.461305e-01 -2.425079e-01 -1.873591e-01 -6.249717e-01 -2.079194e-01 -1.661437e-02 
-1.363412e+00 4.951035e-01 2.586708e+01 -1.748475e+01 -1.120856e+01 -8.336041e+00 -1.766515e+00 -5.571845e+00 -6.492268e+00 3.992030e+00 -7.529452e+00 4.252264e+00 9.912336e-01 -2.672897e-02 -1.013452e+00 1.728329e+00 -2.088389e+00 6.501252e-01 8.898610e-01 -5.768249e-02 7.709258e-01 -1.196277e+00 5.916353e-01 -2.152647e+00 2.137225e-01 1.573337e-02 -2.134798e-01 9.586400e-01 -1.037715e+00 8.518566e-01 4.135828e-01 -3.217905e-02 7.006595e-02 -2.422384e-01 -5.512567e-01 7.127363e-02 4.320398e-02 -2.670676e-01 -1.237016e-02 
-1.485321e+00 1.766278e-01 2.564270e+01 -1.913470e+01 -1.033524e+01 -6.405229e+00 -2.249171e+00 -6.678772e+00 -8.158053e+00 4.789579e+00 -9.820041e+00 4.588013e+00 9.986297e-01 1.701395e-01 -5.533521e-01 9.748534e-01 -9.021347e-01 4.466007e-01 8.152247e-01 1.233526e-01 2.800701e-01 -1.199470e+00 8.149533e-01 -1.623211e+00 6.032776e-01 5.702903e-03 1.423062e-01 3.948561e-01 -6.968066e-01 1.040562e+00 -3.115613e-01 -2.411633e-01 2.679259e-01 -3.961692e-01 -1.313263e-01 2.268185e-01 4.512638e-01 -2.433358e-01 -7.493964e-03 
-1.069656e+00 -5.949320e-01 2.613946e+01 -1.823440e+01 -9.989412e+00 -6.135687e+00 -2.808595e+00 -6.269661e+00 -8.316175e+00 5.724181e+00 -1.061122e+01 4.087843e+00 9.999999e-01 4.137550e-01 -4.273146e-01 5.800663e-01 -2.161614e-01 -1.759004e-01 6.541049e-01 3.468282e-01 -5.693059e-01 -1.141229e+00 1.295026e+00 -9.432687e-01 -3.428065e-02 1.075245e-03 2.284320e-01 1.623751e-02 -4.803877e-01 9.686742e-01 -5.128515e-01 -4.783024e-01 5.397077e-01 -4.043981e-01 -4.489070e-02 3.074406e-01 6.157659e-01 -2.911217e-01 -4.230228e-03 
-7.854476e-01 -6.988146e-01 2.782796e+01 -1.880526e+01 -1.002209e+01 -5.697513e+00 -1.674502e+00 -6.209126e+00 -1.035839e+01 8.530774e+00 -1.112460e+01 4.710638e+00 9.983486e-01 6.654812e-01 -7.038382e-01 4.331027e-01 8.066553e-01 -7.425379e-01 -1.220243e-01 1.147418e+00 -7.023618e-01 -1.117668e+00 1.673876e+00 -3.072683e-01 -3.237570e-01 -1.254088e-03 2.360840e-01 -1.527269e-01 -6.215782e-01 1.042816e+00 -4.433335e-01 -8.505266e-01 6.397399e-01 -7.914548e-02 -1.408633e-01 5.124260e-02 6.987640e-01 -3.995869e-01 -2.000233e-03 
3.550600e-01 -1.204084e+00 2.767401e+01 -1.872993e+01 -1.224487e+01 -5.419845e+00 -3.196336e-01 -8.653480e+00 -1.109826e+01 8.595986e+00 -1.159358e+01 4.019450e+00 9.967499e-01 8.679534e-01 -8.570644e-01 -4.025751e-01 1.900527e+00 -1.319593e+00 -1.033062e+00 2.128759e+00 -7.599884e-01 -1.461501e+00 1.699207e+00 2.681423e-01 -7.784991e-01 -1.940097e-03 2.337381e-01 -1.816304e-01 -8.968172e-01 1.115174e+00 7.654190e-03 -1.191345e+00 4.219081e-01 5.214351e-01 -1.493964e-01 -4.575566e-01 7.837540e-01 -1.502217e-01 -1.561457e-03 
1.129107e+00 -3.038368e+00 2.704012e+01 -1.485327e+01 -1.291979e+01 -7.373006e+00 2.243646e+00 -8.998396e+00 -1.235536e+01 1.172272e+01 -1.086552e+01 3.003567e+00 9.939742e-01 1.123514e+00 -1.102184e+00 -1.641693e+00 3.253695e+00 -1.198203e+00 -2.593909e+00 2.431053e+00 -2.030895e-02 -1.743570e+00 8.691615e-01 1.264972e+00 -1.022637e+00 -2.792765e-03 2.790352e-01 -6.230992e-02 -1.099355e+00 8.269338e-01 6.256554e-01 -1.167138e+00 -2.385903e-01 9.412349e-01 1.603562e-01 -1.043492e+00 6.785955e-01 1.911294e-01 -1.957800e-03 
2.312209e+00 -3.710434e+00 2.452015e+01 -1.070751e+01 -1.513829e+01 -1.046258e+01 5.876501e+00 -8.674767e+00 -1.462532e+01 1.262454e+01 -9.400234e+00 1.048829e+00 9.924809e-01 1.353415e+00 -1.136222e+00 -2.866750e+00 4.136257e+00 9.013091e-02 -4.066645e+00 1.814529e+00 1.696863e+00 -1.575232e+00 -5.903083e-01 2.189307e+00 -4.360583e-01 -5.963137e-03 3.406415e-01 5.692725e-02 -9.936545e-01 2.682381e-01 1.236676e+00 -7.403454e-01 -1.046543e+00 1.032219e+00 7.315238e-01 -1.226427e+00 2.821139e-01 4.402932e-01 -2.473317e-03 
3.853693e+00 -4.957025e+00 2.119613e+01 -6.548145e+00 -1.456684e+01 -1.614598e+01 7.382727e+00 -6.300261e+00 -1.731260e+01 1.086239e+01 -5.896462e+00 1.082680e+00 9.865254e-01 1.817788e+00 -8.758224e-01 -3.831680e+00 3.823408e+00 1.681034e+00 -4.441011e+00 1.116057e-01 2.775511e+00 -2.590212e-01 -2.398941e+00 2.125039e+00 4.607854e-01 -9.032739e-03 3.454449e-01 2.003200e-01 -6.451648e-01 -4.220222e-01 1.357439e+00 1.304223e-01 -1.502265e+00 5.394623e-01 1.168972e+00 -7.673182e-01 -2.506921e-01 2.918587e-01 -1.987594e-03 
5.760170e+00 -5.925621e+00 1.626277e+01 -2.201365e+00 -1.097087e+01 -2.136682e+01 6.183572e+00 -1.517990e+00 -1.649564e+01 6.074656e+00 -3.131389e+00 2.799423e+00 9.706616e-01 2.223913e+00 -6.855017e-01 -4.275815e+00 2.956842e+00 3.423977e+00 -3.811193e+00 -1.944104e+00 3.003136e+00 1.453759e+00 -2.798866e+00 1.248518e+00 6.813139e-01 -1.119154e-02 2.225116e-01 2.908203e-01 -1.713801e-01 -8.853790e-01 8.495886e-01 9.626441e-01 -1.366180e+00 -2.955140e-01 1.169675e+00 5.315102e-03 -5.011386e-01 -1.544926e-01 -4.067354e-04 
8.494304e+00 -6.309937e+00 1.201067e+01 1.036963e-02 -6.598060e+00 -2.412658e+01 2.647901e+00 1.300883e+00 -1.271527e+01 3.003027e+00 -3.374319e+00 4.432229e+00 9.597169e-01 2.415620e+00 -3.258313e-01 -4.163058e+00 1.733264e+00 3.922068e+00 -2.069678e+00 -3.200929e+00 2.023689e+00 2.586768e+00 -1.863038e+00 4.818524e-01 -1.219279e-01 -1.011408e-02 -4.106045e-02 2.575022e-01 2.269199e-01 -9.366961e-01 1.737598e-01 1.267761e+00 -7.246159e-01 -7.776242e-01 6.701856e-01 5.443269e-01 -2.485756e-01 -4.129637e-01 1.915348e-03 
1.111167e+01 -6.461616e+00 7.733643e+00 7.976818e-01 -2.002345e+00 -2.552779e+01 -1.476866e+00 2.540522e+00 -9.655098e+00 2.559440e+00 -4.418332e+00 2.780425e+00 9.499140e-01 2.166991e+00 4.279655e-02 -3.557898e+00 7.544944e-01 3.217735e+00 -4.390807e-01 -3.360081e+00 5.952674e-01 2.850120e+00 -8.317633e-01 5.051785e-01 -9.172304e-01 -7.455305e-03 -3.151329e-01 1.237300e-01 4.587946e-01 -7.229740e-01 -4.299974e-01 9.586966e-01 1.556597e-01 -7.525558e-01 4.099504e-03 5.416155e-01 7.187980e-02 -1.871289e-01 3.960262e-03 
1.325535e+01 -6.318228e+00 4.645230e+00 6.184378e-01 5.592582e-01 -2.441373e+01 -4.791761e+00 1.789155e+00 -7.799330e+00 3.304680e+00 -2.843322e+00 4.826841e-01 9.463301e-01 1.640828e+00 4.743338e-02 -3.056031e+00 2.411156e-01 2.653060e+00 2.117661e-01 -2.803618e+00 9.144563e-02 2.393548e+00 -6.607285e-01 1.253841e+00 -8.048246e-01 -1.323851e-03 -4.891720e-01 -1.084138e-01 5.243172e-01 -3.777186e-01 -6.769708e-01 3.145607e-01 8.442571e-01 -2.927144e-01 -3.773314e-01 2.117675e-01 6.337251e-02 2.786027e-01 4.196804e-03 
1.421447e+01 -5.707126e+00 2.155801e+00 1.267346e+00 1.538775e+00 -2.341886e+01 -6.896884e+00 1.213739e+00 -4.702973e+00 1.765378e+00 -8.708908e-01 1.876945e-01 9.400935e-01 1.035771e+00 -2.534336e-01 -2.535237e+00 8.811035e-02 1.908414e+00 -1.583059e-01 -1.364527e+00 2.064932e-01 1.570682e+00 -6.919362e-01 1.221901e+00 8.710926e-02 4.214611e-03 -4.739240e-01 -3.320616e-01 5.326312e-01 -1.772406e-01 -6.252722e-01 -1.778295e-01 1.221777e+00 1.622065e-01 -4.259703e-01 -4.813787e-02 -2.028022e-01 4.863466e-01 2.543719e-03 
1.514714e+01 -6.449911e+00 -4.807250e-01 9.810098e-01 4.896284e+00 -2.412251e+01 -8.659820e+00 2.421115e+00 -3.223629e+00 9.634737e-02 1.121356e+00 1.704093e+00 9.580128e-01 5.354153e-01 -7.198564e-01 -2.052839e+00 1.778270e-01 1.191851e+00 -6.372225e-01 2.246178e-02 7.546669e-01 1.339809e+00 -8.742180e-01 4.404266e-01 7.689613e-01 5.036272e-03 -3.046883e-01 -4.022795e-01 6.041970e-01 -9.952919e-02 -6.106876e-01 -2.206712e-01 1.293106e+00 2.588746e-01 -2.089778e-01 -9.993081e-02 -3.969346e-01 2.472155e-01 -7.073784e-04 
1.534469e+01 -7.662849e+00 -2.379896e+00 1.056791e+00 5.371649e+00 -2.646577e+01 -6.365499e+00 3.256632e+00 -4.089366e+00 7.038381e-01 -2.910877e-01 2.605296e+00 9.651453e-01 3.501967e-01 -1.233807e+00 -1.396303e+00 -1.001324e-01 8.220943e-01 -9.036328e-01 1.335748e+00 1.074598e+00 1.247217e+00 -9.655108e-01 -1.021724e-01 7.274881e-01 2.086818e-03 -1.076935e-01 -2.716309e-01 5.695861e-01 -8.252786e-02 -5.501359e-01 1.534686e-01 8.563181e-01 1.693326e-01 2.447863e-02 -6.202679e-02 -2.249627e-01 -1.828982e-01 -2.883203e-03 
1.536746e+01 -8.939678e+00 -3.351609e+00 1.613582e+00 4.602195e+00 -2.607635e+01 -4.945024e+00 4.541173e+00 -1.407195e+00 -5.355546e-01 -9.310729e-01 3.118937e+00 9.589790e-01 4.600597e-01 -1.473657e+00 -6.045655e-01 -1.624936e-01 1.426728e-01 -5.190483e-01 2.311784e+00 9.516266e-01 1.510459e+00 -1.023772e+00 -6.868342e-02 1.109276e-01 -3.796587e-03 3.316868e-02 -6.955660e-02 4.616147e-01 -1.178142e-01 -4.331186e-01 5.343425e-01 2.830993e-01 6.366943e-03 -4.960902e-02 1.741955e-01 4.403396e-02 -4.522884e-01 -3.312048e-03 
1.585509e+01 -1.063155e+01 -3.390876e+00 4.509922e-01 5.796054e+00 -2.696015e+01 -2.075763e+00 5.526698e+00 6.247893e-01 -2.746165e+00 -3.553064e-01 3.117901e+00 9.500369e-01 5.349729e-01 -1.234650e+00 -4.114984e-01 -1.544956e-01 -3.176730e-01 5.499991e-01 1.772278e+00 9.546108e-01 1.607895e+00 -9.272104e-01 3.515744e-01 -4.982158e-01 -5.784852e-03 7.667845e-02 1.126518e-01 2.630324e-01 -7.175722e-02 -3.507184e-01 7.675341e-01 -3.116908e-01 -7.231636e-02 -2.739300e-01 5.011661e-01 1.183587e-01 -5.242091e-01 -3.061061e-03 
1.719242e+01 -1.233415e+01 -2.998202e+00 4.718662e-01 5.397712e+00 -2.647051e+01 7.542977e-01 6.044240e+00 1.971578e+00 -3.297161e+00 8.098041e-01 2.002537e+00 9.465761e-01 6.088539e-01 -1.067092e+00 -2.372242e-01 -3.841194e-01 -4.037330e-01 1.307617e+00 1.219700e+00 8.464579e-01 9.115309e-01 -2.248902e-02 4.338450e-01 -8.796225e-01 -7.590957e-03 6.366462e-02 2.107736e-01 4.016753e-02 1.659961e-02 -2.964092e-01 7.982431e-01 -6.676830e-01 -1.331422e-01 -4.576432e-01 6.279924e-01 1.055355e-01 -4.902029e-01 -2.519362e-03 
1.710723e+01 -1.213907e+01 -4.613775e+00 8.553122e-01 3.385385e+00 -2.351842e+01 -3.536618e-01 7.277891e+00 2.260682e+00 -2.551573e+00 5.962311e-01 6.723202e-01 9.424125e-01 6.592876e-01 -8.738202e-01 -2.648052e-01 -3.480704e-01 -6.582896e-01 2.020513e+00 3.232396e-01 7.655748e-01 1.770733e-01 1.039791e+00 2.384280e-01 -1.398193e+00 -1.132331e-02 6.444656e-02 2.891544e-01 -9.977769e-02 1.410882e-01 -2.853431e-01 6.130018e-01 -4.857747e-01 -3.514194e-01 -3.993670e-01 4.636494e-01 1.290240e-01 -4.676799e-01 -2.233164e-03 
1.778654e+01 -1.352124e+01 -3.926284e+00 -5.092110e-01 3.789173e+00 -2.125914e+01 2.926025e-01 7.897877e+00 2.333056e+00 -7.454911e-01 7.624658e-01 -5.651813e-02 9.248446e-01 7.163574e-01 -6.002473e-01 -4.770709e-01 1.740340e-02 -1.168913e+00 2.736963e+00 -3.021888e-01 3.805051e-01 -6.238779e-02 1.132806e+00 5.155349e-01 -1.890021e+00 -1.362552e-02 3.590549e-02 4.599930e-01 -2.951004e-01 3.079705e-01 -2.423270e-01 2.923851e-01 -1.197533e-01 -6.499494e-01 -1.503000e-01 9.783412e-02 1.599407e-01 -3.885873e-01 -1.451312e-03 
1.885508e+01 -1.440693e+01 -4.251019e+00 -7.987241e-01 3.308751e+00 -1.946310e+01 -2.287101e-01 8.428058e+00 1.329651e+00 1.176718e+00 8.604451e-01 -2.843720e+00 9.042903e-01 8.036578e-01 -2.232981e-02 -7.903318e-01 3.501897e-01 -1.361717e+00 2.900452e+00 1.044060e-01 -5.695117e-01 9.802365e-02 8.135347e-01 9.558280e-01 -2.331392e+00 -1.393170e-02 2.058352e-03 5.907665e-01 -4.121914e-01 3.159546e-01 3.812863e-02 -1.077617e-01 3.681311e-01 -9.232838e-01 5.585043e-02 -1.546011e-01 1.676181e-01 -1.709316e-01 -1.477494e-03 
1.990011e+01 -1.420111e+01 -5.564919e+00 1.385784e+00 -4.089773e-01 -1.481317e+01 -8.188960e-01 7.372020e+00 2.125374e+00 5.022711e-01 3.255252e+00 -5.689644e+00 8.975090e-01 7.163574e-01 8.071356e-01 -1.449978e+00 8.066553e-01 -1.263579e+00 2.329425e+00 7.303081e-01 -1.735834e+00 1.995331e-01 5.797804e-01 8.747188e-01 -2.355941e+00 -1.354025e-02 -8.144243e-02 6.034274e-01 -3.372194e-01 3.303737e-02 5.375803e-01 -5.289230e-01 5.926633e-01 -9.009725e-01 9.821720e-03 -5.118126e-02 -4.440045e-02 1.246482e-01 -3.174817e-03 
2.006829e+01 -1.191033e+01 -7.746442e+00 1.658960e+00 -1.324308e+00 -1.223966e+01 7.243529e-01 4.692843e+00 2.854622e+00 8.921533e-01 4.128993e+00 -8.168040e+00 8.864237e-01 6.697578e-01 1.376306e+00 -1.839357e+00 8.370245e-01 -4.204921e-01 1.685538e+00 1.647609e+00 -2.792666e+00 3.254842e-01 5.431011e-01 8.967867e-01 -2.019977e+00 -1.875315e-02 -2.075035e-01 4.837321e-01 -1.205809e-01 -4.006688e-01 9.436224e-01 -5.595160e-01 1.700982e-01 -4.320963e-01 -1.005568e-01 4.349580e-02 -2.146709e-01 3.946024e-01 -4.595874e-03 
2.076082e+01 -1.073397e+01 -9.428084e+00 2.295163e+00 -2.125294e-01 -1.322369e+01 3.467574e+00 1.086349e+00 2.568272e+00 2.295799e+00 3.501485e+00 -9.173906e+00 8.660626e-01 3.760034e-01 1.717640e+00 -1.638583e+00 -6.083790e-02 1.048417e+00 7.000122e-01 1.889463e+00 -3.012677e+00 -1.269047e-01 1.011927e+00 3.230216e-01 -1.422430e+00 -2.708991e-02 -2.812299e-01 2.485063e-01 2.848611e-01 -7.942669e-01 8.196817e-01 -1.237767e-03 -6.051304e-01 1.820152e-01 6.057105e-03 -6.617686e-02 -2.455047e-01 5.973502e-01 -3.653318e-03 
2.177281e+01 -9.259130e+00 -1.151611e+01 2.931820e+00 1.108145e+00 -1.183060e+01 5.866157e+00 -2.392090e+00 2.735441e+00 2.995354e+00 5.221078e+00 -1.120153e+01 8.262362e-01 -6.374320e-02 1.941156e+00 -1.298958e+00 -1.219389e+00 2.200414e+00 9.177016e-01 3.753429e-01 -2.091576e+00 -2.415157e-01 8.150546e-01 1.583835e-01 -8.251955e-01 -3.013626e-02 -2.591120e-01 -2.749250e-02 6.917681e-01 -7.718176e-01 1.225718e-01 5.605816e-01 -1.186520e+00 7.638900e-01 8.516653e-03 -2.056194e-01 -1.997313e-01 6.603664e-01 2.080930e-04 
2.092752e+01 -6.938598e+00 -1.187264e+01 4.450930e-01 3.616844e+00 -1.151772e+01 6.057259e+00 -4.148938e+00 1.550313e+00 4.510245e+00 4.324218e+00 -1.128512e+01 7.921370e-01 -3.231377e-01 1.767170e+00 -2.957663e-01 -2.136493e+00 1.524465e+00 2.707197e+00 -1.659147e+00 -1.176135e+00 5.133098e-01 1.128798e-01 1.629732e-02 3.351802e-02 -2.611709e-02 -6.574763e-02 -2.228615e-01 7.992266e-01 -1.706655e-01 -7.162982e-01 8.439875e-01 -1.215656e+00 1.039981e+00 3.933631e-02 -4.255181e-01 9.918616e-02 5.947716e-01 3.669550e-03 
1.966658e+01 -4.102067e+00 -1.301887e+01 -3.512796e+00 7.763257e+00 -8.503320e+00 1.306372e+00 -3.147448e+00 2.156054e+00 3.859861e+00 4.509535e+00 -1.123849e+01 7.727069e-01 -2.762432e-01 1.214017e+00 9.479484e-01 -1.984183e+00 -4.575339e-02 3.484807e+00 -2.510609e+00 1.085278e-01 4.792948e-02 -3.545848e-02 5.152851e-02 5.537605e-01 -1.820279e-02 1.185685e-01 -2.503073e-01 6.036842e-01 4.844024e-01 -1.027966e+00 4.593403e-01 -5.456471e-01 9.128156e-01 -2.511415e-01 -3.274103e-01 3.610450e-01 3.697828e-01 3.762542e-03 
2.019828e+01 -4.476629e+00 -1.015609e+01 -5.164563e+00 4.082484e+00 -1.350984e+00 -2.548347e+00 -4.416689e+00 5.424692e+00 2.427968e+00 3.938906e+00 -8.987724e+00 7.622541e-01 1.534757e-01 9.668955e-01 1.234034e+00 -5.317926e-01 -1.409881e+00 3.636301e+00 -2.745831e+00 1.087152e+00 -7.493886e-02 -6.904163e-01 8.723959e-01 8.620408e-01 -1.471073e-02 8.455378e-02 -2.466046e-02 1.646935e-01 7.466236e-01 -6.049559e-01 -1.757977e-01 2.947712e-01 3.045576e-01 -5.337387e-01 -5.566334e-02 5.626472e-01 7.077043e-03 1.298714e-03 
2.075641e+01 -4.420054e+00 -7.634872e+00 -4.183939e+00 6.467844e-01 5.100725e-01 -2.384195e+00 -1.715560e+00 1.037794e+00 3.859163e+00 5.671343e+00 -9.581849e+00 7.501674e-01 2.907675e-01 1.089771e+00 9.544380e-01 4.002642e-01 -1.472237e+00 2.749698e+00 -1.809583e+00 1.340915e+00 -1.202883e+00 -4.202868e-01 1.535497e+00 6.095455e-01 -1.702456e-02 -1.184732e-01 2.335548e-01 -2.045993e-01 4.974273e-01 1.107111e-01 -4.787087e-01 8.200920e-01 -5.669820e-01 -1.145612e-01 -1.262146e-01 4.636720e-01 -1.859201e-01 -8.301635e-04 
2.115005e+01 -1.944918e+00 -8.394666e+00 -1.878726e+00 1.259057e-01 2.157121e+00 -5.827037e+00 5.708033e-01 1.734396e+00 1.058498e+00 8.105047e+00 -7.803276e+00 7.298589e-01 -1.837814e-01 1.706154e+00 5.244986e-01 4.044370e-01 -7.869267e-01 2.195849e+00 -5.358008e-01 -2.696472e-01 -1.529982e+00 2.695706e-02 2.087582e+00 4.103960e-02 -2.021043e-02 -3.021191e-01 2.199361e-01 -1.342055e-01 6.804195e-02 4.379283e-01 -4.801020e-01 1.122912e+00 -7.879315e-01 1.795329e-02 -2.493889e-01 -1.207271e-02 -3.889577e-02 -9.357948e-04 
2.064405e+01 8.103634e-02 -9.127034e+00 -3.154762e+00 2.380194e+00 3.491285e+00 -6.102257e+00 1.063732e+00 -2.013722e+00 2.442963e+00 1.010390e+01 -8.782890e+00 7.037882e-01 -7.000634e-01 2.012290e+00 2.797847e-01 3.490626e-02 1.964226e-01 1.811413e+00 4.849491e-01 -2.047945e+00 2.025058e-01 -1.025089e+00 1.762274e+00 3.466715e-02 -1.960582e-02 -3.346258e-01 7.700140e-02 1.857164e-01 5.388983e-02 3.647216e-01 -4.068414e-01 8.597764e-01 -1.025596e-01 2.947781e-01 -7.186794e-01 -7.901378e-01 3.628526e-01 -4.112496e-04 
1.933537e+01 1.803634e+00 -6.787195e+00 -3.657552e+00 -7.186259e-01 8.137831e+00 -3.368564e+00 -7.154405e+00 -6.991863e-01 3.270853e+00 1.216073e+01 -9.182197e+00 6.843932e-01 -8.618347e-01 1.605302e+00 9.003576e-01 -8.908862e-03 -5.451038e-02 1.704937e+00 1.721501e+00 -1.158024e+00 -6.878493e-01 -1.634857e+00 6.985629e-01 9.549114e-01 -1.809814e-02 -3.265270e-01 -1.508944e-01 5.885946e-01 5.104836e-01 2.624591e-01 -4.403369e-01 2.298410e-01 1.101231e+00 2.575335e-01 -7.878473e-01 -1.530854e+00 5.041958e-01 -2.057112e-03 
1.816328e+01 3.766673e+00 -7.039629e+00 -3.119820e+00 2.051095e+00 6.576792e+00 -1.188851e+00 -8.092698e+00 3.267234e+00 -2.372325e+00 1.245504e+01 -8.718987e+00 6.748714e-01 -1.043367e+00 1.525106e+00 1.695205e+00 8.763190e-01 -1.480197e-02 9.610914e-01 1.360663e+00 1.272381e+00 -1.500251e-01 -3.182681e+00 -1.720678e+00 1.966773e+00 -2.013679e-02 -3.837767e-01 -4.445935e-01 8.060023e-01 8.825404e-01 9.436731e-02 -3.958697e-01 -1.205314e-01 1.609258e+00 3.958729e-02 2.044634e-01 -1.411669e+00 2.219123e-01 -6.446680e-03 
1.808176e+01 4.238778e+00 -4.936641e+00 -1.940440e+00 1.776206e-02 9.139469e+00 3.239085e-01 -6.412287e-01 -4.345036e+00 -4.708130e+00 1.042243e+01 -3.060645e+00 6.538252e-01 -1.644885e+00 1.195259e+00 2.759778e+00 2.536078e+00 6.311014e-01 4.193855e-01 1.755506e-01 3.576419e+00 -6.591089e-02 -2.833417e+00 -3.825258e+00 1.595813e+00 -3.022928e-02 -5.101171e-01 -6.754047e-01 5.115716e-01 8.872682e-01 1.999780e-01 -5.397205e-01 -1.959663e-01 8.561891e-01 6.236550e-01 1.396420e+00 -5.360394e-01 -6.138984e-01 -1.207764e-02 
1.605485e+01 6.489080e+00 -1.575849e+00 3.688576e-01 1.938284e+00 7.795825e+00 -1.145295e+00 4.168982e+00 -9.406958e-01 -9.480873e+00 2.369768e+00 -2.009529e+00 6.184083e-01 -2.227527e+00 -5.784767e-03 3.380080e+00 3.175106e+00 3.253617e-01 4.747704e-01 6.552794e-01 3.631164e+00 8.965627e-02 5.966002e-01 -3.034201e+00 8.237016e-01 -4.577108e-02 -4.604634e-01 -9.150035e-01 -2.180407e-01 2.947577e-01 1.504925e-01 -5.796598e-01 2.369077e-03 -1.432374e-01 6.985457e-01 1.910808e+00 3.644479e-01 -1.172220e+00 -1.761381e-02 
1.216552e+01 6.418849e+00 4.279981e+00 7.278600e+00 2.493395e+00 9.625051e+00 -2.512686e+00 4.596719e+00 1.075161e+00 -7.342101e+00 -1.922610e+00 -4.558045e+00 5.614709e-01 -2.820344e+00 -1.006286e+00 2.615789e+00 3.278037e+00 7.754408e-01 -7.505098e-01 1.094273e+00 1.943423e+00 2.310645e+00 3.457481e+00 -1.324811e+00 -1.543088e+00 -6.566923e-02 -1.900772e-01 -8.807275e-01 -1.118181e+00 -5.075925e-01 -1.430723e-01 -8.308472e-01 1.469274e-01 -9.375358e-01 2.053810e-01 8.519858e-01 7.263609e-01 -7.466998e-01 -2.214783e-02 
9.983646e+00 2.647863e+00 5.252316e+00 8.145778e+00 2.440490e+00 8.707390e+00 3.505685e+00 7.444196e+00 1.005147e+00 1.927887e+00 3.456715e+00 -3.852005e+00 4.921832e-01 -2.757966e+00 -1.949248e+00 6.770054e-01 1.979232e+00 6.655254e-01 -1.352043e+00 9.131431e-01 1.372507e+00 2.154527e+00 3.225855e+00 -1.148655e+00 -2.324810e+00 -9.048185e-02 6.913824e-02 -4.826594e-01 -1.519410e+00 -8.391654e-01 -4.347076e-01 -1.103339e+00 -5.658783e-01 -1.127139e+00 -3.941969e-01 -9.264045e-01 2.592479e-01 1.238826e-01 -2.374855e-02 
7.015242e+00 1.127666e+00 4.728127e+00 1.056126e+01 3.643685e+00 4.930420e+00 3.469752e+00 7.438209e+00 6.235362e+00 6.874995e+00 3.254885e+00 -9.854732e+00 3.886031e-01 -2.330016e+00 -2.236626e+00 -1.479587e+00 5.961572e-01 -2.542603e-01 -2.821521e+00 7.813693e-01 1.797163e-02 -7.163594e-02 1.119678e-01 -1.136266e+00 -5.634028e-01 -1.186121e-01 3.189145e-01 -7.492915e-02 -1.249482e+00 -7.919499e-01 -7.036431e-01 -6.667946e-01 -1.070968e+00 -9.247259e-01 -1.194805e+00 -1.715472e+00 1.765818e-01 1.133068e+00 -1.631914e-02 
4.839979e+00 -6.120019e-01 1.585488e+00 8.623610e+00 4.690500e+00 3.382249e+00 4.292600e-01 9.610820e+00 7.252141e+00 -4.598798e-01 -5.962516e+00 -1.098529e+01 2.524170e-01 -2.127102e+00 -1.803820e+00 -2.169383e+00 3.201683e-01 -1.333333e+00 -4.006669e+00 -2.017523e+00 -1.041845e+00 -6.901613e-01 -2.362667e+00 -1.832179e+00 9.532399e-01 -1.380413e-01 4.544706e-01 4.088497e-01 -3.943183e-01 -5.755978e-01 -6.265206e-01 1.261265e-01 -1.005951e+00 -8.729773e-01 -9.171774e-01 -8.596713e-01 6.162224e-01 9.390640e-01 1.181346e-03 
3.086991e+00 -3.134447e+00 -1.284149e+00 1.002035e+01 9.711925e-02 -1.820312e+00 2.932650e+00 3.603212e+00 -2.406273e+00 -5.588329e+00 -2.894330e+00 -3.808136e+00 8.828042e-02 -1.541215e+00 -1.453635e+00 -2.208456e+00 1.478056e-01 -1.743250e+00 -2.757399e+00 -2.795282e+00 -1.473118e+00 -2.240989e+00 -2.325582e+00 -1.000430e-01 2.483150e+00 -1.234878e-01 4.975894e-01 6.586522e-01 4.277730e-01 -3.334462e-01 1.975945e-01 1.205704e+00 -3.229304e-01 -2.914419e-01 7.397078e-02 3.481113e-01 3.675603e-01 -1.399551e-02 2.262992e-02 
1.312704e+00 -4.240089e+00 -2.588076e+00 1.001718e+01 -2.452814e+00 -7.950015e+00 -6.313504e+00 4.152684e+00 1.875211e+00 -3.653914e+00 -2.629749e+00 -2.109010e+00 -4.787055e-02 -8.801206e-01 -2.965350e-01 -9.301297e-01 -6.747134e-01 -1.722566e+00 -7.534716e-01 -2.328342e+00 -2.246962e+00 -1.346670e+00 1.464180e-01 1.414414e+00 8.472065e-01 -8.214121e-02 4.836819e-01 6.096329e-01 6.121081e-01 -1.595505e-01 8.699617e-01 1.598421e+00 9.205998e-01 1.263219e-01 2.610471e-01 6.684971e-01 3.291223e-02 -4.523287e-01 3.541763e-02 
1.073293e+00 -4.326414e+00 -4.227334e+00 1.060346e+01 -1.501306e+00 -3.189692e+00 -7.135627e+00 2.801954e+00 -2.281192e+00 -3.155925e+00 1.088697e+00 -1.876887e+00 -7.868458e-02 -4.655908e-01 3.029859e-01 3.966758e-02 -5.737531e-01 9.283860e-01 1.580395e+00 -6.779006e-01 -8.367554e-01 6.263795e-01 5.981200e-01 -9.216847e-01 -5.804308e-01 -3.341515e-02 2.614972e-01 3.574565e-01 4.407017e-01 -5.077951e-02 7.851213e-01 7.753129e-01 1.198736e+00 6.029179e-01 6.887577e-01 4.095325e-01 -3.343541e-01 -3.491820e-01 3.006835e-02 
1.446363e+00 -1.498174e+00 -1.593925e+00 4.958411e+00 -3.123071e+00 3.001280e-01 -6.178208e+00 -1.223297e+00 4.560473e-01 -9.439195e-01 -8.818997e-01 -7.714848e+00 -7.478452e-02 -2.466023e-01 3.661100e-01 -2.328978e-01 -1.168239e-01 1.680581e+00 1.816596e+00 1.526730e+00 -7.283967e-01 -8.186446e-01 -4.819930e-01 -1.256865e+00 2.234379e-01 -5.990267e-03 5.305248e-02 -6.380923e-02 -4.974755e-02 2.050232e-01 3.518395e-01 -2.676347e-01 8.566207e-01 8.289574e-01 4.674485e-01 -8.692724e-02 2.054552e-02 5.467439e-01 1.429498e-02 
6.928793e-01 -2.990084e+00 -1.583329e+00 9.680923e+00 5.074449e+00 1.956658e+00 -5.243475e-01 2.107131e+00 1.435066e+00 -3.953126e+00 -8.376772e+00 -3.907272e+00 -6.531544e-02 -5.503843e-01 2.329683e-03 -3.536323e-01 -3.850467e-01 4.805718e-01 -1.658584e-01 1.270950e+00 7.822453e-01 9.388350e-01 3.627887e-02 -4.360944e-01 1.049245e+00 -1.121867e-02 -2.966636e-02 -1.036660e-01 -1.676444e-01 4.239906e-02 -6.413322e-01 -8.909882e-01 3.007897e-02 4.239611e-01 -3.836537e-02 1.509551e-01 9.081265e-01 6.185033e-01 3.308781e-04 
2.698707e-01 -3.077872e+00 -5.075012e+00 9.894200e+00 2.662612e+00 -1.440380e+00 -1.985112e+00 8.581787e-01 -4.075993e+00 -5.665748e+00 -4.181273e+00 2.327413e-02 -8.449955e-02 -5.723569e-01 -4.652523e-01 -9.821821e-01 2.560683e-01 2.605902e-01 -1.218616e+00 9.803089e-01 1.088284e+00 8.343529e-01 -7.189101e-03 1.274361e+00 2.766045e+00 -2.176461e-02 -2.838173e-02 -6.589162e-02 1.138942e-01 -8.860200e-02 -6.774248e-01 -4.508442e-01 -5.389034e-01 -1.140573e-02 -2.804553e-01 3.641300e-02 6.220323e-01 1.900416e-01 -3.165789e-03 
-1.090954e+00 -3.525104e+00 -4.255383e+00 6.210396e+00 -1.991064e+00 -3.149057e+00 -2.877469e+00 5.672381e+00 4.678924e+00 -6.140192e-01 5.576999e-01 -5.000387e-01 -1.299300e-01 -4.508441e-01 2.002380e-01 -4.239369e-01 -5.481363e-01 -1.568262e+00 -1.356930e+00 -2.541591e-01 3.745367e-01 -3.917982e-01 1.115581e+00 2.353364e+00 1.240731e+00 -2.387303e-02 5.372272e-02 1.336383e-02 2.169944e-01 -9.116942e-02 -3.939615e-01 3.560673e-01 -5.091184e-01 -5.206203e-01 -8.950414e-01 -4.150045e-01 9.561724e-02 1.094179e-01 2.016465e-03 
-5.240048e-01 -3.556805e+00 -5.169129e+00 7.974248e+00 1.712271e+00 -3.240485e+00 -1.002195e-01 2.435750e+00 3.006057e+00 -2.649218e+00 1.022643e+00 4.411849e+00 -1.512926e-01 -4.383094e-01 -6.226977e-02 3.717214e-01 -4.781248e-01 -6.821449e-01 1.580101e-01 -4.051638e-01 -5.816544e-01 -1.555524e+00 -8.396665e-01 4.587198e-01 1.077973e+00 -1.549363e-02 8.298988e-02 1.414303e-01 3.990221e-01 -2.026017e-01 -2.543579e-01 6.403439e-01 -5.089023e-01 -4.155962e-01 -2.868300e-01 -3.845153e-01 -4.557802e-01 -3.026451e-01 6.313041e-03 
-1.164393e+00 -1.749346e+00 -3.655775e+00 7.900281e+00 -2.291765e+00 -3.927884e+00 -2.737817e+00 3.191440e+00 -4.064979e+00 1.165738e-01 7.881532e-01 1.020301e-01 -1.512926e-01 -3.489444e-01 -1.322437e-01 5.426930e-02 -4.738361e-01 -1.017930e+00 9.261426e-01 -5.820307e-01 -9.857615e-01 -2.341507e+00 -1.622495e+00 4.499120e-01 2.440319e+00 -4.273305e-03 1.077888e-01 8.982887e-02 1.195712e-01 -3.687787e-02 9.811277e-02 4.035531e-01 -7.821009e-02 2.112829e-01 8.689072e-01 -1.351788e-01 -5.232576e-01 -3.100588e-01 6.323875e-03 
-1.884095e+00 -4.276667e+00 -3.516158e+00 6.658733e+00 -5.980341e-01 -2.606271e-01 -4.080979e+00 -8.091969e-01 -7.481906e+00 -1.022925e+01 -2.002608e+00 5.112017e+00 -1.512926e-01 -2.084083e-01 4.082630e-01 7.738094e-01 -7.941038e-01 -1.286377e+00 8.415844e-01 -1.400241e+00 -3.094713e-01 3.750279e-01 -5.606204e-01 -5.281002e-02 6.531081e-01 1.658742e-06 1.002486e-01 1.974880e-01 -1.835764e-01 -7.509088e-03 5.356447e-02 -1.198944e-01 2.100085e-02 4.567069e-01 1.405440e+00 1.017768e+00 1.205582e-01 -8.112873e-01 3.526000e-03 
-2.155085e+00 -3.826509e+00 -4.810112e+00 4.499184e+00 -5.925468e+00 -8.016436e-03 -3.797320e+00 2.365901e+00 -1.784406e+00 -4.936201e+00 4.319814e+00 1.135170e+01 -1.512926e-01 -2.687644e-02 4.141644e-01 -2.712175e-02 -5.745645e-01 -7.757540e-01 3.191299e-01 -1.477737e-01 1.294917e+00 2.987521e+00 3.000250e-01 -7.125617e-03 -9.716941e-02 1.658742e-06 6.299438e-02 1.258541e-01 -1.370622e-01 2.010633e-02 4.822496e-01 -1.650523e-02 2.780415e-01 1.007869e-01 8.366318e-01 8.896132e-01 2.171679e-01 -8.576228e-01 8.545205e-04 
-1.071125e+00 -4.769058e-01 -7.225624e-01 5.703975e+00 -2.902894e+00 -9.927239e-01 -6.571302e+00 1.300883e+00 3.740813e+00 -2.925762e+00 -1.007034e+00 2.052277e+00 -1.512926e-01 -9.810301e-02 6.519073e-01 -5.054631e-01 -4.653744e-01 -5.353898e-01 -1.380178e-01 -5.172331e-01 5.616175e-01 2.807182e+00 3.288068e+00 1.289944e+00 -1.709712e+00 1.658742e-06 -1.788130e-02 -1.092051e-01 -9.974107e-02 -1.090787e-01 5.620961e-01 1.041832e-01 5.039571e-01 -2.827465e-01 -7.645347e-01 -2.074737e-02 2.851333e-02 -1.517528e-01 4.417175e-07 
-1.705638e+00 -1.578159e+00 -5.188451e+00 5.504765e+00 -5.017918e+00 -1.966596e+00 -2.231476e+00 8.610661e+00 5.261457e+00 -2.035101e+00 2.545877e-01 1.146238e+00 -1.512926e-01 -8.910752e-02 3.751729e-01 8.706540e-03 -5.375882e-01 1.017919e+00 1.333237e+00 3.667221e-01 -9.173298e-01 6.257190e-01 9.012812e-01 8.643624e-01 -6.664066e-01 1.658742e-06 -4.251264e-02 -1.486038e-01 1.205234e-01 -2.784972e-01 3.686940e-01 1.366338e-01 6.375450e-02 -5.493366e-01 -1.556409e+00 -7.511053e-01 -5.117624e-01 1.778735e-01 4.417175e-07 
-2.599391e+00 -2.141466e+00 -5.854750e+00 3.829401e+00 -3.728753e+00 2.787730e-02 -7.450320e+00 -1.123514e+00 3.030838e+00 4.760286e+00 6.479397e+00 1.666097e+00 -1.512926e-01 -2.666578e-01 -1.183332e-01 2.572061e-01 -1.358021e+00 6.271759e-01 8.555046e-01 8.623661e-01 -6.170537e-01 -2.266751e+00 -9.649029e-01 -3.459839e-01 1.788307e-01 1.658742e-06 3.484428e-02 -1.365260e-01 1.033095e-01 -1.594565e-01 2.030931e-02 -8.906921e-02 -1.282695e-01 -6.294224e-02 -8.767203e-01 -1.040891e+00 -8.172367e-01 4.675707e-01 4.417175e-07 
-1.836360e+00 -1.118734e+00 -2.200388e+00 2.748492e+00 -4.233705e-01 6.148099e+00 -1.524233e+00 -1.008763e+00 1.698995e+00 -4.272913e+00 4.898517e+00 8.212862e+00 -1.512926e-01 -1.551728e-01 5.639089e-02 1.942024e-01 -1.520647e+00 4.866111e-01 5.054246e-01 -5.187489e-01 -8.624816e-01 -2.257503e+00 -1.329061e+00 -1.747876e+00 -1.521187e-01 1.658742e-06 7.718113e-02 1.074002e-02 -7.007459e-02 2.456949e-01 -3.686512e-01 -5.215505e-01 -4.797658e-01 2.191300e-01 3.013536e-01 -1.759331e-02 -3.980136e-01 -5.299786e-02 4.417175e-07 
-2.338682e+00 -1.298212e+00 -9.307420e-01 2.917146e-01 -2.063808e+00 -7.719436e-01 -2.613409e+00 3.025135e+00 -5.811793e+00 -6.631386e+00 -5.059051e+00 -5.870848e-01 -1.512926e-01 1.090882e-01 1.287887e-01 -8.174298e-02 -7.710371e-01 -1.682002e-01 -1.694125e-01 -7.158886e-01 2.195621e-01 -1.349418e-01 -8.012648e-01 -1.490126e+00 3.710488e-01 1.658742e-06 1.823530e-01 2.224349e-01 -1.462390e-02 7.526978e-01 -1.205428e-01 -1.526352e-01 -2.347429e-01 -5.467365e-03 1.046547e+00 5.626426e-01 4.858325e-01 6.682961e-02 4.417175e-07 
-2.611875e+00 -1.718132e+00 -6.679366e+00 -3.299671e-01 -3.417548e+00 9.604373e-01 -7.243701e+00 2.223544e+00 -1.604650e+00 -2.984349e+00 -2.715986e+00 1.511693e+00 -1.512926e-01 1.089407e-01 3.053043e-01 -1.721925e-01 3.973663e-01 -4.278902e-01 -7.620607e-01 -1.242984e+00 -2.400106e-01 1.066437e+00 7.313610e-01 -5.536931e-01 -1.027547e+00 1.658742e-06 1.899491e-01 2.611672e-01 2.247956e-01 7.409878e-01 1.928843e-01 2.259165e-01 3.650186e-01 -1.098129e-01 4.398915e-01 5.931318e-01 7.594771e-01 1.523286e-01 4.417175e-07 
-1.665981e+00 -1.197744e+00 -4.023518e+00 1.513296e+00 -3.072111e+00 1.774480e+00 -8.169813e+00 -1.641721e+00 4.008282e+00 1.095992e-01 2.835812e+00 6.871937e+00 -1.512926e-01 5.131478e-01 8.694167e-01 3.672598e-01 1.446379e+00 4.817797e-01 7.260757e-01 5.078700e-02 -9.557133e-01 1.303917e+00 8.178917e-01 1.486038e+00 9.507327e-01 1.658742e-06 3.886572e-02 1.244758e-02 1.110375e-01 3.492371e-01 4.676650e-01 5.316141e-01 7.137915e-01 1.045620e-01 -3.582574e-01 3.415819e-01 2.755985e-01 3.463655e-02 4.417175e-07 
-1.628527e+00 3.580565e-01 -1.515390e+00 4.124813e+00 -2.058362e+00 1.064055e+00 -4.961086e+00 1.247729e-01 2.121047e+00 -3.986604e+00 -1.817658e+00 -6.544420e-01 -1.512926e-01 5.924851e-01 9.918711e-01 1.093695e+00 1.075574e+00 1.126022e+00 1.187222e+00 9.229954e-01 -8.238923e-01 -7.775784e-01 8.270108e-01 5.614129e-01 3.196514e-01 1.658742e-06 -1.872846e-01 -3.131952e-01 -1.243166e-01 -1.050084e-01 5.750349e-01 6.809217e-01 7.871514e-01 6.015606e-01 -2.031552e-01 1.031462e-01 -1.084334e-01 1.856095e-01 4.417175e-07 
-2.647651e-01 2.010911e+00 -1.676823e+00 5.296479e+00 -3.350662e-01 2.806595e+00 -3.500866e+00 -7.044247e-01 -1.155065e+00 -2.041030e+00 1.922072e+00 5.249840e+00 -1.512926e-01 6.160377e-02 -1.522664e-01 -1.594836e-01 6.360313e-01 1.393110e+00 1.513904e+00 1.770005e+00 1.034362e+00 -1.004158e+00 8.590292e-01 -6.696463e-01 -1.293450e-01 1.658742e-06 -3.946123e-01 -3.897436e-01 -1.487091e-01 -3.066762e-01 2.246072e-01 1.127167e-01 4.695035e-01 7.628719e-01 2.333395e-01 -8.377318e-02 -3.613285e-01 -3.089306e-01 4.417175e-07 
-3.499544e-01 1.636837e+00 -2.384259e+00 3.156442e+00 8.440104e-01 6.381069e+00 -4.962992e+00 -2.364483e+00 -2.910926e+00 2.225703e+00 5.481588e-01 3.921005e+00 -1.512926e-01 -6.017029e-01 -7.498904e-01 -5.304753e-01 2.775123e-01 1.991605e+00 2.248569e+00 1.833097e+00 1.772704e+00 1.204830e+00 1.226531e+00 -1.796598e-02 4.404145e-01 1.658742e-06 -3.235668e-01 -7.247194e-02 1.870511e-02 -1.866336e-01 -9.324629e-02 -4.248373e-01 1.656024e-01 5.809884e-01 6.650657e-01 -4.293915e-01 -1.267760e-01 -2.016339e-01 4.417175e-07 
-1.997191e+00 -2.598939e+00 -4.386897e+00 5.177588e+00 2.442046e+00 6.686505e+00 6.810690e-01 4.774665e+00 1.503900e+00 1.298426e+00 -1.695459e+00 3.937585e+00 -1.512926e-01 -8.628670e-01 -2.085406e-01 4.358067e-01 3.121702e-01 1.172072e+00 7.590994e-01 1.943272e+00 1.560411e+00 1.479522e+00 1.994104e-01 -3.103250e-02 -6.542885e-01 1.658742e-06 -1.693179e-02 4.445001e-01 3.763511e-01 -1.764892e-01 -3.544071e-01 -7.810974e-01 -2.987221e-01 -5.526478e-02 2.352971e-01 -5.744228e-01 -3.190924e-02 -1.218966e-01 4.417175e-07 
-3.770743e+00 -1.086545e+00 -2.813084e+00 5.571471e+00 6.511047e+00 1.036731e+01 2.113522e+00 6.249127e+00 6.815928e+00 4.761163e-01 -9.879864e-02 2.203917e+00 -1.512926e-01 -5.630665e-01 6.574925e-01 8.895415e-01 3.044041e-01 7.703073e-01 -5.596244e-01 1.664472e+00 1.817982e+00 1.305789e+00 -9.901326e-01 -3.918619e-01 -4.261340e-01 1.658742e-06 2.468637e-01 4.519134e-01 2.326334e-01 -1.819997e-01 -5.323733e-01 -8.539516e-01 -5.212659e-01 -2.797773e-01 -4.561374e-01 -4.908679e-01 -2.936436e-01 -5.767169e-02 4.417175e-07 
-2.868912e+00 2.329387e+00 7.166192e-01 5.649521e+00 2.692177e+00 4.608731e+00 2.677302e+00 2.790977e+00 1.379212e+00 -1.690375e-01 2.090508e+00 2.836729e+00 -1.512926e-01 -4.236048e-02 1.366400e+00 1.012169e+00 -2.598606e-01 2.317525e-01 -9.874506e-01 3.607540e-01 7.353207e-01 1.218046e-01 -9.047165e-01 -6.422549e-01 -3.056843e-01 1.658742e-06 2.955678e-01 1.926569e-01 -7.278486e-02 -1.968094e-01 -3.714887e-01 -4.402208e-01 -5.497106e-01 -2.580175e-01 -5.455847e-01 -1.435896e-01 -3.087907e-01 1.667933e-01 4.417175e-07 
-2.729378e+00 2.460094e+00 -4.882045e-01 4.442461e+00 4.571075e+00 4.621599e+00 2.361248e+00 7.717269e+00 3.680238e+00 -1.991161e+00 -3.304229e+00 2.340704e+00 -1.512926e-01 2.221954e-01 7.223027e-01 3.445460e-01 -3.464476e-01 -2.000576e-01 -1.147830e+00 1.791459e-02 7.862586e-01 -3.969728e-01 -6.757244e-01 -1.180498e+00 -2.226702e-02 1.658742e-06 1.835259e-01 -5.143989e-02 -1.757752e-01 -1.388545e-01 -2.372763e-01 -1.336525e-01 -3.635658e-01 -2.012637e-01 -3.924401e-01 8.577123e-02 -2.115585e-01 1.090956e-01 4.417175e-07 
