-1.079631e+01 1.652951e+00 -2.147011e+00 4.096185e+00 7.144804e+00 3.795567e+00 -2.945118e+00 6.302917e+00 2.915163e-02 3.547502e+00 5.970356e+00 8.797535e+00 -1.512926e-01 -1.315494e-01 -1.396571e-01 3.141992e-01 8.873605e-01 4.882542e-01 1.085276e+00 1.222292e+00 -1.508895e-01 1.307749e+00 8.187078e-02 -6.133990e-01 -1.338268e+00 -5.583885e-07 5.009710e-03 4.696995e-02 -2.030543e-01 4.830792e-03 -2.598833e-01 -3.628117e-01 -2.131474e-01 3.205346e-01 -9.368788e-02 -2.220278e-01 -1.553648e-01 2.040345e-01 -3.496934e-07 
-1.166857e+01 1.884961e+00 9.889058e-01 6.128619e+00 9.633499e+00 7.614907e+00 -2.422935e+00 3.014680e+00 3.148739e+00 4.040996e+00 5.270919e+00 5.929405e+00 -1.512926e-01 -8.027299e-02 -1.149201e-01 -4.304410e-01 1.005825e+00 2.813746e-01 1.590169e-01 8.579919e-01 1.269194e-01 1.227775e+00 3.690645e-01 -7.175494e-01 -1.160764e+00 -5.583885e-07 -5.187771e-03 6.135413e-02 -1.254926e-01 -9.677012e-02 -6.338295e-01 -3.759224e-01 -1.642046e-01 5.160919e-01 -2.643285e-01 -3.952381e-01 -1.186621e-01 2.507318e-01 -3.496934e-07 
-1.101744e+01 8.380885e-01 -2.143870e+00 7.516519e+00 8.342044e+00 7.312020e+00 2.904980e+00 7.192309e+00 5.008184e+00 3.710170e+00 3.253235e+00 3.540231e+00 -1.512926e-01 -1.320622e-01 8.271075e-02 -3.288345e-01 8.522260e-01 -7.078114e-01 -2.657709e-01 3.386231e-01 1.312775e+00 8.793164e-01 -1.171704e+00 -1.338092e+00 -4.068448e-01 -5.583885e-07 -1.223454e-02 6.945789e-02 1.097027e-01 -2.267266e-01 -7.484011e-01 -3.035822e-02 -1.190440e-02 2.190464e-01 -4.906160e-01 -4.023189e-01 5.457099e-02 3.030725e-01 -3.496934e-07 
-1.108693e+01 1.485452e+00 -4.300598e+00 7.415004e+00 7.953065e+00 2.832690e+00 -1.580041e+00 6.492865e+00 3.678458e+00 5.311405e+00 3.741315e+00 5.622614e+00 -1.512926e-01 -1.571877e-01 5.585729e-02 8.136497e-03 4.210776e-01 -2.082746e+00 -1.189428e-01 8.429573e-01 1.697725e+00 2.002503e-01 -1.267436e+00 -8.442492e-01 -5.504424e-01 -5.583885e-07 -7.898065e-03 3.542209e-02 4.146285e-01 -2.622299e-01 -3.856274e-01 4.265445e-01 1.360990e-01 -3.927175e-01 -5.497090e-01 -2.671494e-01 1.852404e-01 1.861634e-01 -3.496934e-07 
-1.174714e+01 2.266361e+00 -1.146282e+00 7.714176e+00 4.446192e+00 4.857840e+00 -1.673376e+00 1.112774e+01 4.160715e+00 -2.946257e+00 4.451080e-02 6.916660e+00 -1.512926e-01 -1.542137e-01 1.221311e-01 6.434432e-01 4.609213e-02 -2.071481e+00 1.072441e+00 1.170249e+00 1.589670e-01 -6.315047e-01 -1.111495e+00 -2.772770e-01 -1.279997e-01 -5.583885e-07 4.593515e-02 -4.789468e-02 2.779777e-01 -2.957697e-01 4.054209e-01 3.471334e-01 -1.920664e-01 -1.095051e+00 -2.604107e-01 4.344331e-01 4.227033e-01 1.984463e-01 -3.496934e-07 
-1.208989e+01 1.450367e+00 5.307245e-01 8.135273e+00 1.167417e+00 8.247427e+00 4.081332e+00 9.536075e+00 4.573389e+00 1.032131e+00 2.653996e+00 1.488917e+00 -1.512926e-01 -1.085776e-01 4.249671e-02 1.156716e+00 9.781426e-02 -9.649266e-01 1.622720e+00 1.122640e+00 -1.259755e+00 -7.653899e-01 -9.969949e-01 -3.217527e-01 -3.692690e-01 -5.583885e-07 8.079630e-02 -1.223814e-02 -3.013306e-02 -3.668549e-01 9.289893e-01 -1.486258e-01 -5.883758e-01 -8.313915e-01 2.036636e-01 8.019008e-01 4.170346e-01 3.618867e-01 -3.496934e-07 
-1.128713e+01 1.466778e+00 -1.342389e+00 7.387612e+00 1.377333e+00 9.966437e+00 5.925421e+00 6.465324e+00 1.402719e+00 2.921397e-01 2.410544e+00 4.967177e+00 -1.512926e-01 7.345383e-02 -1.501074e-01 4.867703e-01 -4.649905e-01 7.602879e-01 5.990924e-01 -7.615058e-01 -2.683691e+00 6.005750e-02 8.651034e-01 5.143164e-01 4.948470e-01 -5.583885e-07 7.297033e-02 8.070185e-02 -1.344853e-01 -3.159956e-01 7.231400e-01 -6.026415e-01 -5.389630e-01 -4.996729e-02 6.721997e-01 9.843894e-01 3.967616e-01 1.456076e-01 -3.496934e-07 
-1.186008e+01 2.097730e+00 1.580817e+00 8.067596e+00 4.663271e+00 8.391642e+00 2.340327e-01 2.525028e+00 1.230571e+00 -1.292629e+00 9.494352e-01 4.750999e+00 -1.512926e-01 1.329345e-01 1.307295e-01 -6.416039e-02 -1.157754e+00 1.146341e+00 -6.254016e-01 -1.133034e+00 -1.037887e+00 8.727709e-01 1.753766e+00 8.453306e-01 9.476539e-01 -5.583885e-07 5.816535e-02 1.856962e-01 -2.146698e-01 -1.868638e-01 6.732863e-02 -6.056644e-01 -2.976283e-02 5.097576e-01 4.577744e-01 5.631567e-01 2.922741e-01 -8.085197e-02 -3.496934e-07 
-1.149522e+01 1.192327e+00 7.622834e-01 5.422853e+00 6.499627e+00 7.781169e+00 -3.557348e+00 1.214431e+00 6.132378e+00 2.542052e+00 3.468115e+00 7.759796e+00 -1.512926e-01 8.975974e-02 4.815442e-01 5.813602e-01 -9.059347e-01 4.885587e-01 -8.167032e-01 -3.967237e-01 -2.019002e-01 1.910412e+00 2.435095e+00 1.123024e+00 -5.854150e-02 -5.583885e-07 4.373303e-02 1.126611e-01 -1.776875e-01 1.391466e-01 -4.130107e-01 -2.109523e-01 5.377122e-01 6.703190e-01 -4.005435e-01 -3.697473e-01 -4.799492e-02 -2.325074e-01 -3.496934e-07 
-1.132148e+01 2.240897e+00 -8.420243e-01 3.328650e+00 4.338203e+00 6.213241e+00 3.157437e+00 6.971581e+00 6.572402e+00 8.676044e+00 6.351974e+00 4.830825e+00 -1.512926e-01 1.740582e-01 6.552318e-01 3.611379e-02 -6.159773e-01 -4.922547e-01 -6.976711e-01 7.914926e-01 4.812785e-02 5.982168e-01 1.033767e+00 8.351149e-01 -4.967989e-01 -5.583885e-07 9.549452e-03 -6.536841e-02 -1.088562e-01 4.025157e-01 -3.738708e-01 1.029560e-01 3.119307e-01 3.306135e-01 -8.051258e-01 -9.754708e-01 -1.098707e-01 -6.154232e-02 -3.496934e-07 
-1.110786e+01 3.802717e+00 2.776307e+00 5.226807e+00 3.982282e+00 6.972266e+00 2.479832e+00 3.232978e+00 8.284234e+00 7.482977e+00 5.324932e+00 4.634496e+00 -1.512926e-01 2.714835e-01 1.509688e-01 -4.518458e-01 -4.011143e-02 -4.857088e-01 -4.195479e-01 9.647762e-01 1.248334e-01 -1.805530e+00 -6.236432e-01 2.794796e-01 5.456534e-02 -5.583885e-07 -4.062486e-02 -2.504887e-01 -2.796792e-01 3.277387e-01 -2.173115e-01 -1.874205e-02 -5.611408e-02 3.976307e-01 -5.975565e-01 -8.427918e-01 -2.493560e-02 2.436497e-01 -3.496934e-07 
-1.118289e+01 4.068679e+00 7.546545e-01 5.085546e+00 3.460521e+00 5.307833e+00 1.172729e+00 1.756733e+00 3.145924e+00 1.405370e+00 4.196908e+00 3.829763e+00 -1.512926e-01 8.986229e-02 -3.078810e-02 -9.187124e-02 4.219919e-01 -2.357483e-01 -3.092633e-01 -2.540876e-01 4.517567e-01 -1.294981e+00 -1.594181e+00 7.177587e-01 5.834094e-01 -5.583885e-07 -8.192297e-02 -2.934386e-01 -1.498477e-01 1.756319e-01 4.542200e-02 -1.325941e-01 -3.937458e-01 4.268873e-01 4.524419e-01 3.751918e-02 2.294855e-01 4.219735e-01 -3.496934e-07 
-1.020678e+01 1.033316e+00 -2.295101e+00 4.343256e+00 4.510103e+00 6.136254e+00 2.259035e+00 4.445968e+00 -1.181519e+00 3.059497e+00 5.942958e+00 8.533462e+00 -1.512926e-01 -7.135089e-02 -4.279018e-01 -7.530236e-01 2.137972e-01 -7.260789e-01 -1.104555e+00 -1.545315e-01 1.584421e+00 -1.307142e-01 -4.649309e-01 1.057120e+00 6.194670e-01 -5.583885e-07 -7.216591e-02 -1.626642e-01 -8.325883e-03 2.018679e-02 9.398169e-02 -2.635030e-02 -3.523894e-01 1.409005e-01 9.614617e-01 4.171463e-01 -2.363852e-02 3.358019e-03 -3.496934e-07 
-1.132267e+01 3.471679e+00 1.234376e+00 5.880473e+00 2.895785e+00 5.085186e+00 1.997944e+00 8.624002e+00 4.830404e+00 2.916788e+00 9.631542e+00 5.798663e+00 -1.512926e-01 -6.406964e-02 -5.224842e-01 -5.626004e-01 1.351691e-01 -1.448674e-01 -1.018142e+00 -6.177133e-01 1.452627e+00 2.023113e+00 1.141968e+00 1.593819e+00 1.330497e+00 -5.583885e-07 -6.141502e-04 -2.545740e-02 -3.125715e-02 -2.123524e-01 3.202772e-01 3.293355e-01 -3.052257e-01 -5.562884e-01 2.607251e-01 3.698272e-01 -5.245541e-01 -2.628828e-01 -3.496934e-07 
-1.139453e+01 1.961354e+00 -1.228853e+00 5.898735e+00 6.340857e-01 1.560420e+00 1.294435e+00 7.721246e+00 6.788795e+00 4.402758e+00 7.892929e+00 6.747515e+00 -1.512926e-01 -1.238296e-02 -4.165255e-01 -2.581363e-01 2.041320e-01 -6.129355e-02 -1.968532e-01 -6.154003e-01 3.288760e-01 1.342738e+00 9.396314e-02 -2.767787e-01 -3.023411e-01 -5.583885e-07 2.879254e-02 1.451267e-01 2.190384e-01 -2.011202e-01 6.279192e-01 7.956467e-01 -2.716573e-01 -1.055155e+00 -6.681852e-01 3.517520e-02 -8.266791e-01 -5.126356e-01 -3.496934e-07 
-1.090964e+01 9.920070e-01 -2.591729e+00 4.984032e+00 4.674290e+00 2.504864e+00 -1.433665e+00 7.382257e+00 9.276501e+00 6.444096e+00 1.119089e+01 1.137527e+01 -1.512926e-01 5.725047e-02 -1.638649e-01 -4.955437e-01 -6.350465e-01 1.033387e+00 8.835105e-01 -1.549667e+00 -1.701879e+00 -7.280210e-01 -2.456723e-02 -1.238177e+00 -2.699526e-01 -5.583885e-07 -5.858056e-02 1.804287e-01 2.692099e-01 -1.124796e-01 3.272873e-01 6.091086e-01 -4.359304e-02 -8.720217e-01 -1.092066e+00 -1.684092e-01 -7.235367e-01 -6.399465e-01 -3.496934e-07 
-1.047569e+01 1.907255e-01 -1.673123e+00 5.812260e+00 3.314516e+00 6.442033e+00 8.976579e-01 6.711163e+00 3.309223e+00 1.765635e+00 3.779281e+00 4.233208e+00 -1.512926e-01 1.192208e-02 1.182949e-01 3.086926e-01 -4.067377e-01 1.824218e+00 1.922834e+00 -1.046874e+00 -2.114041e+00 -2.096031e+00 2.943689e-01 -1.660385e+00 -1.143431e+00 -5.583885e-07 -5.482003e-02 1.740977e-01 1.118759e-01 -7.210627e-02 -2.490761e-01 -3.389063e-02 4.352612e-01 2.299923e-02 -3.950659e-01 2.516445e-02 -6.072558e-02 2.085463e-03 -3.496934e-07 
-1.149601e+01 3.537321e+00 -1.021527e+00 2.748032e+00 6.722216e+00 7.061903e+00 -5.551924e+00 6.198837e-01 2.930336e+00 4.112350e+00 5.497541e+00 5.705892e+00 -1.512926e-01 -3.690620e-01 1.123422e-01 5.000929e-01 -1.217436e-01 5.488414e-01 9.676341e-01 -6.200263e-01 -1.686044e+00 -1.717820e+00 1.997713e-01 -1.332112e+00 -1.448592e+00 -5.583885e-07 4.239195e-01 -2.376746e-01 -5.696115e-02 -2.595974e-02 -1.433056e+00 -6.464569e-01 1.000420e+00 8.294105e-01 4.677502e-01 1.864107e-01 3.016419e-01 1.482081e-01 1.193380e-02 
-1.104192e+01 1.280038e+00 -4.704532e-01 4.982958e+00 8.731574e+00 8.896213e+00 -1.880605e+00 5.324026e-01 -5.182644e-01 7.039881e+00 2.437942e+00 3.865145e+00 -1.512926e-01 -7.329939e-02 3.157935e-01 -1.964975e-01 -4.130071e-01 -1.064332e+00 -4.083478e-01 1.095944e+00 4.359225e-01 -1.376167e-01 1.074411e-01 -5.334174e-01 2.974794e-01 -5.583885e-07 9.579490e-01 -5.597484e-01 -2.387626e-01 -3.310374e-01 -2.150790e+00 -9.088057e-01 7.616475e-01 8.790697e-01 9.326589e-01 5.752184e-01 6.214938e-01 3.343885e-01 2.398987e-02 
-1.247172e+01 1.008983e+00 -6.925882e-01 4.790134e+00 4.710103e+00 6.115652e+00 -3.144946e+00 2.041452e+00 2.601323e+00 4.805936e+00 5.200858e+00 4.316486e+00 -1.512926e-01 2.219476e+00 -1.450979e+00 -5.276954e-01 -7.617397e-01 -4.687541e+00 -1.183201e+00 2.381017e+00 1.170267e+00 6.316584e-01 1.000890e+00 -2.934726e-01 -2.492037e-01 5.966897e-02 1.137100e+00 -3.982303e-01 8.901958e-02 -4.667671e-01 -1.489575e+00 -6.715573e-01 2.489562e-01 3.738684e-01 5.696123e-01 1.005583e+00 5.145562e-01 -8.273314e-02 2.769573e-02 
-1.035407e+01 3.033690e+00 -2.820147e+00 2.726547e+00 -1.000619e+00 4.873382e+00 5.173805e+00 8.179711e+00 2.785538e+00 1.956247e+00 1.260601e+00 6.415266e+00 -1.512926e-01 3.507438e+00 -1.898889e+00 -3.711113e-01 -1.741848e+00 -6.311676e+00 -1.545775e+00 1.260939e+00 8.532048e-01 1.392603e+00 2.769777e+00 9.276792e-01 -7.119328e-02 9.011582e-02 3.967827e-01 3.520259e-01 9.212896e-01 1.026614e-01 3.551817e-01 1.323361e-01 -3.951221e-01 -7.412069e-01 -1.714629e-01 6.815277e-01 -1.064599e-01 -1.256804e+00 1.946539e-02 
-7.426974e-01 -4.594328e+00 -2.484925e+00 6.730170e-02 -1.184961e+01 3.157624e+00 2.826036e+00 2.647745e+00 4.436635e+00 1.165846e+01 4.619232e+00 3.184250e+00 1.470625e-01 3.526103e+00 -7.714409e-01 1.032461e+00 -1.791088e+00 -4.275305e+00 -1.821364e+00 5.423614e-01 -2.525921e-02 3.650779e-01 3.896634e+00 5.102053e-01 -1.677968e+00 9.341992e-02 -7.625455e-01 1.601778e+00 1.158845e+00 9.096169e-01 2.352117e+00 7.546165e-01 -7.755200e-01 -1.060125e+00 -8.402406e-01 -8.082669e-01 -8.623730e-01 -1.455046e+00 3.756662e-04 
6.306375e-01 -5.412586e+00 -1.429897e+00 -1.364641e+00 -1.454712e+01 2.646548e+00 1.438755e+00 4.495379e+00 5.527043e+00 1.746213e+01 7.367275e+00 4.074851e+00 1.501017e-01 1.257325e+00 1.736249e+00 3.629731e+00 6.150356e-01 5.053039e-01 5.723592e-01 3.966559e-02 -2.672408e+00 -8.617873e-01 2.067160e+00 -1.467533e+00 -5.272210e+00 8.045296e-02 -1.083106e+00 2.033455e+00 5.690773e-01 1.461176e+00 2.598858e+00 8.079422e-01 -8.156344e-01 -9.823289e-01 -1.239781e+00 -2.084173e+00 -1.215901e+00 -9.246671e-01 -9.644668e-04 
-3.336189e-01 1.375106e+00 3.774792e+00 -2.119284e+00 -9.893146e+00 -1.877600e+00 1.434643e+00 3.757459e+00 3.055827e+00 1.653602e+01 4.698296e+00 -2.902813e+00 1.651047e-01 -4.681281e-01 4.740397e+00 3.266115e+00 2.607774e+00 3.664518e+00 1.530829e+00 -8.858305e-01 -2.367482e+00 -2.442467e+00 -2.689296e+00 -3.407647e+00 -4.924033e+00 6.637695e-02 -7.261260e-01 1.396094e+00 -4.959525e-01 1.323208e+00 9.499466e-01 2.725114e-01 -7.930092e-01 -4.562001e-01 -1.100555e+00 -1.930154e+00 -4.631586e-01 5.960370e-01 3.722925e-03 
-4.271986e+00 8.730371e+00 1.219842e+01 6.895079e+00 5.481356e-01 1.025306e+01 6.067685e+00 -5.737079e+00 -8.327973e-01 9.853145e+00 -6.116960e+00 -1.690215e+01 2.419465e-01 8.904187e-02 5.512533e+00 1.357442e+00 3.364668e+00 2.712781e+00 8.178629e-01 -2.103056e+00 -2.887260e+00 -3.402514e+00 -4.358169e+00 -3.192867e+00 -3.071687e+00 9.881546e-02 -6.223946e-02 1.588018e-01 -1.296673e+00 3.645381e-01 -1.388002e+00 -9.191652e-01 -4.098922e-01 5.777897e-01 -5.605917e-01 -5.600492e-01 1.016240e+00 2.170852e+00 2.291606e-03 
-6.321356e-01 1.203622e+01 7.031425e+00 8.976391e+00 -1.074448e+00 7.008771e+00 -3.917531e+00 -4.073317e+00 -4.595126e+00 2.016623e+00 -5.677022e+00 -1.094713e+01 4.330322e-01 4.795634e-01 4.320795e+00 -3.111600e-01 3.450088e+00 -6.294132e-01 -5.815003e-01 -2.351320e+00 -2.198806e+00 -3.867244e+00 -2.541543e+00 -9.429181e-01 2.020850e-01 1.028525e-01 1.574925e-02 -8.927623e-01 -9.516177e-01 -3.779301e-01 -2.186571e+00 -1.015084e+00 3.989737e-01 9.190701e-01 1.381860e-01 9.645633e-01 1.669828e+00 2.003760e+00 -1.065379e-02 
1.224907e+00 1.681958e+01 3.729018e+00 9.910430e+00 -5.392337e+00 2.292698e+00 -6.400575e+00 -6.025443e+00 -7.660012e+00 2.930759e+00 -3.409232e+00 -7.261318e+00 5.102254e-01 4.723847e-01 2.740013e+00 -1.064948e+00 2.016627e+00 -4.287787e+00 -2.967211e+00 -1.277020e+00 1.322290e-01 -2.952302e+00 -8.067921e-01 2.381301e+00 3.019002e+00 7.367206e-02 -3.375376e-01 -1.285744e+00 -2.220513e-01 -8.514524e-01 -1.166526e+00 -3.876404e-01 9.346594e-01 1.140314e+00 6.932759e-01 1.116043e+00 1.037282e+00 1.116623e+00 -2.702841e-02 
-6.842576e-01 1.893426e+01 6.453425e+00 1.362403e+01 -1.006945e+01 -8.052071e-01 -4.087754e+00 -7.092227e+00 -1.286670e+01 7.289372e+00 -1.370021e+00 -6.712891e+00 5.452382e-01 -5.810389e-01 1.662832e+00 -2.807846e-01 1.392174e+00 -3.768077e+00 -1.652054e+00 6.960807e-01 7.181877e-01 -1.976665e+00 3.579798e-01 2.154437e+00 2.049497e+00 2.568009e-02 -4.401900e-01 -1.098041e+00 2.124812e-01 -8.983451e-01 5.040007e-01 4.858482e-01 6.841379e-01 7.014304e-01 1.137507e+00 5.050943e-01 -4.732235e-02 1.343206e-01 -2.996175e-02 
-1.884247e+00 1.898123e+01 7.162461e+00 1.465475e+01 -1.639339e+01 -6.761729e-01 -2.322318e-01 -3.566656e+00 -1.145854e+01 3.182746e+00 3.636027e+00 -3.924156e+00 5.541978e-01 -1.068370e+00 4.127570e-01 2.319549e-01 1.363446e-01 -1.550705e+00 -5.850157e-01 1.046599e+00 1.355821e+00 -8.814238e-01 -2.277442e-01 4.449243e-01 1.587834e+00 2.255901e-03 -3.027442e-01 -8.174986e-01 2.678609e-01 -5.403266e-01 1.625985e+00 1.037956e+00 1.194826e-01 9.001643e-02 1.129998e+00 2.622483e-01 -1.078794e+00 -5.397466e-01 -2.105109e-02 
-1.982963e+00 1.926926e+01 3.910765e+00 1.356495e+01 -1.441434e+01 2.328495e-01 -3.521576e+00 -1.711732e+00 -1.257911e+01 3.680730e+00 1.572549e+00 -2.368194e+00 5.394408e-01 -9.509473e-01 -5.918892e-03 1.028152e-01 -1.013682e-01 5.222013e-01 6.565646e-01 -9.236915e-02 6.965699e-01 7.849422e-01 -3.057147e-01 -2.113732e-01 1.589352e+00 -1.124832e-02 1.876445e-02 -7.106810e-01 3.768652e-02 -3.163883e-01 1.376250e+00 8.067534e-01 -3.946522e-01 -4.160247e-01 1.070724e+00 2.114132e-01 -9.925620e-01 -6.875844e-01 -6.869043e-03 
-3.467649e+00 1.871640e+01 6.160386e+00 1.062103e+01 -1.097358e+01 -1.151105e+00 -1.450523e+00 -1.936914e+00 -1.221109e+01 3.596402e+00 -2.656172e+00 -1.494422e+00 5.244027e-01 -8.563935e-01 -5.132244e-01 8.247618e-02 6.176550e-02 1.697107e+00 1.068272e+00 -2.854097e-01 5.931264e-01 1.316913e+00 8.363840e-01 -1.829817e+00 5.502617e-01 -1.312102e-02 2.648591e-01 -5.668898e-01 -1.853313e-01 -2.960838e-01 4.590921e-01 3.664597e-01 -5.407422e-01 -4.736630e-01 6.968309e-01 1.371872e-01 -4.929916e-01 -9.063533e-01 6.219794e-03 
-4.647501e+00 1.903725e+01 7.468514e+00 1.513385e+01 -1.016863e+01 2.715222e+00 -3.940145e+00 -4.424457e+00 -8.566205e+00 5.553911e+00 7.192900e-01 1.882196e-02 5.039010e-01 -5.933452e-01 -1.427565e+00 -1.762038e-02 -1.524373e-01 1.489314e+00 1.555028e+00 -6.111597e-01 -9.805236e-01 2.277674e+00 8.831159e-01 -1.670850e+00 -8.695201e-01 -9.752873e-04 4.363869e-01 -4.822562e-01 -4.377192e-02 -7.890466e-01 -5.051646e-01 -2.622741e-01 -2.701803e-01 -1.414117e-01 2.192984e-01 -2.058641e-01 5.730928e-02 -8.356988e-01 1.949100e-02 
-4.833877e+00 1.653155e+01 5.795547e+00 1.417887e+01 -1.003089e+01 3.423645e+00 -1.449700e+00 7.555605e-01 -6.880116e+00 6.428128e+00 -5.086786e+00 -2.366037e+00 5.063781e-01 7.694063e-02 -1.710783e+00 -6.344532e-01 -1.318536e+00 2.611281e-01 7.979970e-01 -1.397778e+00 -1.739296e-01 1.856262e+00 -1.361697e-01 -1.290252e+00 -1.714532e+00 2.821669e-02 5.426304e-01 -2.223281e-01 3.423126e-01 -1.112583e+00 -9.607494e-01 -6.847019e-01 -5.953807e-02 -3.131446e-02 5.029014e-02 -4.411899e-01 1.048956e+00 -1.904577e-01 2.778487e-02 
-4.266853e+00 1.322400e+01 4.004556e+00 1.102386e+01 -7.438610e+00 5.720236e+00 -6.577788e+00 -7.960557e+00 -3.855853e+00 6.680115e+00 -5.566647e+00 -6.280104e+00 5.435868e-01 7.643528e-01 -1.818197e+00 2.424353e-01 -3.356467e+00 -1.285674e+00 -5.196952e-01 -8.870834e-01 3.730600e-01 1.611699e+00 -8.488635e-01 -1.946792e-01 -1.456815e+00 6.554037e-02 4.958439e-01 7.842267e-02 6.359227e-01 -1.090236e+00 -6.942918e-01 -9.326495e-01 4.109913e-01 1.337613e-01 -1.638449e-02 -2.451257e-01 1.560488e+00 7.060854e-01 2.634535e-02 
-3.272982e+00 1.306895e+01 4.719875e+00 6.083502e+00 -1.103253e+01 1.336327e+00 -7.120530e+00 -1.038208e+00 -5.284927e+00 2.352439e+00 -5.964312e+00 -6.917418e+00 6.456385e-01 1.177949e+00 -1.429417e+00 1.664037e+00 -3.899157e+00 -1.719071e+00 -1.317848e+00 -4.451043e-01 -2.402056e-01 1.901367e+00 -5.036013e-01 2.676934e+00 -1.085160e-01 9.254497e-02 2.868803e-01 2.115269e-01 5.175195e-01 -7.831555e-01 2.135919e-01 -6.699950e-01 6.725904e-01 -4.668738e-01 2.614506e-01 1.153100e-01 1.643646e+00 1.039716e+00 1.406490e-02 
-1.606264e+00 1.167746e+01 9.219116e+00 2.399445e+00 -1.609643e+01 1.160305e+00 -5.540411e+00 -1.661916e+00 -1.305401e+00 3.347410e+00 1.846332e-01 -4.989511e+00 7.619554e-01 1.335265e+00 -1.176095e+00 2.012732e+00 -4.313326e+00 -9.920234e-01 -2.050354e+00 9.675711e-01 -2.786058e-01 2.173184e+00 -1.589688e-01 4.147997e+00 1.857696e+00 9.858906e-02 -1.732146e-03 3.054293e-01 -1.573416e-01 -4.078173e-01 1.180989e+00 -2.974283e-01 3.900781e-01 -5.497092e-01 1.901690e-01 1.507139e-01 9.244835e-01 7.678320e-01 -2.671394e-03 
-2.743894e-01 1.015808e+01 1.150868e+01 -1.004775e+00 -1.429754e+01 -8.854468e-01 -4.193836e+00 -3.595006e+00 1.351638e+00 5.576365e+00 5.422000e+00 -3.553935e+00 8.599313e-01 1.225943e+00 -9.742308e-01 1.067899e+00 -4.755837e+00 1.182268e+00 -1.786700e+00 1.037829e+00 -2.182498e+00 2.882716e+00 9.547469e-02 4.756704e+00 1.826952e+00 8.201866e-02 -2.398653e-01 2.777752e-01 -6.429823e-01 -2.054010e-01 1.458253e+00 2.222024e-02 2.824350e-02 -6.526051e-02 -1.375089e-01 -7.049923e-02 -2.485149e-01 1.718886e-01 -1.574896e-02 
9.102008e-01 8.799409e+00 1.067399e+01 -6.998954e+00 -1.076642e+01 -3.420589e+00 -3.203332e+00 -8.075579e+00 3.691731e+00 4.273521e+00 9.480461e+00 1.326675e+00 9.293947e-01 7.317410e-01 -5.186480e-01 -2.461461e-01 -4.967298e+00 3.168403e+00 -1.772476e+00 3.218537e-01 -1.404348e+00 2.071788e+00 -3.947699e-01 3.387923e+00 1.414504e+00 5.744321e-02 -3.844934e-01 2.391304e-01 -5.753126e-01 2.487986e-01 1.048892e+00 2.611669e-01 -2.650443e-01 4.940795e-01 -4.891286e-01 -1.276826e-01 -1.049250e+00 -3.494719e-01 -2.109925e-02 
1.598448e+00 9.636907e+00 9.331755e+00 -1.299689e+01 -7.786266e+00 -5.306585e+00 -3.099718e+00 -8.744243e+00 6.629919e+00 2.366909e+00 1.317139e+01 -9.408172e-01 9.720144e-01 2.804056e-01 -3.693004e-01 -4.213816e-01 -4.599235e+00 3.492043e+00 -1.345644e+00 1.904118e-02 -3.641316e-03 1.264668e+00 -7.381427e-01 1.814453e+00 9.727044e-01 3.437207e-02 -3.820542e-01 1.107871e-01 -1.399184e-01 8.002006e-01 1.811701e-01 3.271278e-01 -1.164702e-01 8.075730e-01 -6.518249e-01 -9.139972e-02 -1.327210e+00 -2.644320e-01 -1.925708e-02 
1.115925e+00 9.344348e+00 9.076860e+00 -1.644086e+01 -3.509700e+00 -5.491642e+00 -4.478364e+00 -6.108874e+00 6.413929e+00 2.978662e+00 1.324967e+01 7.765226e-01 9.931309e-01 -1.145257e-01 -2.829196e-01 -1.191380e-01 -3.147619e+00 3.097616e+00 -9.650846e-01 1.518469e-01 1.102285e+00 5.364511e-01 -3.806622e-01 3.727914e-01 5.374835e-01 1.691137e-02 -2.379681e-01 -3.290273e-02 1.972312e-01 1.135833e+00 -6.074685e-01 3.797402e-01 1.357297e-01 2.834739e-01 -3.766742e-01 5.382937e-02 -1.062268e+00 -1.274939e-01 -1.425617e-02 
1.025106e+00 8.038871e+00 1.020010e+01 -1.927950e+01 -4.656345e-01 -6.578493e+00 -3.461545e+00 -4.596584e+00 6.313777e+00 2.533569e+00 1.260973e+01 1.584708e+00 9.999297e-01 -2.610738e-01 -5.382259e-01 3.048735e-01 -1.664657e+00 2.123501e+00 -5.547671e-01 5.406266e-01 6.020390e-01 3.911409e-01 -3.685698e-01 -3.718347e-01 9.433523e-01 6.001316e-03 -4.611321e-02 -1.533449e-01 2.235721e-01 1.121498e+00 -9.852848e-01 4.514072e-01 9.131866e-02 -2.318411e-01 -8.690434e-02 1.535462e-01 -7.217592e-01 -4.842946e-02 -8.960184e-03 
6.247146e-01 8.183169e+00 9.644090e+00 -1.959532e+01 1.061632e+00 -7.609683e+00 -2.263402e+00 -4.637895e+00 6.532583e+00 2.287072e+00 1.162535e+01 2.751463e+00 9.999999e-01 -1.872357e-01 -5.986792e-01 3.769039e-01 -7.553397e-01 8.155472e-01 -2.692862e-01 7.396425e-01 -2.897940e-01 6.251129e-01 -3.103753e-01 -8.301715e-01 7.917841e-01 3.524931e-04 1.212813e-01 -3.367937e-01 2.014277e-01 7.527972e-01 -1.077220e+00 5.922958e-01 -9.465069e-02 -4.159897e-01 1.104714e-01 2.154663e-01 -5.407436e-01 -1.456842e-02 -4.985890e-03 
5.386344e-01 7.525620e+00 1.057257e+01 -1.974303e+01 5.453808e-01 -7.021258e+00 -1.504386e+00 -6.469733e+00 8.526770e+00 8.699615e-01 1.212439e+01 2.788572e+00 9.985769e-01 8.637550e-02 -9.780670e-01 4.484015e-01 -1.878330e-01 -2.932910e-01 5.635298e-01 1.816270e-01 -4.668142e-01 7.857752e-01 -5.420985e-03 -1.192705e+00 6.035257e-01 -2.145729e-03 1.902244e-01 -4.694421e-01 1.171591e-01 4.647251e-01 -9.590698e-01 6.731334e-01 -1.928385e-01 -1.757427e-01 1.633614e-02 3.886767e-01 -6.102578e-01 -5.567750e-02 -2.844546e-03 
4.225445e-01 6.607768e+00 1.077541e+01 -1.998580e+01 6.218715e-02 -6.616445e+00 -1.758899e+00 -6.621610e+00 8.433455e+00 2.258131e+00 9.341513e+00 4.133533e+00 9.955553e-01 3.181451e-01 -1.746896e+00 8.161919e-01 -1.220048e-01 -1.080012e+00 1.437222e+00 -1.420990e-01 -4.433000e-01 8.915744e-01 5.150546e-01 -1.920512e+00 6.345226e-01 -3.945524e-03 1.818225e-01 -5.498720e-01 -3.792088e-03 4.889177e-01 -8.574961e-01 6.314918e-01 -1.445560e-02 1.621002e-02 -2.792378e-01 4.597774e-01 -5.694717e-01 -1.593078e-01 -2.156038e-03 
1.557777e+00 3.936264e+00 1.187666e+01 -2.002287e+01 -1.432573e+00 -4.257324e+00 -2.805321e+00 -5.939177e+00 9.292589e+00 2.521095e+00 7.788033e+00 3.911315e+00 9.914268e-01 4.373116e-01 -2.311216e+00 6.710652e-01 3.423189e-01 -1.724246e+00 1.957579e+00 1.711367e-02 -2.000038e-01 3.394910e-01 1.161996e+00 -2.877924e+00 7.434543e-01 -6.075345e-03 1.073233e-01 -4.353051e-01 -2.296575e-01 6.586191e-01 -7.871758e-01 2.762815e-01 3.590608e-01 4.854626e-02 -7.327921e-01 4.771619e-01 -4.530702e-01 -3.545621e-01 -2.000303e-03 
1.705456e+00 1.243256e+00 1.307304e+01 -2.006530e+01 -3.349370e+00 -1.805674e+00 -2.323021e+00 -7.119767e+00 1.060743e+01 4.037004e+00 4.191429e+00 5.362855e+00 9.838551e-01 5.464279e-01 -2.681476e+00 2.465208e-01 1.424173e+00 -2.756513e+00 2.191147e+00 7.496656e-01 -3.421320e-01 -5.478412e-01 1.404851e+00 -2.834944e+00 -7.473577e-02 -8.462280e-03 8.642016e-02 -2.258735e-01 -4.859107e-01 8.796904e-01 -6.741377e-01 -2.610513e-01 6.933693e-01 3.755753e-02 -1.076903e+00 3.184550e-01 -6.130206e-02 -6.144401e-01 -1.508512e-03 
2.084130e+00 -1.347893e+00 1.277866e+01 -1.799150e+01 -6.370294e+00 3.611608e-01 -1.136390e+00 -7.220208e+00 9.137334e+00 5.790927e+00 3.102736e-01 5.891434e+00 9.740523e-01 5.088935e-01 -2.687164e+00 -4.151645e-01 2.332315e+00 -3.391005e+00 1.567945e+00 1.531080e+00 -2.746235e-01 -2.158511e+00 1.935530e+00 -3.000762e+00 -8.147379e-01 -9.885998e-03 7.795049e-02 -1.532770e-02 -6.115830e-01 8.357039e-01 -3.986253e-01 -7.969916e-01 7.891401e-01 -1.105182e-02 -1.035875e+00 3.595652e-02 3.138922e-01 -6.350223e-01 -4.962399e-04 
2.891625e+00 -4.157472e+00 1.155714e+01 -1.388098e+01 -1.125182e+01 2.030292e+00 1.155049e+00 -7.691634e+00 5.771590e+00 7.647143e+00 -1.094473e+00 2.770018e+00 9.619304e-01 7.144095e-01 -2.688355e+00 -1.070277e+00 3.281468e+00 -3.617218e+00 3.266919e-01 2.567794e+00 -2.183032e-01 -3.243993e+00 1.720638e+00 -2.165565e+00 -1.658611e+00 -9.582834e-03 5.040713e-02 1.360607e-01 -6.187771e-01 4.827517e-01 6.287428e-02 -1.187934e+00 5.083063e-01 3.388296e-02 -6.389108e-01 -4.195081e-01 4.191483e-01 -2.371550e-01 6.338570e-04 
3.509192e+00 -6.799551e+00 1.055911e+01 -1.145377e+01 -1.443693e+01 1.664515e+00 3.110564e+00 -7.026210e+00 9.176469e-01 1.039354e+01 -4.572874e+00 1.133798e+00 9.529356e-01 7.430218e-01 -2.384368e+00 -1.728410e+00 3.592193e+00 -3.287184e+00 -1.095235e+00 3.053720e+00 -3.171956e-01 -3.491770e+00 1.183788e+00 -1.643193e+00 -1.639760e+00 -7.997940e-03 2.493037e-02 2.141100e-01 -4.563848e-01 9.645619e-02 5.205767e-01 -1.150164e+00 1.424544e-02 2.057480e-01 1.662635e-02 -9.514939e-01 5.937266e-01 1.950160e-01 1.268064e-03 
4.564662e+00 -9.472753e+00 8.831390e+00 -6.926444e+00 -1.740276e+01 -8.240020e-01 8.392428e+00 -8.308457e+00 -1.502487e+00 1.033865e+01 -4.194778e+00 -5.516110e-01 9.465058e-01 6.812850e-01 -2.152740e+00 -2.190790e+00 3.208065e+00 -2.493918e+00 -2.416933e+00 2.529918e+00 -1.514584e-01 -3.075833e+00 -3.167994e-01 -1.417949e+00 -8.478855e-01 -6.240359e-03 -5.255016e-02 2.729129e-01 -1.238815e-01 -3.031531e-01 9.725105e-01 -7.112629e-01 -6.591381e-01 6.008521e-01 5.340258e-01 -1.074162e+00 5.221466e-01 5.530468e-01 1.251671e-03 
4.962684e+00 -1.061186e+01 5.499367e+00 -3.507721e+00 -1.973057e+01 -3.688055e+00 1.051364e+01 -8.497999e+00 -4.684418e+00 1.036460e+01 -6.355324e+00 -6.465393e-01 9.417800e-01 6.500064e-01 -1.884603e+00 -2.136878e+00 2.851365e+00 -1.349914e+00 -2.810982e+00 1.621191e+00 7.206529e-01 -2.159344e+00 -1.803027e+00 -4.058455e-01 -2.451551e-01 -5.219580e-03 -9.269638e-02 3.114564e-01 2.601797e-01 -4.617400e-01 1.238749e+00 -1.407798e-01 -1.055783e+00 9.705490e-01 8.445091e-01 -8.134432e-01 4.769888e-01 5.970329e-01 6.932818e-04 
5.571563e+00 -1.301514e+01 3.132620e+00 -1.814204e+00 -2.107437e+01 -7.378361e+00 1.010330e+01 -7.712695e+00 -6.806108e+00 6.077843e+00 -7.293126e+00 -5.796580e-01 9.363164e-01 4.982280e-01 -1.573605e+00 -1.485407e+00 2.136137e+00 2.766555e-01 -2.371806e+00 -1.160630e-02 2.266996e+00 -1.240117e+00 -2.156728e+00 -1.735003e-01 4.093210e-01 -4.713027e-03 -3.290053e-02 4.139690e-01 4.445666e-01 -4.393148e-01 1.268469e+00 3.403743e-01 -1.007243e+00 8.753601e-01 9.746661e-01 -8.138897e-02 2.916496e-01 3.948072e-01 -1.120274e-04 
6.256256e+00 -1.445134e+01 2.723802e+00 2.466974e-01 -1.935041e+01 -9.113275e+00 1.036151e+01 -3.720558e+00 -7.227228e+00 3.509080e+00 -5.052734e+00 -7.783234e-02 9.319420e-01 3.710624e-01 -1.116567e+00 -7.802016e-01 1.819404e+00 1.521587e+00 -1.821609e+00 -9.543536e-01 3.326368e+00 -1.871245e-01 -1.963376e+00 1.193918e-01 7.168856e-01 -5.296330e-03 1.162334e-01 4.898404e-01 3.619840e-01 -3.618279e-01 1.027277e+00 5.930769e-01 -6.809577e-01 2.936577e-01 9.750288e-01 6.227817e-01 -2.604053e-02 1.722206e-01 -9.193858e-04 
6.409068e+00 -1.542068e+01 2.792013e+00 1.876297e+00 -1.620992e+01 -9.969888e+00 8.410521e+00 6.377039e-01 -6.432047e+00 2.982654e+00 -5.713814e+00 1.210604e+00 9.278663e-01 6.563646e-01 -4.667931e-01 -6.462658e-01 1.527357e+00 2.412737e+00 -1.209689e+00 -1.218423e+00 2.922549e+00 8.114812e-01 -6.435452e-01 -2.223364e-01 6.451501e-01 -6.758423e-03 2.783090e-01 4.577799e-01 1.378797e-01 -2.569280e-01 6.232458e-01 6.154602e-01 -1.818280e-01 -4.031462e-01 8.625018e-01 8.445320e-01 -3.170928e-02 -1.045326e-01 -1.304623e-03 
6.399197e+00 -1.499175e+01 1.768846e+00 3.743839e+00 -1.455539e+01 -1.150023e+01 6.588223e+00 3.958342e+00 -5.807003e+00 2.094964e+00 -6.547894e+00 2.042521e+00 9.195216e-01 1.152105e+00 1.127791e-02 -7.465400e-01 1.346460e+00 2.718565e+00 -4.267422e-01 -1.180162e+00 1.861281e+00 1.690007e+00 5.543547e-01 -5.117401e-01 4.981365e-01 -8.788469e-03 2.733627e-01 2.567560e-01 -2.608637e-02 -2.760935e-01 1.940220e-01 5.052084e-01 5.271491e-02 -7.663690e-01 4.897695e-01 6.240025e-01 4.176780e-03 -3.202584e-01 -8.374205e-04 
8.781802e+00 -1.507889e+01 3.785958e-01 4.074700e+00 -1.140884e+01 -1.223323e+01 5.897461e+00 3.060445e+00 -3.459268e+00 3.566962e+00 -7.657131e+00 1.586002e+00 9.087349e-01 1.499144e+00 1.513657e-01 -8.129750e-01 1.087849e+00 2.794224e+00 8.101135e-03 -8.077662e-01 9.837655e-01 2.133911e+00 8.070348e-01 -1.665164e-02 -4.012366e-03 -9.486897e-03 2.198293e-02 1.739123e-02 -1.619445e-02 -2.674926e-01 -2.608326e-01 2.841955e-01 1.394223e-01 -5.702518e-01 -2.389355e-02 4.069332e-02 1.043887e-01 -3.581031e-01 3.541503e-04 
1.083035e+01 -1.456621e+01 1.981953e-01 5.880473e+00 -8.158166e+00 -1.011555e+01 5.717370e+00 4.374282e+00 -2.632594e-01 5.988525e+00 -6.639874e+00 2.224611e+00 8.975617e-01 1.316395e+00 -1.419059e-01 -8.272745e-01 6.586598e-01 2.301001e+00 9.557667e-02 -8.960463e-01 4.638931e-01 1.600512e+00 4.312897e-01 3.741691e-02 -5.598047e-01 -8.120741e-03 -2.838399e-01 -1.286284e-01 9.662586e-02 -2.969871e-01 -5.548196e-01 2.078748e-03 3.401618e-01 -2.729964e-01 -4.586208e-01 -3.935290e-01 8.887172e-02 -2.473354e-01 1.709652e-03 
1.168918e+01 -1.487687e+01 -4.870572e-01 6.247321e+00 -5.436965e+00 -1.062193e+01 4.807455e+00 5.348725e+00 1.465867e+00 5.071395e+00 -5.750606e+00 1.099279e+00 8.914130e-01 6.841564e-01 -3.031589e-01 -6.868551e-01 5.339259e-01 1.317295e+00 -4.994338e-02 -6.632990e-01 7.699569e-01 7.366245e-01 -3.786468e-01 2.508330e-02 -6.164846e-01 -5.323193e-03 -4.719004e-01 -1.021392e-01 2.465784e-01 -3.217295e-01 -6.961173e-01 -1.690792e-02 6.557054e-01 -8.839282e-02 -6.326351e-01 -4.421666e-01 7.491556e-03 -2.331032e-02 2.504715e-03 
1.152768e+01 -1.580265e+01 -1.934300e+00 5.950298e+00 -6.036411e+00 -1.182805e+01 2.652934e+00 5.133667e+00 -2.672816e-01 3.499101e+00 -7.313871e+00 -5.127767e-01 8.875832e-01 1.404209e-01 -4.046200e-01 -3.264365e-01 1.384344e-01 6.829554e-01 -3.873373e-01 4.483950e-01 6.032715e-01 9.564123e-02 -8.205220e-01 -8.816165e-02 -4.322748e-01 -2.322255e-03 -4.492017e-01 3.212994e-02 4.042121e-01 -3.285632e-01 -5.740244e-01 2.669410e-01 9.938071e-01 -5.595160e-02 -4.446184e-01 -2.662704e-01 1.440219e-01 1.727186e-01 2.634835e-03 
1.185384e+01 -1.597637e+01 -1.989497e+00 6.709238e+00 -5.883244e+00 -1.162637e+01 4.112992e+00 6.530530e+00 2.258353e-01 2.918285e+00 -7.194493e+00 -1.274540e-01 8.871089e-01 -2.723546e-01 -2.278899e-01 1.695167e-01 -2.607141e-01 1.224472e-01 1.650666e-01 1.798523e+00 4.722368e-01 -2.767384e-01 -7.778208e-01 8.363680e-02 -1.843001e-01 1.375922e-04 -3.646066e-01 4.114538e-02 4.033503e-01 -4.552599e-01 -3.564916e-01 5.264708e-01 9.339209e-01 -3.598913e-01 -2.453201e-01 -1.833033e-01 2.181000e-01 9.796977e-02 2.062103e-03 
1.145029e+01 -1.603919e+01 -6.827155e-01 6.341853e+00 -4.520715e+00 -1.154974e+01 8.306495e+00 6.799454e+00 8.343881e-01 2.962694e+00 -6.359238e+00 6.768479e-01 8.880926e-01 -4.513094e-01 -1.888263e-02 7.655663e-01 -5.868509e-01 2.836950e-02 1.322850e+00 2.841983e+00 3.330479e-01 -1.158380e-01 -7.004800e-01 7.282236e-01 8.771298e-02 2.321139e-03 -2.810618e-01 -2.793918e-02 2.544094e-01 -5.281910e-01 -1.732061e-01 6.162414e-01 3.671173e-01 -6.315997e-01 -1.298547e-01 -3.145173e-01 1.934553e-01 -3.968756e-02 9.176619e-04 
1.036599e+01 -1.589772e+01 -2.653711e-01 4.748240e+00 -5.582418e+00 -9.935551e+00 1.097333e+01 6.876810e+00 -4.687918e-01 1.450777e+00 -5.810099e+00 -4.165539e-01 8.918346e-01 -8.429590e-01 -2.903275e-01 7.838626e-01 -1.379793e+00 -1.380171e-01 1.727363e+00 2.809504e+00 -8.943365e-01 -3.842036e-01 -1.355105e+00 7.072938e-01 -3.866020e-01 2.662677e-03 -2.213337e-01 -3.791693e-02 5.128791e-02 -4.315779e-01 6.360450e-02 4.319451e-01 -3.391635e-01 -6.829737e-01 -6.172904e-02 -3.351248e-01 1.954965e-02 9.531400e-02 -6.745144e-04 
1.001536e+01 -1.593676e+01 1.031089e+00 3.996819e+00 -6.044676e+00 -6.059465e+00 1.343294e+01 6.625707e+00 -4.989580e-01 7.307454e-01 -4.365430e+00 7.060105e-02 8.968239e-01 -9.796621e-01 -5.132244e-01 6.384695e-01 -1.942990e+00 -5.276871e-02 1.912697e+00 1.778476e+00 -1.871503e+00 -4.998805e-01 -2.104454e+00 5.672638e-01 -5.294405e-01 1.004871e-03 -1.614362e-01 6.733065e-02 -1.071327e-01 -2.178507e-01 3.125368e-01 1.012578e-01 -8.449396e-01 -4.237588e-01 2.449816e-02 -2.285714e-01 -1.241387e-01 3.498805e-01 -2.103785e-03 
8.356534e+00 -1.747934e+01 1.072824e+00 9.825419e-01 -5.811619e+00 -5.734891e+00 1.559733e+01 2.145943e+00 -1.028677e+00 -2.741674e+00 -4.654677e+00 -1.757201e+00 8.960685e-01 -1.114929e+00 -1.703467e-01 4.895236e-01 -1.740542e+00 4.810994e-01 2.029849e+00 6.344966e-01 -1.840404e+00 -3.933673e-01 -1.751508e+00 2.616644e-01 6.008688e-01 -2.579369e-03 -4.316577e-02 2.778258e-01 -1.904646e-01 1.164072e-01 4.352869e-01 -1.164606e-01 -1.034501e+00 1.618631e-01 8.359118e-02 3.805634e-02 -1.510412e-01 5.962583e-01 -2.528980e-03 
7.556936e+00 -1.781491e+01 1.840199e+00 -1.490325e+00 -4.669475e+00 -4.086362e+00 1.488683e+01 -1.925569e-01 -1.385442e+00 -5.463624e+00 -4.100450e+00 -1.300250e+00 8.909913e-01 -1.122518e+00 2.578535e-01 3.770815e-01 -1.495776e+00 1.281521e+00 1.677903e+00 -2.951437e-01 -1.312662e+00 1.138276e-02 -1.645070e+00 3.303090e-01 1.343401e+00 -5.580306e-03 1.944203e-02 2.690636e-01 -3.660836e-01 2.044980e-01 2.446263e-01 -4.253081e-01 -1.072198e+00 3.902815e-01 -1.707372e-02 -2.537762e-02 -2.761860e-01 2.931134e-01 -1.973665e-03 
6.020523e+00 -1.581001e+01 1.777821e+00 -1.211027e+00 -3.864519e+00 -7.726774e-01 1.341896e+01 1.084020e+00 -1.992386e+00 -4.209681e+00 -4.633933e+00 3.273138e+00 8.818561e-01 -9.874561e-01 7.133040e-01 -3.778180e-02 -1.021265e+00 1.371184e+00 1.262435e+00 -1.326171e+00 -3.645085e-01 -2.218752e-01 -1.394657e+00 7.055570e-02 1.658304e+00 -6.689348e-03 1.071200e-01 2.043014e-02 -4.836250e-01 6.087428e-02 -4.300775e-02 -7.244754e-01 -9.719963e-01 2.915230e-01 -1.764326e-01 -3.338063e-01 -3.655409e-01 -3.839969e-01 -8.527890e-04 
5.570773e+00 -1.548180e+01 2.564044e+00 -2.384618e+00 -6.105375e-01 -1.506386e-01 1.304644e+01 5.931534e-01 4.001146e-02 -6.760480e+00 -2.723885e+00 4.272474e+00 8.760235e-01 -9.462298e-01 3.902689e-01 -9.282592e-01 -1.280136e+00 7.252752e-01 1.698900e-01 -2.602186e+00 -6.580567e-01 -6.710157e-01 -2.409786e+00 -7.180478e-01 4.072967e-01 -6.812148e-03 1.977455e-01 -1.110027e-01 -4.168171e-01 7.391313e-02 -1.808004e-01 -6.545067e-01 -5.879730e-01 2.610066e-01 -1.504593e-01 -2.025434e-01 -3.377256e-01 -5.940792e-01 1.699440e-06 
4.412639e+00 -1.507946e+01 5.217494e-01 -3.676374e+00 -9.857426e-01 -1.390379e+00 9.886614e+00 -6.903026e-02 -2.850313e+00 -9.066278e+00 -4.990501e+00 3.748211e+00 8.700856e-01 -6.674910e-01 -1.344980e-01 -1.275888e+00 -1.543972e+00 5.439701e-01 -8.385312e-01 -3.072017e+00 -7.101103e-01 -9.343829e-01 -3.038085e+00 -1.041712e+00 -8.510485e-01 -6.225009e-03 2.846443e-01 -7.175013e-02 -8.037951e-02 2.581458e-01 5.697987e-03 -2.090842e-01 7.061787e-03 4.359862e-01 2.562270e-01 2.223518e-01 9.987292e-02 -3.896957e-01 3.531257e-04 
3.630020e+00 -1.622932e+01 -2.173039e+00 -6.657887e+00 -2.483257e+00 -2.927946e+00 3.642205e+00 -2.905687e+00 -4.311564e+00 -1.508401e+01 -7.512312e+00 4.986415e-01 8.628125e-01 -2.937882e-01 1.267610e-01 -1.087952e+00 -8.647921e-01 7.910382e-01 -5.442210e-01 -2.362210e+00 1.651300e-01 -3.845606e-01 -1.836029e+00 -8.022652e-01 -3.724320e-01 -5.802882e-03 2.812226e-01 1.538889e-01 2.809753e-01 4.690845e-01 2.852266e-01 2.374591e-01 5.902469e-01 6.792780e-01 5.779919e-01 7.745544e-01 5.229633e-01 7.854946e-02 4.125506e-04 
3.653712e+00 -1.610936e+01 -2.233172e+00 -6.794851e+00 -2.083352e-01 -3.576731e+00 2.761071e+00 -7.166337e-01 -4.488941e+00 -1.523819e+01 -7.448514e+00 9.046759e-01 8.573313e-01 1.096550e-01 4.863063e-01 -3.597428e-01 6.189611e-02 1.366617e+00 5.740760e-01 -1.410982e+00 1.403892e+00 9.159712e-01 -5.697314e-01 6.118641e-01 9.973216e-02 -5.430643e-03 1.415747e-01 2.502224e-01 2.873450e-01 3.835072e-01 1.958475e-01 3.396950e-01 6.309319e-01 4.177533e-01 5.174841e-01 8.011195e-01 4.791026e-01 1.655259e-01 1.779249e-04 
4.480950e+00 -1.433307e+01 -1.498108e+00 -5.149675e+00 2.955289e+00 -1.778566e+00 4.798409e+00 1.742153e+00 -1.063669e+00 -1.285406e+01 -5.505979e+00 3.831920e+00 8.533961e-01 7.140277e-02 8.491588e-01 1.843925e-02 2.625153e-01 1.740188e+00 6.508419e-01 -4.814380e-01 1.681417e+00 1.293706e+00 2.286167e-01 1.069952e+00 3.246807e-01 -5.146667e-03 2.543855e-02 1.101793e-01 1.176462e-01 1.016403e-01 -2.553509e-03 3.281745e-02 3.419409e-01 -3.141945e-02 1.400361e-01 4.176835e-01 1.258147e-01 -5.291107e-02 -8.436415e-05 
4.535441e+00 -1.359573e+01 -1.614336e+00 -4.121104e+00 3.128291e+00 9.051285e-01 2.253690e+00 4.626196e+00 1.055727e-01 -1.303020e+01 -2.934459e+00 2.580161e+00 8.476514e-01 -1.421124e-01 7.555023e-01 -3.924274e-01 -1.901840e-01 1.048458e+00 2.624342e-01 -8.577852e-01 6.204332e-01 8.138614e-01 -6.487511e-02 4.176409e-01 -3.719259e-01 -5.664731e-03 -2.375841e-03 -1.421343e-02 -6.602874e-02 -7.579799e-02 -1.376444e-01 -2.837742e-01 1.485529e-01 -3.512823e-01 -1.757797e-01 1.628244e-01 -2.667221e-01 -1.221270e-01 -3.712428e-04 
3.545914e+00 -1.323979e+01 -2.390237e+00 -6.682057e+00 4.548671e+00 -1.914467e+00 1.488506e+00 2.829997e+00 -1.401813e-01 -1.504509e+01 -4.419835e+00 1.284389e+00 8.419243e-01 -4.079012e-02 5.430558e-01 -4.834646e-01 -2.306735e-01 9.371784e-01 -2.243222e-01 -9.291032e-01 3.997031e-01 3.667441e-01 -4.612871e-06 -7.595263e-02 -4.012780e-01 -6.106046e-03 1.186727e-01 -2.495091e-02 -3.151943e-02 6.401617e-02 -5.001787e-02 -1.331036e-01 1.162936e-01 -1.129600e-01 -9.082211e-02 2.162477e-01 -1.590639e-01 4.192199e-02 -5.648858e-04 
3.410476e+00 -1.287876e+01 -3.749075e+00 -6.979618e+00 4.237377e+00 -2.196391e+00 1.271290e-01 1.841380e+00 -8.810633e-01 -1.446727e+01 -5.903253e+00 3.191407e-01 8.347566e-01 1.539579e-01 5.681896e-01 -4.390562e-01 -7.054389e-02 1.079969e+00 -4.072850e-01 -4.444297e-01 2.882951e-01 5.006294e-01 3.587356e-01 -1.488330e-01 -1.478630e-01 -6.808311e-03 1.673224e-01 1.425102e-02 5.050105e-02 1.476298e-01 1.009918e-01 -1.520965e-02 1.708424e-01 1.544789e-01 6.447392e-02 2.307510e-01 6.283391e-02 1.323841e-01 -6.991040e-04 
4.839486e+00 -1.197619e+01 -2.848419e+00 -4.873599e+00 7.086953e+00 -1.349536e+00 1.216313e+00 5.132857e+00 1.263150e+00 -1.213602e+01 -4.401439e+00 2.956422e+00 8.293281e-01 5.167901e-01 8.180723e-01 -1.159406e-01 5.228239e-01 1.474396e+00 3.202334e-01 -1.067291e-01 1.282623e+00 9.963024e-01 1.098259e+00 5.577955e-01 4.223523e-01 -7.399288e-03 8.404866e-02 4.874265e-02 -4.482106e-02 7.819396e-02 -2.066299e-02 3.023608e-02 6.490027e-02 3.066334e-02 7.528406e-02 7.853883e-02 7.518025e-02 -4.632698e-02 -6.765636e-04 
4.658244e+00 -1.138655e+01 -3.580791e+00 -5.378485e+00 7.259404e+00 -1.413873e+00 1.678347e-01 4.916180e+00 1.907501e+00 -1.269139e+01 -3.687911e+00 1.004782e+00 8.199118e-01 4.157754e-01 6.892285e-01 -3.235943e-01 1.710873e-01 1.284718e+00 -8.591462e-02 -4.146496e-01 9.513386e-01 8.213590e-01 5.397431e-01 4.149001e-01 -1.219269e-01 -8.508330e-03 2.723412e-02 3.775193e-02 -1.223078e-01 4.763906e-02 -1.309994e-01 2.126921e-02 -4.567429e-02 -7.663419e-02 2.834338e-02 1.056341e-02 -5.760296e-02 -1.042559e-01 -3.107933e-04 
5.506016e+00 -9.896028e+00 -3.053950e+00 -4.868765e+00 1.040980e+01 -7.047266e-01 9.346631e-01 7.705856e+00 3.447184e+00 -1.044147e+01 -2.738366e+00 3.053508e+00 8.123400e-01 2.486142e-01 7.262678e-01 -7.653692e-01 3.956155e-02 7.313644e-01 -2.338055e-01 -6.195444e-01 2.215451e-01 5.828646e-01 3.020526e-01 1.798213e-02 -6.458368e-01 -8.634969e-03 -1.975560e-02 -2.616648e-02 -2.110727e-01 -8.246122e-04 -2.636075e-01 -7.002982e-02 -1.510793e-01 -2.477293e-01 -8.821026e-02 -2.000600e-02 -3.114956e-01 -1.738592e-01 3.889856e-04 
5.156167e+00 -1.047266e+01 -5.264080e+00 -6.126683e+00 8.999342e+00 -2.948910e+00 -1.805361e+00 5.311870e+00 2.133948e+00 -1.261554e+01 -4.660157e+00 -3.388852e-01 8.006925e-01 4.241848e-01 8.027274e-01 -7.258457e-01 4.093226e-01 7.966707e-01 -2.386422e-02 -4.164807e-01 4.356381e-01 8.490881e-01 8.095540e-01 -1.670220e-01 -1.349582e-01 -7.744665e-03 1.642682e-02 -5.615039e-02 -9.814000e-02 -3.503195e-02 -1.656118e-01 -5.026196e-02 -1.102600e-01 -1.518755e-01 -5.015711e-02 4.420929e-02 -2.957384e-01 -8.909592e-02 1.189172e-03 
5.833752e+00 -8.802188e+00 -5.833104e+00 -4.302111e+00 9.873718e+00 -1.751096e+00 -8.950347e-01 6.042904e+00 4.064183e+00 -1.066352e+01 -3.825293e+00 3.985353e-01 7.957560e-01 4.138270e-01 6.303626e-01 -9.701807e-01 3.995267e-01 4.004179e-01 -6.089826e-02 -8.611583e-01 3.018537e-01 5.413305e-01 8.632139e-01 -7.087041e-01 -4.404985e-01 -5.841257e-03 -4.675690e-02 -2.081972e-01 -7.828122e-02 -3.503207e-01 -2.322080e-01 -2.714447e-01 -3.222785e-01 -3.087272e-01 -2.496006e-01 -2.855594e-01 -3.806736e-01 -3.023873e-01 1.386913e-03 
6.615187e+00 -7.919420e+00 -5.820090e+00 -3.615144e+00 1.151063e+01 -1.009782e+00 -9.994714e-01 7.925774e+00 5.844391e+00 -8.532367e+00 -3.979506e+00 1.657199e+00 7.895018e-01 4.152627e-01 4.565427e-01 -7.119014e-01 -1.840452e-01 6.222160e-01 -4.237173e-01 -8.450636e-01 1.519506e-01 5.913143e-01 4.801631e-01 -7.004817e-01 -6.701282e-01 -3.957037e-03 -1.296919e-01 -2.151867e-01 -1.048096e-01 -5.137383e-01 -3.809540e-01 -3.131203e-01 -3.598081e-01 -5.489393e-01 -3.027444e-01 -6.147421e-01 -2.059993e-01 -5.317793e-01 9.955289e-04 
6.845392e+00 -8.020713e+00 -7.627236e+00 -4.126475e+00 1.115581e+01 -1.978804e+00 -3.774033e+00 7.907953e+00 4.298675e+00 -8.167112e+00 -6.622261e+00 -1.468711e-01 7.887288e-01 1.930589e-02 -1.416413e-01 -1.163801e+00 -1.415319e+00 -3.423088e-01 -1.391099e+00 -2.016703e+00 -1.180110e+00 -5.362973e-01 -9.608438e-01 -1.618526e+00 -1.890265e+00 -3.592473e-03 -8.588678e-02 -4.850247e-02 8.685218e-03 -3.100653e-01 -3.109258e-01 -9.845888e-02 -2.673070e-03 -5.066642e-01 -2.305921e-02 -4.975431e-01 2.387092e-01 -3.471481e-01 1.553844e-04 
6.726538e+00 -8.580931e+00 -7.926558e+00 -7.134306e+00 1.146986e+01 -4.953457e+00 -4.591024e+00 5.138932e+00 4.973191e+00 -1.146339e+01 -6.763558e+00 -3.416721e+00 7.844247e-01 -2.704803e-02 1.130036e-01 -1.153143e+00 -1.251924e+00 -7.367349e-01 -9.244534e-01 -1.637754e+00 -1.567999e+00 -1.258348e-01 -1.352082e+00 -7.419675e-01 -2.068908e+00 -3.887962e-03 3.312901e-02 1.741990e-01 5.229958e-02 1.453519e-01 -1.585287e-01 2.316510e-01 2.928302e-01 -2.063991e-01 2.277869e-01 1.114940e-02 6.014611e-01 -7.404657e-02 -5.792297e-04 
5.874423e+00 -9.179628e+00 -1.059891e+01 -9.618453e+00 8.182265e+00 -6.734635e+00 -9.182949e+00 1.535601e+00 1.818611e+00 -1.400271e+01 -1.052612e+01 -6.516130e+00 7.803138e-01 2.056445e-01 5.594589e-01 -7.060395e-01 -6.167610e-01 -4.745961e-01 -3.028866e-01 -4.783539e-01 -1.371542e+00 7.847041e-01 -7.084157e-01 5.054712e-01 -1.476679e+00 -5.100617e-03 1.861590e-01 3.618010e-01 1.911236e-01 5.118535e-01 2.792387e-01 4.193099e-01 6.423452e-01 2.071828e-01 5.280766e-01 6.496886e-01 9.014242e-01 1.878233e-01 -1.005449e-03 
6.965036e+00 -6.775218e+00 -1.009989e+01 -7.128398e+00 9.313941e+00 -3.253965e+00 -6.483631e+00 3.271858e+00 6.455357e+00 -1.237503e+01 -5.737298e+00 -5.502986e+00 7.742529e-01 4.878702e-01 9.769442e-01 -6.793057e-01 1.433977e-01 -1.040700e-01 1.904099e-01 -1.500018e-01 -7.843507e-01 1.069850e+00 4.097502e-01 1.244740e+00 -1.247049e+00 -6.098371e-03 1.676612e-01 2.425745e-01 1.259644e-01 3.743565e-01 3.943215e-01 1.733663e-01 3.404974e-01 2.232809e-01 1.644496e-01 8.500501e-01 5.087433e-01 4.358184e-02 -1.350728e-03 
7.753973e+00 -6.126157e+00 -1.007072e+01 -7.213262e+00 9.860496e+00 -4.342985e+00 -5.219289e+00 1.983941e+00 7.480606e+00 -1.125382e+01 -4.608100e+00 -6.487221e+00 7.683150e-01 6.926683e-01 1.235425e+00 -4.450957e-01 4.464162e-01 7.374535e-01 1.479802e-01 4.511899e-01 -5.360293e-01 1.506376e+00 1.406615e+00 1.895182e+00 -1.362180e+00 -7.514414e-03 6.809180e-02 1.308945e-01 2.018832e-02 9.170409e-02 3.659160e-01 -3.749096e-02 -5.178375e-02 1.287919e-01 -2.628775e-01 7.257703e-01 6.912718e-02 -1.196373e-01 -1.722646e-03 
8.226230e+00 -5.223018e+00 -1.158707e+01 -7.619856e+00 1.011008e+01 -5.197068e+00 -7.323236e+00 9.928935e-01 7.491064e+00 -1.078927e+01 -3.499254e+00 -9.666457e+00 7.599175e-01 5.677589e-01 9.877914e-01 -6.539041e-01 8.827963e-02 6.290663e-01 -2.831025e-01 -4.000005e-01 -8.694000e-01 3.355637e-01 1.840806e+00 1.106828e+00 -1.908104e+00 -9.433172e-03 -9.998543e-03 5.527631e-02 3.892301e-02 -1.926371e-01 2.939892e-01 -2.416231e-01 -7.964558e-02 -6.456059e-02 -5.264926e-01 3.822796e-01 -2.168563e-01 3.572519e-02 -2.118129e-03 
8.707173e+00 -3.778900e+00 -1.208070e+01 -7.140752e+00 1.147096e+01 -5.023216e+00 -6.507478e+00 -5.039428e-03 8.832856e+00 -7.762936e+00 -2.169266e+00 -1.124529e+01 7.499214e-01 5.061246e-01 1.208572e+00 -6.178445e-01 -1.306252e-01 9.881752e-01 -2.535897e-01 -6.122198e-01 -6.850790e-01 -1.627276e-01 2.204962e+00 9.202043e-01 -1.744264e+00 -1.204652e-02 -4.492746e-02 1.283287e-02 2.952402e-03 -3.666193e-01 -4.570957e-02 -3.009267e-01 -1.384240e-01 -2.077290e-01 -8.020061e-01 -1.829126e-01 -3.687115e-01 3.273064e-01 -2.166283e-03 
9.327503e+00 -3.009874e+00 -1.236432e+01 -6.723415e+00 1.165388e+01 -4.329250e+00 -7.840074e+00 -8.077541e-02 7.457277e+00 -4.916240e+00 -1.422860e+00 -1.266490e+01 7.362887e-01 5.310450e-01 1.266776e+00 -3.983781e-01 -5.312105e-01 1.240267e+00 -8.169485e-01 -1.652146e-02 -1.032672e+00 -7.280210e-01 1.921926e+00 6.481174e-01 -8.774907e-01 -1.442194e-02 5.179103e-03 3.562469e-02 -2.181486e-02 -3.233790e-01 -3.434206e-01 -1.209100e-01 -3.546947e-02 -3.034778e-01 -6.903133e-01 -5.928161e-01 -2.158475e-01 5.665469e-01 -1.591501e-03 
9.734213e+00 -1.190014e+00 -1.277134e+01 -8.314343e+00 1.402962e+01 -6.045007e+00 -8.021811e+00 -9.045561e-01 6.684218e+00 -3.165311e+00 -1.045156e+00 -1.370911e+01 7.199154e-01 4.863319e-01 1.160024e+00 -5.581595e-01 -1.077036e+00 2.032810e-01 -1.089676e+00 -4.327682e-01 -1.493095e+00 -1.971786e+00 4.514437e-01 2.809745e-01 -2.411066e-01 -1.584950e-02 2.540467e-02 4.048695e-02 -1.037229e-01 -1.205699e-01 -6.470464e-01 1.811444e-01 -9.062247e-02 -3.210108e-01 -6.623086e-01 -5.669835e-01 -7.725142e-02 4.820603e-01 -5.239032e-04 
1.036836e+01 -1.833191e-01 -1.323401e+01 -9.689352e+00 1.503238e+01 -8.770990e+00 -6.648509e+00 -3.720558e+00 4.925327e+00 -3.478173e+00 -8.208818e-01 -1.282196e+01 7.028044e-01 6.035498e-01 1.190184e+00 -7.929024e-01 -1.055485e+00 -6.954808e-01 -4.695807e-01 -6.671540e-01 -1.982722e+00 -2.211470e+00 -2.463866e-01 3.472521e-01 1.728594e-01 -1.548877e-02 3.238368e-02 9.290814e-02 -6.749004e-02 1.511644e-01 -6.416428e-01 5.804079e-01 -1.900187e-01 -1.243336e-01 -3.655738e-01 -1.508782e-01 9.050508e-02 2.942200e-01 4.545578e-04 
1.061831e+01 6.083425e-01 -1.443668e+01 -1.104288e+01 1.079768e+01 -8.250877e+00 -9.266827e+00 -5.650408e+00 2.399128e-01 -6.224573e+00 -1.065509e+00 -1.237191e+01 6.873974e-01 5.969865e-01 1.449195e+00 -9.390948e-01 -4.713904e-01 -1.279128e+00 4.784252e-01 -7.400140e-01 -1.815183e+00 -2.732492e+00 4.542148e-01 6.843708e-01 1.409769e-01 -1.413413e-02 3.736384e-02 1.734392e-01 1.923601e-01 2.905858e-01 -1.548046e-01 5.708296e-01 5.613890e-02 1.657826e-01 4.347032e-02 4.364353e-01 1.918219e-01 2.478547e-01 7.393873e-04 
1.190320e+01 2.041708e+00 -1.549620e+01 -1.063682e+01 9.792727e+00 -5.574412e+00 -1.055337e+01 -7.621568e+00 -3.782932e-01 -4.618847e+00 3.235813e-01 -1.246900e+01 6.750998e-01 6.375974e-01 1.586769e+00 -5.453699e-01 -7.824997e-02 -1.226761e+00 1.301104e+00 -8.128741e-01 -1.493380e+00 -2.175529e+00 1.166153e+00 8.990254e-01 4.024891e-01 -1.300974e-02 -4.790878e-02 1.847339e-01 4.977731e-01 1.785774e-01 9.697559e-02 2.946908e-01 1.689625e-01 2.762298e-01 2.166140e-01 3.927787e-01 -3.891531e-02 3.830776e-01 1.236229e-04 
1.195137e+01 4.943524e+00 -1.633582e+01 -1.019800e+01 1.025388e+01 -5.250923e+00 -9.769686e+00 -8.029814e+00 -4.326446e+00 -3.236048e-01 1.804260e+00 -1.318053e+01 6.631010e-01 6.560569e-01 1.828979e+00 2.800048e-01 -1.127314e-01 -3.053171e-01 8.791776e-01 -7.916568e-02 -9.088432e-01 -1.772445e+00 1.927216e+00 9.641817e-01 8.833829e-01 -1.339349e-02 -1.668907e-01 1.382892e-01 7.388511e-01 7.811540e-02 -1.730601e-01 5.033739e-03 1.701710e-01 6.334954e-02 3.114385e-01 -1.685557e-01 -4.940485e-01 4.327073e-01 -8.435679e-04 
1.288996e+01 5.582399e+00 -1.501109e+01 -1.050308e+01 9.170691e+00 -3.765403e+00 -1.046168e+01 -9.997734e+00 -3.669225e+00 -5.980452e-01 2.239109e+00 -1.040517e+01 6.499075e-01 3.345535e-01 1.923959e+00 1.086373e+00 -3.419545e-01 -6.976120e-01 8.034744e-01 -1.528931e-01 -1.054764e+00 -1.608570e+00 9.809885e-01 1.262511e-02 1.717008e+00 -1.523933e-02 -3.036250e-01 2.088426e-01 7.328185e-01 2.344638e-01 -4.737650e-01 -1.663218e-01 2.210608e-01 -6.480557e-02 1.764931e-01 -5.673254e-01 -6.794358e-01 2.940540e-01 -1.405030e-03 
1.340526e+01 7.982849e+00 -1.327889e+01 -1.167291e+01 9.582810e+00 -4.759726e+00 -9.708833e+00 -9.006686e+00 -6.976245e+00 1.400879e+00 2.797642e+00 -8.987288e+00 6.330424e-01 -8.601596e-02 1.972110e+00 1.939281e+00 5.092475e-02 -2.409126e+00 7.523789e-01 -2.191996e-01 -1.717808e+00 -1.458856e+00 -2.960157e-01 -1.342826e+00 1.647423e+00 -1.723868e-02 -3.319476e-01 1.500903e-01 6.217968e-01 6.281427e-01 -4.395907e-01 -6.252347e-02 2.542600e-01 2.079527e-01 2.518376e-01 -7.134334e-01 -5.231609e-01 1.359251e-01 -8.948697e-05 
1.284890e+01 1.014223e+01 -1.159246e+01 -1.160846e+01 6.640674e+00 -1.802782e+00 -1.134816e+01 -1.240752e+01 -7.096106e+00 -5.755910e-01 -1.100935e-01 -5.981080e+00 6.139286e-01 -5.095595e-01 2.559446e+00 2.289041e+00 1.012225e+00 -2.543544e+00 5.328726e-01 3.623315e-01 -1.412787e+00 -1.449931e+00 -5.587727e-01 -1.344695e+00 1.490794e+00 -1.811363e-02 -1.836267e-01 -1.073560e-01 4.450537e-01 9.016051e-01 1.839449e-01 -1.497189e-02 5.758796e-01 9.444071e-01 1.290083e-01 -6.060010e-01 -4.127164e-01 -1.651173e-01 3.265968e-03 
1.154150e+01 1.252458e+01 -8.348838e+00 -9.390718e+00 -5.267912e-01 -2.470724e+00 -1.042262e+01 -1.541387e+01 -9.907193e+00 -1.815064e+00 -3.735271e+00 -7.156034e+00 5.949025e-01 -5.817568e-01 2.261810e+00 2.787570e+00 2.350862e+00 -1.580237e+00 7.018557e-01 9.345142e-01 3.100078e-01 -5.924696e-01 -8.698992e-01 -9.730669e-01 1.676016e+00 -1.240725e-02 5.894456e-02 -6.058892e-01 1.106769e-01 5.978628e-01 7.901013e-01 9.524588e-02 5.970613e-01 1.198373e+00 1.473638e-01 -4.135505e-01 -3.571819e-01 -2.912109e-01 6.814042e-03 
1.127418e+01 1.610884e+01 -6.031455e+00 -6.583766e+00 1.507360e+00 -2.245547e+00 -8.293181e+00 -1.385824e+01 -9.453494e+00 -1.784127e+00 -1.217373e+00 -3.866767e+00 5.784063e-01 -3.357323e-01 1.242304e+00 2.887400e+00 3.016066e+00 -1.922107e-01 7.538505e-01 2.149716e+00 2.653368e+00 -1.396614e+00 -1.761963e+00 -2.235954e+00 8.769305e-01 -1.324501e-03 1.724042e-01 -1.127974e+00 -1.533324e-01 7.175308e-02 3.535752e-01 7.683662e-02 5.439560e-01 5.672560e-01 1.693831e-01 -3.703822e-01 -1.773673e-01 -4.191305e-01 7.425708e-03 
1.128366e+01 1.630859e+01 -2.121881e+00 -2.431347e+00 4.248396e+00 -1.028939e+00 -6.563808e+00 -6.731367e+00 -8.760074e+00 -2.344484e+00 -1.513666e+00 -1.663998e+00 5.887538e-01 1.218588e-01 -3.987996e-01 2.193474e+00 2.038178e+00 3.658618e-01 1.118141e+00 1.872443e+00 2.241017e+00 -7.486096e-01 -1.762215e+00 -2.683078e+00 4.982630e-01 8.441975e-03 8.513277e-02 -1.118806e+00 -3.869915e-01 -3.843317e-01 -4.289295e-01 -2.418609e-01 5.082055e-01 -3.481676e-01 4.111343e-04 -1.345680e-01 6.159211e-01 -4.647765e-01 2.047759e-03 
1.129866e+01 1.446157e+01 -2.689612e-01 -7.356976e-03 3.291926e+00 1.245605e+00 -2.529016e+00 -3.482010e+00 -1.465254e+01 -9.120667e+00 -1.240055e+01 -4.342272e+00 6.103798e-01 8.463620e-04 -1.750203e+00 1.819467e+00 1.527226e+00 -1.748907e+00 7.088864e-01 2.613187e+00 4.579197e-01 -5.249915e-01 -1.964510e+00 -1.376463e+00 -1.603155e-02 8.591639e-03 -2.280417e-01 -4.274545e-01 -3.636481e-01 -3.209048e-01 -6.879388e-01 -5.158938e-01 1.120168e-03 -8.821006e-01 1.791412e-01 5.079755e-01 1.821059e+00 -3.467055e-01 -7.725581e-03 
1.213854e+01 1.135434e+01 -2.622298e-01 -2.487744e+00 4.098442e-01 1.374278e+00 -3.942612e+00 -9.397111e+00 -1.105029e+01 -6.957578e+00 -1.155942e+01 -4.426845e+00 6.211138e-01 -3.243489e-01 -1.835923e+00 1.386574e+00 1.173530e+00 -2.946495e+00 -4.850319e-01 3.243869e+00 -3.331246e-01 -1.026258e+00 -1.441389e+00 1.676666e+00 -2.013800e-01 -7.122987e-03 -5.639148e-01 3.105954e-01 -1.685450e-01 2.349743e-01 -1.483056e-01 -4.970770e-01 -5.166736e-01 -2.735563e-01 5.054417e-03 6.327924e-01 1.671557e+00 -1.426539e-01 -1.837493e-02 
1.085089e+01 9.834397e+00 2.136379e+00 1.080296e+00 -5.317957e+00 9.730943e-02 3.462524e+00 -1.023547e+01 -1.093325e+01 -9.299803e+00 -3.076930e+00 -2.565386e+00 6.051797e-01 -1.252966e+00 -1.764317e-01 1.472726e+00 1.843828e+00 -1.975729e+00 -1.024028e+00 1.469592e+00 -4.701327e-01 -3.620679e-01 6.175877e-01 4.689430e+00 -5.067938e-01 -3.217045e-02 -7.214846e-01 5.137465e-01 -1.708681e-01 3.886521e-01 9.854354e-01 9.480433e-02 -1.199456e+00 2.703155e-01 8.801681e-02 6.257117e-01 2.893917e-01 5.890784e-02 -2.592188e-02 
9.885840e+00 9.442811e+00 3.608752e+00 2.892515e+00 -6.179661e+00 -2.879874e+00 6.659767e+00 -5.020219e+00 -1.575139e+01 -9.461971e+00 2.208188e+00 -3.559113e+00 5.557438e-01 -2.070928e+00 3.672516e-01 1.524151e+00 3.054727e+00 -2.622362e-01 -5.008103e-01 -1.391114e-01 1.337332e+00 -8.049009e-01 1.108421e-01 2.641802e+00 3.027393e-02 -6.305094e-02 -7.220605e-01 6.525406e-02 -2.903579e-01 1.786166e-01 1.328201e+00 7.965637e-01 -1.165854e+00 3.777180e-01 4.127564e-01 2.982869e-01 -9.624888e-01 1.481527e-01 -2.907652e-02 
6.160305e+00 1.453570e+01 5.159208e+00 6.521786e+00 -3.292069e+00 -1.747482e+00 -4.822220e-01 -8.020904e+00 -1.411236e+01 -4.780517e+00 4.163248e+00 -7.310077e+00 4.822223e-01 -2.733214e+00 -2.830519e-01 8.963935e-01 2.529799e+00 1.835940e+00 1.190738e+00 -1.692592e+00 9.742839e-01 -1.956932e-01 3.879588e-01 -4.119500e-01 1.626115e-01 -9.305263e-02 -4.942264e-01 -7.783473e-01 -5.065188e-01 -4.002768e-01 6.978014e-01 8.475798e-01 -1.400017e-01 4.454351e-01 4.489957e-01 -2.045944e-01 -1.199567e+00 3.732844e-01 -2.919435e-02 
4.128732e+00 1.083996e+01 5.847154e+00 1.006512e+01 -1.914114e+00 -2.073848e-01 -2.665524e+00 -3.817759e+00 -1.348531e+01 -8.663100e+00 -1.970433e+00 -1.903045e+00 3.673460e-01 -3.194600e+00 -1.456138e+00 2.229844e-01 1.723665e+00 1.788749e+00 2.390379e+00 -1.004276e+00 8.331987e-01 9.542922e-01 1.648798e-01 -5.848697e-01 2.048684e-01 -1.220643e-01 -2.382392e-01 -9.368265e-01 -7.781719e-01 -9.103628e-01 -5.228155e-02 4.245066e-01 6.673872e-01 2.544894e-02 6.986447e-01 2.660572e-01 -1.851017e-01 3.091034e-01 -2.061565e-02 
6.321882e-02 7.720848e+00 5.499367e+00 1.014300e+01 1.728847e+00 4.715071e+00 -3.379020e-01 -5.965502e+00 -1.304528e+01 -7.759443e+00 -3.047575e+00 -2.580488e+00 2.341113e-01 -3.162193e+00 -3.156504e+00 -4.093025e-01 5.080648e-01 4.877975e-01 1.768321e+00 1.202150e+00 2.009004e+00 1.003443e+00 -4.323067e-01 3.048943e-01 1.272298e+00 -1.486352e-01 3.387434e-02 -4.518671e-01 -7.173965e-01 -9.162931e-01 -5.668682e-01 -1.921695e-01 7.292539e-01 9.841546e-02 8.888379e-01 6.073993e-01 3.709159e-01 4.515189e-01 -2.847620e-03 
-3.038433e+00 5.569384e+00 4.553834e+00 9.700419e+00 2.533710e-01 5.840958e+00 1.566217e+00 -1.881834e+00 -1.151324e+01 -7.147690e+00 2.888838e+00 -4.899760e+00 6.946523e-02 -3.047642e+00 -2.880165e+00 -1.713755e+00 -4.862801e-01 1.504574e-01 1.332906e+00 1.750528e+00 9.470719e-01 2.088806e+00 1.851387e+00 1.357861e+00 1.021161e+00 -1.383392e-01 3.017530e-01 2.746856e-01 -4.363387e-01 -5.839204e-01 -1.535632e-01 -2.751470e-01 3.511387e-01 1.242075e-01 8.632998e-01 7.617602e-01 3.737258e-02 3.107079e-01 1.974509e-02 
-6.067035e+00 1.388687e+00 3.759085e+00 9.244411e+00 -1.937254e+00 4.069900e+00 3.412362e+00 1.056074e+00 -1.008135e+01 -7.699565e+00 3.257932e+00 5.491261e-01 -1.120108e-01 -2.637430e+00 -1.830367e+00 -1.722193e+00 -9.468161e-01 -1.792713e-01 7.586739e-01 5.762857e-01 1.409297e+00 3.681268e+00 2.581715e+00 4.710865e-01 2.012174e+00 -9.915812e-02 5.127833e-01 8.738067e-01 -1.189730e-01 -1.933833e-01 4.426622e-01 -1.155435e-01 -1.002566e-01 2.285924e-02 5.006523e-01 5.972909e-01 -2.809901e-01 -2.438498e-01 3.718219e-02 
-8.044116e+00 -3.949570e-01 -1.851729e+00 8.083173e+00 6.715511e-01 6.779618e+00 4.211672e+00 -2.593023e+00 -4.523129e+00 5.640852e-01 1.666095e+00 1.637350e+00 -1.512926e-01 -1.948274e+00 -7.457780e-01 -1.302356e+00 -4.686476e-01 1.354439e+00 1.519384e+00 1.064236e+00 1.754140e+00 3.931901e+00 2.466712e+00 -4.810930e-01 1.388315e+00 -4.807695e-02 6.733682e-01 8.158648e-01 3.086651e-01 -8.216032e-02 3.234171e-01 -2.306862e-01 -1.381219e-01 2.207612e-01 -2.346913e-01 -3.486515e-01 -3.456522e-01 -3.107419e-01 3.679798e-02 
-1.062099e+01 1.551093e+00 9.094229e-02 6.217243e+00 6.236174e-01 8.039238e+00 1.220836e+00 1.436779e+00 1.865670e+00 1.293099e+00 -8.073825e-02 4.211634e+00 -1.512926e-01 -1.147951e+00 1.452806e-01 -1.209808e+00 -4.677333e-01 2.098992e+00 1.097294e+00 1.043901e+00 1.719722e+00 2.585074e+00 2.246404e+00 -1.806014e-01 -1.305301e-01 -7.855953e-03 7.343837e-01 4.510943e-01 3.744239e-01 -5.702519e-02 2.818879e-02 -3.982037e-01 -3.298540e-02 -3.761994e-01 -9.972779e-01 -8.850811e-01 7.827837e-03 -4.889551e-01 2.463945e-02 
-1.050293e+01 1.758770e+00 -1.235638e-01 8.871118e+00 5.745360e+00 1.145340e+01 7.983316e+00 6.698607e+00 2.172561e+00 6.893298e-01 2.152609e+00 2.108361e-01 -1.512926e-01 -4.255687e-01 2.111576e-01 -4.266218e-01 -1.136595e+00 6.286096e-01 1.006320e-02 8.260915e-01 1.895794e+00 1.463413e+00 2.757265e-01 -4.455798e-02 5.386221e-01 -5.583885e-07 5.929402e-01 1.576876e-01 3.873883e-01 -1.468440e-01 -5.339352e-01 -7.133688e-01 -5.608832e-01 -9.067377e-01 -1.062973e+00 -7.655870e-01 7.729401e-02 -1.564307e-01 1.040105e-02 
-1.057756e+01 1.038409e+00 -3.154022e+00 6.512655e+00 6.021392e+00 7.219852e+00 6.746112e+00 5.008925e+00 -5.037846e-01 3.469661e+00 2.111903e+00 6.099666e-01 -1.512926e-01 2.732269e-01 -5.340851e-02 -2.878900e-01 -8.978368e-01 3.246077e-01 -4.776742e-01 5.305071e-01 -5.424768e-01 -7.097157e-02 -7.480937e-01 2.918132e-01 -7.807898e-03 -5.583885e-07 3.535535e-01 3.790387e-02 4.232090e-01 -3.043694e-02 -6.364583e-01 -3.806435e-01 -6.065363e-01 -7.205594e-01 -5.933123e-01 -4.182384e-01 4.049520e-02 -9.855709e-02 1.571335e-03 
-1.019336e+01 9.173113e-01 -2.362414e+00 2.252814e+00 1.115626e+00 7.239370e+00 5.579628e+00 5.099647e+00 3.978913e+00 8.544930e-01 3.466741e-01 6.131775e+00 -1.512926e-01 3.057362e-01 1.421058e-01 1.736910e-01 -9.878281e-01 -4.280139e-01 -1.259885e+00 -1.483456e+00 -1.648403e+00 -5.490533e-02 1.360345e-01 -3.308472e-01 5.448215e-01 -5.583885e-07 6.416187e-02 3.937268e-02 2.471779e-01 3.918332e-01 -2.449868e-01 -9.003546e-02 -5.601447e-01 -2.873097e-01 -2.998786e-01 2.125363e-01 1.011700e-01 -3.993782e-01 -3.496934e-07 
-9.409554e+00 1.704446e+00 -2.290217e-01 5.037206e+00 4.561894e+00 7.757676e+00 5.075125e+00 -4.764656e-01 6.079405e-01 -2.530106e+00 2.281380e+00 1.212330e+00 -1.512926e-01 2.542546e-01 3.693681e-01 6.059625e-01 -6.943442e-01 -5.548209e-01 -1.710193e-01 -8.340768e-01 -1.110671e-01 3.775739e-01 2.250897e-01 1.651134e-01 -6.264796e-01 -5.583885e-07 -1.312503e-01 8.439919e-02 9.310374e-02 5.405625e-01 -1.092388e-01 -7.043742e-02 -4.940484e-01 4.152686e-01 1.879925e-01 4.122142e-01 -3.694566e-02 -6.873503e-02 -3.496934e-07 
-9.558417e+00 2.136210e+00 -7.177185e-01 4.669284e+00 4.335448e+00 4.884948e+00 1.401750e+00 1.199851e+00 1.342387e+00 4.369326e+00 4.136041e-01 2.633666e+00 -1.512926e-01 -9.524572e-02 1.967387e-01 3.622491e-01 7.208309e-01 -1.565891e-01 -5.934362e-01 -1.292343e+00 2.435422e-01 -2.603151e-01 8.517514e-01 5.247813e-01 -1.148745e+00 -5.583885e-07 -1.243729e-01 -1.608743e-02 1.883942e-02 4.549853e-01 7.377495e-03 4.494310e-02 -1.452719e-01 3.936062e-01 2.316321e-01 2.914992e-01 1.283128e-01 1.177774e-01 -3.496934e-07 
-9.623964e+00 2.275415e+00 -9.461361e-01 1.832254e+00 1.637388e+00 7.542257e+00 4.664779e+00 6.403764e+00 2.702279e+00 2.837450e+00 2.903712e+00 -7.733981e-01 -1.512926e-01 -1.825183e-01 3.413241e-01 8.327553e-02 9.507070e-01 -3.572273e-01 -1.163090e+00 -2.035304e+00 5.879115e-01 9.716675e-01 9.550403e-01 -3.206315e-01 4.952266e-01 -5.583885e-07 -2.344838e-02 -8.410836e-02 -5.373878e-02 1.867070e-01 1.151581e-01 -2.549036e-01 -2.424863e-01 -1.818670e-01 9.918971e-02 2.660572e-01 2.077233e-01 5.808770e-01 -3.496934e-07 
-1.056255e+01 1.615603e+00 -1.926724e-01 7.459585e+00 1.795514e+00 4.380016e+00 -6.771156e-01 2.877383e+00 1.629972e+00 2.429781e+00 2.659085e+00 1.380612e+00 -1.512926e-01 -9.770699e-02 7.556747e-02 5.292248e-01 4.647018e-01 -4.896668e-01 -5.390705e-01 -1.609227e+00 -2.981034e-02 8.062448e-01 1.228378e+00 5.534351e-01 5.727819e-01 -5.583885e-07 6.971798e-02 -5.528937e-02 -1.107672e-01 -4.071497e-01 1.883262e-01 -3.090167e-02 1.588920e-01 -7.747409e-02 2.385245e-01 -5.990249e-02 2.191088e-01 4.875378e-01 -3.496934e-07 
-9.820606e+00 3.670868e+00 -7.554671e-02 8.395772e+00 4.045092e+00 2.194386e+00 -4.061851e+00 1.624297e+00 5.322717e+00 3.215180e+00 -4.443519e-01 4.315192e+00 -1.512926e-01 1.381647e-01 9.293660e-03 2.538038e-01 3.673963e-01 1.876013e-01 -1.472688e+00 -1.888138e+00 -8.837172e-01 3.402050e-01 1.367188e+00 1.189301e+00 1.417035e+00 -5.583885e-07 -3.005472e-02 -6.931900e-02 -1.346727e-01 -4.793347e-01 3.725609e-01 4.004931e-01 6.174374e-01 -5.133213e-02 -4.239412e-02 -1.328589e-01 3.222512e-01 2.930709e-02 -3.496934e-07 
-9.948543e+00 1.815924e+00 1.492860e+00 3.711075e+00 6.825703e-01 4.863262e+00 -2.281082e+00 3.440340e+00 4.063378e+00 1.032219e+01 4.854857e+00 2.953402e+00 -1.512926e-01 9.293888e-02 8.628239e-02 -2.768767e-01 -1.023224e+00 5.127631e-01 -5.931092e-01 -5.714529e-01 5.919886e-01 1.248007e+00 3.461393e-01 8.652637e-01 8.279681e-01 -5.583885e-07 -1.128881e-01 1.095209e-01 -1.656224e-01 -1.417777e-01 3.808125e-01 5.146508e-01 5.399949e-01 6.950882e-02 -1.030833e-01 -4.455360e-01 -3.321049e-01 -9.201553e-03 -3.496934e-07 
-9.239762e+00 2.221657e+00 -5.198165e-01 5.543704e+00 3.132147e+00 -6.280864e-02 -3.973861e+00 1.703678e+00 3.186950e+00 5.727058e+00 7.752024e+00 5.525528e+00 -1.512926e-01 -4.282351e-01 -1.068108e-02 -1.869940e-01 -7.020502e-01 1.004159e+00 8.663424e-01 5.330129e-01 2.025215e-02 5.387123e-01 7.319614e-01 1.134610e+00 5.142042e-01 -5.583885e-07 -1.178005e-01 1.698432e-01 8.677141e-02 4.504700e-02 5.133679e-02 6.294540e-01 2.869557e-01 2.217061e-01 -1.702658e-01 -4.362090e-01 -7.129198e-01 -2.368784e-01 -3.496934e-07 
-1.038803e+01 2.771689e+00 -1.354505e+00 3.769083e+00 4.815887e+00 2.542815e+00 -3.578728e+00 5.797471e+00 8.937835e+00 2.904314e+00 2.887273e+00 4.915398e+00 -1.512926e-01 -3.789071e-01 6.331406e-01 -7.854871e-02 2.903355e-01 1.005986e+00 8.646256e-01 -1.198362e-01 -1.342020e-01 1.915626e-01 -6.817117e-01 -1.079834e+00 9.782712e-01 -5.583885e-07 3.211265e-02 3.668831e-02 2.054744e-01 3.494962e-01 -2.491491e-01 2.171478e-01 -1.612841e-01 -3.638887e-02 -4.933366e-01 -2.510834e-01 -4.362561e-01 -1.381170e-01 -3.496934e-07 
-1.174162e+01 3.140075e+00 4.135989e-01 4.856199e+00 6.999350e+00 7.686472e+00 -7.482477e-01 5.473877e-01 5.579331e+00 1.058415e+01 6.212635e+00 5.905241e+00 -1.512926e-01 -2.148224e-01 5.851218e-01 5.885544e-01 -6.427454e-02 1.976485e-01 9.457244e-01 -6.792009e-01 5.879115e-01 1.709520e-02 -3.000464e-01 -1.402625e+00 1.575508e-01 -5.583885e-07 1.823985e-01 -1.624616e-01 -4.391598e-03 2.235457e-01 -3.719723e-01 -2.097635e-01 -1.083466e-01 1.192380e-01 -4.128410e-01 -3.408871e-01 -1.743407e-01 -9.031314e-02 -3.496934e-07 
-1.059256e+01 4.522512e+00 6.334900e-01 5.506643e+00 3.778977e+00 5.311809e+00 -4.493166e+00 3.347189e+00 3.825267e+00 4.485090e+00 2.253391e-01 7.654943e+00 -1.512926e-01 1.468817e-01 -2.814244e-02 3.627821e-01 4.052736e-01 -3.296738e-01 4.528365e-01 -7.718180e-01 1.261609e-01 -9.578277e-01 -3.932584e-01 -4.742337e-02 3.158244e-01 -5.583885e-07 1.107451e-01 -3.903798e-01 -2.509776e-01 4.481136e-02 -8.295083e-02 -4.537094e-02 4.775575e-01 -1.372471e-01 -3.396367e-01 6.930941e-02 5.384322e-01 -1.708161e-01 -3.496934e-07 
-1.021192e+01 4.271829e+00 1.429137e+00 4.352924e+00 4.639029e+00 3.281599e+00 -6.912479e+00 5.868347e+00 5.828302e+00 3.436229e+00 2.069631e+00 4.943445e+00 -1.512926e-01 2.208224e-01 -4.921914e-01 -4.296416e-01 3.582535e-01 -1.879483e-01 2.355242e-02 3.172277e-01 4.863643e-01 -9.508061e-01 -1.116533e+00 -2.533573e-01 3.937593e-01 -5.583885e-07 7.720004e-03 -2.960723e-01 -4.171918e-01 6.817918e-02 2.271010e-01 1.421861e-01 7.845076e-01 -4.543103e-01 -2.477143e-01 1.234163e-01 5.178230e-01 -3.669982e-02 -3.496934e-07 
-1.041882e+01 2.064909e+00 -4.817251e-02 6.047515e+00 4.347569e+00 7.009856e+00 -4.355425e+00 3.767585e+00 4.023962e+00 4.511536e+00 4.721780e+00 6.974911e+00 -1.512926e-01 -4.314884e-02 -7.799070e-01 -8.242547e-01 3.031355e-01 7.838835e-01 1.098929e+00 1.769803e+00 -7.696543e-01 -1.022688e+00 7.305343e-02 1.037685e+00 6.109051e-03 -5.583885e-07 -6.142637e-02 -9.553771e-03 -2.147447e-01 -9.296057e-02 3.007802e-01 1.591348e-01 5.096490e-01 -3.405735e-01 6.806520e-02 1.629709e-01 1.623733e-01 -1.699309e-01 -3.496934e-07 
-1.072445e+01 1.907596e+00 -1.393547e+00 6.377303e+00 5.775112e+00 6.954916e+00 7.693735e-01 2.768842e+00 7.257898e-01 4.988065e+00 2.697442e+00 8.214157e+00 -1.512926e-01 -8.119597e-02 -5.194417e-01 -9.039234e-01 3.276904e-01 7.765765e-01 1.333642e+00 1.972577e+00 -1.235766e+00 -1.189062e+00 8.388617e-02 6.438816e-01 1.287047e-01 -5.583885e-07 -4.265758e-02 1.577382e-01 2.618342e-02 -1.151895e-01 1.668577e-01 6.345426e-02 4.418852e-02 -2.350258e-01 1.429019e-01 1.623849e-01 4.169620e-02 -1.998083e-01 -3.496934e-07 
-1.055189e+01 1.805172e+00 -2.076556e+00 6.010455e+00 7.130479e+00 8.969584e+00 5.152717e-01 1.048784e+00 1.263150e+00 4.074428e+00 5.100267e+00 6.049791e+00 -1.512926e-01 -9.306377e-03 -6.227147e-02 -4.738724e-01 -4.416038e-02 6.920892e-01 5.934514e-01 9.487778e-01 -7.157044e-01 -4.984524e-01 -1.787449e-01 3.159820e-01 -4.015310e-01 -5.583885e-07 1.395368e-02 1.892416e-01 1.130749e-01 -1.066278e-01 -2.679684e-02 -1.751188e-01 -2.665884e-01 6.278960e-02 1.739175e-01 -7.665218e-02 -1.771751e-01 -1.345206e-01 -3.496934e-07 
