-9.235371e+00 -1.514075e+01 -1.017079e+01 1.032749e+01 7.195408e+00 3.434660e+00 7.000485e+00 5.568367e+00 7.921838e-01 1.558518e+00 -7.574624e-01 1.099648e+00 -1.512926e-01 -7.054072e-01 3.495381e+00 1.917822e+00 -1.845629e+00 -1.152948e+00 -1.725479e-01 -2.417588e+00 5.886199e-01 1.329808e+00 7.203001e-01 2.296001e+00 1.189255e-01 -6.930091e-07 1.683907e-01 -1.051242e-01 -1.450403e-01 -2.043671e-01 -3.485778e-02 2.867406e-01 1.372569e-01 -3.451606e-01 -5.788994e-01 6.364489e-02 7.458765e-03 2.984218e-01 3.755572e-07 
-1.100813e+01 -5.899024e+00 -5.144117e+00 8.145315e+00 7.388576e+00 4.005134e+00 -3.227607e-01 6.900435e+00 4.534448e+00 3.805328e+00 5.008437e+00 -1.546670e+00 -1.512926e-01 -5.649490e-01 3.797250e+00 1.787599e+00 -2.403719e+00 -1.397426e+00 5.759337e-01 -2.277687e+00 -4.212833e-01 5.806710e-01 1.053621e+00 3.056045e+00 8.907216e-01 -6.930091e-07 2.437633e-01 -6.097781e-01 -3.912484e-01 -4.064011e-02 -1.162397e-01 3.228891e-01 6.478016e-01 -4.270996e-01 -9.454957e-01 -1.838111e-01 -4.871753e-01 2.790869e-01 3.755572e-07 
-1.187601e+01 -2.284736e+00 -3.094462e+00 2.190987e+00 1.334224e+00 2.286200e+00 -1.425644e+00 7.845050e+00 5.570091e+00 4.036948e+00 7.839692e+00 3.017715e+00 -1.512926e-01 6.633187e-02 2.818692e+00 1.257642e+00 -2.588221e+00 -1.204964e+00 8.868170e-01 -1.801220e+00 -6.322663e-01 -1.190134e+00 8.718205e-01 1.953163e+00 1.225024e+00 -6.930091e-07 1.696723e-01 -9.847122e-01 -5.378240e-01 4.445534e-01 7.640838e-02 2.514249e-01 1.149966e+00 -1.626049e-01 -8.360316e-01 -4.616662e-01 -8.339399e-01 -1.013040e-02 3.755572e-07 
-1.073940e+01 -2.582414e+00 -4.770779e+00 2.377576e+00 3.138397e+00 6.888134e+00 -1.747914e-01 2.323723e+00 1.306662e+00 5.587544e+00 1.022436e+01 4.594285e+00 -1.512926e-01 1.275427e-01 7.846680e-01 2.915608e-01 -1.677532e+00 -1.708282e+00 9.121600e-01 5.132416e-01 -9.366169e-01 -2.137712e+00 -2.745957e-01 3.163204e-02 9.613388e-01 -6.930091e-07 -3.636646e-02 -1.080388e+00 -4.986722e-01 7.304936e-01 7.887588e-02 -1.523797e-01 1.040013e+00 4.237611e-01 1.788966e-01 -5.529066e-01 -1.141550e+00 -4.218019e-01 3.755572e-07 
-9.038446e+00 -2.705174e+00 -4.069131e+00 2.706499e-01 3.295881e+00 6.426901e+00 -2.079323e+00 4.695137e+00 -3.544811e+00 5.026968e+00 6.400371e+00 4.154416e+00 -1.512926e-01 -2.033650e-01 7.812054e-02 -2.326244e-02 1.402401e-02 -6.154794e-01 9.164798e-01 1.936784e+00 3.301289e-02 -1.491262e+00 -9.239863e-01 -3.613234e-01 3.285332e-02 -6.930091e-07 -1.869896e-01 -6.856005e-01 -3.307190e-01 6.210540e-01 7.074226e-02 -3.397345e-01 5.405303e-01 5.806669e-01 9.818856e-01 -3.437295e-01 -9.037094e-01 -6.277719e-01 3.755572e-07 
-1.178922e+01 -1.765248e+00 -3.198769e+00 7.178516e-01 -2.133767e+00 6.495681e+00 2.570234e+00 3.792724e+00 -1.596292e+00 1.937493e+00 5.885815e+00 2.691180e+00 -1.512926e-01 -6.119578e-01 -2.343800e-01 -6.522958e-02 -5.229769e-02 -1.297803e+00 -2.007708e-01 1.053433e+00 1.364965e+00 1.625736e+00 -8.130000e-01 -1.494316e+00 -6.221985e-01 -6.930091e-07 -1.781320e-02 -1.502516e-01 -1.125599e-01 2.889429e-01 4.387659e-01 -4.121293e-01 -3.493753e-01 6.235234e-01 1.047526e+00 1.228500e-01 -5.425327e-01 -4.458809e-01 3.755572e-07 
-1.236810e+01 -2.302649e+00 -3.996743e+00 3.091508e+00 8.926960e-01 7.064999e+00 6.885359e+00 7.276216e+00 -4.350152e-01 1.241730e+00 8.202035e+00 4.133470e+00 -1.512926e-01 -4.990515e-01 -9.967562e-02 -2.174825e-01 -2.955360e-01 -1.056377e+00 -2.553445e-01 6.314124e-01 1.120397e+00 1.837753e+00 -5.776366e-01 -1.802294e+00 -1.121988e+00 -6.930091e-07 1.625318e-01 1.105001e-01 -2.325104e-02 -6.419126e-02 3.057035e-01 -3.201908e-01 -7.796342e-01 1.840847e-01 3.300119e-01 4.349364e-01 -1.352874e-01 -1.299887e-01 3.755572e-07 
-1.213417e+01 -3.955422e+00 -5.133287e+00 7.056162e-01 -2.148992e+00 5.565700e+00 6.099052e-01 7.858070e+00 7.880225e+00 3.415087e+00 1.851696e+00 1.493884e+00 -1.512926e-01 1.861971e-01 1.223434e-01 -1.739816e-01 -7.805026e-02 7.059708e-01 -5.626281e-01 -5.809363e-01 1.637264e+00 1.435527e+00 1.664543e-01 -1.960527e+00 -6.906759e-01 -6.930091e-07 2.292991e-01 2.356623e-01 3.791141e-02 4.285336e-02 4.026215e-01 5.177573e-02 -3.314409e-01 -3.249477e-01 -7.905080e-01 3.818887e-01 5.630318e-01 1.762810e-01 3.755572e-07 
-1.136101e+01 -2.108763e+00 -4.189397e+00 -1.200650e+00 -1.978661e+00 5.615407e+00 2.057815e+00 8.264829e+00 9.053976e-01 1.399899e+00 -5.937618e-01 -8.569439e-01 -1.512926e-01 2.101986e-01 4.522616e-01 -8.502804e-02 -2.941249e-01 -8.886690e-02 -5.035905e-01 -1.144323e+00 8.174403e-01 2.538353e-01 7.608342e-01 -8.046991e-01 -5.828479e-01 -6.930091e-07 1.339085e-01 9.986561e-02 9.996754e-04 2.417741e-01 3.390605e-01 1.531677e-01 3.406402e-02 -5.538140e-01 -7.968360e-01 3.501116e-01 7.822120e-01 4.837143e-01 3.755572e-07 
-1.136189e+01 -1.250502e+00 -3.972804e+00 2.473623e+00 2.831992e+00 4.407413e+00 2.079710e+00 1.148433e+01 4.910872e+00 2.690485e+00 4.808227e-01 1.733268e+00 -1.512926e-01 1.799482e-01 6.679469e-01 5.802274e-02 1.611312e-01 2.314881e-01 1.821097e-01 2.841027e-01 -1.084321e-01 -1.534879e+00 4.271514e-01 8.218877e-01 -1.030164e-02 -6.930091e-07 -6.644630e-03 -1.209723e-01 -4.779394e-02 9.674158e-02 6.151196e-02 3.059904e-01 3.947641e-01 -7.432140e-01 -5.977416e-01 2.716164e-01 4.384048e-01 4.884585e-01 3.755572e-07 
-1.170331e+01 -1.393809e+00 -5.001622e+00 7.368163e-01 -2.041940e+00 5.126429e+00 4.287399e-01 9.549756e+00 2.318898e+00 5.408647e+00 4.863883e+00 1.099648e+00 -1.512926e-01 1.736993e-01 1.268675e-01 -3.286048e-01 7.938331e-01 8.761559e-01 1.380475e-01 3.691905e-01 -7.758016e-01 -6.612468e-01 1.042402e+00 7.175105e-01 9.562268e-01 -6.930091e-07 -4.442248e-02 -3.214390e-01 -1.587239e-01 -9.718948e-02 2.172846e-01 2.648948e-01 2.833583e-01 -4.727705e-01 1.181978e-02 5.240667e-02 -6.431004e-02 4.883689e-01 3.755572e-07 
-1.106320e+01 -9.733715e-01 -4.436769e+00 5.422744e-01 -9.595315e-01 6.720519e+00 2.844984e+00 6.673261e+00 -5.009372e-01 3.546670e+00 3.232620e+00 4.641579e-01 -1.512926e-01 1.711430e-01 -3.197719e-01 -2.912387e-01 -1.381984e-01 5.309234e-01 6.464908e-01 6.361734e-01 -1.282217e+00 -1.095824e+00 1.383805e+00 -5.296606e-01 9.821435e-01 -6.930091e-07 -1.108236e-01 -2.929192e-01 -9.400665e-02 -2.855321e-01 -9.659107e-02 -1.327871e-01 -1.882448e-01 -3.876889e-02 5.493180e-01 -2.334142e-01 -3.453039e-01 2.056861e-01 3.755572e-07 
-1.064116e+01 -1.612984e+00 -5.600103e+00 3.734475e+00 4.297883e+00 5.148393e+00 3.521264e+00 6.790889e+00 3.049347e-01 6.184170e+00 1.617633e+00 4.559125e+00 -1.512926e-01 -7.376742e-03 -6.611134e-01 -7.040782e-01 -6.304958e-01 8.477729e-01 5.887492e-01 9.647007e-02 -9.597498e-01 9.337821e-02 5.446522e-01 -4.504431e-01 1.362692e+00 -6.930091e-07 -1.330997e-01 -6.710939e-02 1.634016e-01 -2.291158e-01 -4.337252e-01 -3.015778e-01 -2.551218e-01 9.939522e-02 5.580544e-01 -6.351910e-01 -2.445026e-01 -1.452059e-01 3.755572e-07 
-1.103721e+01 -2.739420e+00 -5.129298e+00 2.834970e-01 2.316242e+00 7.628536e+00 3.714436e+00 6.452821e+00 4.386894e-01 9.221374e+00 -5.439815e-01 4.914461e+00 -1.512926e-01 -2.834645e-01 -4.026756e-01 -2.243143e-01 -5.544729e-01 -2.372276e-01 -7.071982e-01 -5.207523e-01 -2.103004e-01 8.344271e-01 -4.908984e-01 -3.207041e-01 8.148735e-01 -6.930091e-07 -1.185745e-01 1.170948e-01 3.011145e-01 3.316543e-01 -3.042270e-01 -4.473961e-01 -1.501970e-01 7.476874e-02 4.671019e-01 -5.583751e-01 2.661264e-01 -1.584539e-01 3.755572e-07 
-1.175310e+01 -3.816330e+00 -8.175282e+00 -2.285925e+00 5.586955e-01 7.616399e+00 4.767681e-01 4.861252e+00 2.316031e+00 5.294639e+00 4.499625e+00 5.687971e+00 -1.512926e-01 -2.644337e-01 -1.671974e-01 4.549677e-01 -1.436664e-01 -9.083560e-01 -6.932307e-01 -3.278703e-01 -8.148209e-01 1.164007e+00 -1.196023e+00 -6.093834e-01 3.140144e-01 -6.930091e-07 -4.509381e-02 2.407033e-01 3.987504e-01 5.957065e-01 -5.427795e-02 -2.342770e-01 -6.722923e-02 -2.012397e-01 -5.958221e-02 -1.713672e-01 5.061333e-01 -3.687653e-01 3.755572e-07 
-1.192447e+01 -1.884846e+00 -4.270905e+00 7.802518e-01 -2.763056e-01 1.950967e+00 1.763642e+00 6.587060e+00 2.665704e+00 1.536888e+00 1.878847e-01 3.974130e+00 -1.512926e-01 -2.931219e-01 1.885515e-02 6.348269e-01 1.276606e+00 -1.122744e-01 -9.495404e-01 9.732460e-02 -9.807923e-01 7.044439e-01 -5.378263e-01 8.804924e-01 7.142975e-01 -6.930091e-07 1.384858e-01 3.706993e-01 2.729681e-01 3.663157e-01 4.019361e-01 3.793649e-01 -2.208585e-02 -3.655014e-01 -5.130225e-01 -2.273430e-01 4.646881e-01 -7.410957e-01 1.753406e-04 
-1.152005e+01 -2.876405e+00 -3.755071e+00 2.768495e+00 1.052559e+00 4.521276e+00 2.857344e+00 2.649669e+00 5.011188e+00 4.045960e+00 -1.795190e+00 6.599127e+00 -1.512926e-01 -2.280765e-01 3.314688e-01 8.601388e-01 1.432356e+00 5.138483e-01 -4.614002e-01 -5.488300e-01 -1.580714e+00 -1.394362e-01 -2.887103e-01 1.479575e+00 -4.306761e-01 -6.930091e-07 7.827232e-01 8.366825e-01 1.919376e-01 -1.093642e-01 3.911979e-01 3.095171e-01 4.965189e-02 -2.043100e-01 -6.262174e-01 -7.510178e-01 1.085795e-03 -1.185216e+00 2.406037e-02 
-1.261965e+01 -3.115601e+00 -4.165458e+00 4.139465e+00 1.507885e+00 4.428221e+00 3.010611e+00 2.655056e+00 2.613636e+00 7.156616e+00 7.005872e+00 8.030196e+00 -1.512926e-01 3.908486e-01 1.201448e+00 9.379384e-01 4.890355e-01 1.061381e+00 1.073577e+00 -5.207523e-01 -1.654990e+00 -1.078926e+00 -2.081260e+00 9.582954e-01 -2.518163e+00 8.737465e-04 1.577767e+00 1.182337e+00 5.423555e-01 -6.379344e-01 -4.107866e-01 -2.047901e-01 -9.035962e-02 -5.918092e-01 -6.949276e-01 -1.023706e+00 -6.902357e-01 -1.059315e+00 5.761452e-02 
-1.254608e+01 -1.543965e+00 -3.927206e+00 3.196732e+00 2.236310e+00 4.071024e+00 -2.890859e+00 -1.076711e+00 1.645347e+00 1.041202e+00 8.488750e+00 1.506227e+00 -1.512926e-01 3.307238e+00 3.424805e+00 1.263079e+00 -2.965944e-01 4.608139e-01 -1.569965e-01 2.295342e-01 -1.499331e+00 -1.075316e+00 -4.179504e+00 -6.428285e-01 -3.995775e+00 1.198715e-01 1.692809e+00 9.030443e-01 8.390616e-01 -8.716496e-01 -1.265731e+00 -7.630338e-01 -1.320949e-01 -8.190123e-01 -7.404039e-01 -4.343241e-01 -8.277752e-01 -1.319132e-01 7.540800e-02 
-9.456966e+00 3.455975e+00 5.055439e-01 3.011366e+00 4.439190e+00 7.544150e+00 2.034154e+00 1.754425e-01 -1.045987e+00 -7.366534e+00 -1.624921e-01 -6.070658e+00 -1.469006e-01 5.827959e+00 4.383909e+00 3.145047e+00 -1.048711e+00 -2.139569e+00 -2.125540e+00 -7.436653e-01 -3.980541e+00 -2.302213e+00 -3.711070e+00 -1.509472e+00 -2.799681e+00 2.281406e-01 5.565444e-01 -1.790770e-02 8.367729e-01 -7.258188e-01 -1.620458e+00 -9.336368e-01 -3.557446e-01 -5.945596e-01 -4.924331e-01 7.452144e-01 -1.391612e-01 7.245944e-01 5.698602e-02 
3.435198e+00 1.096168e+01 2.245428e-01 1.849621e+00 1.891367e+00 2.178116e+00 4.493129e+00 -3.607057e+00 1.464301e+00 -9.589911e+00 -1.425189e+00 -6.329118e+00 4.458568e-01 5.517361e+00 3.255605e+00 3.952043e+00 -2.156953e+00 -4.214243e+00 -2.676894e+00 -1.097933e+00 -4.513015e+00 -3.229860e+00 -1.645518e+00 -1.425405e+00 -9.493678e-01 2.634074e-01 -1.350657e+00 -9.387217e-01 2.253919e-01 -1.443583e-01 -1.144549e+00 -5.363275e-02 -4.884929e-01 5.760614e-01 -4.409289e-02 1.405858e+00 2.998656e-01 7.377529e-01 -1.159336e-02 
8.529242e+00 1.255123e+01 9.483330e+00 -4.304352e-01 -9.017411e+00 -5.253067e+00 -4.399510e+00 -1.598223e+01 -8.807101e+00 -6.083158e+00 4.415860e+00 -2.050873e+00 6.908407e-01 2.068678e+00 1.196585e+00 3.777483e+00 -2.209869e+00 -4.703313e+00 -2.334620e+00 -1.635805e+00 -3.121001e+00 -2.463825e+00 3.779314e-01 6.537524e-01 -4.184310e-01 2.140352e-01 -2.306760e+00 -9.463868e-01 -1.132356e+00 8.204404e-01 -9.360236e-03 9.672425e-01 -6.527376e-02 2.266397e+00 9.735742e-01 1.255024e+00 -1.649194e-02 4.119246e-01 -6.339452e-02 
6.047641e+00 1.018666e+01 1.134375e+01 -5.867209e+00 -1.210668e+01 -2.915108e+00 -5.163724e+00 -1.556290e+01 -1.062330e+01 -7.828423e+00 -9.273856e-01 -5.250767e+00 7.468646e-01 -1.566477e+00 3.249089e-01 2.073700e+00 -4.378807e-01 -3.979942e+00 -3.205739e-01 -1.766916e+00 9.512208e-01 -1.214975e+00 8.053493e-01 -2.251177e-01 -1.497662e+00 6.895895e-02 -1.787574e+00 -2.247620e-01 -1.954738e+00 1.640739e+00 8.143749e-01 1.180557e+00 1.660302e-01 2.479528e+00 1.543940e+00 5.966203e-01 -2.707026e-01 2.903656e-01 -7.546250e-02 
-4.195876e-01 9.826288e+00 1.383286e+01 -4.179955e+00 -1.207813e+01 -1.582270e+00 -1.316875e+00 -9.451187e+00 -7.321469e+00 -6.358038e+00 2.857353e+00 -8.702015e+00 7.727596e-01 -2.163957e+00 1.117301e+00 -1.577720e+00 2.193997e+00 -2.303421e+00 1.532631e+00 -7.356082e-01 4.619454e+00 1.558289e+00 1.338566e+00 -2.192219e+00 -4.659847e-01 8.393927e-03 -4.873205e-01 3.132801e-01 -1.984345e+00 1.592106e+00 1.248381e+00 1.012550e+00 1.918424e-01 1.230294e+00 1.285108e+00 2.708840e-02 -4.823436e-01 5.640524e-01 -5.457490e-02 
7.778987e-02 1.394900e+01 8.418034e+00 1.535172e+00 -1.647818e+01 -1.259753e+00 -5.883088e+00 -2.116505e+00 -5.353365e+00 -5.426148e+00 -1.771736e+00 -1.049216e+01 7.496930e-01 -1.304023e+00 2.171410e+00 -3.144028e+00 3.844984e+00 -1.342356e+00 1.292161e+00 -7.180290e-01 4.014376e+00 2.478715e+00 8.571028e-01 -1.355989e+00 5.261038e-01 -1.108590e-02 2.978973e-01 1.218596e-01 -1.010908e+00 7.887727e-01 1.374087e+00 5.224403e-01 4.597974e-01 -5.965425e-01 6.219006e-01 -1.860932e-01 -8.719147e-04 9.017859e-01 -2.020578e-02 
6.945555e-01 1.625719e+01 3.057923e+00 6.837969e+00 -1.834896e+01 1.582789e+00 -7.718050e+00 3.918419e-01 -3.650382e+00 -5.914074e-01 -6.123205e+00 -1.759871e+00 7.314048e-01 -4.991935e-01 1.839682e+00 -3.535396e+00 3.608977e+00 2.198409e-01 1.921703e+00 -1.201211e+00 1.498745e+00 2.114762e+00 4.874701e-01 -1.192400e+00 1.390035e+00 -1.881460e-02 2.244166e-01 -3.976066e-01 4.147228e-01 -1.489488e-01 1.299239e+00 -1.081493e-01 4.757205e-01 -1.322544e+00 -2.324676e-01 -2.882274e-01 5.425800e-01 3.888302e-01 -6.302970e-03 
-1.029745e+00 1.782830e+01 1.011688e+00 7.849220e+00 -1.568315e+01 1.963683e+00 -5.552894e+00 -4.126969e-01 -6.527910e-02 -6.426083e+00 -3.217280e+00 -6.091230e+00 7.121153e-01 -9.092066e-01 5.730544e-01 -2.001992e+00 2.798653e+00 1.628815e+00 2.097088e+00 7.647207e-01 -4.710329e-01 1.616349e+00 3.003617e-01 -7.292201e-01 2.083249e+00 -1.847155e-02 -6.291471e-02 -6.551473e-01 1.102995e+00 -6.435229e-01 8.939290e-01 -3.279299e-01 4.572273e-01 -5.454985e-01 -7.595766e-01 9.176157e-03 4.045823e-01 -1.132944e-01 -1.383229e-03 
-2.361959e+00 1.708542e+01 -1.408156e-01 1.070801e+01 -1.137682e+01 6.414763e+00 -7.487796e+00 -2.809702e+00 6.082711e-01 -3.420423e+00 -2.382024e+00 -3.952482e+00 6.974638e-01 -1.239404e+00 -7.140014e-02 -7.512881e-02 1.972454e+00 2.707257e+00 5.893251e-01 9.016913e-01 2.495701e-01 8.272058e-01 1.758640e-01 2.074465e-01 6.995558e-01 -1.942670e-02 -1.801542e-01 -4.214306e-01 1.206913e+00 -7.531621e-01 1.543632e-01 -6.575273e-01 2.500595e-01 2.892430e-01 -7.778994e-01 1.835622e-01 4.499428e-01 -5.534312e-01 1.457650e-03 
-2.939956e+00 1.639997e+01 7.949689e-03 1.359310e+01 -1.182026e+01 6.810106e+00 -2.174673e+00 -2.870760e+00 5.987173e-01 -2.509712e+00 -7.288734e+00 1.020352e+00 6.743093e-01 -1.248635e+00 -1.487618e-01 6.409616e-01 1.445585e+00 1.883584e+00 3.187601e-01 5.169039e-01 1.911653e+00 -6.752561e-01 1.058808e+00 -3.303534e-02 3.048603e-01 -1.769128e-02 -9.329970e-03 -1.617838e-01 7.235542e-01 -8.014619e-01 -4.726570e-01 -6.317630e-01 -3.685948e-01 3.087522e-01 -6.091225e-01 2.971069e-01 5.823590e-01 -4.960531e-01 5.106592e-03 
-4.547071e+00 1.661440e+01 3.183889e+00 1.382802e+01 -6.744114e+00 2.105867e+00 -4.898863e+00 2.868762e+00 1.535053e-01 -1.670651e+00 -3.050228e+00 -1.817847e+00 6.531752e-01 -1.230173e+00 9.338930e-02 1.177751e+00 5.197269e-01 8.641694e-01 -4.766636e-01 1.731346e-01 1.753764e+00 -6.290398e-01 1.025874e+00 7.092249e-01 -4.878594e-01 -1.191998e-02 2.781234e-01 -2.168206e-01 2.917161e-01 -1.055535e+00 -1.026749e+00 -1.441998e-01 -3.858588e-01 -4.906807e-01 -2.372371e-01 3.125218e-01 4.726856e-01 3.887811e-02 1.125109e-02 
-6.180179e+00 1.731988e+01 2.554059e+00 1.351724e+01 -8.581593e+00 5.711352e+00 -4.263195e+00 6.306908e+00 -3.214246e+00 -2.006816e+00 -3.048314e+00 -5.633782e+00 6.457967e-01 -9.604759e-01 -3.183016e-01 9.892471e-01 -4.823304e-01 1.870477e-01 -5.286455e-01 -7.140005e-01 3.206409e-01 -7.012527e-01 1.360763e+00 1.931641e+00 1.966757e-01 3.301998e-03 5.916979e-01 -5.139643e-01 2.159448e-01 -1.458233e+00 -1.035339e+00 3.193817e-02 -2.918287e-01 -1.074232e+00 1.406456e-01 4.314914e-02 4.099972e-01 2.533071e-01 1.718839e-02 
-6.892543e+00 1.709227e+01 4.474898e+00 1.334472e+01 -8.675323e+00 4.580231e+00 -5.577968e+00 1.370578e+00 -6.303926e-01 1.457578e+00 -9.561050e-01 -3.064890e+00 6.521211e-01 7.251364e-03 -1.070768e+00 1.209261e+00 -2.341278e+00 -1.578241e+00 2.919772e-01 -4.123477e-01 -1.408332e+00 -3.461096e-01 1.587441e+00 1.588499e+00 9.481426e-01 2.633339e-02 8.261158e-01 -8.023725e-01 1.637424e-01 -1.626085e+00 -9.590751e-01 1.713399e-01 -2.344497e-01 -7.206344e-01 2.456707e-01 -3.955717e-01 -1.986423e-01 -1.733622e-02 2.047589e-02 
-6.569622e+00 1.456964e+01 4.308464e+00 1.142316e+01 -9.919022e+00 2.929499e+00 -5.404925e+00 -5.191007e-01 -2.515378e+00 2.730139e+00 1.322301e+00 2.626845e+00 6.913326e-01 1.091151e+00 -2.136527e+00 1.704919e+00 -4.415066e+00 -2.071834e+00 9.412925e-02 -6.496658e-01 -1.878376e+00 -1.134396e-01 9.939055e-01 1.577182e+00 8.535109e-01 4.912263e-02 8.082339e-01 -7.358381e-01 2.577749e-01 -1.350124e+00 -4.120203e-01 -8.067062e-02 1.473282e-02 -2.540107e-01 6.089141e-01 -9.074916e-01 -5.840611e-01 -5.881175e-01 1.759587e-02 
-4.316665e+00 1.263553e+01 8.352486e+00 3.168590e+00 -1.396652e+01 4.956501e+00 -6.389503e+00 -7.601930e-01 -1.926380e+00 3.898156e+00 2.707055e+00 -1.207791e+00 7.620608e-01 1.874820e+00 -3.009448e+00 1.638553e+00 -5.644310e+00 -2.801764e+00 6.864229e-02 -1.031401e+00 -7.498816e-01 3.053953e-01 -7.684848e-01 -1.067966e-01 -9.028841e-01 6.755985e-02 4.105595e-01 -3.938431e-01 1.520067e-01 -6.181089e-01 5.621411e-01 -7.806672e-01 3.026336e-01 -1.643959e-01 9.165754e-01 -1.213593e+00 -5.457817e-01 -6.902074e-01 8.635820e-03 
-2.013046e+00 8.865815e+00 9.139060e+00 -3.469694e+00 -1.629548e+01 5.993989e+00 -7.105690e+00 -2.019979e+00 -3.133038e+00 1.742373e+00 3.006694e+00 -2.295120e+00 8.364431e-01 2.146931e+00 -3.028110e+00 2.063522e+00 -5.581340e+00 -1.261278e+00 -8.203776e-01 -3.306781e-01 -1.278872e+00 2.017708e+00 -1.998744e+00 -1.410501e-01 -1.818292e+00 7.066748e-02 -1.205274e-01 1.853902e-01 -9.434752e-02 2.101064e-01 1.067797e+00 -1.030033e+00 5.812599e-01 -3.618554e-01 1.019759e+00 -9.610991e-01 -3.785850e-01 -3.740913e-01 -2.702374e-03 
2.033457e-01 4.896948e+00 1.025224e+01 -7.429662e+00 -1.949608e+01 3.391311e+00 -9.884617e+00 -1.628035e+00 1.205390e+00 -1.891006e+00 -2.331764e+00 -5.118358e+00 9.173607e-01 1.532267e+00 -2.594138e+00 1.789969e+00 -4.848803e+00 8.270793e-01 -3.153947e+00 9.413664e-01 -2.530277e+00 3.171237e+00 -2.984109e+00 -2.811964e-01 -1.167045e+00 5.874147e-02 -5.423699e-01 7.205665e-01 -2.925411e-01 7.251048e-01 1.197706e+00 -6.593397e-01 5.523748e-01 -2.801723e-01 5.880886e-01 -1.682240e-01 8.605873e-02 2.409095e-01 -1.279739e-02 
1.905178e+00 3.298442e+00 1.367669e+01 -1.118408e+01 -1.346028e+01 -3.898818e-01 -5.310634e+00 -6.479063e+00 6.007183e+00 -4.368985e+00 3.136410e+00 -4.509424e+00 9.670251e-01 6.596933e-01 -1.417086e+00 1.157534e+00 -3.762256e+00 1.452750e+00 -3.444815e+00 1.270364e+00 -2.797698e+00 3.552521e+00 -2.703748e+00 -2.284521e-01 -8.849326e-01 4.002173e-02 -7.028190e-01 8.746282e-01 -4.902965e-01 8.779877e-01 5.285099e-01 1.990145e-01 -4.611017e-02 4.706473e-01 -2.554182e-01 5.200627e-01 -2.457270e-02 4.815212e-01 -1.708174e-02 
1.385774e+00 2.448611e+00 1.503381e+01 -1.721855e+01 -1.124884e+01 -7.621081e+00 -2.580088e+00 -1.118193e+01 9.359648e+00 -7.966314e+00 1.236143e+00 -5.935256e+00 9.904782e-01 -9.344113e-02 -2.120989e-01 6.289710e-01 -2.928472e+00 1.829758e+00 -1.915885e+00 9.298911e-01 -1.391331e+00 2.478571e+00 -1.257186e+00 3.671951e-01 -1.650888e-01 1.889393e-02 -5.265630e-01 7.144896e-01 -3.540932e-01 8.799170e-01 -2.407387e-02 1.024551e+00 -6.039773e-01 1.121298e+00 -8.613433e-01 9.935746e-01 -4.993962e-02 4.738678e-01 -1.571194e-02 
6.945555e-01 3.004452e+00 1.253558e+01 -1.738617e+01 -1.315530e+01 -5.723549e+00 -4.405867e+00 -1.123132e+01 1.055293e+01 -8.738683e+00 8.066559e-02 -6.311164e+00 9.999999e-01 -5.541555e-01 1.540119e-01 1.924291e-01 -2.151662e+00 8.800006e-01 -4.444089e-01 -5.555443e-01 5.048678e-01 1.087028e+00 -2.619288e-01 -5.880634e-01 8.825334e-02 5.185406e-03 -2.462502e-01 3.181140e-01 5.018286e-02 6.662269e-01 -5.053100e-02 8.744713e-01 -6.020777e-01 1.026886e+00 -9.620239e-01 9.295039e-01 -4.252531e-02 4.784777e-01 -1.145293e-02 
3.412369e-01 3.983366e+00 1.396795e+01 -1.897065e+01 -1.049995e+01 -3.521417e+00 -5.687444e+00 -6.208340e+00 1.132536e+01 -5.992132e+00 1.032235e+00 -5.042802e+00 9.953269e-01 -4.935127e-01 1.926927e-01 5.019542e-01 -1.254555e+00 9.929673e-01 4.685141e-01 -1.165442e+00 1.424887e+00 9.727771e-02 7.628850e-01 -3.511180e-01 7.157241e-01 -2.402039e-03 -2.531995e-02 -3.800270e-02 2.927387e-01 4.149482e-01 -3.019694e-02 2.684705e-01 -3.073607e-01 2.353845e-01 -7.280785e-01 4.554752e-01 -1.067132e-01 3.993480e-01 -6.452611e-03 
-3.438135e-01 3.301077e+00 1.517175e+01 -2.106534e+01 -9.435149e+00 -4.661208e+00 -6.535001e+00 -6.441350e+00 1.045930e+01 -6.666265e+00 2.979757e-01 -4.514660e+00 9.905133e-01 -3.716592e-01 -2.887384e-02 1.471799e+00 -1.267784e+00 1.618412e+00 -2.645602e-01 -6.923928e-01 9.287847e-01 -6.693446e-02 9.338281e-01 -8.194005e-02 1.067265e+00 -6.599348e-03 1.483117e-01 -2.128500e-01 4.198359e-01 2.693169e-01 5.794779e-02 3.286882e-02 1.575379e-01 -4.462251e-01 -3.836773e-01 2.111195e-01 6.444062e-02 4.324231e-01 -3.526551e-03 
-5.627653e-01 3.263669e+00 1.622565e+01 -2.165202e+01 -8.143871e+00 -5.809669e+00 -7.343005e+00 -6.452574e+00 9.892756e+00 -5.188219e+00 -6.282251e-01 -3.255275e+00 9.832227e-01 -3.113005e-01 -3.106106e-01 1.452977e+00 -1.295653e+00 1.309704e+00 -6.634240e-01 -5.384535e-01 -4.261608e-01 -5.849899e-01 4.223260e-01 -4.195240e-01 1.342244e+00 -7.473788e-03 3.018643e-01 -4.398338e-01 3.980687e-01 3.321200e-01 -3.036786e-01 1.814301e-01 5.266744e-01 -7.790343e-01 -1.486458e-01 1.508379e-01 -1.890784e-02 3.093424e-01 -2.165968e-03 
-7.116702e-01 3.219939e+00 1.876606e+01 -2.238492e+01 -6.241210e+00 -5.902147e+00 -7.040357e+00 -6.465594e+00 1.093461e+01 -4.471727e+00 5.009263e-01 -1.868716e+00 9.730684e-01 9.629818e-02 -6.585120e-01 1.816181e+00 -7.844821e-01 1.011512e+00 2.860734e-01 -8.127435e-02 -8.007461e-01 -4.901021e-01 9.639874e-01 -2.315844e-01 1.937140e+00 -9.915492e-03 4.665245e-01 -6.544222e-01 1.105662e-01 8.487816e-01 -7.561001e-01 2.513759e-01 9.013421e-01 -6.266060e-01 -2.831384e-01 2.590003e-01 3.561646e-02 5.758638e-02 -1.848268e-03 
-1.031067e+00 2.470739e+00 1.943521e+01 -2.478916e+01 -5.548469e+00 -6.218306e+00 -8.127349e+00 -8.326988e+00 8.163021e+00 -4.977778e+00 -1.166714e+00 3.455879e-01 9.666737e-01 7.816889e-01 -1.691698e+00 2.320205e+00 1.643061e-01 -2.220749e-01 1.100360e+00 1.162448e+00 -1.605659e+00 -4.343538e-01 1.501909e+00 -3.707203e-01 1.827529e+00 -1.157693e-02 5.873037e-01 -7.090447e-01 -3.621767e-01 1.441685e+00 -7.157518e-01 -3.269993e-01 1.196227e+00 1.457781e-02 -4.099336e-01 1.143245e-01 2.416758e-01 -1.415359e-01 -2.697769e-03 
3.720752e-01 4.049049e-01 2.264763e+01 -2.341942e+01 -5.675503e+00 -3.026660e+00 -6.549480e+00 -9.507756e+00 8.873832e+00 -1.951390e+00 -5.908899e-01 3.370806e+00 9.492288e-01 1.414674e+00 -2.610537e+00 1.591008e+00 2.246031e+00 -1.396182e+00 1.104006e-01 2.963942e+00 -1.614717e+00 -1.557842e+00 1.688897e+00 7.174602e-02 1.112441e+00 -1.378993e-02 5.425684e-01 -4.133857e-01 -1.224295e+00 1.662094e+00 -2.348627e-01 -1.143180e+00 7.353508e-01 8.535410e-01 -5.533515e-01 -2.890024e-01 -5.310528e-02 -6.679229e-02 -3.399932e-03 
2.803894e+00 -3.787352e+00 2.588570e+01 -2.031348e+01 -9.536967e+00 -1.745840e+00 -1.776321e+00 -1.295982e+01 8.752019e+00 1.061480e+00 -1.935437e+00 3.262709e+00 9.372651e-01 1.965997e+00 -2.879833e+00 -2.455070e-01 4.397429e+00 -1.065311e+00 -2.210641e+00 3.920172e+00 5.363738e-02 -2.100739e+00 6.315110e-01 6.371815e-01 1.046698e+00 -1.902984e-02 3.523365e-01 2.672204e-01 -1.939399e+00 1.245758e+00 6.010271e-01 -1.114134e+00 -4.196604e-01 1.446879e+00 -1.591294e-01 -4.359604e-01 -4.642243e-01 1.703731e-01 -4.788141e-03 
4.443609e+00 -6.704072e+00 2.349634e+01 -1.339256e+01 -1.122838e+01 -7.586402e+00 4.603665e+00 -1.222218e+01 2.851050e+00 9.528799e-01 1.244280e+00 2.234853e+00 9.188188e-01 2.217089e+00 -2.131438e+00 -3.022449e+00 5.409541e+00 2.587403e-01 -3.774274e+00 2.216707e+00 2.637273e+00 -2.423675e+00 -4.574675e-02 -1.001126e+00 1.993491e+00 -2.318679e-02 1.031491e-01 8.259790e-01 -1.837672e+00 2.037197e-01 1.121853e+00 -8.566674e-02 -1.561095e+00 1.041790e+00 5.966832e-01 -5.945874e-02 -7.219339e-01 1.193462e-02 -4.288570e-03 
6.763089e+00 -8.374230e+00 1.778398e+01 -7.815075e+00 -8.098672e+00 -1.499158e+01 5.896895e+00 -6.701299e+00 6.708492e-01 -3.272167e+00 1.101640e+00 6.146916e+00 8.867399e-01 2.142103e+00 -5.950618e-01 -5.070055e+00 4.811234e+00 1.955729e+00 -2.528004e+00 -5.622585e-01 3.502666e+00 -7.970070e-01 1.894960e-01 -2.155439e+00 2.238868e+00 -3.082132e-02 -1.875389e-01 9.630186e-01 -1.023812e+00 -8.123726e-01 8.478233e-01 1.117077e+00 -1.721276e+00 -2.037982e-01 7.489319e-01 7.847850e-01 -3.253519e-01 -7.717540e-01 -1.588123e-03 
9.477738e+00 -7.958535e+00 1.158656e+01 -2.621173e+00 -5.100756e+00 -1.527479e+01 6.974861e-01 5.494273e-01 7.955277e-01 -1.370783e-02 -7.115460e+00 1.189550e+01 8.585611e-01 1.842155e+00 3.770488e-01 -5.185081e+00 3.057766e+00 2.702621e+00 -1.593005e-01 -2.600338e+00 1.869707e+00 7.736239e-01 1.612654e+00 -2.141596e+00 5.760351e-01 -2.934150e-02 -3.969954e-01 6.091117e-01 4.429062e-02 -1.298165e+00 2.478542e-01 1.315404e+00 -6.591215e-01 -1.346019e+00 4.671491e-01 1.084385e+00 7.274378e-01 -1.493992e+00 3.630900e-03 
1.099763e+01 -6.135585e+00 6.490355e+00 -1.643569e+00 -2.822226e+00 -1.054107e+01 -2.634473e+00 -1.832313e+00 5.794608e+00 2.492661e+00 -8.532763e+00 9.626965e+00 8.133063e-01 1.215703e+00 6.809536e-01 -4.283136e+00 1.511377e+00 1.951771e+00 1.567333e+00 -2.277687e+00 -5.816805e-01 4.528441e-02 3.726340e+00 -4.193219e-01 -2.103258e+00 -2.389307e-02 -4.288533e-01 -7.583975e-03 7.235055e-01 -1.199370e+00 -2.109188e-01 2.392774e-01 6.295320e-01 -1.177855e+00 -1.694241e-01 5.902477e-01 1.251271e+00 -1.449638e+00 9.807626e-03 
1.153774e+01 -5.938012e+00 3.217518e+00 -1.189638e+00 -3.533826e-01 -1.060812e+01 -4.132530e+00 -5.307723e+00 4.157547e+00 6.134151e+00 -4.646549e+00 3.375295e+00 8.088264e-01 6.953404e-01 2.761619e-01 -3.194500e+00 5.685863e-01 1.500017e+00 7.550624e-01 -2.212969e-01 -2.050757e+00 -5.091664e-01 3.607633e+00 1.767850e+00 -3.305415e+00 -8.489483e-03 -3.231485e-01 -4.275075e-01 7.669425e-01 -7.762476e-01 -3.119950e-01 -1.050458e+00 1.356799e+00 -1.052284e-01 -2.638240e-01 -4.953808e-01 9.178771e-01 -6.544468e-01 1.319642e-02 
1.181176e+01 -5.979107e+00 5.528525e-01 -9.736843e-01 -7.135512e-01 -9.489137e+00 -3.076262e+00 -6.680647e+00 -7.837327e-01 1.228561e+01 -2.229332e+00 -1.084941e-01 7.921194e-01 5.713566e-01 -5.826206e-01 -2.447736e+00 5.882643e-02 1.502392e+00 -1.788594e+00 1.395738e+00 -4.261608e-01 -1.002669e+00 2.143217e+00 2.146154e+00 -3.068478e+00 7.795271e-03 -1.304144e-01 -5.735242e-01 5.766377e-01 -3.382894e-01 -5.889310e-02 -1.640344e+00 1.203993e+00 1.042365e+00 2.076558e-01 -1.406451e+00 1.449566e-01 3.424623e-01 1.380650e-02 
1.254703e+01 -6.656127e+00 -1.416435e+00 -1.129281e-01 1.344691e+00 -1.202592e+01 -1.882111e-01 -7.280459e+00 1.538821e+00 1.312828e+01 -1.427582e+00 2.359948e-01 8.267105e-01 5.484913e-01 -1.128677e+00 -2.268156e+00 -9.727649e-02 1.367374e+00 -3.733523e+00 2.346841e+00 1.265884e+00 -2.144033e-02 -7.264886e-02 1.165130e+00 -2.213582e+00 2.079752e-02 -1.531095e-02 -4.901403e-01 3.603291e-01 -1.251980e-01 -3.878751e-02 -1.107571e+00 4.968395e-01 1.513658e+00 2.498264e-01 -1.415924e+00 -5.693575e-01 8.138391e-01 9.595825e-03 
1.334970e+01 -8.689822e+00 -3.431321e+00 -1.887664e+00 3.840178e+00 -1.877566e+01 2.372118e+00 -2.977164e+00 2.090082e+00 9.711201e+00 5.885204e-01 -4.145859e+00 8.433297e-01 6.369700e-01 -1.484156e+00 -1.863124e+00 1.528410e-01 1.723463e+00 -4.390137e+00 2.458298e+00 2.971864e+00 8.396265e-01 -1.465648e+00 6.067675e-01 -9.368850e-01 3.049707e-02 -1.750805e-02 -2.905714e-01 2.981440e-01 -4.356737e-02 -1.793895e-01 7.073162e-02 -2.587040e-03 9.723877e-01 3.694269e-02 -8.323979e-01 -7.757501e-01 8.286983e-01 3.674641e-03 
1.351139e+01 -1.022616e+01 -6.130756e+00 -1.219615e+00 4.206532e+00 -2.463240e+01 4.877708e+00 -8.297820e-01 2.613158e+00 7.057929e+00 -2.299827e-01 -5.674178e+00 8.872142e-01 5.861267e-01 -1.723819e+00 -1.685077e+00 -1.043320e-01 1.195606e+00 -3.482254e+00 1.731572e+00 3.818304e+00 -1.813197e-01 -1.667474e+00 -3.091853e-01 -3.020434e-01 2.813608e-02 -1.042323e-01 -1.117534e-01 3.896442e-01 -1.110940e-01 -2.862690e-01 1.084505e+00 -2.370197e-01 1.827414e-01 -4.036056e-01 -7.900720e-02 -6.380023e-01 4.606646e-01 -3.517342e-03 
1.451451e+01 -1.161550e+01 -6.406057e+00 3.434501e-01 6.473167e+00 -2.513641e+01 6.682299e+00 4.953290e+00 2.877323e+00 7.992523e+00 2.060737e-01 -1.838045e+00 9.143391e-01 4.651253e-01 -1.737843e+00 -1.248675e+00 -1.554844e-01 6.913835e-01 -1.560652e+00 1.690554e+00 3.159435e+00 -7.380813e-01 -1.221357e+00 -9.953668e-01 1.192821e-01 2.249931e-02 -2.228145e-01 6.927425e-02 4.155019e-01 -2.312447e-01 -4.694127e-01 1.544540e+00 -1.633265e-01 -8.990964e-01 -4.287758e-01 2.801419e-01 -4.619750e-01 -2.014202e-01 -8.846869e-03 
1.489514e+01 -1.381252e+01 -8.354825e+00 -1.750628e+00 6.006423e+00 -2.625655e+01 6.314671e+00 7.846397e+00 2.385350e-01 5.650181e+00 -2.782659e+00 -2.427903e+00 9.318894e-01 1.131986e-01 -1.560613e+00 -6.271152e-01 -4.987344e-01 4.522198e-01 2.741219e-01 1.545527e+00 2.085847e+00 -1.250649e+00 -5.898209e-01 -1.223926e+00 -4.384036e-01 7.210070e-03 -2.289175e-01 2.609364e-01 5.098752e-01 -1.835437e-01 -3.929657e-01 1.569619e+00 -4.933601e-03 -1.623051e+00 1.168921e-01 4.395437e-01 -1.284979e-01 -4.930097e-01 -1.066789e-02 
1.498369e+01 -1.558595e+01 -8.562299e+00 -2.399101e+00 6.397042e+00 -2.576699e+01 1.010643e+01 8.481677e+00 -4.125635e-01 4.308674e+00 -3.111975e+00 -5.172219e+00 9.334880e-01 -2.407163e-01 -1.219384e+00 -3.145227e-01 -8.061778e-01 -2.518148e-01 1.454442e+00 1.734746e+00 -6.574895e-01 -7.695661e-01 -6.036943e-01 -1.245650e+00 -1.875832e+00 -3.276478e-03 -1.597700e-01 4.129955e-01 4.197385e-01 -1.798846e-01 -4.240837e-01 1.387505e+00 -3.471405e-01 -1.712346e+00 4.847162e-01 4.868217e-01 -5.718731e-02 -3.493409e-01 -8.964280e-03 
1.384312e+01 -1.604379e+01 -8.187820e+00 -2.341595e+00 6.505521e+00 -2.294641e+01 1.089324e+01 7.835173e+00 -1.994690e+00 5.950747e+00 -4.690585e+00 -6.198953e+00 9.136715e-01 -2.054953e-01 -6.784179e-01 3.972455e-01 -6.968176e-01 -2.976122e-01 2.858385e+00 1.684817e+00 -2.388553e+00 4.189140e-01 2.213442e-01 -8.265243e-01 -1.769550e+00 -1.231011e-02 -5.540796e-02 5.729960e-01 1.982681e-01 -8.947215e-02 -4.647061e-01 1.217490e+00 -7.405807e-01 -1.276745e+00 8.907914e-01 2.987000e-01 8.680849e-02 8.793137e-02 -4.749004e-03 
1.383739e+01 -1.659647e+01 -8.062425e+00 -3.391388e+00 4.964456e+00 -1.951953e+01 1.306652e+01 1.671831e+00 1.463399e-01 4.823737e+00 -5.068724e+00 -9.331521e+00 9.070659e-01 -1.743928e-01 -1.140396e-01 3.379896e-01 -9.559308e-01 -1.054229e+00 4.084639e+00 -1.148456e-01 -3.165037e+00 8.507473e-01 8.070383e-01 -1.480069e+00 -9.617318e-01 -1.256572e-02 6.721038e-03 6.654261e-01 -3.449987e-02 -1.063039e-01 -2.474287e-01 8.971498e-01 -1.129439e+00 -3.626870e-01 8.810633e-01 1.082533e-01 2.013553e-01 6.374533e-01 -1.604238e-03 
1.444050e+01 -1.669921e+01 -6.618660e+00 -4.737887e+00 5.234226e+00 -1.508868e+01 1.325863e+01 -6.910530e-01 2.053299e+00 6.499607e+00 -5.937007e+00 -9.195745e+00 8.835426e-01 -1.969740e-01 7.516422e-01 3.794544e-02 -8.712648e-01 -1.470023e+00 5.046376e+00 -1.232584e+00 -3.044078e+00 2.393071e+00 1.983025e-01 -6.726362e-01 -4.556418e-01 -1.189307e-02 1.673003e-02 6.718827e-01 -3.398739e-01 -1.971155e-01 -4.166626e-02 3.073129e-01 -1.184360e+00 1.577312e-01 6.344149e-01 -3.679283e-01 4.543997e-01 6.357525e-01 5.805228e-04 
1.381316e+01 -1.582883e+01 -7.657167e+00 -5.980386e+00 1.761478e+00 -9.272391e+00 8.349514e+00 -3.080426e+00 1.816840e+00 8.069579e+00 -9.889277e+00 -8.482454e+00 8.857386e-01 -2.113181e-01 1.392704e+00 -3.075515e-01 -1.250322e+00 -9.028151e-01 4.846080e+00 -2.453601e+00 -2.143150e+00 2.648560e+00 -5.093415e-02 -3.158541e-01 6.544987e-01 -1.150294e-02 1.652782e-01 5.446144e-01 -2.826071e-01 -3.195948e-01 4.227271e-01 -2.453469e-01 -7.492406e-01 5.301986e-01 3.009222e-01 -5.745650e-01 8.063710e-01 5.618145e-01 -4.106353e-05 
1.286995e+01 -1.266923e+01 -8.200931e+00 -5.403490e+00 7.570975e-01 -2.838236e+00 7.088419e+00 -5.009163e+00 9.135609e+00 5.318973e+00 -5.643112e+00 -8.901751e+00 8.648503e-01 -1.035246e-01 1.927676e+00 -9.793046e-01 -1.535187e+00 -5.816686e-01 4.014226e+00 -3.067405e+00 -2.110680e+00 2.692032e+00 -1.189388e+00 8.633152e-01 6.010008e-01 -9.935671e-03 2.617673e-01 3.093440e-01 -1.418750e-01 -7.157065e-01 7.006412e-01 -8.464006e-01 -4.617310e-01 6.551220e-01 -6.091697e-01 -5.132069e-01 5.238360e-01 4.524294e-01 -8.445213e-04 
1.356601e+01 -1.164764e+01 -8.808531e+00 -9.310234e+00 2.688781e+00 -1.414075e+00 3.883241e+00 -6.885373e+00 9.848330e+00 5.159451e+00 -6.794760e+00 -6.206060e+00 8.588773e-01 6.052995e-01 2.020985e+00 -5.664650e-01 -2.221864e+00 6.151678e-01 3.374028e+00 -2.943496e+00 -9.806530e-01 2.205895e+00 -1.372033e+00 1.783815e+00 1.318824e+00 -1.374957e-02 1.991500e-01 2.452955e-01 2.557955e-03 -8.049879e-01 5.036521e-01 -1.023224e+00 -4.208750e-02 7.473593e-01 -1.202628e+00 -5.708619e-01 3.236914e-01 8.077031e-02 -3.073023e-03 
1.404665e+01 -9.151356e+00 -1.093969e+01 -1.074850e+01 1.861868e+00 1.053353e+00 1.546964e-01 -9.342539e+00 1.149781e+01 2.007790e+00 -3.167978e+00 -7.328922e+00 8.473001e-01 7.034356e-01 1.984227e+00 -5.419261e-01 -3.963866e+00 1.274310e+00 1.550342e+00 -3.296299e+00 -3.497944e-01 -4.313208e-01 -1.707284e+00 8.966593e-01 1.474205e+00 -1.499397e-02 -9.513061e-03 2.020325e-01 2.765716e-01 -4.471968e-01 1.319729e-01 -8.014354e-01 2.795032e-01 1.175924e+00 -1.344818e+00 -4.630440e-01 -2.385879e-01 -7.131706e-03 -5.080516e-03 
1.625115e+01 -7.482777e+00 -9.119741e+00 -1.441665e+01 4.285037e+00 5.651820e+00 -2.901100e+00 -5.816845e+00 1.166548e+01 2.865327e+00 -2.207793e+00 -2.674768e+00 8.257794e-01 3.809071e-01 2.590905e+00 -5.133438e-01 -4.060880e+00 6.874257e-01 9.619820e-01 -2.549553e+00 7.132030e-01 -1.802933e+00 -2.646204e+00 1.285876e+00 6.216867e-01 -2.434374e-02 -2.831736e-01 8.964547e-02 3.190834e-01 6.771376e-01 -2.987893e-01 -4.568496e-01 7.667500e-01 9.026660e-01 -1.434118e+00 -6.333395e-01 -8.049491e-01 -5.183420e-01 -5.193323e-03 
1.504449e+01 -4.831070e+00 -1.075502e+01 -2.266939e+01 6.330432e+00 1.381071e+00 -6.000687e+00 -7.292132e+00 6.070238e+00 -2.069904e+00 -3.453257e+00 -3.296045e+00 8.064197e-01 -3.890528e-02 2.652885e+00 3.768893e-01 -2.851743e+00 4.207948e-02 1.213108e+00 -1.866898e+00 2.921975e+00 -2.027804e+00 -2.867453e+00 -8.062650e-02 9.139040e-01 -3.003433e-02 -2.922671e-01 -1.365097e-01 3.523429e-01 2.166515e+00 -3.369899e-01 -1.905172e-02 1.397696e+00 4.355306e-01 -1.230962e+00 -3.766691e-01 -1.066741e+00 -8.396050e-01 -2.799065e-03 
1.497180e+01 -8.532465e-01 -1.146750e+01 -2.365495e+01 3.891563e+00 3.231787e+00 -5.787032e+00 -4.344252e+00 3.547530e+00 -6.032688e+00 -2.223241e-01 -5.113869e+00 7.575810e-01 -4.392609e-01 2.134765e+00 5.695757e-01 6.077443e-01 -2.626705e-01 1.258466e+00 1.754540e-01 1.896882e+00 -4.166461e+00 -3.958497e+00 -1.752177e+00 -9.926416e-01 -3.220025e-02 -1.813748e-01 -4.091388e-01 2.238336e-01 2.733805e+00 7.019392e-02 -2.310442e-01 1.636431e+00 -5.012349e-01 -1.159513e+00 2.949970e-01 -1.165751e+00 -7.489728e-01 3.230322e-03 
1.449160e+01 7.984723e-01 -7.881741e+00 -2.038872e+01 2.268663e+00 8.329057e+00 -7.736766e+00 4.531266e+00 5.417706e+00 -7.880695e+00 -4.563741e+00 -1.540311e+00 7.312292e-01 -3.477997e-01 1.529670e+00 6.783277e-01 4.534306e+00 6.435619e-02 1.306848e+00 2.329751e+00 1.235922e+00 -5.404335e+00 -2.934407e+00 -2.918009e+00 -1.916491e+00 -2.507020e-02 -4.948800e-02 -4.317889e-01 -6.099061e-02 2.230249e+00 2.563077e-01 -7.430983e-01 1.324170e+00 -1.238814e+00 -7.344537e-01 7.602848e-01 -4.563102e-01 -3.449995e-01 7.749484e-03 
1.433124e+01 3.764542e-01 -7.708466e+00 -1.251834e+01 5.002043e+00 8.470086e+00 -1.155839e+00 -2.244459e+00 -8.840540e+00 -1.402179e+01 -1.041388e+01 -8.516118e+00 7.023827e-01 -3.715172e-01 1.106895e+00 4.551072e-01 5.915067e+00 1.027117e+00 -2.402252e-01 3.534164e+00 -9.499950e-01 -5.912281e+00 -1.137756e+00 -3.124237e+00 -1.707968e+00 -1.067558e-02 1.068802e-02 -3.321425e-01 -4.141473e-02 8.631518e-01 9.358951e-02 -9.599400e-01 2.522943e-01 -9.174543e-01 7.275869e-01 1.002315e+00 3.371038e-01 7.053043e-01 9.158413e-03 
1.362549e+01 2.202565e+00 -9.242857e+00 -5.565608e+00 6.097298e+00 5.296358e+00 3.332329e+00 -2.162748e+00 -1.475727e+01 -1.274743e+01 -1.294741e+01 -1.117777e+01 7.086720e-01 -3.203898e-01 1.007931e+00 1.291299e-01 5.645900e+00 6.787186e-01 -1.753028e+00 3.074543e+00 -1.848833e+00 -4.827065e+00 -4.764219e-01 -1.676092e+00 -4.533830e-01 -2.045536e-03 -5.009831e-02 -5.038478e-01 5.787686e-02 -3.998284e-01 -5.583156e-02 -1.021167e+00 -6.548195e-01 -7.015089e-01 1.660629e+00 4.407493e-01 5.720706e-01 1.206847e+00 5.049037e-03 
1.354707e+01 3.979151e+00 -8.511571e+00 -1.490627e+00 7.113097e+00 3.547368e+00 6.349279e+00 -5.747256e+00 -1.592619e+01 -9.287993e+00 -1.165169e+01 -8.834798e+00 7.154884e-01 -3.994952e-01 7.350163e-01 6.370577e-01 4.367973e+00 -1.019842e-01 -2.011209e+00 1.064664e+00 -1.148018e+00 -8.170822e-01 -1.760350e-01 -6.875905e-01 1.802325e+00 2.077783e-03 -1.662393e-01 -6.777628e-01 1.074983e-01 -7.719232e-01 2.801788e-02 -5.941941e-01 -1.146480e+00 -2.421772e-01 1.563113e+00 -1.167693e-01 3.260240e-01 1.098849e+00 -2.384674e-03 
1.328186e+01 4.037106e+00 -6.834114e+00 2.326799e+00 4.607142e+00 2.024949e+00 3.883594e+00 -2.961451e+00 -1.517430e+01 -1.262937e+01 -1.232516e+01 -3.648015e+00 7.144518e-01 -5.842638e-01 -8.035086e-01 8.768699e-01 3.308766e+00 3.496565e-01 -2.913332e+00 2.903287e-01 -2.172832e+00 3.513227e-01 -1.211465e+00 -1.275963e+00 2.362508e+00 -6.202487e-03 -3.061211e-01 -4.194625e-01 2.212527e-01 -7.925470e-01 3.153450e-01 2.757688e-01 -1.310907e+00 8.781758e-02 7.256979e-01 3.483889e-02 3.274402e-01 2.940356e-01 -1.152429e-02 
1.250562e+01 3.134588e+00 -5.727209e+00 5.374622e+00 5.237556e+00 4.938857e-02 3.891717e+00 -7.585304e+00 -1.271751e+01 -1.496044e+01 -1.416272e+01 -3.269488e+00 7.098666e-01 -1.070968e+00 -1.376257e+00 6.186535e-01 3.223923e+00 1.331754e+00 -2.630816e+00 -8.060467e-01 -1.998778e+00 -6.857991e-01 -1.354058e+00 -1.694179e+00 2.378319e+00 -2.051639e-02 -4.372755e-01 8.208395e-02 2.839734e-01 -7.055941e-01 2.811655e-01 1.035229e+00 -1.312415e+00 3.754036e-01 -1.007611e-01 4.816547e-01 7.655089e-01 -4.718845e-01 -2.075600e-02 
1.122539e+01 -1.392755e+00 -6.251022e+00 7.545172e+00 8.783575e+00 -7.521090e+00 6.012728e+00 -1.210769e+01 -1.460489e+01 -1.596849e+01 -1.807144e+01 -2.148123e+00 6.804581e-01 -1.515208e+00 -3.373722e-02 1.244675e+00 2.255203e+00 1.538577e+00 -6.426431e-02 -2.544792e+00 -9.844155e-01 -1.264369e+00 2.868503e-01 4.643983e-01 7.288013e-01 -4.836392e-02 -5.511583e-01 5.229656e-01 2.110265e-01 -7.325382e-01 -2.213828e-01 1.410379e+00 -1.148827e+00 9.860762e-01 1.494292e-01 9.109027e-01 1.351072e+00 -5.251002e-01 -2.826108e-02 
9.220459e+00 -1.872903e-01 -5.710109e+00 1.201964e+01 1.168396e+01 -4.834026e+00 1.254049e+00 -1.116846e+01 -1.963980e+01 -1.438905e+01 -1.724958e+01 2.307043e+00 6.299153e-01 -2.120499e+00 7.604642e-01 1.872927e+00 1.366740e+00 7.093632e-01 1.740414e+00 -4.080035e+00 1.348812e-01 -5.132103e-01 1.483210e+00 2.269730e+00 2.596843e-01 -8.061729e-02 -6.116395e-01 1.965771e-01 -1.753780e-01 -8.387845e-01 -6.219866e-01 8.922516e-01 1.485427e-01 1.302702e+00 9.954860e-01 7.973149e-01 1.182709e+00 -3.042262e-01 -3.622199e-02 
7.348135e+00 5.529712e+00 -6.196004e-01 1.028038e+01 9.076658e+00 4.145585e+00 -7.521346e+00 -6.092059e+00 -1.803522e+01 -1.148118e+01 -8.460007e+00 -2.792216e+00 5.125971e-01 -2.815121e+00 7.429334e-01 1.304907e+00 5.747598e-01 -4.459728e-01 1.953094e+00 -3.816837e+00 1.690637e+00 1.012071e+00 1.924381e+00 3.497501e+00 7.962087e-01 -1.174581e-01 -4.752364e-01 -5.817073e-01 -7.601709e-01 -7.191659e-01 -5.660109e-01 -1.161333e-01 1.534523e+00 1.081128e+00 1.211864e+00 3.917921e-01 5.834003e-01 5.895637e-01 -3.445392e-02 
3.841822e+00 3.475996e+00 8.218839e-01 1.084076e+01 8.637985e+00 2.917940e+00 -9.741239e+00 -9.919005e+00 -1.356877e+01 -9.788636e+00 -7.619965e+00 -1.649156e+00 3.906937e-01 -3.479208e+00 -7.816800e-01 -2.883107e-01 -1.297318e-01 -7.857776e-01 8.218757e-01 5.726932e-01 3.177133e+00 3.153328e+00 1.813756e+00 2.702900e+00 8.234332e-01 -1.670792e-01 -4.619236e-02 -7.278277e-01 -8.923812e-01 -4.895755e-01 -2.734289e-01 -3.718664e-01 1.940143e+00 3.804568e-01 5.635796e-01 7.957645e-02 1.946075e-01 9.669516e-01 -1.883139e-02 
-1.609865e-01 4.902568e-01 -2.992435e+00 1.100838e+01 8.077036e+00 -1.631977e+00 -7.573611e+00 -4.279152e+00 -1.257994e+01 -8.647206e+00 -5.398519e+00 3.810675e+00 2.127839e-01 -3.211926e+00 -2.171250e+00 -1.475381e+00 -5.925726e-01 -5.437868e-01 -1.855074e-01 2.801335e+00 2.899956e+00 2.961820e+00 2.080606e+00 3.164868e+00 3.394779e+00 -1.774043e-01 5.658210e-01 -3.529280e-01 -2.997482e-01 -7.357180e-02 -5.875601e-02 -2.815933e-01 1.094989e+00 -5.268208e-01 -3.580821e-01 -3.266785e-01 -2.122629e-01 5.186244e-01 9.664891e-03 
-4.420634e+00 -1.576104e+00 -5.964891e+00 1.100655e+01 8.254979e+00 2.164244e+00 4.143865e+00 3.811132e+00 -6.600150e+00 -6.737013e+00 -5.265452e+00 3.122819e+00 -5.556528e-02 -2.153022e+00 -1.421723e+00 -1.198900e+00 -4.974997e-01 -6.088077e-01 9.503185e-01 2.311561e+00 1.432552e+00 1.329808e+00 1.802778e+00 3.409088e+00 3.795181e+00 -1.448079e-01 1.088730e+00 2.185712e-01 2.638132e-01 4.183411e-01 1.908731e-01 -2.046921e-01 -6.689547e-01 -1.092270e+00 -1.108086e+00 -7.955831e-01 -3.876237e-01 -3.086124e-01 4.005586e-02 
-4.580112e+00 -2.800536e+00 -4.603204e+00 7.234394e+00 6.549293e+00 3.594185e+00 -4.573104e-01 1.542979e+00 -6.710497e+00 -2.603893e+00 6.187369e+00 1.179564e+01 -1.512926e-01 -6.490251e-01 -7.017169e-01 2.614449e-01 3.909641e-01 -8.281825e-01 4.808975e-01 7.886478e-01 -7.122441e-02 1.335286e-01 2.963806e-01 2.083104e+00 1.903377e+00 -8.026079e-02 1.061388e+00 5.025944e-01 2.997510e-01 5.055602e-01 3.407512e-01 -2.891854e-01 -1.142793e+00 -7.638747e-01 -8.535042e-01 -9.432300e-01 -9.858499e-01 -1.467272e+00 4.918166e-02 
-4.714038e+00 -1.987058e+00 -4.367232e+00 1.024001e+01 6.357552e+00 5.055915e+00 -1.741359e+00 -5.667341e+00 -9.854687e+00 -3.795792e+00 3.632777e+00 1.333443e+01 -1.512926e-01 6.831267e-01 -4.235994e-01 1.624526e-01 1.470279e+00 3.107570e-01 -5.349812e-01 -1.765574e+00 -7.986558e-01 -9.727733e-01 -1.272025e+00 1.305681e+00 2.619580e-02 -1.536392e-02 6.012797e-01 4.250111e-01 2.528078e-01 1.818317e-01 2.598262e-01 -3.697113e-01 -6.436453e-01 1.275398e-01 -1.065863e-02 -5.151445e-01 -8.928795e-01 -1.366570e+00 3.739685e-02 
-3.259793e+00 -2.812654e+00 -2.484581e+00 1.334656e+01 4.884524e+00 -6.730956e-01 -6.875634e-01 1.036087e-01 -1.028557e+01 -8.635490e+00 5.679381e-01 8.222078e+00 -1.406640e-01 6.770198e-01 -1.573576e-01 -6.572312e-01 9.513471e-01 7.002038e-01 -8.889188e-01 -8.739216e-01 1.960579e-01 -1.544565e-01 -1.098066e+00 -7.126491e-01 -2.057131e+00 3.786303e-03 -1.055058e-02 4.309153e-01 3.129964e-01 -3.595120e-01 -6.154338e-02 9.860218e-02 -4.638953e-02 5.763173e-01 7.622961e-01 3.588525e-01 -4.396072e-01 -6.571770e-01 1.690752e-02 
-1.665014e+00 -3.687775e+00 -6.212263e+00 1.530238e+01 1.064056e+01 1.623248e+00 -4.568668e+00 5.373054e-01 -9.676985e+00 -1.008109e+01 4.072185e+00 5.040512e+00 -1.376950e-01 1.901737e-01 4.312246e-01 5.245412e-01 1.314981e-01 -7.382729e-02 -2.132983e-01 -7.529256e-02 1.936458e+00 1.420507e+00 -7.554416e-02 3.426417e-01 -1.057433e+00 1.540155e-04 -3.928453e-01 3.965950e-01 6.850842e-01 -6.930202e-01 -6.816180e-01 4.173449e-02 3.038628e-01 3.464275e-01 7.051557e-01 7.975302e-01 -2.071396e-01 -1.182624e-01 1.558946e-03 
-2.719683e+00 -2.736785e+00 -6.966350e+00 9.459391e+00 7.908608e+00 8.660847e-01 -3.413166e+00 -5.792616e-01 -7.571782e+00 -4.951642e+00 2.404066e+00 5.657300e+00 -1.391532e-01 -4.554513e-01 1.025462e+00 1.645524e+00 -7.372103e-01 -9.436369e-01 8.132361e-01 -2.884394e-01 1.442725e+00 2.748358e+00 1.492379e+00 3.666899e-01 -8.405888e-01 -3.484998e-03 -3.834466e-01 1.838365e-01 4.678016e-01 -5.195799e-01 -6.397161e-01 -3.722390e-02 3.279365e-03 -2.812597e-01 8.478013e-02 5.443045e-01 1.436654e-01 1.821888e-01 -1.652583e-03 
-4.033393e+00 1.309356e-01 4.969942e-01 1.284063e+01 4.476302e+00 3.219649e+00 -7.550148e-01 4.356620e+00 -4.109447e+00 -6.015564e+00 4.427826e+00 9.329978e+00 -1.512926e-01 -7.149226e-01 9.678931e-01 2.436486e+00 -1.150663e+00 -2.275491e+00 -1.177339e+00 -5.388197e-01 3.101893e-01 1.101615e+00 1.420479e+00 -2.696775e-01 -1.173346e+00 -3.935671e-03 -2.428325e-01 -8.696270e-02 -4.205148e-01 -4.414088e-01 -1.603164e-02 -1.183375e-01 -6.817903e-02 -6.475225e-01 -3.046251e-01 4.835062e-01 7.833646e-03 9.558476e-02 7.634721e-05 
-4.352790e+00 4.049049e-01 2.388194e+00 1.089154e+01 3.248779e+00 2.594845e+00 -4.036120e+00 5.407639e+00 6.727600e-01 -3.206376e+00 2.223612e+00 1.874655e+00 -1.512926e-01 -7.876371e-01 4.934306e-01 7.257324e-01 -1.005496e+00 -1.397539e+00 -5.930108e-01 -6.257387e-01 -3.971750e-01 4.288794e-01 8.753190e-01 3.118237e-01 -1.088225e+00 -2.428944e-03 -4.430042e-02 -1.754912e-01 -1.019624e+00 -3.169337e-01 5.793222e-01 2.124845e-01 4.653844e-01 -3.683799e-01 -4.224478e-01 3.910601e-01 3.084879e-01 5.197433e-01 1.091605e-03 
-4.423277e+00 -4.185837e-01 1.292689e+00 8.832941e+00 1.593050e+00 -5.127644e+00 -6.951364e+00 -9.056565e-01 -8.291191e+00 -3.851219e+00 2.814274e+00 1.065237e+00 -1.512926e-01 -8.577952e-01 2.624766e-01 -1.118173e+00 -1.941584e+00 7.283718e-02 -1.018468e-01 -2.475435e-01 -3.812886e-01 1.057132e+00 2.650376e+00 4.092289e-01 -4.556418e-01 -6.930091e-07 7.623472e-02 -5.723452e-02 -8.560051e-01 -2.276522e-01 6.606585e-01 8.143708e-01 7.704933e-01 1.141071e-01 1.363482e-01 3.433945e-01 5.028427e-01 7.353808e-01 1.029446e-03 
-6.462569e+00 5.015049e-03 -3.735692e+00 6.436038e+00 2.362869e+00 2.074656e+00 -3.444243e+00 6.589594e-02 -3.336058e+00 -1.657132e+00 4.770066e+00 4.348542e+00 -1.512926e-01 -6.054248e-01 5.006692e-01 -1.675178e+00 -1.926415e+00 7.787942e-01 1.337807e+00 1.892836e+00 -5.366571e-02 6.583720e-01 2.832780e+00 1.569705e+00 1.399189e+00 -6.930091e-07 2.217313e-01 3.892457e-02 1.360830e-01 1.049246e-01 2.367504e-01 6.460209e-01 7.084770e-01 2.751707e-01 9.011640e-02 5.718614e-02 2.576291e-01 5.297688e-01 4.861337e-04 
-7.267008e+00 1.643035e+00 -2.032586e+00 5.359940e+00 5.283707e+00 2.969959e+00 -2.289093e+00 5.121201e+00 3.181138e+00 6.461754e+00 5.200378e+00 5.815144e+00 -1.512926e-01 -4.249169e-01 6.780129e-01 -6.430097e-01 -1.828343e+00 -6.037080e-02 1.928903e+00 2.054222e+00 7.090224e-01 1.668631e+00 2.158779e+00 1.615579e+00 1.259738e+00 -6.930091e-07 2.537723e-01 -2.843859e-02 7.501910e-01 4.534683e-01 -1.619342e-01 4.941289e-01 2.745866e-01 2.266213e-01 -4.177893e-02 -6.010889e-01 -4.902324e-02 -2.131017e-01 3.755572e-07 
-5.958143e+00 1.877490e+00 -4.324483e+00 2.996072e+00 5.297505e+00 5.235091e+00 3.097132e+00 2.126180e+00 -1.771606e+00 5.800689e+00 8.878856e+00 6.495519e+00 -1.512926e-01 1.046774e-01 4.800846e-01 1.168688e+00 -5.373633e-01 -1.471030e-01 1.621619e+00 1.765632e+00 4.333788e-01 5.737385e-01 1.406968e+00 9.967927e-01 7.027657e-01 -6.930091e-07 9.637477e-02 -1.116499e-01 7.118671e-01 5.306415e-01 -2.034706e-01 -4.951829e-02 -4.842468e-01 2.088391e-01 6.626851e-02 -6.527157e-01 -6.425009e-01 -1.042800e+00 3.755572e-07 
-6.800028e+00 2.035549e+00 -1.628469e+00 1.411595e+00 -1.759151e-01 2.937013e+00 4.910493e-02 1.608976e+00 -7.302309e-01 3.213659e+00 8.838170e+00 6.290546e+00 -1.512926e-01 5.610640e-02 1.304867e-01 1.210795e+00 -3.687368e-01 -2.737523e-01 2.226683e+00 1.188817e+00 5.084910e-01 8.906088e-01 3.577850e-01 4.505554e-01 -1.172989e+00 -6.930091e-07 -2.311469e-03 -8.768778e-02 1.253698e-01 5.732864e-01 1.151116e-01 -3.107374e-01 -3.542361e-01 1.666223e-01 -3.290091e-02 -5.926495e-01 -9.761446e-01 -8.696815e-01 3.755572e-07 
-6.173130e+00 2.209941e+00 1.905420e+00 5.723330e+00 4.357356e+00 1.020000e+01 4.214848e+00 3.988920e+00 1.487708e+00 7.002052e+00 7.934945e+00 7.624740e+00 -1.512926e-01 -3.641321e-01 2.163310e-01 9.571791e-01 -3.085575e-03 -1.317241e-01 9.412468e-01 -9.567945e-02 1.090854e+00 1.378913e+00 4.697364e-01 -1.060135e+00 -2.598410e+00 -6.930091e-07 -1.102133e-01 -1.068160e-01 -4.520700e-01 4.112226e-01 9.975827e-02 -6.372489e-01 -2.671898e-01 3.704144e-01 1.002222e-01 -3.557858e-01 -5.255798e-01 -2.232615e-01 3.755572e-07 
-6.878886e+00 2.129331e+00 9.068112e-01 2.152445e+00 4.385427e+00 1.162127e+01 3.096073e+00 6.731626e+00 6.003839e+00 7.650049e+00 7.924893e+00 -6.145674e-01 -1.512926e-01 -2.019448e-01 3.716199e-01 8.953296e-02 7.710791e-01 5.075158e-01 7.154640e-01 1.213599e+00 1.213347e+00 1.101470e+00 -3.357588e-01 -2.236576e+00 -1.438101e+00 -6.930091e-07 -4.582618e-02 -7.726047e-02 -4.463238e-01 3.793553e-01 2.316784e-01 -7.277670e-01 9.760345e-03 3.752117e-01 -3.750354e-01 -2.408633e-01 2.315957e-01 9.590297e-01 3.755572e-07 
-7.738833e+00 2.912251e+00 -8.059846e-01 2.610047e+00 2.358111e+00 5.599223e+00 1.095132e+00 5.018838e+00 1.755695e+00 5.930919e+00 4.034370e+00 -3.044317e+00 -1.512926e-01 -3.175494e-01 -1.744360e-01 -5.310509e-01 9.487013e-01 -3.888564e-02 -8.088580e-01 4.174110e-01 1.933114e+00 9.693209e-01 -2.511777e-02 -2.876632e-01 -2.811198e-01 -6.930091e-07 6.317420e-02 -9.694115e-02 -2.336674e-01 3.367240e-02 2.127151e-01 -1.385179e-01 1.932391e-01 1.908010e-01 -4.103586e-01 -2.282903e-01 8.698508e-01 1.439089e+00 3.755572e-07 
-7.026469e+00 3.542380e+00 1.755244e-01 6.823898e+00 3.361064e+00 8.813989e+00 7.677119e+00 7.160833e+00 4.642885e+00 2.070426e+00 -3.946406e-01 4.434944e+00 -1.512926e-01 -1.964059e-01 -6.054236e-02 -2.767384e-01 1.052064e+00 8.382742e-01 -5.369971e-01 9.812856e-01 1.963493e+00 -7.796759e-01 -5.991100e-01 1.222320e+00 2.463440e+00 -6.930091e-07 7.116919e-02 -4.946584e-02 7.472575e-02 -2.870623e-01 1.370907e-01 1.315178e-01 -1.604771e-01 -3.418984e-01 -1.949248e-01 3.394762e-01 7.605939e-01 6.215647e-01 3.755572e-07 
-7.686408e+00 6.309295e-01 -3.836279e-01 8.131245e+00 4.674704e+00 7.559178e+00 4.011434e+00 1.344001e+01 7.014642e+00 9.666139e+00 1.065659e+01 3.694723e+00 -1.512926e-01 -5.097702e-02 -5.228593e-02 -2.800292e-02 2.496004e-02 7.664685e-01 8.748655e-01 9.867791e-01 1.669873e+00 2.678446e-01 -5.401184e-01 1.559500e+00 2.646165e+00 -6.930091e-07 1.174303e-01 1.010050e-01 1.672486e-01 -3.516616e-01 6.023252e-02 3.123091e-01 -1.488561e-01 -9.951077e-01 -6.576849e-02 3.283672e-01 -4.409817e-01 -3.254409e-01 3.755572e-07 
-7.887298e+00 2.967045e+00 -6.879983e-01 4.652125e+00 7.418550e+00 7.956255e+00 6.544217e+00 1.233870e+01 -5.243442e-01 2.787369e+00 1.072551e+01 8.333541e+00 -1.512926e-01 2.045927e-02 6.307799e-02 2.116699e-01 -2.022270e-01 7.902153e-01 5.312955e-01 1.265011e-01 -3.645660e-01 4.775509e-01 1.619048e+00 6.427388e-01 2.060676e-01 -6.930091e-07 8.142231e-02 -4.894792e-02 -4.492086e-02 -1.562669e-01 -3.332887e-01 -1.620291e-01 -5.006727e-01 -9.677306e-01 -3.828439e-02 4.894482e-01 -9.449046e-01 -1.276788e+00 3.755572e-07 
-7.563496e+00 2.938067e+00 -5.147238e-01 3.820122e+00 4.161808e+00 1.040288e+01 6.595424e+00 1.077901e+01 5.678528e+00 2.872537e+00 6.272091e+00 8.237040e+00 -1.512926e-01 1.612015e-01 2.688103e-01 6.095069e-02 -1.822953e-01 2.863318e-01 2.185402e-01 1.003765e-01 -1.878515e+00 1.192204e-02 5.077372e-01 -2.202727e+00 -7.796012e-01 -6.930091e-07 2.283308e-02 -1.207997e-01 -9.298403e-02 1.372575e-01 -3.079282e-01 -5.874836e-01 -7.985743e-01 -5.068638e-01 -4.134754e-01 3.612207e-01 -6.328790e-01 -1.193361e+00 3.755572e-07 
-6.985498e+00 2.704140e+00 1.298959e+00 7.968514e+00 7.568422e+00 1.004857e+01 7.017437e+00 6.668771e+00 7.699179e+00 1.356268e+01 5.011309e+00 3.193887e+00 -1.512926e-01 1.046774e-01 -4.657864e-01 -5.456906e-01 3.743837e-01 -5.881141e-01 -1.018946e+00 -1.078889e+00 -1.100916e+00 -8.432233e-01 1.324331e+00 -1.621125e+00 -2.207519e+00 -6.930091e-07 -6.339478e-03 -3.710499e-02 3.050959e-02 1.582806e-01 -2.170875e-01 -3.442898e-01 -5.812380e-01 3.864695e-01 -3.227589e-01 -3.106607e-01 3.420605e-01 -2.714643e-01 3.755572e-07 
-7.331327e+00 2.106149e+00 -1.072166e+00 5.561211e+00 6.031164e+00 7.605995e+00 4.277002e+00 6.882477e+00 2.962353e+00 6.816845e+00 2.500276e+00 2.366141e+00 -1.512926e-01 2.102735e-02 -3.918178e-01 -1.143074e-01 4.228902e-01 -8.400447e-02 -1.287495e+00 -2.403305e+00 -4.963955e-01 -1.139152e+00 1.413361e+00 -4.728746e-01 -2.113957e+00 -6.930091e-07 -2.934796e-02 4.980073e-02 1.382256e-01 5.995123e-02 1.327040e-01 2.488778e-01 4.590857e-02 7.144174e-01 1.972666e-01 -1.658988e-01 1.325664e+00 4.786567e-01 3.755572e-07 
-7.480232e+00 1.054528e+00 -3.137781e+00 5.652977e+00 3.543289e+00 4.260026e+00 2.308904e+00 8.782930e+00 -3.382395e+00 7.436453e+00 4.505847e+00 2.315064e-01 -1.512926e-01 5.908883e-02 2.078484e-01 4.517609e-01 2.865427e-01 -1.101259e-01 -4.372092e-01 -1.527889e+00 8.766661e-01 -5.605819e-01 -3.870296e-01 1.488063e+00 -4.840551e-01 -6.930091e-07 2.224026e-01 -1.231475e-01 -2.044984e-01 -1.744293e-01 4.163485e-02 4.895246e-01 7.003758e-01 3.764910e-01 3.026695e-01 -7.702218e-01 8.285306e-01 8.330845e-01 8.707188e-03 
-7.211499e+00 1.804256e+00 1.131954e+00 7.091853e+00 5.754258e+00 6.859813e+00 -3.066374e+00 7.239850e+00 5.523277e+00 1.300211e+01 4.160736e+00 -8.513334e-01 -1.512926e-01 3.735970e-02 1.810433e-01 2.534976e-01 1.613076e-01 7.107202e-01 1.172069e+00 5.543817e-01 7.048417e-01 8.569576e-01 5.339155e-01 2.870934e+00 7.519838e-01 -6.930091e-07 4.569426e-01 -5.700024e-01 -8.938421e-01 -3.107465e-01 -5.045517e-01 5.873112e-02 9.188854e-01 4.016375e-02 -2.902219e-01 -1.201407e+00 -1.170016e-01 5.044366e-01 1.741400e-02 
-6.750246e+00 3.894325e+00 2.455452e+00 8.635952e+00 7.156869e+00 8.235423e+00 3.049457e+00 1.087374e+01 3.615840e+00 8.535073e+00 1.162156e+01 2.382224e+00 -1.512926e-01 1.208602e+00 -1.367887e+00 -1.752141e+00 -3.669730e-01 -7.772965e-01 1.989570e-01 9.440521e-01 1.807288e-01 -3.279119e-01 -2.086930e+00 8.495734e-01 5.250338e-01 4.353967e-02 5.004573e-01 -8.334128e-01 -1.111952e+00 -3.012994e-01 -7.995099e-01 -5.432532e-01 2.194983e-01 -3.452246e-01 -7.119281e-01 -9.284179e-01 -1.138218e+00 -1.899625e-01 1.959185e-02 
-7.509308e+00 1.591403e+00 -2.601998e+00 4.876644e+00 7.778243e+00 1.147793e+01 6.678767e+00 9.361642e+00 3.748162e+00 8.937480e+00 1.329686e+01 5.050611e+00 -1.512926e-01 1.730811e+00 -2.454004e+00 -3.481578e+00 -8.042375e-01 -2.273116e+00 -1.311974e+00 9.552832e-01 5.238319e-02 -2.706605e+00 -3.743642e+00 -7.386171e-01 -9.625491e-02 6.530648e-02 3.860253e-01 -6.919536e-01 -8.476294e-01 -2.166750e-01 -8.491341e-01 -8.277385e-01 -3.945187e-01 -3.159926e-01 -8.400928e-01 -7.652270e-01 -1.378641e+00 -5.058548e-01 1.523845e-02 
-1.288346e+00 -5.678794e+00 -1.003171e+01 4.926197e+00 -1.355384e+00 2.945105e+00 2.156344e+00 8.625793e+00 -4.134287e+00 -9.658756e-01 4.185626e+00 -9.428065e-02 6.639086e-02 1.714621e+00 -2.641753e+00 -3.240511e+00 -7.370339e-01 -2.615747e+00 -1.911421e+00 -6.307439e-01 -5.231516e-01 -2.338320e+00 -2.890495e+00 -2.398346e+00 -1.009761e+00 6.530648e-02 9.954835e-02 -2.735493e-01 -2.735496e-01 -6.731810e-02 -4.019676e-01 -4.820261e-01 -4.735755e-01 -1.983612e-01 -3.652601e-01 -7.539031e-02 -8.155708e-01 -3.983046e-01 4.353782e-03 
