-1.115775e+01 1.457050e+00 -1.451877e+00 6.983474e+00 1.002992e+00 3.033777e+00 3.963018e+00 6.425636e+00 -7.652978e-01 2.176040e+00 1.269786e+00 1.058879e+00 -1.512926e-01 -4.202053e-01 -3.693579e-01 -5.965670e-01 -1.245330e+00 -1.977139e-01 1.925603e-01 6.701263e-01 -9.309119e-02 -7.877473e-01 -2.499614e-01 -3.163083e-01 -1.209987e+00 1.256812e-06 1.942030e-01 5.537679e-03 2.501804e-02 4.405163e-01 3.140854e-02 -6.554434e-02 2.452898e-03 3.593280e-01 2.361502e-01 5.515118e-01 1.258845e-01 3.788491e-01 -7.365387e-07 
-1.254442e+01 2.747372e+00 -1.171421e+00 3.311610e+00 6.611263e-01 3.867272e+00 6.347672e+00 2.428612e+00 -3.601671e+00 -2.193568e+00 -3.405101e+00 -1.813212e+00 -1.512926e-01 -6.011366e-02 -4.660008e-01 -6.910260e-01 -3.779126e-01 -1.268483e-01 2.172891e-01 8.187916e-01 5.475497e-01 -5.187129e-01 1.084256e+00 -2.896481e-02 -1.295769e-01 1.256812e-06 2.613481e-01 3.566272e-02 1.679034e-01 6.512800e-01 1.722248e-01 1.081206e-02 -2.369319e-02 4.551677e-01 6.978417e-01 7.019073e-01 2.734940e-01 5.750561e-01 -7.365387e-07 
-1.256582e+01 -1.035457e+00 -4.575063e+00 2.592437e+00 1.851962e-01 3.580271e+00 6.121404e+00 7.958436e+00 -3.285948e+00 3.110490e+00 2.025941e+00 -3.555264e+00 -1.512926e-01 3.707783e-01 -2.933344e-01 -4.242783e-01 5.234128e-01 -7.614607e-02 -1.474910e-01 6.081142e-01 1.383248e+00 2.583844e-01 1.840458e+00 1.693484e-01 1.439851e-01 1.256812e-06 1.904665e-01 1.678270e-01 3.390559e-01 4.854092e-01 2.530137e-01 1.811203e-01 -2.754449e-02 7.013488e-02 8.285463e-01 1.297076e-01 2.957913e-02 6.798803e-01 -7.365387e-07 
-1.075428e+01 3.726152e-01 -3.345415e+00 7.288691e+00 7.775190e-01 3.847031e+00 6.977864e+00 8.396679e+00 -2.098595e+00 7.129849e+00 7.470852e-01 2.718061e+00 -1.512926e-01 4.910626e-01 -2.291157e-01 1.569236e-01 1.126834e+00 6.026241e-01 4.165671e-01 5.827456e-01 1.444660e+00 2.178368e+00 2.214262e+00 8.082893e-01 9.882825e-01 1.256812e-06 -2.418600e-02 1.828676e-01 3.939030e-01 -2.027542e-03 5.653282e-02 3.902990e-01 -1.043566e-01 -5.305370e-01 6.611108e-01 -5.852481e-01 -9.305032e-02 3.049011e-01 -7.365387e-07 
-1.019916e+01 1.177127e+00 -2.485872e+00 7.612442e+00 5.639293e-01 2.306674e+00 6.688400e+00 1.035766e+01 -2.247917e-01 6.716352e+00 4.034199e-02 -4.869417e-01 -1.512926e-01 2.565843e-01 3.513708e-01 6.747440e-01 4.291283e-01 7.025276e-01 9.985989e-01 6.504861e-01 -1.910769e-01 2.006496e+00 -1.664366e-01 -5.869972e-01 1.630432e+00 1.256812e-06 -1.208884e-01 1.277480e-01 2.099849e-01 -3.209997e-01 -2.187811e-01 3.933590e-01 -1.747072e-01 -7.844543e-01 1.002323e-01 -7.610384e-01 -1.213672e-01 1.632350e-02 -7.365387e-07 
-1.127206e+01 4.953016e-01 -1.431282e+00 6.435444e+00 3.485019e+00 6.586771e+00 8.978039e+00 8.452456e+00 5.759645e+00 7.074761e+00 1.628987e+00 1.594122e+00 -1.512926e-01 -1.239354e-01 1.258185e-01 7.289931e-01 -3.408907e-01 -2.335383e-01 1.595709e+00 2.757766e-01 -1.317837e+00 1.912804e+00 -8.385085e-01 -1.160417e-01 6.517248e-01 1.256812e-06 -3.522814e-02 1.050775e-01 4.589919e-02 -2.113280e-01 -4.301560e-01 -1.157443e-01 -3.858871e-01 -4.064651e-01 -7.475423e-01 -5.120022e-01 -5.977445e-02 -4.769209e-01 -7.365387e-07 
-1.102387e+01 6.595885e-01 -2.158168e+00 5.165151e+00 2.344249e+00 7.203330e+00 8.373920e+00 6.975012e+00 2.817297e+00 2.305938e+00 -1.350104e+00 5.158585e+00 -1.512926e-01 7.387394e-02 1.678439e-01 3.397078e-01 -3.474647e-01 -7.519798e-01 1.229723e+00 -1.119354e-01 -1.157829e+00 8.923913e-01 -4.384369e-01 2.480286e-02 3.938391e-01 1.256812e-06 5.327629e-02 -4.787178e-02 -7.195618e-02 1.760807e-01 -1.512314e-01 -4.892932e-01 -4.574358e-01 2.086404e-01 -7.022590e-01 2.159657e-01 3.065845e-01 -6.802136e-01 -7.365387e-07 
-1.096148e+01 1.261034e+00 1.357622e-01 6.808006e+00 -1.280071e+00 9.377373e+00 7.514367e+00 3.498427e+00 5.944458e+00 5.142952e+00 8.625625e-01 3.153933e+00 -1.512926e-01 4.063053e-01 3.878873e-01 5.539783e-01 4.585381e-01 -8.209531e-01 -2.777696e-01 -9.655566e-01 -1.042155e-01 -1.002281e+00 -2.097727e-01 2.034801e-01 -7.779199e-01 1.256812e-06 9.989866e-02 -1.352212e-01 -2.320753e-01 2.283560e-01 3.661782e-01 -7.417866e-01 -3.609392e-01 2.414915e-01 -6.164969e-01 2.477826e-01 2.150527e-01 -2.251026e-01 -7.365387e-07 
-9.985583e+00 1.634028e+00 -1.571208e+00 5.688467e+00 -8.132820e-01 7.060089e+00 6.860753e+00 7.045466e+00 4.144727e+00 5.490481e+00 5.474983e-01 7.022888e-01 -1.512926e-01 2.577262e-01 -1.898837e-02 4.025441e-01 9.098927e-01 2.400739e-01 -5.113060e-01 -1.015930e+00 2.453635e-01 -4.729017e-02 5.990862e-01 7.861859e-01 -1.055740e+00 1.256812e-06 -2.262448e-02 -2.540551e-01 -2.449779e-01 -2.896326e-02 3.993062e-01 -4.243392e-01 4.391862e-02 -1.044549e-01 -4.300144e-01 -2.257672e-02 5.831317e-02 3.770916e-02 -7.365387e-07 
-9.759710e+00 1.947090e+00 1.044975e+00 8.466307e+00 9.591159e-01 5.269579e+00 4.906981e+00 7.896369e+00 8.433089e-02 4.433954e+00 1.697552e+00 -6.685454e-02 -1.512926e-01 2.834833e-01 -4.568716e-01 -4.628524e-01 1.720516e-01 1.101359e+00 -1.242796e+00 -1.076760e+00 -8.120598e-01 -6.998723e-01 -1.182586e-01 5.786201e-01 2.510101e-01 1.256812e-06 -9.607144e-02 -1.737655e-01 -3.725899e-01 -3.398879e-01 1.658159e-01 9.831590e-02 5.544305e-01 -1.803760e-01 -7.132240e-03 -2.408034e-01 -1.471815e-01 1.342452e-01 -7.365387e-07 
-1.033669e+01 2.210200e-01 -5.996038e-01 8.884589e+00 2.425297e+00 6.700430e+00 4.597630e+00 6.002910e+00 5.510660e+00 5.655404e+00 2.163347e+00 1.490445e+00 -1.512926e-01 2.210600e-02 -6.800630e-01 -3.768443e-01 -3.491947e-01 2.834024e-01 -4.094957e-01 1.633910e-01 -1.326066e+00 -1.408894e+00 -5.970129e-01 1.288428e-01 6.802254e-02 1.256812e-06 -1.314844e-01 4.916856e-02 -1.579883e-01 -2.965247e-01 -2.381283e-01 1.581333e-01 4.770621e-01 1.302944e-01 -1.716034e-01 -3.011211e-01 -4.310923e-01 7.154832e-02 -7.365387e-07 
-9.368075e+00 -3.169667e-01 -2.663959e+00 6.069679e+00 2.607504e+00 3.343094e+00 3.261676e+00 -4.064314e-02 1.761953e+00 4.468979e+00 2.947816e+00 4.014915e+00 -1.512926e-01 4.380285e-02 -1.504163e-01 -9.191995e-01 -6.112883e-01 -1.350241e-02 1.630064e-01 1.216960e+00 -2.201831e-01 -3.571493e-01 -8.157510e-01 -2.036326e-01 -6.685725e-01 1.256812e-06 -1.718049e-01 2.824512e-01 2.427199e-01 5.288331e-03 -4.143292e-01 8.152186e-02 1.999773e-02 5.423471e-01 1.517510e-01 -1.697402e-01 -5.121038e-01 -2.316300e-01 -7.365387e-07 
-1.007074e+01 -6.335539e-01 -1.600889e+00 5.140437e+00 -2.206546e-01 5.975922e+00 8.500312e+00 4.383719e+00 -3.738448e+00 2.487523e+00 5.666519e-01 -9.985081e-01 -1.512926e-01 -2.800005e-01 7.356208e-02 -1.591662e-01 -1.812126e-01 -3.931491e-01 -4.234886e-01 2.224935e-01 6.007333e-01 -1.076786e+00 -5.577926e-01 -9.781749e-01 -2.382469e-01 1.256812e-06 -1.294209e-01 3.286693e-01 3.616239e-01 7.951120e-02 -2.414381e-01 -5.063058e-01 -5.774254e-01 2.500362e-01 3.581322e-01 -1.177335e-01 -2.933543e-01 4.092989e-02 -7.365387e-07 
-9.673642e+00 1.622747e+00 -3.050420e+00 7.281894e+00 2.214450e+00 6.446645e+00 9.040351e+00 7.604907e+00 2.923271e+00 1.939367e+00 1.477424e+00 -2.165497e+00 -1.512926e-01 -4.245193e-01 5.784972e-01 6.418946e-01 1.146159e-01 -6.319780e-01 -8.281967e-01 -1.006474e+00 9.362926e-01 -1.072003e-01 -9.865531e-01 -1.428261e+00 -7.541151e-01 1.256812e-06 -1.320978e-01 1.558121e-01 3.805446e-01 -1.528676e-01 -2.496223e-01 -6.831714e-01 -8.211274e-01 -5.434696e-01 -2.364447e-01 -1.916929e-01 -6.315765e-02 1.713051e-01 -7.365387e-07 
-1.158354e+01 -3.811302e-01 -1.201707e+00 7.372100e+00 6.559466e-01 3.031182e+00 2.821072e+00 5.183879e+00 -4.539751e-01 4.131652e+00 -1.992725e+00 3.389627e+00 -1.512926e-01 -3.907686e-01 5.988016e-01 6.507544e-01 -3.147679e-01 -6.146205e-01 -2.445340e+00 -1.612137e+00 -6.540330e-01 2.568535e-01 -1.100219e+00 -7.255800e-01 3.153605e-01 1.256812e-06 4.357259e-02 9.889461e-02 -9.631893e-03 -2.420547e-01 -1.481924e-01 -2.805153e-01 -2.388100e-01 -8.973834e-01 -3.053406e-01 -1.032102e-01 3.403702e-01 2.882821e-01 -7.365387e-07 
-1.073424e+01 2.449117e+00 3.465591e-01 5.527209e+00 -9.906132e-01 6.744549e-01 1.069262e+00 4.240714e+00 -4.162056e-01 -1.285982e+00 -2.914322e+00 -1.949534e+00 -1.512926e-01 -5.611714e-01 3.661663e-01 5.786494e-01 -1.308994e+00 -1.150942e+00 -2.242081e+00 -1.971389e+00 -2.310038e+00 -2.206098e+00 -1.502954e+00 -6.458023e-01 -8.893453e-02 1.256812e-06 2.081451e-01 7.262838e-02 -2.427895e-01 1.099053e-01 3.726703e-03 5.299751e-02 2.191530e-01 -9.062745e-01 -4.059587e-01 2.386321e-01 3.104312e-01 4.098541e-01 -7.365387e-07 
-1.149429e+01 1.947090e+00 -4.535346e-02 4.444742e+00 -1.691102e+00 -3.364313e+00 4.425277e+00 2.795562e+00 -7.847325e-01 -1.401258e+00 -8.651554e-01 4.705413e-01 -1.512926e-01 6.372609e-03 6.741956e-01 -1.756591e-01 -6.797960e-01 -8.745917e-01 -1.119152e+00 -4.890999e-01 -2.262950e+00 -1.553924e+00 -8.155089e-01 3.322963e-01 8.707099e-01 1.256812e-06 4.621143e-01 2.925806e-01 2.656817e-02 6.490187e-01 4.771764e-01 6.559435e-01 4.100922e-01 -3.068150e-01 -9.838019e-02 3.539367e-01 -6.144287e-02 4.981911e-02 1.077427e-02 
-1.252438e+01 2.289061e+00 -7.352892e-01 2.200722e+00 -2.366606e+00 -1.566537e+00 -1.618998e+00 -2.751037e+00 -7.941855e+00 -2.808714e+00 -2.315006e+00 -1.150615e+00 -1.512926e-01 4.174709e-01 9.038404e-01 -1.587573e-01 8.465751e-01 -4.833299e-01 -1.226391e+00 -4.722785e-01 -2.790519e+00 -1.231613e+00 6.416440e-02 -4.051329e-01 1.017603e+00 1.256812e-06 1.030394e+00 6.150106e-01 3.820491e-01 8.328467e-01 8.299994e-01 5.242869e-01 3.852299e-01 7.808492e-01 8.274901e-01 4.851078e-01 -4.183010e-01 -1.727120e-01 3.475884e-02 
-1.065728e+01 3.069600e+00 -1.539104e+00 5.635950e+00 -3.029008e+00 -1.444575e+00 1.719782e+00 -2.635291e+00 -4.460834e+00 8.151704e-01 -6.305922e-01 7.343325e+00 -1.512926e-01 1.430498e+00 1.792986e+00 1.152355e+00 1.852565e+00 1.437481e+00 3.264578e-01 -3.111561e-01 -1.947963e+00 -7.223258e-01 -1.142639e-01 -1.152946e+00 1.112318e-02 5.387710e-02 1.409619e+00 6.151422e-01 5.770006e-01 2.935338e-01 5.876630e-01 -3.159197e-02 -1.860043e-01 1.312817e+00 8.488199e-01 4.254616e-01 -6.985970e-01 -9.393322e-01 5.747862e-02 
-9.065242e+00 6.407515e+00 2.993115e-01 9.163856e+00 -2.738331e+00 -6.417522e+00 6.033573e-02 -6.996747e+00 -4.736221e+00 -2.073191e+00 -5.057036e+00 -2.982433e-01 -1.512926e-01 3.878563e+00 2.881713e+00 1.824880e+00 1.588914e+00 1.843099e+00 -3.435120e-01 -1.343034e-01 1.436584e+00 1.515375e+00 5.718498e-01 -1.994517e+00 -5.228405e-01 1.468549e-01 1.191565e+00 2.786801e-01 1.794382e-01 -2.651330e-01 -1.012837e-01 -6.215690e-01 -3.962856e-01 1.094002e+00 9.560141e-01 4.558933e-01 -2.707379e-01 -8.500106e-01 5.926178e-02 
-6.070602e+00 8.852780e+00 5.199127e+00 1.022593e+01 5.682463e+00 6.936575e-01 2.030017e+00 -4.821471e+00 -5.999113e+00 -2.340469e+00 -5.259122e+00 9.996060e-02 1.180755e-01 5.323878e+00 2.760988e+00 1.717473e+00 4.166723e-01 9.005077e-01 -1.718554e+00 -1.588133e+00 2.187706e+00 1.316661e+00 1.057867e+00 -2.365854e+00 -3.055830e+00 2.139658e-01 8.578926e-02 -2.042414e-01 -6.251697e-01 -1.265304e-01 -9.790688e-01 -1.214497e+00 -4.298348e-01 -2.712505e-01 7.080296e-01 3.248902e-01 2.740038e-01 -2.162563e-01 2.501192e-02 
4.575488e+00 1.380607e+01 5.019828e+00 7.850931e+00 2.493244e+00 -4.352986e+00 -2.445848e+00 5.524408e+00 4.044543e-01 1.628224e+00 -9.973427e+00 -1.429079e-01 4.482987e-01 4.428724e+00 1.813290e+00 4.557028e-01 2.388292e-01 -7.212452e-01 -3.311693e+00 -1.815268e+00 6.117052e-01 2.528950e+00 1.757660e+00 -1.152431e+00 -1.698954e+00 2.162630e-01 -1.478960e+00 -5.172874e-01 -1.037869e+00 4.675185e-01 -1.056066e+00 -6.421517e-01 -6.888184e-02 -1.846311e+00 1.826553e-01 -3.026322e-01 9.220490e-01 4.937219e-01 -2.313693e-02 
9.141676e+00 1.317501e+01 4.688489e+00 8.376101e+00 -1.142350e+00 -1.106922e+01 -4.967500e+00 2.042791e+00 -4.473746e-01 4.253729e+00 -1.000174e+01 -8.013353e+00 6.187421e-01 1.584406e+00 1.305837e+00 -1.288993e+00 1.895123e+00 -2.175688e+00 -4.261882e+00 -1.619775e+00 -2.891552e+00 2.311048e+00 9.173276e-01 -2.039410e-01 -4.819078e-01 1.442311e-01 -2.245106e+00 -2.369097e-01 -9.013206e-01 6.542729e-01 -5.506322e-01 3.964556e-01 4.263532e-01 -1.709307e+00 1.353618e-01 -7.484040e-01 1.130371e+00 1.390717e+00 -5.269562e-02 
5.472149e+00 1.331250e+01 2.833114e+00 1.128369e+01 -2.932116e+00 -1.709467e+01 -5.516819e+00 -7.370407e+00 5.132599e+00 3.417892e+00 -8.447516e+00 -4.736243e+00 6.796851e-01 -1.646522e+00 1.022834e+00 -1.861199e+00 3.187426e+00 -1.899142e+00 -2.282613e+00 -4.629130e-01 -5.255402e+00 1.931583e+00 -8.710710e-01 1.534718e+00 6.588856e-01 6.603833e-02 -1.794219e+00 1.669062e-01 -2.836855e-01 1.303898e-01 1.319959e-01 1.172879e+00 3.253207e-01 -1.751222e-01 -4.066061e-01 -6.557237e-01 9.078210e-01 1.119016e+00 -5.397251e-02 
1.402791e+00 1.562873e+01 -1.525691e-01 1.798547e+01 -2.483608e+00 -1.424491e+01 -4.533083e+00 -1.283187e+01 3.191691e+00 1.351765e+00 -7.041802e+00 -1.268446e-02 7.235345e-01 -2.864083e+00 1.971633e+00 -1.630572e+00 2.213787e+00 -1.263700e+00 -2.507488e-01 -1.325758e-01 -3.425369e+00 2.292269e+00 -1.369799e+00 1.942448e+00 2.718778e+00 2.560238e-02 -7.551422e-01 3.077089e-01 2.111247e-01 -8.145551e-01 6.704979e-01 1.072953e+00 1.939912e-01 1.527821e+00 -5.378900e-01 -1.920287e-01 4.055316e-01 6.135331e-01 -3.629812e-02 
2.124035e-01 1.769395e+01 -1.866202e+00 1.898330e+01 -6.332182e+00 -1.417848e+01 -4.977223e+00 -1.331541e+01 8.242526e+00 -1.275780e+00 -3.779847e+00 -8.485538e-01 7.260818e-01 -2.318236e+00 2.315077e+00 -7.918912e-01 7.313577e-01 -5.172618e-01 5.470870e-01 -9.323683e-01 3.065906e-03 5.051695e-01 -3.774275e-01 2.313578e+00 2.295806e+00 5.713768e-03 7.340868e-02 1.362988e-01 2.649688e-01 -1.060967e+00 8.640902e-01 3.951805e-01 1.634375e-01 1.937275e+00 -5.762224e-01 3.139348e-01 -2.421892e-01 -4.890707e-02 -1.843366e-02 
-2.548621e+00 2.084291e+01 -1.114481e+00 1.559502e+01 -5.760883e+00 -1.378145e+01 -5.900414e+00 -1.211181e+01 9.458848e+00 -2.481575e-01 -2.623408e+00 3.636800e+00 7.235696e-01 -1.855497e+00 2.198287e+00 -7.680380e-01 -9.498476e-01 4.858850e-01 -3.119074e-01 -4.150855e-01 2.118370e+00 3.347265e-01 -2.895449e-01 1.434277e+00 1.767262e+00 -7.095099e-03 2.939169e-01 -3.099202e-01 1.472502e-01 -5.580339e-01 7.251093e-01 -1.953378e-02 2.567675e-01 1.192729e+00 -4.353979e-01 2.676366e-01 -6.865935e-01 -6.913358e-01 -8.439658e-03 
-4.143394e+00 2.228059e+01 -6.450341e-01 1.613564e+01 -3.879710e+00 -1.459107e+01 -9.495071e+00 -7.715549e+00 4.525355e+00 2.331101e+00 9.111407e-01 4.917510e+00 7.082504e-01 -1.783808e+00 1.591043e+00 -9.675876e-01 -5.356877e-01 1.546520e+00 -2.760808e-01 4.955467e-01 1.659071e+00 2.925606e-02 1.585837e-01 5.779005e-01 8.900634e-01 -9.785293e-03 1.537151e-01 -5.286446e-01 1.354875e-01 -1.490766e-01 3.971097e-01 1.390857e-02 2.660534e-01 1.113575e-01 1.881070e-01 4.768899e-02 -8.078326e-01 -8.621635e-01 -1.977421e-03 
-5.697183e+00 2.432677e+01 -4.602927e+00 1.466022e+01 -1.280071e+00 -1.559843e+01 -4.349682e+00 -5.040382e+00 6.723682e+00 -1.899427e+00 -2.215629e+00 5.940284e+00 6.969718e-01 -1.661621e+00 7.840599e-01 -8.063395e-01 5.718019e-02 1.329878e+00 6.324674e-02 4.373536e-01 1.710121e+00 3.531997e-01 -2.994710e-01 -6.225681e-01 -3.513173e-02 -8.844279e-03 1.595151e-01 -6.840933e-01 4.646619e-01 -1.895134e-01 7.903935e-02 2.579139e-01 -1.727434e-02 -4.868896e-01 1.924343e-01 1.457092e-02 -4.409175e-01 -6.577973e-01 3.081785e-03 
-7.132570e+00 2.390724e+01 -4.959706e+00 1.677202e+01 -8.397903e-01 -1.465024e+01 -3.274909e+00 -8.555549e+00 9.756237e+00 3.425047e-01 -1.094167e+00 2.450081e+00 6.904542e-01 -1.646395e+00 3.789156e-01 -9.523950e-02 -5.173498e-01 1.046219e+00 4.291125e-01 -2.837368e-02 7.639413e-01 1.436482e+00 -1.339951e-01 -6.972054e-01 -1.113800e+00 -3.297829e-03 2.900131e-01 -6.739201e-01 6.830932e-01 -5.386136e-01 -1.582722e-01 5.864409e-02 -1.273836e-02 -8.361269e-01 -1.817195e-02 4.630383e-02 7.499745e-02 -1.186467e-01 6.046812e-03 
-9.362156e+00 2.395025e+01 -2.989241e+00 1.556228e+01 -6.313804e-01 -1.343580e+01 -6.824048e+00 -3.141052e+00 8.609220e+00 -7.514275e-01 -4.733367e+00 4.695448e+00 6.882406e-01 -1.126558e+00 -6.160017e-01 1.119096e+00 -1.906533e+00 1.131115e+00 6.250129e-01 -2.395058e-01 1.315293e-01 5.933507e-01 -7.044365e-02 -1.325935e-01 -5.197439e-01 5.066128e-03 5.493919e-01 -7.196558e-01 6.933059e-01 -6.113733e-01 -3.187667e-01 -4.781093e-01 3.784259e-01 -9.565037e-01 -5.160151e-01 1.438951e-01 5.146745e-01 5.910739e-01 8.268854e-03 
-1.054298e+01 2.436344e+01 -1.927987e+00 1.309769e+01 1.026758e+00 -1.352663e+01 -8.399970e+00 -4.845794e+00 1.076501e+01 1.087208e+00 -1.315961e+00 -2.918660e-02 6.961286e-01 -6.013931e-01 -1.078597e+00 1.485210e+00 -2.247168e+00 8.545690e-01 -2.637767e-01 7.702367e-01 -1.732181e+00 -1.817053e-01 2.755184e-01 7.078476e-01 5.391840e-01 1.348544e-02 8.290145e-01 -8.534864e-01 5.468643e-01 -3.428142e-01 -6.121641e-01 -7.309306e-01 5.882792e-01 -5.138517e-01 -7.663166e-01 -2.084828e-01 2.404499e-01 1.126531e+00 9.409249e-03 
-9.624915e+00 2.101918e+01 -5.238866e-01 6.964939e+00 3.442057e+00 -1.303463e+01 -2.985003e+00 -6.237686e+00 9.186028e+00 -2.623728e+00 -2.768032e+00 4.581368e+00 7.194763e-01 5.628779e-01 -2.085634e+00 1.869997e+00 -2.135064e+00 -1.680887e-01 -1.980801e+00 1.930190e+00 -1.824376e+00 -1.417876e+00 2.152353e-01 1.248403e+00 2.093853e+00 2.410230e-02 9.955389e-01 -9.541663e-01 3.943590e-01 -5.563295e-02 -9.348380e-01 -5.365059e-01 1.818382e-01 3.211654e-01 -4.928453e-01 -4.018185e-01 -8.206650e-02 6.571634e-01 9.518105e-03 
-1.000835e+01 1.997987e+01 1.233360e+00 9.834838e+00 1.396045e+00 -1.616983e+01 -1.343675e+00 -1.566808e+01 8.559349e+00 2.656187e+00 1.462434e+00 5.203069e+00 7.422618e-01 1.653938e+00 -3.153584e+00 2.263508e+00 -2.117245e+00 -1.364974e+00 -1.922537e+00 1.828261e+00 -8.274510e-01 -1.389503e+00 -1.319200e+00 -1.854359e-01 3.212002e+00 3.423204e-02 1.062461e+00 -1.273088e+00 5.510588e-01 -3.470042e-01 -7.953155e-01 2.373676e-01 -6.628388e-01 1.572103e+00 -3.093272e-01 -4.711188e-01 -2.403354e-01 -3.045473e-01 8.629979e-03 
-6.815164e+00 1.571405e+01 4.779956e+00 6.518853e+00 -1.656672e+00 -2.201832e+01 -7.011094e-01 -6.851645e+00 2.622583e+00 -4.596669e-01 1.194550e-01 1.254832e+01 7.856720e-01 2.723301e+00 -4.349185e+00 2.701590e+00 -2.249763e+00 -2.433244e+00 -1.228080e+00 1.407502e-01 1.284957e+00 -1.267029e+00 -1.282158e+00 -9.640571e-02 1.429833e+00 4.228602e-02 7.239469e-01 -1.326322e+00 7.862679e-01 -7.475816e-01 -1.722335e-01 1.005704e+00 -1.304466e+00 1.851251e+00 -2.359336e-01 9.037731e-02 -3.090138e-02 -1.267117e+00 5.682231e-03 
-3.677987e+00 1.124798e+01 6.737096e+00 2.733924e+00 -3.248387e+00 -1.864749e+01 -4.005971e-01 -8.675908e+00 7.099543e+00 -6.590720e+00 -3.686854e+00 1.204715e+01 8.341769e-01 3.630762e+00 -6.312262e+00 3.824602e+00 -3.924567e+00 -1.989518e+00 5.466045e-01 -1.649326e+00 4.573652e+00 -1.803669e+00 -1.331426e+00 1.784982e-01 -6.515414e-01 4.754462e-02 1.875108e-01 -1.029194e+00 9.053087e-01 -9.531577e-01 5.371436e-01 8.501131e-01 -1.159058e+00 1.400747e+00 -4.361475e-01 7.990788e-01 4.249502e-01 -1.331446e+00 1.343547e-03 
8.267236e-01 3.639316e+00 1.023220e+01 -7.334330e-01 -6.401652e+00 -1.793595e+01 -2.752548e+00 -3.308800e+00 3.580753e+00 -4.411356e+00 -6.755617e-01 8.307982e+00 8.849480e-01 3.194034e+00 -7.137975e+00 5.020809e+00 -4.969136e+00 -7.170690e-01 1.813082e+00 -2.853379e+00 4.731222e+00 -2.390421e+00 6.732900e-01 9.119180e-01 -2.309945e+00 4.585633e-02 -4.257741e-01 -2.043290e-01 4.848135e-01 -5.739294e-01 8.421554e-01 3.972206e-01 -3.268337e-01 1.406290e-01 -2.193740e-01 7.797704e-01 2.949982e-01 -4.186042e-01 -3.599892e-03 
4.324568e+00 -5.543828e+00 1.763008e+01 -6.161836e+00 -6.178922e+00 -1.547802e+01 -8.564810e+00 5.428792e+00 -9.383771e-01 -2.025245e+00 2.752393e+00 4.065497e+00 9.303610e-01 2.355977e+00 -6.905183e+00 5.630499e+00 -5.523425e+00 4.626547e-01 8.075236e-01 -2.470123e+00 4.453113e+00 -3.008507e+00 1.698587e+00 1.435202e+00 -1.575285e+00 3.916960e-02 -7.607748e-01 8.329020e-01 -5.257335e-01 5.674134e-01 3.476434e-01 -5.304899e-02 4.714991e-01 -1.141428e+00 2.968686e-01 4.401948e-01 2.721553e-02 4.455827e-01 -7.838359e-03 
5.153832e+00 -1.158014e+01 2.443797e+01 -1.387874e+01 -3.776724e+00 -1.453762e+01 -1.088583e+01 9.752086e+00 -5.311196e+00 6.237238e-01 1.459380e+00 4.989258e+00 9.668494e-01 1.231674e+00 -5.074478e+00 4.222884e+00 -4.320043e+00 5.513998e-01 6.276668e-01 -1.083034e+00 2.048423e+00 -1.761517e+00 1.101687e+00 7.502037e-01 -2.013785e-01 2.848078e-02 -6.052926e-01 1.384098e+00 -1.562861e+00 1.712281e+00 -3.534593e-01 -2.176743e-01 7.034333e-01 -1.400657e+00 7.650681e-01 -1.605057e-01 -1.867603e-01 7.075356e-01 -9.960185e-03 
5.938013e+00 -1.566827e+01 2.778710e+01 -1.831056e+01 -2.247776e+00 -1.630944e+01 -8.684131e+00 7.059305e+00 -3.497164e+00 -6.154086e-01 2.421506e+00 5.830509e+00 9.890552e-01 8.080143e-01 -3.179712e+00 1.594799e+00 -1.412101e+00 -8.856196e-01 8.739898e-01 -1.771300e-01 2.078760e-01 -6.339405e-01 6.554956e-01 3.955222e-01 5.221530e-01 1.704469e-02 -2.668900e-01 1.359498e+00 -2.055027e+00 2.237761e+00 -5.874310e-01 -1.180029e-01 3.259626e-01 -1.063775e+00 9.867140e-01 -3.478810e-01 -2.736113e-01 1.922614e-01 -1.010187e-02 
6.178458e+00 -1.667092e+01 2.626791e+01 -1.625992e+01 -5.610365e+00 -1.438192e+01 -8.108295e+00 6.117817e+00 -3.947463e+00 3.924916e-01 3.240673e+00 6.418488e+00 9.979796e-01 9.414943e-01 -2.080282e+00 -7.755347e-01 1.536842e+00 -1.810266e+00 6.915998e-01 -4.827351e-01 -1.494749e-01 2.475659e-01 3.923320e-01 4.979172e-01 1.789182e-01 7.119754e-03 6.359344e-02 9.609005e-01 -1.794058e+00 1.738818e+00 -1.245726e-01 -2.296232e-01 -1.769323e-01 -3.592381e-01 7.609452e-01 -1.127385e-01 -2.573441e-01 -4.856384e-01 -8.989121e-03 
7.852014e+00 -1.889690e+01 2.468875e+01 -1.203200e+01 -9.690202e+00 -1.118547e+01 -1.083942e+01 8.285126e+00 -4.789758e+00 1.367747e+00 3.839434e+00 5.961450e+00 9.999999e-01 1.166710e+00 -1.604781e+00 -2.145394e+00 2.736936e+00 -1.293717e+00 1.855639e-01 -1.140500e+00 2.331724e-01 9.206624e-01 3.138914e-01 1.933023e-01 -8.041440e-01 -6.685240e-04 1.764129e-01 6.722789e-01 -1.163520e+00 5.800500e-01 7.090719e-01 -2.404792e-01 -2.360285e-01 -2.542765e-01 4.823289e-01 1.533814e-01 -2.382499e-01 -7.648973e-01 -7.786523e-03 
8.904418e+00 -2.036702e+01 2.210891e+01 -9.334479e+00 -9.107019e+00 -1.364132e+01 -1.222222e+01 8.391646e+00 -3.427125e+00 1.593879e+00 3.239840e+00 5.818312e+00 9.969783e-01 1.370356e+00 -1.057190e+00 -2.877212e+00 2.299422e+00 1.325356e-01 -1.762005e-01 -1.486022e+00 2.395727e-01 1.265937e+00 7.087578e-01 -4.354607e-01 -1.966420e+00 -7.609889e-03 1.541055e-01 6.215443e-01 -6.079360e-01 -3.055698e-01 9.157830e-01 2.906641e-01 -9.434325e-02 -4.437618e-01 -2.958646e-02 3.482281e-01 -9.119651e-02 -5.241154e-01 -6.684141e-03 
1.040902e+01 -2.184419e+01 1.913958e+01 -8.088282e+00 -6.968076e+00 -1.575153e+01 -1.232961e+01 7.088661e+00 8.459531e-01 3.530461e-01 3.388073e+00 2.109635e+00 9.862267e-01 1.475668e+00 -3.296935e-01 -3.172038e+00 1.106939e+00 1.688447e+00 1.055873e-01 -8.556260e-01 -1.257948e+00 1.268488e+00 1.264137e+00 -3.290563e-01 -2.229628e+00 -1.452911e-02 8.723924e-02 6.271572e-01 -2.085955e-01 -5.443998e-01 4.651408e-01 9.276717e-01 1.148207e-02 -5.413911e-01 -5.977225e-01 2.966832e-01 2.639005e-01 5.063503e-02 -5.134241e-03 
1.175197e+01 -2.048336e+01 1.465652e+01 -6.733962e+00 -6.308721e+00 -1.298013e+01 -1.479293e+01 7.914402e+00 -4.352737e-01 4.443475e+00 1.288940e+00 -1.487833e+00 9.668143e-01 1.557634e+00 3.897761e-01 -3.302073e+00 8.237392e-01 1.277544e+00 2.184979e+00 -1.096946e+00 -1.622766e+00 -7.433650e-02 1.658277e+00 3.032022e-01 -1.728952e+00 -1.937257e-02 -4.208765e-02 4.886784e-01 9.468264e-02 -3.487335e-01 -1.528863e-01 1.009165e+00 2.234750e-01 -4.314065e-01 -7.520740e-01 -1.111014e-01 5.730695e-01 5.803811e-01 -2.601182e-03 
1.380714e+01 -2.048759e+01 1.255521e+01 -7.796659e+00 -2.647228e+00 -1.098877e+01 -1.383217e+01 2.233605e+00 5.719558e-02 6.263408e+00 3.169610e+00 -1.533393e+00 9.424477e-01 1.509419e+00 8.075123e-01 -2.975896e+00 7.528096e-01 4.594572e-01 3.643375e+00 -1.277617e+00 -1.542610e+00 -1.397872e+00 1.322483e+00 1.143541e+00 -6.698305e-01 -2.045750e-02 -1.948930e-01 2.549134e-01 2.875369e-01 -7.884422e-02 -5.755157e-01 4.898246e-01 3.625072e-01 1.409176e-01 -5.494409e-01 -4.473191e-01 4.620264e-01 6.392561e-01 7.560709e-04 
1.499343e+01 -1.909644e+01 8.891101e+00 -5.361106e+00 -4.879407e+00 -5.098254e+00 -1.695573e+01 2.704978e+00 -3.404390e+00 6.930241e+00 4.864850e+00 -1.004607e+00 9.220162e-01 1.142983e+00 8.175859e-01 -2.501830e+00 7.329147e-01 -1.748289e-02 3.100668e+00 -1.576716e-01 -1.775155e+00 -1.161191e+00 1.239633e-01 1.693657e+00 1.555972e-01 -1.765107e-02 -2.920415e-01 -2.160555e-02 4.229908e-01 -8.276819e-02 -4.708062e-01 -3.680191e-01 6.231122e-01 4.436784e-01 4.942922e-02 -4.410649e-01 -7.775112e-03 3.779473e-01 3.912891e-03 
1.633500e+01 -1.850064e+01 7.143546e+00 -5.010169e+00 -5.385197e+00 -1.475714e+00 -1.763630e+01 1.979886e+00 -4.659215e+00 5.722393e+00 7.317632e+00 -1.480658e+00 9.063457e-01 7.085387e-01 7.308592e-01 -2.134353e+00 7.581725e-01 -5.416667e-01 2.096799e+00 4.871815e-01 -4.771100e-01 -9.352264e-01 -2.054149e-01 1.285824e+00 2.438035e-02 -1.160090e-02 -3.480888e-01 -1.548222e-01 4.169270e-01 -2.012188e-01 -2.175475e-01 -9.120220e-01 8.289859e-01 4.445445e-01 6.360329e-01 -2.260703e-01 -5.699890e-01 5.329750e-02 6.091736e-03 
1.620249e+01 -1.738941e+01 4.853251e+00 -4.462757e+00 -5.027183e+00 -2.232919e+00 -1.367882e+01 -8.345121e-01 -3.882925e+00 5.333719e+00 7.682940e+00 -7.362675e-01 8.966306e-01 4.977873e-01 3.200485e-01 -1.607809e+00 4.073304e-01 -5.759250e-01 1.118142e+00 1.136308e+00 6.295456e-02 -5.841489e-02 2.169300e-01 1.930967e-01 -1.862827e-01 -4.233308e-03 -3.183642e-01 -1.431143e-01 3.841008e-01 -3.974838e-01 -1.896037e-02 -7.570870e-01 6.987689e-01 2.801737e-01 9.102197e-01 -4.222090e-02 -9.698092e-01 -2.443411e-01 6.584180e-03 
1.674486e+01 -1.768696e+01 3.901636e+00 -4.455342e+00 -5.281907e+00 -1.937095e+00 -1.303449e+01 1.618388e+00 -4.379795e+00 6.034896e+00 8.189818e+00 -1.545231e+00 8.971226e-01 9.151056e-02 2.821154e-01 -1.338336e+00 -9.056104e-02 -3.491028e-01 7.446518e-02 2.220429e+00 -2.387745e-01 1.230930e+00 1.456313e-01 -9.562772e-01 -2.323441e-01 3.289272e-03 -2.966703e-01 -1.398693e-01 4.731420e-01 -5.873640e-01 1.438811e-01 -3.341760e-01 4.925101e-01 -7.466377e-02 9.532883e-01 -1.633600e-01 -9.650819e-01 -4.466460e-01 5.013545e-03 
1.727766e+01 -1.790272e+01 2.472094e+00 -3.602096e+00 -7.810856e+00 7.237588e-01 -1.357497e+01 3.200674e+00 -3.835989e+00 7.858570e+00 5.394491e+00 -1.903973e+00 9.054497e-01 -1.403032e-01 3.263444e-01 -9.794461e-01 -8.301322e-01 -2.084808e-01 3.264578e-01 2.469568e+00 -4.934156e-01 2.306762e+00 -2.627927e-01 -2.034303e+00 -9.377800e-01 7.828282e-03 -3.032510e-01 -1.268897e-01 5.689308e-01 -6.561997e-01 3.440929e-01 2.633106e-02 9.950580e-02 -1.279529e-01 6.784540e-01 -3.521204e-01 -6.720875e-01 -4.575107e-01 1.967308e-03 
1.625531e+01 -1.683309e+01 1.642233e+00 -5.893690e+00 -5.738641e+00 -2.581679e+00 -6.586289e+00 -1.231656e+00 1.472265e+00 5.188179e+00 3.680375e+00 -2.058591e+00 9.183797e-01 -4.556054e-01 2.838864e-02 -8.297210e-02 -1.559842e+00 -5.867713e-03 8.217577e-01 2.283168e+00 -5.722004e-01 2.648566e+00 -7.823411e-01 -2.425790e+00 -1.833074e+00 7.435271e-03 -2.207138e-01 -1.586811e-01 4.938864e-01 -4.463006e-01 3.645534e-01 3.921205e-01 -4.518728e-01 5.483518e-02 1.084780e-01 -3.128740e-01 -3.114753e-01 -2.207654e-01 -1.381305e-03 
1.574573e+01 -1.618440e+01 1.085559e+00 -7.894278e+00 -5.841018e+00 -2.784079e-01 -4.555180e+00 -1.877068e+00 4.724836e+00 4.443135e+00 -2.336390e-01 -5.168528e+00 9.251257e-01 -7.448968e-01 -1.875624e-01 6.091816e-01 -2.139043e+00 9.730047e-01 8.762817e-01 1.602490e+00 -4.102115e-01 2.625092e+00 -1.079641e+00 -2.432678e+00 -1.673407e+00 3.532829e-03 -9.612721e-02 -4.151351e-02 2.295894e-01 -1.511384e-01 2.872850e-01 4.762728e-01 -7.746122e-01 2.406832e-01 -2.923588e-01 -3.138814e-01 2.135697e-01 1.606552e-01 -3.484124e-03 
1.523251e+01 -1.840404e+01 4.180275e+00 -1.010802e+01 -6.296229e+00 2.672560e+00 -6.128450e+00 1.296311e+00 4.582559e+00 3.831050e+00 -1.124979e+00 -9.078460e+00 9.244757e-01 -7.097505e-01 -2.542995e-01 3.368454e-01 -1.667794e+00 8.828892e-01 1.760126e+00 3.945270e-01 -6.229789e-03 1.614171e+00 -1.010279e+00 -2.314553e+00 -9.683586e-01 -1.471154e-03 4.636101e-02 2.501337e-01 -1.724410e-01 7.079866e-02 1.680124e-01 3.375125e-01 -7.358423e-01 2.929909e-01 -4.485843e-01 -2.229222e-01 6.087090e-01 4.364788e-01 -3.789957e-03 
1.406489e+01 -1.805572e+01 4.249330e+00 -1.219017e+01 -2.667033e+00 2.477940e+00 -5.791258e+00 -1.144524e-01 7.734656e+00 3.138714e+00 -4.366394e+00 -6.761343e+00 9.200662e-01 -4.937970e-01 2.600796e-01 -4.126296e-02 -1.531990e+00 7.835076e-01 2.238658e+00 -4.590941e-01 4.268581e-01 1.362181e+00 -1.718182e+00 -1.022073e+00 -5.666762e-01 -5.141110e-03 1.770263e-01 3.923835e-01 -3.067095e-01 1.929072e-01 -1.120857e-01 1.792624e-01 -4.727126e-01 2.592160e-01 -4.794545e-01 -6.239336e-04 9.423946e-01 2.271312e-01 -3.174835e-03 
1.354711e+01 -1.716942e+01 1.744603e+00 -1.208452e+01 -2.911397e+00 4.840375e+00 -3.995697e+00 -2.144207e+00 8.038278e+00 7.889868e-01 -5.825682e+00 -6.104127e+00 9.135485e-01 -3.495319e-01 1.055101e+00 -6.198751e-01 -1.509500e+00 9.289584e-01 1.828160e+00 -3.652576e-01 4.744033e-01 1.037013e+00 -1.577642e+00 -8.746156e-02 -2.038945e-01 -7.183665e-03 1.836628e-01 3.674328e-01 -1.861642e-01 1.285941e-01 -4.309171e-02 -3.127554e-01 4.524518e-02 -7.807012e-02 -2.860211e-01 2.973548e-01 1.057609e+00 -4.710346e-02 -1.953231e-03 
1.411908e+01 -1.550187e+01 2.097142e+00 -1.456641e+01 -3.616151e+00 9.830449e+00 -7.917382e+00 1.977789e+00 9.807940e+00 -2.626788e+00 -2.993435e+00 -9.489219e+00 9.049051e-01 -3.981251e-02 1.119634e+00 -4.460870e-01 -1.253634e+00 3.896356e-01 1.738412e+00 -3.810789e-01 6.456879e-01 5.163962e-01 -7.992882e-01 1.165849e+00 -9.200715e-01 -9.486383e-03 1.315751e-01 1.650645e-01 -1.731705e-01 2.221707e-01 1.246241e-01 -7.529705e-01 5.872095e-01 -6.154070e-01 -2.821027e-01 6.559449e-01 7.246184e-01 -1.760155e-02 -3.082976e-04 
1.345740e+01 -1.440475e+01 2.157110e+00 -1.646690e+01 -1.176781e+00 8.136991e+00 -6.891663e+00 2.622362e+00 8.730962e+00 -1.174446e+00 -2.248940e+00 -8.734067e+00 8.961387e-01 -1.849630e-02 1.153003e+00 -3.917015e-01 -1.163847e+00 8.643571e-01 4.464830e-01 5.818363e-01 -5.060638e-01 6.070270e-01 1.707579e-02 1.879633e+00 -1.027193e+00 -9.060158e-03 1.275040e-01 -3.857555e-02 -2.723787e-01 3.453434e-01 1.859454e-01 -7.646279e-01 7.113070e-01 -8.626848e-01 -3.160737e-01 7.100504e-01 3.261422e-01 1.143626e-01 1.732318e-03 
1.391051e+01 -1.383996e+01 1.812445e+00 -1.626672e+01 -1.585983e+00 9.522170e+00 -6.248655e+00 7.309992e-01 9.970386e+00 1.241943e-01 -3.255211e-01 -1.004670e+01 8.813466e-01 -1.367205e-03 1.036528e+00 -1.021155e+00 -5.939884e-01 1.438982e+00 -8.353138e-01 2.003477e+00 -2.160088e+00 1.667331e-01 7.640778e-01 1.617374e+00 -2.431821e-01 -5.738931e-03 9.521411e-02 -3.804935e-02 -4.152185e-01 2.866169e-01 2.847274e-01 -6.793827e-01 5.988489e-01 -7.325508e-01 -4.751954e-01 6.178319e-01 -2.166067e-01 4.257001e-01 3.451549e-03 
1.355895e+01 -1.223517e+01 -7.140020e-02 -1.705386e+01 3.954342e-01 7.226685e+00 -1.920394e+00 -4.050667e+00 1.099236e+01 -5.008126e-01 2.238852e+00 -1.096150e+01 8.800290e-01 2.687650e-01 9.038404e-01 -1.694363e+00 -1.125319e-01 1.333924e+00 -7.080508e-01 1.999022e+00 -2.436216e+00 -3.685802e-01 1.190902e+00 1.317489e+00 2.941226e-02 -3.972905e-04 6.097233e-02 -1.235317e-02 -1.568485e-01 5.929278e-02 6.426568e-02 -2.081297e-01 1.146543e-01 -1.410587e-01 -6.462086e-01 4.584958e-01 -5.368057e-01 5.457260e-01 2.494309e-03 
1.406170e+01 -1.140386e+01 -1.894066e+00 -1.724354e+01 2.792757e+00 6.108783e+00 -3.860134e-01 -5.486593e+00 9.510919e+00 8.569962e-01 2.849549e+00 -9.591102e+00 8.842629e-01 2.927457e-01 1.053841e+00 -1.870877e+00 -3.460807e-01 1.578495e+00 -1.081275e+00 1.904458e+00 -2.052044e+00 -1.371744e+00 1.703066e+00 3.638579e-01 6.800777e-01 3.444263e-03 -4.409531e-02 2.172461e-01 2.260788e-01 -1.534661e-01 -2.682173e-01 3.543065e-01 -3.844321e-01 2.956466e-01 -4.564551e-01 -4.675417e-02 -5.054764e-01 6.303669e-01 -1.189512e-03 
1.472611e+01 -1.110349e+01 -4.461184e+00 -1.654166e+01 3.303422e+00 6.302885e+00 1.717021e-01 -6.450307e+00 7.117877e+00 4.413551e+00 2.750727e+00 -8.814784e+00 8.926954e-01 1.393451e-01 1.082488e+00 -7.509999e-01 -9.915403e-01 1.115911e+00 -4.713781e-01 1.204685e+00 -1.265415e+00 -1.854700e+00 1.840095e+00 -1.775198e-01 1.239685e+00 -1.177779e-03 -1.435861e-01 5.014827e-01 4.442366e-01 -2.551568e-01 -3.622452e-01 6.292770e-01 -5.614210e-01 3.422386e-01 -1.865616e-01 -5.052862e-01 -3.011403e-01 6.804385e-01 -6.494076e-03 
1.479078e+01 -9.136283e+00 -5.347379e+00 -1.825372e+01 4.852176e+00 4.577767e+00 2.227560e+00 -8.329508e+00 5.048993e+00 6.182137e+00 1.237586e+00 -7.719544e+00 8.922211e-01 -1.570517e-01 2.033491e+00 -3.623961e-01 -9.218217e-01 2.068597e-01 8.178976e-01 4.783616e-01 -1.267244e+00 -1.372458e+00 2.057934e-01 -1.624073e-01 2.303548e+00 -1.129645e-02 -1.328786e-01 6.085208e-01 2.038755e-01 3.249008e-02 -4.087628e-01 5.695325e-01 -2.284543e-01 3.416616e-02 1.152245e-01 -9.116437e-01 5.024910e-02 4.609563e-01 -9.656079e-03 
1.389093e+01 -7.956660e+00 -2.100017e+00 -2.150668e+01 4.945107e+00 5.635985e+00 2.796324e+00 -8.955628e+00 3.950013e+00 6.036937e+00 2.156963e+00 -5.698749e+00 8.701559e-01 -2.242992e-01 2.921535e+00 -2.273185e-01 -1.100357e+00 2.085563e-01 1.488832e+00 -9.511398e-02 -1.117294e+00 -1.301015e+00 -5.870868e-01 7.486951e-02 2.619784e+00 -2.549470e-02 -3.729157e-02 4.785052e-01 -4.005378e-01 5.438697e-01 -1.944091e-01 -5.898701e-02 1.822661e-01 -3.165141e-02 2.917576e-01 -1.275355e+00 7.991004e-02 -2.082228e-02 -8.218491e-03 
1.369375e+01 -2.809474e+00 -4.886412e+00 -1.936955e+01 3.006042e+00 1.053212e+01 6.936212e-01 -1.057021e+01 4.232734e+00 1.074627e+00 2.334343e+00 3.682998e-01 8.390432e-01 -1.899141e-01 3.176993e+00 -1.113297e+00 -1.293128e-01 -1.167530e-02 7.864137e-01 1.412089e+00 -1.955278e+00 -1.072397e+00 -1.641557e+00 4.889731e-01 2.294839e+00 -3.267409e-02 -6.032391e-02 -1.109283e-01 -3.327425e-01 7.457213e-01 2.565341e-01 -8.340627e-01 2.945530e-01 4.025136e-01 -1.568461e-02 -1.251891e+00 -2.343105e-01 -7.897614e-01 -3.468574e-03 
1.415323e+01 3.408860e-01 -5.828335e+00 -2.148506e+01 5.269605e+00 1.076982e+01 4.633758e-01 -1.091661e+01 1.020866e+00 4.032018e+00 2.576401e+00 2.402288e-01 7.918208e-01 -3.080387e-02 2.903119e+00 -2.378202e+00 1.331492e+00 2.531247e-01 -7.503914e-01 1.649226e+00 -1.079502e+00 -5.458612e-01 -3.612984e+00 -1.037050e-01 1.139917e+00 -3.158361e-02 -1.174865e-01 -4.847945e-01 1.082232e-03 9.508983e-01 3.869396e-01 -1.050564e+00 -1.945628e-01 7.723621e-01 -3.088502e-01 -1.172811e+00 -4.896727e-01 -1.002802e+00 9.219465e-04 
1.371014e+01 2.600007e+00 -9.049045e+00 -1.891111e+01 4.631883e+00 5.942707e+00 1.045408e+01 -1.712539e+01 1.151409e+00 -1.023465e+00 3.472738e+00 7.847995e-01 7.679987e-01 -5.555886e-01 1.487947e+00 -9.508221e-01 1.590990e+00 1.467172e+00 -2.232793e+00 1.078933e+00 7.263014e-01 -1.828470e+00 -4.540593e+00 -1.244649e+00 -9.054596e-01 -2.559434e-02 -1.515052e-01 -3.604794e-01 5.610890e-01 9.508318e-01 3.224590e-01 -4.640475e-01 -1.201594e+00 7.534829e-01 -7.217148e-01 -2.381590e-01 -3.194004e-01 -9.226273e-01 9.945171e-04 
1.372881e+01 3.853664e+00 -1.190934e+01 -1.507860e+01 5.397881e+00 4.178146e+00 6.162061e+00 -1.107555e+01 2.761193e+00 -1.097903e+01 1.069089e+00 -2.074815e-01 7.477605e-01 -6.287996e-01 1.341881e+00 -3.031037e-01 2.794026e+00 1.403876e+00 -2.254506e+00 -9.013622e-01 1.403668e+00 -2.467171e+00 -5.001553e+00 -1.506805e+00 -7.939833e-01 -2.442084e-02 -2.463115e-01 -4.109349e-03 9.328007e-01 9.771024e-01 -3.662258e-02 2.428320e-01 -1.241134e+00 -2.616661e-02 -8.355192e-01 9.650050e-01 3.438924e-01 -4.131934e-01 -4.341148e-03 
1.112808e+01 2.873584e+00 -6.599440e+00 -1.461769e+01 1.027754e+01 2.663738e+00 3.238695e+00 -6.859194e+00 -5.779830e+00 -1.412277e+01 -3.135561e+00 -3.935172e+00 7.330914e-01 -6.483395e-01 2.155318e+00 6.547073e-01 3.893435e+00 1.025273e+00 -7.818754e-01 -3.320562e+00 5.704080e-01 -3.720386e+00 -2.138106e+00 -4.065722e-01 -1.351268e+00 -3.127917e-02 -2.969492e-01 1.629158e-01 5.304512e-01 1.071743e+00 -5.466604e-01 6.629379e-01 -5.799929e-01 -2.363787e-01 -1.575653e-01 1.475418e+00 5.624564e-01 -3.117157e-02 -1.281117e-02 
1.230026e+01 6.913772e+00 -8.569300e+00 -9.660703e+00 9.465834e+00 1.136874e+00 -4.355096e-01 -9.031116e+00 -7.849448e+00 -1.442609e+01 -1.653510e+00 -1.370165e+00 6.871690e-01 -1.216010e+00 2.548972e+00 1.483029e+00 5.065677e+00 2.909066e-01 -2.617260e-01 -2.356737e+00 -1.132380e+00 -3.777541e+00 1.078117e-02 1.196691e+00 -7.031186e-01 -5.044819e-02 -5.307302e-01 -3.780633e-01 2.513368e-01 4.624639e-01 -6.931335e-01 6.479290e-01 5.478833e-01 4.601906e-01 5.742924e-01 1.264075e+00 -6.556760e-02 8.267058e-02 -2.040516e-02 
1.118319e+01 1.184661e+01 -7.445656e+00 -2.152627e+00 7.724210e+00 3.553803e+00 -2.849772e+00 -1.529526e+01 -1.214526e+01 -9.990852e+00 2.801249e+00 -5.390231e+00 6.418966e-01 -1.746759e+00 1.699176e+00 8.083223e-01 5.813898e+00 -7.096953e-01 8.544236e-02 -1.093309e+00 8.124008e-01 -1.961150e+00 3.303542e-01 2.159197e-01 -1.106833e+00 -7.663606e-02 -6.202943e-01 -1.186572e+00 -2.766187e-01 -6.509455e-01 -5.462091e-01 5.561628e-01 1.499883e+00 1.252253e+00 1.271668e+00 4.297011e-01 -9.794490e-01 4.061610e-01 -2.531405e-02 
7.621131e+00 1.211172e+01 -4.071089e+00 4.017191e+00 8.129147e+00 2.424484e+00 -2.577102e+00 -1.251944e+01 -1.294392e+01 -1.299109e+01 4.084268e+00 -2.995267e+00 5.411273e-01 -2.733141e+00 -3.202495e-01 8.767471e-01 4.146187e+00 -1.194270e+00 5.515503e-01 7.245005e-01 3.583737e+00 -4.752346e-01 8.462191e-02 -2.145848e+00 -5.030031e-01 -1.037705e-01 -3.678865e-01 -1.489576e+00 -7.939970e-01 -1.693125e+00 -3.046550e-01 5.415910e-01 1.269233e+00 9.310749e-01 1.220660e+00 1.710108e-01 -1.113016e+00 5.687864e-01 -2.466437e-02 
4.733963e+00 8.769580e+00 -4.807061e+00 7.612442e+00 7.397274e+00 2.447320e+00 -1.156739e+00 -1.052585e+00 -1.303853e+01 -1.318866e+01 -4.924349e+00 -8.656578e+00 4.229131e-01 -2.991219e+00 -2.342981e+00 -4.250961e-01 1.098635e+00 -9.631411e-01 1.592211e+00 2.638237e+00 4.473685e+00 9.867983e-01 -2.650235e-02 -3.632427e+00 5.794393e-01 -1.311872e-01 -1.565343e-02 -1.044848e+00 -8.048023e-01 -2.120771e+00 -3.680312e-02 3.850167e-01 7.069423e-01 -4.398935e-01 8.466051e-01 4.007385e-01 -3.984600e-02 6.684574e-01 -1.655547e-02 
1.859546e+00 6.851019e+00 -5.504265e+00 6.187687e+00 3.658085e+00 4.448020e+00 2.340694e+00 1.766006e+00 -9.779355e+00 -1.240417e+01 -8.519967e+00 -2.251595e+00 2.777850e-01 -2.433191e+00 -2.877979e+00 -1.870195e+00 -1.042056e+00 -1.105590e+00 1.692815e+00 2.123592e+00 1.692292e+00 8.517708e-01 1.044188e+00 -2.444295e+00 1.297649e+00 -1.464925e-01 3.785175e-01 -1.729762e-01 -5.422378e-01 -1.461611e+00 1.551945e-01 1.350005e-01 -1.092778e-01 -1.035600e+00 6.872790e-01 6.930506e-01 1.198823e+00 1.029397e-01 -1.630119e-03 
-8.923708e-01 2.762884e+00 -8.854603e+00 2.255092e+00 5.144376e+00 1.050358e+01 7.882494e+00 -6.957972e-02 -8.793317e+00 -1.041693e+01 -9.058769e+00 -2.864685e+00 1.176363e-01 -1.975020e+00 -2.246338e+00 -1.842253e+00 -2.195787e+00 -9.380836e-01 1.439857e+00 1.741790e+00 -4.412988e-01 1.608252e+00 1.854258e+00 1.659558e-01 1.335194e+00 -1.380566e-01 5.549687e-01 6.307967e-01 1.645296e-01 -3.958876e-01 9.408383e-02 -2.654334e-01 -7.314348e-01 -6.686962e-01 5.646837e-01 7.481215e-01 1.757051e+00 -3.693914e-01 1.702916e-02 
-1.731653e+00 7.258673e-01 -1.139870e+01 1.485255e+00 3.727859e+00 6.860279e+00 3.521089e+00 -4.549718e+00 -1.080793e+01 -9.156036e+00 -6.069961e+00 5.968186e-01 -3.868255e-02 -1.348729e+00 -1.233320e+00 -1.125973e+00 -1.514517e+00 -4.308005e-01 1.302703e+00 6.262995e-01 8.631462e-01 2.650301e+00 2.609491e+00 1.949027e+00 -3.660770e-01 -1.084922e-01 4.553663e-01 8.336474e-01 7.529402e-01 4.008776e-01 2.427233e-01 -3.218628e-01 -5.606080e-01 3.430468e-01 3.873329e-01 2.503431e-01 1.388838e+00 -4.178312e-01 3.125126e-02 
-3.346008e+00 6.010657e-01 -1.107160e+01 -1.015171e+00 2.672099e+00 8.440598e+00 6.961955e+00 -1.010325e-01 -4.482836e+00 -5.541674e+00 -5.319359e+00 -3.404951e+00 -1.091121e-01 -7.584732e-01 -1.111844e-02 2.538989e-02 -6.446772e-01 -8.301539e-01 4.602346e-01 -2.703300e-01 1.544780e+00 2.910966e+00 2.931364e+00 2.956117e+00 -4.357497e-01 -6.504498e-02 4.122016e-01 6.842061e-01 7.772864e-01 7.321537e-01 3.602808e-01 -3.748679e-01 -4.040310e-01 5.530280e-01 -4.293670e-01 -2.471416e-01 5.783992e-01 1.560174e-01 3.463098e-02 
-3.657039e+00 1.765176e+00 -1.002549e+01 2.501792e-01 2.740045e+00 1.199307e+01 5.932258e+00 6.097269e+00 1.317154e+00 -1.794353e+00 -6.441941e-01 -3.812123e+00 -1.512926e-01 -7.645636e-01 1.725659e-01 9.605743e-01 1.867565e-01 5.410054e-02 5.732633e-01 3.266956e-01 2.414613e+00 2.137033e+00 1.757296e+00 3.104878e+00 9.395626e-02 -2.674016e-02 2.907381e-01 3.617761e-01 3.701040e-01 4.911289e-01 4.001487e-01 -3.511158e-01 1.143119e-01 -8.020630e-02 -9.612833e-01 -4.411908e-01 -6.862638e-02 9.624459e-01 3.058258e-02 
-3.722160e+00 2.186822e+00 -9.413698e+00 -3.503680e-01 1.487453e+00 1.023786e+01 5.325046e+00 2.331318e+00 -3.010639e-01 5.591148e-01 3.009163e+00 -2.839215e+00 -1.512926e-01 -2.060282e-01 4.716235e-01 1.001057e+00 6.140643e-01 6.208951e-01 -6.968569e-02 -1.285751e-01 1.548285e+00 -2.818278e-01 1.044552e+00 2.480124e+00 1.885221e+00 -5.777678e-03 1.974933e-01 2.167453e-02 -1.131258e-01 3.248590e-01 3.347954e-01 -2.039767e-01 3.581851e-01 -5.448552e-01 -8.467974e-01 -5.723619e-01 -7.928168e-01 7.813119e-01 1.873284e-02 
-5.366115e+00 7.963768e-01 -7.425060e+00 2.087038e+00 4.590445e+00 8.828282e+00 5.972915e+00 6.306954e+00 -2.213370e+00 -3.419779e+00 5.290117e+00 7.837233e-01 -1.512926e-01 -1.713893e-01 3.342144e-01 2.366617e-01 3.118349e-01 8.444547e-01 -1.879015e-01 1.126852e+00 4.605359e-01 -5.596396e-01 1.346936e+00 1.843857e+00 3.285739e+00 1.478625e-02 1.033005e-01 -1.564009e-01 -3.049314e-01 1.431593e-01 -2.772511e-03 -1.486038e-01 2.524454e-01 -9.522891e-01 -4.204398e-01 -5.217403e-01 -1.189903e+00 1.311533e-01 6.558261e-03 
-3.521333e+00 3.443300e+00 -7.366910e+00 1.136789e+00 4.851262e+00 9.674753e+00 6.299060e+00 7.535291e+00 -4.126776e+00 4.934857e-01 4.113970e+00 3.723257e+00 -1.379937e-01 -6.772659e-02 1.626894e-02 -1.782489e-01 9.169857e-01 4.486251e-01 -1.792162e-01 1.120396e+00 -2.023537e-01 2.537772e-02 2.746710e-01 -3.775808e-01 1.874771e+00 7.861495e-03 -1.498879e-01 -3.220666e-01 7.145970e-03 4.412897e-02 -4.031963e-01 -1.776746e-01 -8.805278e-02 -7.949043e-01 -5.813978e-02 -9.060191e-01 -1.280137e+00 -9.577548e-01 -2.278070e-03 
-4.614267e+00 2.808010e+00 -9.865580e+00 1.066355e+00 5.280574e+00 1.133552e+01 1.107942e+01 5.797418e+00 4.315896e-01 4.973269e+00 8.022710e+00 9.335421e+00 -8.400765e-02 -3.173039e-01 -3.817925e-01 2.538989e-02 7.512526e-01 1.262712e-01 -1.150419e-01 9.643655e-01 -1.471597e+00 -1.187333e-01 -4.663995e-01 -1.415718e+00 7.549758e-01 -7.626255e-04 -1.970122e-01 -1.571025e-01 3.879305e-01 3.175849e-02 -4.648485e-01 -4.122811e-01 -7.861661e-01 -1.942901e-01 -1.442427e-01 -8.383558e-01 -8.576537e-01 -1.423516e+00 -7.487601e-03 
-4.437121e+00 1.262444e+00 -9.084783e+00 4.745015e+00 3.385689e+00 8.088205e+00 8.373920e+00 1.574354e+00 -1.496851e+00 -2.263958e+00 -2.450202e-01 2.258871e+00 -1.456357e-01 -8.823103e-01 -7.807982e-01 1.142268e+00 6.149293e-01 -1.036030e+00 -9.945432e-01 -4.876451e-01 -1.460320e+00 -7.930545e-01 -2.578850e+00 -2.290702e+00 -1.638087e+00 -9.386745e-03 -1.257402e-01 1.073577e-01 2.248023e-01 -4.079255e-01 -2.853680e-01 -2.584754e-01 -7.111940e-01 5.490443e-01 6.769614e-03 1.619023e-01 3.104775e-01 -6.778517e-01 -3.124727e-03 
-6.494569e+00 -2.223740e-02 -6.438919e+00 4.039434e+00 5.954859e+00 9.045739e+00 9.757161e+00 1.929561e+00 -4.122009e+00 -4.372931e+00 3.912153e-01 5.290602e+00 -1.512926e-01 -7.490839e-01 -5.267170e-02 1.516015e+00 6.215032e-01 -7.374282e-01 -1.841595e+00 -2.000031e+00 1.179668e-01 -8.717440e-01 -1.418098e+00 -1.487785e+00 -2.075380e+00 -1.402539e-02 1.094351e-01 3.040694e-01 -1.572588e-01 -4.496925e-01 -1.533376e-01 -6.481574e-02 -2.302515e-01 8.871965e-01 5.437969e-01 9.821307e-01 9.085162e-01 -8.111127e-03 9.789662e-04 
-6.993221e+00 9.543178e-01 -3.369038e+00 2.725274e+00 -6.658107e-01 5.846175e+00 4.522059e+00 2.168183e+00 -5.815033e+00 -7.727838e+00 -3.523909e+00 -2.444957e+00 -1.512926e-01 -4.806013e-01 3.885169e-01 2.004047e-01 -1.057626e+00 -5.463650e-01 -6.082912e-01 -9.533724e-01 1.748218e+00 4.355634e-01 1.559984e+00 1.210879e+00 -9.928866e-02 -1.127961e-03 2.174584e-01 2.008900e-01 -5.344872e-01 -3.040401e-01 2.470862e-01 5.401703e-01 5.388114e-01 4.657908e-01 7.022371e-01 1.045471e+00 9.022596e-01 7.670977e-01 3.280490e-03 
-7.081111e+00 2.698720e+00 -5.143245e+00 5.183686e+00 3.619084e+00 3.248119e+00 3.005356e+00 6.090139e+00 -1.767838e+00 6.142025e-01 2.223029e+00 1.310716e+00 -1.512926e-01 2.908452e-02 5.537856e-01 -2.898822e-01 -6.607661e-01 -8.852281e-01 -6.322963e-01 4.591354e-02 1.360085e+00 1.985982e+00 2.374774e+00 1.376088e+00 -5.506586e-02 1.256812e-06 1.681034e-01 -7.668132e-02 -3.915106e-01 -2.138135e-02 -2.682243e-03 6.894951e-01 8.775551e-01 -4.573294e-01 1.069107e-01 -2.423145e-01 2.369329e-02 5.610138e-01 2.917637e-03 
-6.546484e+00 1.844851e+00 -8.730426e+00 -1.115262e+00 1.821701e+00 7.945483e+00 6.982725e+00 8.234801e+00 -4.957781e-01 3.042480e+00 4.893719e+00 3.752315e+00 -1.512926e-01 -1.842044e-01 -7.958689e-02 -6.270992e-01 -2.640791e-01 2.732881e-01 1.101736e+00 1.183499e+00 2.474969e-01 1.289309e+00 7.520939e-01 7.885505e-01 1.187237e+00 1.256812e-06 6.961642e-02 -1.470169e-01 1.694080e-01 5.920214e-01 4.332377e-02 3.688784e-01 5.028231e-01 -9.154543e-01 -6.118969e-01 -1.169662e+00 -6.839982e-01 -3.439230e-02 2.256146e-04 
-6.571986e+00 2.301752e+00 -5.207453e+00 2.656693e+00 2.848307e-01 4.834667e+00 8.756189e+00 5.696769e+00 3.148054e+00 2.115851e+00 3.063015e+00 1.916631e+00 -1.512926e-01 -5.668784e-02 -2.018857e-01 -2.776882e-02 1.179029e-01 -1.160730e+00 7.508283e-01 1.319344e+00 -1.418566e+00 -7.640690e-01 -2.225746e+00 -1.158086e+00 8.640838e-02 1.256812e-06 -4.593567e-02 -7.435726e-02 2.858956e-01 4.469011e-01 1.469200e-01 1.017403e-01 -2.044906e-01 -6.193330e-01 -9.550819e-01 -9.088314e-01 -4.424469e-01 -1.615898e-01 -7.365387e-07 
-8.168580e+00 7.547762e-01 -6.472840e+00 2.669050e+00 2.367711e+00 1.056170e+01 7.563863e+00 3.602431e+00 -1.826875e+00 -4.718079e+00 -1.018868e-03 3.188372e+00 -1.512926e-01 -8.955033e-02 3.137922e-02 9.165480e-01 1.513141e+00 -1.920368e-01 5.445538e-01 9.239940e-01 -1.439900e+00 -1.248862e+00 -1.988124e+00 -9.418843e-01 -3.420786e-01 1.256812e-06 -1.202192e-01 8.766897e-02 3.381896e-01 1.038531e-01 -4.227931e-02 -4.702405e-01 -6.253099e-01 3.797699e-03 -4.865077e-01 1.573690e-01 2.197852e-02 -4.312724e-01 -7.365387e-07 
-6.553770e+00 2.234063e+00 -6.411055e+00 3.880647e+00 -2.457404e+00 5.694111e+00 9.311695e+00 1.313925e+00 -4.922868e+00 -6.633906e+00 -1.120260e+00 2.024613e+00 -1.512926e-01 -2.477724e-01 1.266055e-01 3.676502e-01 6.851669e-01 8.196392e-02 1.549243e-01 -8.468971e-01 -8.929780e-01 -1.520448e+00 -7.992882e-01 2.901792e-02 -9.841775e-02 1.256812e-06 -2.638785e-01 2.312158e-02 2.090274e-01 -9.187978e-02 3.599197e-01 -2.760709e-01 -6.045557e-01 6.137072e-01 1.212214e-01 1.057181e+00 3.146486e-01 -2.442552e-01 -7.365387e-07 
-7.003239e+00 2.035932e+00 -3.545914e+00 5.838604e+00 2.232732e+00 1.023889e+01 1.132513e+01 3.227094e+00 -2.704739e+00 -2.523074e+00 2.275771e+00 1.988021e+00 -1.512926e-01 -6.898300e-01 1.944443e-01 8.659790e-01 -2.845436e-02 -5.594158e-01 -9.514789e-01 -8.599905e-01 3.523071e-03 -7.650896e-01 8.256925e-01 3.048471e-01 -8.768165e-01 1.256812e-06 -2.114005e-01 -4.221511e-02 1.731299e-02 -2.635368e-01 2.833734e-01 -1.314819e-01 -3.964996e-01 5.155582e-01 3.476376e-01 1.081695e+00 -4.072656e-02 -2.711376e-01 -7.365387e-07 
-8.393998e+00 2.294702e+00 -4.831896e+00 4.497259e+00 7.622843e-01 5.770922e+00 2.641206e+00 1.420025e+00 -4.015302e+00 -2.978057e+00 2.069800e+00 2.024613e+00 -1.512926e-01 -1.075933e+00 -1.680450e-01 1.042629e+00 4.293013e-01 8.225947e-01 1.183739e-01 -8.114356e-01 9.283684e-01 -3.998111e-01 1.653314e+00 -2.082589e-01 -8.674300e-01 1.256812e-06 2.109793e-02 -6.843749e-02 9.554889e-02 2.916468e-02 2.701343e-01 2.392984e-01 2.101666e-01 1.366453e-01 4.990247e-01 4.371726e-01 -3.645869e-01 -4.568634e-02 -7.365387e-07 
-1.069736e+01 1.696782e+00 -2.932301e+00 2.219257e+00 -2.039061e+00 5.766251e+00 6.598688e+00 3.567204e+00 -6.105821e+00 -2.417659e+00 -7.152664e-02 -1.195458e+00 -1.512926e-01 -7.324624e-01 -3.236727e-02 6.656116e-01 3.234258e-01 8.545690e-01 -9.465576e-02 -1.076215e+00 2.273817e-01 -7.086641e-02 2.194046e+00 -1.026802e+00 -1.313238e+00 1.256812e-06 2.679846e-01 5.614073e-02 -6.890152e-02 1.847268e-01 1.605202e-01 1.650913e-01 1.918087e-01 -4.006339e-01 4.052553e-01 -2.643093e-01 -2.298151e-01 3.773032e-01 -7.365387e-07 
-1.008577e+01 1.563519e+00 -1.505182e+00 7.836721e+00 3.791540e+00 8.522598e+00 7.617336e+00 5.785256e+00 -5.220990e+00 1.579597e+00 -9.878500e-01 -7.208416e-01 -1.512926e-01 -1.210171e-01 -1.020949e-01 9.457171e-01 6.552381e-01 7.256275e-01 9.229649e-01 3.120564e-01 -3.215214e-01 6.275414e-01 7.022211e-01 -1.128066e+00 -1.086751e-01 1.256812e-06 2.839343e-01 2.109317e-01 -1.090225e-01 -1.371717e-01 -4.096654e-01 -4.734463e-01 1.723811e-01 -4.393739e-01 1.116809e-01 -7.192315e-01 1.806182e-01 4.968568e-01 -7.365387e-07 
-9.819821e+00 2.239704e+00 -1.881346e+00 5.785469e+00 4.990811e+00 8.389737e+00 3.455683e+00 2.181184e+00 -2.456121e+00 6.168195e+00 -1.329285e+00 -3.205490e+00 -1.512926e-01 1.727152e-01 4.423473e-01 5.699259e-01 7.823924e-01 2.916897e-01 -5.283147e-01 -4.626402e-01 -1.374830e+00 7.475659e-01 -2.020773e-02 -3.843660e-01 6.304359e-01 1.256812e-06 9.376413e-02 1.131897e-01 -1.687936e-01 -3.947569e-01 -7.096222e-01 -6.476890e-01 2.153445e-01 -5.191629e-02 -2.059833e-01 -7.054218e-01 6.663161e-01 6.593964e-01 -7.365387e-07 
-9.438206e+00 1.512752e+00 -6.286792e-01 5.989976e+00 8.756301e-01 9.073765e+00 5.772721e+00 5.053777e-01 -2.702539e+00 -3.759826e+00 -2.941803e+00 2.486314e+00 -1.512926e-01 -1.087095e-01 6.493266e-01 5.453911e-01 -4.858640e-01 -9.442828e-01 -2.032068e+00 -2.563272e-01 -4.675095e-01 -2.505969e-01 -8.357243e-01 3.736245e-01 6.450478e-01 1.256812e-06 -1.009233e-01 -4.309212e-02 -3.819819e-01 -6.617863e-01 -7.289995e-01 -5.610230e-01 1.392123e-02 3.791310e-01 -2.646573e-01 2.022400e-01 6.965795e-01 2.032119e-01 -7.365387e-07 
-1.015772e+01 3.934045e+00 -5.208579e-01 7.054527e+00 8.774582e-01 2.848498e+00 5.207935e+00 -6.671832e-01 -3.627707e+00 1.510580e-01 -1.016442e+00 3.532326e-01 -1.512926e-01 -2.698499e-01 1.580852e-01 2.184597e-02 -1.079770e+00 -1.858619e+00 -1.855468e+00 2.845965e-01 4.070584e-02 -6.617012e-01 -5.640872e-01 1.553943e+00 1.606918e+00 1.256812e-06 -1.211672e-01 -3.055351e-01 -4.172245e-01 -6.334540e-01 -5.475330e-01 2.222129e-01 1.553925e-01 6.018138e-01 -3.827143e-03 6.085555e-01 2.747453e-01 -6.307829e-02 -7.365387e-07 
-1.046055e+01 3.962954e+00 5.416067e-01 4.772818e+00 1.127002e+00 1.133241e+00 5.459835e+00 4.871867e+00 -5.888371e+00 4.094940e-01 7.237677e-01 7.248896e-01 -1.512926e-01 -4.044719e-01 -1.754427e-01 -6.902081e-01 -1.722808e+00 -1.844198e+00 -1.218671e+00 8.087981e-03 8.664987e-01 8.945792e-03 1.985355e+00 1.385649e+00 4.190954e-01 1.256812e-06 -2.083989e-02 -3.055351e-01 -3.653408e-01 -1.579222e-01 -1.229779e-01 6.743768e-01 7.588445e-02 2.514796e-01 3.519990e-01 6.797447e-01 -2.323640e-01 -2.758614e-01 -7.365387e-07 
-1.065774e+01 1.805366e+00 -2.357456e+00 9.946846e-01 -4.427853e+00 3.082561e+00 5.035582e+00 2.013338e-01 -4.171880e+00 1.263013e+00 4.607247e+00 5.709613e+00 -1.512926e-01 -2.854564e-01 -6.729801e-01 -8.984812e-01 -1.766403e+00 -1.995978e+00 1.759136e-01 1.822129e-01 9.672275e-01 5.986579e-01 1.612036e+00 4.834215e-01 4.279013e-01 1.256812e-06 3.286506e-02 -1.529805e-01 -1.816506e-01 1.085087e-01 1.090079e-01 5.902245e-01 -5.420882e-03 3.162617e-03 3.952038e-01 3.567910e-01 -5.252658e-01 -4.067519e-01 -7.365387e-07 
-1.121012e+01 1.700307e+00 -3.161876e+00 4.058766e-01 -5.692632e+00 2.863548e+00 5.899113e+00 4.403430e+00 -2.385349e+00 5.610518e+00 1.174851e+00 1.903717e+00 -1.512926e-01 -2.051400e-01 -4.630102e-01 -8.210604e-01 -9.323747e-01 -1.490392e+00 3.241659e-01 1.743022e-01 3.265865e-01 8.792254e-01 1.475007e+00 -2.530824e-01 -1.448662e-01 1.256812e-06 4.786675e-02 -3.651460e-02 -1.843115e-02 2.414580e-01 1.213143e-01 3.233778e-01 3.245029e-02 -1.720622e-01 2.021111e-01 -1.158026e-01 -4.013850e-01 -1.700495e-01 -7.365387e-07 
