-1.212767e+01 1.638070e+00 -2.720681e+00 6.730750e+00 1.941999e+00 1.905493e+00 -1.148045e+00 -1.669946e-01 6.140283e-01 1.522459e+00 9.271304e+00 8.340003e+00 -1.512926e-01 3.354445e-01 8.438789e-01 8.134385e-01 -8.881339e-01 -8.583173e-01 -1.583834e-01 -1.708325e-01 6.805546e-01 -1.662196e-02 -2.280549e+00 -1.582347e+00 -2.229719e+00 -1.866341e-06 -3.092363e-01 -3.144189e-01 -1.333321e-01 3.798785e-01 4.061513e-01 2.001357e-01 4.851588e-01 3.995771e-02 1.991898e-01 4.169127e-01 1.016288e-01 1.783841e-01 6.404147e-07 
-1.101206e+01 3.889683e+00 -2.798580e-01 5.177286e+00 -8.834903e-01 1.997641e+00 4.702427e-02 6.358332e-01 -7.352110e-01 -1.940202e+00 4.854593e+00 1.951670e+00 -1.512926e-01 -1.514554e-01 4.701491e-01 6.645335e-01 1.394428e-01 -1.812087e-01 2.225856e-01 6.636238e-01 8.409361e-01 3.923341e-01 -1.892445e+00 -1.562705e+00 -1.526929e+00 -1.866341e-06 -4.069364e-01 -5.570900e-01 -2.888843e-01 3.325966e-01 4.839060e-01 2.793776e-01 5.186208e-01 -2.449509e-01 -2.781889e-03 8.276159e-01 3.599466e-01 2.364205e-01 6.404147e-07 
-1.100817e+01 4.731551e+00 1.257467e-01 3.067099e+00 -9.369706e-01 1.067621e+00 -2.599884e+00 2.834181e+00 1.205652e+00 -8.148715e+00 3.568101e+00 3.855028e-01 -1.512926e-01 -9.673679e-01 -5.412897e-01 2.213100e-01 4.975131e-01 8.338652e-01 6.519955e-01 1.837584e+00 8.001117e-01 7.748572e-01 -3.900764e-01 -1.083977e+00 -1.689229e+00 -1.866341e-06 -1.865891e-01 -4.597566e-01 -3.407350e-01 1.782216e-01 2.381058e-01 2.171690e-01 2.334062e-01 -3.824253e-01 -4.775371e-01 1.166435e+00 3.497922e-01 3.872773e-02 6.404147e-07 
-1.344480e+01 2.441852e+00 -8.217135e-01 9.259912e+00 2.475256e+00 3.437218e+00 2.895796e+00 2.536637e+00 2.280109e+00 -3.103578e+00 4.309569e+00 4.682770e+00 -1.512926e-01 -1.047760e+00 -1.248830e+00 -3.348876e-01 8.210973e-02 7.151245e-01 8.333327e-01 1.417909e+00 -6.040463e-01 -4.262901e-01 9.123603e-01 -3.167884e-02 -1.317878e+00 -1.866341e-06 2.628975e-01 1.607831e-02 -2.528070e-01 -1.336703e-01 -3.658242e-01 -1.393731e-01 -4.126598e-01 -2.903236e-01 -7.869004e-01 8.768697e-01 5.209935e-01 -1.245019e-02 6.404147e-07 
-1.574806e+01 -3.441005e-01 -1.343334e+00 7.176510e+00 4.431768e+00 4.445350e+00 6.615398e+00 2.883272e+00 2.980525e+00 1.539638e-01 4.123592e+00 -1.471801e+00 -1.512926e-01 -1.492492e-01 -5.953310e-01 -3.904172e-01 3.163799e-02 -1.159861e-01 6.220796e-01 6.189275e-01 -5.091844e-01 -1.994919e+00 2.149112e+00 -5.988932e-01 -2.140749e+00 -1.866341e-06 5.065434e-01 4.481170e-01 -8.047457e-02 -3.396080e-03 -7.381306e-01 -5.371100e-01 -8.533658e-01 1.161321e-02 -2.748987e-01 4.339851e-01 6.159632e-01 3.705019e-01 6.404147e-07 
-1.388092e+01 1.834171e-01 -1.219224e+00 3.532947e+00 7.744362e-03 4.475252e+00 2.528944e+00 -2.408447e+00 -3.754456e+00 -1.529520e+00 4.418435e+00 -3.709016e+00 -1.512926e-01 7.540874e-01 5.775645e-01 -2.935501e-01 -2.958468e-01 -1.535499e+00 -4.592695e-01 -7.903701e-01 4.394948e-02 -2.157256e+00 1.222393e+00 7.998376e-01 -1.363431e+00 -1.866341e-06 2.766348e-01 4.251669e-01 6.161154e-02 2.590683e-01 -2.354798e-01 -3.778394e-01 -4.285102e-01 2.331216e-01 4.306108e-01 9.737127e-03 4.171111e-01 7.098164e-01 6.404147e-07 
-1.153628e+01 2.884103e+00 -1.627077e+00 6.088894e+00 -2.831512e-01 3.658128e+00 6.780209e-01 2.761142e+00 -5.751958e+00 1.809981e+00 5.191813e-01 -6.121843e+00 -1.512926e-01 6.643191e-01 7.861682e-01 -2.017516e-01 6.696287e-01 -1.731536e+00 -1.387241e+00 -1.325032e+00 5.341154e-01 2.658648e-01 1.624884e+00 1.580130e+00 1.859899e-01 -1.866341e-06 -1.386732e-01 -2.335380e-02 7.910488e-02 6.093642e-02 4.382190e-01 -4.087622e-02 3.898394e-02 -4.736640e-03 6.910754e-01 -5.696269e-01 2.327967e-01 9.247556e-01 6.404147e-07 
-1.177965e+01 3.715170e+00 -2.147798e+00 8.324390e+00 -2.844640e+00 1.534462e+00 1.912698e+00 2.817418e+00 -4.140274e+00 2.180347e+00 1.011082e+01 1.908949e-01 -1.512926e-01 -7.147755e-02 1.862657e-01 -1.211041e-01 1.058517e+00 3.454313e-01 -5.126102e-02 2.472425e-01 3.993995e-02 5.963227e-01 1.223269e+00 9.644848e-01 1.067833e+00 -1.866341e-06 -2.745632e-01 -3.955430e-01 7.956633e-02 -2.179655e-01 8.981232e-01 4.411014e-01 4.366807e-01 -3.143902e-02 4.128427e-01 -5.990794e-01 -5.652782e-01 4.325491e-01 6.404147e-07 
-1.347692e+01 1.820541e+00 -1.887887e+00 8.129251e+00 -2.799506e+00 -1.020041e+00 2.983303e-01 2.940745e+00 4.503045e+00 6.423171e+00 9.178141e+00 -2.491748e+00 -1.512926e-01 -4.298613e-01 -5.163818e-01 -8.111821e-02 -3.408528e-01 1.134729e+00 2.136108e-01 2.949499e-01 -5.307811e-01 8.368131e-02 -6.993582e-01 4.827714e-01 1.267397e+00 -1.866341e-06 -3.399445e-02 -2.516080e-01 1.514694e-01 -3.884332e-01 4.819560e-01 4.956264e-01 3.714252e-01 2.107387e-01 -8.924594e-02 -5.487274e-01 -9.013250e-01 -1.088598e-02 6.404147e-07 
-1.326811e+01 1.646596e+00 -1.694528e+00 7.805453e+00 2.993056e+00 6.558032e+00 3.955106e+00 -2.298290e+00 -5.900005e+00 2.280027e+00 4.911468e+00 -1.851403e-01 -1.512926e-01 -7.147755e-02 -7.490038e-01 4.402062e-02 -8.804585e-01 1.522090e+00 9.457479e-01 5.829822e-01 4.191146e-01 -1.936922e-03 -6.109026e-01 -1.477878e+00 2.586364e-01 -1.866341e-06 2.835585e-01 9.903380e-02 1.798698e-01 -1.781169e-01 -4.964471e-01 -9.808590e-02 -2.933036e-02 4.607343e-01 2.256536e-01 9.303590e-02 -4.815221e-01 -4.584923e-01 6.404147e-07 
-1.294151e+01 1.336225e+00 -2.259317e+00 4.644000e+00 2.471546e+00 2.214890e+00 1.131464e+00 2.664755e+00 -4.453750e+00 -1.736855e+00 5.532906e+00 4.029477e-01 -1.512926e-01 4.944350e-01 -4.324211e-03 4.730519e-01 -3.031734e-01 8.998804e-02 5.925087e-01 3.642057e-01 1.398171e+00 1.187474e-01 -2.017799e-01 -1.705399e+00 5.361459e-01 -1.866341e-06 3.639495e-01 3.559270e-01 9.735331e-02 4.183860e-01 -7.157823e-01 -4.832829e-02 2.267008e-02 1.928538e-01 1.937985e-01 3.554120e-01 -3.720968e-02 -5.691105e-01 6.404147e-07 
-1.240512e+01 2.124079e-01 -1.741744e+00 5.664657e+00 2.129953e+00 4.646122e+00 4.410735e+00 5.051087e+00 3.285908e-01 3.205944e+00 4.543699e+00 3.660416e-02 -1.512926e-01 8.841205e-01 4.254484e-01 5.010983e-01 1.489790e-01 -1.614488e+00 -7.310450e-01 6.591674e-02 1.379216e+00 1.706957e+00 1.439591e+00 -3.491302e-01 -8.590938e-01 -1.866341e-06 1.314034e-01 3.078058e-01 -1.929437e-01 4.053203e-01 -4.637295e-01 -1.842707e-01 -9.815446e-02 -3.665752e-01 -1.272461e-01 -1.991255e-01 4.409997e-01 -3.274993e-01 6.404147e-07 
-1.143650e+01 2.516318e+00 5.007737e-01 7.683969e+00 -1.917854e+00 2.898369e+00 1.891392e+00 6.256227e+00 1.982895e+00 4.951451e+00 8.349597e-01 7.808433e-02 -1.512926e-01 9.119748e-01 6.760842e-01 1.771566e-01 1.236331e+00 -8.758376e-01 8.105505e-01 6.669171e-01 -4.662960e-02 1.981356e-01 5.245178e-02 -2.675769e-01 -1.019343e+00 -1.866341e-06 -1.937875e-01 -9.006108e-02 -4.800524e-01 -4.277347e-03 2.243316e-01 -6.661132e-02 -3.176037e-01 -7.749289e-01 -4.454500e-01 -6.848741e-01 4.869139e-01 -6.864163e-02 6.404147e-07 
-9.600023e+00 3.183674e+00 -5.694472e-01 7.030156e+00 -2.884827e+00 2.560901e+00 3.904572e+00 2.801852e+00 -5.832393e-01 6.133877e+00 5.514761e+00 -4.317650e+00 -1.512926e-01 3.766745e-01 4.499115e-01 -7.728172e-01 3.763344e-01 -3.136417e-01 -8.462888e-02 -5.923288e-02 -6.914361e-01 -6.778048e-01 -1.733676e+00 8.183112e-03 -6.011561e-01 -1.866341e-06 -4.003974e-01 -1.817836e-01 -1.656759e-01 -3.339862e-01 6.112170e-01 -2.131995e-01 -7.594684e-01 -6.763657e-01 -6.410159e-01 -5.031344e-01 2.369242e-01 6.027679e-01 6.404147e-07 
-9.784498e+00 3.231423e+00 -1.959835e+00 1.014330e+01 5.994278e-01 7.309859e+00 4.719404e+00 3.556785e+00 -3.006935e+00 -2.938331e+00 3.709416e+00 -2.516558e+00 -1.512926e-01 -2.209535e-01 -4.668996e-01 -1.290155e+00 -4.381911e-01 5.612697e-01 -6.380273e-02 -1.161302e+00 -1.441219e+00 -9.159694e-01 -2.039579e+00 5.505560e-01 6.411473e-02 -1.866341e-06 -3.269300e-01 -1.226744e-01 3.113005e-01 -4.511181e-01 3.111556e-01 -4.798077e-01 -5.063254e-01 -1.997211e-01 -2.336232e-01 3.570095e-01 9.326418e-02 4.459452e-01 1.529070e-04 
-1.134791e+01 2.104195e+00 -4.375926e+00 6.316557e+00 -6.967731e-01 2.017779e+00 2.700761e+00 2.943739e+00 -5.658551e-01 -1.517559e+00 3.147644e+00 -1.671836e+00 -1.512926e-01 -5.514829e-01 8.807967e-02 4.064839e-01 -6.838048e-01 7.230750e-01 -1.359972e+00 -2.817323e+00 -1.305442e+00 -9.410675e-01 -2.999834e-02 4.263485e-01 1.613109e+00 -1.866341e-06 -2.492779e-02 1.553376e-01 1.022276e+00 6.020842e-02 1.427077e-01 8.951184e-02 3.538600e-01 1.995294e-01 1.910159e-01 4.648353e-01 -1.702770e-01 -1.071454e-01 1.394193e-02 
-1.166722e+01 7.217352e-01 -4.047215e+00 5.849752e+00 -2.055584e-01 2.851379e+00 -3.313101e+00 -1.020710e+00 -2.605977e+00 -1.420537e+00 4.771548e+00 -9.248053e-01 -1.512926e-01 -2.587362e-01 2.436429e-01 1.144138e+00 -4.892443e-01 1.614680e-01 -9.508127e-01 -4.857766e-01 -7.382747e-01 -8.382722e-01 9.856771e-01 -1.030359e-02 1.033438e-01 7.662448e-04 6.456754e-01 7.942000e-01 1.252458e+00 3.411794e-01 -9.761377e-02 3.554257e-01 9.768920e-01 4.623407e-01 5.451040e-01 4.461412e-02 -4.129247e-01 -7.188340e-01 4.281525e-02 
-1.141654e+01 4.878778e+00 2.506314e+00 5.757922e+00 1.133303e+00 -2.009865e+00 -6.165697e+00 -1.436792e+00 -5.488952e+00 5.224795e+00 7.115636e+00 2.951846e+00 -1.512926e-01 2.709106e-01 8.713443e-01 3.121355e+00 7.030052e-01 5.997702e-01 8.065233e-01 1.372272e+00 -4.526271e-02 2.384527e-01 -9.220611e-01 -5.626901e-01 -1.156602e+00 6.932321e-02 1.401285e+00 7.504039e-01 5.685825e-01 1.292155e-01 -1.520606e-01 2.263337e-01 5.628350e-01 4.760132e-01 6.838870e-01 -4.340460e-01 -7.951416e-01 -5.058199e-01 6.581937e-02 
-1.104370e+01 3.062026e+00 3.195556e-01 7.976200e+00 4.918489e-01 4.569231e+00 6.723843e+00 2.055898e+00 -4.736945e+00 -1.381108e+00 1.673779e+00 -4.311448e+00 -1.474804e-01 2.596199e+00 3.112389e+00 3.614701e+00 5.743837e-01 1.348930e-01 6.300188e-01 1.628405e+00 2.405079e-01 1.219858e+00 -1.370470e+00 -1.019562e+00 -2.145364e+00 1.794130e-01 1.597785e+00 4.079056e-01 -9.284688e-03 -5.553758e-01 2.536372e-02 -8.367202e-01 -9.601011e-01 3.162273e-01 5.336837e-01 -8.793842e-02 -7.927673e-01 7.305121e-01 6.240622e-02 
-1.030483e+01 5.290333e+00 9.047252e+00 8.768238e+00 1.953128e+00 5.191074e+00 4.544036e+00 1.179433e+00 1.691850e+00 -6.147583e+00 1.883135e+00 -5.761315e+00 1.934241e-01 5.027390e+00 2.405627e+00 2.014028e+00 -5.693711e-01 -2.389399e-02 -1.018814e+00 -1.060148e+00 5.852370e-01 1.449301e+00 -1.022277e+00 -3.044722e+00 2.082966e-01 2.397707e-01 9.244890e-01 -3.204194e-01 -9.915960e-01 -9.810278e-01 1.653655e-01 -1.510184e+00 -1.515051e+00 1.722202e-01 1.688129e-01 5.745913e-01 -4.433516e-01 1.420411e+00 1.704066e-02 
7.578464e-01 1.607773e+01 1.075556e+01 7.216208e+00 5.875155e-02 2.401016e+00 -5.260627e-01 -1.126078e+00 -9.704210e-02 -2.586571e+00 2.289983e+00 -7.294918e+00 5.734346e-01 5.351989e+00 1.516059e+00 1.651452e+00 -2.629874e+00 6.001383e-01 -4.221669e+00 -4.069949e+00 5.276454e-01 1.224753e+00 5.959470e-01 -2.733048e+00 3.073388e+00 2.275785e-01 -6.898712e-01 -1.036938e+00 -1.496721e+00 -4.745675e-01 3.781386e-01 -9.535464e-01 -8.288023e-01 4.274219e-02 2.787553e-01 4.857016e-01 3.974231e-01 1.118518e+00 -3.805613e-02 
7.819499e+00 1.039895e+01 7.358281e+00 3.290936e+00 1.230371e+00 -6.019812e+00 -7.841526e+00 3.080836e+00 -5.624904e-01 7.161589e-01 -8.416128e+00 5.484849e+00 6.871163e-01 3.515393e+00 6.739721e-02 -8.551543e-01 -2.599987e+00 1.193989e+00 -4.318666e+00 -3.353773e+00 6.722621e-01 1.079950e+00 9.677858e-01 -1.922618e+00 3.336112e+00 1.304429e-01 -1.905079e+00 -5.666363e-01 -1.429391e+00 4.943666e-01 2.195029e-01 3.018727e-01 6.830571e-01 -1.814792e-01 3.580019e-01 1.360331e-01 1.445159e+00 -3.847736e-01 -6.377336e-02 
6.654239e+00 8.088223e+00 9.421379e+00 -2.434595e+00 3.853996e+00 -1.093354e+01 -7.433154e+00 3.743573e+00 2.513955e+00 -1.833434e+00 -6.842120e+00 5.432515e+00 7.435794e-01 -9.726353e-02 -9.032327e-01 -2.434427e+00 -7.833527e-01 1.416673e+00 -2.487806e+00 -1.368787e+00 4.107310e-01 2.798278e+00 6.308647e-02 4.065138e-01 1.883439e+00 4.379876e-02 -2.003273e+00 6.938179e-02 -1.248626e+00 1.345364e+00 -1.720565e-01 1.145715e+00 1.522201e+00 -2.782218e-01 2.923785e-01 -1.805555e-01 1.365275e+00 -1.208032e+00 -5.787254e-02 
4.324205e+00 9.622458e+00 5.439078e+00 5.938958e-01 6.025356e+00 -9.735007e+00 -8.771358e+00 2.105589e+00 5.786112e+00 -1.685464e+00 -3.164087e+00 4.555616e+00 7.605851e-01 -1.773214e+00 7.820539e-01 -3.089969e+00 9.792042e-01 6.652874e-01 -3.763101e-01 1.004445e+00 -2.636913e-01 2.452512e+00 -7.553983e-02 2.611246e+00 -1.120536e+00 1.279389e-02 -1.339099e+00 5.292022e-01 -3.945155e-01 1.209802e+00 -4.555888e-01 8.516595e-01 1.197407e+00 -3.320549e-01 7.165314e-02 -3.226260e-01 7.735035e-01 -1.060876e+00 -3.262199e-02 
2.018995e+00 1.195024e+01 -4.565793e-01 4.648304e+00 4.744612e+00 -8.180093e+00 -6.904865e+00 1.415313e+00 1.071986e+01 -1.070549e+00 1.696459e+00 2.586665e+00 7.556837e-01 -2.020043e+00 1.505606e+00 -3.474284e+00 2.307402e+00 4.153231e-03 -4.642171e-01 1.361921e+00 -3.953682e-01 2.000391e+00 2.148498e-01 1.826235e+00 -7.384151e-01 -2.964581e-03 -4.639190e-01 5.299426e-01 3.670526e-01 5.194635e-01 -4.285665e-01 2.329063e-01 4.389516e-01 -2.807207e-01 -4.233630e-01 -3.139733e-01 -2.384086e-02 -3.395317e-01 -1.317141e-02 
1.270386e+00 1.237828e+01 -3.152367e+00 4.645913e+00 4.111505e+00 -9.278542e+00 -3.083648e+00 2.926377e+00 7.597435e+00 -4.318106e-02 3.708875e-01 1.305044e+00 7.450200e-01 -2.218746e+00 1.508942e+00 -2.307823e+00 1.903628e+00 -3.777601e-01 -1.072088e+00 1.267918e+00 -5.850011e-01 1.837164e+00 -7.212532e-01 1.235045e+00 -6.573075e-01 -9.286257e-03 -1.607079e-01 1.632473e-01 7.303014e-01 -7.182839e-02 -6.638189e-02 -1.071117e-01 -2.077632e-01 -1.777666e-01 -3.392757e-01 -5.022358e-01 -3.253699e-01 4.778312e-01 -5.635202e-03 
-1.919235e+00 1.423881e+01 -3.654201e+00 7.076071e+00 4.831788e+00 -1.348316e+01 -3.467162e+00 1.356043e+00 1.161038e+01 -1.580025e+00 5.216238e-01 3.365484e+00 7.365171e-01 -2.194063e+00 1.383068e+00 -9.903177e-01 1.351695e+00 -2.046918e-01 -9.754359e-01 6.942054e-01 -8.323166e-01 9.891698e-01 -1.184050e+00 9.752687e-01 -4.588058e-02 -1.101756e-02 -8.454795e-02 -2.351913e-03 7.930173e-01 -4.149862e-01 2.019833e-01 2.207293e-02 -1.186858e-01 -2.151487e-02 -4.942907e-01 -3.178004e-01 -1.300609e-01 4.094869e-01 -1.937298e-03 
-4.800261e+00 1.602259e+01 -4.500935e+00 8.898331e+00 4.092957e+00 -1.244390e+01 -4.150332e+00 -7.896202e-01 1.452701e+01 -5.036927e+00 3.598457e+00 8.797758e-01 7.237101e-01 -2.489982e+00 1.659613e+00 -6.803429e-01 1.097824e+00 4.378178e-01 -6.563700e-01 2.994666e-01 -9.341041e-01 1.261778e+00 -1.887316e+00 1.409995e+00 9.223687e-01 -1.135284e-02 4.820994e-02 -5.799327e-02 4.660976e-01 -3.880117e-01 2.126312e-01 2.483196e-01 3.597144e-02 2.640007e-01 -8.034801e-01 1.899460e-01 -2.279528e-01 4.135780e-01 -5.095516e-04 
-5.915386e+00 1.704295e+01 -4.733865e+00 9.280479e+00 3.730342e+00 -1.147422e+01 -2.900358e+00 -8.884022e-01 1.220089e+01 -4.493782e+00 4.958921e+00 2.569996e+00 7.112370e-01 -2.306998e+00 1.418540e+00 -3.229482e-01 6.353219e-01 6.062483e-01 -5.616743e-01 1.252862e+00 -3.282996e-01 -1.834084e-01 -7.910668e-01 1.088500e+00 5.192235e-01 -1.162107e-02 1.972878e-01 -2.419838e-01 3.568587e-01 -3.603476e-01 -5.158621e-02 2.737770e-01 2.653851e-01 5.158526e-01 -9.573067e-01 5.660717e-01 -3.380082e-01 7.414318e-02 -2.623656e-04 
-9.180938e+00 1.927353e+01 -6.014083e+00 9.032728e+00 6.851054e+00 -1.356432e+01 -1.869457e+00 -6.219903e-01 1.361069e+01 -8.022453e+00 5.202124e+00 6.314840e+00 7.009071e-01 -1.921311e+00 1.201152e+00 -3.108961e-01 3.217924e-01 2.799877e-01 -3.733856e-02 1.168551e+00 4.829938e-01 -1.593884e+00 3.205820e-02 3.860914e-02 1.128086e+00 -1.153573e-02 4.543414e-01 -5.778191e-01 5.369519e-01 -3.489677e-01 -5.237480e-01 4.251789e-01 1.897945e-01 4.831886e-01 -8.401470e-01 6.857118e-01 -3.230687e-01 -2.435129e-01 4.712827e-04 
-1.126419e+01 1.970612e+01 -4.512626e+00 1.018539e+01 6.483802e+00 -1.573131e+01 1.656475e+00 -3.693479e-01 1.115110e+01 -4.042785e+00 5.162346e+00 3.244145e+00 6.898217e-01 -1.491913e+00 4.024308e-01 6.092291e-01 -6.197895e-02 -3.837229e-01 8.405144e-02 1.586720e+00 1.038406e+00 -2.369610e+00 6.866546e-01 -2.907915e-02 2.218858e-01 -1.223678e-02 6.296851e-01 -7.191824e-01 5.965635e-01 -3.904639e-01 -7.059701e-01 4.091177e-01 -2.252821e-01 2.211626e-01 -1.403476e-01 2.543087e-01 -2.564072e-01 1.698915e-02 2.676182e-03 
-1.173195e+01 2.069692e+01 -6.166072e+00 1.005482e+01 4.116142e+00 -1.050209e+01 -5.861576e-01 1.365622e+00 7.082638e+00 -5.102051e+00 3.690225e+00 6.183034e+00 6.767688e-01 -6.259450e-01 -7.214273e-01 1.538253e+00 -2.982890e-01 -1.685968e+00 1.146530e+00 1.081511e+00 7.985625e-01 -1.845933e+00 8.023851e-01 3.533645e-01 -1.465600e-01 -8.688837e-03 7.385400e-01 -7.356644e-01 5.803286e-01 -4.701228e-01 -4.251307e-01 -8.475549e-02 -3.797076e-01 -1.628804e-01 4.805530e-01 -3.033148e-02 -3.662525e-02 2.630449e-03 6.449230e-03 
-1.209944e+01 1.834355e+01 -1.611788e+00 8.459744e+00 3.179155e+00 -1.258548e+01 4.391340e+00 3.309531e+00 3.617011e+00 -2.521004e+00 5.569892e+00 3.745396e+00 6.621172e-01 1.935527e-01 -1.216138e+00 1.735141e+00 -1.006987e+00 -1.940601e+00 8.918990e-01 1.699885e-01 6.195914e-01 -7.590619e-01 9.536588e-02 -3.509596e-01 1.241415e+00 3.334203e-04 7.511784e-01 -4.803688e-01 1.813800e-01 -6.040754e-01 -6.415325e-02 -3.246566e-01 -6.010107e-01 -2.760799e-01 5.155386e-01 -3.404305e-01 -1.801757e-01 2.728387e-01 1.060196e-02 
-1.189306e+01 1.634774e+01 2.269231e-01 8.404263e+00 7.359000e-02 -9.404863e+00 2.170560e+00 1.530858e+00 8.148122e+00 -4.771557e+00 6.765663e+00 5.331334e+00 6.713228e-01 9.287978e-01 -1.667928e+00 2.027657e+00 -1.556361e+00 -1.067310e+00 -8.649767e-01 -2.159389e-02 -1.219907e-01 3.670093e-03 1.760644e-01 1.646362e-02 6.314409e-01 1.443375e-02 6.266629e-01 -2.549200e-01 -5.782134e-02 -8.422858e-01 4.078847e-01 -5.464597e-01 -2.750579e-01 -1.513855e-01 -1.891883e-01 -2.602600e-01 -3.039286e-01 2.155242e-01 1.284443e-02 
-1.021575e+01 1.579976e+01 9.666345e-01 5.976019e+00 -1.197880e+00 -1.182084e+01 1.128186e+00 2.646195e+00 6.822997e+00 -3.731341e+00 1.869876e+00 9.877095e+00 6.941961e-01 1.486575e+00 -1.526153e+00 1.271305e+00 -2.453223e+00 -1.013792e+00 -5.334842e-01 -8.666831e-01 1.182170e-01 -7.167869e-01 -7.022358e-01 -7.614222e-01 1.197058e+00 2.921074e-02 4.269766e-01 -3.048725e-01 1.438344e-01 -8.649688e-01 3.912628e-01 -5.059632e-02 9.724111e-02 -1.116235e-02 -6.205521e-01 -1.366930e-01 -5.324496e-02 -1.944206e-01 1.207123e-02 
-8.030280e+00 1.362943e+01 2.683035e+00 3.514773e+00 9.682252e-01 -1.520955e+01 9.372485e-01 1.087237e+00 5.497871e+00 -3.617041e+00 5.622580e+00 6.274523e+00 7.328805e-01 1.860816e+00 -1.840949e+00 1.481146e+00 -3.786654e+00 -1.098760e-01 -8.730310e-01 2.245650e-01 2.921763e-01 -2.813010e+00 -1.000622e-01 -9.609245e-01 9.533076e-01 4.109817e-02 1.727804e-01 -3.358883e-01 5.116977e-01 -6.043053e-01 -9.482798e-02 8.457811e-01 1.371915e-01 1.255267e-01 -6.153346e-01 -7.652353e-02 -7.107006e-02 -2.476842e-01 8.284340e-03 
-6.597798e+00 1.207246e+01 3.516728e+00 -1.361805e+00 -2.337041e+00 -1.234993e+01 6.741967e-01 4.122537e+00 1.358185e+00 -6.609656e+00 2.333948e+00 9.259157e+00 7.774151e-01 1.862609e+00 -2.654014e+00 2.727466e+00 -4.216594e+00 -4.630796e-01 6.430207e-01 5.330165e-01 3.567845e-01 -2.453449e+00 -4.501311e-01 -1.284452e-01 1.083863e-01 4.735889e-02 3.084591e-02 -4.576914e-01 7.648686e-01 1.801757e-01 -2.940744e-01 9.654771e-01 1.442046e-02 -3.036807e-02 -1.182315e-01 1.219891e-01 2.232997e-01 -5.527865e-01 2.737485e-03 
-4.398211e+00 9.006831e+00 6.357310e+00 -6.860151e+00 9.368375e-02 -1.350513e+01 3.520237e+00 2.254061e+00 -3.184703e+00 -3.832793e+00 1.728909e+00 1.040665e+01 8.352134e-01 1.604749e+00 -2.783335e+00 3.858221e+00 -3.696293e+00 -1.816781e+00 2.775688e+00 -3.561442e-02 3.863093e-01 -2.204693e+00 -3.326491e-01 -6.553162e-01 -6.263200e-02 4.677976e-02 5.128711e-02 -5.312175e-01 4.414727e-01 9.728947e-01 -2.417633e-01 4.749828e-01 -2.373321e-01 -6.742296e-02 3.986687e-01 2.569711e-01 1.594143e-01 -5.176919e-01 -3.200914e-03 
-2.718952e+00 4.841261e+00 1.276694e+01 -9.919730e+00 -3.076181e+00 -9.457954e+00 2.501902e+00 3.846546e+00 -1.103083e+00 -5.873796e+00 3.174512e+00 8.352796e+00 8.798182e-01 1.768842e+00 -3.343429e+00 3.907217e+00 -1.597646e+00 -1.630683e+00 2.469624e+00 -6.644677e-01 -8.061954e-02 -1.612129e+00 2.405090e-02 2.022935e-01 -1.059000e+00 4.005574e-02 2.170147e-01 -4.241040e-01 -3.618361e-01 1.216048e+00 3.841745e-01 -8.239915e-01 4.672376e-02 -7.302761e-02 3.923788e-01 6.844805e-01 -1.241436e-01 -3.043168e-01 -6.875087e-03 
-1.946492e+00 3.328059e+00 1.734911e+01 -1.068785e+01 -7.746276e+00 -2.776948e+00 -1.545669e-01 3.156868e+00 -4.295049e+00 -5.648297e+00 1.925355e+00 6.414858e+00 9.155688e-01 2.164181e+00 -4.152269e+00 3.098827e+00 -2.315361e-01 -7.349390e-01 5.885966e-01 -3.632618e-01 1.738949e-01 -1.240286e+00 9.477676e-01 -3.291992e-01 -1.051564e+00 2.874134e-02 3.052635e-01 -2.249953e-01 -1.089508e+00 9.481809e-01 9.428817e-01 -1.887601e+00 5.859154e-01 8.040396e-02 4.880893e-01 8.051855e-01 -1.253124e-01 -2.258654e-01 -7.634443e-03 
1.020687e+00 -1.805006e+00 1.755686e+01 -7.436482e+00 -6.570019e+00 -5.366235e+00 -8.104209e-01 3.267624e+00 -6.147309e+00 -5.581844e+00 3.247088e+00 5.960127e+00 9.375111e-01 2.667903e+00 -4.090110e+00 1.298000e+00 1.313022e-01 9.168290e-01 -2.383445e+00 9.303901e-01 9.780485e-02 -9.737306e-01 2.332029e+00 -9.122043e-01 -9.187493e-01 2.199903e-02 9.760951e-02 2.797123e-01 -1.371457e+00 3.859324e-01 6.912932e-01 -1.623075e+00 7.523447e-01 3.743443e-01 4.654225e-01 4.729888e-01 -2.122463e-01 -1.829497e-01 -6.145394e-03 
4.552974e+00 -8.430809e+00 1.945627e+01 -9.259699e+00 -1.833770e+00 -1.260806e+01 3.359893e+00 3.413103e+00 -6.863987e+00 7.595751e-01 4.638593e-02 6.345466e+00 9.500721e-01 2.681417e+00 -3.535020e+00 -2.847645e-01 1.802621e-01 1.623825e+00 -4.235822e+00 2.096634e+00 6.992354e-01 -8.346114e-02 2.539217e+00 -7.246413e-01 -1.262068e+00 1.764031e-02 -2.675846e-01 7.834069e-01 -1.268091e+00 1.730489e-01 8.711556e-02 -5.324814e-01 3.083481e-01 5.572627e-01 3.725237e-01 -3.058531e-01 1.364024e-01 -3.376466e-01 -4.585155e-03 
7.371210e+00 -9.729708e+00 1.820304e+01 -9.977124e+00 -1.448279e+00 -1.645934e+01 5.396291e+00 4.208148e+00 -4.687035e+00 2.582168e+00 -4.469961e-01 3.793854e+00 9.725590e-01 1.998295e+00 -2.253375e+00 -1.258279e+00 1.260690e-01 6.463684e-01 -3.233635e+00 1.867224e+00 1.528389e+00 1.365474e-01 1.593231e+00 -6.611896e-01 -1.868538e+00 1.488486e-02 -5.105711e-01 8.008240e-01 -8.299190e-01 1.987206e-01 -3.083749e-01 5.352011e-01 -3.253899e-01 6.391547e-01 1.313925e-01 -8.686439e-01 3.071288e-01 -2.831397e-01 -4.583178e-03 
8.285798e+00 -1.038513e+01 1.560213e+01 -8.515968e+00 -2.188347e+00 -1.840970e+01 7.225089e+00 6.182589e+00 -5.442408e+00 2.965383e+00 1.493192e-01 1.187582e+00 9.862443e-01 1.161147e+00 -1.153535e+00 -1.963607e+00 6.362522e-01 -1.641301e-01 -1.648776e+00 7.101079e-01 2.244912e+00 6.721626e-02 -2.120392e-01 2.273276e-01 -2.264846e+00 9.373967e-03 -4.936467e-01 6.262239e-01 -4.503935e-01 2.242391e-01 -2.120482e-01 9.284945e-01 -8.103102e-01 5.014305e-01 -8.773869e-02 -8.337004e-01 1.869920e-01 2.645466e-02 -4.250960e-03 
9.145871e+00 -1.209501e+01 1.319278e+01 -7.178210e+00 -3.160884e+00 -1.863366e+01 6.592999e+00 9.524412e+00 -6.175348e+00 1.281012e+00 -1.106310e-01 -8.034661e-01 9.938337e-01 8.751574e-01 -1.276740e+00 -2.012153e+00 8.967516e-01 2.688719e-01 -1.000865e+00 -3.244892e-03 2.520750e+00 -3.920250e-01 -6.355501e-01 1.475074e-01 -1.833155e+00 3.210789e-03 -2.566497e-01 3.960994e-01 -2.652243e-01 2.229363e-01 1.906853e-01 6.633211e-01 -8.773268e-01 2.271242e-01 -7.553575e-02 -3.459550e-01 -1.413382e-03 3.663307e-01 -3.185094e-03 
9.471015e+00 -1.301589e+01 1.214325e+01 -7.477615e+00 -1.797910e+00 -1.976506e+01 6.311919e+00 1.197899e+01 -5.783362e+00 3.497796e-01 1.014657e+00 -2.680153e+00 9.862795e-01 7.747713e-01 -8.923355e-01 -2.159819e+00 9.159401e-01 7.523736e-01 -7.095285e-01 -1.019686e+00 2.710109e+00 -2.579016e-01 -5.149402e-01 -1.940152e-01 -1.147372e+00 2.223217e-03 1.205320e-02 3.154818e-01 -2.238192e-01 2.808317e-01 1.879614e-01 4.589678e-01 -8.169377e-01 7.864883e-03 9.069668e-02 2.000297e-01 -2.780676e-01 5.328996e-01 -1.425129e-03 
1.115466e+01 -1.479797e+01 9.871501e+00 -6.012633e+00 -2.992262e-01 -2.078601e+01 5.836896e+00 1.391332e+01 -6.476488e+00 7.121717e-01 -1.423833e-01 -3.438038e+00 9.885984e-01 9.081138e-01 -4.034067e-01 -2.486239e+00 1.100848e+00 1.141575e+00 -3.865505e-01 -1.654467e+00 2.431447e+00 -7.856613e-02 1.491758e-02 -4.576433e-01 -5.956007e-01 2.534120e-03 1.123909e-01 4.489743e-01 -3.015534e-01 3.725601e-01 -1.857997e-01 5.354325e-01 -6.686762e-01 -3.613276e-01 5.191619e-01 2.629947e-01 -2.707258e-01 4.591007e-01 -1.063248e-03 
1.115514e+01 -1.349509e+01 6.463882e+00 -4.518954e+00 1.428361e-01 -2.088121e+01 2.504633e+00 1.753892e+01 -6.580793e+00 6.754009e-01 -8.049946e-01 -3.232188e+00 9.999824e-01 1.204722e+00 -1.277511e-02 -2.845661e+00 1.938284e+00 3.392476e-01 3.387978e-01 -2.548957e+00 2.328839e+00 3.640321e-01 4.628257e-01 -8.605956e-01 -2.192065e-01 2.582889e-03 1.034341e-01 4.172961e-01 -2.873741e-01 3.975421e-01 -5.109023e-01 6.286066e-01 -2.950331e-01 -7.929922e-01 7.884961e-01 1.582306e-01 -2.560420e-01 3.589909e-01 -2.024308e-03 
1.284462e+01 -1.387254e+01 3.601266e+00 -3.152977e+00 1.576602e+00 -2.000794e+01 2.243043e-01 1.890151e+01 -6.169741e+00 1.192851e+00 -1.488891e+00 -3.505492e+00 9.996486e-01 1.222096e+00 5.283046e-01 -3.177037e+00 2.248441e+00 -4.535833e-01 1.152053e+00 -2.582080e+00 9.047242e-01 1.892878e+00 1.904525e-01 -8.728238e-01 -1.779897e-03 -2.281815e-03 -3.954435e-02 2.814657e-01 -7.229424e-02 1.739302e-01 -5.483249e-01 4.995145e-01 1.011805e-01 -9.892618e-01 8.289600e-01 -2.693696e-02 -2.478234e-01 3.489237e-01 -1.794919e-03 
1.464995e+01 -1.354227e+01 1.049824e+00 7.842526e-01 -1.039603e+00 -1.845974e+01 -3.626687e+00 2.112920e+01 -4.116721e+00 2.424009e+00 -2.614527e+00 -3.742355e+00 9.936755e-01 1.134948e+00 7.282351e-01 -3.251152e+00 2.329963e+00 -1.004590e+00 1.664078e+00 -2.030951e+00 -4.915060e-01 2.698864e+00 1.884507e-01 -1.266629e+00 3.506837e-01 -5.488374e-03 -2.411539e-01 3.427475e-02 3.471262e-01 -3.152497e-01 -1.838497e-01 1.379734e-01 5.277973e-01 -8.704219e-01 4.125528e-01 -6.876939e-02 -1.923757e-01 3.135885e-01 -3.297689e-05 
1.551781e+01 -1.213310e+01 -3.306604e+00 2.578294e+00 -1.975662e+00 -1.623660e+01 -4.007743e+00 1.664210e+01 1.755218e+00 7.905867e-01 -3.601640e+00 -3.191871e+00 9.803415e-01 7.454002e-01 6.333849e-01 -2.644944e+00 1.774774e+00 -9.281041e-01 1.448337e+00 -1.407555e+00 -1.104692e+00 2.898759e+00 1.729475e-02 -1.493765e+00 8.639951e-01 -2.403738e-03 -3.347328e-01 -2.920922e-01 8.560269e-01 -6.705536e-01 1.258072e-01 -2.463404e-01 6.991856e-01 -2.871821e-01 -3.621744e-01 8.431665e-02 -6.106171e-02 1.300138e-01 2.387469e-03 
1.549347e+01 -1.072392e+01 -6.338297e+00 4.265199e+00 -3.104003e+00 -1.444613e+01 -5.534428e+00 1.621105e+01 2.950803e+00 1.818841e+00 -6.081460e+00 -1.635783e+00 9.822037e-01 2.372647e-01 1.060934e-01 -1.376097e+00 5.988055e-01 -3.427931e-01 8.805079e-01 -4.971624e-01 -1.018578e+00 1.923850e+00 2.054662e-01 -1.511963e+00 9.158733e-01 2.479255e-03 -3.387991e-01 -4.859797e-01 1.177703e+00 -8.289518e-01 2.319770e-01 -3.555294e-01 7.821916e-01 7.669133e-02 -8.271324e-01 1.397937e-01 2.971935e-01 -1.914125e-01 2.217405e-03 
1.615009e+01 -1.211491e+01 -5.929545e+00 3.980621e+00 -2.031925e+00 -1.477322e+01 -5.859759e+00 1.583748e+01 4.790165e+00 1.581824e+00 -7.224195e+00 -2.390257e-01 9.933593e-01 -2.806875e-03 -6.210173e-01 1.656677e-01 -2.387463e-01 -1.553700e-01 3.119885e-01 1.469346e-01 -2.676097e-01 4.694083e-01 6.034538e-01 -1.055573e+00 3.657258e-01 5.667525e-03 -2.807725e-01 -4.476776e-01 1.087342e+00 -6.469510e-01 4.464763e-02 -1.141472e-01 7.269933e-01 8.675827e-02 -9.636256e-01 1.825912e-01 5.567532e-01 -4.680781e-01 -4.779118e-04 
1.552024e+01 -1.302101e+01 -4.519372e+00 3.077143e+00 -2.725623e+00 -1.478909e+01 -5.186423e+00 1.643855e+01 3.984883e+00 3.055759e+00 -8.362741e+00 -6.394837e-01 9.995608e-01 -1.849634e-01 -1.074475e+00 1.232107e+00 -8.081234e-01 -2.311195e-01 4.546649e-01 1.102682e+00 -5.265894e-01 -2.222125e-01 5.944456e-01 2.877499e-04 -3.572348e-01 1.558740e-03 -1.848857e-01 -2.430748e-01 7.051312e-01 -2.733320e-01 -2.437134e-01 2.311012e-01 5.929601e-01 -3.019612e-01 -5.504649e-01 1.316069e-01 5.655196e-01 -5.684687e-01 -3.149499e-03 
1.549007e+01 -1.408969e+01 -3.387995e+00 1.978048e+00 -2.941708e+00 -1.450532e+01 -3.447222e+00 1.519031e+01 3.585607e+00 3.189552e+00 -7.738513e+00 -1.861404e+00 9.999999e-01 -4.472358e-01 -1.014762e+00 1.487566e+00 -7.564887e-01 -7.607041e-01 1.090610e+00 1.427413e+00 -9.169725e-01 -8.462822e-01 7.358244e-01 5.338987e-01 -8.399493e-01 -4.330112e-03 -1.916994e-01 6.096545e-02 2.630156e-01 -8.841920e-02 -3.635027e-01 4.880355e-01 3.877854e-01 -6.970350e-01 6.420384e-02 5.556310e-02 2.207428e-01 -4.917820e-01 -3.966202e-03 
1.489819e+01 -1.510948e+01 -1.448557e+00 1.225708e+00 -3.804502e+00 -1.230721e+01 -1.227261e+00 1.390195e+01 2.442175e+00 3.986992e+00 -5.823255e+00 -2.610373e+00 9.866835e-01 -4.648861e-01 -9.124620e-01 1.488580e+00 -5.088981e-01 -1.258634e+00 1.646703e+00 1.827421e+00 -2.203669e+00 -1.705924e-01 7.973805e-01 5.209965e-01 -1.323775e+00 -8.268205e-03 -1.700493e-01 3.282622e-01 -1.028761e-01 -6.661741e-02 -2.477992e-01 4.499420e-01 1.549421e-01 -7.467628e-01 5.532779e-01 -4.191277e-02 -2.698126e-01 -3.096913e-01 -2.235899e-03 
1.422454e+01 -1.614462e+01 -2.714196e-02 1.123834e+00 -5.295767e+00 -1.056129e+01 -7.022501e-01 1.252080e+01 1.330146e+00 4.795507e+00 -5.824651e+00 -3.453157e+00 9.781280e-01 -8.213393e-01 -3.971797e-01 1.352403e+00 -8.304519e-01 -1.459161e+00 2.156196e+00 1.723537e+00 -2.914177e+00 7.646222e-01 7.797394e-01 -2.122130e-01 -1.609916e+00 -9.249681e-03 -1.013625e-01 4.806914e-01 -3.096078e-01 -2.217204e-01 1.026232e-01 2.300829e-01 3.995721e-02 -5.433536e-01 8.595688e-01 -2.661838e-01 -5.455171e-01 -1.152771e-02 1.410421e-04 
1.382833e+01 -1.655560e+01 1.243183e+00 9.597826e-01 -7.841489e+00 -8.527325e+00 2.578113e+00 6.754926e+00 4.259666e+00 6.240202e+00 -6.715111e+00 -6.462601e+00 9.691508e-01 -8.482285e-01 2.579872e-01 7.853922e-01 -1.104092e+00 -1.120901e+00 2.171729e+00 1.729277e+00 -3.261731e+00 1.738641e+00 3.628596e-01 -9.756561e-01 -1.520604e+00 -7.164808e-03 -3.948940e-02 5.119799e-01 -4.136029e-01 -3.096556e-01 4.229280e-01 3.378332e-02 -2.095707e-01 -3.900707e-02 7.400901e-01 -5.080265e-01 -5.358741e-01 3.622797e-01 1.756650e-03 
1.191835e+01 -1.535220e+01 2.028311e+00 -2.040967e+00 -8.218943e+00 -5.613996e+00 3.267565e+00 4.192582e+00 6.499987e+00 5.961985e+00 -8.353670e+00 -7.984962e+00 9.625277e-01 -7.624590e-01 8.035148e-01 2.912571e-01 -1.567525e+00 -3.164390e-01 1.978656e+00 1.676395e+00 -3.104722e+00 2.497012e+00 -3.779404e-01 -1.445334e+00 -7.991818e-01 -4.177709e-03 1.217323e-01 2.775303e-01 -3.462306e-01 -1.795346e-01 5.640751e-01 -1.444183e-01 -4.068201e-01 3.226888e-01 4.282630e-01 -5.452996e-01 -2.260900e-01 5.548387e-01 2.025589e-03 
1.181078e+01 -1.421531e+01 1.450482e+00 -2.712477e+00 -7.947522e+00 -3.921775e+00 5.433987e+00 1.757158e+00 8.550763e+00 5.218150e+00 -9.436738e+00 -7.947746e+00 9.586627e-01 -6.918579e-01 1.047256e+00 -4.879162e-02 -1.688588e+00 2.847727e-01 1.904556e+00 8.031703e-01 -2.303452e+00 2.663620e+00 -1.163906e+00 -1.541811e+00 8.240455e-02 -2.013586e-03 1.724507e-01 -3.726413e-02 -1.357233e-01 -3.431706e-02 4.385594e-01 -2.000543e-01 -5.972567e-01 4.856875e-01 1.147257e-01 -4.148769e-01 1.838507e-01 3.998209e-01 9.478574e-04 
1.142139e+01 -1.329727e+01 1.325473e+00 -4.877666e+00 -6.825055e+00 -2.971007e+00 6.251551e+00 -5.034519e-01 1.166983e+01 3.416822e+00 -1.169010e+01 -6.706442e+00 9.624926e-01 -2.908652e-01 5.959118e-01 3.838880e-02 -1.435997e+00 6.582940e-01 1.567771e+00 1.523923e-01 -1.779843e+00 2.443434e+00 -1.183299e+00 -1.059520e+00 3.627345e-01 -1.690492e-03 1.868474e-01 -2.301775e-01 -2.690387e-02 1.607112e-01 1.812755e-01 -2.045440e-01 -6.155635e-01 4.573787e-01 -1.491302e-01 -1.421508e-01 5.721310e-01 -5.572683e-02 -4.700019e-04 
1.061729e+01 -1.234740e+01 1.350655e+00 -6.064766e+00 -7.114714e+00 -3.261876e-01 5.101826e+00 -2.413835e+00 1.499302e+01 1.693466e+00 -1.275573e+01 -6.689773e+00 9.590844e-01 -2.216430e-01 1.754797e-01 2.331368e-01 -1.341565e+00 5.845320e-01 1.376884e+00 -4.950923e-01 -1.495622e+00 2.339036e+00 -1.308789e+00 -2.492827e-01 -1.023739e-01 -3.671731e-03 1.925072e-01 -2.357884e-01 -4.892785e-02 2.738965e-01 -4.118590e-02 -1.890845e-01 -4.469096e-01 3.277222e-01 -2.962901e-01 1.485795e-01 7.202108e-01 -4.575698e-01 -1.280772e-03 
1.106071e+01 -1.330694e+01 2.269786e+00 -7.545053e+00 -5.343683e+00 4.268598e-01 4.196032e+00 -2.620978e+00 1.549604e+01 1.807323e+00 -1.199228e+01 -6.800258e+00 9.538492e-01 -6.334187e-02 8.841325e-02 1.563629e-02 -9.375590e-01 4.399526e-01 1.219825e+00 -7.522606e-01 -1.221697e+00 1.913615e+00 -1.016147e+00 7.691227e-01 -9.853277e-01 -5.695642e-03 1.161275e-01 -6.153904e-02 -1.413447e-01 2.700266e-01 -1.742851e-01 -1.108146e-01 -3.129227e-01 2.572179e-01 -3.348410e-01 2.711814e-01 6.145387e-01 -5.891645e-01 -1.243200e-03 
1.088257e+01 -1.333309e+01 2.144327e+00 -8.086470e+00 -5.765342e+00 1.263511e+00 3.986246e+00 -4.662471e+00 1.833247e+01 -5.212020e-01 -1.053237e+01 -8.412557e+00 9.446260e-01 1.568731e-01 1.219945e-01 -2.821738e-01 -5.682082e-01 1.879693e-01 1.132953e+00 -9.791296e-01 -9.438546e-01 1.447076e+00 -5.045557e-01 1.144923e+00 -1.531373e+00 -6.414984e-03 1.194794e-01 1.631210e-02 -1.303536e-01 1.966516e-01 -1.871307e-01 -9.401646e-03 -2.722308e-01 4.124701e-01 -5.988418e-01 4.622062e-01 3.431078e-01 -3.017900e-01 -5.194391e-04 
1.097164e+01 -1.236218e+01 1.006655e+00 -8.554709e+00 -5.299786e+00 2.333278e+00 3.047946e+00 -5.488049e+00 1.956787e+01 -5.570868e-01 -8.956265e+00 -1.077189e+01 9.412355e-01 1.004749e-01 3.149195e-01 -4.106918e-01 -4.724979e-01 -1.476576e-02 1.135715e+00 -1.170241e+00 -7.695309e-01 1.215230e+00 -2.295552e-01 1.316021e+00 -1.868709e+00 -6.536907e-03 8.887254e-02 1.622469e-03 -3.159925e-03 5.147238e-02 -1.567965e-01 6.507276e-02 -2.403910e-01 5.511226e-01 -8.707268e-01 5.919300e-01 4.212661e-02 2.044945e-01 1.687269e-04 
1.144621e+01 -1.220984e+01 5.713723e-01 -8.401659e+00 -6.196894e+00 4.384935e+00 7.801822e-01 -5.699981e+00 2.019202e+01 3.528807e-01 -8.548719e+00 -1.236093e+01 9.333124e-01 2.938008e-01 1.437889e-01 -2.054686e-01 -5.908856e-01 -1.237156e-01 1.372051e+00 -1.647316e+00 3.406552e-01 -3.059617e-01 6.088337e-01 1.192776e+00 -1.169679e+00 -5.848045e-03 3.101076e-02 4.047011e-02 6.765240e-02 -6.481656e-02 -7.415838e-03 3.012672e-02 -1.235985e-01 5.242060e-01 -1.035423e+00 6.834155e-01 -1.104825e-01 5.841577e-01 9.557673e-04 
1.128121e+01 -1.229453e+01 1.002608e+00 -9.749940e+00 -5.202099e+00 4.544210e+00 -5.240550e-02 -5.949630e+00 2.064232e+01 2.226322e-01 -6.403869e+00 -1.416977e+01 9.268298e-01 3.125543e-01 8.563336e-02 -3.854173e-02 -6.689191e-01 -1.882021e-01 1.425670e+00 -1.620121e+00 8.916932e-01 -1.563535e+00 1.386793e+00 9.558192e-01 -1.436542e-01 -5.140895e-03 7.492391e-03 1.429468e-01 4.432797e-02 -1.456632e-01 2.015809e-01 -6.457473e-02 4.473087e-02 2.598953e-01 -9.984083e-01 7.091073e-01 -1.942386e-01 7.792836e-01 1.365107e-03 
1.219726e+01 -1.264811e+01 1.119074e+00 -1.044297e+01 -6.432764e+00 7.018160e+00 -2.700133e+00 -2.728740e+00 1.626543e+01 2.133387e+00 -5.844889e+00 -1.256212e+01 9.225959e-01 2.059630e-01 4.390143e-01 -1.300023e-01 -7.940518e-01 2.376592e-01 1.138591e+00 -1.372175e+00 8.464947e-01 -2.340685e+00 2.104446e+00 7.725890e-01 5.268300e-01 -2.336680e-03 -6.097464e-02 2.933499e-01 -4.376487e-03 -2.955936e-01 4.360522e-01 -2.246785e-01 3.151146e-01 -2.434516e-01 -5.685229e-01 4.885636e-01 -1.873350e-01 6.313248e-01 1.044754e-03 
1.215880e+01 -1.171472e+01 5.403449e-01 -1.087869e+01 -6.122702e+00 8.145290e+00 -3.312555e+00 -2.515012e+00 1.371331e+01 5.486622e+00 -5.529110e+00 -1.138982e+01 9.208919e-01 1.818318e-01 8.820192e-01 -2.268695e-01 -1.099208e+00 8.123696e-01 9.296392e-01 -1.084142e+00 2.770494e-01 -2.759431e+00 2.568244e+00 5.549851e-01 1.179537e+00 -1.464935e-03 -7.828371e-02 3.885792e-01 2.003866e-02 -4.802766e-01 4.449049e-01 -2.403695e-01 4.946134e-01 -5.724120e-01 -1.407244e-01 1.856197e-01 -2.173600e-01 3.755956e-01 -2.425907e-04 
1.203761e+01 -1.030497e+01 1.527271e-01 -1.180752e+01 -4.548280e+00 8.277714e+00 -4.450534e+00 -3.184933e+00 1.195302e+01 8.243106e+00 -5.123309e+00 -1.111691e+01 9.246163e-01 5.428080e-02 1.212271e+00 -1.331561e-01 -1.853726e+00 1.556247e+00 4.966624e-01 -3.397374e-01 -5.692363e-01 -2.550548e+00 2.460896e+00 4.564856e-01 1.325428e+00 -2.464699e-03 -3.937950e-02 2.970126e-01 7.612640e-02 -4.751422e-01 1.359289e-01 -2.512468e-01 5.137081e-01 -4.559640e-01 1.064359e-01 -1.371589e-01 -3.281460e-01 2.413939e-01 -1.889839e-03 
1.227027e+01 -9.056099e+00 3.514824e-01 -1.456338e+01 -2.082314e+00 8.562090e+00 -4.598040e+00 -4.336192e+00 9.001070e+00 1.000899e+01 -3.989646e+00 -8.994829e+00 9.185026e-01 -3.082661e-03 1.642044e+00 6.305613e-02 -2.540560e+00 1.377069e+00 5.447581e-01 3.367292e-01 -1.262431e+00 -2.162151e+00 2.136726e+00 2.705495e-02 1.335001e+00 -6.299158e-03 -2.080658e-02 1.817555e-01 7.251865e-02 -1.472725e-01 -3.595716e-01 -2.352780e-01 3.734645e-01 -5.025205e-02 1.401461e-01 -4.093193e-01 -3.277442e-01 1.726487e-01 -2.287314e-03 
1.241288e+01 -7.916366e+00 5.475397e-01 -1.786928e+01 -6.720424e-01 9.292559e+00 -3.755891e+00 -4.664267e+00 5.868547e+00 1.217714e+01 -4.332292e+00 -7.132486e+00 9.114755e-01 1.015781e-01 1.544191e+00 1.056326e-01 -2.449153e+00 6.348845e-01 7.484651e-02 4.859678e-01 -6.636426e-01 -2.107149e+00 1.634393e+00 -6.041889e-01 1.656184e+00 -9.371603e-03 2.183420e-02 6.474501e-02 -5.551406e-02 3.373094e-01 -6.383990e-01 -2.488399e-01 8.732302e-02 2.700694e-01 6.582703e-02 -6.791833e-01 -7.428442e-02 2.115936e-01 -1.941253e-03 
1.195583e+01 -4.698394e+00 6.581591e-01 -2.055054e+01 -1.175313e+00 1.036110e+01 -1.976262e+00 -8.087511e+00 5.944813e+00 1.420308e+01 -5.789409e+00 -6.707218e+00 8.959807e-01 5.400501e-02 1.624808e+00 1.642474e-02 -1.537870e+00 -5.247688e-01 -3.595782e-02 3.704161e-01 7.301863e-02 -2.280521e+00 9.348808e-01 -5.535430e-01 1.877285e+00 -9.444756e-03 5.524347e-02 -3.438076e-02 -2.508772e-01 7.634596e-01 -4.792371e-01 -2.928117e-01 -1.414882e-01 4.400650e-01 -1.598259e-01 -9.050185e-01 3.248443e-01 2.082245e-01 -1.100821e-03 
1.270201e+01 -4.762629e+00 5.273044e-01 -2.105943e+01 -1.827278e+00 7.752290e+00 -3.331676e+00 -4.627748e+00 2.945195e+00 1.431783e+01 -7.244084e+00 -3.979994e+00 8.890238e-01 1.349482e-01 1.544525e+00 -3.874887e-01 -6.685702e-01 -6.848809e-01 -4.571984e-01 7.993726e-02 1.133874e-01 -2.162240e+00 -3.341505e-01 3.753175e-01 2.112147e+00 -1.059083e-02 7.738811e-02 -4.864178e-02 -3.933409e-01 9.513611e-01 -2.087362e-01 -2.283351e-01 -7.918413e-03 4.356325e-02 -1.475360e-01 -8.071765e-01 5.252671e-01 -4.373451e-02 -1.682202e-03 
1.239585e+01 -2.508742e+00 4.436653e-01 -2.065815e+01 -4.128475e+00 9.152811e+00 -2.958268e+00 -3.989557e+00 -9.393353e-01 1.361298e+01 -5.301261e+00 -1.184541e+00 8.824885e-01 2.564318e-01 1.470024e+00 -9.448127e-01 3.865683e-01 -3.592092e-01 -6.532633e-01 -1.676331e-01 5.494245e-01 -2.933783e+00 -1.404125e+00 1.161387e+00 2.148043e+00 -1.119434e-02 1.129404e-01 -1.396240e-01 -4.088626e-01 8.066034e-01 1.201737e-01 -2.272242e-01 1.941974e-01 -2.157854e-01 8.776914e-02 -5.844696e-01 2.764463e-01 -5.690302e-01 -2.941862e-03 
1.286799e+01 -1.288857e+00 -1.282628e+00 -2.115843e+01 -2.619899e+00 7.611322e+00 -2.865121e+00 -6.145997e+00 -1.500116e+00 1.080112e+01 -2.700014e+00 6.669476e-01 8.652545e-01 3.871543e-01 1.378398e+00 -1.380377e+00 1.345531e+00 -4.915686e-01 -7.580845e-01 7.153773e-01 -6.839637e-01 -2.518152e+00 -1.231969e+00 1.164661e+00 1.302011e+00 -1.690641e-02 3.782449e-02 -1.640158e-01 -2.039766e-01 5.081220e-01 1.474673e-02 1.686611e-01 2.427682e-01 -2.898238e-01 2.976249e-01 -3.108117e-01 -3.132065e-01 -1.052052e+00 -3.659691e-03 
1.315468e+01 9.144383e-01 -3.160910e+00 -1.856853e+01 -2.575074e+00 7.165230e+00 -3.047864e+00 -4.581051e+00 -6.501162e+00 8.940866e+00 -2.254435e+00 1.709767e+00 8.518853e-01 4.927803e-01 1.009783e+00 -1.531309e+00 1.487992e+00 -2.058133e-02 -1.021576e+00 1.023641e+00 -6.072357e-01 -1.663749e+00 -1.538623e+00 4.339550e-01 -5.627816e-01 -2.099690e-02 -1.422998e-01 -3.881398e-01 1.870014e-01 1.885286e-01 -2.038765e-01 6.596646e-01 -1.347996e-02 -3.148126e-01 5.123792e-01 -5.122197e-01 -7.592357e-01 -1.136840e+00 -3.782295e-03 
1.425861e+01 4.181852e-01 -4.572433e+00 -1.537647e+01 -5.061752e+00 4.954908e+00 2.901355e-01 -7.751652e+00 -6.864548e+00 1.049410e+01 -2.944263e+00 1.083300e+00 8.198063e-01 2.059630e-01 9.545189e-01 -1.114105e+00 1.321342e+00 -7.805065e-01 5.703018e-01 6.981575e-01 -7.573200e-01 -1.309172e+00 -1.821005e+00 -8.268959e-01 -1.792729e+00 -2.398400e-02 -3.349527e-01 -3.646052e-01 4.947078e-01 1.051914e-01 -2.470873e-01 1.096235e+00 -5.668536e-01 -1.403904e-01 3.032481e-01 -9.714778e-01 -7.750518e-01 -6.545808e-01 -2.289291e-03 
1.416418e+01 1.687524e+00 -5.568008e+00 -1.610872e+01 -3.010335e+00 5.372929e+00 5.821422e-01 -6.222627e+00 -6.575746e+00 6.073626e+00 -3.009512e+00 -4.206778e+00 8.002533e-01 -3.643622e-01 -2.586295e-01 -1.429555e-01 1.341345e+00 -1.234121e+00 1.980842e+00 -2.264441e-01 -9.880506e-01 -9.763116e-01 -3.670816e+00 -1.638963e+00 -1.988704e+00 -2.656266e-02 -3.939134e-01 6.618670e-02 5.007907e-01 4.305322e-01 -1.069926e-01 8.266187e-01 -6.214494e-01 -2.741879e-01 1.683781e-01 -9.445546e-01 -4.612132e-01 1.807104e-01 -2.115272e-03 
1.339318e+01 3.097270e+00 -5.649399e+00 -1.578157e+01 -6.304472e+00 1.135886e+01 -1.189292e+00 -9.111251e+00 -8.008542e+00 3.129301e+00 -6.456905e+00 -5.338372e+00 7.711610e-01 -8.588462e-01 1.897128e-01 3.988247e-01 1.944912e+00 -1.120239e+00 3.221781e+00 -1.493749e+00 -1.195544e+00 -1.345663e+00 -5.023298e+00 -1.674107e+00 -1.257966e+00 -2.556290e-02 -3.541300e-01 5.428008e-01 4.426054e-01 6.154067e-01 5.514461e-01 -1.906582e-01 -3.766488e-01 -2.485208e-01 2.839727e-01 -3.640923e-01 -1.101994e-02 7.592295e-01 -2.852876e-03 
1.176552e+01 -1.718602e+00 -3.337182e+00 -1.165925e+01 -8.124348e+00 1.386760e+01 -3.440393e+00 -8.841247e+00 -1.081076e+01 -5.730700e+00 -8.692826e+00 -5.023201e+00 7.433861e-01 -9.444777e-01 1.723106e+00 2.162414e-01 3.328815e+00 -3.856369e-01 1.785698e+00 -9.876924e-01 -1.759066e+00 -8.034731e-01 -4.660217e+00 -1.448415e+00 7.343057e-02 -3.078727e-02 -2.717608e-01 9.274977e-01 3.002675e-01 4.612616e-01 1.044842e+00 -9.821050e-01 -9.592985e-02 -2.222468e-01 3.221757e-01 5.404797e-01 3.792693e-01 1.090683e+00 -5.993127e-03 
1.116342e+01 3.069416e+00 -3.693323e+00 -7.876982e+00 -8.105799e+00 1.681632e+01 -5.167302e+00 -1.242015e+01 -1.147529e+01 -8.720213e+00 -8.473002e+00 -4.798355e+00 7.204250e-01 -1.274593e+00 2.677612e+00 9.193166e-01 3.404639e+00 1.552566e+00 -2.855265e-01 -8.045788e-01 -1.614359e+00 2.431815e-02 -3.146713e+00 -9.771966e-01 9.724520e-01 -3.614576e-02 -3.720985e-01 2.450729e-01 2.231627e-01 2.373048e-01 1.013579e+00 -1.234179e+00 1.488392e-02 -7.488392e-02 8.892856e-02 1.151160e+00 8.210249e-01 1.035133e+00 -1.146484e-02 
1.055645e+01 1.031710e+01 -5.465033e+00 -3.416989e+00 -4.037590e+00 1.157245e+01 -2.367152e+00 -1.336366e+01 -8.860368e+00 -1.130259e+01 -9.243781e+00 -4.109474e+00 6.716917e-01 -1.515492e+00 3.134850e+00 1.098183e+00 2.917831e+00 2.653696e+00 -1.176103e+00 -1.050832e+00 -1.889923e+00 -5.053105e-02 -1.906708e+00 -9.099034e-02 2.349573e+00 -5.123976e-02 -5.689824e-01 -9.387865e-01 9.605285e-02 -1.209495e-01 2.936670e-01 -5.525233e-01 -5.574769e-02 3.203327e-01 -8.594158e-02 1.209466e+00 1.130992e+00 4.601034e-01 -2.044461e-02 
7.624802e+00 1.046774e+01 1.063054e-02 -2.879398e+00 -5.851756e-01 1.107937e+01 -5.748857e+00 -1.492202e+01 -8.862050e+00 -9.818465e+00 -1.106762e+01 -9.329463e-01 6.262963e-01 -2.433859e+00 7.092205e-01 1.073741e+00 3.336839e+00 2.428066e+00 -1.468360e+00 -1.387889e+00 -1.504461e+00 -1.277488e+00 -6.443080e-01 1.752288e+00 2.779725e+00 -7.265542e-02 -6.514615e-01 -1.626004e+00 -3.060420e-01 -2.871258e-01 -5.179597e-01 1.751875e-01 1.341790e-01 5.914617e-01 2.211319e-01 8.830264e-01 9.764831e-01 -1.174933e-01 -2.963598e-02 
5.957711e+00 1.025628e+01 3.011191e-01 4.312795e-01 1.383702e+00 1.085602e+01 -8.403687e+00 -1.704015e+01 -1.236974e+01 -1.471519e+01 -7.850518e+00 4.792092e+00 5.342407e-01 -3.209921e+00 -1.986615e+00 6.191411e-01 2.758042e+00 6.448961e-01 -3.855150e-01 -9.748952e-01 -2.123875e-01 -5.822185e-01 1.359028e-01 2.841848e+00 1.470294e+00 -1.147491e-01 -5.345291e-01 -1.553413e+00 -5.879070e-01 -6.102443e-01 -5.991192e-01 7.820914e-01 7.116527e-01 8.440276e-01 6.631333e-01 7.334014e-01 2.375452e-01 -7.003843e-01 -2.968937e-02 
1.293749e+00 6.646076e+00 -1.207982e+00 6.882844e+00 1.323730e+00 9.833239e+00 -9.088495e+00 -1.810460e+01 -1.610790e+01 -1.023579e+01 -4.082653e-01 4.649431e+00 4.258470e-01 -3.684686e+00 -2.891640e+00 -3.714944e-01 2.048763e+00 -3.287499e-02 1.950859e-01 -1.715852e-01 5.040438e-01 1.395812e+00 2.471292e-01 2.438799e+00 8.245096e-01 -1.525695e-01 -1.833386e-02 -6.150302e-01 -7.254625e-01 -1.165634e+00 -1.558370e-01 7.944035e-01 8.991694e-01 6.795653e-01 8.641195e-01 6.891396e-01 -5.455902e-01 -4.780250e-01 -1.590628e-02 
-2.327124e+00 2.294625e+00 -1.759731e+00 5.491996e+00 -1.767615e+00 1.026774e+01 -5.571850e+00 -1.283443e+01 -8.148737e+00 -1.041477e+01 -3.643005e-01 4.510182e-01 1.981674e-01 -3.562513e+00 -2.831705e+00 -1.118836e+00 5.106544e-01 8.885610e-01 1.902600e+00 1.899406e+00 1.325999e+00 1.928567e+00 1.314602e+00 7.534283e-01 -1.746785e-01 -1.597324e-01 5.089611e-01 3.662915e-01 -5.988141e-01 -1.141610e+00 3.797481e-01 1.466752e-01 5.898085e-01 1.250269e-01 -3.486895e-02 8.044866e-01 -3.284382e-01 2.519023e-01 1.036664e-02 
-6.656208e+00 -9.285955e-03 -8.163174e-01 4.833878e+00 8.260233e-01 1.234930e+01 -8.022630e+00 -1.450475e+01 -3.993910e+00 -1.073331e+01 -2.616970e+00 5.360409e+00 3.148350e-02 -2.349331e+00 -1.943471e+00 -1.684607e+00 -1.367615e+00 1.527095e+00 1.359624e+00 1.670843e+00 1.124064e+00 1.787680e+00 2.211919e+00 6.855375e-02 1.212014e+00 -1.296907e-01 8.501424e-01 7.273759e-01 -3.104469e-01 -7.191766e-01 3.565951e-01 -2.965146e-01 2.667292e-01 -2.565588e-02 -8.131614e-01 6.419492e-01 3.284239e-01 3.141099e-01 3.179866e-02 
-7.880363e+00 -5.743210e-01 -5.488865e+00 4.008839e+00 6.075745e+00 1.911086e+01 5.600163e-01 -1.221001e+01 -8.784101e+00 -7.893534e+00 -2.979156e+00 3.563581e+00 -6.723034e-02 -1.332646e+00 -6.292458e-01 -1.718511e+00 -1.241901e+00 1.763620e+00 -2.345542e-01 1.052999e+00 1.026345e-01 -9.525485e-01 3.175923e+00 2.384784e+00 2.536146e+00 -7.435015e-02 8.589343e-01 6.921519e-01 1.151822e-01 3.997759e-02 -1.508225e-01 -6.176016e-01 -3.297464e-01 1.864281e-01 -5.900592e-01 -3.465782e-02 5.867783e-01 2.349692e-03 3.801786e-02 
-7.676419e+00 -1.636746e+00 -7.766458e+00 7.861658e-01 5.037672e+00 1.220955e+01 -3.800416e+00 -1.279612e+01 -6.851650e+00 -4.361417e-01 1.241808e+00 9.152937e+00 -8.991046e-02 -5.488629e-01 -3.559260e-01 -1.623896e+00 -6.708961e-01 1.312508e+00 -2.187907e-01 1.585214e+00 9.873753e-01 -1.229339e+00 2.526206e+00 3.265213e+00 1.039543e+00 -3.626768e-02 5.134670e-01 4.874712e-01 4.391235e-01 6.457530e-01 -2.782573e-01 -6.369529e-02 -8.244310e-02 4.510601e-01 -1.934202e-01 -5.519222e-01 1.635053e-01 -7.612282e-01 2.991411e-02 
-8.480516e+00 -3.770824e-02 -6.877005e+00 1.306538e+00 4.944622e+00 9.164406e+00 -2.417960e+00 -1.317568e+01 -1.148258e+01 3.165529e-01 9.630000e+00 1.123547e+01 -1.128717e-01 -1.681405e-01 -1.647801e-01 -5.733384e-01 3.621465e-01 2.418553e-01 -3.963308e-01 2.933503e-01 2.326469e+00 4.867634e-01 9.840506e-01 2.089092e+00 -7.664850e-02 -1.635776e-02 2.397088e-01 2.060694e-01 3.902512e-01 6.331087e-01 -8.798730e-02 2.509579e-01 6.197166e-02 4.326397e-01 5.049589e-01 -8.067439e-01 -6.563396e-01 -9.365407e-01 1.685082e-02 
-9.100139e+00 -2.057396e+00 -8.241761e+00 2.830827e+00 7.954046e+00 1.622804e+01 1.392331e+00 -9.084909e+00 -8.791392e+00 -2.207344e+00 7.404547e+00 6.722276e+00 -1.270489e-01 -3.642243e-01 2.615454e-01 -6.163215e-02 1.059098e+00 8.966586e-01 1.122137e+00 1.638379e+00 2.267511e+00 1.008584e-01 5.482786e-01 1.034003e+00 -1.287793e+00 -9.121662e-03 5.892508e-02 1.946528e-01 3.588723e-01 3.178066e-01 3.845697e-02 -3.558997e-01 -3.252972e-01 -2.365261e-01 3.703498e-01 -5.115874e-01 -9.485908e-01 -5.450456e-01 8.788600e-03 
-8.009350e+00 -1.187674e+00 -8.118101e+00 4.797529e+00 5.826582e+00 1.511983e+01 -5.692217e-01 -2.432993e+00 -5.380161e+00 -2.087728e+00 4.384938e+00 4.395511e+00 -1.304395e-01 -2.266071e-01 9.230512e-02 -5.483332e-01 1.058750e+00 1.531659e+00 3.497287e-01 1.336138e+00 1.625803e+00 9.071115e-01 1.310234e-01 2.187582e-01 -9.827637e-01 -3.671731e-03 6.024387e-02 1.913797e-01 2.820191e-01 -1.075389e-01 -7.254159e-02 -7.924706e-01 -3.400816e-01 -6.920372e-01 -6.370962e-02 -1.492394e-01 -7.096688e-01 -3.972370e-02 4.056470e-03 
-9.733390e+00 2.459462e-01 -7.453935e+00 4.336463e+00 9.079914e+00 1.484277e+01 3.467518e+00 -6.830286e+00 -9.398157e+00 3.507199e+00 9.034383e+00 6.134189e+00 -1.267151e-01 -2.250903e-01 4.888301e-01 1.580085e-01 5.698482e-01 8.598512e-01 -2.371248e+00 -5.626543e-01 1.550319e-01 4.121812e-01 3.947637e-01 -5.425665e-01 -1.232582e+00 1.327088e-03 1.848143e-01 1.766122e-01 2.678818e-01 -3.173188e-01 -6.571877e-01 -9.180912e-01 -7.500138e-01 -4.014169e-01 7.947925e-02 -2.886718e-02 -4.123038e-01 1.798280e-01 1.208886e-03 
-9.297270e+00 -7.283698e-01 -1.001257e+01 5.847361e+00 1.203988e+01 1.160540e+01 3.225226e+00 -6.174134e+00 -6.643600e+00 -1.885267e+00 9.908792e+00 6.615668e+00 -1.313706e-01 6.338173e-02 6.785305e-01 7.269340e-01 6.920107e-02 -1.024409e-01 -2.611842e+00 -3.064269e-01 -7.743013e-02 1.265912e-02 3.145656e-01 -6.709144e-01 -3.028782e-01 -1.300340e-03 1.033792e-01 1.567403e-01 3.008968e-01 -2.491547e-01 -9.836522e-01 -1.779758e-01 -5.776059e-01 -1.795158e-01 -2.011014e-01 -1.461777e-01 -2.275145e-01 1.148930e-01 -1.092911e-03 
-9.582013e+00 1.567002e-01 -6.504676e+00 5.155285e+00 9.146378e+00 6.129027e+00 -3.318018e+00 -6.439948e+00 -6.099082e+00 -3.342466e-01 1.929891e+00 -5.507085e-01 -1.199515e-01 4.148708e-01 8.514403e-01 6.402041e-01 -3.255648e-02 -1.572233e+00 -1.987633e+00 -1.290310e+00 1.112035e+00 9.455596e-01 3.121884e-01 -5.826211e-01 -7.286720e-01 -4.256958e-03 -2.998314e-02 -1.493746e-02 6.064668e-02 -1.772625e-02 -6.599425e-01 7.279366e-01 1.425214e-01 1.655089e-01 -8.991261e-02 -4.629659e-01 1.190521e-01 2.031709e-01 -2.243809e-03 
-7.767926e+00 2.249717e+00 -4.957802e+00 4.733917e+00 5.281270e+00 6.417675e+00 1.291535e+00 -3.015507e+00 -6.966610e+00 1.406387e+00 4.582430e+00 6.223739e+00 -1.403302e-01 -2.983389e-02 6.946539e-01 7.149945e-01 1.142070e-01 -2.170574e+00 -7.320806e-01 -1.187932e+00 2.497116e-01 -3.651469e-01 -5.584798e-01 -8.987244e-01 -6.602988e-01 -6.341831e-03 -2.036234e-01 -1.231030e-01 8.812422e-02 2.699883e-01 6.405535e-02 7.290475e-01 3.381950e-01 3.688765e-02 5.921831e-02 -5.793779e-01 2.630774e-01 3.832665e-02 -5.077429e-05 
-8.423568e+00 3.014277e+00 -6.780325e+00 4.730091e+00 4.598392e+00 7.498426e+00 -2.017236e+00 -2.849074e+00 -4.509268e+00 3.422581e+00 8.784552e+00 2.686683e+00 -1.435452e-01 -3.285100e-01 4.061002e-01 4.670822e-01 4.586708e-01 -1.405790e+00 3.285574e-01 5.906041e-01 8.189747e-01 1.514105e-01 -1.483573e+00 1.665718e-01 -3.793220e-02 -7.365979e-03 -1.244962e-01 -1.640547e-01 1.963563e-01 2.595664e-01 6.891574e-01 3.918992e-01 6.834742e-01 -2.626275e-02 -4.298492e-02 -3.091810e-01 3.469431e-01 2.055373e-01 2.893706e-03 
-1.002495e+01 1.316329e+00 -6.300075e+00 6.631268e+00 3.461086e+00 7.260429e+00 -3.365001e+00 -6.720728e+00 -9.264131e+00 -6.556050e+00 1.987813e+00 1.695423e+00 -1.512926e-01 -5.830603e-01 2.857862e-01 1.254071e+00 1.173532e+00 1.346722e-01 -1.245553e-01 4.441885e-01 2.535389e-01 7.057930e-01 -1.684506e+00 2.698855e-01 -4.565468e-01 4.229778e-06 1.467893e-01 -6.594203e-02 1.731997e-01 -1.922171e-01 6.387345e-01 2.342023e-01 4.771409e-01 2.249823e-01 1.201750e-01 5.815135e-01 3.702837e-01 1.833575e-01 5.444666e-03 
-1.009553e+01 2.653882e+00 -3.498165e+00 6.500217e+00 3.027370e+00 7.350135e+00 1.963233e+00 -4.920770e-01 -4.192987e+00 -3.770770e+00 4.060087e+00 1.523687e+00 -1.512926e-01 6.917323e-02 2.356368e-01 1.352628e+00 7.355676e-01 7.210138e-01 -3.318963e-01 1.311014e+00 9.788095e-01 1.951986e-01 -6.707071e-01 5.678873e-01 1.971860e-01 7.039152e-03 2.440498e-01 -4.271917e-02 -2.186982e-02 -3.304228e-01 3.188630e-01 4.115245e-01 3.884490e-02 1.671867e-01 -7.588357e-02 9.242265e-01 -2.017631e-01 8.489215e-02 4.885037e-03 
-9.847288e+00 3.858418e+00 -3.288723e-01 9.716674e+00 6.739766e+00 5.869061e+00 1.522081e+00 -2.926304e+00 -3.595755e+00 -3.419010e+00 8.293961e+00 4.522665e+00 -1.364302e-01 5.051907e-01 4.501339e-01 1.138281e+00 -9.853560e-01 -4.031008e-02 7.692433e-01 8.375158e-01 1.294560e+00 2.138887e-01 1.942674e+00 7.519840e-01 1.389833e-01 1.367783e-02 1.401404e-01 -8.667116e-02 -4.494706e-01 -3.434886e-01 -1.433628e-01 7.566340e-01 1.943364e-01 2.724968e-01 -9.814452e-02 5.559880e-01 -5.757979e-01 7.418329e-02 7.046263e-04 
-8.167054e+00 2.921620e+00 -3.002626e+00 6.865148e+00 6.563869e+00 6.534842e+00 2.094622e+00 1.479103e-01 -6.367136e+00 -1.499395e+00 8.470517e+00 2.259088e+00 -1.157879e-01 3.475791e-01 1.103189e-01 4.154948e-01 -1.139625e-01 2.760125e-01 1.939075e+00 5.881576e-01 1.134361e+00 1.799913e-02 1.324110e+00 -1.083303e+00 8.881453e-02 1.022133e-02 -1.342223e-01 -1.032701e-01 -5.040481e-01 1.549369e-02 -4.072160e-02 4.234201e-01 7.865629e-02 -3.533311e-01 -1.179417e-01 -3.320774e-01 -5.309795e-01 -1.170521e-01 -3.841620e-03 
-8.462994e+00 3.433221e+00 -8.563383e-01 1.521766e+00 1.491281e+00 1.151386e+01 7.569637e-01 -5.687079e-01 -7.107927e+00 2.021745e+00 3.542629e+00 2.023000e+00 -1.006620e-01 -2.156031e-02 -8.483012e-02 -5.246796e-01 -1.191958e-01 -3.595773e-01 2.523012e+00 1.777361e+00 1.538231e+00 3.036899e-01 9.811839e-02 -1.783486e+00 -3.143675e-02 1.930604e-03 -1.753794e-01 -1.220120e-01 -4.047514e-01 3.923312e-01 2.247340e-01 -4.307907e-01 7.329486e-03 -9.372850e-01 -2.760292e-01 -9.132718e-01 1.508305e-01 4.205671e-02 -6.004992e-03 
-9.049518e+00 3.418442e+00 -1.156720e+00 1.002804e+01 7.031589e+00 1.422337e+01 5.286755e+00 4.000406e+00 -2.346896e+00 1.291546e-01 1.019193e+00 3.217784e+00 -1.180542e-01 -3.384383e-01 -1.321989e-02 -3.361266e-01 3.798232e-01 6.770657e-01 9.083528e-01 1.234419e+00 -9.095913e-01 -4.393731e-01 -1.408755e+00 -8.192894e-01 -3.027927e-01 -6.299158e-03 -9.537300e-02 -3.290011e-02 -5.052196e-02 -3.270779e-02 1.613963e-02 -1.119621e+00 -4.144209e-01 -1.091288e+00 -3.229279e-01 -2.464823e-01 9.829849e-01 9.110890e-02 -3.040737e-03 
-9.513869e+00 3.185947e+00 -3.875440e+00 7.539527e+00 4.708134e+00 1.463956e+01 8.812687e+00 2.838371e+00 -4.086999e+00 -3.743302e+00 3.102284e+00 3.886119e+00 -1.256259e-01 -2.859285e-02 -9.806244e-02 -5.095863e-01 7.295203e-01 8.827454e-01 -8.692340e-01 5.508950e-01 -2.369792e+00 -9.376854e-01 -1.257116e+00 1.374177e+00 5.451199e-01 -8.091417e-03 -8.662750e-03 5.118535e-02 2.543738e-01 -2.365870e-01 -3.339113e-01 -1.352487e+00 -8.325564e-01 -4.035588e-01 5.501540e-02 6.377559e-01 8.547027e-01 1.815928e-01 1.711168e-03 
-9.334262e+00 2.979033e+00 -3.173951e+00 5.755530e+00 8.340774e+00 9.513469e+00 4.238645e+00 -6.103490e+00 -1.007446e+01 -5.661145e+00 4.594294e+00 -1.866909e-01 -1.347964e-01 -1.256695e-01 -4.757946e-02 1.554178e-01 -7.018304e-01 -2.645406e-01 -1.962895e+00 -8.707293e-01 -2.368060e+00 -9.759555e-01 7.692299e-01 2.252681e+00 2.560723e-01 3.471038e-05 2.183420e-02 1.550258e-01 2.851234e-01 -1.698406e-01 -7.615004e-01 -5.936254e-01 -4.184067e-01 8.675172e-01 5.143792e-01 1.071389e+00 1.068156e-01 8.890296e-02 6.459118e-03 
-8.463967e+00 3.162641e+00 -2.395568e+00 7.305647e+00 5.250356e+00 9.522622e+00 4.035415e+00 -7.365504e+00 -7.932275e+00 -1.369146e+00 8.626139e+00 6.450911e+00 -1.327761e-01 -1.714499e-01 1.882673e-01 5.014362e-01 -7.612568e-01 -1.558320e+00 -2.803880e+00 -1.332748e+00 2.495294e-01 8.471254e-01 2.197782e+00 9.538935e-01 5.970834e-01 7.319574e-03 -1.805911e-02 2.345135e-01 2.477456e-01 7.545817e-02 -5.259147e-01 2.125867e-01 7.986129e-02 1.248169e+00 4.292195e-01 5.903991e-01 -6.934143e-01 -3.834501e-01 7.435997e-03 
-1.020310e+01 3.192200e+00 -1.119846e+00 6.635572e+00 5.437692e+00 6.967509e+00 3.321651e+00 -2.737720e+00 -5.303895e+00 2.788617e+00 9.520786e+00 3.215846e+00 -1.143122e-01 -1.577985e-01 6.187070e-01 5.839986e-01 2.760887e-01 -1.909904e+00 -1.092453e+00 8.417164e-02 2.118247e+00 1.240150e+00 2.220677e+00 -7.500704e-02 1.158219e-01 1.829259e-02 7.562972e-02 1.953541e-01 4.772595e-02 4.955161e-01 6.538634e-02 8.041699e-01 4.921107e-01 6.491146e-01 -2.588341e-02 -2.538371e-01 -7.781566e-01 -4.112049e-01 4.210713e-03 
-9.936361e+00 4.020426e+00 -2.395118e+00 3.292849e+00 -1.631905e+00 1.893898e+00 2.607341e+00 2.403132e+00 -2.236983e+00 3.020760e+00 5.408688e+00 5.170453e+00 -9.927412e-02 -1.029171e-01 7.413562e-01 5.148399e-01 6.178777e-01 -9.241289e-01 -2.415729e-01 4.727941e-01 1.627899e+00 1.004134e-01 9.691620e-01 -9.289579e-01 -1.301981e+00 1.996293e-02 1.155230e-01 9.626732e-02 -4.250943e-02 4.504948e-01 4.262710e-01 9.030371e-01 4.642103e-01 -2.052543e-01 -5.130444e-01 -6.273004e-01 -3.922871e-01 -3.861373e-01 1.137696e-03 
-9.386830e+00 5.643907e+00 -2.542266e-01 9.141777e+00 2.232276e+00 7.865186e+00 5.373619e+00 -3.962885e-01 -6.721549e+00 3.247588e+00 5.827749e+00 1.032516e+00 -6.008022e-02 2.180976e-01 6.526218e-01 3.872232e-01 1.086195e+00 -2.546763e-01 7.768374e-01 6.869599e-01 1.882928e-01 -7.320059e-01 1.143832e-01 -6.966224e-01 -8.504617e-01 1.476294e-02 1.072806e-01 -2.079161e-03 -5.211608e-02 2.088360e-01 3.980106e-01 4.756771e-01 1.419652e-01 -5.299667e-01 -4.776530e-01 -5.067285e-01 -1.010951e-01 -1.480958e-01 -1.225402e-03 
