-1.057351e+00 4.101318e+00 -2.807007e+00 3.895986e+00 3.479753e+00 4.976381e+00 -2.315618e+00 -1.040866e+00 9.220769e+00 6.536468e+00 -3.602212e+00 2.196466e+00 -1.512926e-01 1.795607e-01 4.548276e-02 5.505858e-01 6.838485e-01 1.895363e-02 -1.678238e+00 5.208727e-01 2.339837e-02 -1.755490e+00 -1.299564e+00 2.093192e+00 -9.836011e-02 -2.087007e-06 -3.506702e-01 1.374517e-01 -2.200548e-03 -2.049479e-01 8.905882e-02 2.170386e-01 -1.384791e-01 8.238082e-02 2.363830e-01 5.933460e-02 -1.588411e-01 1.174718e-01 3.167472e-07 
-7.620220e-01 3.803371e+00 -1.281397e+00 6.508357e+00 5.048801e+00 7.473447e-01 -1.454722e-01 1.369354e+00 5.081151e+00 4.214252e+00 1.310644e+00 2.245824e+00 -1.512926e-01 1.379602e-01 1.432812e-01 3.245503e-01 3.564493e-01 3.982181e-01 -1.131441e+00 2.230734e-01 2.921985e-01 -1.761077e+00 -1.664479e+00 1.925912e+00 4.400645e-01 -2.087007e-06 -7.953396e-01 1.781468e-01 1.399558e-01 -3.742319e-01 -2.711467e-02 3.279772e-01 -2.629136e-01 1.334667e-01 6.363030e-01 4.562622e-01 -5.556459e-01 3.860017e-02 9.189527e-04 
-3.076139e-01 4.477371e+00 -8.171645e-01 6.010336e+00 2.790173e+00 -1.300695e+00 -7.966545e-01 -2.128908e+00 2.513066e+00 1.199771e+00 4.407069e+00 1.679896e+00 -1.512926e-01 -1.552956e+00 6.836501e-01 6.527081e-01 -1.769956e-01 2.746166e-01 -8.665553e-01 -2.268501e-02 3.009538e-01 -5.707429e-01 -8.204980e-01 1.382599e+00 2.196560e-01 -2.087007e-06 -1.045407e+00 4.518264e-02 3.173418e-01 -3.009514e-01 2.463009e-02 4.713988e-01 -2.663726e-01 2.747949e-01 7.166161e-01 6.761809e-01 -9.192629e-01 1.134430e-01 1.710393e-03 
-7.428735e-01 4.629774e+00 -2.179426e+00 4.621893e+00 5.815319e+00 2.457907e+00 -1.960008e+00 9.641034e-01 3.768898e+00 8.821611e-01 2.022788e+00 4.655350e+00 -1.512926e-01 -2.930808e+00 6.170168e-01 1.199330e+00 -7.569039e-01 -2.444523e-01 -4.441000e-01 -5.217950e-01 5.519820e-01 8.337628e-01 7.423528e-01 -3.298173e-01 -6.446126e-02 4.594510e-03 -6.726860e-01 -2.155749e-01 3.698410e-01 -1.420926e-01 6.895187e-02 4.659932e-01 -1.040707e-01 1.992791e-01 3.959476e-01 5.893302e-01 -9.367118e-01 7.847504e-02 1.020709e-03 
-8.832002e+00 7.106317e+00 9.056959e-01 3.954238e+00 4.469309e+00 -2.118225e-01 -1.522192e+00 6.665300e-01 7.023538e+00 4.100165e+00 2.954794e+00 2.090213e+00 -1.512926e-01 -3.513216e+00 3.465974e-02 1.699877e+00 -2.642367e-01 4.633168e-01 3.350589e-01 -4.386409e-01 1.267563e+00 5.300549e-01 8.779887e-01 -1.375204e+00 7.211481e-01 6.252601e-03 5.253412e-01 -5.141400e-01 -7.588354e-02 -4.365985e-02 2.631029e-01 4.855823e-01 2.901134e-02 -9.288448e-03 -6.761772e-02 1.814926e-01 -6.039639e-01 3.271248e-01 -7.204592e-04 
-1.115375e+01 5.574289e+00 3.854438e+00 3.751957e+00 2.987020e+00 -2.017936e+00 -2.392282e+00 2.731598e+00 6.994377e+00 6.475904e+00 3.879678e-01 1.718328e+00 -1.283138e-01 -2.245459e+00 -6.098971e-01 1.650200e+00 -3.105039e-01 6.484322e-01 5.977138e-01 -8.954168e-02 8.051011e-01 -3.317878e-01 4.328860e-01 -1.378770e+00 5.818594e-01 1.978411e-03 1.505919e+00 -3.735874e-01 -5.022950e-01 1.232457e-01 2.130156e-01 4.436270e-01 2.003249e-01 -1.950814e-01 -3.794746e-01 -4.971629e-01 -7.278488e-03 1.472230e-01 -3.087713e-03 
-1.266796e+01 4.178662e+00 4.665400e+00 5.123116e+00 6.521268e+00 2.612415e+00 -2.773755e+00 3.325075e+00 3.550823e+00 2.792752e+00 -1.651437e+00 6.753654e+00 -1.315112e-01 7.310991e-01 -1.273753e+00 4.791537e-02 -6.186904e-01 1.143699e+00 1.040482e+00 -9.398644e-02 1.278083e-01 -3.260575e-01 2.416937e-01 -1.112733e+00 1.532083e+00 -2.295780e-03 1.804085e+00 -3.235130e-03 -7.626032e-01 1.975383e-01 -1.317573e-01 1.519698e-02 9.600751e-02 -5.906155e-02 -1.384563e-02 -7.435836e-01 9.454586e-02 -6.556461e-01 -2.896920e-03 
-1.005198e+01 3.044024e+00 4.191536e+00 2.485139e+00 8.031796e+00 4.034291e+00 -1.781279e+00 3.660628e+00 3.846872e+00 3.700512e+00 -2.567894e+00 5.232581e+00 -1.512926e-01 2.476732e+00 -5.967269e-01 -4.861489e-01 3.649998e-02 4.803801e-01 1.421373e+00 3.075240e-01 1.466257e-01 -6.356390e-01 -1.425326e+00 -4.973304e-01 2.660856e-01 -6.574576e-03 1.167569e+00 2.657823e-01 -6.400189e-01 3.744642e-01 -4.007868e-01 -4.645117e-01 6.072435e-03 1.868358e-01 1.111625e-01 -5.761533e-01 2.047179e-01 -8.360128e-01 -5.607578e-04 
-5.727738e+00 2.003115e+00 9.765828e-01 1.494218e+00 7.665520e+00 1.964296e+00 -2.297607e+00 8.414013e-01 6.966484e+00 6.696330e+00 -1.131168e+00 7.994022e+00 -1.512926e-01 3.146183e+00 1.184010e-02 -1.044959e+00 5.499482e-01 -1.113872e-01 -7.449593e-04 -1.569539e-01 1.301669e+00 6.128582e-01 -1.910902e+00 -1.343112e+00 -2.399261e+00 -3.953871e-03 8.437939e-02 3.084249e-01 -1.626913e-01 4.702148e-01 -4.488561e-01 -6.325809e-01 -7.676250e-02 1.580108e-01 -1.541945e-01 -2.335611e-01 3.452662e-01 -7.243941e-01 1.116813e-03 
-2.240137e+00 3.678401e+00 3.268080e+00 5.749163e+00 4.816350e+00 5.413069e+00 -1.093150e+00 4.706517e+00 2.108613e+00 -2.602748e+00 -2.358916e+00 2.428564e+00 -1.512926e-01 2.384919e+00 7.625667e-02 -1.003501e+00 9.775275e-01 -7.278174e-01 -1.204238e+00 -2.768537e-02 1.152568e+00 -2.454030e-01 -1.371505e+00 -2.399757e-01 -1.632646e+00 -2.087007e-06 -5.908167e-01 3.934028e-02 -3.881178e-02 2.127208e-01 -1.293791e-01 -5.970726e-01 -1.572307e-01 -3.674607e-01 -1.989957e-01 6.160468e-01 5.182198e-01 6.029376e-02 1.710393e-03 
-8.434030e-01 3.920340e+00 -9.750817e-02 6.240783e+00 7.571803e+00 1.919570e+00 -3.902933e+00 9.310349e+00 7.483778e+00 -3.610157e+00 -8.471532e+00 -3.840725e+00 -1.512926e-01 1.198774e+00 -6.796341e-02 -5.068319e-01 1.261796e+00 -4.965306e-01 -8.097270e-01 -3.101131e-01 4.147725e-01 -1.292192e+00 -9.530957e-01 4.848807e-01 -1.140519e+00 -2.087007e-06 -8.424871e-01 -9.866045e-02 1.124974e-01 3.255595e-02 5.187177e-02 7.961769e-02 -2.159990e-02 -7.833971e-01 -3.473069e-01 6.427636e-01 7.648532e-01 7.908510e-01 7.917570e-04 
-5.694325e-01 2.466800e+00 -2.885947e-01 4.999570e+00 4.439844e+00 -1.964671e+00 -1.117627e+00 5.188561e+00 2.360920e+00 1.996262e+00 -9.778245e-02 2.986579e+00 -1.512926e-01 4.964667e-01 -3.601851e-01 -9.492077e-01 7.442311e-01 2.597970e-02 -1.159620e+00 -4.021568e-01 -1.247424e+00 -6.781867e-01 1.175845e+00 1.179816e+00 -6.182322e-02 -2.087007e-06 -6.145157e-01 3.437091e-02 4.523288e-02 -3.644140e-01 1.033283e-01 6.406582e-01 1.506240e-01 -5.513129e-01 -1.502664e-01 1.482900e-01 2.915860e-01 7.678661e-01 3.167472e-07 
-5.690643e-01 2.268676e+00 2.207125e-01 8.177816e+00 5.371287e+00 1.604455e+00 -3.835505e+00 2.674003e+00 3.798626e-01 -3.689133e-01 1.628185e-01 2.012219e+00 -1.512926e-01 -1.219769e-01 -2.632995e-01 -5.096020e-01 8.295117e-01 -2.289663e-01 3.749796e-01 -7.787418e-02 -1.415212e+00 -9.072569e-01 2.934212e-02 1.771344e+00 7.694243e-01 -2.087007e-06 -2.151399e-01 1.464503e-01 -3.691214e-02 -6.306126e-01 -5.976144e-02 6.493369e-01 5.048116e-01 -2.044424e-01 -6.825471e-02 -9.323402e-02 8.443009e-02 6.286656e-01 3.167472e-07 
1.051831e-01 2.703405e+00 -1.637372e+00 8.501081e+00 6.046134e+00 -2.272732e-01 -3.137678e+00 1.787126e+00 2.270267e+00 1.656116e+00 -7.769620e-01 -8.068700e-01 -1.512926e-01 -2.711712e-02 3.456587e-01 -7.759877e-01 -6.281008e-01 -3.449682e-01 1.406696e+00 6.093976e-01 -6.889155e-01 -1.189190e+00 -1.121284e+00 5.747998e-01 1.251659e+00 -2.087007e-06 5.050936e-02 1.106574e-01 6.155251e-02 -4.926043e-01 -1.258477e-01 4.881115e-01 6.997923e-01 2.216542e-01 -2.431600e-01 -2.528469e-01 -2.244052e-01 1.317276e-01 3.167472e-07 
-1.790516e+00 2.485469e+00 -1.971388e+00 8.637429e+00 5.623383e+00 2.925496e+00 -3.282231e+00 3.934412e+00 2.992957e+00 -3.293603e+00 7.247587e-01 1.902952e+00 -1.512926e-01 3.849137e-01 3.112337e-01 -7.780191e-01 -1.205068e+00 -6.096646e-01 1.153904e+00 1.708180e+00 -8.866280e-01 -1.377861e+00 -2.706845e-01 1.209504e+00 1.345969e+00 -2.087007e-06 2.418550e-01 -1.016152e-01 -2.859402e-02 -3.687157e-01 -1.569811e-01 -1.133469e-01 7.141746e-01 4.274819e-01 -1.131621e-01 5.065812e-02 -4.596766e-01 -4.758476e-01 3.167472e-07 
-9.440294e-02 4.086840e+00 -3.072447e+00 1.628645e+00 2.588824e+00 4.408769e+00 1.652899e+00 1.113933e+00 -4.891970e+00 -2.147812e+00 2.495166e+00 9.299575e+00 -1.512926e-01 4.955393e-01 -9.417339e-02 -5.072936e-01 -7.016185e-01 -4.129346e-01 8.914835e-01 2.203587e+00 -4.033888e-01 -1.658647e+00 6.167771e-02 3.386071e-01 3.085581e-01 -2.087007e-06 1.309256e-01 -3.067695e-01 1.832158e-01 3.093822e-01 -8.830034e-02 -5.225350e-01 2.973602e-01 6.209235e-01 4.316446e-02 -2.077252e-02 -3.866923e-01 -1.139671e+00 3.167472e-07 
1.455519e+00 3.133180e+00 -2.951863e+00 5.588490e+00 4.051878e+00 5.055668e+00 2.310086e+00 -1.422327e+00 -2.928029e+00 1.793340e-01 4.574065e+00 3.689279e+00 -1.512926e-01 8.259588e-01 -5.514789e-01 -7.869756e-01 -9.774572e-01 -9.798955e-01 6.582874e-02 2.695844e+00 5.792933e-01 -1.238327e+00 -3.087710e-01 -4.089616e-01 -1.138145e+00 -2.087007e-06 -7.310196e-03 -2.255137e-01 3.833112e-01 5.155596e-01 -2.446877e-01 -8.924458e-01 -2.954103e-01 6.876491e-01 3.674153e-02 -4.379527e-02 -1.978839e-01 -8.021811e-01 3.167472e-07 
9.594999e-01 1.909006e+00 -3.683462e+00 6.517959e+00 4.767650e+00 3.164983e+00 5.084307e+00 2.448632e+00 -3.061790e+00 2.279263e-01 -1.008642e+00 -1.572964e-01 -1.512926e-01 4.069063e-01 -7.565947e-01 1.445899e-01 8.050058e-01 -6.014915e-01 -6.619028e-01 1.602617e+00 1.682851e+00 -1.043209e+00 -1.206138e+00 -5.494989e-01 -3.204524e+00 -2.087007e-06 -1.022064e-01 -6.145733e-02 5.736493e-01 3.888370e-01 -3.425560e-01 -7.399983e-01 -8.580508e-01 3.814440e-02 8.207358e-02 2.211810e-01 2.436448e-01 -6.098370e-02 3.167472e-07 
1.811975e+00 8.170412e-01 -5.600876e+00 1.306020e+00 -3.655226e-01 3.876531e+00 8.481077e+00 6.163918e+00 -4.113493e+00 -6.025333e+00 4.318159e-01 9.402718e-01 -1.512926e-01 3.927304e-01 -4.851063e-01 8.125395e-01 6.193489e-01 -1.738711e+00 -2.531602e+00 5.316142e-01 1.508660e+00 -1.501779e+00 1.442528e-01 6.640987e-01 -9.083713e-01 -2.087007e-06 -2.926001e-01 4.444395e-02 5.185022e-01 8.427742e-02 -1.498463e-01 -3.121634e-01 -1.118207e+00 -7.532593e-01 3.745555e-01 7.337807e-01 1.985441e-01 8.642992e-01 3.167472e-07 
1.761895e+00 1.461704e+00 -1.024817e+00 7.795018e+00 1.789567e+00 1.689028e+00 6.580641e+00 5.735295e+00 -9.515284e+00 -5.076024e+00 1.819096e+00 -5.348609e+00 -1.512926e-01 2.011559e-01 -4.345119e-01 1.561190e+00 4.442786e-01 -1.746311e+00 -1.509749e+00 -1.004422e+00 -6.772854e-01 -1.116557e+00 9.411408e-01 1.020364e+00 -1.112865e-01 -2.087007e-06 -4.189613e-01 1.622314e-01 -1.106239e-01 -6.533862e-01 -8.534556e-02 2.973290e-01 -7.961521e-01 -8.828292e-01 9.400914e-01 9.246633e-01 -1.409574e-01 1.213153e+00 2.963978e-03 
3.018330e+00 9.313432e-01 -2.184782e-01 8.046590e+00 -3.152897e+00 -6.864190e+00 4.220682e+00 4.477807e+00 -7.210917e+00 3.552622e+00 6.480681e+00 1.742819e+00 -1.512926e-01 -5.340077e-01 -4.903222e-01 1.097208e+00 -3.755917e-01 -1.156694e+00 -1.071208e+00 -1.591687e+00 -2.006912e+00 6.711645e-01 2.286432e+00 -2.012175e-01 1.636681e+00 -2.087007e-06 -6.677257e-01 2.936511e-01 -6.897262e-01 -6.871924e-01 3.446837e-01 1.008139e+00 -1.747080e-01 -4.812196e-01 7.834464e-01 9.356804e-02 -6.447169e-01 4.320804e-01 9.500426e-03 
1.361986e+00 -3.206444e-01 1.431569e+00 5.368926e+00 -2.570131e+00 9.864249e-01 2.192780e+00 -9.472389e-02 -7.096174e+00 1.448265e-01 1.068702e+00 -1.115078e+00 -1.512926e-01 -1.224656e+00 5.721857e-02 -5.508755e-01 -1.964556e+00 -1.319298e+00 9.459515e-02 -1.316482e+00 -9.735274e-01 2.570771e+00 2.346112e+00 -8.216592e-01 1.588801e+00 1.481941e-02 -6.519431e-01 4.714068e-01 -1.071208e+00 -2.129945e-01 6.407388e-01 6.736868e-01 3.547074e-01 4.033374e-01 5.449488e-01 -3.416735e-01 -4.168367e-01 -5.488884e-02 1.631670e-02 
-6.585466e-01 -7.435616e-01 -1.343038e+00 6.409246e-01 -3.969342e+00 -1.128297e+00 2.716035e+00 -9.553080e-01 -1.966978e+00 2.796978e+00 -1.991618e-01 7.007228e+00 -1.512926e-01 -2.233006e+00 7.373741e-01 -1.580039e+00 -1.612259e+00 -2.286795e-01 1.706806e+00 -1.858449e-01 -7.492877e-01 5.718864e-01 -9.045149e-02 -1.638605e+00 4.019448e-01 4.009608e-02 -2.915479e-01 4.262795e-01 -8.164551e-01 5.949637e-01 8.813015e-01 5.465315e-01 6.179587e-01 8.237831e-01 1.216456e-02 -7.538493e-01 1.066326e-01 -3.891766e-01 1.754626e-02 
-2.522946e+00 2.585674e+00 -3.217303e+00 1.675375e+00 -4.398642e+00 -7.058403e-01 7.500190e-01 3.584252e+00 7.164840e-01 7.032602e+00 1.050665e+00 -3.634917e-02 -7.719132e-02 -2.209158e+00 1.308908e+00 -2.456203e+00 -2.513458e-03 9.934266e-01 4.697327e-01 6.658068e-02 7.104918e-01 1.657785e+00 4.212756e-01 -3.451656e-01 2.316591e-01 6.153612e-02 1.170469e-01 -7.636544e-02 -1.646485e-01 9.162745e-01 8.498799e-01 3.293658e-01 7.375687e-01 7.285178e-01 -2.120008e-01 -5.307521e-01 3.192087e-01 -6.248159e-02 8.335878e-03 
-6.204241e+00 3.164804e+00 -5.794274e+00 1.832207e+00 -3.382075e+00 2.516051e+00 4.012396e+00 -1.108060e+00 -8.257549e+00 -3.435608e-01 -1.703059e+00 3.213402e+00 1.212372e-02 -1.499432e+00 1.015122e+00 -2.032479e+00 1.618210e+00 2.093508e+00 1.473857e+00 8.064488e-01 1.270046e+00 1.188614e+00 -5.203630e-01 9.373263e-02 3.693650e-01 6.437330e-02 4.930243e-01 -5.501344e-01 3.646314e-01 4.029566e-01 2.613012e-01 -1.755856e-01 2.645903e-01 6.661873e-01 3.091585e-01 3.967295e-01 6.317540e-01 1.568302e-01 -5.216122e-03 
-6.910893e+00 4.269722e+00 -8.624357e+00 4.760802e+00 2.103458e+00 1.512971e+00 1.877349e+00 3.534170e+00 4.338175e+00 3.821640e+00 9.502494e-02 1.940253e+00 7.468288e-02 -1.006055e+00 -4.635907e-01 -1.147912e+00 1.001641e+00 1.769162e+00 1.858035e+00 1.875415e+00 1.659590e+00 1.202367e+00 -9.273017e-02 -9.176425e-02 1.292680e+00 4.435645e-02 4.946277e-01 -6.275625e-01 6.631050e-01 -2.557078e-01 -1.924385e-01 -2.806722e-01 -2.371528e-01 1.511613e-01 -3.285159e-01 4.259374e-01 2.780210e-01 -1.196653e-02 -1.406612e-02 
-5.961571e+00 3.490183e+00 -8.801960e+00 7.189456e+00 3.247301e+00 5.131702e+00 6.184390e+00 5.419775e+00 2.165667e+00 1.800484e+00 7.474602e-01 7.865540e+00 9.462241e-02 -3.694604e-01 -1.127055e+00 -4.108961e-01 -9.955692e-02 6.900151e-01 1.346333e-01 2.328890e-01 2.107155e+00 2.345426e+00 2.150362e+00 1.393529e+00 6.555927e-01 2.260322e-02 3.134029e-01 -2.713796e-01 5.789740e-01 -6.315741e-01 -4.363884e-01 -5.269983e-01 -8.429402e-01 -3.010204e-01 -4.883989e-01 1.882362e-01 1.841385e-01 -1.879945e-01 -1.362941e-02 
-7.674623e+00 1.049400e-01 -7.453182e+00 4.004168e+00 1.132318e+00 7.276512e+00 9.040816e+00 8.617960e+00 1.517148e+00 5.496665e+00 -6.332894e-01 4.100726e+00 1.033361e-01 -3.009652e-01 -7.576379e-01 4.856171e-02 -4.220549e-01 7.328885e-01 -2.641044e-01 -8.327434e-01 1.047766e+00 -5.632935e-01 1.215559e+00 3.950391e-01 2.879357e-02 1.208816e-02 2.156508e-01 2.129996e-01 4.280966e-01 -4.414395e-01 -4.341543e-01 -4.395667e-01 -1.146335e+00 -8.046877e-01 -4.203478e-01 -4.570449e-01 -1.357401e-01 -2.416603e-01 -7.204616e-03 
-7.669467e+00 -3.880825e-01 -8.434426e+00 1.712502e+00 5.532346e-01 3.074045e-01 1.594709e+00 6.885940e+00 4.880192e+00 9.570314e+00 5.628597e+00 5.410800e+00 1.108200e-01 -2.850669e-01 -1.947102e-01 2.641634e-01 -8.278731e-01 4.296203e-01 -1.000771e-01 -2.054498e+00 7.070301e-02 -3.706109e-01 -2.333574e-01 7.710714e-01 6.124151e-02 1.235990e-02 6.539012e-02 2.823021e-01 4.187135e-01 -1.107156e-01 -4.745844e-01 8.527125e-02 -2.675560e-01 -8.198708e-01 -2.769201e-01 -9.464071e-01 -6.902233e-01 -2.484266e-01 -1.147272e-03 
-7.561574e+00 2.420698e+00 -8.565028e+00 5.388770e+00 7.114675e+00 2.604689e+00 8.779532e-03 8.039925e+00 1.649574e-01 6.014629e+00 -3.705116e-01 3.311743e+00 1.270527e-01 2.985177e-02 1.350661e-01 6.550164e-01 -8.414003e-01 -2.715529e-01 -2.224225e-01 -2.712508e+00 -1.345562e+00 4.585689e-01 -1.186172e+00 -4.591922e-01 3.815000e-01 1.345609e-02 5.426713e-02 3.712421e-02 4.285571e-01 2.587568e-02 -8.215194e-01 1.896601e-02 4.675814e-01 -3.479967e-01 2.744959e-01 -3.605298e-01 -2.640567e-01 -2.453791e-01 2.431169e-03 
-7.443737e+00 1.358833e+00 -6.924612e+00 2.357754e+00 2.403845e+00 6.967091e+00 4.281225e-01 6.062083e+00 9.884436e-01 3.744073e-01 4.471441e+00 8.566732e+00 1.445854e-01 -2.078277e-01 -1.621107e-01 1.379383e+00 -4.434241e-01 -1.180784e+00 5.400636e-01 -1.651027e-01 -7.954163e-01 4.499734e-01 -1.380837e+00 -1.630388e+00 -7.630152e-01 1.618733e-02 2.098388e-01 4.001181e-02 1.791575e-01 2.038644e-01 -3.795268e-01 -6.067962e-02 9.137067e-01 6.868180e-02 5.688550e-03 4.248207e-01 -1.423489e-02 -5.166006e-01 4.255721e-03 
-7.638167e+00 -9.318345e-02 -4.932844e+00 -5.260325e-01 -1.150866e+00 2.834418e+00 -3.938032e+00 2.301723e+00 5.755661e+00 4.163547e+00 -2.350830e+00 4.430411e+00 1.537383e-01 -6.805523e-02 -5.885118e-01 1.633765e+00 -4.849861e-01 -2.569508e+00 -4.894217e-01 5.606903e-01 -2.591227e-01 3.989734e-01 -1.341031e-02 2.754312e-01 -7.859661e-01 2.233148e-02 5.254413e-01 4.981339e-01 9.436446e-02 3.900009e-01 2.724717e-01 -5.824959e-02 8.001045e-01 2.830714e-01 -5.721623e-01 5.004607e-01 5.502192e-01 -4.206323e-01 1.360461e-02 
-8.669975e+00 5.845716e-02 -3.353683e+00 2.451853e+00 -1.217573e+00 2.892968e+00 2.742821e+00 5.777865e+00 4.334371e+00 3.591707e+00 -1.533265e+00 1.036351e+00 1.783860e-01 8.131077e-01 3.670440e-01 6.706210e-01 1.336638e-02 -3.190147e-01 -2.700925e-01 8.775650e-01 -1.292310e-01 -3.123047e-01 1.304319e+00 3.325608e-01 -1.938000e+00 2.920335e-02 1.106593e+00 6.218981e-01 -1.098468e-01 5.624054e-02 1.888008e-01 -5.517450e-01 -3.797017e-01 -4.429765e-01 -9.969247e-01 -4.128552e-04 5.863636e-01 8.590719e-03 2.971607e-02 
-7.288708e+00 1.285624e-01 -2.181738e+00 2.916587e+00 -3.922279e+00 2.194837e+00 1.654747e+00 6.886357e+00 4.863642e-01 4.339253e+00 4.009326e+00 3.147089e+00 2.217962e-01 2.146710e+00 2.361089e+00 1.481136e+00 8.800920e-01 6.600468e-01 -1.085309e-01 7.666311e-01 -2.634350e-01 -2.021091e+00 -2.653986e-02 1.310431e+00 -1.134188e+00 7.497127e-02 1.309713e+00 1.469489e-02 -9.338588e-03 -5.532834e-01 -3.163953e-01 -9.322686e-01 -7.145005e-01 -8.376224e-01 -1.041248e+00 -8.120075e-01 6.521302e-02 5.543287e-03 4.077362e-02 
-3.552545e+00 3.083649e+00 -4.947098e+00 7.036574e-01 2.194311e+00 5.936362e+00 2.019593e+00 3.123493e+00 2.062335e+00 6.808303e+00 2.954172e+00 -4.817064e-01 2.565806e-01 4.217728e+00 1.472688e+00 9.064440e-01 -8.447331e-01 -1.851558e+00 -2.409257e+00 -2.166543e+00 -3.008150e+00 -3.324743e+00 -1.376280e+00 7.838616e-01 -5.459042e-01 1.384439e-01 8.746133e-01 -1.115837e+00 3.526866e-01 -1.251422e+00 -1.106548e+00 -1.176909e+00 -3.128876e-01 -5.354449e-01 -8.154373e-01 -1.105891e+00 -1.920290e-01 2.119366e-02 3.687578e-02 
5.363922e-01 1.019971e+01 3.269235e+00 4.748639e+00 4.435567e-01 7.701142e-01 2.567830e-01 2.312157e+00 -3.213301e+00 2.422676e+00 1.957482e+00 -4.817064e-01 4.895129e-01 4.778142e+00 -1.067724e+00 1.469132e+00 -2.822459e+00 -3.385249e+00 -4.081231e+00 -1.490013e+00 -3.007758e+00 -3.301105e+00 -2.733181e+00 3.758925e-01 -1.454183e+00 1.715827e-01 -7.174342e-02 -1.991520e+00 2.041982e-01 -1.818536e+00 -7.334524e-01 -6.192901e-01 5.124579e-01 7.821403e-02 -2.275008e-01 -3.487177e-01 -6.855568e-01 -2.910390e-01 9.555544e-03 
8.505842e+00 2.386026e+00 -1.547223e+00 -2.688392e+00 -1.265804e+01 -8.440574e+00 -7.391145e+00 -6.975640e+00 -1.043957e+01 -2.331266e+00 3.411934e+00 1.211460e-01 7.367631e-01 3.870350e+00 -3.497559e+00 2.440032e+00 -4.392407e+00 -3.829326e+00 -4.168235e+00 4.416077e-01 -1.434160e+00 -3.749504e+00 -2.871855e+00 -1.603663e-01 -1.671953e+00 1.652774e-01 -1.075218e+00 -1.294398e+00 4.667226e-01 -1.251523e+00 8.152152e-01 7.205022e-01 1.502199e+00 1.069224e+00 5.511063e-01 5.812980e-01 -8.512641e-01 -2.550896e-01 -2.199465e-02 
1.057277e+01 -4.861481e+00 3.463789e+00 -9.499376e+00 -1.342251e+01 -1.102288e+01 -1.089456e+00 -3.103012e+00 -9.768225e+00 -4.757005e+00 5.659695e+00 -4.425492e+00 8.396229e-01 1.961495e+00 -5.111363e+00 1.735333e+00 -6.438750e+00 -2.018177e+00 -2.325541e+00 2.024870e+00 -6.592521e-01 -2.946254e+00 -1.022216e+00 -1.645272e+00 -2.026242e+00 1.093352e-01 -1.328743e+00 1.330196e-01 2.767299e-01 -1.891581e-01 1.727955e+00 1.586438e+00 1.102042e+00 1.052728e+00 1.192709e+00 1.144969e+00 -6.955855e-01 2.775911e-01 -3.726804e-02 
1.078156e+01 -6.873195e+00 7.155688e+00 -1.413392e+01 -1.001923e+01 -9.008186e+00 4.900960e+00 -1.340108e+00 -1.340830e+01 -3.961219e+00 3.012044e-01 -6.869682e+00 9.078916e-01 2.500432e-01 -2.977532e+00 3.106874e+00 -5.294421e+00 1.541030e+00 3.154508e-01 3.586834e+00 1.163676e+00 -7.468075e-01 6.748604e-01 -2.461830e+00 -1.535302e+00 5.959247e-02 -1.095610e+00 1.128572e+00 -1.928553e-01 7.450168e-01 1.442927e+00 1.403590e+00 3.001264e-02 4.738873e-01 1.583233e+00 9.529693e-01 -2.473034e-01 5.659092e-01 -3.562015e-02 
9.206234e+00 -1.072784e+01 7.594493e+00 -2.172202e+01 -1.096704e+01 -1.057400e+01 4.234999e+00 -3.801663e+00 -1.646071e+01 -1.873513e+00 -4.713654e+00 -7.117605e+00 9.505991e-01 -5.533659e-02 -6.627082e-01 2.519348e+00 -3.317283e+00 2.569274e+00 1.609117e+00 2.447863e+00 9.568157e-01 1.161108e+00 1.218380e+00 -1.951229e+00 -1.345013e-01 3.808334e-02 -5.987331e-01 1.397321e+00 -4.259641e-01 1.498015e+00 4.595600e-01 6.777038e-01 -7.328880e-01 -2.895573e-03 1.341445e+00 3.554518e-01 1.788053e-01 5.067167e-01 -2.316910e-02 
1.043910e+01 -9.568054e+00 1.192168e+01 -2.304901e+01 -6.180499e+00 -7.087819e+00 7.880696e+00 -8.079820e-01 -1.082690e+01 -3.984912e-01 -3.710433e+00 -6.209558e+00 9.792172e-01 -5.993232e-01 -7.917763e-02 1.083727e+00 -2.228240e+00 1.091648e+00 8.823252e-01 3.799366e-01 1.272856e-01 2.112917e+00 7.727352e-01 -1.243891e+00 2.116100e-01 2.280127e-02 -2.451520e-01 7.399542e-01 -7.796136e-01 1.343306e+00 -4.767464e-01 -2.532013e-02 -1.040561e+00 -4.643242e-01 6.065770e-01 -7.034014e-02 1.444581e-01 3.942659e-02 -1.402655e-02 
1.046709e+01 -6.827094e+00 1.367767e+01 -2.162856e+01 -2.495648e+00 -3.937896e+00 9.659671e+00 1.415263e+00 -5.253315e+00 -4.463792e-01 -2.090540e+00 -5.428111e+00 9.943783e-01 -6.075373e-01 4.259838e-01 6.171592e-01 -4.818494e-01 5.041827e-01 7.795880e-01 -3.601931e-02 -1.553661e-01 2.330957e+00 7.061109e-01 -1.360321e+00 -3.661215e-01 1.188090e-02 -1.312665e-01 9.386903e-02 -6.971808e-01 7.378304e-01 -4.864756e-01 -2.238887e-01 -7.196891e-01 -4.817904e-01 -6.947559e-02 -3.204977e-01 -1.657975e-01 -4.797215e-01 -1.052019e-02 
7.154769e+00 -9.219052e+00 9.532711e+00 -2.532211e+01 -8.796808e+00 -7.914842e+00 4.088137e+00 -3.312524e+00 -8.447731e+00 -8.108211e-01 -7.229790e+00 -6.656046e+00 9.999999e-01 -6.997474e-01 1.779670e-01 1.599174e-01 4.348201e-03 1.897302e-01 6.037019e-01 -3.738214e-01 -6.018854e-01 1.701192e+00 5.792642e-01 -2.034947e+00 -1.222299e+00 2.558743e-03 8.197442e-02 -2.781336e-02 -3.620671e-01 2.502214e-01 2.793181e-01 1.418068e-01 -1.387522e-01 -2.965683e-01 -2.124255e-01 -3.958800e-01 -1.327836e-01 -4.036906e-01 -8.451134e-03 
7.810605e+00 -8.772132e+00 1.187468e+01 -2.299396e+01 -7.137725e+00 -6.262423e+00 5.951164e+00 -3.326296e+00 -5.995657e+00 1.863161e+00 -9.755256e+00 -8.724584e+00 9.996135e-01 -6.614591e-01 -3.218481e-01 -5.047082e-01 -7.445529e-01 5.879220e-01 6.289459e-01 -7.738503e-01 -1.087477e+00 1.019712e+00 -2.872863e-01 -2.384778e+00 -1.815990e+00 -4.400634e-03 1.860396e-01 -1.413702e-01 -1.586330e-01 -2.857184e-01 6.118395e-01 1.623877e-01 5.886833e-02 -3.023333e-01 -2.091344e-01 -4.072625e-01 2.575865e-01 2.439144e-01 -7.159390e-03 
8.268695e+00 -7.706076e+00 1.362258e+01 -2.234423e+01 -2.911032e+00 -2.907168e+00 7.865918e+00 -1.446534e+00 -1.949861e+00 1.342731e+00 -1.005286e+01 -1.067293e+01 9.894065e-01 -1.623851e-01 1.556690e-01 -1.656549e-01 -8.459094e-01 2.446103e+00 1.666650e+00 5.491317e-02 -8.895029e-01 1.706350e+00 -7.099277e-01 -1.395514e+00 -1.081691e+00 -1.131395e-02 2.597921e-01 -2.061734e-01 -1.259100e-02 -2.851111e-01 2.811198e-01 -1.517315e-01 7.461607e-02 -4.046763e-01 -1.116758e-01 -3.855713e-01 7.287089e-01 8.202406e-01 -6.348164e-03 
6.602777e+00 -9.193144e+00 9.109316e+00 -2.683922e+01 -2.498513e+00 -3.297096e+00 3.901557e+00 -4.954812e+00 -3.404116e+00 -2.959796e+00 -1.260258e+01 -1.249995e+01 9.776888e-01 5.396418e-02 -2.698194e-01 -1.330258e-02 -1.485416e+00 2.435205e+00 1.060090e+00 4.380126e-02 -1.523150e+00 1.282878e+00 -6.855132e-01 -3.920630e-01 7.830102e-01 -1.697449e-02 1.413973e-01 -9.845898e-02 2.091487e-01 1.172233e-01 -3.019817e-01 -5.338421e-01 1.952274e-01 -2.128901e-01 1.358988e-01 -2.560254e-01 8.508228e-01 7.868738e-01 -6.483840e-03 
6.946714e+00 -8.230341e+00 1.008709e+01 -2.762850e+01 1.114311e+00 -1.064054e+00 5.387730e+00 -6.945591e+00 -1.211323e+00 -1.949218e+00 -1.278389e+01 -1.017708e+01 9.543938e-01 2.414316e-01 -8.790384e-01 -1.488500e-01 -1.050583e+00 6.718047e-01 -3.704814e-01 -4.093795e-01 -2.407564e+00 1.011260e+00 -1.149496e+00 6.122402e-01 1.579172e+00 -2.288835e-02 -1.014549e-01 9.407049e-02 1.070287e-01 2.976412e-01 -8.249786e-01 -8.508376e-01 1.254094e-01 7.290566e-02 2.551210e-01 -3.180494e-01 5.511757e-01 1.242382e-01 -6.636475e-03 
8.741147e+00 -9.858763e+00 1.357596e+01 -2.777893e+01 3.025489e+00 -1.883758e+00 7.409628e+00 -8.192645e+00 4.958062e-02 8.144528e-02 -1.035016e+01 -5.057356e+00 9.322407e-01 -1.562908e-01 -2.968117e-01 5.326729e-01 -5.583835e-02 -3.467393e-02 -1.021659e+00 4.343850e-01 -1.392866e+00 2.046732e+00 -1.347742e+00 8.654865e-01 7.877586e-01 -3.103142e-02 -1.618297e-01 5.517896e-01 -5.593732e-02 4.267424e-01 -7.246601e-01 -5.098393e-01 2.277242e-01 4.549370e-01 6.009504e-01 -3.025864e-01 2.267755e-01 -6.006891e-01 -6.958704e-03 
8.406785e+00 -1.176875e+01 1.064533e+01 -2.712792e+01 -2.313943e+00 -5.466302e+00 4.065045e+00 -1.186578e+01 1.379584e+00 -5.924980e+00 -8.117948e+00 -6.498174e+00 8.976672e-01 -5.646120e-01 6.395756e-01 9.648345e-02 -7.250238e-02 -4.437633e-01 -1.546617e+00 4.869814e-01 -5.901246e-01 2.599996e+00 -1.969063e+00 7.315381e-01 -4.629377e-01 -3.747034e-02 -1.067658e-01 9.408779e-01 -3.213426e-02 2.831166e-01 -2.308507e-01 -7.823538e-02 4.131470e-01 5.777145e-01 8.044668e-01 -1.432959e-02 1.361683e-01 -7.147353e-01 -5.457794e-03 
5.091521e+00 -8.908152e+00 1.149327e+01 -2.736925e+01 -9.581107e-01 -6.204686e+00 6.734431e+00 -9.458897e+00 5.534417e+00 -7.710568e+00 -1.060827e+01 -1.040051e+01 8.509015e-01 -3.521048e-01 1.729963e+00 -4.156051e-01 1.590296e-01 -6.303127e-01 -9.009576e-01 7.342214e-01 -1.571956e-01 3.493212e+00 -1.788613e+00 6.822376e-01 -1.199347e+00 -4.448038e-02 1.590337e-01 8.052946e-01 -4.358966e-02 1.380738e-01 -2.525432e-01 1.476587e-01 2.525747e-01 2.681738e-01 6.815289e-01 7.561374e-02 2.939917e-01 -2.988383e-01 -3.725105e-03 
5.948783e+00 -5.507287e+00 1.161078e+01 -2.819566e+01 8.871793e-01 -6.636901e+00 8.160104e+00 -9.263158e+00 9.046436e+00 -7.898600e+00 -8.997398e+00 -9.819891e+00 8.077196e-01 -1.944467e-01 2.811874e+00 1.646265e-01 2.572494e-01 -1.846590e-01 -8.219380e-01 1.506684e+00 -1.368102e-01 4.310359e+00 -1.000731e+00 1.384769e+00 -1.000835e+00 -4.345329e-02 2.361933e-01 4.385015e-01 9.859548e-02 1.562927e-01 -3.957421e-01 3.957206e-01 1.589985e-01 1.231354e-01 4.309286e-01 1.037049e-01 3.140494e-01 1.422645e-01 -6.293046e-03 
8.209409e+00 -4.339882e+00 1.101517e+01 -2.644938e+01 -1.726265e+00 -5.803373e+00 9.033427e+00 -1.028025e+01 1.368243e+01 -7.874656e+00 -6.499299e+00 -9.392996e+00 7.548229e-01 4.538063e-01 2.643400e+00 2.806913e-01 4.695687e-01 -1.426840e+00 -6.459345e-01 1.187217e+00 -2.784628e-01 4.599310e+00 -1.453755e+00 2.008777e+00 -4.374806e-01 -4.666353e-02 2.723180e-01 1.616942e-01 -2.076521e-02 4.956200e-01 -6.487005e-01 7.557625e-01 -7.779467e-01 5.419829e-01 -1.858845e-01 7.447337e-01 3.585413e-01 9.318076e-01 -1.454946e-02 
5.875872e+00 6.640267e-03 1.170748e+01 -2.630151e+01 -2.852920e+00 -9.776252e+00 1.044848e+01 -1.213914e+01 1.885727e+01 -1.084688e+01 -3.248939e+00 -1.200598e+01 7.284359e-01 2.133446e-01 2.375432e+00 2.414490e-01 5.538691e-01 -2.024056e+00 3.045312e-01 1.055170e+00 8.625344e-02 4.201768e+00 -1.617929e+00 1.638558e+00 -1.326547e-01 -6.784105e-02 3.069396e-01 -2.138289e-01 -5.067563e-01 8.673871e-01 -8.530131e-01 8.325318e-01 -2.214268e+00 3.480276e-01 -1.285585e+00 1.393365e+00 2.806006e-01 1.634370e+00 -2.319736e-02 
7.397071e+00 1.552003e+00 1.284860e+01 -2.596864e+01 -6.222241e+00 -7.864423e+00 1.152639e+01 -9.412988e+00 2.362512e+01 -1.350537e+01 -3.438637e+00 -1.149469e+01 6.572334e-01 8.055561e-01 2.756716e+00 -5.578930e-01 2.489053e+00 -2.954078e+00 2.314540e+00 -2.929561e+00 2.441162e+00 2.618190e+00 2.243788e+00 2.348066e+00 3.025479e+00 -1.050330e-01 4.144061e-02 -4.125365e-01 -5.897648e-01 7.594907e-01 -4.047506e-01 4.104000e-01 -2.803580e+00 -3.961145e-01 -1.895444e+00 1.586095e+00 9.747335e-02 1.598679e+00 -2.000899e-02 
7.421743e+00 3.424269e+00 1.190126e+01 -2.566650e+01 -6.985076e+00 -4.083865e+00 1.218958e+01 -9.265244e+00 2.508381e+01 -1.317297e+01 -2.334970e+00 -9.432181e+00 5.173228e-01 1.164328e+00 1.686019e+00 -1.949932e+00 3.584566e+00 -3.686223e+00 1.860501e+00 -7.506187e+00 2.434565e-01 -1.126872e+00 4.117190e+00 2.618134e+00 5.439552e+00 -1.302544e-01 -2.714063e-01 -5.058129e-01 -1.900634e-01 5.462281e-01 3.019475e-01 -1.631378e-01 -2.053605e+00 -9.224992e-01 -1.775957e+00 8.042664e-01 -2.343761e-01 1.057527e+00 -5.719252e-03 
1.146428e+01 7.734977e+00 8.128842e+00 -1.432212e+01 -1.443090e+01 2.923463e+00 -6.485494e+00 4.887371e-01 2.366062e+01 4.507214e+00 4.783976e+00 4.447743e+00 3.352143e-01 1.856551e-01 9.254078e-01 -1.572467e+00 2.751560e+00 -2.619551e+00 6.280066e-01 -8.549966e+00 -2.337522e+00 -2.213630e+00 3.609153e+00 2.006296e+00 4.769753e+00 -1.155019e-01 -8.641318e-01 -6.311216e-01 2.248064e-01 2.599381e-01 1.515787e+00 -7.571077e-01 4.995320e-01 -8.890508e-01 -1.315735e+00 -7.976612e-01 -6.305142e-01 -4.729552e-01 3.072801e-03 
9.663589e+00 5.345685e+00 4.317899e+00 -1.420113e+01 -1.717980e+01 -5.867209e+00 -1.807608e+01 -1.587321e+01 1.320507e+01 7.328631e-01 5.730598e+00 7.220487e+00 2.381694e-01 -8.336906e-01 7.621496e-01 -2.016655e-01 3.153850e+00 -6.815026e-01 3.321235e-01 -6.402404e+00 -2.136934e+00 -2.262052e+00 1.720667e+00 6.375881e-01 4.282902e+00 -9.120631e-02 -1.038543e+00 -4.491353e-01 2.067886e-01 5.592850e-01 2.393791e+00 -6.930872e-02 2.873436e+00 1.037259e+00 -4.352107e-01 -1.044125e+00 -7.144258e-01 -1.569927e+00 3.691820e-03 
7.204482e+00 5.218048e+00 8.777612e+00 -1.794333e+01 -1.422259e+01 -3.832587e+00 -1.609066e+01 -1.779680e+01 1.849656e+01 -2.412605e+00 2.560472e+00 4.027630e+00 2.192840e-01 -2.516128e+00 6.308648e-02 -3.080351e-01 4.003911e+00 3.122326e+00 -7.068723e-01 -9.838654e-01 -8.139722e-01 -3.392791e+00 -5.461881e-01 1.858222e-01 1.239128e+00 -1.091966e-01 -5.936726e-01 -3.533070e-01 -4.089825e-01 9.915794e-01 2.246773e+00 5.111721e-01 3.161811e+00 2.259098e+00 -5.602189e-01 -7.084911e-01 -4.497347e-01 -1.750552e+00 4.921403e-04 
5.383167e+00 8.493180e+00 1.056866e+01 -8.086609e+00 -1.049682e+01 9.551168e-01 -1.502014e+01 -1.080737e+01 1.635511e+01 -1.109769e+00 1.964946e+00 1.219214e+01 1.192526e-01 -2.677495e+00 -1.283376e-01 -1.548183e+00 5.754811e+00 5.411821e+00 2.181510e+00 3.077909e+00 4.667878e+00 -2.713316e+00 9.741274e-01 -4.370405e-02 -6.446989e-01 -1.149493e-01 1.388363e-02 -3.545158e-01 -6.798250e-01 1.605438e-01 1.072642e+00 6.002402e-01 2.288130e+00 1.799381e+00 -4.598408e-01 -1.635049e-01 -2.558829e-01 -1.724107e+00 8.222816e-03 
1.023942e+00 6.476513e+00 3.463019e+00 2.640691e+00 -2.160475e+00 -4.022062e+00 -1.293312e+01 -6.114222e+00 5.121089e+00 2.697680e+00 7.595854e+00 8.157546e+00 -1.512926e-01 -1.860853e+00 -3.959141e-01 -2.944193e+00 6.409021e+00 5.567542e+00 2.259356e+00 2.518980e+00 5.555559e+00 -4.788987e+00 4.399391e-01 9.822859e-02 -1.519210e+00 -1.011687e-01 6.255484e-01 -1.188737e-01 8.659321e-02 -9.188763e-01 -7.150030e-01 2.273539e-01 7.287390e-01 5.470629e-01 2.805473e-01 1.068405e-01 -1.874493e-01 -8.389052e-01 2.792261e-02 
-6.335063e-01 4.074266e+00 -7.659256e-01 4.281344e+00 3.848074e+00 5.135362e+00 -4.265471e+00 1.624775e+00 6.326840e+00 3.048389e+00 2.994288e+00 1.932341e+00 -1.512926e-01 -1.092038e+00 -7.809792e-01 -2.282706e+00 2.754109e+00 3.459291e+00 1.850286e+00 3.286813e+00 3.675134e+00 -3.863251e+00 4.100991e-01 -5.981017e-01 -2.958527e+00 -5.410652e-02 9.235646e-01 -6.003653e-01 7.594110e-01 -1.332496e+00 -1.981957e+00 -9.004798e-01 -1.702477e-01 -1.103840e+00 8.267082e-01 -2.237678e-01 1.089804e-01 6.390935e-02 4.754750e-02 
9.083145e-01 5.447795e+00 -2.758812e-01 7.917923e+00 6.442693e+00 5.374035e+00 -8.873162e+00 3.764966e+00 -4.334805e-01 -2.291828e+00 2.536837e+00 1.561587e+00 -1.512926e-01 -1.810656e-01 -2.047508e-01 4.922302e-01 9.100872e-01 5.235403e-01 5.954830e-01 2.555279e+00 2.417771e+00 -1.414965e+00 2.701229e-01 -4.743080e-01 -1.798447e+00 -2.087007e-06 8.464551e-01 -1.311992e+00 7.314920e-01 -1.049192e+00 -2.329108e+00 -1.164263e+00 -1.715220e-01 -1.481533e+00 1.420377e+00 -3.058937e-01 1.961963e-01 4.653956e-01 5.535026e-02 
-1.928198e-02 5.102603e+00 1.024354e+00 3.045893e+00 2.497562e+00 5.508213e+00 -6.165402e-01 2.628929e+00 -1.837088e-01 3.435367e+00 1.504074e+00 6.976237e-01 -1.512926e-01 1.100469e+00 -3.225679e+00 5.307338e-01 1.841900e+00 -1.975877e+00 -1.488849e+00 2.208216e+00 7.175483e-01 -2.668917e-01 -5.974352e-02 7.875049e-01 -1.855475e-01 7.219857e-02 5.795031e-01 -1.413864e+00 4.969415e-02 -1.175983e-01 -1.561225e+00 -7.730269e-01 -5.195198e-01 -1.008175e+00 8.705540e-01 -6.368886e-01 3.950332e-02 4.445284e-01 4.555477e-02 
-1.890406e-01 4.938770e+00 5.029080e+00 7.809101e+00 1.132318e+00 -1.231166e+00 -1.981252e+00 5.472362e+00 1.301609e+00 3.854739e+00 5.969430e+00 -2.172049e-01 -1.512926e-01 1.275086e+00 -5.733622e+00 -6.935328e-01 1.618995e+00 -3.360443e+00 -1.892283e+00 2.200623e+00 -3.733334e-01 5.147262e-01 -8.545698e-01 3.864348e-01 -5.787478e-01 1.124303e-01 -2.607843e-01 -3.882269e-01 -5.105556e-01 -3.468024e-01 -4.680262e-01 1.078324e-02 -5.898840e-01 -7.204387e-01 -1.681551e-01 -5.909720e-01 -5.563706e-01 -1.424896e-01 1.871364e-02 
5.417413e+00 -1.179961e+01 -7.647699e-01 1.354531e+01 -3.375936e+00 9.933372e-01 3.330271e+00 4.358861e+00 4.124537e+00 -3.238423e-01 5.215305e+00 1.893532e+00 2.097095e-01 1.077417e+00 -5.085805e+00 -1.441444e+00 1.811709e+00 -2.404754e+00 -7.710978e-01 8.666384e-01 2.993216e-02 -4.753328e-01 -2.212122e+00 -8.310387e-01 -1.345759e+00 1.174506e-01 -1.275783e+00 1.617518e+00 -2.170901e-01 -9.510630e-01 5.873364e-01 6.206228e-01 -5.108722e-01 -3.598692e-01 -9.391714e-01 1.835114e-01 -4.849225e-01 -2.403690e-01 -1.982385e-02 
4.565306e+00 -1.476918e+01 -2.848614e+00 1.076330e+01 -7.422969e+00 -1.830087e+00 1.565656e-01 1.033802e+00 -1.444717e-02 -4.684821e+00 2.613338e+00 -1.930436e+00 2.303517e-01 -1.473464e+00 -1.215987e+00 -1.074414e+00 -8.088564e-01 -1.602205e+00 2.905590e-01 2.767810e-01 -8.406301e-01 -2.151600e+00 -1.608488e+00 -2.446869e+00 -1.930745e+00 7.094579e-02 -1.479404e+00 2.409326e+00 2.094366e-01 -8.876005e-01 1.011456e+00 7.089967e-01 -1.783491e-01 6.325927e-02 -7.402731e-01 1.059836e+00 4.715537e-02 1.643713e-01 -3.650910e-02 
2.990343e+00 -1.047218e+01 -2.244149e+00 1.062759e+01 -5.248236e+00 1.952504e+00 2.648146e+00 4.997830e+00 -1.902316e+00 -3.355224e+00 -9.731901e-01 -5.174913e+00 2.451439e-01 -3.904181e+00 2.602977e+00 -3.641747e-01 -1.699500e+00 8.190149e-02 5.226864e-01 6.158795e-01 -8.480787e-01 -3.629597e+00 1.234874e+00 -2.203640e-01 -7.113095e-01 -6.173871e-03 -8.714970e-01 1.520884e+00 2.792915e-01 -4.256498e-01 7.871808e-01 2.993127e-01 1.285953e-01 7.570254e-02 5.627572e-02 1.260082e+00 7.258394e-01 6.346572e-01 -3.275400e-02 
-6.342699e+00 -1.804665e+00 3.963887e-01 5.224256e+00 -5.942727e+00 -2.581748e-01 -2.563117e-01 9.499133e-01 -6.442584e+00 -2.672116e+00 -3.170572e+00 -6.336911e+00 1.857118e-01 -3.631128e+00 2.468667e+00 -1.849529e-01 -1.063326e+00 4.535663e-01 1.005845e+00 1.434272e+00 3.819728e-01 -1.609510e+00 2.721117e+00 3.169025e-01 -7.409012e-02 -8.306360e-03 5.079051e-01 -6.656101e-02 -1.452205e-03 2.781571e-01 4.820452e-01 8.323795e-02 2.891677e-01 3.991135e-01 1.047901e+00 5.415236e-01 9.627919e-01 8.359943e-01 -1.480103e-02 
-8.649354e+00 -5.266490e+00 -4.208564e+00 7.817423e+00 -3.706607e+00 2.821000e+00 6.616202e+00 1.606968e-01 -1.080915e+01 4.844190e+00 7.005304e+00 5.401285e-01 2.011539e-01 -2.201209e+00 6.762174e-01 -4.897500e-01 -1.891506e-01 5.031790e-01 3.678174e-01 9.310874e-01 -2.028015e-01 -4.651614e-01 1.923579e+00 1.416241e+00 8.992160e-01 -6.694327e-03 1.347942e+00 -7.969239e-01 -9.470724e-02 2.020425e-01 8.235650e-02 -8.855063e-02 -2.137588e-01 2.686875e-01 1.345638e+00 -4.245296e-01 7.037236e-02 4.006764e-01 -8.377619e-04 
-7.770365e+00 -5.028742e+00 -2.791211e+00 6.852107e+00 -5.925948e+00 2.764482e+00 5.344318e+00 5.362181e+00 -3.608245e+00 4.820951e+00 2.085325e-01 -5.158334e+00 2.108163e-01 2.145370e-01 -5.853823e-01 -1.018921e+00 -1.730747e-01 5.973856e-01 7.840497e-01 1.565207e+00 8.322816e-01 1.505788e+00 7.546143e-01 1.548794e+00 1.443972e+00 -2.802419e-03 1.162709e+00 -4.492024e-01 2.692726e-02 -3.490465e-02 -3.021359e-02 -1.516324e-01 -5.980765e-01 -1.798983e-01 7.649738e-01 -7.026066e-01 -3.022589e-01 3.125591e-01 -2.691993e-03 
-7.301596e+00 -5.478711e+00 -3.098645e+00 8.867236e+00 -2.740786e+00 2.280223e+00 4.502861e+00 1.777526e+00 -5.645089e+00 2.516340e+00 4.418575e+00 -1.268052e+00 1.990985e-01 9.126046e-01 1.456283e-01 -4.206836e-01 -1.134295e+00 4.217339e-01 1.907572e-01 -5.182763e-01 2.703757e-01 1.540886e+00 9.531541e-02 -4.844626e-01 5.329236e-01 -1.311482e-02 4.345534e-01 7.264848e-02 2.863720e-01 -8.976383e-02 -4.284609e-01 -3.426133e-01 -8.233693e-01 -9.570642e-02 3.307629e-01 -5.409749e-01 -6.208622e-01 -1.205378e-01 -3.857954e-03 
-5.943895e+00 -4.626019e+00 -5.252991e+00 3.833894e+00 -3.438550e+00 3.932642e+00 8.626092e+00 4.302518e+00 -1.495961e+00 2.264928e+00 5.866807e+00 1.787279e+00 1.727116e-01 6.255079e-01 4.880532e-01 -8.476969e-02 -7.651379e-01 3.431566e-01 3.362330e-01 -8.314470e-01 -7.541227e-01 1.212252e+00 1.223341e-01 -2.440066e-01 1.671767e+00 -1.855889e-02 -3.168502e-01 3.855844e-01 4.501151e-01 2.185407e-01 -5.645972e-01 -7.580996e-01 -8.638765e-01 -2.274453e-01 -3.719370e-01 -3.694210e-01 -4.048079e-01 -4.277602e-01 -3.217736e-03 
-4.999360e+00 -4.740321e+00 -5.081167e+00 3.654657e+00 -2.841461e+00 3.191005e+00 2.384440e+00 2.042129e+00 -4.161039e+00 6.598793e+00 1.754101e+00 -2.680706e-01 1.546343e-01 -2.340599e-01 5.026578e-01 4.751483e-01 -3.418715e-01 -1.512156e+00 -1.121226e+00 -1.987641e+00 1.118659e-01 1.335454e+00 -4.650235e-01 -7.916604e-01 1.825915e-01 -1.810752e-02 -4.363473e-01 4.251379e-01 1.894040e-01 5.038186e-01 -3.361419e-01 -5.380574e-01 1.436148e-01 3.163486e-01 -4.520908e-01 -2.114404e-01 2.136453e-01 -4.034324e-01 -3.303922e-04 
-5.793653e+00 -2.957972e+00 -2.224116e+00 5.632659e+00 -4.160051e+00 3.990785e+00 2.245891e+00 1.459503e+00 1.711133e+00 3.391000e+00 3.207962e-01 2.700224e+00 1.402813e-01 -7.964621e-01 1.163906e+00 7.838234e-01 5.234817e-01 -1.258501e+00 -2.350550e+00 -2.019866e+00 -2.258004e-01 -2.512766e-01 -8.123599e-01 -3.216781e-01 -5.196556e-01 -1.639416e-02 -2.813268e-01 3.665799e-01 -2.005690e-01 3.058397e-01 3.294774e-01 -2.172433e-01 6.054879e-01 6.060829e-01 -4.476850e-01 9.262308e-02 2.858469e-01 -5.424263e-01 1.697673e-03 
-8.547352e+00 -3.799615e+00 -2.237600e+00 6.258066e+00 -9.940650e+00 -3.354833e+00 -2.244958e+00 3.758289e+00 -5.710452e-01 -3.720824e-01 3.233120e+00 -8.113914e-01 1.247864e-01 -5.579877e-01 1.933514e+00 9.205139e-02 7.405062e-01 -4.581023e-01 -1.156215e+00 7.940405e-01 1.587980e+00 1.217566e-02 -4.945379e-01 6.226274e-01 -3.884130e-01 -1.584607e-02 -7.410403e-03 3.013737e-01 -4.382829e-01 4.470189e-02 1.096785e+00 5.854121e-01 7.225491e-01 2.873524e-01 5.643496e-02 1.980294e-01 8.967637e-02 -3.531296e-02 2.876354e-03 
-8.152598e+00 7.233136e-01 -2.755768e+00 5.149361e+00 -6.181317e+00 -4.546982e+00 8.419234e-01 2.315913e+00 -4.547108e+00 1.688863e+00 3.518911e+00 -5.393542e-01 1.056550e-01 -6.191961e-01 1.605433e+00 -8.961152e-01 2.227450e-01 1.463456e+00 -7.324685e-01 8.051524e-01 1.538062e+00 -3.644508e-01 6.000979e-01 4.781367e-01 -7.549691e-01 -1.119881e-02 9.800757e-02 -8.106619e-02 -3.312124e-01 -8.961201e-02 9.842145e-01 1.390646e+00 2.167099e-01 -1.405136e-01 8.746412e-01 -1.049602e-01 -3.154471e-01 1.466549e-01 2.932885e-03 
-6.610041e+00 3.086697e+00 -4.355347e+00 7.598498e+00 -4.121991e+00 1.678863e+00 7.056789e+00 9.554085e+00 -9.710604e-01 4.977643e+00 3.268261e+00 -5.898431e-01 9.268995e-02 -3.596565e-01 1.788903e+00 -8.762633e-01 3.179484e-02 2.610713e+00 9.966864e-01 2.128875e-01 6.667154e-01 1.674260e+00 -1.810563e-01 -7.432126e-01 1.236312e-01 -6.325862e-03 1.301240e-01 -5.282422e-01 -2.290060e-01 -2.030754e-01 4.682802e-01 1.156817e+00 -6.694419e-01 -8.996676e-01 7.373181e-01 -2.973891e-01 -5.510373e-01 1.317793e-01 7.889304e-04 
-9.857918e+00 1.625918e+00 -5.645566e+00 6.076269e+00 2.475279e-01 -2.188707e+00 1.620109e+00 6.252397e+00 8.888480e-02 3.717061e+00 2.693882e+00 -1.185160e+00 1.003144e-01 -4.056290e-01 8.309997e-01 -3.881817e-01 4.295750e-01 2.128065e+00 3.526370e+00 -6.456929e-01 -4.675507e-01 3.290931e+00 -1.493903e+00 -1.215985e+00 -4.230170e-02 -6.491671e-03 3.488763e-01 -6.074836e-01 -6.339197e-02 -1.671436e-01 -2.350306e-01 6.474028e-01 -5.855147e-01 -7.199250e-01 7.652585e-03 -1.597251e-01 -3.073893e-01 3.574442e-01 -4.222582e-03 
-9.492992e+00 4.693402e+00 -5.174013e+00 5.954004e+00 -1.015589e-01 4.493076e-01 -1.569760e+00 5.123454e+00 5.482434e+00 -2.291124e+00 -7.041624e-02 1.298120e-01 9.581703e-02 -1.413351e-02 -3.204138e-01 -1.307005e+00 -3.783363e-01 1.551067e+00 2.498410e+00 -1.827445e+00 -1.907467e+00 1.871097e+00 -9.343237e-01 -1.285440e+00 -8.582941e-02 -1.425707e-02 4.433717e-01 -6.340092e-01 2.548551e-03 -2.102617e-01 -6.894189e-01 -4.805797e-01 -6.410970e-02 -7.167606e-02 -1.117527e+00 3.569981e-01 4.802492e-02 2.736140e-01 -7.511299e-03 
-8.739573e+00 4.075028e+00 -4.287157e+00 8.119564e+00 2.448453e+00 1.369956e+01 1.926765e+00 2.193211e+00 8.680654e+00 -2.146404e+00 -8.917135e-01 -1.110934e+00 7.164364e-02 9.524828e-01 -3.772672e-01 -9.975911e-01 -4.079395e-01 8.182051e-01 1.753654e+00 -1.102207e+00 -7.743775e-01 -4.246193e-01 1.782161e-01 -7.877070e-01 1.137036e+00 -2.834163e-02 4.666197e-01 -1.969062e-01 2.600648e-01 -1.254425e-01 -9.162166e-01 -1.663560e+00 1.457085e-01 3.781655e-01 -1.652063e+00 3.858624e-01 2.172104e-01 2.634387e-01 -4.712992e-03 
-7.239732e+00 2.600096e-01 -1.156963e+01 4.685266e+00 2.533167e+00 6.226674e+00 -2.233874e+00 2.046303e+00 4.088403e+00 3.237477e+00 -1.365957e+00 -1.056300e+00 3.575249e-02 1.178239e+00 -7.770672e-01 -5.588164e-01 -6.008502e-01 -1.816479e-01 -5.199494e-01 1.208439e-01 4.618157e-01 -2.055616e+00 7.677438e-01 -7.171670e-01 9.019859e-01 -3.295204e-02 2.696124e-01 2.298551e-01 8.150186e-01 4.580688e-01 -8.229607e-01 -1.322909e+00 3.121066e-01 2.225674e-01 -1.094330e+00 -1.596392e-01 3.234695e-01 1.325024e-01 3.492547e-03 
-6.222284e+00 1.956251e+00 -7.435845e+00 4.671184e+00 3.021397e+00 3.691122e+00 -3.558868e+00 3.918970e+00 -1.337477e+00 1.843795e+00 -5.969048e-01 5.093172e+00 -1.136452e-02 1.331260e+00 7.495269e-02 5.381206e-01 -8.622570e-02 -1.586719e+00 -3.282229e+00 -8.914513e-01 2.386214e-01 -3.005993e+00 -4.156521e-01 -4.140002e-01 7.810317e-01 -2.070520e-02 -6.933845e-02 2.160886e-01 6.413167e-01 6.308449e-01 -3.847157e-01 -6.522195e-01 5.022073e-02 -4.493694e-01 -1.295114e-01 -3.905109e-01 3.598457e-01 -2.412470e-01 1.126421e-02 
-4.860901e+00 1.867095e+00 -6.393731e+00 4.674384e+00 -1.296148e+00 2.853528e+00 1.777132e+00 6.570003e+00 2.131367e-01 -4.474356e-01 -3.803727e+00 1.537472e+00 -2.743912e-02 1.144720e+00 6.026730e-01 2.000242e+00 1.751327e+00 -1.361024e+00 -1.598044e+00 -3.721547e-01 -1.301262e+00 -2.309757e+00 -1.435634e+00 1.450485e-01 7.547831e-01 -6.146596e-04 -2.941533e-01 -1.666586e-02 1.653419e-01 4.644454e-01 3.930413e-01 3.683455e-01 1.918038e-02 -5.102159e-01 5.603957e-01 -1.334809e-01 6.250005e-01 -7.792535e-02 1.159916e-02 
-3.272682e+00 3.645634e+00 -4.184679e+00 7.693238e+00 -3.570737e+00 -1.025021e+00 -4.536104e+00 1.124367e+00 -4.411445e+00 -2.382323e+00 -1.742554e+00 1.497157e+00 -2.791987e-04 6.224607e-01 1.314408e-02 9.294354e-01 1.570375e+00 -5.156013e-01 -9.682357e-01 -6.047640e-01 -2.139678e+00 -9.450772e-01 -6.724921e-01 5.804585e-01 4.259770e-03 1.180721e-02 -4.004230e-01 -6.012383e-01 -3.654922e-01 -2.907792e-01 7.963334e-01 9.092514e-01 6.082187e-01 3.355843e-01 1.312037e+00 5.667370e-01 5.635234e-01 -7.421211e-03 4.124286e-03 
-2.990979e+00 2.428699e+00 -3.194188e+00 1.193026e+01 -9.761176e-01 5.944635e-01 -3.606899e+00 -3.062946e+00 -5.923388e+00 -1.827737e+00 -6.761742e-02 4.515563e+00 2.714424e-02 6.191333e-02 -8.296176e-01 7.229175e-02 8.932272e-01 1.247942e+00 1.646913e-01 7.343303e-02 -8.999569e-01 -2.839395e-01 2.288896e-01 1.910641e+00 9.005350e-01 8.785795e-03 -1.551158e-01 -7.592508e-01 -4.613664e-01 -9.985840e-01 4.383000e-01 4.089618e-01 6.744867e-01 9.404531e-01 1.211447e+00 7.102425e-01 -5.808921e-02 -3.566879e-01 -4.585797e-03 
-4.044881e+00 1.740982e+00 -4.388478e+00 8.894762e+00 2.831323e-01 -2.031432e-02 -3.890463e+00 -1.963218e+00 -2.993958e+00 -8.287791e-01 4.374135e-01 3.625603e+00 2.038061e-02 -1.293961e-01 -2.215356e+00 -3.254864e-01 -1.110965e+00 1.090501e+00 3.826115e-01 1.926900e+00 1.716042e+00 2.541260e+00 1.585683e+00 1.520811e+00 6.708933e-01 -4.782917e-03 2.803847e-01 -3.702969e-01 2.986307e-02 -8.721144e-01 -1.499905e-01 -1.287206e-01 4.500131e-01 5.595633e-01 2.114875e-01 1.788295e-01 -6.119638e-01 -6.329195e-01 -8.774777e-03 
-4.165296e+00 -1.328026e+00 -5.930654e+00 8.540130e+00 3.016486e+00 3.174741e+00 1.821930e+00 3.613884e+00 -1.915629e+00 -7.982465e-02 4.659584e+00 4.975992e+00 6.133073e-03 7.451425e-01 -2.079351e+00 3.208569e-01 -1.901037e+00 2.741359e-02 -2.287628e-01 1.734108e+00 1.472985e+00 2.004184e+00 9.863889e-01 -6.156980e-01 -1.361983e+00 -1.524731e-02 6.247968e-01 2.177003e-01 3.781015e-01 -5.467550e-01 -5.518412e-01 -5.485215e-01 -4.717304e-01 -6.291119e-01 -9.657125e-01 -6.485289e-01 -8.468294e-01 -9.059488e-01 -8.524625e-03 
-3.332337e+00 -5.552246e+00 -4.443570e+00 3.833253e+00 -1.146548e-01 -4.021108e-01 2.384440e+00 6.366334e+00 6.291339e+00 4.672357e+00 3.497764e+00 4.621439e+00 -1.370105e-02 1.682745e+00 -1.213509e+00 9.544581e-01 -1.393078e+00 -6.555492e-01 -1.415113e+00 8.149679e-01 -5.284456e-01 -1.031749e+00 -1.570758e-01 -1.216218e+00 -2.029012e+00 -2.004657e-02 6.469927e-01 6.849553e-01 1.706954e-01 1.481954e-01 -1.577738e-01 -4.575688e-01 -1.404306e+00 -1.374795e+00 -1.888862e+00 -1.228779e+00 -2.824332e-01 -4.154155e-01 -5.566617e-03 
3.787854e-01 -4.321594e+00 -1.562248e+00 4.956041e+00 -6.401266e-01 -3.581981e-01 1.926304e+00 1.373250e-01 -5.450537e-01 3.536323e-01 -4.676336e+00 -2.792515e+00 -3.205947e-02 2.279858e+00 -2.419142e-01 1.322874e+00 -1.699500e+00 -6.383424e-01 -1.678942e+00 -1.729104e+00 -2.923341e+00 -3.326032e+00 -2.142351e+00 -9.549100e-01 -2.279099e+00 -2.620453e-02 2.461138e-01 5.988644e-01 -2.669700e-01 8.281152e-01 5.076293e-01 -4.297473e-01 -1.420054e+00 -7.814564e-01 -1.181756e+00 -7.999807e-01 5.714362e-01 5.124500e-01 -2.894093e-03 
2.096993e+00 -2.829573e+00 -1.800335e+00 3.721231e+00 -1.165598e+00 -5.329278e+00 1.320885e-01 -2.866790e+00 -8.838237e+00 -1.830906e+00 -9.756780e-01 -2.635774e+00 -6.074779e-02 2.338152e+00 2.906308e-01 2.704771e-02 -4.706747e-01 6.345235e-01 -1.180050e+00 -3.362926e+00 -2.959800e+00 -4.237872e+00 -2.993819e+00 2.782993e-01 -9.476782e-01 -2.713491e-02 -2.113321e-01 3.580514e-01 -5.259254e-01 1.193759e+00 9.540901e-01 1.688312e-02 -9.306906e-01 3.877227e-02 9.608723e-02 -2.126860e-01 4.074970e-01 7.916257e-01 -3.007132e-04 
4.519276e+00 -3.899058e+00 -6.376357e-01 9.873444e-02 3.506579e-01 -2.756726e+00 -5.697609e+00 -6.386336e+00 -1.098095e+01 -7.540143e+00 2.121990e+00 -2.790631e+00 -1.013471e-01 1.648033e+00 1.629713e-01 -5.503216e-01 1.778381e+00 1.920294e+00 -2.494969e+00 -3.277179e+00 -1.218545e+00 -2.301591e+00 -1.595142e+00 1.494223e+00 6.594179e-01 -2.617690e-02 -5.031855e-01 2.922409e-01 -6.091930e-01 1.116784e+00 6.573144e-01 2.675239e-01 5.777600e-02 5.553394e-01 8.573896e-01 5.135183e-01 -7.426285e-02 7.604283e-01 3.068561e-03 
6.287564e+00 -4.310164e+00 -4.770651e+00 3.908149e+00 2.563041e+00 -5.103209e+00 -1.061796e+01 -5.170584e+00 -9.680108e+00 -6.349986e+00 1.490080e+00 -1.173575e-01 -1.147338e-01 9.420164e-01 3.744767e-01 -7.385921e-01 2.836841e+00 2.835691e+00 -9.225617e-01 -3.064571e+00 -1.186790e+00 -1.063552e+00 -1.494120e+00 -4.032254e-01 4.597180e-01 -2.156648e-02 -5.838022e-01 2.436216e-01 -2.476570e-01 1.770421e-01 3.897161e-02 7.428684e-01 8.643699e-01 5.420970e-01 9.974731e-01 7.320197e-01 -5.035019e-01 9.360890e-02 4.910073e-03 
6.523974e+00 -2.766706e+00 -2.828966e+00 1.375463e+01 7.097077e+00 -1.294650e+01 -9.084682e+00 -4.803730e+00 -1.163200e+01 -5.362648e+00 1.561916e+00 -7.541203e-01 -1.359383e-01 4.620204e-01 1.177337e+00 -1.340338e+00 2.230859e+00 1.547769e+00 -4.701658e-01 -1.589465e+00 -1.032985e+00 -6.263272e-01 -3.246133e-01 -9.854515e-01 8.194152e-01 -1.364449e-02 -4.470695e-01 1.956739e-01 1.072276e-02 -8.198363e-01 -5.017540e-01 1.442074e+00 1.169039e+00 4.088741e-01 7.117856e-01 6.095181e-01 -3.614174e-01 -2.942414e-01 5.892307e-03 
5.804801e+00 -1.523482e+00 -4.397725e+00 1.107761e+01 9.639723e+00 -4.847052e+00 -1.349702e+01 -9.592450e+00 -1.383050e+01 -1.039054e+01 -2.711877e+00 -1.355089e+00 -1.512926e-01 1.209868e-02 1.001560e+00 -8.163380e-01 1.884367e-01 1.015652e+00 1.521996e+00 1.151027e-01 -3.419712e-01 -8.796198e-02 3.107826e-02 -9.993269e-01 -5.594901e-01 -8.849845e-03 -3.285745e-01 6.109805e-02 3.894994e-01 -1.072927e+00 -6.647717e-01 1.220990e+00 1.430378e+00 6.087085e-01 6.744159e-01 9.254364e-01 5.883925e-01 -1.779741e-01 5.370804e-03 
7.070443e+00 5.941524e-01 -7.525995e+00 7.668272e+00 4.551158e+00 -5.235354e+00 -1.220481e+01 -9.339952e+00 -1.203772e+01 -7.142603e+00 -7.041928e-01 1.924805e+00 -1.512926e-01 -1.223744e-01 8.276094e-01 -4.578021e-01 -9.966698e-01 3.216482e-01 3.493141e+00 9.781278e-01 4.035343e-01 7.695830e-01 6.899431e-01 -1.471289e-02 -3.021490e-01 -3.069556e-03 -3.572337e-01 -2.130231e-01 6.410289e-01 -6.432646e-01 -2.973694e-01 9.183764e-01 1.157569e+00 5.777715e-01 6.960734e-01 7.384626e-01 6.733186e-01 -1.300933e-01 3.614089e-03 
6.074721e+00 -9.828338e-01 -6.503913e+00 7.893599e+00 8.914538e+00 -1.348673e+00 -8.482453e+00 -4.612164e+00 -9.917201e+00 -5.304548e+00 -2.373532e+00 -4.254809e+00 -1.512926e-01 -4.086762e-01 8.547322e-01 7.676648e-01 -9.141339e-01 1.250616e-01 3.200663e+00 2.803445e+00 1.138586e+00 1.610510e+00 2.625847e+00 2.053426e+00 1.307539e-01 -2.087007e-06 -2.990634e-01 -8.408811e-02 6.161897e-01 6.069405e-02 -3.046483e-01 -3.169739e-01 4.448245e-01 4.474026e-01 6.099743e-01 4.822487e-01 5.016983e-01 3.646754e-01 2.076434e-03 
5.776815e+00 1.100510e+00 -4.064864e+00 1.036322e+01 9.067596e+00 2.770175e+00 -6.701169e+00 -5.276592e+00 -9.740332e+00 -4.455944e+00 1.319041e+00 -8.151592e-01 -1.512926e-01 -1.113898e+00 1.856605e-01 1.072831e+00 -4.342099e-01 5.060468e-01 3.282383e+00 2.854004e+00 1.115718e+00 2.004614e+00 2.070282e+00 8.547892e-01 -1.763143e-01 -2.087007e-06 -2.249101e-01 -3.553603e-02 2.818244e-01 2.573571e-01 -2.489397e-01 -1.149236e+00 -2.991425e-01 3.464294e-01 3.697251e-01 -7.317504e-02 -4.064023e-02 3.757804e-01 6.136829e-04 
4.408436e+00 2.496899e+00 -2.289994e+00 5.158963e+00 8.006831e+00 7.153313e+00 -2.231103e+00 -5.931420e+00 -6.926279e+00 1.395197e+00 6.543499e+00 6.689882e-01 -1.512926e-01 -9.875066e-01 9.021970e-01 1.499233e+00 2.107861e-01 -5.997708e-01 4.258078e-02 1.401121e+00 1.538976e+00 2.344566e+00 1.752026e+00 1.074471e+00 1.201008e+00 -2.087007e-06 -5.866638e-02 -3.405865e-02 -1.645622e-01 1.960201e-01 -1.602241e-01 -1.114372e+00 -7.317957e-01 3.666354e-01 9.794511e-02 -8.417309e-01 -6.269780e-01 3.836831e-01 3.167472e-07 
2.334508e+00 -2.177726e-01 -4.268664e+00 6.864269e+00 7.535380e+00 6.925617e+00 -1.060360e+00 -3.101760e+00 -3.509350e+00 -1.414453e-01 -8.886037e-01 -1.418388e+00 -1.512926e-01 -9.575648e-01 6.261446e-01 5.854884e-01 -2.720786e-01 -5.607689e-01 -6.738790e-01 1.836262e-01 1.935578e+00 2.251162e+00 7.610163e-01 2.715554e-01 1.041538e+00 -2.087007e-06 1.637435e-01 3.625121e-02 -2.602637e-01 6.222349e-04 -2.159326e-01 -5.710365e-01 -6.909244e-01 -6.425576e-02 -2.495298e-01 -6.979676e-01 -3.912430e-01 3.733528e-01 3.167472e-07 
2.858514e+00 4.187044e+00 1.094471e+00 1.069673e+01 6.682102e+00 -3.213337e+00 -4.297337e+00 1.995803e+00 -1.310217e+00 1.298012e+00 4.102620e+00 2.051781e+00 -1.512926e-01 -7.800338e-01 4.643208e-01 1.885412e-01 -1.506049e-02 -1.427894e-01 -3.931423e-01 4.795734e-01 2.561776e+00 1.977108e+00 -9.282472e-01 -7.898775e-01 1.440279e+00 -2.087007e-06 1.467083e-01 -1.888478e-01 -3.307230e-01 -1.237219e-01 1.053462e-01 2.927169e-01 -3.301828e-01 -4.873842e-01 -4.826661e-01 -3.020709e-01 -5.303420e-01 -2.020953e-01 3.167472e-07 
1.763736e+00 3.386168e+00 -2.829737e+00 6.233741e+00 6.926013e+00 4.584013e+00 -4.749931e+00 4.378199e-01 -1.292467e+00 -6.023674e-01 3.897373e+00 3.701336e+00 -1.512926e-01 -3.987398e-01 5.857213e-01 4.268572e-01 -3.181498e-01 -8.019496e-01 6.449143e-01 -1.395453e-01 2.830512e-01 9.406335e-01 -7.938360e-02 -1.692032e-01 1.570730e+00 -2.087007e-06 1.019157e-01 -1.545323e-01 -1.166107e-01 9.217229e-02 1.855578e-01 1.577756e-01 -4.089771e-02 -5.406391e-01 -8.129955e-01 1.966550e-01 -3.418815e-01 -6.371033e-01 3.167472e-07 
7.937919e-01 3.016592e+00 -2.066546e+00 5.399652e+00 7.597585e+00 6.358412e+00 2.011281e+00 5.107594e+00 1.850600e+00 -3.015430e+00 2.013800e-01 5.310575e+00 -1.512926e-01 -5.332128e-01 -2.206335e-02 -7.507454e-02 -3.848059e-01 4.763147e-02 8.467488e-01 -8.806010e-02 -7.147227e-02 5.863554e-01 6.618394e-01 -1.356833e+00 -7.409012e-02 -2.087007e-06 6.068039e-02 -1.449964e-01 -1.819467e-01 -3.996546e-02 9.561700e-02 -2.651993e-01 -1.080759e-01 -3.869818e-01 -9.090209e-01 4.322945e-01 9.506759e-02 -8.132345e-01 3.167472e-07 
1.373033e+00 3.296251e+00 -5.536501e-01 7.921764e+00 3.067642e+00 5.364277e+00 -4.912496e+00 -3.242826e+00 -3.865691e-01 1.618791e+00 2.159960e-01 4.806063e+00 -1.512926e-01 -5.713688e-01 9.646834e-02 1.343407e-01 3.735055e-01 2.717488e-01 -5.050378e-01 2.628911e-01 5.489765e-01 -1.118420e+00 9.491704e-01 -1.154282e+00 -1.386649e+00 -2.087007e-06 7.671354e-02 -1.056444e-01 -2.174930e-01 -1.587427e-01 4.531359e-02 -5.187164e-01 1.939530e-01 4.938901e-02 -4.490121e-01 6.951443e-02 3.292085e-01 -5.270858e-01 3.167472e-07 
3.879914e-01 4.121892e+00 -4.191961e-01 7.928805e+00 8.849059e+00 6.306508e-01 -4.655718e+00 3.478244e+00 1.168482e+00 3.496283e+00 -8.407128e-01 1.129040e+00 -1.512926e-01 -3.903931e-01 -1.619544e-02 -5.748826e-01 -5.606604e-01 -2.015790e-01 -1.144004e+00 -2.619615e-01 4.939620e-01 -1.538597e+00 7.189149e-01 1.779930e-01 -1.147246e+00 -2.087007e-06 1.873423e-01 5.293382e-03 6.048756e-02 -1.891075e-01 -3.583388e-01 -3.140479e-01 1.637319e-01 -1.439955e-01 -5.992083e-02 -2.145977e-02 6.857821e-01 2.036263e-01 3.167472e-07 
-8.898013e-01 3.316444e+00 -2.981912e+00 6.837384e+00 7.658972e+00 4.922710e+00 -1.015982e-01 3.997433e+00 -6.543380e+00 8.874428e-01 -1.353207e+00 -1.141076e+00 -1.512926e-01 -8.660323e-02 5.448022e-02 -4.106191e-01 -1.023920e+00 -4.507894e-01 -9.534416e-01 9.170123e-01 2.472460e-01 -2.419648e-01 2.397405e-01 7.093683e-01 -5.280974e-01 -2.087007e-06 2.160015e-01 2.302194e-02 3.383242e-01 -8.267869e-02 -3.116388e-01 -2.735343e-02 -5.518901e-02 -2.584393e-01 4.967504e-01 1.611759e-01 5.225965e-01 5.824893e-01 3.167472e-07 
-2.664678e-02 2.925913e+00 -3.727381e+00 3.138712e+00 4.294152e+00 8.591594e-01 -1.703691e+00 3.956949e+00 -2.763839e+00 9.444859e-01 1.876005e+00 2.547627e+00 -1.512926e-01 1.610127e-01 2.527109e-02 4.997094e-01 -6.316296e-01 -1.382963e+00 -4.992845e-01 4.034568e-01 -6.404348e-01 -1.512822e-01 9.092392e-01 1.140282e+00 5.147212e-01 -2.087007e-06 9.860881e-02 4.585418e-02 5.169479e-01 3.200099e-01 3.529615e-02 2.049381e-01 -7.694456e-02 -5.061382e-02 3.195626e-01 2.649500e-01 4.698145e-02 3.649853e-01 3.167472e-07 
1.147671e+00 4.166851e+00 -9.527743e-01 5.198010e+00 3.091787e+00 4.826487e-01 -1.803909e+00 -2.246184e+00 3.703535e-01 4.093827e+00 2.404671e+00 1.456087e+00 -1.512926e-01 2.329525e-01 1.910068e-01 1.288618e+00 -4.277884e-03 -6.956981e-01 -9.642437e-01 -3.454860e-01 -1.758823e-01 6.717375e-01 1.659902e+00 9.775753e-01 6.947677e-01 -2.087007e-06 -1.592802e-02 3.007307e-02 3.802314e-01 4.267930e-01 2.576978e-01 2.064258e-01 -2.283231e-01 1.503622e-01 -5.578043e-02 2.611702e-01 -1.722322e-01 7.398137e-02 3.167472e-07 
1.744123e-01 3.822802e+00 1.065191e+00 5.589770e+00 4.218032e+00 3.537568e-01 -1.787745e+00 3.397695e+00 -3.044673e+00 6.439283e+00 2.981849e+00 2.404450e+00 -1.512926e-01 -5.705890e-02 1.449764e-01 1.160272e+00 5.295592e-01 9.753091e-02 -1.139320e-01 -1.509187e-02 4.524071e-01 -3.975434e-01 1.333508e+00 2.789195e-01 6.612189e-02 -2.087007e-06 -7.264528e-02 1.932849e-02 1.192612e-01 2.856470e-01 3.753847e-01 1.620901e-01 -5.072867e-02 2.814161e-01 -1.562116e-01 5.224738e-02 -2.421440e-01 -1.525616e-01 3.167472e-07 
