-1.018133e+00 -2.284006e-01 4.085127e-01 -2.515628e+00 3.236470e+00 -7.134747e+00 -6.587925e+00 -2.526795e+00 2.776333e+00 5.599485e+00 5.971296e+00 7.348930e+00 -1.512926e-01 2.371359e-01 -3.471911e-02 -2.798367e-01 9.649488e-01 -1.133049e-01 7.455530e-01 7.276934e-01 -3.473506e-01 -1.113873e+00 -1.573911e+00 -1.364458e+00 -2.953321e+00 -7.597237e-07 -1.242568e-01 -1.018224e-01 -5.833333e-02 -1.969551e-01 -2.763774e-01 -3.308631e-03 -3.790576e-01 1.813953e-01 1.928192e-01 -3.337628e-02 -2.115607e-02 2.625485e-01 1.154377e-06 
-1.217499e+00 -2.986323e-01 3.358745e-01 -1.468597e+00 1.402990e+00 -6.238736e+00 -8.036045e+00 -8.492617e+00 5.723467e-01 1.256255e+00 2.387778e+00 -2.083274e+00 -1.512926e-01 -8.918938e-02 -1.464265e-01 -6.734190e-02 8.103099e-01 -8.043389e-01 5.653533e-01 -1.964128e-01 -3.580458e-01 -1.337637e+00 -1.917835e+00 -1.445922e+00 -2.913693e+00 -7.597237e-07 -2.092608e-01 -2.236157e-01 -2.632421e-01 -4.753234e-01 -1.698530e-01 -1.282283e-01 -4.319895e-01 3.568777e-01 5.103573e-01 4.473227e-01 3.081501e-01 8.658302e-01 1.154377e-06 
2.671379e-01 -3.670060e-01 -9.546253e-01 1.785046e+00 3.586757e+00 -3.854496e+00 -2.225881e+00 -1.281155e+00 -1.690914e+00 -9.845386e-02 9.408143e-01 -2.701742e+00 -1.512926e-01 -2.211937e-01 -4.880888e-01 -6.776617e-01 5.746321e-02 -1.149702e+00 8.193174e-01 -7.056891e-01 5.649343e-01 -3.807256e-02 -1.568694e+00 -1.429523e+00 -1.660362e+00 -7.597237e-07 -2.352690e-01 -3.194807e-01 -4.939666e-01 -6.135502e-01 -3.838481e-02 -2.943231e-01 -3.868482e-01 1.327045e-01 6.204694e-01 8.778312e-01 6.068633e-01 1.242301e+00 1.154377e-06 
-2.106395e+00 -8.909566e-01 7.529584e-01 -6.146578e-01 -9.601439e-01 -5.947946e+00 -9.751433e+00 -4.939955e+00 -1.677742e+00 -1.140902e+00 1.257403e+00 -2.194078e+00 -1.512926e-01 -5.801851e-01 -9.262851e-01 -1.397122e+00 -9.580886e-01 -4.443484e-01 6.763455e-02 -7.156389e-01 9.806105e-01 8.998931e-01 6.601303e-01 2.085996e-01 7.291787e-01 -7.597237e-07 -1.212280e-01 -1.710141e-01 -4.374235e-01 -3.375525e-01 2.856637e-01 -8.956267e-02 2.188300e-01 9.270446e-02 6.262344e-01 1.003740e+00 6.084138e-01 1.108138e+00 1.154377e-06 
-1.679386e+00 -2.372510e+00 -3.188836e+00 -2.655542e+00 -1.330138e+00 -3.183473e+00 -9.258605e+00 -1.478345e+00 3.711158e+00 -1.045803e+00 -6.109771e-01 -8.972175e-01 -1.512926e-01 -6.937623e-01 -1.242310e+00 -2.084757e+00 -1.218684e+00 -4.851514e-01 -4.773036e-01 -9.469333e-01 -3.534165e-01 8.696733e-01 1.526238e+00 8.424513e-01 1.436861e+00 -7.597237e-07 9.117503e-04 2.100119e-01 2.077306e-01 2.243357e-01 5.519014e-01 3.271150e-01 5.791318e-01 -1.063176e-01 2.399195e-01 6.180370e-01 1.547084e-01 2.756539e-01 1.154377e-06 
-3.145170e+00 -3.927269e+00 -5.532590e+00 -4.038676e+00 1.639464e+00 -6.236372e+00 -8.097774e+00 -3.490658e+00 2.370713e+00 5.030347e+00 4.206481e+00 6.608248e-01 -1.512926e-01 -4.590694e-01 -6.242567e-01 -1.551109e+00 -2.391539e-01 2.919540e-01 7.658445e-01 1.018534e+00 5.646150e-01 1.339810e+00 1.553467e+00 4.603946e-01 1.078562e+00 -7.597237e-07 1.847469e-01 5.477746e-01 8.111961e-01 6.658682e-01 5.286450e-01 8.638790e-01 5.722805e-01 7.561089e-02 -8.741909e-02 -2.777477e-01 -3.545770e-01 -5.179441e-01 1.154377e-06 
-2.682340e+00 -5.060637e+00 -8.235434e+00 -2.596169e+00 -1.393209e-01 -6.096493e+00 -7.787796e+00 -3.772436e+00 6.331704e-01 4.446634e+00 3.678551e+00 3.054986e+00 -1.512926e-01 -2.771447e-01 4.109331e-01 4.380164e-01 8.196546e-01 1.241818e+00 2.105729e+00 1.322997e+00 2.413644e-01 9.415317e-01 1.074671e+00 -7.816533e-01 -4.567855e-01 -7.597237e-07 2.226069e-01 5.216973e-01 9.374597e-01 4.721592e-01 4.402415e-01 5.675202e-01 1.646825e-01 2.896546e-01 -4.641640e-01 -6.467644e-01 -2.240354e-01 -6.852061e-01 1.154377e-06 
-3.900214e+00 -2.668301e+00 -4.479336e+00 -1.840324e+00 -9.628898e-02 -6.625064e-01 -5.394394e+00 -9.697447e-01 6.560185e+00 3.880411e+00 1.414435e+00 1.222760e+00 -1.512926e-01 1.352849e-01 9.859513e-01 1.397619e+00 1.351998e+00 1.335126e+00 3.095551e+00 1.010880e+00 1.061224e+00 4.266426e-01 -5.026959e-01 -7.521626e-01 -9.137131e-01 -7.597237e-07 2.337344e-01 1.234851e-01 3.965869e-01 3.828574e-02 9.888656e-03 -4.743133e-01 -5.410580e-01 -1.093104e-01 -9.577662e-01 -6.572679e-01 2.740387e-01 -1.664881e-01 1.154377e-06 
-2.687525e+00 -9.474392e-01 -1.525187e+00 3.435718e-01 5.746797e+00 4.558313e+00 -3.995657e+00 -1.532761e+00 6.324251e+00 4.902091e+00 -3.123060e+00 -3.462390e+00 -1.512926e-01 1.222185e-01 5.610971e-01 1.128223e+00 3.463936e-01 1.194240e+00 1.195542e+00 -1.197228e-01 8.466810e-01 -9.946083e-01 -6.795564e-01 3.284138e-01 -9.931883e-01 -7.597237e-07 1.472819e-01 -2.595278e-01 -3.846540e-01 -4.140970e-01 -4.159890e-01 -1.249205e+00 -5.931612e-01 -4.072679e-01 -6.651331e-01 -3.262763e-01 5.668480e-01 4.703227e-01 1.154377e-06 
-2.466479e+00 -1.054459e+00 -1.900094e+00 1.251722e+00 5.372379e+00 3.913690e+00 -4.939270e+00 6.961380e-01 1.658262e+00 2.289230e+00 3.846950e+00 -6.493214e-01 -1.512926e-01 5.100230e-01 -8.193967e-02 8.696599e-02 1.887404e-01 3.652454e-01 -1.150628e+00 -9.654552e-01 -2.846161e-01 -2.481028e+00 -8.557808e-01 1.275555e+00 5.143094e-01 -7.597237e-07 -2.061908e-02 -3.690523e-01 -5.881252e-01 -3.499984e-01 -3.103449e-01 -1.021766e+00 -1.729657e-01 -6.698872e-01 1.761006e-01 4.025169e-01 1.399189e-01 2.981341e-01 1.154377e-06 
-2.787915e+00 -3.062193e+00 -3.884171e+00 -2.410306e+00 3.097722e+00 -2.406457e+00 -8.613958e+00 -3.717079e-01 -1.888881e+00 1.845069e+00 4.104599e+00 -9.746673e-01 -1.512926e-01 2.718122e-01 -3.528366e-01 -8.298801e-01 -6.691583e-01 -3.530420e-01 -2.017169e+00 -6.547155e-01 -1.122034e+00 -9.302472e-01 -3.800387e-01 1.038703e+00 1.180602e+00 -7.597237e-07 -1.638287e-01 -1.984822e-01 -2.389238e-01 -2.389808e-02 -3.478339e-01 -1.154017e-01 6.826198e-01 -2.151524e-01 7.794690e-01 5.991574e-01 -3.762246e-01 6.060953e-02 1.154377e-06 
-1.299979e+00 -2.020609e+00 -2.865479e+00 4.803880e-01 3.054288e+00 -2.933268e+00 -7.912254e+00 -2.972898e+00 -1.738565e+00 1.130185e+00 4.178274e+00 2.550714e+00 -1.512926e-01 -4.278686e-02 -4.025424e-01 -5.640204e-01 1.097631e-01 5.570967e-01 -4.069849e-01 4.134330e-01 -1.303853e+00 1.275102e+00 1.360065e+00 -4.077958e-01 -5.100625e-01 -7.597237e-07 -2.647010e-01 -4.539621e-02 1.139314e-01 5.005544e-03 -2.877488e-01 5.273675e-01 8.137340e-01 2.221436e-01 5.725619e-01 2.510810e-01 -4.684208e-01 -4.518428e-01 1.154377e-06 
-1.911272e+00 -2.228331e+00 -5.192245e+00 -2.616304e+00 5.140731e+00 -2.103847e+00 -5.782784e+00 -5.308475e+00 3.371398e+00 3.581268e+00 1.904474e+00 8.408815e-01 -1.512926e-01 -4.205402e-01 -2.709527e-01 2.589550e-01 2.665119e-01 -6.409729e-01 2.468133e-01 2.603765e+00 2.804738e-01 1.024578e+00 1.208271e+00 -7.109021e-01 -1.779617e-01 -7.597237e-07 -1.879933e-01 -4.797911e-02 3.016496e-01 1.048005e-01 -2.918572e-01 1.490301e-01 3.197764e-01 2.205321e-01 -5.805600e-01 -4.598961e-01 -2.872488e-01 -3.215056e-01 1.154377e-06 
-3.118305e+00 -3.484326e+00 -4.066352e+00 1.903793e+00 7.136284e+00 1.727250e+00 -4.287951e+00 -3.354888e+00 5.404148e+00 8.221090e+00 2.908129e+00 -4.107429e+00 -1.512926e-01 -4.674453e-01 -3.498281e-01 1.122018e-01 -2.539245e-01 -9.295196e-01 3.541419e-01 1.473928e+00 1.248346e-01 -5.956385e-01 -3.946710e-01 -1.918393e-01 -1.065619e+00 -7.597237e-07 -5.681738e-01 2.022633e-01 3.843678e-01 -5.913938e-01 -1.703665e-01 -4.512627e-01 -3.996668e-01 -1.348644e-01 -1.097049e+00 -9.736344e-01 1.975374e-02 2.542260e-01 8.681223e-03 
-3.981751e+00 -3.685360e+00 -1.988548e+00 -1.789212e+00 -2.148548e+00 -3.502239e+00 2.592955e+00 1.222518e+00 -3.369091e-01 4.340969e+00 1.185413e+00 1.464438e+00 -1.512926e-01 -4.557191e-01 -6.191553e-01 3.402881e-01 3.666383e-02 -1.069174e+00 -1.652558e+00 4.138923e-01 -7.338146e-01 -2.897760e+00 -1.802176e+00 -5.055252e-01 -1.490116e-01 -7.597237e-07 -9.688316e-01 5.241808e-01 4.760706e-01 -9.487684e-01 5.913712e-01 -2.356275e-01 -8.987076e-01 -4.831817e-01 -3.014171e-01 -3.767327e-01 1.070002e-01 3.195142e-01 1.737358e-02 
-2.601746e+00 -3.041012e+00 -3.906431e+00 -1.202709e+00 2.051686e+00 -4.631301e-01 -4.730394e+00 -5.613958e+00 -2.862447e+00 -1.222884e+00 3.578775e+00 -3.088992e+00 -1.512926e-01 -2.866138e+00 7.829422e-01 1.317089e+00 -2.732365e+00 -8.066246e-02 -1.713688e+00 -4.900082e-01 -1.471145e+00 -2.248843e+00 -2.002957e+00 -4.117632e-01 7.466809e-01 4.340135e-02 -6.693753e-01 4.163948e-01 4.709194e-01 -5.379632e-01 6.255588e-01 -1.730748e-01 -2.121397e-01 3.812231e-01 7.040623e-01 4.562972e-01 1.210145e-01 3.691619e-01 1.955343e-02 
-4.448351e+00 -5.545570e+00 -3.570772e+00 -8.795133e-01 2.337626e+00 -9.271146e+00 -3.492152e+00 -7.847706e+00 -6.984510e+00 -7.076720e-01 -9.582988e-01 -4.132972e-01 -1.512926e-01 -4.065400e+00 1.783599e+00 2.036711e+00 -3.238031e+00 1.891279e+00 1.027301e-01 -9.075934e-01 -1.337375e+00 3.441727e-01 1.287853e-01 -6.594172e-02 5.135389e-01 6.516724e-02 4.110510e-01 -7.932149e-02 -1.003812e-01 3.145570e-01 2.005615e-01 3.756793e-01 4.832071e-02 1.047354e+00 1.324034e+00 8.291032e-01 3.224625e-01 -2.577173e-02 2.183459e-03 
-1.721576e+01 1.360173e+00 3.310526e+00 -1.221306e+01 4.490427e+00 -3.956942e+00 -3.695689e+00 -6.175897e+00 -2.516489e+00 7.304764e-01 1.920893e+00 5.647191e-01 6.570571e-02 -2.009450e+00 5.308812e-01 1.618472e+00 -1.306403e+00 7.183072e-01 -1.388767e+00 1.074099e+00 2.332835e+00 1.303707e+00 9.213495e-01 1.933913e-01 4.488139e-01 6.518415e-02 1.907148e+00 -7.735727e-01 -8.884504e-01 1.493588e+00 -3.989685e-01 5.397758e-01 5.285142e-02 9.129077e-01 7.774512e-01 5.424520e-01 -7.011665e-02 -2.426815e-01 -2.822136e-02 
-1.700178e+01 3.031612e+00 4.586381e+00 -1.247430e+01 6.088237e+00 -1.242116e+00 -2.462785e+00 -5.183479e+00 1.210414e+00 4.008303e+00 1.684714e+00 2.205299e+00 6.605706e-02 1.171217e+00 -8.897906e-01 -3.124664e-01 8.965219e-01 -4.659047e-01 6.342308e-02 -1.264580e-01 2.600854e+00 1.946165e+00 8.812696e-01 8.042324e-01 -1.289777e-01 2.742713e-05 2.017304e+00 -7.344816e-01 -1.093120e+00 1.330469e+00 -7.746652e-01 5.262057e-01 -1.718054e-01 8.430156e-02 -1.485861e-01 -1.140800e-01 -3.579763e-01 -2.679358e-01 -3.910585e-02 
-6.372252e+00 -4.674920e+00 1.068298e-01 -1.937386e+00 3.767733e+00 -1.142173e+01 1.254785e-01 4.718609e+00 -4.418977e-01 1.025612e+00 3.223876e+00 -2.154223e+00 6.596922e-02 4.051356e+00 -1.748394e+00 -1.950541e+00 2.668387e+00 -8.968772e-01 1.004750e+00 -6.162940e-01 1.124118e+00 8.373774e-01 3.330019e-01 -1.197565e+00 -1.453791e-01 -6.513494e-02 6.887131e-01 5.523718e-02 -5.763853e-01 2.350948e-01 -4.118072e-01 7.439320e-01 -4.921595e-01 -1.193975e+00 -7.139629e-01 -5.167344e-01 -4.825544e-01 7.247142e-02 -2.824839e-02 
-4.014271e+00 -6.976587e+00 -3.530938e+00 -1.534682e+00 3.690184e-01 -5.221760e+00 -6.035371e+00 -2.903533e-01 1.709013e+00 3.550661e+00 2.411353e+00 3.012766e-01 -1.512926e-01 2.990632e+00 -7.493061e-01 -1.644336e+00 1.426906e+00 -1.174646e+00 1.537053e+00 -9.213700e-01 -3.115935e-01 -1.657568e-01 -1.473207e-01 -1.160272e+00 -5.289957e-01 -6.519695e-02 -6.014248e-01 5.235848e-01 1.693963e-01 -3.803153e-01 1.098911e-02 -1.949636e-01 7.357112e-02 -9.947800e-01 -8.818983e-01 -7.506688e-01 -1.732261e-01 2.704883e-01 2.163799e-03 
-3.453409e+00 -2.377341e+00 -2.383372e+00 -4.341221e+00 2.865672e+00 3.056293e+00 -4.990655e+00 -3.001453e+00 1.421166e+00 2.624081e+00 -4.430253e+00 7.897194e-01 -1.512926e-01 5.242620e-01 7.368988e-01 -5.972931e-01 -3.960535e-01 -9.864898e-01 1.593972e+00 -9.893348e-01 -2.180700e+00 -1.210414e+00 -1.147919e+00 -1.237239e+00 1.011195e+00 -4.345361e-02 -1.147992e+00 5.390821e-01 6.834950e-01 -2.190203e-01 2.018087e-01 -9.576798e-01 3.838693e-01 -2.222315e-01 -5.936466e-01 -7.319221e-01 7.430703e-01 3.111439e-01 1.954605e-02 
-3.507610e+00 -1.863424e+00 -2.390401e+00 -4.137804e+00 6.662198e-01 -7.956865e-01 -4.511508e+00 -2.881307e+00 -5.495982e-01 2.472505e+00 -2.893361e-01 -1.911697e+00 -1.512926e-01 -7.260508e-02 4.854919e-01 -1.419240e-01 5.272577e-01 -3.661297e-01 -1.206142e+00 4.278220e-01 -7.205653e-01 -1.439600e+00 -2.131594e+00 -4.200532e-02 6.450803e-01 -7.597237e-07 -7.254739e-01 2.654944e-01 5.810706e-01 1.648872e-01 5.849152e-01 -6.997077e-01 3.861347e-01 4.486765e-01 4.500373e-02 -3.809618e-02 7.592911e-01 2.104614e-01 1.738341e-02 
-4.003902e+00 -3.547498e+00 -3.450099e+00 -2.615788e+00 -1.313247e+00 -5.665037e+00 -5.583250e+00 -4.889849e+00 -5.364354e+00 -4.174604e+00 -1.612106e+00 4.008128e+00 -1.512926e-01 -1.570342e-01 3.295725e-01 7.156099e-01 2.023004e+00 -2.919144e-01 -2.412153e+00 6.285017e-01 2.175796e-01 -1.493926e+00 -2.334666e+00 1.958470e+00 8.231841e-01 -7.597237e-07 -1.610633e-01 2.436934e-03 3.445960e-01 2.476318e-01 8.830662e-01 3.827897e-01 4.369118e-01 9.983755e-01 6.332101e-01 9.080120e-01 5.460353e-01 -5.743530e-02 8.691053e-03 
-4.101936e+00 -3.964428e+00 -3.707262e+00 2.387654e-01 6.276118e-01 -6.891634e+00 -3.599593e+00 -2.949193e+00 -2.096534e+00 -3.707489e+00 7.917817e-01 1.917547e+00 -1.512926e-01 -2.960743e-01 7.818957e-01 6.045403e-01 1.041816e+00 1.402412e+00 4.160003e-02 2.003544e-01 7.327053e-01 2.009172e-01 2.553869e-01 1.038307e+00 6.172310e-01 -7.597237e-07 3.791581e-02 6.144605e-02 1.514870e-01 -2.386693e-01 7.319365e-01 1.428109e+00 1.700420e-01 7.897420e-01 8.006267e-01 1.259412e+00 -7.280024e-02 -6.448349e-03 1.154377e-06 
-3.941218e+00 3.211901e-01 1.853662e+00 3.585857e+00 1.425914e+00 -5.956615e+00 -2.303959e+00 -1.879730e+00 -5.274861e+00 -5.958899e+00 4.821977e+00 2.991104e+00 -1.512926e-01 -1.692630e-01 6.008618e-01 7.524188e-01 5.849835e-01 2.544436e+00 2.884212e+00 1.308915e+00 2.084451e+00 1.135307e+00 2.198435e+00 9.527439e-01 7.380949e-01 -7.597237e-07 -2.042567e-01 3.412702e-02 -4.191548e-01 -5.355469e-01 2.116395e-01 1.071335e+00 1.498196e-01 2.930502e-01 3.943648e-01 8.043735e-01 -4.012715e-01 2.014522e-02 1.185694e-03 
-5.019583e+00 1.116098e-01 -2.019595e+00 -2.029802e+00 6.309027e+00 -4.422469e-01 -5.149482e+00 -7.224483e-01 4.104085e-01 4.641570e+00 1.685556e+00 1.682654e+00 -1.512926e-01 1.228886e-01 6.571079e-01 5.973072e-01 5.294160e-02 1.875266e+00 3.286216e+00 9.378637e-01 2.294684e+00 1.248920e+00 1.898918e+00 9.672001e-02 6.554275e-01 -7.597237e-07 -4.771122e-01 7.073452e-02 -6.404755e-01 -1.731119e-01 -6.353471e-01 -3.707713e-01 2.658499e-01 -2.005912e-01 -4.426605e-01 -4.699342e-01 -7.536456e-02 2.588484e-02 2.382521e-03 
-4.390851e+00 -2.581347e+00 -5.322692e-01 1.443264e+00 8.567597e+00 5.531159e+00 1.736095e+00 4.418513e+00 -9.412717e-01 2.643028e+00 2.704367e+00 7.815891e+00 -1.512926e-01 -1.387790e+00 5.625359e-01 -1.376387e+00 -1.601766e-01 5.298433e-01 1.322141e+00 1.008737e+00 9.019130e-01 -4.614654e-02 8.654921e-01 4.231015e-01 9.047508e-01 5.924116e-03 -3.109890e-01 1.565660e-01 -5.449392e-01 -1.063691e-01 -9.645311e-01 -1.325793e+00 -6.240536e-02 -6.234986e-01 -6.553902e-01 -7.818468e-01 -3.636308e-02 -3.051477e-01 2.242441e-03 
-3.262056e+00 7.723078e-01 4.717782e-01 1.574917e+00 6.432894e+00 3.795877e+00 -9.302476e-01 5.375372e+00 1.981364e+00 1.485805e+00 2.334311e+00 2.782216e+00 -1.512926e-01 -2.072269e+00 1.154690e+00 -1.533428e+00 5.489613e-01 -7.670773e-01 -1.031175e+00 1.679659e+00 3.210198e-01 -1.421607e+00 -1.427842e+00 9.264271e-01 6.632429e-01 8.945747e-03 1.081708e-01 -1.603348e-01 -1.637526e-01 -1.931712e-01 -6.318257e-01 -1.187675e+00 -2.388819e-01 -5.358437e-01 -4.234629e-01 -2.070156e-01 9.107756e-02 -2.922814e-01 -1.364685e-04 
-1.175889e+01 2.803824e+00 -6.274202e+00 9.822194e-01 4.013054e+00 -1.464740e+00 6.303184e-01 -4.196586e-01 -6.291043e+00 -5.327260e-02 6.612894e+00 6.965355e+00 -1.216556e-01 -6.265876e-01 1.134807e+00 -9.068732e-01 -1.949929e-01 -9.572349e-01 -1.585940e+00 6.260525e-01 -4.644825e-02 -8.063693e-01 -4.731183e-02 3.559208e-01 -7.915282e-01 6.741535e-03 9.180461e-01 -5.328175e-01 5.456114e-01 -3.773064e-01 -1.506316e-01 -4.193821e-01 -5.396215e-01 -9.141106e-02 3.907328e-01 3.518610e-01 -2.515164e-02 -3.339415e-01 -3.972705e-03 
-1.169668e+01 3.192142e+00 -6.815474e+00 9.455630e-01 4.751433e+00 -2.100694e+00 3.801834e+00 3.302178e+00 -4.022746e+00 -1.149282e+00 4.363512e+00 5.423990e+00 -1.213745e-01 2.830359e-01 -4.305347e-01 -4.561656e-01 -8.955398e-01 -5.404280e-01 -1.198102e+00 -6.522855e-02 8.971605e-02 -4.881392e-01 1.320113e+00 5.856310e-01 4.219128e-02 -1.088772e-03 9.492559e-01 -7.477438e-01 5.866411e-01 -2.907323e-01 2.656353e-01 4.840081e-01 -6.780291e-01 -2.830662e-01 7.117298e-01 5.833358e-01 1.341939e-01 -1.156924e-01 -4.926234e-03 
-3.306830e+00 1.882637e+00 -1.423259e+00 7.834488e-01 4.622740e+00 5.495119e-01 2.500195e+00 5.223438e+00 -1.971012e+00 3.723734e+00 3.469738e+00 2.537429e+00 -1.325301e-01 2.024722e+00 -1.309020e+00 8.131775e-01 -1.324489e+00 -3.365668e-01 -6.913226e-01 -8.169737e-01 5.604646e-01 1.440619e+00 1.250768e+00 4.676681e-01 -4.543638e-01 -8.919080e-03 2.255698e-01 -4.167364e-01 2.525338e-01 2.034102e-01 3.804499e-01 7.329643e-01 -2.739673e-01 -4.686205e-01 3.902716e-01 -3.081944e-01 -2.604617e-02 1.425426e-01 -2.775878e-03 
-6.072496e+00 -9.199411e-01 -4.235061e+00 -2.803200e+00 3.425890e+00 -3.201598e+00 -2.191180e+00 3.002082e+00 -2.619153e+00 6.198136e+00 6.834338e+00 5.206905e+00 -1.512926e-01 1.348284e+00 -1.362127e+00 5.397632e-01 -3.398349e-01 2.509969e-01 9.414499e-01 -9.890286e-01 -1.397875e+00 1.013390e+00 8.397901e-01 1.541500e+00 -8.373624e-02 -7.859254e-03 -1.925365e-01 2.083231e-01 7.254245e-03 5.666202e-01 2.504490e-01 5.062687e-01 3.931455e-02 -4.931961e-01 6.129782e-04 -9.566162e-01 -6.739837e-01 9.016857e-02 7.335045e-04 
-4.446937e+00 -1.685058e+00 -3.498720e+00 -3.766593e+00 2.992757e+00 -4.370667e+00 -4.584408e-01 2.532811e+00 2.105040e-01 2.527160e+00 7.715903e+00 4.801848e+00 -1.512926e-01 -3.122810e-02 -4.832490e-01 -1.420848e-01 5.444397e-01 5.493980e-01 1.008961e+00 -2.819810e-01 -1.645780e+00 3.941160e-01 -1.348064e+00 -2.520109e-01 -1.581904e-02 -3.755248e-03 -5.454578e-01 4.435649e-01 -1.636328e-01 4.491366e-01 1.598531e-03 2.952344e-01 1.397084e-01 -2.605625e-01 -5.343245e-01 -7.205545e-01 -9.524806e-01 1.531609e-01 2.569295e-03 
-4.384724e+00 -1.834439e+00 -3.078707e+00 1.520707e+00 6.820985e+00 5.066999e+00 3.360231e-01 -2.341997e+00 -4.673754e-02 3.647946e+00 9.947603e+00 3.873297e+00 -1.512926e-01 3.485355e-01 1.981136e-01 5.771178e-02 1.003081e+00 2.687039e-01 4.831659e-01 -1.361017e-01 -1.273044e+00 3.828421e-02 -2.163404e+00 -2.424405e+00 2.736822e-01 -7.597237e-07 -3.239602e-01 3.444712e-01 -5.629682e-02 -1.698751e-01 -4.000690e-01 -1.877138e-01 8.760526e-02 3.483022e-01 -4.141812e-01 -2.419163e-01 -8.975564e-01 1.531609e-01 1.947535e-03 
-4.306957e+00 -7.641780e-02 -2.711416e+00 1.343104e+00 5.671994e+00 1.460496e+00 -1.731545e-01 -3.339939e-01 -1.286843e+00 -1.741375e+00 6.528530e-01 3.125087e+00 -1.512926e-01 -2.027667e-01 1.289178e-01 2.359695e-01 2.496313e-01 -3.374906e-01 1.013938e+00 -5.449617e-01 -8.048499e-01 -7.433923e-01 -8.504368e-01 -2.311599e+00 1.326742e-01 -7.597237e-07 -3.984539e-02 -1.544462e-02 -1.610571e-02 -4.234428e-01 -3.892845e-01 -2.217786e-01 -4.190667e-02 4.890219e-01 -3.403487e-02 5.133349e-01 2.942550e-01 1.007390e-01 7.507073e-04 
-4.400277e+00 -7.333998e-01 -4.340503e+00 -3.425743e-01 3.430314e+00 -3.701221e+00 -3.013672e+00 -1.929836e+00 -1.678904e+00 -2.484680e+00 -1.756086e+00 7.413377e+00 -1.512926e-01 -1.858473e-01 5.435900e-02 6.912414e-02 -1.041889e+00 -1.305985e+00 3.787166e-04 -4.194412e-01 -7.693756e-02 -4.887159e-01 -6.184823e-01 -1.916450e+00 6.078745e-01 -7.597237e-07 -2.832277e-02 -1.677855e-01 -4.072351e-02 -1.679147e-01 2.383440e-01 -1.439362e-01 1.965632e-01 5.293097e-01 1.822115e-01 6.599843e-01 9.613951e-01 -2.416292e-01 1.154377e-06 
-5.453191e+00 -1.591044e+00 -1.688623e+00 -1.586827e+00 3.000800e+00 5.083154e+00 -1.508495e+00 -1.697626e+00 -2.690436e+00 1.340788e+00 2.009723e+00 3.695502e+00 -1.512926e-01 3.678426e-02 -4.884812e-01 -2.284008e-01 -5.502401e-01 -6.097162e-01 1.415266e-01 -3.499457e-01 2.011377e-01 4.875435e-01 4.462436e-01 9.653072e-01 3.206849e-01 -7.597237e-07 1.150186e-01 -7.321196e-02 -3.868701e-02 2.233327e-01 8.303909e-01 -5.097257e-01 2.522578e-01 4.344031e-01 3.398852e-01 3.277296e-01 8.746854e-01 -3.710098e-01 1.154377e-06 
-4.741036e+00 -8.054895e-01 -3.245072e+00 -2.223410e+00 1.626595e+00 3.257246e+00 -1.093745e+00 -2.045133e+00 -1.788542e+00 -9.853181e-01 -3.129119e-01 6.627855e+00 -1.512926e-01 8.720722e-02 -3.320386e-01 8.632304e-02 5.634305e-01 1.596573e+00 1.995938e-01 7.492769e-01 8.706255e-01 3.339072e-01 4.882320e-01 7.439286e-01 -1.028413e+00 -7.597237e-07 9.302683e-02 1.184187e-01 1.294448e-01 4.263420e-01 7.573204e-01 -3.796476e-01 5.108334e-02 3.178560e-01 3.818547e-01 5.430758e-02 5.811008e-01 -3.062478e-01 1.154377e-06 
-3.953001e+00 -2.483246e+00 -4.402011e+00 -4.675158e-01 3.524824e+00 -1.311070e+00 -2.882540e+00 7.295418e-01 1.205378e+00 -2.598675e-01 4.757985e+00 5.121258e+00 -1.512926e-01 2.359633e-01 -4.400626e-02 3.392265e-02 5.635812e-01 2.363209e+00 -1.634308e+00 1.319304e-01 8.936122e-01 5.446380e-01 2.350288e-01 7.317620e-01 -9.041364e-01 -7.597237e-07 6.734786e-02 3.509285e-01 1.895218e-01 2.587557e-01 -7.844152e-02 -2.445969e-01 -6.168707e-02 1.538785e-03 1.496391e-01 -3.176342e-01 -2.608303e-01 -1.027305e-01 1.154377e-06 
-4.714172e+00 -1.947776e+00 -2.551494e+00 1.915667e+00 1.115072e+01 4.939545e-01 1.419777e+00 1.209588e+00 -1.957066e+00 7.567106e-01 5.892826e-01 1.558282e+00 -1.512926e-01 1.798448e-01 4.240136e-01 5.850911e-01 5.329850e-01 9.940741e-01 -1.009863e+00 -4.050523e-01 1.166260e+00 1.391944e+00 -2.412222e-01 1.106016e+00 -3.109342e-01 -7.597237e-07 5.417916e-02 2.387714e-01 3.810137e-02 -7.454780e-02 -1.048093e+00 9.790973e-02 -5.914546e-02 -1.061449e-01 -4.533434e-02 -2.032264e-01 -2.586835e-01 -2.765426e-03 1.154377e-06 
-4.286691e+00 -1.239885e+00 -1.865532e+00 -8.387265e-01 1.005481e+01 -1.707064e+00 -2.105427e+00 1.143319e+00 1.171377e-01 1.645032e+00 5.216871e+00 1.709507e+00 -1.512926e-01 3.270932e-01 8.881093e-01 4.696817e-01 7.586130e-01 -7.007146e-01 -4.766655e-01 -8.114822e-02 6.098267e-02 7.068096e-01 -7.771478e-01 -5.199399e-01 -5.517815e-01 -7.597237e-07 2.389114e-02 -4.092583e-02 -1.692033e-01 -2.764173e-01 -1.167382e+00 3.868329e-01 2.206534e-01 -5.336781e-02 -5.100537e-01 2.199950e-02 -2.138974e-01 -2.681271e-01 1.154377e-06 
-3.675397e+00 6.931579e-01 -1.587281e+00 6.275299e-01 3.331784e+00 -1.594373e+00 -3.507834e+00 3.579645e+00 5.715627e+00 -3.144180e+00 4.987428e+00 6.778798e+00 -1.512926e-01 3.125191e-01 3.957597e-01 5.883694e-02 9.318386e-02 -2.112038e+00 1.103873e-01 5.602308e-01 7.561709e-01 2.617324e-02 -2.173704e-02 7.622199e-02 -1.218405e+00 -7.597237e-07 -6.660255e-03 -3.277260e-01 -3.910031e-01 -5.451207e-01 -3.359489e-01 2.027065e-01 8.329556e-02 -2.434114e-01 -9.694116e-01 1.285630e-01 -2.652325e-02 -1.551045e-01 1.154377e-06 
-2.837402e+00 6.366752e-01 -2.536264e+00 3.969975e+00 3.930610e+00 -2.650358e+00 -8.241411e-01 -1.502726e-01 9.031965e-01 -2.195374e+00 -4.136944e-02 -2.476563e-01 -1.512926e-01 2.890666e-01 -2.345890e-01 -5.489111e-01 -5.986212e-01 -1.920494e+00 -2.602217e-01 7.527975e-01 8.318354e-01 -1.322873e+00 2.351561e-01 1.769929e-01 -1.790913e+00 -7.597237e-07 -3.470960e-02 -4.897527e-01 -3.035530e-01 -5.692374e-01 2.786941e-01 2.161372e-01 -2.345722e-01 -4.752393e-01 -6.790268e-01 -1.090688e-02 4.739958e-01 3.461078e-01 1.154377e-06 
-3.876648e+00 -9.073068e-01 -1.921768e+00 -2.299231e-02 3.652713e+00 1.517629e+00 3.579945e+00 5.636676e+00 -2.219344e+00 2.567969e+00 3.599404e+00 -3.555387e+00 -1.512926e-01 1.654382e-01 -6.532953e-01 -8.605809e-01 -1.514095e+00 -7.588927e-02 -1.046527e-01 -4.055115e-01 -4.362645e-01 -2.440197e+00 -1.045688e-01 6.249078e-01 -4.669125e-01 -7.597237e-07 5.931495e-02 -4.506120e-01 -2.412598e-01 -3.930727e-02 4.877080e-01 1.560940e-01 -3.750794e-01 -9.114993e-01 -2.388089e-01 -3.311291e-01 1.724201e-01 5.087782e-01 1.154377e-06 
-2.740783e+00 -1.612596e+00 -4.443017e+00 -3.506384e+00 2.918023e-01 -4.564134e+00 -1.885873e+00 4.274122e+00 -2.529273e+00 -3.505436e-02 6.796448e+00 -2.078186e+00 -1.512926e-01 2.269173e-01 -1.036030e+00 -5.882918e-01 -1.283945e+00 -3.254807e-01 7.114784e-01 -7.712047e-01 -1.718891e+00 -1.455056e+00 -7.903806e-01 1.575487e+00 8.030401e-01 -7.597237e-07 1.117264e-01 -3.070629e-01 -1.273949e-01 3.676685e-01 2.332085e-01 3.480743e-01 2.496609e-01 -5.684769e-01 5.151822e-02 -1.860752e-01 -3.124149e-01 1.033697e-01 1.154377e-06 
-2.896317e+00 -1.448722e+00 -4.936254e+00 -3.204872e+00 4.771944e+00 -1.160553e+00 -5.004670e+00 -8.135008e-01 -4.769289e+00 -4.747386e+00 4.693573e+00 5.359826e+00 -1.512926e-01 6.401846e-01 -1.456437e+00 -1.127566e+00 2.393823e-01 -4.709858e-01 4.049347e-01 -5.533807e-01 -2.525980e+00 -1.101877e+00 -1.164714e+00 2.388837e-01 2.843172e-02 -7.597237e-07 1.509033e-01 -6.278105e-02 2.168950e-02 4.649561e-01 -3.465867e-01 2.090384e-02 7.925723e-01 3.639569e-01 3.374639e-01 8.634975e-02 -6.735066e-01 -5.768709e-01 1.154377e-06 
-2.192646e+00 -4.272481e+00 -3.970283e+00 -8.593780e-01 1.743626e+00 2.246180e+00 -3.880368e-01 -5.519673e+00 -5.097426e+00 -2.489417e+00 7.289434e+00 -6.900250e-01 -1.512926e-01 6.103663e-01 -1.368406e+00 -1.052341e+00 3.629728e-01 -5.569032e-01 1.225277e+00 2.074896e+00 -9.655972e-01 -1.734300e+00 -1.652613e-01 -1.191878e+00 -1.521776e+00 -7.597237e-07 3.138002e-01 3.850028e-01 3.477705e-01 -7.117419e-02 -1.542190e-02 -4.004211e-01 5.528868e-01 1.040563e+00 7.276413e-01 3.137029e-01 -8.157964e-01 -3.071087e-01 2.192005e-02 
-9.502642e-01 -6.859534e+00 -7.796676e+00 -1.494827e-01 5.721127e-01 1.369686e-01 6.441718e-02 -2.096317e+00 -6.444845e+00 -2.028131e+00 4.547487e+00 -4.107429e+00 -1.512926e-01 7.282991e-01 -8.009741e-01 -5.201391e-01 -1.262163e-02 -1.692921e+00 -2.569036e-01 2.134441e+00 1.006949e+00 -6.132859e-01 1.465297e-02 -1.358904e+00 -2.188729e+00 -7.597237e-07 4.310675e-01 7.471538e-01 8.364129e-01 -6.633337e-01 3.846316e-01 -4.393190e-01 -8.146748e-02 9.159005e-01 1.295901e+00 4.158124e-01 -3.187959e-01 4.314368e-01 4.444350e-02 
-6.622918e-01 -5.749205e+00 -8.274682e+00 -3.219328e+00 -3.926861e-01 9.135902e-01 5.954328e+00 8.786454e-02 -1.036352e+01 -2.220880e+00 9.100816e-01 -4.953441e+00 -1.512926e-01 1.751835e+00 5.610971e-01 8.466108e-01 -1.513794e+00 2.081922e-01 -9.597079e-01 6.493197e-01 1.717622e+00 1.938783e+00 1.884598e-01 -1.704593e+00 3.761634e-01 1.096010e-01 4.350839e-01 7.509785e-01 9.066126e-01 -4.653394e-01 4.651852e-01 -1.931512e-01 -8.393664e-01 2.299134e-01 1.564148e+00 6.232888e-01 2.358721e-01 7.772967e-01 5.072500e-02 
-1.989181e-02 -4.715053e+00 -5.384384e+00 -2.087626e+00 -2.624714e+00 -1.779171e+00 2.496191e+00 1.417015e+00 -5.202803e+00 -4.808235e+00 1.088584e+00 -3.452497e+00 -1.512926e-01 2.224739e+00 1.314533e+00 2.105024e+00 -2.138830e+00 1.069675e+00 -6.992351e-01 -2.479986e-01 7.121130e-01 3.541122e+00 7.376181e-01 -1.098645e+00 1.236631e+00 1.674179e-01 -2.262484e-01 3.576341e-01 5.679531e-01 2.268431e-01 2.228716e-02 7.560615e-01 -6.721171e-01 -4.489371e-01 6.311923e-01 5.080832e-01 4.459672e-01 6.570038e-01 2.390575e-02 
6.101053e+00 -2.539357e+00 -9.429095e-01 -7.459597e+00 4.383451e+00 -1.594373e+00 1.643001e+00 1.311415e+00 3.975760e+00 -1.571166e-01 4.962425e-01 8.632120e-01 3.967195e-01 2.037621e+00 1.328791e+00 2.168194e+00 -9.006643e-01 3.878796e-01 4.807411e-01 -9.307075e-01 3.313957e-01 4.009067e+00 2.589692e+00 -1.425118e-01 6.520151e-01 1.699152e-01 -1.214889e+00 -2.129364e-01 -1.351217e-01 1.326731e+00 -8.497899e-01 1.316899e+00 -4.168566e-02 -6.861174e-01 -8.790735e-01 -6.947357e-02 6.790220e-01 -2.072872e-01 -3.672202e-02 
6.791998e+00 -1.892037e+00 -9.370515e-01 -8.723985e+00 3.532867e+00 -2.105029e+00 9.796690e-01 8.529206e-01 4.091597e+00 6.280898e-01 -7.389598e-01 -8.324875e-01 4.118102e-01 -5.460113e-01 6.034778e-01 1.658978e+00 8.151330e-01 -1.671211e+00 2.803046e+00 -4.359732e-01 -5.446532e-01 1.507633e+00 1.354467e+00 8.984326e-02 9.583580e-01 8.936847e-02 -1.653341e+00 -5.942605e-01 -7.727287e-01 1.471614e+00 -8.219116e-01 1.041731e+00 2.345770e-01 -3.961024e-01 -1.447448e+00 -4.189459e-01 5.435902e-01 -4.429464e-01 -6.016706e-02 
6.119906e+00 -5.171309e-01 3.429040e-01 -4.404724e+00 -1.532026e+00 3.480263e+00 2.058752e+00 2.027443e+00 5.034557e+00 8.009395e+00 1.111318e+00 -3.003062e+00 4.167292e-01 -2.937333e+00 -1.478653e-01 3.941351e-01 3.642792e+00 -2.670346e+00 3.873651e+00 5.348206e-01 -1.084681e+00 -1.439715e+00 -4.671966e-01 1.096230e+00 -5.211803e-01 -3.498628e-02 -1.317671e+00 -7.188353e-01 -1.122170e+00 5.275958e-01 -1.098413e-01 -8.188304e-03 3.235273e-02 -2.000156e-01 -1.216097e+00 -8.311731e-01 2.207952e-02 -4.161137e-01 -4.792354e-02 
-2.759636e+00 -2.709177e+00 2.267231e+00 4.602528e-01 -8.023405e+00 9.699146e+00 1.081277e-01 -1.663683e+00 1.805866e+00 -2.119222e+00 1.230039e+00 3.272355e+00 2.855500e-01 -3.554637e+00 -9.184368e-01 -8.716717e-01 2.947671e+00 -1.510616e+00 2.812872e+00 1.919353e-01 -5.604565e-01 -9.717705e-01 1.712827e-01 9.999555e-01 -3.915102e-01 -3.096684e-02 -1.654748e-01 -3.450115e-01 -1.112466e+00 -7.979590e-01 6.891653e-01 -9.553096e-01 -2.661214e-01 4.311800e-01 1.300780e-02 -3.146427e-01 -2.708491e-01 -4.060693e-01 -1.057123e-02 
-3.809721e+00 -2.870449e+00 -5.744463e-01 6.162132e+00 -3.190563e+00 1.187140e+01 4.753122e+00 -2.854369e+00 -2.080263e+00 -1.119404e+00 4.992901e+00 -3.795085e+00 2.849175e-01 -3.046555e+00 -1.504443e+00 -2.177341e+00 6.710446e-01 -2.418729e-01 4.347978e-01 -1.082863e+00 -6.607041e-01 -8.317447e-01 -9.747481e-01 -4.871430e-01 -7.536619e-01 -9.527915e-03 6.702111e-01 2.615207e-01 -3.563824e-01 -1.464475e+00 9.138790e-01 -1.083622e+00 -3.802179e-01 1.065138e+00 7.809103e-01 6.514341e-02 -4.117673e-01 2.691012e-01 1.773975e-02 
-6.015939e+00 -5.307377e+00 -4.836083e+00 7.307874e-01 -3.191367e+00 7.763306e+00 5.922802e-01 4.908659e-01 2.790280e+00 6.049111e+00 2.320418e+00 -2.393922e+00 3.228817e-01 -1.318605e+00 -4.434843e-01 -2.617601e+00 -1.688930e+00 5.601762e-01 -2.540959e-01 -9.578016e-01 1.399479e+00 1.268528e+00 3.488378e-02 -4.725961e-01 -9.557623e-01 2.378894e-02 9.969267e-01 7.826189e-01 5.905943e-01 -5.804980e-01 7.364117e-01 -6.424064e-01 -5.804041e-02 1.008678e+00 3.675573e-01 -1.569326e-02 -4.696731e-03 5.698572e-01 1.383471e-02 
-7.485022e+00 -6.739880e+00 -6.991797e+00 -1.184639e+00 -5.157160e+00 6.622212e+00 -3.597925e+00 -2.353311e+00 3.840645e-01 -9.488816e-01 -1.869755e+00 -3.938113e+00 3.504106e-01 -7.041485e-01 9.222493e-01 -5.148348e-01 -1.361265e+00 8.636584e-01 -1.110710e-02 -7.914104e-01 3.261083e+00 1.344539e+00 -7.326835e-02 -2.263553e-01 1.106631e+00 2.633704e-02 8.470010e-01 8.404359e-01 1.141171e+00 3.719539e-01 4.856538e-01 -2.234051e-01 8.528466e-02 5.788638e-01 -1.549276e-01 2.298082e-01 3.944423e-01 6.395458e-01 5.424968e-03 
-7.514715e+00 -2.991590e+00 -7.612151e+00 -4.311276e+00 -4.239012e+00 1.105341e+01 -5.054880e-01 5.082819e+00 6.916604e+00 -2.029952e+00 2.298527e+00 -1.435126e+00 3.717555e-01 2.589133e-01 1.781376e+00 1.250062e+00 1.061259e+00 1.618592e+00 -1.762476e-01 -2.440187e-01 2.521997e+00 -2.221593e-01 -3.577721e-01 8.461542e-01 1.527784e+00 2.027122e-02 4.832814e-01 3.908640e-01 9.544107e-01 8.555197e-01 5.302665e-02 -2.712259e-01 -1.531300e-01 -6.618296e-01 -7.503403e-01 -2.546545e-02 8.386169e-02 4.716926e-02 -2.328604e-03 
-6.580572e+00 5.831653e-01 -1.760675e+00 1.876429e+00 1.651529e+00 1.017119e+01 1.344702e+00 1.115532e+01 2.579140e+00 2.553758e+00 3.872210e+00 1.258376e+00 3.921518e-01 3.994610e-01 1.585299e+00 1.594522e+00 1.155760e+00 1.657393e+00 -7.211857e-01 -1.013214e+00 1.672287e+00 -8.610417e-01 3.705371e-01 8.255239e-01 1.202288e+00 1.935797e-02 1.996275e-01 -1.698717e-01 -6.384388e-02 3.491136e-01 -2.666200e-01 -1.353271e-02 -9.820900e-02 -1.294464e+00 -3.507658e-01 -2.100071e-01 -3.662656e-01 -8.475896e-01 -3.056039e-03 
-5.173702e+00 -6.192556e-02 -1.201830e+00 4.506398e+00 1.497097e+00 5.107977e+00 -3.099424e+00 6.346777e+00 5.816446e-01 2.508577e+00 3.680235e+00 2.646537e+00 4.033601e-01 5.462069e-01 1.179281e+00 1.099612e+00 1.330143e+00 4.285286e-01 -1.255276e+00 -1.612651e+00 -1.115170e+00 -1.380314e+00 -3.143840e-01 -5.793180e-01 -7.678617e-01 1.563731e-02 -1.542814e-01 -4.195676e-01 -5.917190e-01 -1.910285e-01 -3.382232e-01 3.727515e-01 4.025999e-01 -8.808805e-01 2.271211e-01 -1.784302e-01 -5.362858e-01 -9.816574e-01 -1.959971e-03 
-6.657867e+00 -2.781945e-01 -2.224622e+00 1.850715e-01 2.616397e-01 5.989015e+00 -7.367040e+00 5.375910e+00 -7.537643e-01 -1.365715e+00 1.567256e+00 3.274606e-02 4.313984e-01 1.505291e-01 3.737845e-01 -7.589949e-01 2.497820e-01 1.256623e-01 4.608323e-01 -5.982313e-01 -1.392607e+00 1.696594e-01 -1.144992e+00 -1.344886e+00 -1.983547e+00 1.336545e-02 -2.579850e-01 -3.686052e-01 -4.842632e-01 -6.830207e-02 -4.219974e-02 6.315601e-01 9.010882e-01 -2.922748e-01 3.488787e-01 1.334158e-01 -2.954188e-01 -5.155526e-01 -1.669980e-03 
-4.745749e+00 3.335950e+00 -1.881934e+00 3.185218e+00 -1.401321e+00 6.868083e+00 -4.212875e+00 2.396502e+00 1.681507e+00 -1.642268e+00 5.547609e-01 -4.661450e+00 4.303268e-01 -3.880417e-01 2.892846e-01 -5.320337e-01 5.592103e-01 6.935174e-01 1.096508e+00 1.561486e+00 -3.499047e-01 3.980376e-01 -4.921352e-01 -7.499145e-01 -1.787610e+00 1.346692e-02 -3.227750e-01 -3.293155e-01 -7.378684e-02 -1.418832e-01 1.383489e-01 4.490603e-01 6.793046e-01 3.396690e-01 -2.290836e-02 4.131533e-01 1.818425e-01 5.777971e-01 -5.100162e-04 
-6.041861e+00 7.529848e-01 -5.215090e+00 3.785661e+00 3.729125e+00 1.159519e+01 -1.090075e+00 6.166828e+00 2.877448e+00 -1.095721e+00 -1.289202e+00 -5.005169e+00 4.455054e-01 -4.233881e-01 1.873876e-01 -1.108382e-02 1.199620e+00 1.313724e+00 1.260756e+00 1.905290e+00 -1.719173e-01 -5.891988e-03 1.126584e+00 -5.660935e-01 -8.656096e-01 1.209704e-02 -1.552691e-01 -1.513941e-01 4.041339e-01 -2.419517e-01 -3.043291e-01 -2.888392e-01 -1.768333e-01 2.981150e-01 -3.955025e-01 2.925630e-01 3.318849e-01 9.571859e-01 -8.589883e-04 
-7.421866e+00 8.685512e-01 -2.366384e+00 5.502316e+00 3.231242e+00 7.787342e+00 1.569261e+00 4.201388e+00 7.563673e-01 -8.679418e-02 1.358442e+00 -3.772190e+00 4.636354e-01 -7.807043e-01 -3.740270e-01 3.566833e-01 1.457852e-01 5.261480e-01 5.902392e-01 5.322183e-01 -2.713303e-02 -1.407189e+00 6.157243e-01 -5.946170e-02 1.562128e+00 1.372060e-02 -1.535160e-02 -1.133958e-01 1.199810e-01 -4.401285e-01 -7.123059e-01 -5.204146e-01 -8.833475e-01 2.236976e-01 2.517202e-02 5.430758e-02 4.216956e-01 7.737572e-01 -8.221251e-04 
-7.436948e+00 1.891927e+00 -2.037755e+00 5.024750e+00 4.514155e+00 1.183358e+01 -7.320487e-01 3.614126e+00 -3.206378e-01 3.489448e+00 -1.665572e+00 -4.739748e+00 4.752302e-01 -4.295862e-01 -5.146214e-02 8.175174e-01 -7.532601e-01 -1.312144e+00 -7.301192e-01 -9.679044e-01 -6.352864e-02 -9.053332e-01 -2.360055e-01 -3.063223e-02 1.127546e+00 8.945747e-03 3.376767e-02 -3.734951e-02 -1.463824e-01 -3.214595e-01 -7.392305e-01 -4.883482e-01 -4.981268e-01 2.200716e-01 6.045579e-01 -6.149627e-02 4.320126e-01 2.286369e-01 3.599568e-04 
-7.951622e+00 8.960493e-01 -1.686865e+00 3.294671e+00 8.371409e-01 9.699935e+00 -1.731051e+00 3.537082e+00 -3.755432e+00 -8.559685e-01 4.457230e-01 3.016261e+00 4.840669e-01 -4.617497e-01 -1.583297e-01 -3.463820e-01 -6.650888e-01 -1.554961e+00 -5.101020e-01 -1.418554e+00 7.145075e-01 9.735970e-01 4.608759e-01 1.090808e+00 1.084726e+00 1.093574e-02 6.550425e-02 1.005868e-01 -3.290692e-01 8.378387e-02 -2.564958e-01 -2.616525e-01 3.676251e-01 1.106613e-01 9.175992e-01 2.097320e-01 1.414694e-01 -5.576909e-01 1.760761e-03 
-7.924757e+00 4.817196e-01 -1.467779e+00 1.123166e+00 -1.634980e+00 6.987866e+00 -4.279609e+00 6.181375e+00 6.064389e-01 -1.891129e+00 -9.860845e-01 -2.761667e+00 4.800087e-01 -4.140070e-01 -1.073158e-01 -3.913885e-01 -2.372664e-03 -1.341707e+00 -6.308307e-01 3.898597e-01 5.577509e-01 1.826671e+00 8.965381e-01 1.018602e+00 5.162908e-01 1.528779e-02 -6.660255e-03 2.165685e-01 -2.698907e-01 1.730022e-01 3.669509e-01 1.817472e-01 9.709275e-01 -2.157854e-01 2.456269e-01 2.480896e-01 -1.161443e-02 -6.542122e-01 3.724344e-03 
-9.486690e+00 7.819693e-01 -4.383266e+00 4.127959e+00 -1.468885e+00 7.659284e+00 -3.750077e+00 6.490091e+00 5.160853e+00 4.907920e+00 6.473123e+00 6.619554e-01 5.159350e-01 -4.607446e-01 1.567792e-01 -6.842520e-01 1.893433e-01 -7.416716e-01 -7.678947e-01 1.691446e+00 2.155044e-01 1.814675e+00 1.097956e+00 1.233013e-01 -9.206479e-01 1.935233e-02 -3.602646e-02 2.729947e-01 -3.347594e-02 -1.454392e-01 5.608518e-01 2.586136e-01 6.062055e-01 -3.947211e-01 -5.270605e-01 -4.261665e-02 -2.799733e-01 -7.813448e-01 2.788017e-03 
-8.739658e+00 1.412940e+00 -2.646978e+00 4.596748e+00 -1.040980e+00 9.699541e+00 2.226587e+00 4.926036e+00 4.355037e+00 5.090103e+00 4.141483e-01 -9.814512e-01 5.357515e-01 -4.632574e-01 8.738515e-01 -3.630987e-01 -3.154182e-01 1.158080e-01 3.074329e-01 2.331753e+00 -8.928059e-01 -9.782001e-02 6.858324e-01 3.949332e-01 -1.140691e+00 2.335487e-02 3.047549e-02 3.505808e-01 9.188917e-02 -3.716078e-01 4.064941e-01 3.053656e-01 -2.605409e-01 -2.036415e-01 -7.189785e-01 -2.772569e-02 2.297405e-02 -3.407812e-01 2.818743e-05 
-9.847715e+00 1.214879e+00 -4.518584e+00 2.504751e+00 -3.168443e+00 4.505120e+00 3.472837e+00 5.241756e+00 3.444231e+00 1.143302e+00 3.623658e-01 -2.477308e+00 5.529680e-01 -6.173741e-01 7.161009e-01 -5.281760e-01 -1.235715e+00 5.207589e-01 3.138139e-01 6.413599e-01 -5.339580e-01 -6.994467e-01 3.532327e-01 2.693594e-03 -1.993564e+00 2.084624e-02 2.902940e-01 2.011705e-01 4.118008e-01 -3.288906e-01 -2.231811e-02 2.530369e-01 -4.425428e-01 -1.517853e-01 -2.727649e-01 9.379523e-02 9.197209e-02 3.857111e-01 -5.184277e-03 
-1.006075e+01 4.634678e+00 -3.215197e+00 3.575116e-01 -2.056784e-01 1.010223e+01 3.767800e+00 2.341547e+00 9.756425e-01 3.420583e+00 4.044397e+00 -6.895058e+00 5.782658e-01 -1.835021e-01 1.366201e+00 -9.958654e-03 -1.147845e+00 5.976158e-02 3.551628e-01 -3.877549e-01 -8.571720e-02 -5.109770e-01 1.130401e+00 1.193827e+00 -6.511806e-01 1.468459e-02 7.592316e-01 -1.004317e-01 8.709736e-01 9.322086e-02 -5.244209e-01 -4.827249e-01 -3.590562e-01 -2.356416e-01 1.725263e-01 -3.147756e-01 -3.242227e-01 7.349669e-01 7.507073e-04 
-1.191301e+01 2.751057e+00 -6.739907e+00 6.890686e-02 7.168929e-01 9.027335e+00 -1.313632e+00 5.112990e+00 3.352802e+00 7.508393e+00 4.671260e+00 -6.348669e+00 5.989080e-01 8.509224e-01 9.166247e-01 1.198143e+00 -1.039025e+00 -8.251254e-01 4.734667e-01 8.385189e-01 -9.470801e-01 6.575584e-01 1.344670e+00 1.837374e-01 7.631924e-01 -2.238796e-03 1.553436e+00 -1.939124e-01 1.077320e+00 7.854110e-02 -8.141351e-01 -1.005733e+00 -4.065734e-01 -6.519303e-01 -1.469142e-01 -9.251723e-01 -7.247334e-01 6.824973e-01 1.468748e-02 
-8.624658e+00 7.475531e+00 -1.585523e+00 7.561859e-02 -2.685441e+00 9.214497e+00 2.680709e+00 4.561826e+00 1.845770e+00 7.559040e+00 4.229214e+00 -2.301491e+00 5.862064e-01 2.598639e+00 2.714951e-01 3.128599e+00 5.218800e-02 -1.833499e+00 -2.186010e+00 4.380779e-01 -1.864473e+00 8.638205e-02 -1.383690e+00 -1.316718e+00 1.155835e+00 3.864905e-02 1.758341e+00 -5.543250e-01 5.870603e-01 -5.574754e-01 -6.517073e-01 -1.344522e+00 -7.494153e-01 -9.247367e-01 -6.736653e-01 -1.239810e+00 -1.025951e+00 9.251225e-02 2.781571e-02 
-6.311452e+00 4.377534e+00 6.568885e-01 -2.549703e+00 -6.053992e+00 7.316483e+00 8.208590e+00 -6.044573e-01 6.296745e+00 5.797335e+00 1.188360e+00 -9.582728e-01 5.378070e-01 5.758869e+00 2.937319e-01 3.289015e+00 -1.443106e+00 -2.603368e+00 -3.444090e+00 -1.804606e+00 -2.904143e+00 -1.732685e+00 -3.015770e+00 -2.365688e+00 5.155203e-01 8.230485e-02 1.212103e+00 -6.080690e-01 -2.153841e-01 -8.749138e-01 -3.227434e-01 -1.214908e+00 -6.164777e-01 -6.094554e-01 -8.713483e-01 -7.146379e-01 -5.870354e-01 -2.183838e-01 2.906661e-02 
1.313997e-01 5.179067e+00 8.729102e+00 1.927542e+00 -5.988037e+00 2.742991e-02 1.197221e+00 -4.122099e+00 -6.417108e-02 -2.642450e+00 -7.974783e-01 -3.810915e+00 8.020452e-01 6.154379e+00 -1.093977e+00 1.879831e+00 -3.733147e+00 -2.309586e+00 -4.408515e+00 -2.813515e+00 -3.730866e+00 -2.684146e+00 -2.888532e+00 -2.661256e+00 -6.469300e-02 1.114952e-01 -7.533505e-02 -6.821781e-01 -9.630225e-01 -7.752555e-01 -3.038814e-02 -2.201985e-01 5.583568e-01 2.945252e-02 -9.906445e-02 5.105428e-01 2.130426e-02 -1.569220e-01 4.378052e-03 
1.250337e+01 5.368209e+00 4.547133e+00 -8.072431e+00 -1.064835e+01 -3.599562e+00 -9.594609e+00 -5.066027e+00 -4.355920e+00 -2.469377e+00 -4.643698e+00 -3.016347e+00 9.025159e-01 5.133523e+00 -1.440871e+00 7.456678e-01 -3.520933e+00 -2.200727e+00 -4.489810e+00 -6.181309e-01 -3.061378e+00 -2.313896e+00 -1.476065e+00 -2.079244e+00 2.816077e-01 1.066752e-01 -1.497226e+00 -6.603726e-01 -7.777002e-01 2.386052e-01 3.561664e-01 4.307499e-01 1.747557e+00 7.058857e-01 6.837118e-01 1.101927e+00 4.872349e-01 -3.983380e-02 -1.812574e-02 
1.273997e+01 1.509926e+00 5.868680e+00 -1.582862e+01 -1.193609e+01 -7.370373e+00 -2.485475e+00 -1.186156e+01 -6.248427e+00 -2.750302e+00 -6.161389e+00 -1.596245e+00 9.613331e-01 2.534480e+00 -2.272006e+00 -4.148561e-01 -2.785117e+00 -2.186869e+00 -2.764130e+00 2.636676e+00 -1.638597e+00 -1.182356e-01 3.992928e-01 -1.353350e+00 4.881112e-01 4.835660e-02 -1.749538e+00 -1.735970e-01 -3.207435e-01 9.313803e-01 5.926184e-01 9.056119e-01 1.447094e+00 1.149167e+00 8.707871e-01 1.005734e+00 6.589845e-01 -9.732565e-02 -2.893159e-02 
1.305151e+01 -9.920307e-01 5.815373e+00 -1.127651e+01 -1.408326e+01 -1.143394e+01 6.959336e+00 -1.204097e+01 -2.180990e+00 -1.529315e+00 -6.525550e+00 -6.575186e-01 9.915498e-01 8.268423e-02 -2.419161e+00 5.479608e-01 -7.240204e-01 -8.837894e-01 -2.112628e+00 4.208131e+00 -4.209400e-01 4.029974e-01 8.499691e-01 -5.832854e-01 3.976960e-02 2.324776e-02 -1.316617e+00 2.019156e-01 8.697759e-02 5.608304e-01 9.298724e-01 1.156381e+00 1.048440e-01 9.990087e-01 4.891419e-01 5.858619e-01 6.572551e-01 -1.180839e-01 -2.526984e-02 
1.252977e+01 -3.001251e+00 6.020986e+00 -1.039572e+01 -1.520490e+01 -9.876367e+00 6.103477e+00 -8.827732e+00 -1.742827e+00 -1.115761e+00 -6.622800e+00 -2.549669e+00 9.993148e-01 -6.808209e-02 -1.472919e+00 3.750074e-01 -4.748801e-01 -4.907386e-03 -1.069206e+00 2.008768e+00 6.947134e-01 3.111847e-01 9.772069e-01 -1.142113e-01 -4.305873e-01 8.556768e-03 -5.367006e-01 4.959677e-01 2.661904e-01 6.176424e-02 9.487269e-01 9.670028e-01 -8.412450e-01 2.956977e-01 5.094172e-02 1.158658e-01 5.235528e-01 9.954329e-02 -1.278302e-02 
1.302182e+01 -4.472029e+00 7.210730e+00 -1.440934e+01 -1.343255e+01 -1.290956e+01 7.151529e+00 -8.688190e+00 -4.593791e+00 9.636699e-01 -7.329653e+00 -2.340498e+00 9.997716e-01 -1.481558e-01 -8.307976e-01 7.853699e-01 -1.871904e+00 1.357606e+00 4.446245e-01 2.201009e-01 7.670257e-01 -8.294082e-02 1.164374e+00 5.874824e-01 1.505066e-01 2.247351e-04 -2.608409e-02 4.752053e-01 5.133868e-02 -1.469892e-01 4.611502e-01 9.733696e-01 -9.993225e-01 -1.938573e-01 1.720651e-01 -1.330261e-01 4.259894e-01 2.071611e-01 -8.283249e-03 
1.241477e+01 -4.114553e+00 7.046122e+00 -1.663609e+01 -1.228597e+01 -1.197849e+01 7.462842e+00 -1.006421e+01 -3.486181e+00 8.897038e-01 -6.330629e+00 -2.907239e+00 9.999999e-01 -3.357336e-02 -5.864541e-01 7.974252e-01 -1.902350e+00 1.435979e+00 7.921343e-01 4.243013e-01 -7.542472e-01 3.794675e-01 8.214679e-01 6.789961e-01 9.303986e-01 -4.048392e-03 -3.398532e-02 2.563053e-01 5.355488e-02 1.855848e-01 7.672320e-02 6.975983e-01 -4.076784e-01 -3.760160e-01 4.088927e-01 -3.003500e-01 3.043930e-01 1.959689e-01 -6.988119e-03 
1.236858e+01 -4.589081e+00 9.229955e+00 -1.751584e+01 -8.754947e+00 -8.159210e+00 7.380425e+00 -7.587480e+00 -1.723844e+00 3.290140e+00 -3.734347e+00 2.738582e-01 9.923228e-01 -6.506677e-02 -4.863884e-01 5.934495e-01 -7.451212e-01 7.018320e-01 1.823561e+00 3.654636e-03 -6.659719e-01 1.229081e+00 2.627667e-01 1.150054e+00 3.952066e-01 -1.186742e-02 -7.138444e-02 1.404229e-01 -3.161912e-02 5.290546e-01 -2.083690e-01 1.388990e-01 6.770809e-03 -3.009655e-01 4.653900e-01 -3.719463e-01 -4.101463e-02 -1.103355e-01 -7.934277e-03 
1.268907e+01 -5.874804e+00 8.997981e+00 -1.835378e+01 -1.036402e+01 -8.290420e+00 8.110826e+00 -1.314868e+01 -1.280257e+00 1.828308e+00 -5.025541e+00 7.950900e-01 9.827834e-01 -2.794900e-01 -3.634318e-01 7.387561e-01 -1.102882e-01 7.067592e-01 1.729249e+00 7.881384e-02 -4.688289e-01 1.699794e+00 -7.365006e-02 1.126514e+00 4.269087e-01 -2.034039e-02 -1.191868e-01 1.784212e-01 3.594506e-02 4.129387e-01 -1.762282e-02 -1.621071e-01 7.765981e-02 1.164167e-01 3.294505e-01 -2.045559e-01 -3.166490e-01 -2.957730e-01 -9.283472e-03 
1.255946e+01 -6.023814e+00 9.202422e+00 -1.727577e+01 -1.088442e+01 -5.635485e+00 6.845889e+00 -1.047530e+01 4.487623e-01 1.807903e+00 -2.231812e+00 -2.215843e+00 9.490356e-01 -3.821786e-01 -2.402136e-01 6.566193e-01 -1.226473e-01 6.804296e-01 6.705123e-01 4.265974e-01 -8.805144e-01 1.583874e+00 -2.475841e-01 1.586108e-01 -1.495620e-01 -3.130508e-02 -4.840505e-02 2.224297e-01 8.931358e-02 1.618784e-01 1.171467e-01 -4.917872e-01 2.955205e-01 -5.008723e-02 1.006763e-02 1.376039e-01 -7.295042e-01 -2.275843e-02 -8.673999e-03 
1.092212e+01 -5.214849e+00 1.075418e+01 -1.730726e+01 -7.687595e+00 -4.594079e+00 8.124172e+00 -1.096450e+01 3.926559e+00 1.262449e+00 -1.449180e+00 4.722881e-01 9.199432e-01 -4.711307e-01 1.826786e-01 9.454644e-01 -1.487219e-01 1.358530e+00 5.580789e-01 6.012545e-01 -6.496532e-02 1.849278e+00 5.384222e-02 -4.085893e-01 -2.761500e-01 -4.074767e-02 1.194301e-01 2.317678e-01 1.152491e-01 2.082883e-01 -1.493111e-01 -3.802518e-01 1.183257e-01 -1.229507e-01 -3.645442e-01 5.141991e-01 -7.444726e-01 -1.276193e-02 -5.833071e-03 
1.134111e+01 -6.120429e+00 1.163522e+01 -1.865219e+01 -6.691025e+00 -6.654826e+00 9.507226e+00 -1.308241e+01 3.591835e+00 2.335140e+00 -4.729160e+00 -3.123863e-01 8.672220e-01 -2.111426e-01 3.527249e-01 9.366238e-01 8.338705e-02 9.615856e-01 -4.977601e-02 1.220132e+00 -1.118363e+00 1.204859e+00 8.871226e-01 -1.729852e+00 6.328618e-01 -4.503771e-02 1.375124e-02 3.367226e-01 2.698441e-01 3.993531e-01 -3.534096e-01 -6.302654e-02 -8.472738e-02 -2.337999e-01 -4.277290e-01 6.552644e-01 -3.262503e-01 -7.691933e-03 -1.583966e-03 
1.094285e+01 -4.912742e+00 1.250922e+01 -1.840954e+01 -5.667912e+00 -4.990468e+00 9.786507e+00 -1.216973e+01 6.394760e+00 1.834502e+00 -5.819961e+00 -1.537168e+00 8.199645e-01 2.321104e-01 4.989648e-01 1.175158e+00 8.282456e-01 -1.805914e-01 1.882356e-01 2.736767e-01 -9.647990e-01 6.665847e-02 1.929964e+00 -1.651563e+00 -2.803753e-02 -4.263055e-02 -1.212280e-01 3.914103e-01 4.455829e-01 4.366907e-01 -5.889078e-01 -7.706141e-02 -1.611969e-01 -5.624912e-01 -3.817240e-01 5.715692e-01 5.422295e-02 -1.353028e-01 4.730041e-04 
1.149335e+01 -4.411087e+00 1.300773e+01 -1.630773e+01 -7.086356e+00 -5.686314e+00 1.211518e+01 -1.546432e+01 5.238723e+00 5.957656e+00 -8.695364e+00 1.953163e+00 7.738312e-01 -6.651167e-01 1.285233e+00 1.891082e+00 1.385608e+00 -3.170121e-01 5.404673e-01 1.668313e-01 -1.599647e+00 3.366754e-01 2.090792e+00 -8.512144e-01 -3.120349e-01 -3.828414e-02 -8.764778e-02 6.055419e-01 3.449554e-01 6.404293e-01 -4.796689e-01 3.205738e-02 -6.495740e-01 -1.451090e-01 -2.834879e-01 -2.300168e-01 6.931067e-02 -4.739403e-01 -1.458631e-03 
1.200661e+01 -3.574996e+00 1.594313e+01 -1.433810e+01 -8.392594e+00 -4.137405e+00 8.188904e+00 -1.459744e+01 3.436483e+00 9.101032e+00 -7.723705e+00 -8.008291e-01 7.535052e-01 -8.503918e-01 1.673462e+00 2.696055e+00 1.383498e+00 -9.467646e-01 -1.223919e-01 3.220480e-01 -2.636603e+00 3.747384e-01 2.310023e+00 -5.768054e-01 -4.802318e-01 -4.176240e-02 1.314795e-01 8.874744e-01 -3.478171e-01 8.193218e-01 -1.887001e-02 -9.286226e-02 -1.125133e+00 6.270941e-01 -4.303233e-01 -1.270789e+00 -1.034528e-01 -5.189007e-01 -6.570336e-03 
7.483886e+00 -3.632900e-01 1.937353e+01 -1.375985e+01 -6.913826e+00 -4.379336e+00 1.114020e+01 -1.986663e+01 6.754666e+00 9.155322e+00 -8.033137e+00 -2.240718e+00 7.090234e-01 -1.081189e-01 2.793151e+00 1.900727e+00 3.007809e+00 -1.053622e+00 2.657011e-01 -2.051973e+00 -1.008059e+00 -3.667988e-01 -4.529459e-01 -1.920418e+00 -1.510658e+00 -5.276091e-02 3.312487e-01 5.056536e-01 -1.411534e+00 1.224748e+00 8.619374e-01 -1.489553e-01 -1.654507e+00 1.777255e+00 -8.767098e-01 -2.021785e+00 2.968194e-01 -1.934643e-01 -1.302632e-02 
8.696104e+00 1.430405e+00 2.280686e+01 -1.276548e+01 -1.048788e+01 -6.256073e+00 1.188461e+01 -2.315152e+01 7.510507e+00 1.178604e+01 -9.035528e+00 -1.841314e+00 6.435480e-01 6.108689e-01 4.182299e+00 -5.688425e-01 4.113792e+00 9.317388e-02 -1.388549e-01 -4.242611e+00 1.874857e+00 -1.733262e+00 -3.152169e+00 -1.634107e+00 -2.023284e+00 -6.824113e-02 -2.689150e-01 -6.778567e-01 -2.353060e+00 1.092903e+00 1.812881e+00 2.128719e-03 -1.264756e+00 2.477285e+00 -7.463624e-01 -1.838972e+00 1.254383e+00 5.483336e-01 -2.847940e-02 
1.260800e+01 7.051911e+00 1.908005e+01 -2.055100e+00 -1.130670e+01 -3.298134e+00 7.359925e-03 -1.622830e+01 1.368091e+00 2.350807e+00 -1.764195e+01 -5.079792e+00 5.650020e-01 2.604210e-01 2.559142e+00 -3.534286e+00 6.144143e+00 3.472589e+00 -1.962840e-01 -5.823404e+00 5.030900e+00 -2.993033e+00 -5.287092e+00 1.161559e+00 -5.077509e-01 -9.017050e-02 -1.196519e+00 -1.931353e+00 -2.078550e+00 -7.746552e-02 1.895635e+00 -7.431950e-02 2.883377e-01 1.704967e+00 2.152452e-01 -2.524862e-01 2.100489e+00 1.532535e+00 -3.890925e-02 
1.249913e+01 1.362879e+01 1.324614e+01 3.781631e-01 -5.730248e+00 -5.371489e+00 -7.457464e+00 -7.042781e+00 -2.536634e+00 -3.257133e+00 -1.108999e+01 -9.497542e+00 4.843304e-01 -2.378995e+00 -1.598753e+00 -6.351691e+00 5.279914e+00 5.854563e+00 1.191931e-01 -4.116019e+00 6.730319e+00 -2.043995e+00 -4.467553e+00 4.154006e+00 1.759935e+00 -1.654519e-01 -1.500452e+00 -2.367663e+00 -9.756010e-01 -1.079473e+00 4.294570e-01 3.113141e-01 1.496876e+00 2.768200e-01 9.506905e-01 1.494011e+00 1.446230e+00 1.631495e+00 -2.117556e-02 
6.884847e+00 6.333244e+00 6.482590e+00 1.038898e+01 8.070518e+00 -5.802551e+00 -8.305649e+00 -2.766549e+00 -3.186711e+00 -9.758497e+00 -1.198267e+00 -9.514889e-01 3.377793e-01 -4.595595e+00 -3.973123e+00 -5.600405e+00 2.037473e+00 5.543844e+00 -2.349529e-01 -6.736967e-01 5.088846e+00 8.648289e-01 -1.057707e+00 5.687920e+00 4.260433e+00 -1.987012e-01 -7.691282e-01 -1.378814e+00 -3.078056e-02 -1.494062e+00 -2.006666e+00 4.394869e-01 1.966412e+00 -8.073263e-01 9.166768e-01 2.334753e+00 -2.815238e-01 4.498514e-01 2.286866e-02 
-3.375569e-01 -6.203667e+00 -2.652836e+00 7.411547e+00 9.096045e+00 -4.407706e+00 -4.539203e+00 3.769293e+00 -4.322124e-01 -4.497432e+00 3.512679e+00 4.893996e+00 -7.011147e-02 -4.463255e+00 -4.389867e+00 -4.413520e+00 7.697663e-01 1.204864e+00 1.437127e+00 6.669232e-01 3.229796e+00 1.091131e+00 2.203143e+00 3.333821e+00 3.750118e+00 -1.198456e-01 8.362026e-01 2.514375e-01 6.954745e-01 -6.739560e-01 -2.912197e+00 3.053191e-01 1.364436e+00 -1.273284e+00 4.834745e-02 1.571125e+00 -1.595289e+00 -7.564253e-01 8.312535e-02 
-3.951587e+00 -2.897576e+00 -9.727848e-01 4.615335e+00 8.999524e+00 -4.954611e+00 -4.819818e+00 3.810240e+00 4.640172e+00 -2.317801e+00 3.496260e+00 9.026539e+00 -1.512926e-01 -2.542995e+00 -2.939503e+00 -4.657198e+00 9.289266e-01 -4.235951e+00 1.342305e+00 1.617052e+00 2.744680e+00 2.294365e-02 3.051310e+00 1.640329e-01 7.463507e-01 1.363484e-03 2.038769e+00 7.958811e-01 6.337204e-01 1.330203e-01 -2.089420e+00 -3.941821e-02 2.665130e-01 -9.554706e-01 -5.099961e-01 -1.598165e-01 -1.807651e+00 -1.503006e+00 1.008861e-01 
-4.398863e+00 -3.705054e+00 -5.093832e+00 7.113649e+00 -1.706899e-01 1.389965e+00 -5.865200e+00 5.817703e+00 -9.943471e-01 4.037817e+00 3.232296e+00 4.263939e+00 1.296352e-01 7.757068e-01 -8.583974e-01 -3.345902e+00 2.464312e+00 -3.816527e+00 8.572206e-01 1.560721e+00 1.535963e+00 -1.381352e+00 1.333473e+00 -1.060426e+00 -2.651423e-01 1.501337e-01 2.117517e+00 7.977685e-01 8.482726e-01 6.422606e-02 -4.850904e-02 -7.516181e-01 -3.654655e-01 -7.022901e-01 1.211598e-01 -1.430867e+00 -1.013428e+00 -1.024179e+00 6.251141e-02 
-3.799824e+00 -9.613062e+00 -1.558244e+01 1.518219e+01 -8.475842e+00 -1.989974e+00 4.427969e-01 9.932843e+00 -2.791163e+00 1.230385e+00 -2.379746e-01 3.095407e+00 2.447398e-01 2.978738e+00 -1.759381e+00 -2.965598e+00 1.855252e+00 -2.392578e+00 -1.421730e-01 2.119880e-01 1.158598e+00 -4.488074e-01 -1.421989e+00 -1.153263e+00 -1.247025e+00 1.707383e-01 8.970420e-01 7.041388e-01 1.520440e+00 -6.083074e-01 1.398228e+00 -6.484944e-01 -4.225966e-01 -6.508943e-01 8.104272e-01 -1.230969e+00 8.380205e-02 -9.000501e-04 5.073539e-03 
3.465470e+00 -7.137859e+00 -1.207764e+01 1.444958e+01 -1.248498e+00 -1.603830e+00 6.333214e-01 8.387646e+00 -3.623324e+00 3.959894e-01 7.819343e-02 6.534011e+00 4.825560e-01 3.363359e+00 -9.910336e-01 -1.017943e+00 6.276372e-01 4.051486e-02 -1.578666e+00 -4.578627e-01 5.114582e-01 1.933016e+00 -2.714598e+00 -1.074577e+00 -3.740080e-01 1.080225e-01 -9.894406e-01 5.071934e-01 1.494744e+00 -1.143754e+00 8.915030e-01 -2.985986e-01 -4.853697e-02 -2.881885e-01 7.632116e-01 -6.080080e-01 5.432920e-01 4.198140e-01 -4.713221e-02 
7.010216e+00 -9.978340e+00 -1.230962e+01 1.022377e+01 -2.424837e+00 -4.168533e+00 -7.009014e+00 8.318144e+00 3.710383e+00 -7.606558e+00 -6.926503e-01 1.656366e+00 5.259486e-01 6.483930e-01 6.476899e-01 1.780977e+00 -1.194418e+00 8.265507e-01 -6.822616e-01 5.133902e-01 2.398502e-03 2.417917e+00 -1.079338e+00 5.902596e-01 7.963254e-01 4.779850e-02 -2.197472e+00 5.900942e-01 1.238024e+00 -9.102454e-01 1.224289e-01 3.688942e-01 6.761000e-01 -3.920951e-02 -2.614078e-01 9.798332e-02 6.391259e-01 5.915722e-01 -5.469655e-02 
7.013044e+00 -8.477836e+00 -1.182048e+01 1.273137e+01 -2.993501e+00 -5.414043e+00 -4.428759e+00 9.182334e+00 5.419644e+00 -5.116852e+00 -1.913539e+00 3.113215e+00 5.291284e-01 -3.006183e+00 4.741119e-01 1.754616e+00 -1.729775e+00 -9.687829e-01 -3.655083e-01 1.167474e+00 6.731633e-01 1.001395e+00 -1.878009e+00 7.845279e-01 8.123966e-01 -2.404978e-02 -2.081192e+00 3.131289e-01 4.900267e-01 -5.376440e-01 -6.255897e-01 7.082872e-01 8.393160e-01 1.485895e-01 -9.144132e-01 3.406928e-01 2.783920e-01 9.930413e-02 -3.538758e-02 
-2.331212e+00 -5.704985e+00 -6.806102e+00 1.006888e+01 -3.470873e+00 -3.496328e+00 5.540913e+00 9.547621e+00 4.776541e+00 -1.409803e+00 3.708863e+00 8.787123e+00 4.604205e-01 -4.823754e+00 4.582845e-01 1.838200e+00 -1.517260e+00 -1.276114e+00 1.095743e+00 2.779953e+00 8.816400e-01 -1.289885e+00 -1.350481e+00 1.113025e+00 1.117639e+00 -3.670568e-02 -6.730625e-01 2.784631e-03 -5.184047e-01 -1.303947e-01 -5.638173e-01 4.151815e-01 1.816451e-01 9.034474e-02 -6.615011e-01 3.894208e-01 -2.506327e-01 -6.106868e-01 -1.008463e-02 
-6.894467e+00 -6.903754e+00 -6.056288e+00 5.878173e+00 -5.569381e+00 -3.767811e+00 1.955488e-01 1.113861e+01 8.505085e-01 -1.209225e+01 1.800067e+00 7.030933e+00 3.950680e-01 -4.306458e+00 6.692727e-01 1.403566e+00 -1.899185e+00 -2.036129e+00 1.073792e+00 2.605296e+00 8.149146e-01 -7.851463e-01 -8.757572e-01 5.585621e-02 -3.827464e-02 -2.666552e-02 6.583593e-01 2.291353e-01 -7.829112e-01 5.761561e-02 1.451717e-01 3.125224e-01 -3.719853e-01 -4.490522e-01 -3.397722e-02 1.133703e+00 -3.216583e-01 -9.083338e-01 1.089302e-02 
-1.015501e+01 -8.473747e+00 -6.000638e+00 6.063521e+00 -7.517076e+00 4.868621e-01 4.578614e+00 1.174850e+01 -4.546823e-01 -1.087127e+01 3.015483e+00 5.285768e+00 4.094561e-01 -2.066741e+00 5.638440e-01 -6.353878e-01 -1.761577e+00 -1.458881e+00 6.738304e-01 7.027425e-01 3.832754e-01 3.681444e-03 3.667200e-01 -2.986935e-01 -1.831751e+00 -1.319904e-03 1.201239e+00 3.374180e-01 -6.413739e-01 2.779943e-01 7.960566e-01 1.718019e-01 -9.334062e-01 -7.888515e-01 2.604430e-01 1.257085e+00 -1.806209e-01 -6.371368e-01 1.369954e-02 
-1.060794e+01 -3.747045e+00 -5.205718e+00 5.238493e+00 -1.115066e+01 -2.036469e+00 9.078796e+00 1.215635e+01 4.109805e+00 -4.764511e+00 -1.287939e+00 4.672953e+00 4.212793e-01 -1.092790e+00 1.567117e+00 -9.231077e-01 -1.319365e+00 -1.514904e-01 1.408157e+00 3.460806e-01 -1.322849e+00 1.847693e-01 2.932088e+00 -1.180464e-01 -2.254445e+00 1.272842e-02 9.100791e-01 1.026730e-01 -1.711799e-01 6.262055e-01 1.259350e+00 6.424348e-01 -8.517982e-01 -8.059450e-01 -3.550319e-01 7.325778e-01 1.008577e-01 -3.084173e-02 8.359284e-03 
-1.080872e+01 -4.463854e+00 -1.040872e+01 1.580597e+00 -7.974340e+00 -9.930927e-01 4.612648e+00 1.095489e+01 3.165295e+00 -3.240008e+00 3.758962e+00 8.072445e-01 4.407269e-01 -4.243932e-01 1.696614e+00 -2.055760e-01 -4.171543e-01 1.761787e+00 1.787572e+00 -7.575811e-01 -1.993773e+00 -4.725679e-01 3.030952e+00 2.966749e-01 -9.599452e-01 1.210267e-02 4.098000e-01 -7.683794e-02 4.851151e-01 8.073318e-01 8.476314e-01 6.818440e-01 -1.865025e-01 -4.112967e-01 -6.289287e-01 1.422163e-02 2.357528e-01 6.267273e-01 4.828343e-04 
-1.203131e+01 -1.072667e+00 -8.467994e+00 1.522772e+00 -6.098633e+00 4.012984e+00 1.908935e+00 4.921187e+00 -3.589001e-02 -1.247296e+00 8.380913e-01 -2.002432e+00 4.430635e-01 -5.773372e-01 6.164275e-01 3.327335e-01 5.596625e-01 2.650215e+00 3.729058e+00 -9.235131e-01 -2.026178e+00 -2.322086e+00 1.455112e+00 2.624234e-01 -6.282847e-01 8.415834e-03 2.660636e-01 -3.961726e-01 3.825110e-01 6.093830e-01 7.628302e-02 -1.179577e-01 2.120340e-01 3.675828e-01 -3.357367e-02 -5.822812e-01 3.361786e-01 4.697487e-01 -4.129988e-03 
-1.156518e+01 -1.327582e+00 -5.397272e+00 5.835322e+00 -1.234020e+00 6.400376e+00 4.376077e+00 5.396923e+00 -7.448538e-01 2.524609e+00 3.436058e+00 3.823266e+00 4.590678e-01 -2.756371e-01 6.550150e-01 1.162138e+00 1.335569e+00 1.378393e+00 2.922498e+00 4.048609e-01 -1.321731e+00 -1.887706e+00 1.176334e+00 6.897080e-01 4.887716e-01 3.257640e-03 2.118744e-01 -4.278131e-01 -1.796853e-01 3.486654e-02 -6.063684e-01 -9.132515e-01 2.713199e-01 6.346913e-01 1.137074e+00 -6.462991e-01 2.243733e-02 1.096354e-01 -5.663500e-03 
-1.311674e+01 -2.233162e+00 -6.047501e+00 5.909151e+00 -1.269813e+00 1.291241e+01 4.579615e+00 4.804274e+00 -5.545662e+00 -3.713632e-01 1.855474e-01 2.370083e-02 4.542015e-01 1.632604e-01 1.072042e-01 3.054081e-01 8.511551e-01 4.215998e-01 2.508971e-01 8.252015e-01 1.791088e-01 7.243417e-01 9.478150e-01 1.366407e+00 -6.300460e-01 -3.495929e-03 1.798086e-01 -3.969674e-01 -5.343972e-01 -5.573842e-01 -8.194906e-01 -1.617458e+00 -1.774411e-01 6.200150e-01 1.902671e+00 -4.825649e-01 -5.703375e-01 -8.493764e-02 -5.395627e-03 
-1.164389e+01 -6.085435e-01 -5.808498e+00 6.065586e+00 -3.496612e+00 9.169972e+00 5.302006e+00 4.405044e+00 -3.518336e+00 2.203968e+00 7.534033e+00 2.238088e+00 4.514433e-01 2.646089e-01 -1.877608e-01 -1.090435e+00 -3.886682e-01 -1.558016e-01 -1.039598e+00 -2.752457e-01 7.694566e-02 3.689453e+00 5.307879e-02 -1.431730e-01 -4.108836e-01 -1.026077e-02 6.451659e-02 -5.366421e-01 -5.230168e-01 -7.684171e-01 -4.096063e-01 -8.500481e-01 -6.907924e-01 2.343451e-01 1.109978e+00 -5.143412e-01 -1.003767e+00 -2.473210e-01 -3.871945e-03 
-1.117588e+01 -8.969021e-01 -6.734635e+00 5.663398e+00 -2.859579e+00 3.882956e+00 5.571944e+00 6.312296e+00 4.972571e+00 3.652319e+00 5.621448e+00 -4.359848e+00 4.293781e-01 5.169337e-02 -9.472139e-01 -1.213078e+00 -1.365184e+00 -6.802361e-01 -2.377185e+00 -1.470752e+00 3.744958e-01 4.402731e+00 -3.960706e-01 -2.172874e+00 -6.029671e-01 -1.180541e-02 1.044178e-01 -4.008417e-01 2.030586e-01 -3.877008e-01 -9.751614e-02 2.527231e-02 -7.405749e-01 -2.820877e-01 -5.651097e-01 -4.095061e-01 -7.868733e-01 9.614734e-02 -1.402107e-03 
-1.121264e+01 -2.935107e+00 -1.050538e+01 4.014892e+00 -1.218737e+00 5.717139e+00 2.503531e+00 5.027325e+00 1.244342e+01 7.782082e-01 2.414149e-03 3.960641e+00 4.201550e-01 1.029539e-01 -1.501042e+00 -6.938962e-01 -1.398342e+00 -1.186940e-01 -1.365950e-02 -1.900889e+00 -2.477416e-01 1.822980e+00 -7.234535e-01 -2.559295e+00 -7.614773e-01 -1.195198e-02 3.891910e-01 -6.640703e-02 8.234751e-01 2.785870e-01 2.169217e-01 4.385109e-01 -3.164012e-01 -6.871534e-01 -1.875387e+00 4.420299e-02 3.314078e-01 8.763357e-02 7.875705e-04 
-1.307385e+01 -5.805687e+00 -9.763765e+00 1.086610e-01 -5.809877e+00 2.752895e+00 -1.375027e+00 6.365634e+00 8.487172e+00 -1.638989e+00 -6.913288e+00 -3.852466e+00 4.108264e-01 7.661582e-01 -1.240478e+00 1.122436e+00 -5.824942e-01 -8.466578e-02 -1.355368e-01 -2.064678e+00 -1.069037e+00 -1.168084e+00 -7.116204e-01 -1.359962e+00 2.612011e-02 -9.657575e-03 6.022606e-01 2.249132e-01 6.707968e-01 6.274364e-01 4.692203e-01 5.864347e-01 2.995540e-01 -8.404199e-01 -1.712582e+00 3.613008e-01 1.284380e+00 1.992692e-01 1.792709e-03 
-1.017999e+01 -5.658907e+00 -7.762700e+00 1.851131e+00 -2.614659e+00 9.666837e+00 -7.293794e-01 3.139468e+00 3.839391e+00 1.232207e+00 1.004806e+00 -1.822658e+00 4.009709e-01 1.853351e+00 -3.732421e-01 1.859256e+00 6.131681e-01 6.310041e-01 3.215614e-02 -1.560147e+00 -2.637082e+00 -2.902028e+00 4.319929e-01 1.107339e+00 -2.872677e-01 -7.391352e-03 4.042033e-01 2.053429e-01 9.290754e-03 3.443268e-01 3.603482e-01 4.014370e-02 7.432318e-01 -1.988645e-01 -4.885501e-01 5.344083e-01 8.759378e-01 -9.048594e-02 1.677204e-03 
-7.861601e+00 -5.737314e+00 -2.493501e+00 3.832643e+00 -2.585301e+00 1.229992e+00 -3.135127e+00 1.911607e+00 3.434159e+00 -1.327042e-01 -1.679465e+00 -1.337608e+00 3.906761e-01 2.187885e+00 -3.865842e-01 8.646135e-01 7.662997e-01 1.290935e+00 5.320444e-01 -1.432962e-01 -2.632931e+00 -1.797739e+00 8.326648e-01 2.415642e+00 1.562305e-01 -5.113855e-03 -4.168901e-02 2.514108e-04 -8.133990e-01 -2.243087e-01 8.948852e-02 1.188691e-01 9.149014e-01 4.532233e-01 2.730108e-01 2.872448e-01 6.740235e-02 -4.579172e-01 2.542821e-04 
-4.552511e+00 -4.835450e+00 -4.844284e+00 5.218874e+00 3.239757e-01 6.639549e+00 -4.417414e+00 -5.930756e+00 4.596098e-01 2.185021e+00 2.922022e+00 1.266573e+00 3.932586e-01 1.412946e+00 -9.011706e-01 -5.185317e-01 -3.511389e-01 9.953059e-01 -1.466397e-01 8.544385e-01 -4.600493e-01 -3.048599e-01 1.176334e+00 -6.739642e-02 -1.278947e+00 -5.835438e-03 -3.591206e-01 -3.039558e-02 -7.790179e-01 -6.622852e-01 -4.969828e-01 3.786652e-02 8.200880e-01 9.409366e-01 1.883048e-02 -2.975580e-01 -7.605145e-01 -5.080911e-01 -1.586423e-03 
-4.948414e+00 -8.150830e+00 -6.900414e+00 2.256417e+00 -8.242114e-01 6.927187e+00 -2.475626e-01 -2.263875e+00 1.188332e+00 2.048020e+00 4.206059e+00 -4.615658e+00 3.890950e-01 7.778845e-01 -9.753370e-01 -1.755567e+00 -1.222000e+00 1.803230e-01 5.482522e-01 1.302485e+00 1.083928e-01 -1.101531e+00 3.525966e-01 -4.356996e-01 -1.767687e+00 -9.172761e-03 -1.827917e-01 3.065723e-01 4.019789e-03 -5.161715e-01 -8.136215e-01 1.834202e-01 5.396814e-01 7.024900e-01 -2.629067e-01 -6.555395e-01 -9.479483e-01 -2.107788e-01 -2.842232e-03 
-4.571364e+00 -8.958309e+00 -8.151666e+00 8.836085e-01 1.481413e+00 6.084763e+00 2.099126e+00 2.926115e+00 3.438033e+00 6.023970e+00 -2.275174e+00 -6.578192e+00 3.725636e-01 7.626404e-01 -2.307956e-01 -7.258829e-01 -1.704304e+00 -1.298595e+00 2.135044e-01 1.817425e+00 6.971078e-01 -3.156128e+00 -8.158281e-01 -1.269506e+00 -1.865655e+00 -1.329932e-02 2.768619e-01 6.593356e-01 1.002388e+00 6.249366e-02 -6.968261e-01 2.472277e-01 2.053484e-01 1.567046e-01 -1.687637e-01 -5.863363e-01 -2.944646e-01 4.443031e-01 -1.266942e-03 
-3.962427e+00 -8.552526e+00 -9.617317e+00 -1.097286e-01 -2.261959e+00 4.248610e+00 1.188051e-01 -1.975093e+00 -3.562888e+00 -2.893811e-01 -1.259311e+00 -6.253694e+00 3.551539e-01 1.599058e+00 8.110652e-01 9.883812e-01 -1.138048e+00 -1.630100e+00 1.269051e+00 2.073518e+00 3.009064e-01 -1.686548e+00 -1.449091e+00 -1.723108e+00 -6.042880e-01 -1.559936e-02 5.687463e-01 7.667242e-01 1.572252e+00 4.826447e-01 -1.730076e-01 -2.149470e-01 -1.746233e-01 1.063448e-01 5.993693e-01 -1.679933e-01 -2.690004e-01 9.642169e-01 3.589178e-03 
-1.232109e+00 -5.788594e+00 -7.114814e+00 -2.119636e+00 -5.449937e+00 9.046248e+00 4.486855e+00 -2.589832e+00 -1.294523e+01 -7.258903e-01 -6.930713e-01 -7.242734e+00 3.437523e-01 2.386896e+00 1.502238e+00 3.121527e+00 -8.074710e-02 -1.583446e+00 7.289623e-01 1.495664e+00 2.273170e-01 -8.559666e-01 -8.543812e-01 -8.960456e-01 3.608628e-01 -8.958541e-03 5.194294e-01 5.481222e-01 1.063783e+00 7.260917e-01 4.039263e-01 -9.419719e-01 -4.050815e-01 1.597550e-01 1.234042e+00 4.048025e-02 -2.434168e-01 1.195715e+00 8.022600e-03 
1.377552e+00 -5.680459e+00 -2.477099e+00 -1.932223e+00 -5.509056e+00 1.179142e+01 8.925643e+00 1.998888e+00 9.469740e-01 -1.822629e+00 -5.200676e+00 -7.304921e+00 3.254993e-01 2.809544e+00 1.991579e+00 4.182072e+00 3.795520e-01 -5.421217e-01 -7.843578e-01 5.903863e-01 8.749355e-01 7.452187e-01 -4.682145e-01 -1.967497e+00 1.940241e+00 6.600601e-03 1.575535e-01 1.168292e-01 5.816697e-02 6.387426e-01 6.350228e-01 -1.457033e+00 -6.103447e-01 -1.672674e-01 2.333474e-01 9.206681e-02 1.701540e-01 8.320143e-01 9.369337e-03 
4.692769e+00 -2.882712e+00 3.885188e+00 1.391635e+00 -4.812100e+00 5.958282e+00 5.173878e+00 2.075394e+00 -3.096832e+00 2.518780e+00 -4.784311e+00 -4.248478e+00 3.426104e-01 2.754766e+00 1.919506e+00 2.996313e+00 1.167366e+00 1.769356e-01 -3.469614e+00 5.334429e-01 1.208722e+00 1.798296e+00 -1.104022e+00 -2.364497e+00 2.840666e+00 1.571623e-02 -1.973431e-01 -3.202257e-01 -8.347225e-01 3.716804e-01 6.474946e-01 -7.949775e-01 -5.917798e-01 -6.997578e-01 -3.806287e-01 9.678672e-02 7.302487e-01 4.075695e-01 5.066166e-03 
7.123332e+00 -4.743331e-02 5.792527e+00 3.276673e-02 -5.291484e+00 1.871069e+00 2.727089e+00 6.739121e-02 -4.761153e+00 -4.252578e+00 -9.051526e+00 1.950336e+00 3.887261e-01 2.203129e+00 1.186606e+00 1.341843e+00 1.431578e+00 6.647243e-01 -3.916667e+00 -4.973557e-01 -1.026097e+00 -1.847105e+00 -8.639240e-01 -1.380154e-01 2.315821e+00 1.891262e-02 -3.655074e-01 -5.039090e-01 -9.918332e-01 1.934717e-01 3.996712e-01 3.504444e-01 -4.499466e-01 -9.007942e-01 -6.649025e-01 4.646733e-01 1.316344e+00 -2.683663e-01 -1.104743e-03 
9.668895e+00 9.922928e-01 3.731711e+00 2.734499e+00 -4.674157e+00 -3.341871e+00 1.025398e+01 4.419590e+00 -1.099723e+00 -5.031226e+00 -1.058985e+01 2.333063e+00 3.907288e-01 1.703255e+00 3.035423e-01 3.679349e-01 1.251769e+00 1.050736e+00 -1.679741e+00 -9.195331e-01 -2.321174e+00 -1.463130e+00 -1.723866e-01 1.840507e+00 2.210919e+00 1.021979e-02 -4.102152e-01 -4.065539e-01 -4.260430e-01 -3.297035e-02 1.117178e-01 9.464617e-01 -5.787402e-01 -3.965053e-01 -5.567505e-01 5.996227e-01 1.012204e+00 -7.003683e-01 -4.577262e-03 
9.905023e+00 -1.684686e+00 4.308716e+00 4.554412e+00 -2.253916e+00 -3.142100e+00 3.899266e+00 -4.303665e+00 -9.287287e+00 -2.367354e+00 -2.987921e+00 9.836267e-01 3.960167e-01 1.507761e+00 2.799974e-01 5.371914e-01 1.304672e+00 1.019480e+00 7.286698e-02 -9.326975e-01 -1.863994e+00 -9.485867e-01 1.389457e+00 2.511519e+00 9.132267e-01 3.827015e-03 -3.700506e-01 -7.753333e-02 -7.600292e-03 -6.260340e-02 -1.313369e-01 6.151086e-01 1.013079e-01 9.964187e-01 6.119948e-01 1.772245e-01 -5.829802e-03 -6.416329e-01 -5.348933e-03 
1.181808e+01 -5.464869e-01 6.466774e+00 5.389249e+00 -1.077577e+00 6.643829e-02 -9.990820e-03 -7.344493e+00 -8.149458e+00 7.140799e-01 1.386228e+00 7.289854e+00 3.900788e-01 1.051442e+00 3.400368e-01 1.268225e+00 1.066082e+00 5.583285e-01 -7.320335e-01 -2.142286e+00 -3.548532e-01 -1.434871e+00 7.673918e-01 1.371697e+00 4.020990e-02 3.769441e-04 -4.058037e-01 1.976935e-01 1.617895e-02 1.518031e-01 -1.006633e-02 -7.097343e-02 8.026835e-01 1.794118e+00 9.027254e-01 -3.432280e-01 -6.799473e-01 -7.747442e-01 -4.373286e-03 
1.358692e+01 2.122317e+00 7.111145e+00 5.228684e+00 -1.992507e+00 5.313868e-01 3.195226e+00 -3.370512e+00 -5.979176e+00 -1.778854e-01 -2.481883e+00 4.038373e+00 4.081737e-01 6.787137e-01 7.807184e-01 8.536833e-01 1.211376e+00 2.543844e-01 -1.315002e+00 6.205418e-01 2.972951e+00 1.198746e+00 -4.477292e-01 6.736156e-02 1.931062e-01 -2.915280e-03 -4.307584e-01 3.319542e-01 -3.466192e-01 2.018678e-02 2.269725e-01 -2.134599e-01 8.506979e-01 1.247930e+00 7.874247e-01 -6.643810e-01 -7.964150e-01 -4.899634e-01 -4.594465e-03 
1.308497e+01 7.886580e-01 8.671695e+00 7.727515e+00 -2.013420e+00 -8.838508e+00 -1.057536e-01 2.178838e+00 -9.928066e+00 -2.288651e+00 -3.984418e+00 1.006805e+00 3.865125e-01 8.871488e-02 1.041543e+00 2.904595e-01 2.057518e+00 1.383012e+00 -1.340526e+00 2.317364e+00 4.231154e+00 1.976731e+00 -9.701676e-01 -3.370446e-01 -1.302834e+00 -8.270782e-03 -3.874333e-01 4.053679e-01 -6.604812e-01 -2.728613e-01 4.438363e-01 4.288445e-01 6.260412e-01 8.326559e-02 4.445782e-01 -4.920047e-01 -7.422661e-01 -2.520084e-01 -7.138030e-03 
1.266503e+01 1.551173e+00 7.474336e+00 9.442106e+00 -5.137385e-01 -5.264709e+00 7.050094e+00 5.799385e+00 -2.404526e+00 -3.104829e+00 3.398885e-02 5.090730e+00 3.832098e-01 -1.647401e-01 1.588962e+00 -7.070767e-01 9.099360e-01 1.741771e+00 -6.900464e-01 1.090937e+00 2.082855e+00 1.282830e+00 -1.063560e+00 -6.160823e-01 -8.650593e-01 -1.482141e-02 -2.859685e-01 2.498481e-01 -5.521868e-01 -7.278426e-01 3.051785e-01 4.474802e-01 -7.941698e-01 -1.153054e+00 -2.831996e-01 -2.614607e-01 -7.753041e-01 -2.925684e-01 -7.781908e-03 
1.272253e+01 4.946819e+00 7.737942e+00 1.356982e+01 5.098102e+00 -3.738259e+00 9.649369e+00 9.226513e+00 -5.332355e-02 -2.673421e+00 -1.556955e+00 2.495491e-01 3.611972e-01 -4.640950e-01 1.962671e+00 -1.253905e+00 -1.475161e-01 2.033705e+00 1.099827e+00 7.526445e-01 5.066693e-01 7.459108e-01 -1.384708e+00 -1.997913e+00 -6.908082e-01 -2.936018e-02 -4.287419e-02 6.333355e-02 -2.491662e-01 -9.400153e-01 -1.961173e-01 4.183881e-01 -1.345756e+00 -1.209687e+00 -4.388555e-01 -1.909280e-01 -2.731152e-01 8.619867e-02 -3.124850e-03 
1.294452e+01 7.987962e+00 4.042766e+00 6.856538e+00 3.160862e+00 -5.469207e+00 3.771804e+00 3.519841e+00 -4.502749e+00 -5.303771e+00 -6.775622e+00 9.154011e-02 3.467389e-01 -4.748161e-01 1.569472e+00 -1.134960e+00 -1.325243e+00 1.455225e+00 -2.978697e-01 -2.567831e+00 -9.299997e-01 3.982683e-01 -1.547827e+00 -2.978645e+00 -1.575713e+00 -3.128253e-02 1.117922e-01 -7.301328e-02 3.023684e-01 -4.173338e-01 -3.354354e-01 3.787930e-01 -8.224039e-01 -2.802460e-01 -2.532967e-02 9.618842e-02 6.110974e-01 1.417295e-01 4.051198e-03 
1.062425e+01 7.384118e+00 4.117748e+00 8.282524e+00 6.317874e+00 -3.237454e+00 5.296334e+00 5.851646e+00 -5.148952e+00 -8.112660e+00 -1.056880e+01 5.253252e-02 2.579333e-01 2.924594e-02 1.368032e+00 -7.413138e-01 -1.525097e+00 5.460106e-01 5.552713e-01 -2.582067e+00 -3.109550e-01 2.247931e-01 -1.682572e+00 -5.212623e-01 -5.166671e-01 -1.566701e-02 1.098828e-01 -1.273533e-01 6.059879e-01 4.512414e-02 -5.410745e-01 1.048342e-01 -2.071117e-01 2.778345e-02 3.710164e-01 7.570415e-01 1.538069e+00 2.650356e-01 9.615093e-03 
1.133970e+01 8.180078e+00 3.609280e+00 5.459465e+00 6.151779e+00 -7.004325e+00 -3.612272e+00 2.836679e+00 2.134779e+00 -8.123956e+00 -1.035325e+01 -2.689023e+00 2.784350e-01 1.476813e-01 1.521205e+00 5.482823e-01 -4.878420e-01 8.086898e-01 1.476306e+00 -1.353803e+00 1.090436e+00 1.416743e+00 -4.339875e-01 1.701252e+00 -2.434572e-01 -1.410102e-03 -1.751538e-01 -1.649046e-01 6.461191e-01 5.353004e-01 -3.314737e-01 4.133690e-01 7.984843e-01 1.480715e-01 5.538833e-01 1.190542e+00 1.525962e+00 3.786801e-01 2.603700e-03 
1.367129e+01 1.169055e+01 4.248379e+00 6.642795e+00 6.332352e+00 -1.944057e-01 4.307848e-01 8.013738e+00 -2.248399e+00 -9.675786e+00 -2.374529e+00 -9.432916e-01 3.170140e-01 -2.262192e-01 1.350112e+00 9.343735e-01 -3.405885e-01 -3.485767e-01 7.370024e-01 -8.898368e-01 -3.644310e-01 2.091612e+00 1.843569e+00 3.352467e+00 -3.178013e-02 3.776278e-03 -5.656059e-01 -3.594658e-01 4.401322e-01 4.867478e-01 -6.266827e-02 -2.008541e-02 7.024001e-01 -1.196701e-01 3.849101e-01 1.208756e+00 4.634404e-01 1.140358e-01 -1.011167e-02 
1.215979e+01 1.344039e+01 6.719250e+00 5.236945e+00 7.197413e+00 3.907202e-01 -5.645473e-01 7.890898e+00 1.130220e+00 -6.691638e+00 -2.366530e+00 -6.278390e-01 3.101626e-01 -1.222785e+00 7.540343e-01 1.257777e+00 7.590652e-01 2.449920e-01 1.678074e+00 5.785996e-01 -1.628184e-01 2.234060e+00 2.641732e+00 2.714252e+00 7.532431e-02 -2.798467e-02 -5.059516e-01 -5.422053e-01 -1.294315e-01 -1.884299e-01 -1.609759e-01 -3.973074e-01 2.842490e-01 -4.002463e-01 -5.071712e-01 4.817581e-01 -3.721694e-01 1.730582e-01 -1.835429e-02 
9.083524e+00 1.150438e+01 7.234747e+00 6.691326e+00 4.052467e+00 -3.250063e+00 -6.769935e-01 1.502141e+00 5.811318e+00 3.890664e-01 2.200434e+00 -1.137199e+00 2.609550e-01 -2.113646e+00 -4.570672e-02 1.104755e+00 2.850505e-01 5.144460e-01 3.540142e-01 -3.629761e-02 -2.827005e-01 1.740740e+00 2.823427e+00 1.289573e+00 -1.058616e-01 -5.293003e-02 -4.531040e-02 -4.112229e-01 -4.366448e-01 -7.198645e-01 -3.310261e-02 -2.038400e-01 -1.419137e-01 -1.942027e-01 -9.600145e-01 -2.358668e-01 -1.017543e+00 2.761801e-01 -1.509804e-02 
7.519706e+00 1.204356e+01 8.405159e+00 9.230945e+00 8.516924e+00 2.913657e+00 -1.651465e-01 5.278393e+00 9.275167e+00 5.202886e-02 9.302894e-01 -2.215561e+00 1.665277e-01 -1.438213e+00 -4.920129e-01 -1.838765e-01 -1.742888e+00 -4.278732e-01 -3.187993e-01 -3.594363e-01 -9.517094e-01 -9.437423e-01 1.484758e+00 8.719420e-01 6.589499e-01 -6.483052e-02 4.424584e-01 -2.335995e-01 -5.839922e-01 -8.968422e-01 -3.828285e-01 -3.697024e-01 -3.445248e-01 -4.800738e-01 -1.045914e+00 -6.041523e-01 -1.019928e+00 2.594395e-01 1.879282e-04 
5.423305e+00 1.216024e+01 8.928857e+00 6.071265e+00 8.244255e+00 3.142795e-01 4.940211e-02 7.906522e+00 2.382723e+00 1.069700e+00 2.424825e+00 -6.784357e-01 1.241716e-01 -3.451571e-01 -8.285531e-02 -5.281760e-01 -2.688807e+00 -1.775119e-01 7.162003e-01 -1.130469e+00 -9.410142e-01 -1.119409e+00 1.242752e+00 -8.141857e-01 1.057207e+00 -5.329646e-02 6.514457e-01 -7.291393e-02 -5.171468e-01 -1.097427e-01 -4.578064e-01 -1.707511e-01 -1.718606e-01 -4.273543e-01 -5.948573e-01 -8.878119e-01 -7.640926e-01 -1.415686e-01 1.187358e-02 
6.799068e+00 1.065193e+01 4.952501e+00 -3.167699e+00 2.962192e+00 -2.985673e+00 -2.724715e+00 -6.945685e-02 -1.874160e+00 3.919813e-01 1.881319e+00 2.437649e+00 5.440957e-02 1.052992e-01 -3.953482e-01 -8.456323e-01 -2.238305e+00 -1.323230e+00 -3.514701e-01 -5.968537e-01 -2.234016e+00 -1.565439e+00 4.113804e-01 -1.333645e+00 7.910417e-01 -2.685719e-02 2.969442e-01 -2.344164e-02 -6.797680e-02 1.010615e+00 8.728760e-02 -7.566722e-02 1.496539e-01 1.027764e-01 1.502556e-02 -9.360082e-01 -4.513055e-01 -7.077820e-01 1.644217e-02 
7.718129e+00 1.178568e+01 6.319740e+00 -5.532196e-01 5.942250e+00 3.280493e+00 -5.049047e+00 -5.284905e-01 5.789236e+00 6.432787e+00 -2.346323e+00 1.822290e+00 5.054464e-02 3.719881e-01 -4.585269e-01 -1.150069e+00 -1.593747e-02 -1.326926e+00 -4.834294e-01 -7.770215e-01 -1.778273e+00 -9.228653e-01 -1.078701e+00 -1.427936e+00 -8.795894e-01 -1.254955e-02 -1.379522e-01 -1.621727e-01 1.697557e-01 1.244898e+00 4.398747e-01 -2.691346e-01 3.733713e-01 6.871806e-01 8.484012e-02 -8.553709e-01 -9.993427e-04 -9.878275e-01 1.122970e-02 
6.899458e+00 1.025433e+01 5.481472e+00 1.351881e+00 3.051875e+00 -3.267978e-01 -6.005835e-01 -1.673920e+00 -2.551652e-01 -5.724927e-01 -3.352503e+00 4.895306e-01 6.906117e-02 -3.121560e-01 -4.212475e-01 -2.128092e-01 1.973869e+00 5.831183e-01 -9.737834e-02 2.121411e-01 -1.931116e-02 -9.669262e-01 -2.034384e+00 -1.077751e+00 -1.911557e+00 -2.988566e-03 -2.936721e-01 1.927539e-02 5.123684e-01 7.589616e-01 7.891604e-01 -6.502488e-02 1.113086e-01 9.806489e-01 2.953215e-01 -2.679755e-01 4.659451e-01 -5.165570e-01 3.653075e-03 
7.232677e+00 1.006630e+01 2.913945e+00 3.731966e+00 1.565466e+00 -3.432496e+00 -4.897896e+00 -1.825989e-01 -3.040657e+00 -3.841939e+00 -2.097935e+00 -4.102341e+00 5.409335e-02 -8.261017e-01 -8.808959e-01 4.025498e-03 1.429619e+00 1.068597e+00 -7.566642e-01 3.318447e-01 1.387667e+00 -9.944930e-01 -1.811209e+00 -9.470922e-01 -2.530517e+00 -9.082563e-03 -8.336796e-02 1.424097e-01 4.787660e-01 -2.279558e-01 3.797162e-01 -1.939877e-01 1.014121e-02 4.082735e-01 2.556004e-01 3.263336e-01 6.481906e-01 4.625742e-01 1.519921e-03 
5.480805e+00 9.405230e+00 5.591600e+00 4.559059e+00 8.066899e+00 -1.163889e-01 -1.740060e+00 -3.388428e-01 -2.293727e+00 -4.642449e+00 -3.631624e+00 -4.158026e+00 3.768496e-02 -7.639524e-01 -8.782589e-02 1.139153e+00 8.338223e-01 1.424893e+00 -5.400928e-01 -5.948637e-01 1.086285e+00 -5.318243e-02 -5.622432e-01 7.555662e-01 -9.663296e-01 -1.032279e-02 3.461293e-01 2.121478e-01 -1.808232e-02 -7.129805e-01 -4.996972e-01 -7.134522e-02 -1.393721e-01 -2.141739e-01 3.037384e-01 3.890219e-01 5.757933e-01 8.984504e-01 5.714959e-03 
4.296866e+00 7.806252e+00 6.285178e+00 4.991192e+00 8.777930e+00 -6.077370e-01 -2.819810e+00 5.741736e+00 1.836084e+00 -5.881603e-01 -6.941916e+00 -8.506806e+00 2.080224e-02 1.810174e-01 8.666781e-02 5.677315e-01 -5.858101e-01 1.509140e-01 -1.232049e+00 -3.226986e-01 -2.895646e-01 -1.017416e-01 -1.830746e-01 8.962752e-01 9.605595e-01 -1.280443e-03 5.513636e-01 3.540081e-01 -1.886100e-01 -4.044776e-01 -7.415781e-01 5.324795e-01 2.309303e-01 -6.718440e-01 6.316359e-02 1.048305e-01 3.407706e-01 8.919933e-01 1.112403e-02 
4.547133e+00 1.094512e+01 9.491803e+00 4.891548e+00 6.569631e+00 -4.439622e+00 -4.613277e+00 7.947332e-01 -2.959688e+00 -5.010458e+00 2.847505e+00 -2.139807e+00 3.408355e-02 9.149143e-01 1.557328e-01 -5.852377e-01 -5.832478e-01 -1.456572e+00 -2.164480e-01 -1.573789e-01 -2.517323e-01 1.052982e-01 -9.032405e-01 8.796123e-01 8.349622e-01 2.168620e-02 3.726643e-01 1.689837e-01 -4.024435e-01 -1.135722e-01 -3.480540e-01 8.260035e-01 5.568097e-01 -3.718146e-01 -4.124117e-02 6.128772e-02 -1.725105e-01 2.111311e-01 1.294999e-02 
8.604670e+00 9.729633e+00 3.802592e+00 6.368231e-01 3.067962e+00 -7.431447e+00 -5.074740e+00 -2.197067e+00 -3.216542e+00 -4.572855e+00 -8.559967e-01 -3.084290e-01 4.950814e-02 1.091311e+00 7.673764e-01 -7.682540e-02 1.157919e-01 -1.198512e+00 1.743926e+00 1.267738e+00 -1.302576e+00 -7.579255e-01 -1.116364e+00 6.948656e-01 1.028807e+00 3.053124e-02 2.689525e-03 2.429438e-01 4.007798e-02 1.452838e-01 3.419338e-01 8.339968e-01 3.919362e-01 1.240139e-01 2.701683e-02 2.177093e-01 4.050682e-02 -6.322275e-02 7.700660e-03 
7.901470e+00 9.222033e+00 3.906862e+00 3.819735e+00 3.638637e+00 2.213476e+00 -1.399051e+00 2.372257e+00 7.590792e-01 -7.166405e+00 -2.276858e+00 -4.082272e+00 1.317784e-01 6.440375e-01 4.166885e-01 -5.506792e-01 -8.481655e-02 3.592405e-01 2.101900e+00 1.394177e+00 -2.662586e-01 6.873465e-02 2.108537e-01 -6.299087e-03 5.518031e-02 3.851939e-02 -1.864789e-01 1.936702e-01 3.191396e-01 -1.724204e-02 6.246051e-01 -1.808707e-02 -5.621707e-02 3.334532e-01 1.439894e-01 6.388445e-01 7.044375e-02 5.807454e-02 -1.800230e-03 
8.076327e+00 1.250471e+01 8.693369e+00 6.106373e+00 4.250333e+00 4.785272e+00 1.911938e+00 -1.559700e+00 -3.812769e+00 -5.092075e+00 -9.056743e-01 -2.391660e+00 1.246108e-01 3.299410e-01 1.170779e+00 7.509721e-01 -1.086303e-01 9.526552e-01 1.778638e+00 8.611737e-01 3.377809e-01 5.166395e-02 3.483977e-01 1.541765e+00 1.034421e+00 2.880620e-02 -2.319109e-01 -5.041298e-02 1.054859e-01 -2.322412e-01 3.317362e-01 -5.604744e-01 -5.107796e-01 5.302882e-01 5.404507e-01 5.367350e-01 -2.528988e-01 -9.703867e-02 -9.347368e-03 
8.031552e+00 1.164112e+01 4.292900e+00 1.732385e+00 7.774926e+00 -3.837213e-02 -1.136121e+00 -8.555250e-01 -2.317746e+00 -3.696558e+00 2.840769e+00 -8.220289e-01 1.891200e-01 3.632771e-01 9.223801e-01 5.966642e-01 -5.573240e-01 5.906630e-01 -3.242870e-01 -2.351404e-01 5.952640e-01 4.206448e-01 1.558429e+00 8.081998e-01 1.122482e+00 1.355148e-02 -1.922731e-01 -1.359961e-01 9.057143e-02 -7.500370e-02 -1.424882e-01 -3.512990e-01 -3.743612e-01 1.590643e-01 4.612392e-01 9.233272e-02 -6.872824e-01 -2.720492e-01 -1.516685e-02 
1.018922e+01 1.437384e+01 7.364207e+00 1.137622e+00 5.763286e+00 2.587799e+00 -9.002175e-01 1.106143e+00 -1.419725e+00 -4.565568e+00 4.294048e+00 3.233630e+00 1.648587e-01 7.229810e-02 2.624696e-01 -1.229570e-01 -8.090265e-01 3.443050e-01 1.547991e-01 -4.714863e-01 9.180356e-01 1.768307e+00 8.936117e-01 -9.769797e-01 9.828789e-03 -3.721424e-03 -2.145941e-01 -3.489852e-01 -2.347309e-01 2.077945e-02 -1.852594e-01 -6.321243e-02 -9.621990e-02 -1.920732e-01 3.049491e-01 -1.693893e-01 -9.997117e-01 -6.288622e-01 -1.275353e-02 
8.661698e+00 1.289935e+01 7.554004e+00 3.517191e+00 5.835676e+00 1.691000e+00 -1.169154e+00 4.016050e+00 1.665623e+00 3.624678e-01 -8.357890e-01 -1.282488e+00 1.794225e-01 -1.883601e-01 1.907885e-01 3.393237e-01 -1.096854e-01 -4.878990e-02 1.157256e+00 1.885677e-01 2.389700e-01 1.516514e+00 3.998018e-01 -2.183321e+00 -7.927390e-01 -2.105634e-02 -2.199933e-01 -2.732370e-01 -1.951987e-01 1.238113e-01 -4.872913e-02 2.659099e-01 1.446811e-01 -3.441886e-01 4.754035e-02 -3.767992e-01 -6.522168e-01 -5.711790e-01 -7.634455e-03 
8.122516e+00 1.318808e+01 6.447443e+00 1.168599e+00 6.941636e+00 4.694646e+00 -4.287444e-01 5.948489e-01 3.036674e+00 -2.653745e+00 -3.952423e+00 -2.112671e+00 1.108551e-01 -4.671103e-01 -2.082972e-01 -2.939816e-01 -2.286035e-01 3.463067e-01 7.218156e-01 1.683620e-01 -4.444056e-01 1.028385e+00 8.068939e-02 -1.960885e+00 -1.152249e+00 -1.765700e-02 -1.357794e-01 -1.340589e-01 -9.750618e-02 1.042079e-01 3.989451e-02 6.983999e-02 1.259505e-01 -3.407929e-01 -1.967818e-01 -1.944513e-01 -1.745381e-01 -2.683663e-01 -2.446566e-03 
