-9.145494e-01 -2.712412e+00 1.620567e+00 3.314052e+00 9.028488e+00 4.816254e+00 1.763466e+00 7.014920e+00 1.080859e+00 -2.321507e+00 -1.207373e+00 1.048534e+00 -1.512926e-01 -1.441189e-01 -1.376870e+00 -2.119935e-01 4.836397e-01 -1.112156e+00 -2.493041e+00 -1.551850e-01 -1.467011e+00 -6.687305e-01 4.477946e-01 -1.505450e+00 1.286381e+00 1.399030e-06 -1.741224e-01 2.938281e-01 7.724007e-02 -1.461940e-01 -7.205419e-04 4.750331e-01 -2.900202e-02 -1.774972e-02 2.323639e-01 4.890996e-01 2.120216e-01 -6.611503e-01 -5.748022e-07 
6.864305e-01 -2.232759e+00 8.116102e-01 4.570988e+00 6.767958e+00 5.752190e-01 1.656530e+00 3.062984e+00 -3.679254e+00 -7.306767e+00 -8.117402e+00 6.429430e+00 -1.512926e-01 -7.516709e-01 -1.401867e+00 -2.104157e-01 3.549876e-01 -1.407953e+00 -1.828159e+00 -3.173226e-02 -2.100228e+00 -3.511333e-02 2.090810e+00 -1.677680e+00 -4.479546e-01 1.399030e-06 -5.586379e-02 5.494267e-01 1.087578e-01 -3.687305e-01 1.285434e-01 9.230951e-01 -1.457642e-01 1.825226e-01 3.668895e-01 5.867002e-01 7.302794e-01 -8.361171e-01 -5.748022e-07 
-2.436130e+00 -9.837041e+00 9.655567e-01 5.104574e+00 4.598587e+00 -5.528856e+00 1.040861e+00 1.655850e+00 1.175091e-01 2.410507e+00 -5.279769e+00 4.789814e+00 -1.512926e-01 -7.110998e-01 1.048552e-01 1.733792e-01 -1.828612e-01 -9.677871e-01 -4.504367e-01 -3.619567e-01 -1.239318e+00 1.763859e-01 2.071934e+00 -3.592917e-01 -1.152043e+00 1.399030e-06 2.038859e-01 7.261704e-01 3.174052e-01 -3.488674e-01 1.733246e-01 1.163367e+00 -1.411994e-01 4.838927e-01 1.541653e-01 -1.104589e-01 6.976744e-01 -6.121542e-01 -5.748022e-07 
-3.912445e+00 -6.159429e+00 8.963862e-01 4.194105e+00 4.203737e+00 8.481687e-01 1.966396e+00 -8.066348e-01 1.386802e+00 5.766603e+00 -7.559282e+00 -3.062382e+00 -1.512926e-01 -1.400618e-01 6.293634e-01 1.393255e-01 -1.026778e+00 -5.417402e-01 1.101085e+00 -7.806633e-01 -6.682417e-01 7.432216e-01 2.569352e+00 1.572831e+00 -1.674996e+00 1.399030e-06 4.309121e-01 3.945625e-01 3.187920e-01 -2.994149e-01 -2.498259e-02 5.704623e-01 -1.371752e-01 5.714066e-01 -8.049051e-02 -9.095845e-01 4.801124e-01 2.610057e-01 -5.748022e-07 
-2.170475e+00 -2.247001e-01 2.445130e+00 2.588057e+00 5.471764e+00 2.427944e+00 -2.011075e-01 2.753002e+00 -5.705979e-01 1.501018e+00 -3.282451e+00 3.375947e-02 -1.512926e-01 5.695940e-01 1.238345e+00 1.200382e+00 -5.696476e-01 -6.786965e-01 1.859270e+00 -4.867003e-01 2.363965e-01 -2.869751e-01 -3.436455e-01 3.577328e-01 -1.160807e+00 1.399030e-06 3.244735e-01 -3.124123e-01 1.080644e-01 -8.385098e-02 -2.411354e-01 -3.987454e-01 8.890133e-02 2.163621e-01 -2.635532e-01 -1.035298e+00 7.223424e-02 7.059793e-01 -5.748022e-07 
-1.468953e-01 -3.892054e+00 7.685896e-01 6.957101e-01 3.622985e+00 2.101833e+00 -1.625994e+00 -8.265713e-01 3.805777e-01 5.994572e+00 -1.251897e+00 4.327602e-01 -1.512926e-01 7.624757e-01 4.435830e-03 8.701006e-01 -9.485489e-01 -1.677454e+00 -1.306713e-01 -6.553330e-01 1.898263e-02 -2.058098e-01 -1.249306e+00 3.644587e-01 8.614739e-01 1.399030e-06 4.271415e-02 -5.535299e-01 -1.293902e-01 1.800522e-01 -1.545139e-01 -1.108734e+00 1.829598e-01 1.290421e-02 -4.446384e-01 -8.762076e-01 7.898943e-02 8.734999e-01 -5.748022e-07 
-1.470718e+00 -4.779145e+00 7.031469e+00 4.005664e+00 1.495608e+00 3.140470e+00 4.036174e-01 2.848183e+00 -8.146113e-01 5.786524e-01 -6.644969e+00 -2.761836e+00 -1.512926e-01 4.602211e-01 -1.144856e+00 3.483813e-01 -6.410288e-01 -1.605622e+00 -1.828290e+00 1.978462e-02 -5.011536e-01 -6.669692e-01 -1.195342e+00 6.061091e-01 1.109570e+00 1.399030e-06 -5.149678e-02 -4.569058e-01 -5.913771e-01 1.613024e-01 2.715758e-01 -9.354984e-01 -3.086397e-02 -3.670842e-01 -6.646869e-02 -1.096020e-01 3.005145e-01 8.568448e-01 -5.748022e-07 
-4.500241e-01 -3.860050e+00 2.953786e+00 -1.258128e+00 -2.195805e+00 -1.615070e-01 -1.612862e+00 -7.584013e-01 4.795592e-01 -1.845323e-02 -4.055667e+00 2.642810e+00 -1.512926e-01 1.280454e-01 -9.467471e-01 -8.156370e-02 -9.072971e-02 -8.509507e-01 -2.598889e+00 -1.190410e-01 -2.349482e-01 -1.289872e+00 -1.385912e+00 1.843667e+00 1.557499e+00 1.399030e-06 1.942344e-02 3.304419e-02 -4.461434e-01 3.344450e-01 6.811566e-01 6.060456e-02 -2.654694e-01 -2.902691e-01 3.148170e-01 1.198737e-01 -1.795991e-01 3.967581e-01 -5.748022e-07 
2.816404e-01 -5.964532e+00 3.094657e+00 3.591606e-01 3.535646e-01 -5.581621e+00 -1.091793e-01 2.133444e-01 -3.955026e+00 -1.469248e+00 1.149901e+00 4.476313e+00 -1.512926e-01 6.290982e-01 -5.706412e-01 -1.280676e+00 -1.921989e-01 2.658781e-01 -1.584186e+00 -9.090448e-01 -1.472075e+00 -7.709029e-02 -8.232768e-01 1.120637e+00 2.775425e+00 1.399030e-06 1.504337e-01 3.944993e-01 -2.991447e-01 -7.090192e-02 4.420117e-01 9.142261e-01 -5.708289e-01 -1.820788e-01 7.011362e-01 3.034462e-01 -7.315428e-01 -8.126136e-02 -5.748022e-07 
-3.828683e-01 -8.032907e+00 2.328721e+00 2.065050e+00 -6.074634e-02 -6.531390e+00 -1.964628e+00 -6.844431e-01 -4.498630e+00 8.885409e-02 4.068744e+00 4.601109e+00 -1.512926e-01 7.751542e-01 -1.173891e-01 -5.460884e-01 4.989950e-01 7.925243e-01 5.044636e-02 -1.518211e+00 -9.468752e-01 1.073166e+00 -8.358604e-01 -7.907075e-01 2.012205e+00 1.399030e-06 8.859685e-02 4.072097e-01 -1.256081e-01 -4.358782e-01 2.005275e-01 1.089362e+00 -3.916014e-01 3.544385e-02 4.263324e-01 1.419481e-01 -1.135728e+00 -4.698808e-01 -5.748022e-07 
1.641453e+00 -5.546015e+00 9.406722e-01 1.383355e+00 1.756793e+00 -1.595683e+00 -3.965785e+00 -4.549560e+00 1.288879e+00 -3.592025e+00 -5.103867e+00 1.013616e+01 -1.512926e-01 8.887532e-01 4.131528e-01 -9.151574e-01 -1.290514e+00 -2.169986e-01 1.418368e+00 -2.134654e+00 -1.055812e+00 1.657321e+00 4.681120e-02 -1.734489e+00 4.759492e-01 1.399030e-06 -1.546746e-01 1.511052e-01 1.581776e-01 -3.014657e-01 5.041022e-02 4.255620e-01 -5.723156e-02 4.031106e-01 -4.726222e-01 7.193029e-02 -4.761968e-01 -8.601745e-01 -5.748022e-07 
2.745999e+00 -4.656052e+00 1.300443e+00 7.248027e-01 1.064909e+00 -1.902355e+00 -7.275512e+00 -3.111556e+00 3.223518e+00 -3.136565e+00 -4.882500e+00 9.874481e+00 -1.512926e-01 4.414570e-01 5.974705e-01 -8.924111e-01 -1.721084e+00 3.933039e-01 1.346757e+00 -1.464113e+00 -2.659416e-01 -2.542634e-02 -1.111249e+00 -2.407315e+00 3.579195e-01 1.399030e-06 -2.907506e-01 -1.454069e-01 1.782229e-01 2.583525e-02 2.168358e-01 -1.866934e-01 4.841749e-01 2.926964e-01 -7.862555e-01 2.162095e-01 2.277837e-01 -5.937808e-01 -5.748022e-07 
3.161178e+00 -5.587457e+00 -9.674205e-01 -5.423010e+00 -1.294973e+00 -8.046050e-01 -8.126943e+00 -3.851781e+00 4.700316e-01 3.773915e-01 -3.046661e+00 4.219380e+00 -1.512926e-01 2.256059e-02 -1.724115e-01 -3.165214e-01 -5.893604e-01 7.176925e-01 -1.044053e-01 -1.222253e+00 2.031017e-01 -1.891052e+00 -3.261009e-01 -4.520124e-01 -6.982711e-01 1.399030e-06 -1.475710e-01 -1.627335e-01 4.396940e-01 7.477605e-01 2.881516e-01 -3.686826e-01 8.755444e-01 3.400597e-01 -2.835672e-01 2.917357e-01 6.020660e-01 -1.377918e-01 6.639127e-03 
1.064136e+00 -5.024921e+00 -1.179150e+00 -3.136590e+00 3.431449e+00 -1.936421e-01 -7.204846e+00 -2.362971e+00 -4.215977e+00 -7.451750e+00 -8.996598e+00 9.348958e+00 -1.512926e-01 -2.455467e-01 -5.513905e-01 4.584203e-02 2.773813e-01 1.409533e+00 -1.217853e-01 4.464712e-01 -1.126625e-01 -1.083950e+00 4.315810e-01 -2.929940e-01 -3.696577e-01 1.399030e-06 2.116883e-01 -1.139787e-01 3.320925e-01 7.751235e-01 -1.888684e-01 -1.026098e-01 1.072911e+00 5.287917e-01 4.192616e-01 6.512913e-01 5.902669e-01 -2.958833e-01 1.672906e-02 
2.594991e+00 -6.223848e+00 5.981940e-01 3.670950e-01 4.161743e+00 -2.972333e+00 -1.011278e+01 -3.908375e+00 -4.446757e+00 -3.064550e+00 -5.307048e+00 6.907454e+00 -1.512926e-01 4.941994e-01 1.736691e-01 8.142208e-01 1.448946e+00 7.155746e-01 3.091858e-01 1.287874e+00 5.679643e-01 7.687600e-01 7.340730e-01 2.186517e-01 1.506079e-01 3.319694e-02 3.106156e-01 8.331655e-02 -5.248693e-02 5.292084e-01 -5.709121e-01 2.689131e-01 1.170393e+00 9.693667e-01 4.680983e-01 1.748353e-01 -1.044923e-02 -2.754389e-01 2.292267e-02 
1.800994e+00 -7.095347e+00 7.470792e-01 -7.827272e-01 5.384191e+00 -1.427073e+00 -4.050209e+00 -3.646627e+00 2.625408e-01 7.422364e-01 -5.217059e+00 6.682044e+00 -1.512926e-01 1.264036e+00 -1.454031e-01 2.026996e-01 1.135615e+00 -5.498587e-01 6.268604e-01 2.645151e+00 2.195577e+00 7.410200e-01 1.615172e+00 2.085629e-01 -1.546098e+00 6.704056e-02 -1.767426e-01 1.941687e-01 4.250753e-02 2.439187e-01 -8.434090e-01 -4.262165e-01 8.011265e-01 1.096550e+00 -4.040111e-01 -1.050321e-01 3.591945e-01 -6.388112e-01 1.685190e-02 
5.264157e+00 -3.683617e+00 2.141033e+00 6.447979e-01 1.306633e+00 1.357966e+00 -3.264755e+00 -3.699602e-01 2.074379e+00 -4.945312e-02 -3.843080e+00 6.305930e+00 1.470619e-02 8.207966e-01 4.106952e-02 -6.574534e-01 1.627606e+00 -1.157161e+00 8.659984e-01 3.530443e+00 3.895609e+00 -4.632489e-01 -4.357341e-02 -7.550364e-01 -1.487317e+00 8.108693e-02 -9.461513e-01 1.323242e-01 2.377914e-01 -1.017219e-01 -5.212517e-01 -1.079996e+00 1.631390e-01 2.926964e-01 -1.280075e+00 2.806712e-02 8.785783e-01 -8.853775e-01 -8.073384e-03 
6.049991e+00 -7.021902e+00 -9.374747e-01 2.402261e+00 2.110161e+00 7.755672e-01 2.597074e+00 6.845781e+00 -3.771354e+00 -8.835887e-01 -8.685556e+00 1.919081e+00 1.009117e-01 -1.292619e+00 4.855582e-01 9.942192e-01 1.407860e+00 -1.871240e+00 -2.531329e+00 3.330830e+00 3.706120e+00 -2.487977e+00 2.950966e-01 1.989954e+00 -2.744743e+00 6.032096e-02 -1.017712e+00 3.757815e-01 3.684639e-01 -4.484757e-01 7.500483e-03 -1.075158e+00 -1.006825e+00 -1.044836e+00 -7.691777e-01 8.196781e-02 1.339057e+00 -4.777237e-01 -3.455892e-02 
4.574419e+00 -6.054800e+00 -1.846813e+00 6.912949e+00 1.299998e-02 2.562488e-01 4.215510e+00 1.032310e+01 -4.746349e+00 -2.469829e+00 -7.347949e+00 1.852581e+00 1.280541e-01 -2.958062e+00 5.198933e-01 1.607318e+00 8.040250e-01 -1.230051e+00 -3.511664e+00 1.760680e+00 1.276209e+00 -4.017200e+00 1.534346e+00 3.720782e+00 -3.676827e+00 -3.798419e-03 -3.572456e-01 3.241812e-01 2.255625e-01 -9.328061e-01 3.914825e-01 -3.165623e-01 -1.794489e+00 -1.731244e+00 4.939847e-01 -3.089313e-02 9.982802e-01 -1.305217e-01 -4.465316e-02 
-4.317605e+00 -3.481744e+00 7.712208e+00 3.122304e+00 -3.325045e+00 -1.353247e+01 8.863511e+00 9.537858e+00 -8.767011e+00 3.428258e+00 6.485279e+00 -4.814703e+00 9.362105e-02 -1.934994e+00 1.494062e+00 9.125691e-01 -6.949797e-01 -4.759095e-01 -2.560078e+00 -1.504247e+00 -1.718948e+00 -1.327886e+00 1.235968e+00 4.665885e+00 -2.839984e+00 -6.331299e-02 6.823353e-01 -2.075043e-01 -3.570743e-01 -9.184507e-01 6.518149e-01 1.488356e+00 -1.633701e+00 -1.288866e+00 1.513503e+00 -8.322221e-01 -6.548039e-01 8.099196e-01 -3.252887e-02 
-4.342464e+00 -2.853969e+00 5.853041e+00 4.305186e+00 -2.126155e+00 -9.046653e+00 2.405400e+00 4.665624e+00 -1.551364e+01 5.466620e+00 7.175717e+00 -8.711006e+00 -6.481239e-04 -6.441575e-01 1.157750e+00 5.111556e-01 -1.984821e+00 1.026248e-01 -7.026423e-01 -3.024523e+00 -2.048060e+00 1.426595e+00 -6.685219e-01 2.898185e+00 -2.092307e+00 -8.036101e-02 9.754489e-01 -6.687453e-01 -2.348485e-01 -5.977123e-01 4.984895e-01 2.030292e+00 -3.367040e-01 1.904857e-03 1.681465e+00 -1.143426e+00 -1.449484e+00 1.429023e+00 -5.338628e-03 
8.333570e-01 -1.152002e+00 -2.246815e-01 2.308883e-01 8.001395e-01 -7.373646e+00 -4.018941e+00 1.079619e+00 -5.027414e+00 1.327896e+00 7.381720e+00 -6.998844e+00 -1.512926e-01 9.619502e-01 -8.708938e-01 -2.430232e-01 -1.789768e+00 7.215753e-01 3.505925e+00 -2.444928e+00 -1.076065e+00 2.357720e+00 -2.764549e+00 -8.727389e-01 5.126436e-01 -6.404976e-02 4.739999e-01 -6.286539e-01 2.139010e-01 3.561244e-01 4.287110e-01 1.511853e+00 1.000535e+00 9.860761e-01 5.803328e-01 -2.124254e-01 -1.612239e+00 1.404261e+00 1.865136e-02 
-1.221759e+00 -1.431013e+00 4.677565e+00 -1.565585e+00 -1.536185e+00 -6.336596e+00 -4.465762e+00 4.311911e+00 5.166111e-01 -4.762391e+00 6.694731e+00 -7.517026e+00 -1.512926e-01 4.707020e-01 -1.641207e+00 1.010786e+00 -1.637045e+00 6.635101e-01 3.606807e+00 5.476273e-01 9.641271e-01 2.547350e+00 -2.182555e+00 -7.573184e-01 1.792039e+00 -3.013109e-02 1.232418e-01 2.773236e-01 3.244652e-01 9.644377e-01 -3.331039e-01 3.394627e-01 1.363735e+00 2.558516e-01 -4.035916e-01 8.357614e-01 -9.622549e-01 1.058865e+00 2.955806e-02 
-1.068525e+00 -8.547436e+00 7.084612e+00 -2.891286e+00 -1.260638e-02 2.641781e+00 7.436438e-02 4.334420e+00 -4.993538e+00 -5.279850e+00 2.361774e+00 -2.848632e+00 -1.512926e-01 -1.223120e-01 -2.497014e-01 1.732226e+00 9.117193e-01 1.387296e+00 2.844441e+00 1.712214e+00 1.705360e+00 1.013577e+00 9.309348e-01 -1.567544e+00 2.239149e+00 4.824508e-03 2.379044e-02 1.157058e+00 -8.362645e-02 8.675248e-01 -9.284933e-01 -8.841843e-01 8.712800e-01 -8.701090e-01 -5.068378e-01 9.325867e-01 -3.018229e-01 3.131490e-02 3.293502e-02 
-1.038101e+00 -7.362459e+00 7.252477e+00 -2.319350e+00 1.597522e+00 3.979949e+00 3.096738e+00 7.858686e+00 -2.794242e+00 -2.142184e+00 5.899252e+00 -1.826085e+00 -1.512926e-01 5.141469e-01 2.233775e+00 1.145949e+00 1.486504e+00 -1.895772e+00 1.325588e+00 1.715500e+00 -2.159452e+00 8.069023e-02 1.662602e+00 -1.565622e+00 2.338832e+00 3.299228e-02 1.259202e-01 5.289383e-01 -1.288108e+00 2.758519e-01 -8.352548e-01 -1.046016e+00 -6.221678e-02 -1.489198e+00 -3.736904e-01 2.575020e-01 -3.459568e-01 -8.890786e-01 3.349964e-02 
1.298905e-01 5.651473e-01 7.149565e+00 5.166727e+00 6.169281e+00 1.690821e+00 7.610116e-01 7.832319e+00 1.695391e+00 4.672069e+00 -5.820988e-02 1.351671e+00 -1.271543e-01 1.058983e+00 2.976793e+00 -7.288479e-01 9.860055e-01 -2.641089e+00 2.256835e-01 1.327539e+00 -3.864855e+00 1.056728e+00 -2.409293e-02 -1.977701e+00 3.957825e-01 6.906668e-02 -6.622816e-02 -8.930422e-01 -1.987613e+00 -6.254854e-01 -4.525427e-01 -9.988490e-01 -6.118519e-01 -6.403248e-01 6.272383e-02 -2.283386e-01 2.868690e-01 -1.064310e+00 3.008605e-02 
7.491339e-01 5.181960e+00 1.037527e+01 1.837598e+00 -1.410584e+01 7.664425e-01 3.768376e+00 -8.233961e+00 -2.424252e+00 -1.425848e+00 7.661690e-02 2.077127e+00 1.582995e-03 5.097517e-01 -6.098608e-01 -4.199306e+00 -2.949131e-01 -1.498493e+00 -3.138797e-01 4.287512e-01 -3.696693e+00 6.572129e-01 -4.174535e-01 -2.282166e+00 -1.731791e+00 1.052570e-01 -5.078782e-01 -1.562961e+00 -1.660648e+00 -5.090023e-01 1.018085e+00 -6.714988e-01 -8.586501e-01 1.376222e+00 3.102493e-02 1.919317e-01 9.004201e-01 -6.043113e-01 1.897462e-02 
3.332592e+00 6.456871e-02 1.879113e+00 -3.954141e-02 -5.366385e+00 5.376832e+00 6.375822e+00 -6.943231e+00 1.053348e-01 -5.758679e+00 -4.615355e+00 -2.821427e+00 1.176012e-01 -4.512759e-01 -3.292883e+00 -5.533188e+00 -1.324753e+00 -1.074211e+00 -1.329890e+00 -7.036814e-01 -7.276201e-01 1.038822e+00 8.291765e-01 2.250172e-01 -1.047101e+00 1.191260e-01 -7.984299e-01 -6.381392e-01 -1.403584e-01 8.395959e-02 9.567949e-01 -1.718924e-01 -6.690317e-01 1.833266e+00 -3.485830e-01 7.974882e-01 1.217373e+00 3.537985e-01 2.721251e-03 
-9.087033e-02 -1.016201e+01 -1.110933e+01 -1.190686e+00 -1.273229e-01 5.676811e-01 2.433229e+00 -3.236964e+00 1.287291e+00 9.864202e-01 -3.232910e+00 -8.398369e+00 2.526102e-01 -1.270136e+00 -2.446142e+00 -4.755079e+00 9.685338e-02 2.411291e+00 -1.254097e+00 -1.562335e+00 3.153149e+00 2.449287e-01 2.195593e+00 1.835019e+00 3.888870e-02 1.028353e-01 -5.861933e-01 1.275309e+00 1.609128e+00 7.870765e-01 4.224283e-01 6.017345e-01 -9.128720e-02 9.151513e-01 -4.097037e-01 5.432042e-01 7.577505e-01 1.037495e+00 -1.325843e-02 
-1.706691e+00 -8.227393e+00 -9.774424e+00 5.699341e-02 -6.190397e+00 -4.859177e+00 -2.090013e+00 1.695723e+00 5.033769e+00 7.611813e+00 2.721730e+00 1.353830e+00 3.429442e-01 -2.043353e+00 7.042111e-01 -1.152745e+00 1.209902e+00 1.878695e-01 -1.636017e-01 -1.022053e+00 1.876437e+00 -4.801278e-01 2.656833e+00 2.050607e+00 1.279486e+00 8.388393e-02 -2.434705e-01 1.992591e+00 1.950465e+00 1.063636e+00 3.521820e-01 1.023362e+00 4.750454e-01 -3.503748e-01 -3.142475e-01 -1.486504e-01 -2.387295e-01 5.630890e-01 -2.166958e-02 
-3.081345e+00 -2.902796e+00 -7.573622e+00 2.273988e+00 -1.637074e+00 -3.860557e-01 1.897436e-01 3.212186e+00 -3.664433e+00 2.866921e+00 5.583507e+00 1.836006e-01 4.030790e-01 -1.625301e+00 3.768224e+00 1.656098e+00 2.372958e+00 -1.756489e-02 2.111476e+00 1.315023e-01 -4.230565e-01 -6.318906e-01 1.384673e+00 5.939786e-01 2.292321e+00 5.658254e-02 -1.504682e-02 1.126452e+00 1.080261e+00 3.948544e-01 6.451295e-02 5.915983e-01 6.026188e-01 -1.151704e+00 3.060547e-02 -4.811128e-01 -8.655207e-01 -3.477684e-02 -2.285055e-02 
-5.388760e+00 -4.416354e-02 -5.652032e+00 4.278078e+00 -3.672268e+00 5.035645e+00 2.387265e+00 -7.854121e-01 1.799680e-01 6.585001e+00 1.229543e+00 -7.150146e-01 4.617908e-01 -1.491079e+00 3.562932e+00 1.013416e+00 2.855404e+00 1.901058e+00 2.104158e+00 8.245745e-01 -6.915634e-01 -9.396913e-02 4.913534e-01 -3.480019e-01 6.415414e-01 3.390642e-02 1.206798e-01 -2.883195e-01 -4.901997e-02 -4.328313e-01 3.933539e-01 -1.280077e-01 3.828489e-01 -4.650565e-01 3.074466e-01 -7.471480e-01 -6.974066e-01 -3.283563e-01 -2.176225e-02 
-6.376432e+00 4.587420e+00 -4.889892e+00 8.563297e+00 -1.473705e+00 6.177432e+00 8.523144e-01 -4.111599e+00 5.547217e-01 8.423056e+00 4.829786e-01 4.097608e+00 4.760911e-01 -1.621583e+00 1.756675e+00 -4.369586e-01 1.248497e+00 1.877232e+00 5.701468e-01 5.275604e-01 -1.321404e+00 2.047130e-01 8.728563e-01 -1.293345e+00 1.837965e-01 1.357705e-02 2.531457e-01 -1.262528e+00 -4.491061e-01 -1.009797e+00 -6.769182e-02 -7.321427e-01 -2.089354e-02 4.728332e-01 3.397447e-01 -7.691815e-01 -4.257581e-01 -3.365517e-01 -1.668280e-02 
-7.514742e+00 5.842149e+00 -6.048919e+00 1.118957e+01 3.233256e+00 2.379940e+00 1.702181e+00 1.900233e+00 2.454426e+00 7.290368e+00 3.531945e+00 2.604378e+00 4.759681e-01 -1.441886e+00 2.684857e-01 -3.513640e-01 -3.920247e-01 1.207276e+00 -3.305592e-02 6.941981e-01 5.707271e-04 6.385728e-01 -8.230348e-01 -4.928480e-01 6.919085e-01 -3.423213e-03 4.607824e-01 -1.152561e+00 -1.321638e-01 -8.632560e-01 -6.725721e-01 -4.360071e-01 -3.161024e-01 7.220316e-01 1.579404e-01 -5.817736e-01 -2.178334e-01 -1.098381e-02 -1.099132e-02 
-1.012603e+01 2.937562e+00 -9.560163e+00 5.060935e+00 4.296432e+00 3.792692e+00 3.170218e+00 -4.737992e+00 -3.778235e+00 6.878307e+00 -2.034833e+00 -5.565370e-01 4.638638e-01 -3.841645e-01 -8.971838e-01 9.304395e-02 -1.052301e+00 -9.093372e-03 -4.804923e-01 9.230725e-02 1.595348e+00 7.006575e-01 -1.804077e+00 -1.462453e+00 5.843963e-01 -8.171280e-03 5.954027e-01 -4.995899e-01 8.417398e-02 -9.281572e-02 -5.083521e-01 -5.970412e-02 -5.523296e-01 5.038478e-01 -9.427264e-02 -1.839858e-01 1.169986e-01 -2.235159e-02 -4.530485e-03 
-1.072338e+01 2.123096e+00 -5.073362e+00 4.069139e+00 -5.211487e-01 6.063173e+00 4.699227e+00 -4.696430e-01 5.539263e+00 3.242259e+00 2.456749e-02 5.071791e+00 4.507758e-01 1.939734e-01 -8.729050e-01 8.752172e-02 -3.104758e-01 -5.186200e-01 4.495324e-01 -5.383345e-01 1.460174e+00 4.479152e-01 -1.079185e+00 -1.352557e+00 3.864336e-01 -1.017693e-02 3.737334e-01 -9.279480e-02 -2.016288e-01 2.405203e-01 -6.094122e-02 6.388728e-02 -5.217576e-01 -4.761160e-01 -6.384871e-01 7.811262e-01 2.979025e-01 -3.245230e-01 1.173926e-03 
-6.692547e+00 1.961023e+00 -4.912668e+00 6.862698e+00 3.581737e-01 1.932826e+00 -1.851607e-01 5.049563e+00 2.515297e+00 1.426142e+00 -5.075647e+00 5.786020e+00 4.478244e-01 5.376443e-01 -1.706876e-01 -2.356602e-01 7.436415e-01 1.984589e-01 3.019150e-02 -1.617842e+00 4.677728e-01 -1.711715e-01 8.105329e-02 -2.784613e-01 2.248147e-01 -5.694917e-03 -8.812142e-02 1.992908e-01 -2.780278e-01 4.464363e-02 4.686783e-02 3.883496e-02 -4.311679e-02 -1.023619e+00 -6.151773e-01 1.009990e+00 7.318106e-01 -2.191728e-01 5.218951e-03 
-8.261619e+00 1.965947e+00 -7.935080e+00 8.735870e+00 2.609997e+00 5.556947e+00 6.881570e-01 4.307410e+00 1.547184e+00 4.620562e+00 -1.710308e+00 1.365057e+00 4.330849e-01 -3.423893e-02 -5.588610e-01 -1.194950e+00 -8.740966e-02 7.987014e-01 3.110624e-02 -1.059605e+00 -1.816377e+00 -2.118110e+00 2.140056e+00 4.048138e-01 -7.507417e-01 1.208882e-03 -2.466729e-01 2.913619e-01 2.826151e-02 -2.063105e-01 -3.921900e-02 -4.255830e-01 5.274351e-02 -4.719086e-01 -2.126192e-01 2.161279e-01 6.210706e-01 -6.813113e-02 9.050625e-03 
-8.668634e+00 2.162075e+00 -9.307944e+00 6.446144e+00 3.723362e+00 4.196563e+00 -2.913301e+00 -4.786869e+00 -2.638095e+00 6.594539e+00 -2.559717e+00 2.420855e+00 4.442230e-01 -7.105927e-01 -5.762594e-02 -6.557441e-01 -9.406637e-01 -4.333754e-01 -7.722458e-02 1.373699e-01 -1.884655e+00 -1.092316e+00 1.636346e+00 1.317969e+00 5.711903e-02 1.223313e-02 -1.833804e-01 3.353739e-01 4.895551e-01 -2.552943e-01 -3.621783e-01 -4.323213e-01 2.899317e-01 3.654844e-01 5.038719e-01 -4.706672e-01 2.801138e-01 -1.452822e-01 9.867389e-03 
-9.906380e+00 -7.716438e-01 -8.850744e+00 3.840365e+00 1.790082e+00 5.086426e+00 7.653891e-01 -4.633164e+00 -2.474008e+00 1.135803e+01 7.902582e-01 3.000787e+00 4.586286e-01 -4.154381e-01 5.275074e-01 4.389722e-01 -4.999264e-01 -3.987833e-01 -1.624565e+00 -1.152312e+00 2.769027e-01 -1.547330e-01 -7.762090e-01 9.545326e-01 1.296898e-01 2.611577e-02 9.232336e-02 4.256745e-01 7.791401e-01 1.796421e-01 -2.835773e-01 -1.135522e-01 2.653660e-01 9.138891e-01 9.347134e-01 -8.483800e-01 -1.361407e-01 -2.207149e-01 7.623984e-03 
-9.422932e+00 3.041781e+00 -7.733473e+00 4.606692e+00 -1.398423e+00 1.782069e+00 4.630267e-01 9.629756e-02 -9.352946e-01 6.239233e+00 2.641202e-01 5.254019e+00 4.962238e-01 -1.885781e-01 9.629454e-01 1.395107e+00 -3.266611e-01 -1.013674e+00 -1.303624e+00 -1.219748e-01 1.248591e+00 1.366418e+00 -8.140810e-01 8.472792e-01 -9.418096e-01 3.118447e-02 3.435719e-01 1.484493e-01 4.664211e-01 2.700512e-01 1.195203e-01 4.142741e-01 3.169599e-01 5.155684e-01 4.846968e-01 -2.331533e-01 -5.086217e-01 -3.466858e-01 2.348427e-03 
-9.961662e+00 4.163569e+00 -6.527207e+00 7.154947e+00 3.176410e+00 -1.358439e+00 -6.762090e+00 3.249487e+00 -7.780747e-02 9.172666e-01 1.650014e+00 5.964196e-01 5.376664e-01 1.664189e-01 1.059342e+00 1.675426e+00 5.037675e-01 -3.287168e-01 7.658166e-02 3.970666e-01 1.186451e+00 1.326202e+00 -8.766363e-01 -4.053408e-02 -1.354797e+00 2.985419e-02 3.107320e-01 -1.913160e-01 -9.888103e-02 9.005326e-02 2.755861e-01 8.690743e-01 7.318740e-01 -1.752267e-01 -8.696212e-02 5.950648e-01 -5.220420e-01 1.304525e-01 -2.961610e-03 
-9.584329e+00 4.509461e+00 -3.494673e+00 3.155364e+00 -2.038582e+00 9.009336e-01 2.407106e-01 -2.485163e+00 2.995914e+00 7.744874e+00 1.246788e+00 -1.086379e+00 5.606276e-01 7.163261e-01 4.187556e-01 1.058119e+00 -9.218224e-02 1.292748e-01 1.143425e+00 9.474406e-01 2.382377e-01 5.908717e-01 5.206347e-01 -7.276525e-01 -9.342136e-01 2.210447e-02 2.119794e-01 -2.096543e-01 -4.844690e-01 1.293106e-01 6.669871e-01 5.159231e-01 1.774940e-01 -3.177975e-01 -5.536970e-01 3.787684e-01 -4.462938e-01 4.589725e-01 -5.118813e-03 
-8.993283e+00 3.791008e+00 -2.593348e+00 7.084860e+00 4.662326e-01 5.909639e+00 2.861914e+00 2.589651e+00 2.190828e+00 6.222064e+00 9.668414e-02 -6.031735e-01 5.756833e-01 6.858978e-01 -1.568960e-01 1.131606e-01 -1.668835e-01 4.077760e-01 1.497427e+00 1.972380e+00 -9.394372e-02 -2.017002e-01 1.531684e+00 -8.682950e-01 7.780351e-01 1.584193e-02 3.398454e-01 2.431131e-01 -4.566073e-01 -3.994919e-01 -1.663441e-01 -5.873576e-01 -7.276530e-01 -6.360573e-01 -7.897910e-01 -1.461614e-01 -1.597839e-01 1.068357e-01 -1.902190e-04 
-6.325973e+00 5.321465e+00 -4.409916e+00 4.180882e+00 6.034827e-01 3.864897e+00 3.886087e-01 1.617906e+00 8.844837e-01 6.190110e+00 -2.597343e+00 1.182830e+00 5.877524e-01 6.116865e-01 5.226229e-01 -2.461787e-01 6.552451e-01 1.953123e+00 5.655731e-01 -2.199217e-02 3.000710e-01 -6.382018e-01 -1.245203e-01 -9.702638e-01 2.866342e-01 1.259469e-02 8.192847e-01 2.959149e-01 -4.820051e-02 -8.462641e-01 -1.399832e+00 -1.360466e+00 -1.359154e+00 -7.479141e-01 -6.869643e-01 -7.902359e-01 2.571012e-01 -4.900608e-01 1.025745e-02 
-8.161442e+00 2.972438e+00 -5.503147e+00 5.808088e+00 3.894412e+00 4.646850e+00 3.026072e+00 7.278357e-01 -3.069861e-02 9.353052e+00 -7.693428e-01 3.352288e+00 6.033176e-01 1.918075e+00 2.223001e+00 4.465869e-02 -1.867374e+00 -2.072262e+00 -2.571447e+00 -2.756377e+00 -2.024739e+00 -2.008471e+00 -1.285001e+00 -7.180442e-01 -1.430873e+00 3.366083e-02 1.283643e+00 -2.387427e-01 4.392528e-01 -1.622388e+00 -2.222469e+00 -1.709874e+00 -1.240049e+00 -1.072785e+00 -1.722316e-01 -1.220952e+00 5.466284e-01 -1.217290e+00 1.951985e-02 
-6.941506e+00 7.531807e+00 -3.270713e+00 7.069653e+00 6.012570e+00 4.360015e+00 4.872455e-02 -5.419116e-02 9.162425e-01 5.556758e+00 -3.171768e+00 -1.630903e+00 6.097825e-01 4.196480e+00 7.082336e-01 8.512987e-01 -3.473450e+00 -5.629771e+00 -3.624438e+00 -3.483833e+00 -2.535823e+00 -1.940515e+00 -2.022234e+00 4.828818e-01 -2.280103e+00 6.448234e-02 1.038217e+00 -1.092551e+00 6.151848e-01 -1.913771e+00 -1.819171e+00 -1.050739e+00 2.189374e-01 -8.884413e-01 6.122714e-01 -9.013014e-01 5.968420e-01 -1.142563e+00 2.108441e-02 
9.053361e-01 1.380094e+01 -2.940044e+00 -3.695963e+00 -1.260018e+01 -7.194722e+00 -1.075033e+01 -6.698205e+00 -7.867178e+00 1.136540e-01 -3.206572e+00 -6.350684e+00 7.329684e-01 5.311677e+00 -1.443672e+00 1.760757e+00 -6.214363e+00 -6.913206e+00 -4.956946e+00 -2.496915e+00 -4.039922e+00 -4.115850e-01 -3.624232e+00 1.138413e+00 -4.025073e+00 8.749955e-02 -6.913950e-02 -1.466716e+00 4.934002e-01 -8.794277e-01 4.600579e-01 4.836718e-01 1.797749e+00 7.252908e-02 1.478568e+00 -4.264776e-01 1.531614e-01 -6.238745e-01 8.966579e-03 
1.012275e+01 3.448809e+00 -1.435586e+00 -8.433442e+00 -1.929829e+01 -8.336508e+00 -1.014248e+01 -7.348393e+00 -4.899849e+00 6.983597e-01 1.035768e+00 -5.365705e+00 8.453324e-01 4.105871e+00 -3.106698e+00 1.971654e+00 -6.740177e+00 -4.722259e+00 -3.495330e+00 9.428639e-01 -3.134670e+00 1.624738e+00 -3.461249e+00 1.085687e+00 -4.129079e+00 9.109471e-02 -1.172537e+00 -4.432469e-01 1.743777e-01 3.115351e-01 2.044309e+00 1.525502e+00 2.141669e+00 7.570732e-01 1.355308e+00 2.148630e-01 -4.903827e-01 6.414046e-02 -7.472125e-03 
9.864887e+00 -2.204037e+00 2.383129e+00 -1.751234e+01 -1.801644e+01 -1.378955e+01 -4.363203e+00 -1.582464e+01 8.193782e-01 -6.339093e+00 2.818931e+00 -1.490545e+01 9.230351e-01 1.617680e+00 -3.202951e+00 1.951406e+00 -4.631112e+00 -2.259996e-01 -2.175711e-01 4.019091e+00 -1.362677e+00 3.601911e+00 -2.697759e+00 -2.535996e-01 -3.625641e+00 6.519864e-02 -1.338309e+00 5.577105e-01 -2.593063e-01 1.516267e+00 2.157666e+00 2.064329e+00 1.238024e+00 1.304877e+00 4.606080e-01 9.673100e-01 -6.480487e-01 1.154963e+00 -1.932273e-02 
9.108364e+00 5.602950e-04 3.926390e+00 -1.972339e+01 -1.489041e+01 -9.819085e+00 1.569292e+00 -1.116463e+01 4.696597e+00 -8.523393e+00 -7.561737e-01 -1.799857e+01 9.702224e-01 1.806188e-01 -6.282495e-01 1.627961e+00 -2.707348e+00 1.248222e+00 1.633461e+00 3.966518e+00 -8.918731e-02 2.829300e+00 -1.411200e+00 -1.273048e+00 -2.158918e+00 3.827928e-02 -7.844555e-01 8.213401e-01 -5.019929e-01 1.602809e+00 1.178295e+00 1.270430e+00 -3.085345e-01 7.648870e-01 -5.541165e-01 9.823663e-01 -2.884927e-01 1.670214e+00 -2.290442e-02 
9.500539e+00 -4.897606e-01 4.136010e+00 -2.120711e+01 -1.593413e+01 -7.541066e+00 3.489152e+00 -1.160324e+01 5.344476e+00 -8.763762e+00 -3.578443e+00 -1.816266e+01 9.965215e-01 5.829487e-01 1.057172e-01 6.361947e-01 -6.495364e-01 8.899468e-01 2.800272e+00 2.181499e+00 9.616721e-01 1.289216e+00 1.871675e-01 -9.225823e-01 7.647129e-01 1.729501e-02 -1.575860e-01 5.501855e-01 -4.658735e-01 9.990076e-01 2.813341e-01 1.856933e-01 -1.231640e+00 1.717035e-01 -1.028162e+00 6.240349e-01 3.142951e-01 1.659463e+00 -1.881630e-02 
1.120800e+01 -5.496659e-01 5.827734e+00 -2.012275e+01 -1.409867e+01 -3.293287e+00 5.763906e+00 -9.904129e+00 6.984288e+00 -5.144882e+00 -2.130780e+00 -1.453193e+01 9.999999e-01 7.009429e-01 -6.543959e-01 1.193403e-01 -7.169750e-01 6.110925e-01 1.348064e+00 3.189111e-01 -4.723083e-01 1.038617e-02 7.971225e-03 -2.227817e-02 2.026813e+00 5.198662e-04 -4.916771e-02 2.305295e-02 -3.629996e-01 3.161053e-01 3.276509e-02 -5.623053e-01 -1.253323e+00 -2.983232e-01 -8.055505e-01 -3.733999e-02 4.320154e-01 1.001101e+00 -1.342221e-02 
1.172930e+01 -1.400650e+00 4.613455e+00 -2.055980e+01 -1.396244e+01 -3.051282e+00 4.446894e+00 -1.164633e+01 6.121507e+00 -7.092628e+00 -1.106410e+00 -1.281501e+01 9.946066e-01 5.695940e-01 -4.390472e-01 3.762555e-01 -6.314836e-01 1.499190e+00 8.535841e-01 -3.153685e-01 -3.124316e-01 -1.294881e-01 -2.870190e-01 6.925845e-01 2.578865e+00 -9.999559e-03 -2.616954e-01 -1.469874e-02 -1.294532e-01 -1.771312e-01 -1.475644e-02 -8.032682e-01 -7.559426e-01 -5.068901e-01 -3.286887e-01 -4.763388e-01 1.334813e-01 1.059104e-01 -8.241477e-03 
1.149926e+01 -2.815810e+00 4.284895e+00 -2.363239e+01 -1.281988e+01 -5.324143e+00 2.684624e+00 -1.350493e+01 4.359953e+00 -9.318898e+00 -2.103501e+00 -1.053890e+01 9.737712e-01 -5.841253e-02 -2.406507e-01 -5.710811e-02 -1.135924e+00 1.107559e+00 -2.047648e-01 -1.051743e+00 -9.438065e-01 -4.892277e-01 -1.360744e+00 7.945043e-02 1.939634e+00 -1.518423e-02 -2.861507e-01 1.670406e-01 -1.825866e-02 -1.834393e-02 -1.114704e-01 -4.130857e-01 -1.676271e-01 -2.433265e-01 1.633933e-01 -3.420156e-01 -1.193879e-01 -3.172089e-01 -3.315038e-03 
1.220273e+01 -1.552054e+00 6.788951e+00 -2.260951e+01 -9.077258e+00 -2.257427e+00 3.451943e+00 -1.136528e+01 6.009293e+00 -8.111810e+00 -1.293859e-01 -7.264844e+00 9.596114e-01 -3.459601e-01 -1.748537e-01 7.726615e-02 -1.325790e+00 5.680290e-01 -4.397212e-01 -9.129174e-01 -1.336901e+00 -1.043900e-01 -1.510176e+00 -3.059652e-01 1.337917e+00 -1.607108e-02 -2.299036e-01 8.451802e-02 -6.389634e-02 1.005414e-01 -3.790213e-01 -2.692797e-01 1.449400e-01 -3.021700e-01 3.619759e-01 -2.049177e-01 -2.074755e-01 -5.056144e-01 2.192401e-04 
1.067966e+01 -1.677199e+00 4.454447e+00 -2.477824e+01 -1.100337e+01 -4.713974e+00 1.002401e+00 -1.476414e+01 4.594439e+00 -1.143881e+01 -2.222023e+00 -7.609004e+00 9.415693e-01 -2.720869e-01 4.868358e-02 1.777181e-01 -4.615383e-01 5.193177e-01 -7.082143e-02 -2.205493e-01 -1.176717e+00 8.148466e-01 -1.090559e+00 -1.200433e-01 1.061073e+00 -1.302850e-02 -6.663574e-02 8.635186e-02 4.578537e-02 3.878819e-01 -2.907289e-01 8.600242e-02 4.087360e-01 -1.871141e-02 5.984893e-01 1.283607e-01 7.813378e-02 -3.525900e-01 2.428164e-03 
1.040918e+01 -2.843711e+00 4.914600e+00 -2.661637e+01 -1.203121e+01 -5.555040e+00 7.231772e-01 -1.770125e+01 5.481568e+00 -1.358353e+01 -2.576962e+00 -7.590004e+00 9.303610e-01 -4.730828e-01 -1.612059e-01 -6.052663e-02 -4.658959e-01 -1.017506e-01 -5.598129e-01 -6.384545e-03 -1.706827e+00 1.028254e+00 -1.446652e+00 -2.450722e-01 4.899725e-01 -9.985915e-03 7.398193e-02 1.658391e-01 1.086948e-01 5.243452e-01 -1.278457e-01 2.912586e-01 3.999067e-01 3.014718e-01 6.375586e-01 2.647650e-01 3.222212e-01 -2.129602e-01 2.882879e-03 
1.103585e+01 -1.927078e+00 6.110321e+00 -2.393654e+01 -8.746424e+00 -4.029616e+00 2.946026e+00 -1.622080e+01 8.697674e+00 -1.203640e+01 -1.480162e+00 -5.070772e+00 9.232635e-01 -3.278721e-01 1.841564e-01 2.405664e-01 3.734554e-01 -1.103476e-02 2.851413e-01 5.385913e-01 -8.525141e-01 1.936776e+00 -7.506787e-01 4.397643e-01 6.007568e-01 -6.083768e-03 6.699471e-02 -2.810097e-04 5.316602e-03 1.171819e-01 -4.242036e-01 3.761727e-03 -9.128720e-02 4.489403e-03 2.962411e-01 3.059691e-02 1.454154e-01 -4.448100e-01 7.192111e-04 
9.659338e+00 -2.233169e+00 5.658604e+00 -2.535943e+01 -1.071504e+01 -5.398728e+00 2.448238e+00 -1.917076e+01 9.098893e+00 -1.504625e+01 -1.725672e+00 -6.084251e+00 9.188364e-01 5.180557e-02 5.865523e-01 5.892558e-01 8.783112e-01 1.938701e-01 8.386870e-01 7.068720e-01 8.395786e-03 2.522399e+00 -3.563501e-01 1.025274e+00 5.031778e-01 -5.121875e-03 2.058074e-01 -7.932526e-03 4.061646e-02 2.114581e-01 -4.917764e-01 -5.164958e-03 -3.404879e-01 8.274706e-02 1.669287e-01 3.211955e-01 1.967890e-02 -3.279598e-01 -4.011119e-03 
9.415203e+00 -1.061733e+00 5.285336e+00 -2.353916e+01 -1.171676e+01 -3.367079e+00 2.832835e+00 -1.829162e+01 1.246956e+01 -1.446106e+01 -4.485804e-01 -5.358364e+00 9.169040e-01 -1.993970e-01 -3.267040e-01 -1.206137e-01 -5.476522e-01 -1.749461e+00 -7.511233e-01 -1.033554e+00 -2.012004e+00 1.548856e+00 -1.482709e+00 -2.828340e-02 -1.169689e+00 -1.185513e-02 2.384143e-01 1.603376e-01 1.141158e-01 5.327240e-01 -5.842796e-01 5.087159e-02 -5.341906e-01 3.798497e-01 -2.619353e-01 7.640706e-01 -3.233945e-01 -9.751993e-02 -1.417648e-02 
1.147811e+01 -3.436901e-01 8.273585e+00 -2.242306e+01 -9.576070e+00 -1.693278e+00 4.314317e+00 -1.662403e+01 1.620810e+01 -1.415297e+01 2.033487e+00 -4.930431e+00 9.079268e-01 4.916637e-01 5.471736e-02 3.232683e-01 1.051992e+00 -1.691573e+00 -6.755452e-02 -9.227748e-01 -7.131974e-01 2.056836e+00 5.254745e-01 8.725723e-02 -2.647164e-01 -2.714991e-02 7.421483e-02 6.688156e-01 2.470576e-01 1.274219e+00 -2.131304e-01 -1.317018e-02 -5.786371e-01 1.093545e+00 -1.194686e+00 1.178424e+00 -5.120894e-01 4.450932e-01 -3.749410e-02 
9.129513e+00 -4.505058e+00 4.199697e+00 -2.814307e+01 -1.806355e+01 -9.637779e+00 -3.154378e+00 -2.755375e+01 1.288719e+01 -1.989654e+01 -3.501310e+00 -1.149624e+01 8.694356e-01 6.443124e-01 1.251705e+00 9.441247e-01 2.950233e+00 -1.989488e+00 9.924933e-01 -1.317542e+00 1.407547e+00 8.597590e-01 2.628883e+00 -7.080755e-01 4.969842e-01 -6.595308e-02 -1.796539e-01 9.453452e-01 2.243018e-01 1.926067e+00 1.108784e+00 5.035327e-02 -3.577860e-01 2.053373e+00 -1.930892e+00 1.453028e+00 -8.268469e-02 1.155800e+00 -6.414773e-02 
1.226061e+01 -2.382403e-01 7.817650e+00 -1.779732e+01 -1.599968e+01 -2.600995e+00 8.279253e-01 -1.810576e+01 1.917437e+01 -9.701388e+00 2.368413e-01 -4.339271e+00 8.068061e-01 1.091722e-03 3.141428e+00 1.292157e+00 5.500658e+00 -7.515869e-01 -9.904756e-02 -2.044176e+00 3.766419e+00 -3.106476e+00 3.479974e+00 -1.195340e+00 1.895227e+00 -1.655465e-01 -7.502763e-01 3.962699e-01 -3.318601e-01 9.652580e-01 1.708785e+00 -4.443003e-01 -5.262623e-01 1.603121e+00 -2.121085e+00 6.388056e-01 6.303631e-03 5.969720e-01 -6.823585e-02 
1.224539e+01 5.143801e+00 1.023398e+01 -1.110071e+01 -1.845328e+01 2.049068e+00 -2.011530e+00 -1.051252e+01 1.528498e+01 -3.542426e+00 -3.090558e+00 -3.169042e+00 6.376979e-01 -8.524224e-01 2.856548e+00 5.164149e-01 6.858352e+00 3.324450e+00 -4.836285e-01 -2.261744e+00 6.015126e+00 -5.523820e+00 4.305172e+00 1.994349e-01 3.529296e+00 -2.634004e-01 -1.040013e+00 -6.961896e-01 -6.723778e-01 -3.247857e-01 1.713196e+00 -3.524994e-01 -2.226446e-01 5.196556e-01 -8.253249e-01 -1.309419e-01 6.052635e-01 -7.654682e-02 -3.572265e-02 
9.925364e+00 1.053938e+01 1.171692e+01 -3.441402e+00 -1.313894e+01 -8.032217e+00 -6.478176e+00 -6.312336e+00 -5.229598e-01 -4.929790e+00 -4.148792e+00 3.818055e-01 1.960593e-01 -2.511442e+00 1.233747e+00 -1.122110e+00 3.924254e+00 4.195428e+00 -1.550994e+00 -3.081907e+00 4.998636e+00 -5.356793e+00 2.881161e+00 -3.351507e-01 1.203994e+00 -2.696083e-01 -6.978722e-01 -1.470953e+00 -5.433441e-01 -1.362059e+00 9.411549e-01 6.906558e-01 6.979986e-01 -5.217363e-01 1.107050e+00 -5.314636e-01 9.129397e-01 -7.102344e-01 2.612076e-02 
6.035522e+00 4.389240e+00 4.831933e+00 -1.029354e+00 -2.872325e+00 -9.340630e+00 -1.081006e+01 -3.374590e+00 -4.882912e+00 -7.562507e-01 -3.109317e-01 3.789721e+00 -1.421924e-01 -3.299704e+00 -1.275445e+00 -1.210597e+00 2.114409e+00 4.102947e+00 -4.403275e-02 -1.911805e+00 3.389589e+00 -2.141593e+00 2.273636e+00 1.888226e+00 4.598224e-01 -1.925341e-01 5.604808e-02 -1.119299e+00 -6.105975e-02 -1.324208e+00 -5.251968e-02 1.187498e+00 1.728917e+00 -9.458423e-01 1.805864e+00 -9.168474e-01 4.572348e-01 -8.463393e-01 7.223878e-02 
2.808332e+00 6.307851e+00 4.908273e+00 -3.211305e+00 -2.813430e+00 -4.661209e+00 -1.018251e+01 3.318943e+00 2.474540e+00 3.311412e+00 -2.828430e+00 -1.798016e+00 -1.512926e-01 -2.264634e+00 -2.147326e+00 -5.610773e-01 1.062367e+00 3.564829e+00 3.134542e+00 1.270859e+00 2.470374e+00 7.377910e-01 1.838532e+00 2.525020e+00 -1.210941e-01 -7.038052e-02 8.079887e-01 -4.264262e-01 2.040044e-01 -5.408184e-01 -4.666454e-01 7.162840e-01 1.873308e+00 -9.097187e-01 1.106031e+00 -9.327605e-01 -2.031972e-01 -3.137280e-01 7.299305e-02 
-6.945307e-01 8.823173e-01 7.585255e+00 -6.432146e-01 -3.101246e+00 1.435777e-01 -9.718488e+00 1.619835e+00 3.077957e+00 3.704395e+00 5.690428e+00 2.203052e-01 -1.512926e-01 -6.955476e-01 -1.049321e+00 -6.959887e-02 1.668484e+00 3.377044e+00 3.111021e+00 4.206617e+00 2.550313e+00 4.581893e-01 2.422210e-01 1.055661e+00 -3.975882e-02 -1.820058e-03 1.354272e+00 -2.025719e-01 -6.070730e-01 -1.269169e-01 -5.068148e-01 -4.090543e-01 8.189051e-01 -1.021515e+00 3.773160e-01 -8.363024e-01 -1.106501e+00 -1.508339e-01 5.866198e-02 
1.966472e+00 1.556047e+00 7.535064e+00 1.677588e+00 4.799853e+00 2.898465e+00 -6.698161e-01 3.542104e+00 -8.151406e-01 2.031832e+00 5.475332e+00 1.561103e+00 -1.512926e-01 2.264303e-01 -1.011395e+00 -6.724423e-01 1.443135e+00 2.224917e+00 4.530607e-01 3.225566e+00 8.697661e-01 -1.126514e+00 -7.668923e-01 -9.347129e-01 -1.147836e-01 1.399030e-06 1.009686e+00 -4.717029e-01 -1.394071e+00 1.274942e-01 -6.786543e-01 -1.092378e+00 -9.018353e-01 -1.156513e+00 1.585995e-01 -2.990909e-01 -9.943646e-01 1.265188e-03 4.737600e-02 
2.978262e+00 1.518298e+00 3.170576e+00 4.867866e+00 1.020587e+01 2.434689e+00 5.466859e+00 9.265177e+00 -9.469395e-01 1.094204e+00 8.153422e-01 1.911308e+00 -1.512926e-01 2.226247e+00 -2.856440e+00 -4.190234e+00 1.289376e+00 2.238860e+00 -7.486404e-01 1.205377e+00 -9.177230e-01 6.770272e-01 -6.053615e-01 -1.914406e+00 -2.976713e-01 6.559432e-02 -1.478039e-01 -5.276033e-01 -1.158255e+00 2.753246e-01 -1.044657e+00 -8.591320e-01 -1.576161e+00 -6.455541e-01 3.221276e-01 2.226156e-01 -8.597221e-02 4.404857e-02 4.913667e-02 
2.104123e+00 9.327855e-01 3.753042e+00 1.248471e+00 1.657441e+00 -3.541639e+00 -1.647256e+00 3.845011e+00 -1.145432e+00 7.822978e-01 -5.064673e+00 -3.217837e+00 -1.512926e-01 1.322864e+00 -3.602330e+00 -5.470865e+00 1.889475e+00 7.408127e-01 -3.975127e-01 -1.737774e+00 -1.578250e+00 1.421458e+00 7.668631e-01 -9.617364e-01 1.399728e-02 1.327972e-01 -1.390771e+00 4.477437e-01 1.100185e-01 3.960263e-01 -1.105479e+00 -1.054318e-01 -5.752135e-01 7.246763e-01 4.642496e-02 2.203714e-01 8.025149e-01 1.833699e-01 4.405938e-02 
1.036800e+01 -1.308834e+01 -1.147501e+01 6.018349e+00 9.664038e+00 -3.797081e-01 -3.202844e+00 -3.119917e+00 6.628589e+00 1.302619e+00 1.387886e+00 1.121511e+00 1.766644e-01 -1.982834e+00 -2.391982e+00 -3.461563e+00 2.821996e+00 -1.104214e+00 -7.594866e-01 -1.192564e+00 5.463303e-01 7.950323e-01 5.883929e-01 6.392580e-01 1.161339e-01 1.774604e-01 -2.193136e+00 2.137274e+00 1.943153e+00 8.688924e-02 -1.315617e+00 5.542132e-02 5.345677e-01 1.583347e+00 -7.716944e-01 -1.258416e-01 8.109363e-01 2.682758e-01 8.438592e-03 
4.886452e+00 -9.151823e+00 -1.249696e+01 1.054953e+01 8.774472e+00 2.318050e+00 -5.024210e+00 1.843639e+00 2.504182e+00 5.762311e+00 3.801339e-01 2.026172e+00 3.487240e-01 -4.622828e+00 9.951256e-01 -4.867902e-01 2.657031e+00 -1.630860e+00 -6.873061e-02 1.548393e+00 3.761202e+00 -9.531757e-01 -2.618516e-01 1.801030e+00 5.952644e-01 1.643623e-01 -1.250619e+00 2.581125e+00 2.143354e+00 -5.705836e-01 -8.096560e-01 1.744054e-01 1.149911e+00 1.063552e+00 -9.594910e-01 -3.995477e-01 1.999523e-01 2.897336e-01 -2.539566e-02 
-8.326920e+00 -5.399124e+00 -6.012647e+00 1.432762e+01 1.126365e+00 -4.292648e+00 1.192511e+00 1.299717e+01 1.203659e+00 1.545849e+00 1.289117e+00 -1.303317e-01 4.859993e-01 -5.766595e+00 5.531382e+00 3.033368e+00 1.340214e+00 -3.153440e+00 -6.359973e-01 2.235128e+00 4.329209e+00 -1.994087e+00 -7.203085e-01 7.587621e-01 7.531437e-01 9.200203e-02 5.294900e-01 1.668129e+00 9.463101e-01 -1.069738e+00 5.696031e-02 7.076452e-01 3.568417e-01 -5.382052e-01 -5.150471e-01 4.120567e-02 -3.310504e-01 2.154905e-01 -4.339893e-02 
-1.166208e+01 2.064011e+00 -1.411967e+00 1.037895e+01 -2.228069e+00 -1.928935e+00 3.896888e+00 1.459209e+01 -3.198637e+00 -6.489434e-01 3.989729e+00 3.843965e-01 5.158471e-01 -3.038189e+00 5.341748e+00 1.998345e+00 -2.224944e-01 -2.282991e+00 4.129430e-01 2.298028e+00 1.848052e+00 -1.981464e+00 -5.765643e-01 -2.167765e-02 1.144161e+00 4.855312e-02 1.596612e+00 -6.585640e-02 -3.421980e-01 -8.206003e-01 6.351724e-01 8.532366e-01 -6.193597e-01 -1.885595e+00 3.155960e-01 4.087994e-01 -3.736080e-01 -4.914078e-02 -3.947458e-02 
-1.019059e+01 8.960507e+00 -1.850609e+00 1.280488e+01 -6.015527e-01 -1.435801e+00 3.511978e+00 1.215212e+01 -4.901423e-01 9.067743e-01 3.377051e+00 5.708292e+00 5.531086e-01 -1.277215e-01 3.775551e+00 2.717163e-02 -1.086746e+00 -4.935585e-01 2.538004e+00 2.169335e-01 -1.188225e+00 -1.266095e+00 9.516252e-01 -1.045498e-01 9.190865e-01 1.836605e-02 1.622698e+00 -1.456978e+00 -9.348574e-01 -3.393168e-01 9.003839e-01 7.353468e-01 -7.810489e-01 -1.785700e+00 6.422925e-01 3.504920e-01 1.726613e-01 -5.397177e-01 -2.557237e-02 
-9.373215e+00 1.037649e+01 -4.585795e+00 1.019844e+01 -1.776373e+00 2.954800e+00 5.306141e+00 1.150643e+01 -6.556600e+00 3.199336e+00 -7.724783e-01 4.827813e+00 5.579222e-01 5.408562e-01 1.543769e+00 -6.946627e-01 -2.324546e-01 2.148724e-01 2.610530e+00 -5.392733e-01 -2.908050e+00 2.609269e-01 9.461804e-01 3.646989e-01 2.666510e-01 3.801217e-03 7.185524e-01 -1.555056e+00 -4.935461e-01 -2.348015e-03 4.073230e-01 -2.043164e-01 -5.926318e-01 -7.001901e-01 7.735823e-01 3.135653e-01 3.989151e-01 -7.175485e-01 -1.699313e-02 
-1.011007e+01 9.322402e+00 -4.289290e+00 8.984480e+00 -1.567425e+00 5.955660e+00 1.573044e+00 8.598910e+00 -3.447944e+00 4.380193e+00 3.147218e+00 2.243377e+00 5.568154e-01 5.572537e-01 1.455114e-01 -2.944325e-01 -3.515615e-01 9.944799e-02 1.941989e+00 -2.516471e-01 -2.221132e+00 9.610134e-02 2.708973e-01 1.428826e+00 -1.506716e+00 -1.348557e-02 5.470886e-02 -1.163628e+00 -1.713718e-01 2.841335e-02 -1.339947e-01 -1.064676e+00 -1.308537e-02 4.287757e-01 3.872631e-01 2.366926e-01 1.704997e-01 -3.688045e-01 -1.092667e-02 
-8.997735e+00 9.602233e+00 -3.665490e+00 1.112742e+01 -6.706899e-01 7.427922e+00 2.169952e+00 1.828847e+00 -4.155092e-01 2.345646e+00 5.927786e+00 3.450311e+00 5.330110e-01 2.118923e-01 -6.186242e-01 -3.086325e-01 -6.018106e-01 -5.429757e-01 -3.104821e-01 -4.308414e-01 -1.136518e+00 1.205115e+00 1.331676e+00 1.206152e+00 -1.230573e+00 -2.047805e-02 -1.391281e-01 -7.392530e-01 -4.131759e-01 -3.952146e-01 -3.740754e-01 -1.223053e+00 -8.810386e-02 8.404399e-01 6.859622e-02 3.372310e-01 -3.436600e-01 1.436709e-01 -6.741564e-03 
-7.591545e+00 1.007573e+01 -3.782743e+00 1.058259e+01 -6.568624e-01 6.036989e+00 3.821845e+00 5.885612e+00 -3.080071e+00 2.688076e+00 7.171014e+00 -1.136470e+00 4.981387e-01 3.104462e-01 -9.614005e-01 -1.022709e+00 -7.599282e-01 -7.845905e-01 -1.324793e+00 9.735332e-02 6.976880e-02 1.979615e-01 1.942468e+00 3.271061e-01 -1.763694e-01 -2.412779e-02 -1.833804e-01 -4.818206e-01 -7.782143e-01 -4.338860e-01 -2.579785e-01 -6.315303e-01 -2.050462e-01 4.748768e-01 1.966502e-01 1.185272e-01 -7.848638e-01 3.652985e-01 -2.548704e-04 
-9.572455e+00 6.906904e+00 -6.382540e+00 6.389942e+00 -4.946440e+00 1.361536e+00 2.027682e+00 7.180844e+00 -7.151004e-01 1.070369e+01 3.246300e+00 3.645328e-01 4.848574e-01 -3.119610e-02 -1.598827e+00 -2.396430e+00 -2.004119e+00 -1.213461e+00 -1.871413e+00 -1.154307e+00 1.487866e-01 5.528576e-01 1.796546e+00 -8.027179e-01 3.198228e-01 -2.458486e-02 -2.436310e-02 -5.972220e-03 -4.615241e-01 3.626482e-02 3.197657e-01 6.294360e-01 5.594173e-03 -9.017712e-02 3.342182e-02 -5.953610e-01 -5.289323e-01 -1.361616e-01 6.152086e-03 
-8.270523e+00 5.863075e+00 -8.044740e+00 7.552988e+00 -3.352700e+00 2.364864e+00 2.130867e+00 6.270837e+00 -2.308333e+00 9.913435e+00 6.123755e+00 2.904492e+00 4.602448e-01 -2.379396e-01 -1.773519e+00 -3.141536e+00 -1.819856e+00 -8.550100e-01 -4.352782e-01 -9.149123e-01 -4.893394e-01 1.405459e+00 6.311047e-01 -1.491037e+00 -4.554337e-01 -1.270787e-02 -1.437280e-01 3.262680e-01 2.631317e-01 9.767036e-02 4.466235e-01 9.870793e-01 2.410405e-01 -3.130492e-01 -9.079714e-02 -6.897790e-01 -1.732942e-01 -3.325422e-01 1.287799e-02 
-8.814819e+00 3.714279e+00 -1.351722e+01 2.621117e+00 -5.389942e+00 -9.326961e-02 -2.756335e+00 2.379353e+00 1.963224e+00 7.715304e+00 2.437967e+00 3.028856e+00 4.290268e-01 3.642029e-01 -2.422310e-01 -1.556788e+00 1.095111e-01 1.091145e+00 2.391908e+00 1.032209e-01 -1.307902e+00 7.684665e-01 -9.896474e-01 -5.293598e-01 -1.771874e+00 4.565274e-03 -1.823324e-01 5.417752e-01 1.082278e+00 2.575123e-01 5.032349e-01 7.233678e-01 4.690991e-01 8.467045e-02 -7.330445e-01 -5.209364e-01 2.247213e-01 8.379174e-02 1.498994e-02 
-9.159874e+00 2.804211e+00 -1.592342e+01 3.367609e+00 -4.710350e+00 4.587738e+00 1.639019e+00 5.839308e+00 2.608456e+00 7.337583e+00 1.198869e-01 -4.745613e+00 4.624935e-01 -6.059531e-01 -8.350044e-03 -1.269249e-01 -1.328488e+00 2.962343e-01 1.478871e+00 6.737791e-01 -7.673591e-01 -3.637371e-01 -1.132676e-01 -6.760076e-01 -7.932792e-01 2.569281e-02 -1.195639e-01 5.708635e-01 1.377410e+00 2.026106e-01 3.759093e-01 -2.114002e-01 1.404953e-01 4.300981e-01 -8.265234e-01 -7.181848e-02 3.569879e-01 6.442056e-01 8.145506e-03 
-7.306596e+00 7.225305e+00 -1.022698e+01 9.030764e+00 1.188332e+00 1.220970e+01 2.789998e+00 8.571017e-01 6.685240e-01 7.043322e+00 3.601240e+00 -4.669612e+00 5.065713e-01 -7.589399e-01 2.272548e-01 1.507787e+00 -9.622441e-01 7.268700e-01 7.882459e-01 3.968319e-01 7.109634e-01 -2.227749e+00 -4.358450e-01 -8.665425e-02 9.077509e-01 3.115718e-02 5.610631e-02 3.430254e-01 9.553242e-01 1.652282e-01 2.551338e-01 -9.077392e-01 -1.615007e-01 5.708657e-01 -2.990871e-01 -2.840415e-02 7.403563e-02 6.419144e-01 -5.351558e-03 
-1.205425e+01 4.065916e+00 -1.032483e+01 -2.294225e+00 -5.159997e+00 3.607817e+00 2.726524e+00 3.195465e+00 -3.479702e+00 9.683083e+00 2.162042e+00 2.787469e+00 5.499288e-01 -2.742845e-01 8.460050e-01 2.213186e+00 -2.710502e-01 1.206570e+00 -6.906201e-01 -3.592576e-01 6.517384e-01 -1.229108e+00 -4.975432e-03 7.236426e-02 1.425796e+00 1.472314e-02 6.150834e-01 3.188062e-01 6.962484e-01 7.795179e-01 4.549114e-01 -4.036983e-01 -1.199372e-01 2.495404e-01 4.266920e-01 -3.615602e-01 -8.287571e-03 -1.987284e-01 -1.875811e-02 
-1.116230e+01 4.219782e+00 -8.777779e+00 6.401695e-01 -1.530039e+00 4.338195e+00 -1.315815e+00 7.256732e+00 -6.131561e+00 4.363501e+00 9.840325e-01 3.800948e+00 5.411097e-01 4.789852e-01 1.045694e+00 2.049886e+00 4.070710e-01 1.911647e+00 -1.062003e+00 -1.876911e-01 8.369315e-01 -2.941669e-01 -1.185904e+00 -5.334434e-01 3.282368e-01 -1.670552e-02 7.480733e-01 -2.892048e-01 3.610258e-01 3.883506e-01 -2.861839e-01 -1.138977e-01 3.597247e-01 -1.240166e-01 6.303080e-01 -4.160321e-01 -7.484867e-02 -6.954739e-01 -2.663912e-02 
-8.603334e+00 8.537067e+00 -5.581597e+00 6.207451e+00 2.681695e+00 5.070954e+00 1.895730e+00 5.898474e+00 -1.365612e-01 8.652932e+00 1.790485e+00 -1.852426e+00 5.188337e-01 1.850457e+00 1.176714e+00 3.083331e+00 1.884288e+00 1.978537e+00 3.856316e-01 3.663207e-01 4.172935e-01 8.031048e-01 -1.546233e+00 -4.941692e-01 -1.497250e+00 -4.416382e-02 5.519073e-01 -1.188859e+00 1.424188e-01 -2.705285e-01 -1.055618e+00 7.707573e-02 4.843551e-01 -2.058205e-01 1.493116e-01 -4.139103e-01 1.201060e-01 -4.703214e-01 -2.769509e-02 
-6.637635e+00 1.021770e+01 -2.349143e+00 6.815092e+00 6.825316e+00 6.167910e+00 2.266570e+00 3.690663e+00 -2.474008e+00 1.628833e+00 1.120113e+00 -7.085373e-01 4.386012e-01 1.919090e+00 -1.384196e+00 2.877825e+00 -9.819984e-02 -1.090095e+00 -3.192375e-01 1.832850e+00 2.081649e-01 -9.220786e-02 -1.745393e+00 -1.776935e-01 -1.108103e+00 -7.259765e-02 4.805213e-01 -1.424095e+00 -1.350634e-01 -6.179268e-01 -1.143109e+00 1.016673e-01 3.757615e-01 -5.950652e-01 1.063767e-03 1.568820e-01 5.083491e-01 1.397494e-01 -2.167604e-02 
-5.064482e+00 6.950397e+00 1.877848e+00 4.040046e+00 5.548306e-01 4.620666e+00 2.766859e+00 7.065084e+00 -1.293640e+00 3.319043e+00 -3.767774e-01 -2.444018e+00 3.803462e-01 1.765089e+00 -3.883332e+00 2.511123e+00 -1.371233e+00 -2.570669e+00 -6.765070e-01 1.052235e+00 -6.279691e-02 -5.834556e-01 -1.794760e+00 4.951325e-01 -2.075713e-01 -9.581269e-02 5.925496e-01 -6.341554e-01 -4.415419e-01 -3.662110e-01 -1.589431e-03 -6.707584e-02 1.686047e-01 -8.392147e-01 -2.705641e-01 1.378678e-01 7.032587e-01 6.375964e-01 -1.226926e-02 
-3.335869e+00 -1.907383e+00 1.881644e+00 1.232602e+00 -5.917433e+00 2.966702e+00 7.412672e+00 7.714629e+00 -6.014583e+00 -1.696740e+00 1.179061e+00 -1.443925e+00 2.473750e-01 2.924069e+00 -3.544865e+00 1.660568e+00 -1.054583e+00 -1.529378e+00 -2.260180e-02 1.348193e+00 -1.898310e+00 4.043238e-01 -2.772182e-01 1.513740e+00 3.822266e-01 -9.926459e-02 6.413437e-01 7.338219e-01 -5.203992e-01 7.079758e-01 1.624703e+00 -4.674603e-02 -2.658298e-01 -7.825951e-01 -2.059678e-01 3.453508e-01 6.919100e-01 4.736889e-01 1.329090e-03 
-1.428421e+00 -4.816894e+00 4.858926e+00 2.143071e+00 -3.800812e+00 3.288846e+00 4.583848e+00 3.572973e+00 -1.283583e+00 1.342204e+00 4.236494e+00 -2.522609e+00 1.353974e-01 4.310755e+00 -9.137049e-01 1.484251e+00 5.315731e-01 2.190325e+00 -9.813282e-02 1.451578e+00 -2.725619e+00 -7.980372e-01 -1.591001e+00 2.176477e+00 9.456139e-01 -9.217660e-02 7.206044e-02 1.245715e+00 -5.183821e-01 1.335098e+00 1.921395e+00 -1.986725e-01 -3.318389e-01 -3.148523e-01 -2.470745e-01 4.084730e-01 1.492884e-01 4.408634e-01 8.966579e-03 
6.165009e+00 -1.622627e+00 4.463305e+00 2.490200e+00 1.355798e+00 6.720950e+00 8.099007e+00 -4.054362e+00 -4.573250e-01 1.231558e+00 6.382121e+00 1.241989e+00 6.477461e-02 3.853147e+00 8.001769e-01 7.892393e-01 2.490198e+00 4.652890e+00 -8.420742e-01 3.038903e-01 -2.373491e+00 -1.014673e+00 -1.206484e-01 2.441308e+00 6.837282e-01 -6.776089e-02 -1.021031e+00 6.456081e-01 -3.604782e-01 1.070726e+00 1.057252e+00 -2.931801e-01 -6.554575e-01 7.637450e-01 -1.528167e-01 4.977498e-01 -4.634970e-01 2.269905e-01 1.051390e-02 
1.173894e+01 2.239214e+00 8.008291e+00 6.069261e+00 7.869544e+00 2.253383e+00 9.681171e+00 -6.786551e-01 -8.062495e+00 -6.099678e+00 7.904096e+00 9.410111e-01 1.078856e-02 1.660956e+00 1.728071e-01 3.549554e-01 3.531865e+00 3.945342e+00 -1.260239e+00 -8.477470e-02 -1.399348e+00 -1.109488e+00 1.693809e-01 7.777386e-01 1.845912e+00 -6.673078e-02 -1.822115e+00 -2.486075e-01 -5.143478e-01 -1.879271e-03 -3.289600e-01 1.350704e-01 -5.794179e-01 1.355726e+00 3.504109e-01 7.066609e-01 -9.933738e-01 -6.923267e-02 1.034365e-02 
9.345820e+00 -1.434705e+00 4.253263e+00 1.172052e+01 1.151179e+01 -7.256559e-01 6.383639e+00 -2.027266e+00 -7.698328e+00 1.421373e+00 1.155163e+01 2.427598e-01 -2.912563e-02 -8.559724e-01 -8.601192e-01 4.227999e-01 2.798755e+00 2.879342e+00 -9.076737e-01 -1.160996e+00 1.257490e+00 -2.040486e-01 1.331313e+00 -1.043096e-01 1.067149e+00 -5.941767e-02 -1.532670e+00 -3.344815e-01 -5.776985e-01 -1.236260e+00 -1.101669e+00 5.000278e-01 -1.194567e-01 1.350978e+00 1.638128e-01 -2.613073e-01 -1.358784e+00 -2.889216e-01 1.087595e-02 
5.286047e+00 -4.046741e+00 6.738338e+00 1.518783e+01 1.084808e+01 7.109004e-01 5.017536e+00 -4.437658e+00 -3.210282e+00 2.094309e+00 5.540237e+00 7.206704e+00 -1.512926e-01 -2.445175e+00 -1.326732e+00 -9.042444e-01 3.680604e-01 1.432301e+00 6.098725e-01 -7.129521e-01 2.237617e+00 5.486012e-01 1.216245e+00 -1.517460e+00 4.077023e-01 -4.463453e-02 -5.699480e-01 8.496068e-02 -8.334334e-01 -1.802444e+00 -1.202928e+00 3.331276e-01 -1.121891e-01 7.029781e-01 -1.549140e-01 -4.461447e-01 -7.788291e-01 -5.857176e-01 1.684328e-02 
5.111294e+00 -2.780523e+00 7.211987e+00 1.192482e+01 1.426345e+01 2.954007e+00 4.625747e+00 4.111903e+00 -3.904212e+00 3.791195e+00 7.042458e+00 3.445129e+00 -1.512926e-01 -1.756989e+00 -1.225609e-01 -1.469616e+00 -2.109323e+00 4.008929e-01 7.230383e-01 2.072343e-02 2.563047e+00 -1.024654e+00 -1.950604e+00 -3.205050e+00 -4.186232e-02 -2.443478e-02 2.087769e-01 4.197935e-01 -6.816440e-01 -1.367039e+00 -1.025809e+00 1.608631e-02 -1.893097e-01 -2.322671e-01 1.540454e-01 -6.085812e-01 -3.087582e-01 -3.076035e-01 1.634762e-02 
1.630693e+00 -3.721365e+00 2.007331e+00 7.807549e+00 1.365556e+01 3.463011e+00 6.995243e+00 7.440019e+00 -7.216653e+00 -1.203126e+00 2.571539e+00 1.378875e+00 -1.512926e-01 -7.383162e-01 2.288351e-01 -2.865951e+00 -3.026281e+00 -8.303014e-01 -4.099270e-01 -1.236570e+00 1.462783e+00 -1.473631e+00 -4.203574e-01 -1.565983e+00 -5.281214e-01 1.399030e-06 5.458518e-01 5.772504e-01 7.156688e-02 -4.122066e-01 -5.971124e-01 -3.195571e-01 -5.920311e-01 -5.759516e-01 8.983405e-01 -1.078883e-01 5.467635e-01 1.809655e-02 1.136946e-02 
2.388330e+00 -2.209782e+00 -7.295415e-01 4.863898e+00 1.211252e+01 1.513483e+00 5.498127e+00 4.849555e+00 -1.081863e+01 -6.682953e+00 -2.989281e+00 2.947242e+00 -1.512926e-01 -6.654574e-01 4.609921e-01 -2.004483e+00 -2.339444e+00 -1.118510e+00 -3.174080e-01 -1.845854e+00 4.835764e-01 1.577330e+00 -8.932129e-01 -1.623873e+00 -3.064437e-03 1.399030e-06 3.321012e-01 3.096370e-01 6.389492e-01 3.234295e-01 -3.572323e-01 -1.903217e-01 -5.690871e-01 -5.656735e-01 1.545202e+00 6.053472e-01 1.093348e+00 1.992760e-01 4.887073e-03 
2.956000e+00 -3.187962e+00 -3.620783e+00 3.587126e+00 7.771728e+00 -6.185390e-01 -1.601292e+00 2.507976e+00 -7.120847e+00 5.229113e+00 2.726434e+00 4.814859e+00 -1.512926e-01 -2.617751e-01 1.267939e+00 -2.789177e-01 -1.577907e+00 -7.935915e-01 -4.678167e-01 -2.739713e+00 3.976541e-01 3.739437e+00 1.480855e-01 4.257120e-01 4.788707e-01 1.399030e-06 7.468065e-02 8.382243e-02 9.388719e-01 5.610244e-01 -8.747575e-02 -1.861175e-01 8.116812e-03 -3.913669e-01 8.962433e-01 1.217099e-01 5.038006e-01 2.763831e-01 -5.748022e-07 
1.121274e+00 -7.421015e-01 3.918476e-03 2.338124e+00 1.161268e+01 3.407865e+00 -3.052302e-01 8.995712e+00 3.934915e+00 -3.891055e+00 -1.154383e+00 1.711808e+00 -1.512926e-01 -3.349721e-01 9.061992e-01 4.316092e-01 -1.216228e+00 -1.403541e+00 -1.996685e-01 -2.073045e+00 2.672365e-01 4.094773e+00 7.920305e-01 1.265844e+00 4.510578e-01 1.399030e-06 1.372744e-01 -2.527178e-01 4.809823e-01 5.036618e-01 -5.292071e-02 -2.694524e-01 2.559361e-01 -5.509476e-01 -7.115324e-01 2.378350e-01 1.372642e-01 1.965002e-01 -5.748022e-07 
9.557958e-01 1.884295e+00 2.460151e-01 1.180368e+00 9.937513e+00 1.769029e-01 -3.801628e+00 7.355128e+00 4.103237e+00 -1.858893e+00 3.782786e+00 4.390381e+00 -1.512926e-01 -5.302204e-01 4.252204e-01 6.101613e-01 -7.825461e-01 -1.125040e+00 -1.399540e+00 -1.082371e+00 -3.859258e-01 1.748760e+00 -6.544862e-01 -4.918872e-01 6.268169e-01 1.399030e-06 1.730257e-01 -4.552616e-01 8.140042e-02 4.950486e-01 1.554121e-01 1.627719e-01 5.328258e-01 -5.698809e-01 -1.536063e+00 -5.566051e-02 -3.623494e-01 1.488009e-02 -5.748022e-07 
1.713432e+00 -2.152630e-01 -5.047375e-01 -1.441591e-02 4.012201e+00 1.177903e-01 -3.766920e+00 3.762049e+00 4.042895e+00 8.209285e-01 2.812033e+00 5.414655e+00 -1.512926e-01 1.552618e-01 -3.812953e-01 -4.409143e-02 -2.187593e-01 -1.217344e+00 -1.198821e+00 -1.394759e+00 -1.879438e+00 -9.850254e-01 6.972899e-01 -4.786757e-01 9.054137e-01 1.399030e-06 1.647575e-01 -1.713967e-01 -3.231557e-02 4.907713e-01 4.772351e-01 4.073631e-01 4.542636e-01 -3.165353e-01 -1.371457e+00 -2.294402e-01 -3.745538e-01 -3.548371e-01 -5.748022e-07 
8.564807e-03 -1.325153e+00 -3.153623e-01 8.504303e-01 5.947018e+00 -5.971209e+00 -5.282797e+00 3.194822e+00 1.568885e+00 -3.990365e-01 -1.716266e+00 6.097361e+00 -1.512926e-01 3.584553e-01 -3.646306e-01 3.657369e-01 3.983558e-01 -1.095162e-01 8.456129e-01 -4.147644e-01 -1.378634e+00 -1.400979e+00 -8.277638e-02 -5.138663e-01 3.261333e-01 1.399030e-06 6.031276e-03 1.702024e-01 -1.195512e-02 8.009244e-02 2.941001e-01 6.663522e-01 7.251470e-01 2.589169e-01 -6.912187e-01 -5.635416e-02 2.039153e-01 -6.748533e-01 -5.748022e-07 
2.370891e+00 -1.043680e+00 6.465352e-02 1.409803e+00 7.521297e+00 4.879386e-01 -6.538523e+00 1.678359e+00 2.768323e-01 -1.133972e+00 -7.981894e-01 5.385292e+00 -1.512926e-01 4.453659e-02 4.441837e-01 3.922962e-01 6.471524e-01 4.750187e-01 7.146750e-01 -1.355875e-01 -8.189124e-01 -1.187572e+00 -6.409346e-01 -5.958978e-01 -1.172844e+00 1.399030e-06 -2.802116e-01 2.673956e-01 1.721085e-01 -9.814769e-02 4.031774e-02 3.381957e-01 9.248560e-01 5.794608e-01 -1.906876e-01 -1.122542e-01 1.813080e-01 -7.280791e-01 -5.748022e-07 
2.419496e+00 4.756997e-01 1.790119e+00 2.460446e+00 7.635502e+00 4.219970e+00 -4.489213e+00 1.504075e+00 -1.017867e+00 -1.295172e+00 3.018349e+00 6.035611e+00 -1.512926e-01 -4.448521e-01 8.633880e-01 3.322091e-01 -8.149167e-01 -5.007945e-01 9.756360e-01 1.913822e+00 3.784751e-01 -1.606167e+00 -2.670545e-01 5.862918e-01 -1.708302e+00 1.399030e-06 -2.365997e-01 -7.869290e-03 -3.622377e-02 -1.193584e-01 -1.896036e-01 -9.224334e-02 5.926484e-01 2.286838e-01 -4.342905e-04 -5.651737e-02 4.390750e-02 -2.694906e-01 -5.748022e-07 
7.305826e-01 1.105116e+00 4.037575e-01 2.416807e+00 5.543462e+00 -1.404459e+00 -4.841291e+00 5.123925e-01 -6.012981e-01 -1.935677e+00 -2.535260e+00 -4.183550e-01 -1.512926e-01 -8.441392e-01 3.416094e-01 8.332857e-01 -1.027649e-01 -8.200650e-01 4.270560e-01 2.065322e+00 1.394272e-01 -1.835719e+00 2.281854e-01 -1.222052e-01 -1.717767e+00 1.399030e-06 3.165106e-02 -3.096299e-01 -1.556130e-01 -4.500378e-02 1.151074e-02 1.128977e-01 7.388563e-02 -4.569888e-02 2.619056e-01 -1.750091e-01 1.067758e-01 4.771257e-01 -5.748022e-07 
-1.395400e+00 1.917530e+00 1.176442e+00 -3.727700e+00 4.431634e+00 -1.464313e-01 3.437560e+00 5.670168e+00 -6.023052e+00 -1.333326e+00 2.083655e+00 4.573739e-01 -1.512926e-01 -3.802764e-01 -3.525630e-01 -3.580808e-02 1.767422e-01 -4.099022e-01 5.281997e-01 1.448058e+00 -7.144249e-01 -1.078960e+00 -7.999244e-01 -5.311614e-01 -7.488719e-01 1.399030e-06 2.918665e-01 -2.922401e-01 -3.253675e-01 2.394070e-01 3.906136e-01 3.358587e-03 -7.343200e-01 -2.663470e-01 7.168359e-01 -1.596672e-01 -1.951360e-01 6.902055e-01 -5.748022e-07 
5.754032e-02 -5.647285e-02 4.537958e+00 3.989795e+00 5.022117e+00 4.806732e+00 -1.751550e-01 2.924474e-01 -6.399394e+00 2.590047e-02 -9.421092e-01 -4.144686e-01 -1.512926e-01 1.704760e-01 -4.959372e-01 -2.017379e-01 -7.350694e-02 4.873730e-01 1.502916e+00 4.666554e-01 -5.010002e-01 -1.416702e-01 -1.249427e+00 4.968140e-01 7.330436e-01 1.399030e-06 2.944285e-01 -4.789747e-02 -4.436851e-01 -1.269755e-01 3.821252e-01 -2.520022e-01 -5.893884e-01 3.123509e-01 6.776466e-01 1.206082e-01 -1.985136e-01 6.673377e-01 -5.748022e-07 
8.545055e-01 -7.059942e-01 -4.562338e-01 2.557642e+00 5.846129e+00 3.755797e+00 4.180007e-01 -1.957809e+00 -3.513579e+00 -6.275662e+00 -4.341571e-01 2.289150e+00 -1.512926e-01 5.072160e-01 -1.790199e-01 -7.769702e-01 3.674378e-01 7.985249e-01 4.544981e-01 -9.583320e-01 -6.329522e-01 1.130848e+00 -3.264639e-01 -6.989475e-01 5.172011e-01 1.399030e-06 1.047839e-01 9.640633e-02 -5.513442e-02 -1.397488e-01 -1.522593e-03 -6.260015e-01 -4.177888e-01 7.448117e-01 2.671188e-01 6.335419e-01 -1.321777e-01 2.674387e-01 -5.748022e-07 
4.582491e-01 -6.262750e-02 2.110081e-01 -1.093490e+00 7.272916e+00 4.158874e+00 -9.981310e-01 1.821773e+00 -2.565050e+00 -5.711464e+00 1.207594e+00 2.331036e+00 -1.512926e-01 1.841687e-01 1.549777e-02 -1.014689e+00 -8.331770e-01 4.863141e-01 -7.960760e-01 3.217275e-01 1.660250e+00 4.476216e-01 5.944427e-01 -1.030797e+00 9.859310e-01 1.399030e-06 -7.001290e-02 7.016353e-02 1.747559e-01 -1.828533e-02 -4.656429e-01 -9.191999e-01 -3.099159e-01 6.594615e-01 1.472606e-02 6.594518e-01 4.836592e-02 1.213759e-01 -5.748022e-07 
9.405837e-01 1.025516e+00 -5.452275e-01 6.500874e-01 7.298522e+00 2.450161e+00 -9.427865e-01 1.740741e+00 -2.286102e+00 -9.666834e-02 -2.486346e+00 1.670785e+00 -1.512926e-01 1.368358e-01 -1.261525e-01 9.475321e-02 -1.423981e-01 -4.171383e-01 -1.452333e+00 -5.684935e-01 1.928911e+00 -3.804878e-02 1.445897e+00 -4.283518e-01 4.619259e-01 1.399030e-06 -1.251537e-01 -2.620729e-03 4.363531e-01 3.690935e-02 -4.666454e-01 -2.198661e-01 -1.337516e-01 3.879640e-01 2.940702e-02 2.929121e-02 4.135963e-01 4.210988e-02 -5.748022e-07 
9.353893e-01 -8.446791e-01 -4.908191e-01 7.776985e-01 6.728012e+00 1.478968e+00 2.113982e+00 6.744812e+00 -4.774931e+00 -9.142220e-02 -5.070004e+00 4.824790e+00 -1.512926e-01 5.825015e-03 -1.715495e-01 2.360960e-01 8.979826e-02 -1.233052e+00 -2.139822e+00 -1.277995e+00 1.515257e+00 5.164580e-01 1.161676e+00 6.032266e-01 1.367482e+00 1.399030e-06 -9.656431e-02 4.556485e-02 2.891023e-01 1.522791e-01 -9.522890e-02 4.303421e-01 -3.711051e-02 -4.531556e-01 6.004068e-01 -3.425460e-01 4.078319e-01 -1.032919e-01 -5.748022e-07 
1.299737e+00 -9.456154e-01 3.687505e-01 9.099380e-01 4.032687e+00 -2.166179e+00 -3.980794e+00 5.225777e+00 -2.598926e+00 -1.856985e+00 5.632475e-01 3.351856e+00 -1.512926e-01 -2.916754e-02 -9.856948e-02 7.792467e-01 9.062827e-02 -6.749902e-01 2.718594e-02 -8.272515e-01 1.379469e+00 1.243569e+00 -4.636743e-01 5.519419e-01 5.369506e-01 1.399030e-06 -9.050872e-02 1.039946e-01 -5.406281e-02 -1.025422e-01 3.855339e-01 6.433731e-01 5.683830e-01 -9.611091e-01 5.089054e-01 -1.012782e-01 8.335779e-02 -3.779692e-01 -5.748022e-07 
3.079833e-01 6.497902e-02 9.343456e-01 -7.741317e-01 2.741102e+00 -4.231948e+00 -5.869074e+00 7.655462e+00 1.741455e-01 9.764048e-01 2.699155e+00 8.328137e+00 -1.512926e-01 -2.154564e-01 2.295534e-01 8.870505e-02 -1.882563e-01 1.393347e-01 6.158836e-01 2.657513e-01 -3.305367e-01 2.808899e+00 -1.634812e-01 5.181926e-01 4.320094e-01 1.399030e-06 1.488175e-02 7.522238e-02 -1.472923e-01 -4.523814e-02 5.601806e-01 3.504627e-01 7.604039e-01 -9.630926e-01 -1.273203e-03 1.676948e-01 -3.519464e-01 -8.881093e-01 -5.748022e-07 
1.108288e+00 7.769865e-02 2.638301e+00 1.879253e+00 5.916803e+00 5.441499e+00 -1.087870e+00 8.182816e+00 1.457200e+00 -2.949135e+00 -3.611052e+00 2.603514e+00 -1.512926e-01 -2.051446e-01 1.933507e-01 -1.016804e-01 -5.161117e-01 8.242925e-01 3.866770e-01 1.501570e+00 -1.953546e+00 1.360107e+00 1.601983e+00 3.104827e-02 -9.601568e-01 1.399030e-06 4.876973e-02 3.291772e-02 -1.636185e-01 1.618884e-01 2.903572e-01 -5.403053e-01 -6.774256e-02 -5.003386e-01 -5.717337e-01 2.253085e-01 -3.219083e-01 -6.587269e-01 -5.748022e-07 
-4.634713e-02 -2.091083e-01 -1.182524e+00 -6.485042e-01 6.482703e+00 7.545406e-01 1.996414e+00 3.612846e+00 7.241534e+00 -3.623136e-01 -3.921413e-01 7.358704e+00 -1.512926e-01 1.682784e-01 5.873988e-02 -5.973774e-02 1.669895e-01 8.184683e-01 -5.672615e-01 1.359693e+00 -1.633793e+00 4.517313e-01 9.673548e-01 -8.960392e-01 -2.324627e+00 1.399030e-06 1.027460e-01 2.501360e-03 1.221213e-01 3.064961e-01 6.945894e-02 -3.960962e-01 -8.744466e-01 3.938543e-01 -1.099889e+00 -2.526571e-01 -4.585883e-01 -4.249825e-01 -5.748022e-07 
4.511996e-01 1.581195e-01 9.187401e-01 -1.732868e+00 6.283486e+00 -2.725964e+00 -4.059134e-01 -2.520534e+00 6.679946e-01 6.822507e+00 2.263946e+00 -9.637423e-01 -1.512926e-01 2.289868e-02 1.515452e-01 3.558646e-02 7.222686e-01 4.372499e-01 -2.082717e+00 -1.713013e+00 -4.706206e-01 -4.365363e-01 9.738786e-02 -3.504040e-01 -1.378520e+00 1.399030e-06 4.725584e-02 2.298972e-02 1.242015e-01 1.906576e-01 -2.217541e-02 1.526934e-01 -1.055416e+00 9.016275e-01 -7.072780e-01 -7.022647e-01 -4.060780e-01 3.080190e-01 -5.748022e-07 
1.477459e+00 3.185508e-01 1.495301e+00 1.866691e+00 6.650169e+00 -2.984235e+00 5.884117e-01 4.838622e+00 2.827063e+00 9.277589e-01 -4.718513e+00 -1.511289e+00 -1.512926e-01 1.841687e-01 2.630265e-01 6.305410e-01 7.249662e-01 6.799237e-01 -1.300179e-01 -2.499145e+00 8.970770e-01 -1.792274e+00 -6.745717e-01 -1.584118e+00 -1.483694e+00 1.399030e-06 -4.974998e-02 2.355884e-02 3.790594e-02 -2.494936e-01 -1.468960e-02 6.138287e-01 -5.034384e-01 4.586483e-01 -4.224072e-01 -2.132415e-01 -3.341686e-02 6.394029e-01 -5.748022e-07 
4.604752e-01 5.717123e-01 1.477165e+00 4.233116e+00 8.019597e+00 -3.102460e+00 -8.948980e+00 5.216773e+00 1.481549e+00 -3.106996e+00 -3.199674e+00 1.456006e-01 -1.512926e-01 2.306773e-02 2.062802e-01 1.740367e-01 1.580669e-01 7.826408e-01 9.314673e-01 -1.845971e+00 1.289251e+00 -1.054155e+00 -1.088381e+00 -1.655220e+00 1.594893e-01 1.399030e-06 -4.718800e-02 -1.191637e-02 -5.204568e-02 -4.565029e-01 1.625621e-02 7.280326e-01 2.651858e-01 -6.174711e-02 -1.389148e-01 1.961752e-01 1.052896e-01 4.550511e-01 -5.748022e-07 
8.700886e-01 8.991400e-01 1.691003e+00 -6.481542e-03 9.014148e+00 2.927479e-01 -6.227719e+00 4.229593e+00 -2.126249e+00 1.229650e+00 -5.581091e+00 -6.144007e-01 -1.512926e-01 -8.055758e-02 1.489593e-01 6.043649e-02 -7.985238e-01 5.724412e-01 9.949761e-01 -1.091173e+00 -2.205256e-01 -1.351370e+00 4.940154e-01 -4.106965e-01 1.032792e-01 1.399030e-06 -6.331681e-02 -2.854735e-02 -1.253559e-01 -4.003708e-01 -4.256088e-02 2.313634e-01 3.570819e-01 -3.744772e-01 5.840942e-02 3.919477e-01 3.591495e-01 3.117642e-01 -5.748022e-07 
