-7.890731e+00 -5.179093e+00 -2.808417e+00 9.768483e-01 7.969403e+00 4.653839e+00 2.535146e+00 1.390496e+01 -3.108585e+00 8.907065e-01 -5.639791e+00 3.167244e+00 -1.512926e-01 9.385015e-01 5.452203e-01 -1.681194e+00 1.113290e+00 -3.615135e-01 1.819272e-01 2.285681e-01 -5.790977e-01 8.134798e-01 5.183874e-01 1.657781e+00 1.803591e-01 -8.156118e-07 7.624251e-02 1.798902e-01 1.920647e-01 1.045106e-01 -1.593044e-01 -1.360644e-01 -2.655329e-01 3.850054e-02 3.327552e-01 -1.487993e-01 -8.196756e-02 -3.800645e-01 -6.502174e-07 
-6.375665e+00 -4.109929e+00 -5.256556e+00 2.945795e+00 9.336036e+00 5.162373e+00 1.508054e+00 1.143469e+01 -3.690694e+00 -1.245188e+00 -7.390602e+00 2.587539e+00 -1.512926e-01 1.311072e+00 9.944873e-01 -1.353032e+00 1.661075e+00 -1.193930e+00 -8.183420e-02 -2.810751e-01 -9.947762e-01 1.630444e+00 6.939878e-01 2.330127e+00 -5.223846e-01 -8.156118e-07 -1.353821e-01 1.779211e-01 5.773841e-01 -1.226383e-02 -8.092067e-02 1.277882e-01 -1.760073e-01 5.311601e-02 2.988870e-01 -3.382533e-01 -3.166782e-01 -3.928923e-01 -6.502174e-07 
-3.956150e+00 -2.987244e+00 -9.990604e+00 5.559134e+00 5.478464e+00 5.309283e+00 4.191633e+00 1.224448e+01 1.250133e+00 4.550322e+00 3.524262e+00 4.359313e+00 -1.512926e-01 1.133343e+00 1.220027e+00 -8.849301e-01 1.362010e+00 -7.418130e-01 -3.666570e-01 -8.443370e-01 -1.787612e-01 2.068800e+00 -3.135163e-01 9.117877e-01 -1.368590e+00 -8.156118e-07 -4.208008e-01 1.139573e-02 8.305876e-01 -1.632445e-01 2.165314e-01 2.997655e-01 -5.716729e-02 1.657663e-01 -6.119884e-02 -5.792585e-01 -4.823177e-01 -4.581707e-02 -6.502174e-07 
-3.302681e+00 -1.302387e+00 -5.982832e+00 6.991575e+00 3.245055e+00 3.917481e+00 3.016836e-01 9.761102e+00 2.864136e+00 2.530354e+00 1.428707e+00 -4.080382e-02 -1.512926e-01 1.640777e-01 1.097345e+00 8.076552e-01 9.276117e-01 -5.759560e-01 1.095302e+00 -1.149960e-01 -5.137275e-01 1.680193e+00 -7.569148e-01 4.473636e-01 -1.009501e+00 -8.156118e-07 -6.155708e-01 -2.896858e-01 5.379217e-01 -2.341129e-01 5.299682e-01 4.361419e-01 1.884238e-01 3.746136e-01 -5.221529e-01 -5.597807e-01 -5.180593e-01 3.248448e-01 -6.502174e-07 
-3.760262e+00 -4.825701e-01 -6.870265e+00 5.764355e+00 7.305218e+00 3.442849e+00 -1.082916e+00 1.384832e+01 3.957933e+00 -2.564716e+00 -5.490813e+00 -2.361480e+00 -1.512926e-01 -5.922183e-01 5.508842e-01 1.391384e+00 6.639392e-01 4.122167e-01 1.092176e+00 -1.402597e-01 9.122376e-03 4.825217e-01 -1.652410e+00 1.876553e-01 1.948139e-01 -8.156118e-07 -5.187125e-01 -4.111531e-01 8.688585e-02 -2.233956e-01 2.347107e-01 2.621323e-01 1.648667e-01 2.379462e-01 -6.394293e-01 1.370914e-01 -2.544483e-01 4.793476e-01 -6.502174e-07 
-5.652820e+00 1.244098e-01 -2.778693e+00 7.481174e+00 5.542233e+00 1.157171e+01 3.570975e+00 8.064432e+00 3.355947e+00 -1.472160e+00 -6.463282e-01 9.000107e-01 -1.512926e-01 -9.041935e-01 -1.193915e-01 1.983874e-01 8.396133e-01 8.788790e-01 1.369429e+00 3.091559e-01 7.843366e-01 -1.871716e-01 -1.435446e+00 1.019603e-01 3.202340e-01 -8.156118e-07 -1.591669e-01 -3.171761e-01 -5.636091e-01 -3.542812e-01 5.029761e-02 -5.057385e-01 -1.998281e-01 1.088856e-01 -4.389550e-01 5.645640e-01 -4.249995e-01 3.611558e-01 -6.502174e-07 
-5.742092e+00 -9.464139e-01 -4.635568e+00 8.633927e+00 6.390860e+00 6.942921e+00 1.855776e+00 1.313871e+01 3.416714e+00 -1.710521e+00 5.500388e+00 4.863308e+00 -1.512926e-01 -9.259976e-01 -2.273470e-01 -1.459547e-01 2.889241e-01 -2.957565e-01 8.070237e-01 -2.319337e-01 3.620989e-01 -1.948252e-01 7.112870e-01 -1.876733e-01 3.633811e-01 -8.156118e-07 1.310198e-01 -8.922217e-02 -6.365804e-01 -3.607116e-01 -7.001311e-02 -6.249452e-01 -1.811055e-01 -5.641099e-01 -2.031401e-01 8.802341e-01 -3.291768e-01 3.361208e-01 -6.502174e-07 
-6.832735e+00 -1.667073e+00 -6.108176e+00 9.755019e+00 8.096452e+00 9.014125e+00 3.778681e-01 1.403765e+01 2.199112e+00 -5.074015e+00 -3.556959e+00 -2.051957e+00 -1.512926e-01 -4.649435e-01 -9.934097e-02 -1.241867e+00 -6.563594e-01 2.939194e-02 -1.291056e+00 -1.068299e+00 -1.458538e-01 -1.760615e-01 8.840848e-01 -1.490004e+00 7.118186e-01 -8.156118e-07 2.775548e-01 7.622207e-02 -2.483004e-01 -4.254176e-01 -9.857585e-02 -4.751134e-01 1.499817e-02 -7.301793e-01 2.936167e-02 6.474529e-01 3.348280e-01 5.539868e-01 -6.502174e-07 
-7.799929e+00 -7.232046e-01 -5.935202e+00 6.071600e+00 4.549880e+00 8.756919e+00 -6.460787e-01 1.267192e+01 3.562667e+00 2.792714e+00 -4.974106e+00 9.315568e-01 -1.512926e-01 -1.566445e-01 9.470707e-02 -1.071489e+00 -3.917188e-01 4.869635e-01 -7.023235e-01 -3.569727e-01 -2.346315e+00 -5.386217e-01 1.589000e+00 -6.622992e-01 1.679640e+00 -8.156118e-07 2.483919e-01 -2.188617e-02 1.319114e-01 -6.281398e-02 3.103741e-02 2.056524e-02 1.621858e-01 -1.584237e-01 2.994129e-01 -3.942065e-02 8.641989e-01 1.491864e-01 -6.502174e-07 
-6.948533e+00 -4.838147e-01 -8.337859e+00 5.479978e+00 6.610129e+00 4.209493e+00 -5.199201e-01 7.568281e+00 2.402992e+00 6.966822e-01 -2.859261e+00 6.425394e+00 -1.512926e-01 9.904592e-02 1.007109e-01 -5.803837e-01 -9.471414e-01 -5.456221e-03 -2.514774e-01 4.467735e-01 -1.512512e+00 1.315654e-01 1.362855e+00 2.013483e+00 2.432160e+00 -8.156118e-07 1.060152e-01 -1.581412e-01 5.110821e-01 1.830598e-01 -2.689369e-01 5.770736e-01 1.305860e-01 4.572637e-01 4.431422e-01 -3.140143e-01 9.375240e-01 -3.370810e-01 -6.502174e-07 
-6.467487e+00 -1.064657e+00 -8.877912e+00 8.812177e+00 9.569039e+00 5.833186e+00 5.197529e-01 4.641723e+00 6.214551e-01 3.349161e+00 1.839938e+00 9.022933e+00 -1.512926e-01 3.414087e-02 -4.368010e-01 1.829064e-01 1.201350e-01 -1.230309e-01 3.900733e-01 -1.784216e-01 2.531487e-01 1.148635e+00 2.748468e-01 2.381525e+00 2.492641e-01 -8.156118e-07 -1.956237e-02 -2.736626e-01 4.775082e-01 1.281781e-01 -3.770626e-01 5.128800e-01 -7.108546e-03 7.547014e-01 3.163470e-01 -5.090519e-01 -1.443729e-01 -7.836235e-01 -6.502174e-07 
-7.003626e+00 -9.928813e-01 -7.538526e+00 3.648823e+00 5.559893e+00 9.218894e+00 2.029113e+00 1.049012e+01 4.327075e+00 1.462204e+00 3.103181e+00 6.063171e+00 -1.512926e-01 -3.038389e-02 -6.242788e-01 6.864313e-01 2.875492e-03 -1.010194e+00 1.048243e+00 -5.046104e-01 8.408129e-01 1.196162e+00 -2.880577e-02 1.675853e+00 -2.583938e-01 -8.156118e-07 -1.834263e-02 -2.254000e-01 2.624333e-01 3.651207e-01 1.282228e-01 2.682293e-01 -6.274890e-02 -6.863685e-02 -3.637509e-01 -3.283845e-01 -1.111590e+00 -6.881390e-01 -6.502174e-07 
-7.602001e+00 -2.652430e+00 -5.420577e+00 7.588474e+00 4.459621e+00 8.203181e+00 -2.812443e+00 1.247682e+01 8.343343e+00 3.783987e+00 3.952731e+00 2.358923e+00 -1.512926e-01 -1.897309e-01 -9.109896e-01 6.825830e-01 -2.258343e-01 -8.959530e-01 1.212127e+00 8.316895e-02 2.504805e-01 5.109143e-01 -2.602660e-01 -1.215430e+00 -8.933194e-01 -8.156118e-07 2.490263e-02 5.460042e-02 -7.480258e-02 -9.659611e-04 3.792604e-01 4.397209e-02 2.617759e-01 -6.415462e-01 -6.985934e-01 8.134165e-02 -1.145665e+00 -3.402512e-03 -6.502174e-07 
-6.532783e+00 -2.810917e+00 -6.634619e+00 6.106781e+00 4.113794e+00 8.265562e+00 -1.376820e+00 7.854643e+00 4.522437e+00 3.346663e-01 4.463692e+00 8.465125e+00 -1.512926e-01 1.192020e-01 -7.891008e-01 4.820302e-01 1.051541e+00 1.022211e+00 6.786807e-01 2.154751e-03 -1.854482e+00 -1.368424e+00 -1.141002e-02 -1.746020e+00 -4.373946e-01 -8.156118e-07 6.994653e-03 2.587320e-01 -3.134964e-01 -2.340236e-01 4.789680e-01 -3.269634e-01 3.929219e-01 -3.399633e-01 -5.241513e-01 6.199372e-02 -4.452604e-01 2.066530e-01 -6.502174e-07 
-7.651483e+00 -4.710270e+00 -5.916938e+00 6.454483e+00 5.812519e+00 1.237090e+01 2.638239e+00 7.212164e+00 3.078239e+00 2.611299e+00 -4.917059e+00 3.355407e+00 -1.512926e-01 8.370703e-02 -8.132951e-02 -8.901622e-02 -4.089312e-01 7.571630e-01 7.948475e-01 8.771082e-01 -1.606899e+00 -1.062155e+00 6.727264e-01 -1.635841e+00 3.216469e-01 -8.156118e-07 -3.386658e-02 4.325932e-01 -4.151941e-01 -1.811960e-01 4.953784e-01 -4.903909e-01 1.036448e-01 2.956886e-02 -1.273575e-01 -2.864423e-01 5.442784e-01 5.981601e-01 -6.502174e-07 
-6.382806e+00 -3.909538e+00 -4.880526e+00 9.473574e+00 9.994334e+00 1.052843e+01 -6.855688e-01 3.849769e+00 1.177179e-01 1.991398e+00 -1.191764e+00 3.378046e+00 -1.512926e-01 -1.321783e-01 2.545446e-01 -4.951947e-01 -1.075697e+00 5.579729e-01 -3.778459e-01 1.063014e+00 6.971205e-02 -6.379956e-01 -1.853676e-01 -3.402143e-01 1.674258e-01 -8.156118e-07 -1.204125e-01 3.564927e-01 -3.069898e-01 6.878611e-02 2.345469e-01 -4.860459e-01 2.120896e-03 4.800844e-01 1.293884e-01 -3.756939e-01 6.982524e-01 4.302088e-01 -6.502174e-07 
-7.258178e+00 -2.510124e+00 -6.742773e+00 3.859907e+00 5.304814e+00 1.104600e+01 1.227080e+00 6.444336e+00 5.235165e+00 6.319319e+00 -1.399021e+00 6.510754e+00 -1.512926e-01 -2.334657e-01 7.302059e-01 -9.046968e-01 -6.834082e-02 1.812911e+00 -7.115378e-01 7.080363e-02 -5.637558e-01 -4.910951e-01 -1.605441e+00 8.030658e-01 1.795170e+00 -8.156118e-07 -5.757155e-03 1.924770e-01 3.987583e-02 7.228569e-01 2.806993e-01 -2.364195e-01 -2.883429e-01 4.458534e-01 1.136113e-01 -8.642706e-02 4.515256e-01 -1.412498e-01 -6.502174e-07 
-7.389790e+00 -2.638324e+00 -8.697775e+00 2.025233e+00 7.157567e+00 7.038299e+00 4.643497e+00 8.586807e+00 2.540165e-01 -2.445942e+00 1.003522e+00 7.724720e+00 -1.512926e-01 -3.243581e-01 5.875868e-01 -6.451064e-01 1.225171e+00 1.667054e+00 -9.983352e-01 4.158602e-01 2.435317e-02 -1.006852e+00 -7.508263e-01 5.257716e-01 9.768962e-01 -8.156118e-07 4.314326e-02 -2.787977e-01 3.816663e-01 1.242930e-01 -1.409614e-01 -1.527436e-01 -1.565816e-01 1.196121e-01 3.729868e-01 6.845040e-01 -5.960163e-02 -4.483933e-01 1.893550e-02 
-8.314644e+00 -1.695285e+00 -8.531605e+00 9.837108e+00 1.629575e+01 1.055826e+01 3.278939e-01 2.025129e+00 5.544416e-01 -3.197227e+00 -1.999451e+00 1.015785e+01 -1.512926e-01 1.511474e-01 7.145733e-01 1.853554e-01 2.054809e+00 1.606044e+00 -7.706247e-02 -2.409945e-01 6.450360e-01 -3.097533e-01 5.233162e-01 1.889183e-01 -7.894186e-01 -8.156118e-07 -1.024801e-02 -6.627365e-01 4.580860e-01 -1.090652e+00 -8.944019e-01 -4.445583e-01 3.276565e-01 1.825185e-01 6.359909e-01 8.316695e-01 -3.319835e-01 -6.654317e-01 4.304811e-02 
-7.476001e+00 -1.378726e+00 -7.211200e+00 1.261111e+01 1.283453e+01 5.780298e+00 1.843195e+00 6.181575e+00 -2.576452e+00 2.995687e+00 1.736925e+00 6.439126e+00 -1.512926e-01 -1.085995e-01 -1.131545e+00 8.680921e-01 -1.515796e+00 -4.323365e-02 -1.458889e+00 4.360071e-01 6.337515e-02 1.136044e+00 2.172724e+00 -3.311784e-01 -7.822455e-01 9.467592e-02 -1.893277e-01 -4.519640e-01 6.521895e-02 -1.576282e+00 -8.604673e-01 -3.641761e-01 4.703173e-01 -3.108178e-01 7.956025e-01 1.469602e-01 -4.706523e-01 -2.645624e-01 5.488794e-02 
-6.459325e+00 4.330859e-01 -6.559055e+00 8.840907e+00 1.049664e+01 1.128919e+01 1.422434e+00 1.087246e+01 5.101706e+00 6.214782e+00 -8.211631e-01 3.206213e+00 -1.512926e-01 -3.924324e-01 -1.723998e+00 6.290556e-01 -4.151014e+00 -1.803823e+00 -2.703981e+00 1.698976e+00 3.293026e-01 1.617235e+00 1.091191e+00 -4.283382e-01 -6.523694e-01 1.678999e-01 -6.332570e-01 3.414348e-01 -2.269263e-01 -8.466539e-01 -4.011706e-01 -2.694926e-02 5.137836e-01 -6.503069e-01 3.731445e-01 -2.637182e-01 -5.394166e-01 1.278744e-02 4.119621e-02 
-8.860476e+00 -9.359911e+00 -5.343580e+00 -5.056055e+00 9.840796e+00 -6.213571e-01 6.276221e+00 4.480186e+00 3.660347e+00 3.711177e+00 -1.241423e+00 7.289014e+00 3.220911e-01 -9.991425e-01 -4.528868e-01 -5.409379e-01 -3.553206e+00 -9.303972e-01 -1.505619e+00 1.797366e+00 -1.371877e+00 2.007571e+00 -2.999863e-01 -1.518860e+00 -4.145712e-01 1.904885e-01 -7.577811e-01 1.405606e+00 -2.882833e-01 7.793016e-01 8.970239e-02 1.076256e+00 4.949870e-02 -4.159466e-01 -1.066895e-01 -3.054007e-01 -4.700822e-01 -1.621985e-01 -7.969190e-03 
-9.584850e+00 -6.325011e+00 -6.320186e+00 -2.084459e+00 8.773391e+00 2.388568e-01 6.606121e+00 4.522143e+00 5.522528e+00 1.900690e+00 -2.651593e+00 6.471043e+00 4.515312e-01 -2.569921e+00 2.082425e+00 -2.447005e-01 -1.159715e+00 4.373524e-02 -1.884577e-01 1.647276e+00 -1.888835e+00 1.120366e+00 4.410729e-01 -1.914398e+00 -9.092958e-01 1.580730e-01 -5.479308e-01 1.216185e+00 1.813939e-01 1.314856e+00 2.731983e-01 1.420912e+00 -2.548971e-01 -2.754757e-01 -4.635147e-01 1.616767e-01 -3.283874e-01 -2.317687e-01 -4.021942e-02 
-1.090913e+01 -2.639245e-01 -1.003537e+01 3.084150e-01 9.044167e+00 3.777351e+00 8.238495e+00 2.497679e+00 7.251250e+00 3.653010e+00 -4.942504e+00 2.733764e+00 4.997374e-01 -2.808878e+00 3.993340e+00 -1.363337e-01 8.850110e-01 -5.184818e-01 2.664707e+00 7.092168e-01 -9.072825e-01 8.510073e-01 9.707737e-01 -1.938591e+00 -1.464883e+00 5.974200e-02 7.945818e-02 5.487069e-02 7.590152e-01 7.655923e-01 -1.221270e-01 9.362356e-01 -1.814132e-01 2.097836e-01 -8.864459e-01 2.845600e-01 -9.889550e-02 -1.119217e-01 -4.866357e-02 
-1.828500e+01 6.297101e+00 -5.436335e+00 3.605997e-01 1.111374e+01 8.147582e+00 8.678127e+00 2.419532e+00 8.908414e+00 8.449518e+00 -8.543035e+00 9.374949e-01 5.502626e-01 -2.227268e+00 2.133741e+00 1.333745e+00 2.041530e-01 -6.438341e-01 2.315548e+00 9.684623e-01 -1.280381e+00 -1.221157e-01 1.264182e+00 -1.860377e+00 -1.286099e+00 3.217828e-02 1.289383e+00 -9.259028e-01 9.138392e-01 3.422266e-02 -5.087721e-01 -1.459458e-01 -4.164563e-01 1.939715e-01 -1.068198e+00 -1.912609e-01 3.073750e-01 3.352919e-02 -3.110055e-02 
-1.855486e+01 4.295685e+00 -6.467375e+00 -1.853439e+00 6.077898e+00 8.747878e+00 8.786463e+00 9.945399e-01 6.222763e+00 5.291031e+00 -7.988570e+00 2.731537e+00 5.714319e-01 -7.733693e-01 -2.042379e-01 2.464905e+00 -4.071024e-01 -1.197162e+00 1.923608e+00 1.229840e+00 -6.272359e-01 -1.803447e+00 7.112870e-01 -2.040318e+00 -7.857233e-01 1.011907e-02 2.144808e+00 -9.749762e-01 8.681955e-01 -6.481597e-01 -6.339962e-01 -1.377398e+00 -7.950392e-01 -2.631679e-01 -9.232592e-01 -7.806588e-01 8.114854e-01 -1.215943e-01 1.761182e-03 
-1.689849e+01 2.064007e+00 -1.435368e+00 1.700157e-02 7.036895e+00 9.331450e+00 1.117439e+01 -1.128526e+00 5.425983e+00 7.402520e+00 -1.043051e+01 4.158704e-02 5.765617e-01 2.859285e+00 -4.482423e-01 3.023882e+00 -3.425559e-01 -2.160689e+00 -5.476537e-01 -6.953136e-01 -1.058923e+00 -2.893350e+00 -3.854188e-01 -3.266119e-01 -1.081232e+00 2.738816e-02 2.139263e+00 -3.852071e-01 2.008485e-01 -1.065020e+00 -8.035383e-01 -2.045545e+00 -1.422553e+00 -6.442385e-01 -1.775812e-01 -1.316212e+00 1.216309e+00 -5.668437e-01 2.043029e-02 
-1.546912e+01 8.313776e-01 2.886438e-01 -1.555576e+00 5.096336e+00 1.280350e+01 1.313946e+01 1.135623e+00 -2.482781e-02 7.732809e+00 -1.420054e+01 -7.470642e-01 5.371921e-01 5.371821e+00 4.095112e-01 3.359653e+00 -2.082299e+00 -2.930076e+00 -2.790860e+00 -2.434028e+00 -2.333975e+00 -2.379692e+00 -2.107792e+00 1.351922e+00 -2.175234e+00 7.094635e-02 1.229505e+00 -2.783213e-02 -2.996048e-01 -1.024517e+00 -4.611458e-01 -2.063485e+00 -1.254665e+00 -7.291536e-01 1.231366e+00 -1.036164e+00 1.365108e+00 -7.162774e-01 2.786475e-02 
-5.531411e+00 5.788034e+00 6.304777e+00 -1.501632e+00 8.012074e-01 3.381825e+00 3.025103e+00 -2.945299e+00 -2.434475e+00 5.301607e+00 -7.070482e+00 -2.729270e+00 7.043152e-01 5.396414e+00 -9.922769e-02 1.890710e+00 -4.283335e+00 -3.795118e+00 -5.554842e+00 -4.312385e+00 -3.648159e+00 -7.218153e-01 -3.907383e+00 2.525127e+00 -3.425631e+00 1.039169e-01 -4.262896e-01 -3.058634e-01 -6.988809e-01 -6.418186e-01 2.586222e-01 -8.173159e-01 -1.581059e-02 -7.256850e-02 2.004812e+00 -1.960654e-01 7.249600e-01 -1.998026e-01 1.247913e-02 
2.620871e+00 4.481140e+00 6.460920e+00 -1.150585e+01 -5.454592e+00 -2.231942e+00 6.913426e-01 -9.766591e+00 -1.745031e+00 -4.197448e+00 -2.908921e+00 -6.758999e+00 8.622854e-01 4.105792e+00 -5.180225e-01 1.533424e+00 -3.559231e+00 -2.685735e+00 -5.890180e+00 -3.235002e+00 -2.978338e+00 3.267458e+00 -2.708525e+00 3.359245e+00 -3.194898e+00 1.111792e-01 -1.488571e+00 -3.681415e-01 -7.139111e-01 3.576186e-01 9.141895e-01 8.407861e-01 9.964835e-01 8.253001e-01 1.604810e+00 9.698753e-01 5.161403e-02 8.180951e-01 -1.088609e-02 
1.038468e+00 -2.568715e-01 4.932086e+00 -1.642470e+01 -6.663272e+00 -1.092494e+01 -4.163493e+00 -1.391832e+01 2.677293e+00 -6.169012e+00 -3.450662e+00 -1.408065e+01 9.335935e-01 1.360891e+00 -1.513864e+00 4.426718e-01 -2.813181e+00 -9.897905e-01 -3.084404e+00 -3.738151e-01 -1.099613e+00 4.307119e+00 -1.065303e+00 2.294470e+00 -1.570305e+00 6.966659e-02 -1.425421e+00 1.057202e-01 -4.416108e-01 1.002490e+00 1.136468e+00 2.300701e+00 1.457648e+00 1.142652e+00 3.012010e-01 1.520361e+00 -3.820657e-01 1.704663e+00 -2.564914e-02 
1.774576e+00 1.263690e+00 8.642256e+00 -1.188991e+01 -4.600080e+00 -9.493812e+00 5.588935e-01 -8.269746e+00 1.375667e+01 -7.453381e-02 7.860041e-01 -1.104629e+01 9.784442e-01 -5.320207e-02 -7.239649e-01 5.140416e-01 -1.029331e+00 2.380769e-01 1.778137e-01 5.790612e-01 5.182980e-01 3.129816e+00 1.320622e+00 1.725404e+00 9.875471e-01 3.363793e-02 -8.553602e-01 4.514735e-01 -3.928115e-01 6.725746e-01 8.089463e-01 2.391595e+00 8.106641e-01 5.893158e-01 -1.248004e+00 1.030473e+00 -6.316869e-01 1.584919e+00 -2.729720e-02 
1.696017e+00 -1.726494e-01 7.427498e+00 -1.537514e+01 -4.575062e+00 -8.408938e+00 1.222187e+00 -9.191770e+00 1.134986e+01 -2.086773e+00 2.554462e+00 -8.437620e+00 9.945715e-01 3.487782e-01 5.325329e-01 1.922650e-01 -5.358726e-01 4.253479e-01 2.914647e+00 1.068771e+00 3.168512e-01 8.531060e-01 1.679844e+00 1.431690e+00 3.006441e+00 1.444663e-02 -1.687031e-01 6.705086e-01 -2.287807e-01 4.901118e-01 3.548576e-01 1.300584e+00 2.164846e-03 7.371442e-02 -1.441642e+00 4.023789e-01 -5.169191e-01 7.917153e-01 -1.763162e-02 
2.026067e+00 8.193458e-01 7.783832e+00 -1.717756e+01 -5.307922e+00 -2.600799e+00 8.936856e-01 -9.538445e+00 9.567760e+00 3.639529e-01 2.715343e+00 -4.642816e+00 9.999999e-01 3.349606e-01 7.161592e-01 -3.054873e-01 -1.335066e+00 6.515074e-01 3.068330e+00 9.702665e-02 -7.399660e-01 -1.245596e+00 1.071283e+00 6.322588e-01 2.441290e+00 2.306869e-03 3.515951e-02 3.092726e-01 -1.895461e-01 2.942076e-01 -2.635011e-02 -8.217261e-02 -3.290403e-01 -9.363700e-02 -8.311210e-01 -3.642237e-01 -4.396908e-01 -2.475449e-01 -9.298070e-03 
2.656579e+00 2.627839e+00 6.323042e+00 -1.645988e+01 -4.182634e+00 2.013383e-01 1.013204e+00 -1.169927e+01 9.037331e+00 2.010922e+00 2.742841e+00 -2.250141e+00 9.950458e-01 3.234247e-01 1.118642e+00 -2.915807e-01 -2.096976e-01 5.778717e-01 1.973465e+00 -1.219249e-01 -1.020513e-01 -7.132975e-01 1.071283e+00 2.563473e-01 1.661273e+00 -2.822461e-03 -7.328629e-02 -1.208824e-01 3.772866e-02 3.338172e-01 -2.532798e-01 -9.972823e-01 -3.248651e-01 1.508089e-01 -1.681262e-02 -6.251828e-01 -3.157573e-01 -8.208138e-01 -4.120020e-03 
2.969285e+00 3.444337e+00 7.667083e+00 -1.802308e+01 -1.538647e+00 1.542513e+00 1.148449e+00 -1.071589e+01 8.685225e+00 3.233235e+00 3.853001e+00 -1.933567e+00 9.897228e-01 1.351747e-01 5.293611e-01 -1.917853e-01 2.787042e-01 3.009900e-02 2.373780e-01 -4.707124e-01 2.594856e-01 -2.424753e-01 -1.962882e-01 1.145910e-01 4.223959e-01 -4.220434e-03 -9.063984e-02 -2.933537e-01 1.070562e-01 4.095531e-01 -4.785389e-01 -1.066592e+00 -2.122219e-01 2.436300e-01 4.264185e-01 -6.383411e-01 -2.487911e-01 -7.011737e-01 -7.954501e-04 
2.841754e+00 4.108156e+00 6.027947e+00 -1.600077e+01 -3.569955e+00 -6.136726e-01 4.855048e-01 -9.113098e+00 8.224649e+00 1.835202e+00 3.267756e+00 -1.485984e+00 9.855943e-01 8.231258e-02 2.152842e-02 3.240719e-01 3.263610e-01 -5.304009e-01 -6.565807e-01 -2.715880e-01 5.711055e-01 2.676026e-01 -8.123879e-01 1.118706e-01 -8.819638e-02 -2.894416e-03 -5.687527e-02 -3.782187e-01 4.430030e-02 8.303124e-02 -4.332054e-01 -6.532577e-01 -2.879473e-01 4.867859e-03 2.530808e-01 -4.760695e-01 -3.212830e-01 -4.462726e-01 7.040828e-04 
2.609138e+00 2.725752e+00 6.972322e+00 -1.601367e+01 -5.463912e+00 -1.006487e+00 -1.196144e+00 -9.534250e+00 8.761326e+00 -5.292910e-01 3.026434e+00 -2.912979e+00 9.836267e-01 2.448944e-03 -2.019723e-01 -7.799587e-02 4.446963e-01 -1.187061e+00 -9.496307e-01 -8.892146e-01 1.416414e-01 3.959862e-01 -1.178665e+00 -5.392948e-01 -1.899236e-01 -1.640351e-03 3.272004e-02 -2.006895e-01 -3.163144e-02 -3.539544e-02 -1.861639e-01 -1.476277e-01 -2.565233e-01 -3.722641e-02 9.220709e-02 3.312330e-02 -3.806623e-01 -9.024891e-02 9.837638e-04 
3.248322e+00 3.095002e+00 8.290578e+00 -1.583308e+01 -4.871836e+00 -1.807033e+00 8.272864e-01 -9.434600e+00 1.033728e+01 -1.693088e-01 3.715513e+00 -2.201523e+00 9.836267e-01 1.052575e-01 -4.066687e-01 -1.268877e-01 1.223941e-01 -9.795886e-01 -6.991972e-01 -1.352381e+00 -1.878222e-02 2.327909e-01 -8.178966e-01 -1.023151e+00 -2.639367e-01 -5.970103e-04 8.544599e-02 -1.078708e-01 -8.677468e-02 -3.110850e-02 -1.219976e-02 9.716310e-02 -2.451842e-01 -1.162797e-02 -1.288300e-01 3.568875e-01 -3.890386e-01 5.333989e-02 6.408780e-04 
2.777989e+00 2.941494e+00 6.145770e+00 -1.588350e+01 -6.823186e+00 -2.609387e+00 -3.468398e+00 -9.846836e+00 9.608648e+00 -1.658049e+00 9.325206e-01 -2.525148e+00 9.825199e-01 2.872959e-01 -2.599715e-01 -1.244388e-01 2.036151e-01 -6.760561e-01 -4.795331e-01 -1.213058e+00 3.683246e-01 2.358771e-01 -2.783934e-02 -1.221260e+00 5.906897e-02 -4.479616e-04 1.117812e-01 -5.578583e-02 1.064706e-01 -4.270476e-03 1.548202e-01 2.121650e-01 1.141488e-01 4.050910e-02 -1.564399e-01 4.842722e-01 -7.271421e-02 1.149962e-01 2.932519e-04 
3.284031e+00 1.966924e+00 5.806626e+00 -1.545371e+01 -7.788070e+00 -3.307774e+00 -5.140611e+00 -9.050686e+00 8.965205e+00 -1.689776e+00 -8.010530e-01 -2.999452e+00 9.831700e-01 3.671596e-01 -4.886831e-01 -8.665472e-02 2.912908e-01 -8.468626e-01 -4.056536e-01 -1.335646e+00 3.996756e-01 -2.965446e-01 3.967137e-01 -1.492336e+00 5.385219e-02 -2.834941e-04 9.026950e-02 1.158878e-02 2.239794e-01 8.017328e-02 2.032982e-01 2.326285e-01 4.381901e-01 -6.841612e-03 -8.234014e-02 3.851086e-01 2.806236e-01 2.308086e-01 2.205664e-04 
4.027791e+00 1.989743e+00 7.591877e+00 -1.518517e+01 -7.386322e+00 -2.654138e+00 -4.277071e+00 -7.884259e+00 1.062635e+01 9.183083e-02 -8.215735e-01 -2.218966e+00 9.816064e-01 4.305434e-01 -4.398596e-01 4.342753e-01 3.389476e-01 -4.792902e-01 -3.559779e-02 -3.268055e-01 1.350822e-01 -1.214985e-01 6.353255e-01 -6.684203e-01 2.261146e-01 -3.246110e-04 6.052128e-03 3.405985e-02 2.122350e-01 6.552625e-02 1.465003e-01 1.778256e-01 4.811290e-01 -1.226543e-01 -6.388094e-02 7.965358e-02 4.873549e-01 1.974977e-01 3.201139e-04 
4.459355e+00 1.127192e+00 7.134194e+00 -1.472606e+01 -8.825062e+00 -3.812692e+00 -5.446397e+00 -8.418172e+00 8.345046e+00 9.391109e-01 -2.869111e+00 -2.085359e+00 9.826781e-01 4.850535e-01 -2.588387e-01 7.135449e-01 4.555616e-01 -6.151631e-02 2.421497e-01 3.953934e-01 6.370867e-02 -2.747090e-04 7.760379e-01 1.036120e-01 8.065901e-01 4.463304e-04 -4.822622e-02 1.295040e-01 1.707882e-01 -6.547912e-03 1.446660e-01 7.796108e-02 4.748002e-01 -6.645735e-02 -4.348715e-03 -1.306633e-01 5.734418e-01 1.546176e-01 3.295947e-04 
4.342537e+00 1.162043e+00 7.653116e+00 -1.455309e+01 -8.701447e+00 -2.534802e+00 -4.949451e+00 -9.488096e+00 9.311064e+00 2.040965e-01 -1.375628e+00 -1.851547e+00 9.811321e-01 2.585196e-01 -2.045778e-01 5.366071e-01 4.491070e-01 -3.361602e-01 8.566993e-02 3.270643e-01 -7.681490e-02 -2.317355e-01 1.808131e-01 4.176326e-01 6.700843e-01 7.855446e-04 -8.393128e-02 1.203534e-01 7.963102e-02 -1.076929e-01 3.729370e-02 -1.139891e-01 2.360653e-01 3.140648e-02 -1.562295e-01 -2.526808e-01 3.455286e-01 8.918536e-02 -1.365404e-04 
5.552040e+00 1.086533e+00 9.343822e+00 -1.349239e+01 -7.438809e+00 -2.156905e+00 -2.827120e+00 -7.930412e+00 9.621142e+00 2.134170e+00 -6.088021e-03 8.499082e-01 9.856470e-01 2.121227e-01 4.123908e-02 7.160813e-01 2.035075e-01 -1.951514e-01 -7.640430e-02 7.114554e-01 1.734371e-01 -2.630908e-01 -2.928899e-02 8.319223e-01 6.049833e-01 8.061030e-04 -1.109873e-01 6.471626e-02 -3.664151e-02 -2.195998e-01 -1.298900e-01 -2.123820e-01 1.227328e-02 -9.389341e-02 -2.951205e-01 -3.311980e-01 5.490314e-02 -7.835214e-02 -1.179419e-03 
4.774101e+00 9.873751e-01 9.170132e+00 -1.355688e+01 -9.760513e+00 -3.053733e+00 -3.951015e+00 -8.512053e+00 8.829474e+00 3.981207e-01 -1.645064e-01 -3.358522e-01 9.840484e-01 1.470909e-01 1.189965e-02 8.310078e-01 -7.361211e-02 -2.260602e-01 -4.461310e-01 6.954657e-01 2.371396e-01 -7.710701e-01 -2.252812e-01 6.950240e-01 7.730070e-01 -1.182926e-03 -5.471301e-02 1.017819e-01 -8.208995e-02 -9.447481e-02 -1.399460e-01 -3.718100e-02 -1.897497e-02 -1.803469e-01 -1.904132e-01 -1.565904e-01 -4.081512e-03 -7.938664e-02 -2.242839e-03 
5.304630e+00 1.420517e+00 9.956215e+00 -1.420656e+01 -9.270959e+00 -3.936097e+00 -2.388535e+00 -8.038979e+00 7.270559e+00 6.958687e-01 6.854535e-01 1.818742e-01 9.852430e-01 -1.415762e-02 -4.349410e-02 3.830220e-01 -3.810686e-01 -7.661563e-01 -5.539063e-01 2.725929e-01 -5.627552e-01 -1.206216e+00 -6.768943e-01 2.394415e-01 3.633811e-01 -4.467136e-03 -6.363928e-02 1.590021e-01 -2.731881e-01 1.213458e-01 -2.139405e-01 1.291898e-01 -1.561860e-01 -3.306897e-01 -2.412267e-02 -4.989538e-02 -6.188208e-02 -2.185788e-01 -3.042379e-03 
5.202095e+00 1.054587e+00 1.150224e+01 -1.456364e+01 -8.915320e+00 -3.875525e+00 -1.691693e+00 -8.248242e+00 6.631659e+00 -2.030698e-01 1.753752e+00 2.347789e+00 9.754225e-01 9.828531e-02 3.467543e-01 2.926726e-01 2.690222e-01 -7.502978e-01 1.384880e-01 4.516770e-01 -6.105599e-01 -7.121865e-01 -2.784349e-01 6.935666e-01 3.940297e-01 -7.792463e-03 -1.473886e-02 2.279597e-01 -3.738774e-01 2.685753e-01 -1.101713e-01 2.550542e-01 -1.683161e-01 -3.735532e-01 2.130070e-01 5.584739e-02 3.630872e-02 -3.736506e-01 -2.906489e-03 
5.266881e+00 8.351115e-01 1.009302e+01 -1.489434e+01 -1.169175e+01 -4.515148e+00 -2.593674e+00 -1.087585e+01 4.689403e+00 -9.494736e-01 2.319500e-01 1.325326e+00 9.676224e-01 -8.147126e-02 6.688083e-01 -3.807055e-01 6.389813e-01 -1.002619e+00 2.771972e-01 5.236224e-02 -1.056255e+00 -4.132008e-01 -2.521479e-01 5.233425e-01 -2.984978e-01 -1.109723e-02 5.173687e-02 1.127086e-01 -2.626149e-01 1.756916e-01 1.758492e-01 1.126509e-01 -1.698983e-01 -2.470140e-01 2.318344e-01 2.282171e-02 1.017839e-01 -3.517191e-01 -2.293403e-03 
5.284225e+00 3.013684e+00 1.056503e+01 -1.186821e+01 -1.230198e+01 -2.071019e+00 -1.589997e+00 -1.014631e+01 6.558966e+00 -1.713426e-01 3.530008e+00 1.062566e+00 9.539019e-01 1.071590e-01 7.956815e-01 -6.563891e-01 7.593605e-01 -6.585815e-01 4.136029e-01 -3.600720e-02 -1.383884e+00 -1.026113e-01 -1.584042e-01 7.344710e-01 -7.644215e-01 -1.240269e-02 1.004709e-01 -8.057351e-02 -4.474220e-02 -2.726812e-02 3.263604e-01 -1.049487e-01 -7.694466e-02 -2.158529e-02 2.841505e-02 -1.266379e-01 1.442353e-01 -2.174409e-01 -1.383254e-03 
4.855721e+00 3.784959e+00 8.521210e+00 -1.235957e+01 -1.259090e+01 -3.451972e+00 -2.177456e+00 -1.237112e+01 5.240844e+00 -5.809494e-01 2.413692e+00 -6.680135e-01 9.405152e-01 2.398848e-01 2.956652e-01 -4.555739e-01 2.522402e-01 6.727038e-02 -1.282351e-01 -3.330948e-01 -1.411122e+00 -3.519717e-01 -6.228708e-01 7.278641e-01 -8.159372e-01 -1.362592e-02 1.973293e-01 -1.661335e-01 2.679639e-01 4.297516e-02 3.777537e-01 -1.376763e-01 2.419546e-01 3.537161e-01 -9.555155e-03 -1.537769e-01 3.141725e-01 1.112720e-01 -5.047082e-04 
5.943304e+00 3.558016e+00 9.006469e+00 -1.203473e+01 -1.175896e+01 -2.339073e+00 -2.079954e+00 -1.442024e+01 5.842830e+00 -1.179293e+00 4.335233e+00 -4.776238e-01 9.269704e-01 4.397975e-01 1.305034e-01 1.064637e-01 3.260383e-01 3.465607e-01 -1.835214e-01 2.596946e-01 -5.410763e-01 -6.008384e-01 -7.263756e-01 1.312572e+00 -4.344602e-01 -1.344089e-02 1.345682e-01 -1.361334e-01 3.127616e-01 2.037354e-01 1.386390e-01 -1.967541e-01 3.293266e-01 5.411103e-01 -1.339312e-01 -6.318356e-02 1.446738e-01 2.693955e-01 -5.753450e-05 
6.136641e+00 2.041603e+00 8.594625e+00 -1.354926e+01 -1.162700e+01 -5.021874e+00 -4.014269e+00 -1.579488e+01 3.287798e+00 -3.559649e+00 3.468446e+00 -1.984412e+00 9.129512e-01 7.387156e-01 1.707177e-01 5.777147e-01 1.070582e+00 3.835301e-01 -1.124391e-01 1.114181e+00 2.909477e-01 -2.118608e-01 -7.371030e-01 1.805173e+00 9.286936e-02 -1.309654e-02 5.611683e-02 5.799811e-02 2.375456e-01 4.041051e-01 -1.272041e-01 -5.449086e-02 3.062530e-01 5.665379e-01 -1.712704e-01 2.303251e-01 -5.319884e-02 3.672594e-01 1.447207e-04 
6.842652e+00 4.538394e+00 1.106067e+01 -9.642446e+00 -1.105062e+01 -2.203464e+00 6.270401e-01 -1.114019e+01 4.530955e+00 -2.313745e+00 9.565913e+00 -4.516447e-01 9.004780e-01 5.305631e-01 1.772879e-01 3.908062e-01 1.368895e+00 -1.236369e-01 -5.780940e-01 8.870217e-01 4.706044e-01 -8.422983e-01 -4.172143e-01 9.192690e-01 1.280826e-01 -1.295263e-02 -5.521199e-02 7.301743e-02 -3.457969e-03 2.496860e-01 -2.433221e-01 -4.152598e-02 -1.655913e-01 2.302966e-01 -2.464745e-01 3.031288e-01 -3.670673e-01 1.714282e-01 -1.744633e-04 
8.100105e+00 4.148815e+00 1.038238e+01 -8.202382e+00 -1.102708e+01 -4.082102e+00 2.040296e+00 -1.255679e+01 4.837059e+00 -3.699575e+00 8.824302e+00 -2.163483e-01 8.882684e-01 4.750389e-01 5.622122e-01 5.900470e-01 1.751440e+00 -3.336350e-01 -2.032665e-01 8.845699e-01 9.156328e-01 -1.087585e+00 3.740993e-01 6.584919e-01 7.389893e-01 -1.314280e-02 -1.573928e-01 8.278579e-02 -1.629016e-01 -3.530613e-02 -2.573742e-01 5.020925e-02 -5.511183e-01 -7.354436e-03 -2.696668e-01 1.499901e-01 -3.626380e-01 -1.087148e-01 -5.726533e-04 
7.614468e+00 3.391231e+00 1.006652e+01 -7.863475e+00 -1.267675e+01 -5.699468e+00 -6.722890e-01 -1.368598e+01 8.565702e-01 -3.195600e+00 6.253491e+00 -7.210851e-01 8.745303e-01 2.956626e-01 2.998565e-01 8.311109e-02 1.233992e+00 -5.115122e-01 -3.457602e-01 -4.534435e-01 2.980628e-01 -1.395335e+00 2.337735e-01 5.046554e-02 9.960769e-02 -1.429407e-02 -1.277864e-01 9.884758e-02 -1.648211e-01 -1.534202e-01 -1.131520e-01 1.496533e-01 -4.318387e-01 -1.603041e-01 5.748624e-03 -1.127004e-01 -4.565582e-02 -2.687004e-01 -9.250198e-04 
8.125612e+00 5.426253e+00 1.204193e+01 -5.681685e+00 -1.248201e+01 -4.290037e+00 1.057937e+00 -9.943338e+00 -3.127587e-01 -1.248035e+00 8.417175e+00 1.845650e+00 8.601949e-01 6.925552e-02 5.234705e-01 -8.289380e-02 9.614986e-01 -7.093891e-01 2.265021e-02 -9.711882e-01 3.404200e-01 -1.283740e+00 -3.125499e-01 4.263770e-01 -4.364164e-01 -1.529115e-02 -1.113754e-01 -3.590164e-02 -2.409480e-01 -2.399181e-01 -9.320395e-02 -1.277949e-01 -2.997258e-01 -3.665019e-01 -4.822028e-03 -3.914493e-01 -1.188056e-01 -3.266842e-01 -1.068811e-03 
8.307726e+00 5.399285e+00 1.064668e+01 -4.732979e+00 -1.288081e+01 -3.828513e+00 -1.149315e+00 -1.095610e+01 1.296440e-01 -2.370691e+00 1.002188e+01 -9.842163e-01 8.430486e-01 9.460905e-02 6.908979e-01 -9.688789e-02 9.967840e-01 -5.015122e-01 5.703956e-02 -3.441810e-01 -4.324044e-02 -7.153961e-01 -6.373673e-01 8.071465e-01 -6.278071e-01 -1.650924e-02 -2.011680e-02 -6.339202e-02 -9.588389e-02 -8.250711e-02 4.223977e-02 -4.170167e-01 1.715471e-01 -2.470994e-01 -1.546518e-01 -1.829071e-01 -2.468615e-01 1.228067e-01 -7.196043e-04 
8.099596e+00 5.761897e+00 9.677952e+00 -4.959895e+00 -1.447211e+01 -4.904346e+00 -2.577249e+00 -1.221955e+01 -1.218577e+00 -5.674799e+00 9.072190e+00 -2.266470e+00 8.275713e-01 1.867521e-02 1.870300e-01 -5.247572e-01 6.703939e-01 -8.046407e-01 -1.043749e+00 -6.687707e-01 -7.461918e-01 -1.451627e+00 -1.147546e+00 -3.137868e-01 -5.307532e-01 -1.738297e-02 1.005264e-01 -1.253226e-01 4.221820e-02 7.624359e-02 2.578033e-01 -4.563318e-01 3.424236e-01 -2.034597e-02 -2.253858e-01 2.706658e-01 -1.786673e-01 3.058617e-01 -6.543510e-05 
8.100616e+00 6.677552e+00 1.076414e+01 -3.240145e+00 -1.418956e+01 -5.106855e+00 -5.754858e-01 -1.276395e+01 -2.267509e+00 -4.168975e+00 9.961960e+00 -1.803671e+00 8.083170e-01 2.203626e-01 1.512336e-01 -1.754297e-01 9.669850e-01 -2.526256e-01 -1.897888e+00 2.529790e-01 -3.942158e-01 -2.084780e+00 -2.632619e-01 -8.137714e-01 7.608346e-01 -1.684332e-02 1.548602e-01 -1.491064e-01 -4.942693e-02 9.946451e-02 4.234148e-01 -2.299722e-01 -5.286021e-02 2.892713e-01 -9.017610e-02 4.061014e-01 5.003526e-02 7.925279e-03 7.530665e-04 
8.322519e+00 5.722067e+00 9.359221e+00 -3.075968e+00 -1.585100e+01 -8.869557e+00 -2.572357e+00 -1.277025e+01 -6.372371e+00 -6.086846e+00 6.878136e+00 -3.985731e-01 7.906437e-01 5.090126e-01 1.666396e-01 1.674255e-01 1.357599e+00 4.551456e-01 -1.281677e+00 4.422964e-01 4.141282e-01 -1.726047e+00 8.538355e-01 3.434025e-01 3.985944e-01 -1.545048e-02 1.385046e-01 2.185906e-02 -1.301410e-01 1.494788e-01 7.373756e-01 1.920519e-01 -4.443644e-01 4.562808e-01 5.085120e-01 4.343225e-01 4.756018e-01 -3.993579e-01 1.252384e-03 
9.298386e+00 6.175124e+00 9.928639e+00 -8.396485e-01 -1.345474e+01 -1.133538e+01 1.133194e-01 -1.265172e+01 -7.717184e+00 -3.481145e+00 7.050098e+00 1.885732e+00 7.772921e-01 6.237373e-01 -4.440034e-02 -6.901499e-01 1.150512e+00 9.856457e-01 -9.738184e-01 -1.163917e+00 8.230251e-01 -1.029072e+00 3.924614e-01 7.287385e-01 -1.052975e+00 -1.370815e-02 4.835486e-02 9.919507e-02 -2.877628e-01 3.788442e-02 6.773349e-01 3.458784e-01 -8.268149e-01 4.218789e-01 8.405672e-01 6.636540e-02 4.667432e-01 -5.477571e-01 9.015977e-04 
1.004572e+01 6.846827e+00 1.093282e+01 6.279731e-01 -1.256392e+01 -8.198292e+00 -7.103812e-01 -1.020505e+01 -7.123717e+00 -1.749570e+00 1.224507e+01 -2.118390e+00 7.658378e-01 5.095197e-01 3.941052e-01 -9.181661e-01 1.325971e+00 2.263108e+00 -5.456792e-01 -2.182031e+00 9.267501e-01 5.630084e-01 6.961140e-01 1.293043e+00 -1.620517e+00 -1.269051e-02 -5.036401e-03 7.683983e-02 -3.180835e-01 -8.956270e-02 4.847657e-01 -5.967680e-02 -5.715988e-01 2.074759e-01 6.929462e-01 -2.710765e-01 -7.166170e-02 -2.419599e-02 2.147145e-05 
1.035740e+01 5.893416e+00 6.526814e+00 6.608084e-01 -1.090444e+01 -1.031153e+01 -7.326196e+00 -9.931800e+00 -7.036827e+00 -4.375202e+00 1.092191e+01 -6.208242e+00 7.521701e-01 4.619818e-01 5.334392e-01 -1.071401e+00 1.172243e+00 2.230079e+00 -5.364648e-01 -2.568874e+00 1.458827e+00 9.734656e-01 1.473746e-01 1.045188e+00 -9.684193e-01 -1.371329e-02 2.684312e-02 -1.605605e-02 -4.815815e-02 -2.224578e-01 5.651948e-03 -7.593545e-02 2.534254e-01 4.089301e-01 2.560785e-01 -2.351075e-01 -5.775263e-01 4.631576e-01 -6.674604e-04 
1.034057e+01 7.833843e+00 6.469515e+00 2.803899e+00 -5.810231e+00 -1.210971e+01 -9.762700e+00 -9.496488e+00 -3.897414e+00 -2.159176e+00 1.140742e+01 -4.453911e+00 7.397320e-01 5.645369e-01 2.619078e-01 -1.232421e+00 8.991036e-01 2.256846e+00 -1.798669e+00 -1.713214e+00 1.133644e+00 7.375607e-01 -3.791370e-01 -1.730021e-01 2.352440e-01 -1.533227e-02 9.975019e-02 -2.268285e-01 -3.813802e-02 -5.101293e-01 -5.298666e-01 1.420145e-01 8.404620e-01 6.620940e-01 -3.465013e-01 -4.368109e-01 -1.035502e+00 2.897235e-01 1.225991e-04 
1.146029e+01 8.348718e+00 6.803287e+00 3.933200e+00 -5.680729e+00 -1.206225e+01 -8.205112e+00 -5.711893e+00 -4.463053e+00 -2.539496e+00 1.269529e+01 -1.788455e+00 7.217601e-01 7.304757e-01 -5.867358e-02 -7.737646e-01 2.517022e-01 1.017060e+00 -7.271694e-01 -1.313055e-01 2.764118e+00 1.640316e-01 -2.455762e-01 -1.425976e+00 3.350149e-01 -1.572288e-02 5.944339e-02 -2.251683e-01 -1.188521e-01 -4.853007e-01 -4.931151e-01 2.307363e-01 9.298118e-01 6.808121e-01 -6.313304e-01 -4.597947e-01 -1.058218e+00 -3.238910e-01 2.713994e-03 
1.231679e+01 6.928559e+00 4.632336e+00 3.486991e+00 -3.891256e+00 -1.631586e+01 -8.837303e+00 -6.646503e+00 -4.722589e+00 -4.563125e+00 1.049344e+01 -3.151615e+00 7.043855e-01 8.739768e-01 -4.439377e-01 -1.257698e+00 -7.644748e-01 2.202993e-01 2.595912e-01 8.016370e-01 3.584580e+00 -7.646509e-01 -1.291544e+00 -2.648830e+00 -8.235450e-01 -1.107153e-02 -1.008168e-02 -1.053612e-01 -1.177135e-01 -3.273985e-01 -2.508559e-01 4.187620e-01 5.152779e-01 3.461092e-01 -8.537348e-01 -3.549609e-01 -5.692816e-01 -5.762577e-01 5.269046e-03 
1.302178e+01 6.052732e+00 3.576227e+00 1.577266e+00 -6.778548e+00 -1.184392e+01 -8.445548e+00 2.463588e+00 -5.804460e+00 -4.401235e+00 4.249047e+00 -5.184295e+00 6.912271e-01 6.044686e-01 -2.395812e-01 -1.653118e+00 -4.225935e-01 7.828193e-01 -4.120708e-01 8.226367e-01 3.637499e+00 -1.432122e+00 -1.695416e+00 -3.008030e+00 -2.058400e+00 -2.277663e-03 -9.978788e-02 3.017337e-03 -1.016097e-01 6.012292e-02 2.624218e-01 1.796477e-01 2.963343e-02 -6.974013e-01 -9.623864e-01 -4.027464e-01 -4.907649e-02 -1.386119e-01 5.071532e-03 
1.392980e+01 6.762189e+00 1.794557e+00 1.594834e-01 -4.159579e+00 -1.092087e+01 -5.634412e+00 4.338578e+00 -7.049889e+00 -7.685818e+00 2.386194e+00 -6.873678e+00 6.996422e-01 5.772136e-01 -1.744454e-01 -1.381283e+00 -4.007553e-01 1.119786e+00 1.376653e-01 3.861194e-01 2.427595e+00 -2.733117e+00 -1.428971e+00 -2.228419e+00 -1.449341e+00 4.285618e-03 -2.591300e-01 1.574577e-01 3.226842e-01 5.507095e-01 2.694970e-01 2.835069e-01 -5.417870e-02 -1.171720e+00 -8.268086e-01 -1.440380e-01 4.108889e-02 5.645905e-01 3.517163e-04 
1.367626e+01 7.233916e+00 -4.333765e-02 3.484060e+00 -1.632339e+00 -1.681987e+01 -5.693123e+00 6.983494e+00 -1.046019e+01 -9.454815e+00 1.709017e+00 -1.021942e+01 7.127478e-01 3.800899e-01 -1.782969e-01 -1.220001e+00 3.705754e-01 1.879476e+00 2.321126e-01 2.246240e-01 -1.442973e-01 -3.663775e+00 -2.190615e+00 -1.881655e+00 -4.515795e-02 1.952236e-03 -4.346060e-01 1.276893e-01 7.768757e-01 5.464225e-01 -2.739812e-01 4.678183e-01 7.068247e-02 -9.826166e-01 -4.450555e-01 1.869546e-01 -4.074409e-02 7.045068e-01 -7.267617e-03 
1.487556e+01 5.466082e+00 -4.641339e-01 5.300534e-01 -8.651419e-01 -1.313944e+01 -8.283044e+00 3.231416e+00 -1.606037e+01 -9.181066e+00 6.218399e-01 -7.880925e+00 7.150491e-01 -3.096531e-01 3.126571e-01 1.391749e-01 1.592441e+00 1.019484e+00 1.355114e+00 8.297788e-01 -3.832096e-01 -3.782777e+00 -1.764129e+00 -3.006475e+00 9.927639e-01 -1.142617e-02 -5.846338e-01 1.203920e-01 9.669003e-01 5.509774e-01 -5.536798e-01 1.152438e-01 1.402109e-01 -2.826125e-01 4.589719e-01 7.358820e-01 2.698353e-01 1.350138e-01 -1.482691e-02 
1.444910e+01 5.809194e+00 -1.394541e+00 3.245417e+00 9.714231e-01 -9.573821e+00 -5.997861e+00 2.295757e+00 -1.961833e+01 -1.460683e+01 -4.277229e+00 -4.906689e+00 6.932826e-01 -1.125276e+00 1.553117e-01 1.471150e+00 1.312847e+00 -5.368654e-01 1.318586e+00 9.541782e-01 1.298570e-01 -3.132588e+00 -5.930081e-01 -2.822649e+00 2.430691e-01 -3.075624e-02 -4.789601e-01 7.418888e-03 6.919324e-01 2.666551e-01 -6.014701e-01 -1.479781e-01 -1.460336e-01 1.454670e-01 1.181247e+00 1.244902e+00 1.061677e+00 -2.135615e-01 -1.946456e-02 
1.199541e+01 9.037846e+00 3.165816e+00 8.241076e+00 -3.643051e-01 -7.768411e+00 -1.333486e+00 4.766548e+00 -2.138453e+01 -1.393080e+01 -9.653194e+00 -4.566734e+00 6.522440e-01 -1.593429e+00 2.606618e-01 2.107706e+00 1.882900e+00 -4.404017e-01 1.707383e-01 7.222218e-01 8.773890e-01 -7.039157e-01 1.451573e+00 -4.087119e-01 -9.183165e-01 -5.348873e-02 -2.526987e-01 -2.955545e-01 -5.274529e-02 8.231676e-02 -6.198803e-02 -8.441518e-02 -4.257737e-01 -2.097488e-01 1.520192e+00 1.096957e+00 1.728313e+00 -4.105837e-02 -2.192164e-02 
9.490191e+00 6.224496e+00 5.497207e+00 6.192387e+00 -4.567704e+00 -1.291252e+01 -4.396939e+00 6.864963e+00 -2.346082e+01 -1.004502e+01 -7.267069e+00 -1.066143e+01 5.903701e-01 -1.372980e+00 -1.152001e-01 1.255466e+00 1.558661e+00 -3.978768e-01 8.451813e-02 -4.516314e-01 -4.735387e-02 7.029959e-01 2.426025e+00 2.127841e+00 -1.574274e-01 -7.434012e-02 -1.499635e-01 -5.135084e-01 -8.330790e-01 1.852479e-01 6.555853e-01 5.169446e-01 -1.741615e-01 -5.643235e-01 1.223477e+00 3.126945e-01 1.027207e+00 4.866408e-01 -2.349702e-02 
9.388167e+00 6.561799e+00 6.628522e+00 8.470923e+00 -2.980828e-01 -1.061666e+01 -5.472258e+00 5.333503e+00 -1.765904e+01 -4.203957e+00 7.271077e-02 -9.595175e+00 4.990698e-01 -1.449421e+00 -1.029933e+00 -1.677173e-02 1.881179e+00 6.399924e-01 1.549932e+00 -5.961778e-01 -1.343306e+00 1.900296e+00 2.210994e+00 3.159775e+00 9.876558e-01 -9.924667e-02 -3.006566e-01 -7.610378e-01 -1.165110e+00 -1.849024e-01 7.503468e-01 8.339182e-01 3.545977e-01 -2.496208e-01 4.318353e-01 -3.839179e-01 -2.852344e-01 3.276379e-01 -2.367083e-02 
8.888247e+00 6.471354e+00 3.151491e+00 1.092360e+01 -1.051545e+00 -7.727276e+00 -6.186924e+00 1.775480e+00 -1.796571e+01 -7.340072e+00 1.498887e+00 -3.179079e+00 3.981776e-01 -1.947111e+00 -1.766931e+00 -1.632040e+00 2.240057e+00 2.200887e+00 3.213456e+00 7.425819e-01 -1.581440e+00 1.682662e+00 5.908697e-01 5.291722e-01 1.723439e+00 -1.253610e-01 -4.436432e-01 -7.877945e-01 -9.512710e-01 -5.550975e-01 7.816610e-01 5.033491e-01 8.744351e-01 3.716649e-01 -1.475521e-01 -4.596215e-01 -9.248121e-01 -1.966474e-01 -1.840113e-02 
5.049568e+00 3.764630e+00 4.254515e+00 1.528132e+01 1.077379e+00 -2.611195e+00 -3.419122e+00 5.948916e-01 -1.463093e+01 -4.228362e+00 1.762781e+00 -3.369469e+00 2.521183e-01 -2.809512e+00 -2.718593e+00 -2.274106e+00 6.176809e-01 2.011899e+00 2.775773e+00 1.898100e+00 3.964516e-01 9.655650e-01 4.495775e-01 -1.035587e+00 -2.204635e-01 -1.463306e-01 -2.166055e-01 -4.702266e-01 -5.424302e-01 -1.193628e+00 7.168690e-02 -3.365644e-01 6.878685e-01 8.319240e-01 -3.644871e-01 -2.464480e-01 -8.429353e-01 -3.059424e-01 -2.797461e-03 
1.924042e+00 -1.211527e+00 -1.475836e+00 1.398784e+01 5.749239e+00 -8.478245e-01 -1.710564e+00 1.327580e+00 -1.656183e+01 -7.078526e+00 -5.466188e+00 -5.157202e+00 8.703309e-02 -2.911180e+00 -3.209887e+00 -2.372152e+00 -5.850356e-01 2.824417e+00 1.988438e+00 2.673385e+00 9.410915e-01 4.326496e-01 1.008658e+00 -3.985102e-01 -5.365134e-01 -1.428048e-01 1.886802e-01 -8.945383e-02 9.457585e-03 -1.210374e+00 -7.721913e-01 -1.392676e+00 8.799867e-02 1.121883e+00 1.995965e-01 2.080339e-01 -1.467410e-01 1.719972e-01 2.434424e-02 
-1.177508e+00 -3.189709e+00 -2.428447e+00 1.002708e+01 6.360937e+00 -1.774632e-01 1.780291e+00 7.539435e+00 -1.353373e+01 -2.087180e+00 -1.622695e+00 -9.708740e+00 -7.701564e-02 -2.050554e+00 -2.659574e+00 -2.358858e+00 -2.674513e+00 6.866586e-01 4.797489e-01 1.877847e+00 1.555104e+00 7.029959e-01 7.699493e-01 -5.911782e-01 5.878114e-01 -1.045148e-01 5.504989e-01 -4.574721e-02 1.330825e-01 4.846780e-02 -1.010127e+00 -1.759126e+00 -4.273119e-01 7.749579e-01 6.444054e-01 3.544636e-01 -1.219192e-01 1.055048e+00 4.733972e-02 
-2.554331e+00 -6.100557e+00 -5.367933e+00 1.062574e+01 1.042895e+01 9.978160e-01 4.580244e+00 3.008515e+00 -1.635114e+01 -3.367659e+00 1.199287e+00 -2.692157e+00 -1.512926e-01 -1.383249e+00 -2.243725e+00 -1.542302e+00 -2.165672e+00 -9.974672e-01 -2.601801e+00 1.192744e+00 3.448726e+00 2.811820e+00 1.470805e+00 -4.267837e-01 2.179364e+00 -2.455273e-02 6.334411e-01 1.884747e-02 2.106409e-01 1.102831e+00 -1.002855e+00 -1.555613e+00 -7.256866e-01 4.705544e-01 6.297852e-01 2.607971e-01 -2.598425e-01 1.100204e+00 5.127737e-02 
-2.963960e+00 -7.088403e+00 -5.593551e+00 3.589602e+00 2.170783e+00 -1.135316e+00 2.824507e+00 7.529994e+00 -1.122120e+01 -2.234020e+00 -4.525938e+00 -1.662642e+00 -1.512926e-01 -8.211607e-01 -3.430329e+00 -2.023524e+00 1.650317e+00 -1.127870e+00 -3.724967e+00 5.018845e-01 3.017483e+00 2.997976e+00 1.990842e+00 -1.631080e+00 3.696795e+00 3.123773e-02 4.960542e-01 3.340217e-01 3.324115e-01 1.222241e+00 -1.297263e-01 -1.461560e-01 -4.806669e-01 -4.208184e-01 -1.177860e-01 1.351004e-01 9.469609e-03 4.415883e-01 2.790425e-02 
-4.098984e+00 -1.048052e+01 -7.605137e+00 6.378258e+00 2.857042e+00 -1.337811e+01 3.730682e+00 1.857591e+01 -3.658891e+00 3.489029e-01 -6.148290e+00 1.716497e+00 1.407316e-03 -3.588389e-01 -2.730148e+00 -1.486589e+00 2.766649e+00 -1.282717e+00 -3.687287e+00 -2.672175e-01 2.562671e+00 2.434200e+00 1.702072e+00 -1.177732e+00 3.409981e+00 4.570573e-02 4.077895e-01 9.622850e-01 4.664145e-01 3.708062e-02 3.078208e-01 1.795702e+00 -1.428692e-01 -1.618646e+00 -7.673289e-01 -1.115318e-01 1.881339e-01 -7.173120e-01 -7.416148e-03 
-4.510653e+00 -1.815137e+01 -1.142740e+01 2.040246e+01 4.507694e+00 -1.161429e+01 4.714440e+00 1.484324e+01 -4.890122e+00 6.008962e+00 -6.104376e+00 6.570877e+00 2.830314e-03 -8.235864e-02 -7.462810e-01 -7.246978e-01 9.705351e-01 1.805017e-01 2.916770e-01 2.044771e-01 -1.059424e-01 3.027847e-01 1.329706e+00 -1.682413e-01 2.180451e+00 -1.241662e-04 3.161983e-01 1.555297e+00 6.899479e-01 -1.611605e+00 3.048728e-01 2.529163e+00 2.177822e-01 -1.632364e+00 -3.681685e-01 -7.218663e-02 4.051711e-01 -1.685088e+00 -2.460784e-02 
-3.574577e+00 -1.422031e+01 -9.883883e+00 1.605236e+01 2.846740e+00 -1.219967e+01 2.299603e+00 1.216476e+01 -7.346338e+00 1.021276e+00 -3.900062e+00 1.024098e+01 1.775658e-04 2.862818e-01 1.225691e+00 1.402245e-01 -1.640478e+00 -1.125259e-01 4.368543e+00 6.271366e-01 -3.082841e+00 3.227829e-01 1.243597e+00 -2.175985e-01 -6.490002e-01 -4.595406e-02 1.405560e-01 1.186687e+00 5.306994e-01 -1.483890e+00 3.236417e-01 2.070557e+00 2.025317e-01 -1.062361e+00 3.210801e-01 1.085673e-01 1.860727e-01 -1.597362e+00 -1.978374e-02 
-3.638343e+00 -8.950002e+00 -8.077503e+00 3.605433e+00 3.078273e+00 -2.665132e-01 4.562770e+00 1.020585e+01 -7.863705e+00 4.078481e+00 -6.490983e+00 4.977245e+00 -1.512926e-01 4.372621e-01 2.368230e+00 6.127874e-01 -4.204158e+00 -1.884848e-01 4.892940e+00 1.143709e+00 -2.321634e+00 2.212861e+00 1.859214e+00 -8.536394e-02 -2.699086e+00 -4.596948e-02 -1.861985e-02 3.544464e-01 3.187477e-01 -4.084342e-02 1.513154e-01 1.380200e-01 -2.180233e-01 -7.295311e-02 3.437991e-01 -2.430718e-01 -3.355191e-02 -6.982254e-01 1.590530e-03 
-3.104244e+00 -8.952907e+00 -8.578877e+00 6.574684e+00 3.009108e+00 2.791021e+00 6.941961e+00 5.480355e+00 -5.580963e-01 7.532276e+00 -7.043395e+00 -7.318479e-01 -1.512926e-01 8.408733e-02 1.645959e+00 4.982108e-01 -2.065517e+00 5.199934e-01 4.364759e+00 2.758975e-01 -1.641474e+00 3.084635e+00 1.980211e+00 -2.888167e-01 -2.137087e+00 -3.029367e-02 -1.802906e-01 -3.007669e-01 9.651558e-02 1.001954e+00 3.420175e-01 -1.059373e+00 -4.271361e-01 4.508961e-01 -5.926765e-01 -4.827352e-01 9.599505e-02 5.080033e-01 1.378747e-02 
-2.559432e+00 -8.944194e+00 -9.016148e+00 4.120830e+00 3.484437e+00 5.355390e+00 8.111986e+00 6.577552e+00 2.780653e+00 1.204975e+01 -4.959742e+00 -1.438479e+00 -1.512926e-01 -7.437227e-02 8.158453e-01 6.901048e-01 9.789262e-01 6.208006e-01 9.835777e-01 -7.100241e-01 -1.191442e+00 6.407792e-01 -2.537909e-01 -3.002816e-01 -5.667273e-01 -8.156118e-07 -1.933196e-01 -5.721186e-01 -1.841781e-01 1.288286e+00 3.669116e-01 -1.308019e+00 -4.579448e-01 1.730313e-01 -1.271670e+00 -5.681778e-01 3.629390e-01 1.181153e+00 1.222315e-02 
-3.693946e+00 -5.993101e+00 -6.923626e+00 5.467078e+00 5.243497e+00 6.813640e+00 1.904353e+00 5.771962e+00 2.755097e+00 6.936780e+00 -6.109712e+00 2.763454e+00 -1.512926e-01 -3.594728e-01 4.980959e-01 5.841870e-01 7.777562e-01 1.192917e+00 1.026359e+00 -5.816805e-01 -1.393445e+00 -1.854677e+00 -1.135618e-01 3.697328e-01 8.247401e-01 -8.156118e-07 -9.804469e-03 -4.250914e-01 -3.496078e-01 4.506809e-01 5.311457e-02 -8.629382e-01 -6.767127e-02 2.793994e-01 -6.386404e-01 -2.032505e-01 5.673021e-01 8.236814e-01 6.059106e-03 
-3.715371e+00 -6.350319e+00 -5.454599e+00 9.053751e+00 5.064942e+00 2.639591e+00 3.531484e+00 4.102565e+00 -6.316715e+00 3.107139e+00 -8.459311e+00 3.963873e-01 -1.512926e-01 -3.073713e-01 8.156663e-02 -3.511430e-01 8.157311e-01 1.309582e+00 2.215658e-02 -7.172727e-01 -1.580328e+00 -1.675804e+00 6.522795e-02 1.400016e+00 1.725721e+00 -8.156118e-07 9.653452e-02 -1.718864e-01 -3.890702e-01 -2.317908e-01 -4.747737e-02 4.207992e-02 1.754147e-01 6.864958e-01 8.156919e-01 1.867814e-01 5.382703e-01 4.687426e-02 -6.502174e-07 
-4.323948e+00 -7.759276e+00 -7.438967e+00 7.997157e+00 8.183277e+00 9.280823e+00 6.324098e+00 -2.495094e-01 -5.283117e+00 1.143554e+01 -3.444917e+00 2.474715e+00 -1.512926e-01 1.515277e-01 -1.122549e-01 -7.291584e-01 2.695601e-01 4.411053e-01 5.307571e-01 -5.881910e-02 -5.002204e-02 1.049755e+00 8.045475e-01 1.697519e+00 8.352823e-01 -8.156118e-07 1.324059e-01 3.405985e-02 -9.780333e-02 -1.963343e-01 -3.581954e-01 5.252190e-02 1.449575e-01 1.168251e+00 1.334180e+00 -3.204636e-01 -1.493285e-01 -6.468624e-01 -6.502174e-07 
-3.781687e+00 -7.653480e+00 -1.051418e+01 6.934114e+00 8.562461e+00 4.232546e+00 2.315679e+00 1.686844e+00 -1.579769e+00 1.012659e+01 7.076157e-01 7.334662e+00 -1.512926e-01 1.527954e-01 2.615680e-01 -5.985761e-01 7.409180e-02 7.592841e-01 1.441664e+00 -9.442271e-02 1.569445e+00 3.267088e+00 2.210166e-01 1.727056e+00 -3.376237e-01 -8.156118e-07 1.394946e-03 1.234036e-01 3.620490e-01 -1.777575e-01 -5.390054e-01 1.417342e-01 -3.624722e-02 9.361554e-01 7.037272e-01 -3.321069e-01 -7.414554e-01 -6.806388e-01 -6.502174e-07 
-2.903255e+00 -5.903071e+00 -8.039541e+00 7.874611e+00 5.700676e+00 8.670581e+00 2.218177e+00 6.729649e+00 5.634974e+00 7.449704e+00 -2.205477e+00 3.470457e+00 -1.512926e-01 7.242470e-02 5.782979e-01 2.189412e-01 1.668236e-01 -3.228270e-01 5.791325e-01 -1.682949e-01 2.872957e+00 2.344825e+00 -1.793702e+00 -5.402664e-01 -1.378045e+00 -8.156118e-07 -1.332198e-01 1.142530e-01 3.483526e-01 -1.226078e-01 -4.562324e-01 -1.741882e-01 -4.622959e-01 -2.243215e-01 -6.426373e-01 -3.588564e-01 -6.028744e-01 -9.645592e-02 -6.502174e-07 
-3.661298e+00 -5.970283e+00 -8.146979e+00 9.485300e+00 1.010274e+01 1.015324e+01 5.112137e+00 8.459885e+00 4.559351e+00 6.205019e+00 -4.431751e-01 -1.789568e+00 -1.512926e-01 -2.609743e-01 3.532112e-01 9.850302e-01 -2.165218e-02 -1.003427e+00 7.068174e-01 -8.438041e-01 1.638929e+00 1.195298e+00 -2.963139e-01 -1.188226e+00 -5.707485e-01 -8.156118e-07 -1.049995e-01 6.761202e-02 1.079346e-01 -2.233063e-01 -5.247241e-01 -3.959926e-01 -4.504734e-01 -1.124156e+00 -1.273931e+00 -2.049386e-01 -3.038288e-01 4.986928e-01 -6.502174e-07 
-4.021955e+00 -5.709319e+00 -7.527782e+00 7.555639e+00 5.798783e+00 9.216182e+00 4.084346e+00 1.072823e+01 3.370713e+00 4.427481e+00 -5.570843e+00 1.466168e-01 -1.512926e-01 -3.077516e-01 4.132494e-01 2.208654e-01 -2.955445e-01 -9.586797e-01 2.725739e-02 -1.995592e+00 -1.206451e+00 -1.127582e+00 -7.310144e-01 1.409214e-01 4.695643e-01 -8.156118e-07 -6.646685e-02 7.804988e-03 -2.395816e-01 -1.677547e-01 4.662900e-02 -2.561121e-01 -5.870553e-02 -1.360696e+00 -9.318314e-01 -3.275492e-02 5.009061e-01 6.333848e-01 -6.502174e-07 
-4.527488e+00 -5.984389e+00 -5.844954e+00 6.985712e+00 3.495719e+00 7.493946e+00 -2.836206e+00 7.882440e+00 5.528775e+00 1.015588e+01 -3.550803e+00 6.142964e+00 -1.512926e-01 -1.821248e-01 6.821753e-01 -5.989102e-02 -8.111635e-01 -1.546452e+00 -2.623372e-01 -1.433182e+00 -2.011793e+00 -1.366326e+00 -1.335130e+00 -1.325836e-01 1.232192e+00 -8.156118e-07 2.102164e-02 7.471628e-02 -3.422554e-01 3.198988e-02 4.539101e-01 -1.516924e-01 5.815541e-01 -6.056486e-01 -5.829999e-01 -5.774838e-01 5.098963e-01 2.046874e-01 -6.502174e-07 
-4.009202e+00 -3.829880e+00 -8.086098e+00 7.647109e+00 4.210429e+00 1.013652e+01 -3.785716e+00 9.866728e-01 -4.876754e-01 1.818932e+00 5.260067e-02 1.852330e+00 -1.512926e-01 -2.992581e-01 4.527840e-01 -4.566235e-01 -2.772563e-01 1.818148e-01 -2.169235e-01 -1.672289e-01 -2.105179e+00 -1.033516e+00 -1.438055e+00 1.436451e+00 8.873414e-01 -8.156118e-07 -1.667936e-02 -1.122979e-02 8.937059e-03 1.860964e-01 6.045851e-01 -5.876576e-02 7.121727e-01 2.612796e-01 2.323603e-01 -1.310529e-01 1.473218e-02 1.325296e-02 -6.502174e-07 
-4.578500e+00 -3.499215e+00 -8.167392e+00 5.383817e+00 3.164608e+00 8.381282e+00 1.881288e+00 3.271800e+00 -3.428580e-01 8.341669e-01 -3.917710e+00 3.518333e+00 -1.512926e-01 -1.603208e-01 7.069836e-01 -3.876151e-01 1.290639e-01 6.958504e-01 7.036749e-02 1.149785e+00 -9.400787e-01 -1.766784e+00 -2.830102e+00 7.133873e-01 2.439386e-01 -8.156118e-07 9.766784e-03 1.228376e-02 1.515937e-01 1.503719e-01 6.228626e-01 -6.002721e-02 7.569274e-02 3.735025e-01 3.365943e-01 2.635672e-01 -2.057257e-01 -2.876318e-01 -6.502174e-07 
-5.492131e+00 -4.687866e+00 -8.649427e+00 6.970467e+00 6.873547e+00 7.687867e+00 8.891425e-01 2.507644e+00 1.138822e+00 1.897843e+00 1.795203e+00 5.895792e+00 -1.512926e-01 -4.020667e-01 3.446020e-01 4.294648e-01 1.647796e-01 9.430198e-01 -4.331322e-01 2.737655e-01 -4.359060e-01 2.345192e-01 -6.389136e-01 -2.084655e-01 1.030042e+00 -8.156118e-07 6.055225e-02 8.606764e-02 2.176030e-01 -9.197410e-02 1.543289e-01 -5.722399e-02 -4.948187e-01 4.348277e-01 2.351476e-01 5.530505e-01 -4.397347e-01 -4.347896e-01 -6.502174e-07 
-4.587172e+00 -2.020142e+00 -7.501280e+00 7.969599e+00 5.643774e+00 9.070176e+00 5.753186e-01 2.421630e+00 -4.118331e+00 -4.033931e+00 -8.548167e-01 5.340581e+00 -1.512926e-01 -8.185156e-02 7.977206e-01 2.550635e-01 -2.802685e-01 1.187260e+00 -4.543581e-01 -1.275205e+00 -9.788784e-01 -3.174069e-01 -4.169244e-01 -3.388540e-01 -2.773046e-01 -8.156118e-07 3.643470e-02 -3.196340e-02 8.249391e-02 -1.766858e-01 -8.924221e-03 -3.318642e-02 -6.509721e-01 4.081608e-01 2.343061e-01 8.361278e-01 5.402604e-02 -4.446691e-01 -6.502174e-07 
-6.015518e+00 -2.846597e+00 -6.271839e+00 7.178619e+00 7.685874e+00 7.626391e+00 -1.764033e+00 -7.676885e-01 2.572798e+00 1.058291e+00 -2.520673e+00 6.091748e+00 -1.512926e-01 -3.570813e-02 8.378215e-01 3.099903e-01 -5.325378e-01 7.077695e-01 -2.407821e-01 -1.428918e+00 8.850040e-02 -5.825685e-01 1.206044e-01 -2.360589e-01 -1.025913e+00 -8.156118e-07 7.152989e-02 -7.373952e-02 -9.900705e-02 -2.900969e-02 -1.785319e-01 1.619875e-01 -1.817208e-01 5.485463e-01 -2.343787e-01 2.948183e-01 4.600773e-01 -4.126513e-01 -6.502174e-07 
-4.726436e+00 -4.311241e-01 -8.081084e+00 3.878670e+00 8.694415e+00 6.139663e+00 -3.167854e+00 1.482480e-02 -2.646873e+00 -8.311065e-01 -3.453946e+00 2.034184e+00 -1.512926e-01 -1.613349e-01 3.006495e-01 8.459797e-02 -4.057038e-01 7.688800e-01 -1.919131e-01 -1.253672e+00 8.384782e-01 -1.865544e-01 9.707737e-01 9.973855e-01 -9.514648e-01 -8.156118e-07 1.858217e-02 -1.760177e-01 -7.610390e-02 1.340280e-01 -2.303837e-01 1.886180e-01 2.042896e-01 6.063672e-01 -1.791063e-01 1.137181e-01 5.185356e-01 -5.073095e-02 -6.502174e-07 
-5.600787e+00 -1.293674e+00 -6.809384e+00 6.353045e+00 8.887196e+00 7.949593e+00 -4.383659e+00 4.153439e+00 -2.510007e+00 8.992485e-01 1.914222e+00 2.419417e+00 -1.512926e-01 -4.650047e-03 2.244123e-01 1.970037e-02 8.248284e-02 2.594908e-01 2.456051e-01 -6.454259e-01 1.398127e+00 -1.002778e+00 1.412861e-01 1.423820e+00 -6.959512e-01 -8.156118e-07 2.190872e-02 -1.303033e-01 -6.455472e-02 1.718066e-01 -1.406011e-01 1.410334e-01 2.175185e-01 3.179039e-01 -1.656958e-01 -7.880908e-02 3.746482e-01 9.156472e-02 -6.502174e-07 
