-4.720066e+00 -7.956786e+00 -4.805669e+00 3.593913e+00 -3.683423e+00 7.331575e+00 -5.862156e-03 6.822859e+00 -3.829454e+00 1.679403e+01 1.895875e+00 1.878745e+00 -1.512926e-01 1.284502e-01 -4.875975e-01 -6.764073e-01 -8.613515e-01 7.117640e-01 3.917240e-01 1.298195e+00 -4.952214e-01 -6.268799e-01 -2.213985e+00 7.130947e-01 1.028484e+00 5.703494e-07 -7.524350e-02 2.681617e-01 1.805343e-01 1.501802e-01 1.167042e-02 1.384837e-01 -2.145288e-01 5.219187e-02 3.202890e-01 4.657332e-01 -6.872043e-02 2.337637e-01 8.723030e-07 
-3.722047e+00 -7.838697e+00 -4.161999e+00 1.946104e+00 -9.982234e-01 8.794549e+00 4.292445e+00 4.232477e+00 -7.824769e+00 8.946150e+00 -3.242660e+00 3.224021e+00 -1.512926e-01 -1.219289e-01 -4.476276e-01 -8.509657e-01 -7.956886e-01 7.763723e-01 5.671169e-01 1.352111e+00 1.630848e-02 1.309849e-01 -1.422857e+00 7.744759e-01 1.716243e+00 5.703494e-07 -2.030867e-02 5.949610e-01 3.105750e-01 2.140564e-01 -9.690719e-02 1.202536e-01 -5.476372e-01 1.530000e-01 3.943825e-01 8.963225e-01 -1.640912e-01 -2.957713e-02 8.723030e-07 
-4.577032e+00 -1.045372e+01 -8.509455e+00 1.111670e-01 -1.466820e+00 8.558571e+00 4.335708e+00 5.641417e+00 -4.966170e+00 9.648582e+00 8.030807e+00 6.347778e+00 -1.512926e-01 -1.226358e-01 8.332511e-01 3.134507e-01 -1.432110e-01 7.377916e-01 9.965609e-01 1.987421e-01 -4.900332e-01 5.955554e-01 -2.808390e-01 3.388478e-01 1.853319e+00 5.703494e-07 4.362031e-02 7.442753e-01 4.236129e-01 2.612181e-01 -1.857589e-01 -8.988745e-02 -9.912354e-01 1.262388e-01 2.321532e-01 1.150637e+00 -2.938114e-01 -5.066793e-01 8.723030e-07 
-5.401203e+00 -8.946183e+00 -7.208219e+00 1.357058e+00 -9.097107e-01 9.553282e+00 4.583409e+00 7.494726e+00 -2.605959e+00 1.325265e+01 2.700787e+00 8.225005e+00 -1.512926e-01 1.524866e-01 1.826775e+00 3.814695e-01 -1.502553e-01 2.143605e-01 6.906915e-01 -8.902514e-01 2.670254e-01 7.337176e-01 1.300960e+00 7.961629e-02 4.682789e-01 5.703494e-07 1.976819e-02 5.466204e-01 2.948439e-01 2.334587e-01 -4.011636e-01 -4.214705e-01 -1.010168e+00 -3.670977e-02 2.091810e-01 6.816893e-01 -7.581592e-02 -9.808398e-01 8.723030e-07 
-4.493787e+00 -3.236528e+00 -1.715233e+00 3.172469e+00 -3.831064e-02 1.193477e+01 8.420079e-01 2.741426e+00 -3.460842e+00 1.323683e+01 6.186320e-01 8.644938e+00 -1.512926e-01 2.093963e-01 2.096445e+00 8.254423e-01 1.219563e-01 6.418359e-02 -1.195554e-01 -2.536843e+00 1.055937e-02 2.325041e-01 2.177446e+00 -4.084541e-01 -8.810571e-01 5.703494e-07 -2.476754e-01 -1.804061e-01 2.022470e-01 3.865347e-01 -4.426647e-01 -5.662440e-01 -3.395433e-01 -7.390331e-02 1.485796e-01 -8.593388e-02 -6.340791e-02 -9.091979e-01 8.723030e-07 
-3.001818e+00 -2.313260e+00 -5.651473e+00 -3.357701e-01 -6.408594e-01 1.055954e+01 1.588083e+00 7.017512e+00 -4.908709e+00 1.365682e+01 8.615165e-01 4.416931e+00 -1.512926e-01 -1.889715e-01 1.653913e+00 3.671254e-01 2.389419e-01 -8.925033e-01 -9.822778e-01 -2.330992e+00 -4.173982e-01 1.358376e+00 7.565615e-01 7.691125e-01 -1.820706e+00 5.703494e-07 -3.402181e-01 -6.340580e-01 8.700185e-01 6.528325e-01 -3.491591e-01 -4.381777e-02 6.444094e-01 -3.374332e-01 1.020527e-01 -6.470125e-01 -1.408762e-01 -1.675292e-01 8.723030e-07 
-4.730185e+00 -3.288123e+00 -5.160350e+00 1.567509e+00 -1.280328e+00 7.457646e+00 -6.850748e+00 5.933155e+00 -2.652085e+00 2.033358e+01 6.908097e+00 3.846755e+00 -1.512926e-01 -1.190252e+00 1.759817e-02 1.331766e+00 1.594842e+00 -9.221010e-01 -9.981629e-01 -7.785376e-01 -5.172362e-01 1.026186e+00 -4.381072e-01 -3.228949e-01 -1.548094e+00 5.703494e-07 1.708169e-01 -2.834217e-01 9.998708e-01 3.960259e-01 -1.777320e-01 4.167209e-01 1.510582e+00 -2.219521e-02 -5.409376e-02 -9.778398e-01 -4.601734e-01 4.514473e-01 8.723030e-07 
-6.228132e+00 -6.509411e-01 -3.650032e+00 3.354173e+00 -4.751255e+00 6.880399e+00 -3.225139e+00 3.812259e+00 3.782010e+00 1.348700e+01 3.401893e+00 1.520395e+00 -1.512926e-01 -8.489119e-01 -3.040015e-01 4.478327e+00 2.377514e+00 -1.038304e+00 9.107816e-01 1.452610e+00 -1.156228e+00 8.471007e-01 -6.263732e-01 -6.675153e-01 -3.605936e-02 5.703494e-07 6.788980e-01 2.426161e-01 4.273338e-01 -2.719234e-01 1.459087e-01 4.863197e-01 1.140398e+00 2.957075e-01 -4.420333e-01 -4.798946e-01 -6.460026e-01 7.068824e-01 8.723030e-07 
-8.831260e+00 -3.979575e+00 3.942934e+00 9.301582e+00 -2.593818e+00 8.783466e+00 -6.442035e-01 1.758501e+00 -2.674757e+00 1.113136e+01 -2.266083e+00 2.352830e+00 -1.512926e-01 1.393424e+00 1.658411e+00 3.769220e+00 1.032934e+00 -7.516549e-01 1.017485e+00 3.124219e+00 2.691287e-01 2.177117e-01 -2.020248e+00 -1.991001e+00 4.839608e-01 5.703494e-07 6.865695e-01 5.652065e-01 -9.729235e-01 -1.052968e+00 2.096975e-01 1.087267e-02 2.128492e-01 5.087766e-01 -2.274209e-01 5.586696e-03 -2.843143e-01 6.482328e-01 8.723030e-07 
-5.195160e+00 -3.487601e+00 1.218841e+01 7.684147e+00 -5.175831e+00 1.445110e+01 5.748117e+00 3.323936e+00 -6.616588e-01 1.512621e+01 2.110877e+00 4.983921e+00 -1.512926e-01 1.913624e+00 2.046559e+00 1.285147e+00 -8.397155e-01 -2.481475e-01 4.415702e-01 1.419614e+00 6.680604e-01 -4.474943e-01 -8.519050e-01 -1.626885e+00 6.976255e-01 5.703494e-07 -1.720188e-01 8.425887e-02 -2.086724e+00 -9.127431e-01 5.094708e-01 -5.753788e-01 -7.695776e-01 4.270756e-01 -2.458957e-01 1.144041e-01 -4.692452e-02 2.409340e-01 8.723030e-07 
1.720604e+00 6.422360e+00 5.766560e+00 4.566978e+00 -4.826041e+00 8.759453e+00 4.283537e+00 7.523223e+00 6.583861e-01 9.412409e+00 -2.401803e+00 4.534788e+00 -1.512926e-01 8.614423e-01 1.668429e+00 -1.936258e+00 -2.061523e+00 -2.687623e-01 -7.090550e-01 3.022606e-01 1.114527e+00 5.364610e-01 -2.975914e-01 -1.264812e+00 1.326158e+00 5.703494e-07 -1.141843e+00 -9.413128e-01 -1.495394e+00 -7.974886e-02 6.326079e-01 -2.622236e-01 -9.686288e-01 -1.190912e-01 -1.257607e-01 3.782316e-01 6.675009e-01 -1.631259e-03 8.723030e-07 
-1.936192e+00 4.380706e+00 1.863799e+00 1.523033e+00 -4.875741e+00 9.099797e+00 1.408668e+00 4.270152e+00 -1.222268e-01 1.008684e+01 -4.664693e+00 3.917363e+00 -1.512926e-01 -1.443106e+00 1.123607e-01 -3.102525e+00 -6.390789e-01 1.267672e+00 -1.102895e+00 -9.842808e-01 5.564436e-01 -5.418050e-01 -9.157240e-01 -1.265323e+00 7.474712e-01 5.703494e-07 -9.829468e-01 -1.101754e+00 -4.265265e-01 5.129012e-01 6.476799e-01 2.555758e-01 -3.873563e-01 -1.631451e-01 -2.080401e-01 1.242735e-01 8.885528e-01 -2.264852e-01 8.723030e-07 
-6.153626e+00 4.285667e-01 -5.760193e-01 2.075195e+00 -4.087646e+00 7.913440e+00 3.036545e+00 6.857635e+00 -2.625573e-01 1.216309e+01 -5.202197e+00 9.517191e+00 -1.512926e-01 -2.637502e+00 -2.081080e+00 -1.513802e+00 5.340474e-01 1.653479e+00 4.785988e-01 -5.168298e-01 -2.704455e-01 -3.638461e-01 -9.713145e-02 1.165750e+00 4.509169e-01 5.703494e-07 -2.425611e-01 -5.922601e-01 4.255440e-01 5.580891e-01 4.645966e-01 4.309174e-01 -1.715197e-01 -1.910403e-01 -2.342155e-01 -4.314966e-02 8.610078e-01 -5.759311e-01 8.723030e-07 
-8.473905e+00 7.103194e-02 -1.528017e-01 5.734764e+00 7.933297e-01 9.359789e+00 1.450235e+00 6.438866e+00 -2.910465e+00 9.171975e+00 -2.815345e+00 6.229389e+00 -1.512926e-01 -1.251639e+00 -1.587436e+00 -1.058724e+00 4.269993e-01 2.029037e+00 1.125613e+00 -1.075003e-01 5.448052e-01 -1.037537e+00 -3.308685e-01 1.600611e+00 3.005152e-03 5.703494e-07 4.431985e-01 9.996957e-02 5.710803e-01 1.774777e-01 -1.407567e-01 2.133024e-01 -7.725015e-02 -1.646193e-01 2.649291e-01 4.196091e-02 4.425191e-01 -4.933192e-01 8.723030e-07 
-8.198415e+00 -1.828553e+00 -7.939448e-01 5.131073e+00 6.063644e-01 1.102272e+01 1.678426e+00 5.086439e+00 2.330947e-01 9.384409e+00 2.502246e+00 5.633200e+00 -1.512926e-01 -4.470093e-01 -4.429252e-01 -8.304906e-01 1.957956e-01 1.673403e+00 3.312513e-01 -9.936621e-01 1.649438e-01 -3.868230e-01 -8.056362e-01 1.607167e+00 -1.181252e+00 5.703494e-07 5.951731e-01 5.701240e-01 3.644093e-01 -2.053425e-02 -5.050873e-01 -2.196339e-01 -1.405487e-01 -3.188931e-01 3.184447e-01 1.932573e-01 -5.437911e-01 -3.686659e-01 8.723030e-07 
-7.172341e+00 -2.427714e+00 -3.320617e+00 2.129977e+00 2.922367e+00 1.317331e+01 1.550333e+00 7.879684e+00 -5.557591e+00 9.822059e+00 -5.138211e-01 5.874224e+00 -1.512926e-01 -3.224678e-01 -2.067856e-01 -5.886076e-01 4.173134e-01 5.538709e-01 3.743267e-02 -1.132118e+00 -4.844243e-01 7.943137e-01 -3.517236e-01 7.265458e-01 -9.031796e-01 5.703494e-07 2.522051e-01 4.076411e-01 4.212109e-01 4.033520e-03 -4.822019e-01 -3.442395e-01 -3.497578e-02 -4.957892e-01 4.410065e-01 4.480803e-01 -1.047971e+00 -1.925334e-01 8.723030e-07 
-9.039142e+00 -5.368498e-01 -3.144698e+00 4.856619e+00 3.214885e+00 7.662684e+00 -1.981539e+00 6.961966e+00 -8.727409e-01 7.809720e+00 1.682889e+00 3.787826e+00 -1.512926e-01 -1.261706e-01 7.923981e-02 7.330285e-02 4.361821e-01 -1.344784e-01 -7.540594e-02 -7.071530e-01 -1.350295e+00 3.123979e-01 8.796410e-01 -1.116084e+00 -9.393038e-01 5.703494e-07 1.954186e-01 1.794399e-01 3.220201e-01 2.150393e-02 -2.970265e-02 7.631930e-02 4.707341e-01 -1.551508e-01 -1.144040e-01 3.759932e-01 -9.752336e-01 1.903740e-01 8.723030e-07 
-9.665548e+00 -1.608727e+00 -1.920841e+00 7.959144e+00 2.258285e+00 1.122684e+01 -2.380238e+00 3.078567e+00 1.614119e+00 8.200500e+00 1.227019e+00 2.636326e+00 -1.512926e-01 -1.509139e-01 1.897450e-01 5.954741e-01 3.271213e-01 5.220850e-01 -3.922305e-01 -4.256041e-01 -1.176560e+00 8.179665e-01 1.066767e+00 -2.277560e+00 -1.080720e+00 5.703494e-07 7.223404e-02 9.159331e-02 5.436686e-01 -4.928233e-01 2.169133e-01 9.528151e-03 8.445909e-01 2.940066e-01 -4.315179e-01 -8.822317e-02 -2.346458e-01 4.216629e-01 2.156042e-02 
-7.582586e+00 -1.841997e+00 -1.127781e+00 4.397749e+00 2.660404e-01 1.161890e+01 1.078093e-01 7.354863e-01 -1.790557e+00 1.459299e+01 -3.948469e+00 2.555099e+00 -1.512926e-01 4.444581e-01 2.559868e-01 1.875929e-01 3.483800e-01 1.540847e+00 9.276527e-01 1.006834e+00 -2.648366e-01 -9.706335e-01 3.649864e-01 -1.766929e+00 -1.406515e-01 5.703494e-07 -2.665014e-01 -7.301490e-02 6.426239e-01 -6.147382e-01 1.829694e-01 -1.212465e-01 1.164983e+00 7.260980e-01 -1.264725e-01 -8.125025e-01 7.837942e-01 1.220020e+00 4.915489e-02 
-8.655111e+00 -8.268017e-01 -1.352024e+00 3.995289e+00 7.007676e+00 9.233719e+00 -1.622711e+00 5.110589e+00 -1.008772e+00 1.176440e+01 -9.085997e+00 1.087719e+00 -1.512926e-01 -2.465882e-01 1.627576e-01 2.072569e+00 -2.002779e+00 8.006724e-01 -4.164415e-01 2.233960e+00 4.428638e-01 -7.217913e-01 -5.356591e-01 -1.212988e-01 8.058580e-01 1.078074e-01 -4.598314e-01 -1.667305e-02 4.717954e-01 -4.123166e-01 -2.335792e-01 -1.906080e-01 1.046298e+00 6.022707e-01 6.911507e-02 -8.941537e-01 1.138023e+00 1.514984e+00 6.338488e-02 
-7.322274e+00 3.522635e-01 -2.491237e+00 8.580191e+00 8.544578e+00 1.329800e+01 2.673475e+00 4.621783e+00 -4.414620e+00 7.852937e+00 -1.995316e+00 3.859496e+00 -1.512926e-01 -1.410939e+00 -2.723118e-01 2.547775e+00 -1.472695e+00 6.409367e-01 -6.695067e-01 3.787816e+00 1.470551e+00 4.498843e-01 -2.381624e+00 1.724651e+00 4.217493e+00 1.918651e-01 -5.682021e-01 5.784169e-01 4.088536e-02 -1.149837e-01 -4.068423e-01 -4.123357e-01 -8.584066e-02 1.318518e-01 4.054480e-01 -6.421110e-02 4.170845e-01 6.476812e-01 4.765116e-02 
-1.102874e+01 -1.892139e+00 9.123876e+00 -4.146126e+00 2.122440e+00 8.305044e+00 7.506631e+00 3.349535e+00 -6.827670e-01 8.892585e+00 -3.559293e-01 6.013848e+00 3.877423e-01 -1.522402e+00 3.704787e-01 1.774350e+00 -8.238658e-01 -1.957469e-01 -5.465893e-01 3.415257e+00 9.672941e-01 4.531882e-01 -2.030733e+00 1.666675e+00 4.315224e+00 2.209906e-01 -2.164163e-01 1.144419e+00 -8.951628e-01 5.323874e-01 -7.833415e-02 2.151022e-02 -1.482647e+00 -4.990776e-01 1.504943e-02 9.106687e-01 -5.031466e-01 -9.568775e-01 -9.003333e-03 
-1.345020e+01 -2.670794e+00 6.373277e+00 1.104843e+00 5.913337e+00 8.735439e+00 1.448215e+01 8.968389e+00 2.956376e-01 4.121040e+00 3.099033e-01 2.117925e+01 5.385273e-01 -1.758760e+00 3.044070e+00 5.411053e-01 -8.159410e-01 4.872920e-03 -1.068824e+00 -1.303962e-02 1.321318e-01 4.691069e-01 7.914340e-01 -5.754860e-01 1.342960e+00 1.816581e-01 8.898784e-02 9.417218e-01 -9.710866e-01 2.759338e-02 -1.438735e-01 2.106134e-01 -2.024527e+00 -8.736212e-01 -5.037290e-02 1.631845e+00 -9.717404e-01 -2.501255e+00 -4.661116e-02 
-1.320277e+01 2.537440e+00 3.087340e+00 3.612897e+00 7.344213e+00 8.781619e+00 9.549324e+00 7.773422e+00 -1.097895e+00 3.476435e+00 -1.905284e+00 1.400374e+01 6.087460e-01 -1.154787e+00 4.226608e+00 -1.399859e+00 3.307693e-01 7.270811e-01 -1.092575e-01 -3.278834e+00 -1.383247e+00 -6.561643e-01 2.431354e+00 -1.486925e+00 -2.541229e+00 6.789632e-02 1.455981e-01 -8.214128e-02 -4.486159e-01 -6.227175e-01 -5.312603e-01 1.862143e-01 -1.075389e+00 -5.150663e-01 6.105861e-02 1.385314e+00 -1.495727e-01 -1.885036e+00 -5.577538e-02 
-1.502909e+01 1.335795e+01 3.232308e+00 6.204800e-01 5.958304e+00 7.715791e+00 1.586810e+00 3.070839e+00 -1.861700e+00 1.451752e+01 -4.098299e+00 6.579246e+00 6.464993e-01 -1.149720e+00 2.508207e+00 -7.205964e-01 -1.912083e+00 -5.398639e-01 1.648417e-01 -2.987796e+00 -1.722304e+00 7.526398e-01 3.546591e+00 -1.557246e+00 -4.860597e+00 3.535942e-02 3.139297e-01 -1.369753e+00 2.617803e-01 -5.082359e-01 -8.391460e-01 2.083198e-01 6.176205e-01 3.597640e-02 9.849365e-02 2.057721e-01 8.995781e-01 -2.869120e-01 -4.284183e-02 
-1.601377e+01 1.122655e+01 3.695004e+00 -2.250440e+00 5.735365e+00 8.268562e+00 -2.439618e+00 -6.179072e-01 -2.885057e+00 1.585116e+01 -5.586848e+00 6.077947e-01 6.732377e-01 -1.098938e+00 2.277727e-01 1.620280e-01 -3.389498e+00 -2.579806e+00 -2.323940e-01 -4.743441e-01 -6.807351e-01 6.167302e-01 3.518214e+00 1.409742e+00 -2.008187e+00 1.526197e-02 5.147989e-01 -1.586577e+00 6.967408e-01 -2.582576e-02 -8.724493e-01 1.654533e-01 1.424394e+00 3.708317e-01 1.957859e-01 -7.446887e-01 1.099526e+00 1.054490e+00 -2.466432e-02 
-1.779319e+01 5.525980e+00 2.466410e+00 -5.523820e+00 4.018599e+00 9.816506e+00 5.537740e+00 4.552713e+00 4.952734e+00 1.566673e+01 -5.635895e+00 3.574408e+00 6.830932e-01 -2.171318e-01 -1.805277e+00 1.069060e+00 -1.497099e+00 -2.537539e+00 3.436521e-02 1.672803e+00 -3.907922e-02 3.250878e-01 1.276686e+00 2.473911e+00 -3.580966e-01 -6.227346e-03 9.220486e-01 -7.575350e-01 6.801619e-01 8.626874e-01 -1.872533e-01 2.065798e-01 6.267762e-01 -5.866340e-03 -2.241206e-01 -1.379025e+00 3.472575e-01 1.109462e+00 -1.998585e-02 
-1.731534e+01 7.591979e+00 4.280561e+00 -1.026276e+01 -4.584643e+00 6.569148e+00 5.202240e+00 3.629198e+00 -1.421554e+00 2.049306e+01 5.912035e+00 5.464908e+00 6.667727e-01 9.529927e-01 -1.549510e+00 1.188903e+00 -5.847306e-03 -2.636352e+00 7.831535e-01 1.512673e+00 -3.707043e-01 5.366111e-01 -1.570757e-01 1.995035e+00 4.799003e-01 -3.463232e-02 1.403544e+00 -3.005007e-02 3.043108e-01 8.166596e-01 3.608437e-01 4.871704e-02 -6.840681e-01 -6.262501e-01 -3.895207e-01 -1.702068e+00 -9.900795e-01 1.411010e-01 -1.851972e-03 
-1.546371e+01 6.149122e+00 8.285021e+00 -2.858470e+00 -1.569059e+00 8.736825e+00 6.129850e+00 7.519087e-01 -9.681188e-01 1.857993e+01 2.522067e+00 2.360263e+00 6.185840e-01 2.434648e+00 -3.907905e-01 2.166846e+00 7.095258e-01 -1.447835e+00 6.900342e-01 -8.475500e-01 -1.906556e+00 -3.278788e-01 -1.510950e+00 -1.136368e-01 -5.574797e-01 -3.962120e-02 1.424222e+00 1.168888e-01 -3.046810e-01 -5.236485e-01 -4.584198e-02 -8.016541e-01 -1.403919e+00 -1.023869e+00 -5.384844e-01 -1.383807e+00 -1.074061e+00 -3.277890e-01 2.333507e-02 
-1.241355e+01 3.167486e+00 6.730170e+00 -3.611862e+00 -4.652802e+00 1.272444e+01 4.827718e+00 -5.710552e-01 2.758262e+00 1.360935e+01 3.099033e-01 3.614225e+00 5.323434e-01 4.592856e+00 -6.296902e-01 1.134650e+00 -4.096362e-01 -1.320346e+00 -3.166395e-01 -2.634647e+00 -2.878294e+00 -1.004348e+00 -3.598287e+00 -2.246827e+00 -1.203094e+00 2.270162e-02 8.159264e-01 -1.850318e-01 -6.179373e-01 -1.293229e+00 -3.449321e-01 -1.478384e+00 -8.783719e-01 -7.792765e-01 -4.724796e-01 -8.833686e-01 -5.968436e-01 -6.062672e-01 4.141622e-02 
-8.070558e+00 5.783957e+00 1.207566e+01 -5.300894e+00 -3.186427e+00 1.018964e+01 1.487136e+00 -2.880325e+00 1.223226e+00 1.155379e+01 -3.402903e+00 1.712577e+00 5.521951e-01 5.084071e+00 -1.680767e+00 -4.271209e-01 -3.913291e+00 -3.424781e+00 -3.424083e+00 -3.273119e+00 -3.904719e+00 -1.596794e+00 -3.921826e+00 -7.753795e-01 -1.155629e+00 8.178223e-02 -2.538038e-01 -4.203174e-01 -8.520200e-01 -1.142924e+00 -3.862625e-01 -1.165545e+00 4.991619e-01 -2.747979e-03 9.538755e-02 -2.546797e-01 1.049441e-02 -6.142954e-01 3.419758e-02 
1.952402e+00 4.626329e+00 8.058568e+00 -1.108992e+01 -1.037773e+01 4.259699e+00 -5.649563e+00 -8.946445e+00 -7.539026e+00 6.014684e+00 -2.359474e+00 -2.262336e-01 8.134643e-01 3.707987e+00 -1.829811e+00 -6.036457e-01 -4.160596e+00 -3.372611e+00 -4.551702e+00 -1.666425e+00 -3.268111e+00 -1.191318e+00 -3.368311e+00 -6.583209e-01 -2.252236e+00 1.117483e-01 -1.340596e+00 -6.117978e-02 -3.124523e-01 -1.490676e-02 3.910303e-01 -1.110439e-01 1.646560e+00 7.988409e-01 7.358923e-01 5.086192e-01 2.515593e-01 -6.660198e-01 1.628248e-03 
2.773813e+00 -2.984001e+00 5.485152e+00 -1.868623e+01 -1.583048e+01 -4.151015e+00 -4.996377e+00 -1.458414e+01 -3.803655e+00 2.768525e+00 -1.998957e-02 -1.497184e+00 8.869507e-01 1.608102e+00 -1.892271e+00 -1.224028e+00 -3.129488e+00 -2.352928e+00 -3.020165e+00 1.164160e+00 -1.725389e+00 2.424908e-01 -2.899355e+00 -8.554901e-01 -3.104514e+00 8.684207e-02 -1.465104e+00 5.280759e-01 1.693718e-01 1.251446e+00 1.190354e+00 1.039828e+00 1.679227e+00 1.313030e+00 6.474977e-01 8.081087e-01 3.429161e-02 -4.911130e-01 -2.216962e-02 
7.041887e-01 -1.597463e+00 7.007156e+00 -1.772238e+01 -1.519386e+01 -2.863986e+00 -2.624711e-01 -1.105961e+01 -6.851124e-01 1.160358e+00 -4.673091e+00 -6.042134e+00 9.236851e-01 -3.720723e-01 -8.297445e-01 -2.918801e-02 -8.760691e-01 9.884866e-02 -1.073754e+00 3.379457e+00 2.626424e-02 1.755367e+00 -1.566450e+00 -9.489667e-01 -3.558867e+00 2.831821e-02 -8.548684e-01 6.521363e-01 1.916968e-01 1.422245e+00 1.018757e+00 1.113144e+00 7.309927e-01 1.009982e+00 1.479001e-01 8.002234e-01 4.030754e-01 1.273732e-01 -2.849911e-02 
5.938088e-01 -5.655543e-01 6.481293e+00 -1.763234e+01 -1.254321e+01 -1.349291e+00 4.614372e+00 -1.045054e+01 -9.911814e-01 -5.159826e-01 -6.523448e+00 -1.090190e+01 9.312921e-01 -2.014610e-01 4.597211e-01 1.324144e-01 7.016010e-01 7.913439e-01 3.622760e-02 2.600049e+00 1.013147e+00 1.673276e-01 -7.822739e-01 -4.585126e-01 -2.957917e+00 1.264744e-02 -1.954300e-01 4.947792e-01 1.128999e-01 9.808646e-01 3.798437e-01 4.421086e-01 -4.248833e-01 4.236170e-01 -3.310548e-01 5.955104e-01 7.201531e-01 7.767470e-01 -1.823846e-02 
1.181582e+00 -7.316045e-01 7.414582e+00 -1.599701e+01 -1.152697e+01 -2.509787e+00 6.442022e+00 -1.088187e+01 -1.683522e-01 -1.757232e-01 -3.852727e+00 -1.331798e+01 9.328731e-01 3.384152e-01 2.549645e-01 -3.234732e-01 1.035073e+00 1.490612e-01 -5.141619e-01 1.270698e+00 4.124357e-01 -4.142302e-01 -4.259132e-01 1.158683e+00 -1.688670e+00 6.348569e-03 1.952422e-01 1.499355e-01 -1.404934e-01 3.560875e-01 -1.515589e-01 -3.978420e-02 -8.925011e-01 -3.109672e-02 -3.769993e-01 1.515414e-01 6.718310e-01 1.027218e+00 -5.286735e-03 
1.527899e+00 -1.118570e+00 5.943427e+00 -1.604095e+01 -1.370760e+01 -4.147321e+00 4.651697e+00 -9.607203e+00 -3.225134e+00 -4.752001e-01 -2.722961e+00 -1.264906e+01 9.456099e-01 2.757320e-01 3.916763e-02 -5.123757e-01 8.190897e-01 -4.789409e-01 -1.089310e+00 9.403737e-02 1.995786e-01 -3.280290e-01 -4.921254e-01 1.691449e+00 -1.557732e-01 6.637859e-03 1.451572e-01 -7.472349e-02 -1.488001e-02 5.837658e-02 1.000525e-02 -9.372330e-02 -4.691923e-01 -1.611040e-01 2.586522e-01 -1.559860e-01 4.267998e-01 8.357643e-01 -2.115625e-03 
1.929406e+00 -4.596622e-02 5.658861e+00 -1.334251e+01 -1.386617e+01 -4.035566e+00 6.072166e+00 -9.419312e+00 -1.638891e+00 -9.895457e-01 -7.802213e-01 -1.361209e+01 9.482626e-01 3.655150e-01 1.302501e-01 -4.091908e-01 8.456316e-01 -2.391867e-02 -7.098219e-01 1.700588e-01 2.776823e-01 1.179947e-01 -9.536735e-01 1.335165e+00 1.762052e-01 4.885746e-03 3.387665e-02 -1.213139e-01 1.936106e-02 -8.319255e-02 1.582908e-01 -1.123286e-02 -2.844962e-01 -1.074682e-01 2.485897e-01 -3.882723e-01 -1.825758e-01 4.252174e-01 -1.510132e-03 
1.598266e+00 -7.123470e-01 4.797581e+00 -1.486394e+01 -1.376819e+01 -6.032839e+00 5.269680e+00 -1.018392e+01 -1.895707e+00 -2.569713e+00 3.975836e-01 -1.153419e+01 9.567830e-01 5.107938e-01 1.483439e-01 1.009499e-01 1.088157e+00 9.278160e-01 -3.344965e-01 8.044333e-01 2.751583e-01 1.194458e+00 -1.298182e+00 1.587331e+00 2.884982e-01 2.800677e-03 3.982866e-02 -9.672682e-02 -2.703159e-02 6.694379e-02 1.870256e-01 9.937391e-02 -1.741760e-01 2.888921e-02 5.371397e-02 -3.046370e-01 -4.456186e-01 1.592413e-01 -1.788332e-03 
2.974336e+00 -2.835960e-01 5.941532e+00 -1.235805e+01 -1.161596e+01 -5.116171e+00 6.983658e+00 -9.204856e+00 -2.430127e-01 -3.896663e+00 1.262629e+00 -1.299414e+01 9.517059e-01 3.902584e-01 -4.062265e-01 -5.334291e-01 4.846116e-01 2.371635e-01 -9.476594e-01 -5.071250e-01 -1.626148e-01 6.753542e-02 -1.964179e+00 2.978134e-01 2.154097e-01 7.210655e-04 -5.028915e-02 -7.939086e-02 -1.606047e-01 9.470327e-02 -7.197234e-02 2.489178e-03 -3.198191e-01 8.864834e-02 -2.041898e-01 -1.157963e-01 -3.988247e-01 2.435692e-01 -1.230115e-03 
3.559350e+00 -2.581616e-01 6.306952e+00 -1.109209e+01 -1.019360e+01 -5.279648e+00 8.217926e+00 -8.338819e+00 2.049183e+00 -5.512743e+00 4.192024e+00 -1.151561e+01 9.578722e-01 4.623675e-01 -1.762203e-01 -5.854843e-01 1.334455e+00 3.256112e-01 -4.736277e-01 -4.381126e-01 5.641558e-01 -3.420904e-02 -1.510038e+00 -1.786157e-02 6.208966e-01 -2.177615e-04 -1.413769e-01 -5.105325e-02 -2.513648e-01 4.006624e-02 -2.773860e-01 -1.138911e-01 -3.344569e-01 6.698991e-02 -4.023658e-01 -2.519149e-02 -3.399139e-01 2.267159e-01 -6.064388e-04 
2.899830e+00 -2.304539e+00 2.237115e+00 -1.280499e+01 -1.446777e+01 -9.150433e+00 2.062703e+00 -1.115477e+01 -3.273995e+00 -9.338987e+00 -1.188388e+00 -1.254447e+01 9.513194e-01 1.382297e-01 -1.043562e-01 -8.691272e-01 1.196085e+00 -8.265351e-02 -6.278769e-01 -8.076522e-01 5.764954e-01 -2.886077e-01 -1.426732e+00 1.435515e-01 1.227727e+00 2.407354e-04 -8.944014e-02 8.392549e-02 3.782392e-02 1.533299e-01 6.350417e-02 2.178704e-02 2.501501e-01 1.412069e-01 2.715030e-02 9.680203e-02 1.607370e-01 1.729691e-01 3.372572e-04 
3.947520e+00 -5.833583e-01 3.722166e+00 -7.968414e+00 -1.071426e+01 -6.383805e+00 5.539437e+00 -6.387942e+00 -5.514271e-01 -7.399083e+00 1.534068e+00 -8.654113e+00 9.558695e-01 -7.008566e-02 -2.577958e-01 -9.880443e-01 9.328047e-01 -2.991663e-01 -1.063785e+00 -7.176127e-01 2.406637e-01 -6.392694e-01 -1.692948e+00 -3.514368e-02 9.159107e-01 6.028646e-06 -8.079871e-02 3.645998e-02 8.605343e-02 -6.164851e-02 1.130323e-01 -1.342567e-01 3.413678e-01 -6.868714e-02 7.125052e-02 6.807649e-03 2.148083e-01 -3.926013e-02 7.118263e-04 
3.471046e+00 -6.425841e-01 2.888364e+00 -7.939667e+00 -1.176837e+01 -7.703622e+00 4.284386e+00 -7.297450e+00 -3.856885e-01 -1.008768e+01 3.309510e+00 -8.285675e+00 9.539019e-01 2.091607e-01 5.409247e-02 -1.430153e-01 1.452070e+00 8.671234e-01 -5.436314e-01 8.834741e-01 7.050790e-01 5.058250e-01 -1.388782e+00 1.110072e+00 9.328527e-01 2.287596e-03 8.981173e-04 7.404899e-02 7.503223e-02 -5.492912e-02 2.280571e-01 -8.605161e-02 3.770297e-01 -7.033136e-02 1.450852e-01 9.110425e-02 7.202508e-02 -1.601750e-01 1.019118e-03 
2.923746e+00 -2.377936e+00 1.040735e+00 -8.860662e+00 -1.303878e+01 -1.132227e+01 3.519224e+00 -9.064300e+00 -2.591496e+00 -1.360288e+01 1.767210e+00 -9.065553e+00 9.566249e-01 2.287862e-02 -7.307537e-02 -5.181596e-01 8.980864e-01 4.159016e-01 -1.187031e+00 4.230322e-01 1.563903e-01 -7.520717e-02 -1.494995e+00 5.728798e-01 5.721710e-01 2.320346e-03 2.960002e-02 2.111947e-01 4.524828e-03 -5.148543e-02 2.763897e-01 1.742717e-01 2.070845e-01 8.137935e-03 2.339004e-01 2.252564e-01 -1.238106e-01 -1.450990e-01 9.572963e-04 
4.458027e+00 -1.136374e+00 2.862466e+00 -5.098037e+00 -8.969569e+00 -9.399342e+00 7.490089e+00 -6.290857e+00 2.749203e-01 -1.318045e+01 4.245438e+00 -7.674621e+00 9.623871e-01 9.616604e-02 1.734912e-01 -7.290409e-01 9.388427e-01 7.000170e-01 -9.965196e-01 5.071411e-01 2.667450e-01 1.547879e-01 -1.070143e+00 1.996545e-01 5.989140e-01 4.181625e-03 -4.446941e-02 1.971093e-01 -2.238589e-01 -2.922075e-01 3.203673e-02 2.405884e-01 -2.568032e-01 -1.433577e-01 9.393156e-02 1.812004e-01 -4.678511e-01 -2.287527e-01 5.172685e-04 
3.568548e+00 -7.018099e-01 1.144645e+00 -4.898434e+00 -1.003409e+01 -1.147096e+01 6.051807e+00 -6.109246e+00 -1.257770e+00 -1.332775e+01 3.930326e+00 -6.099470e+00 9.632128e-01 1.344593e-01 7.384885e-01 -6.724743e-01 9.320500e-01 1.166210e+00 3.414611e-02 5.058470e-01 5.003548e-01 7.057848e-01 -7.260904e-01 -1.989405e-01 3.573861e-01 3.843211e-03 -2.011753e-03 2.128616e-01 -1.093138e-01 -2.899397e-01 1.421514e-01 4.612483e-01 -2.474779e-01 -8.949511e-02 2.629555e-01 1.516432e-01 -4.315731e-01 -2.326137e-01 3.027096e-04 
3.629717e+00 -6.131529e-01 -8.081573e-01 -5.226585e+00 -9.770917e+00 -1.261207e+01 5.554282e+00 -7.440904e+00 -2.789748e-01 -1.557626e+01 3.226533e+00 -6.774762e+00 9.715049e-01 -6.902523e-02 6.338102e-01 -1.185160e+00 -2.597386e-02 6.522230e-01 4.871653e-02 -4.419946e-01 -1.836481e-01 5.849679e-01 -8.670620e-01 -8.432309e-01 -1.035472e-01 4.110667e-03 -8.977808e-03 9.221841e-02 -2.872716e-02 -2.995989e-01 9.983902e-02 3.189661e-01 -2.816704e-01 -6.273390e-02 1.630424e-01 1.347024e-01 -3.625467e-01 -1.190529e-01 -5.367660e-05 
4.010068e+00 1.053162e+00 -4.863224e-01 -4.136363e+00 -6.806926e+00 -9.545270e+00 7.016317e+00 -5.987527e+00 1.214236e+00 -1.603522e+01 1.281777e+00 -7.728771e+00 9.712940e-01 9.534127e-02 7.610802e-01 -8.367373e-01 -6.912015e-02 1.150548e+00 5.965863e-01 -3.397700e-01 -6.586162e-02 1.024459e+00 -8.384574e-01 -1.063556e+00 -2.396429e-01 3.870503e-03 2.391255e-02 -6.192989e-02 2.524845e-02 -1.626493e-01 5.577607e-02 -1.530598e-02 -2.441434e-01 1.193667e-02 2.155284e-02 1.937660e-01 -2.645925e-01 1.211835e-01 -2.458385e-05 
3.892330e+00 1.155263e+00 -2.248045e+00 -5.608977e+00 -7.321908e+00 -1.011836e+01 4.797604e+00 -7.270401e+00 1.963968e+00 -1.616183e+01 1.353332e+00 -7.377322e+00 9.789010e-01 7.083358e-02 6.232810e-01 -7.904660e-01 -5.867950e-02 1.206979e+00 3.170095e-01 -4.784417e-01 2.363168e-01 8.106079e-01 -3.404413e-01 -1.180785e+00 3.022197e-01 3.903252e-03 9.736474e-02 -9.706020e-02 1.689950e-01 7.320123e-02 1.852323e-01 -1.874840e-01 -3.791464e-02 1.770964e-01 1.792905e-02 3.449607e-01 -1.231556e-01 3.440150e-01 -5.367660e-05 
3.913946e+00 2.219511e+00 -2.319423e+00 -5.052475e+00 -5.505743e+00 -9.735068e+00 4.731013e+00 -6.523668e+00 2.743017e+00 -1.722704e+01 -4.510003e-01 -6.996674e+00 9.788658e-01 1.841817e-01 4.341648e-01 -7.436163e-01 1.351644e-01 1.167823e+00 -1.765225e-01 -6.965855e-01 3.500369e-01 7.007539e-01 -2.066262e-02 -1.353181e+00 7.604927e-01 3.826836e-03 9.158909e-02 -1.683210e-01 9.325960e-02 3.511069e-02 4.224123e-02 -4.090930e-01 -8.674492e-02 6.120677e-02 -5.755577e-02 3.009046e-01 2.937934e-02 3.003190e-01 -1.409548e-04 
4.031684e+00 1.920475e+00 -3.844270e+00 -5.061696e+00 -4.386791e+00 -1.093205e+01 4.304321e+00 -5.991391e+00 3.009606e+00 -1.668226e+01 -1.810885e+00 -5.629632e+00 9.872457e-01 3.735271e-01 3.120060e-01 -3.867492e-01 2.378098e-01 1.569753e+00 -5.021112e-01 -4.529934e-01 4.937644e-01 8.363631e-01 4.488628e-01 -1.314189e+00 1.116414e+00 3.859586e-03 8.396170e-02 -1.210222e-01 7.263017e-02 6.102234e-02 1.615357e-02 -3.314666e-01 -9.430313e-03 -4.902483e-03 -1.093184e-02 7.075505e-02 1.783483e-01 7.436190e-02 -2.991467e-04 
4.860914e+00 2.841199e+00 -3.406208e+00 -3.733902e+00 -2.435726e+00 -1.002092e+01 3.780075e+00 -4.876605e+00 4.195184e+00 -1.587878e+01 -3.901774e+00 -4.800382e+00 9.862619e-01 4.020409e-01 7.515081e-02 -5.722970e-01 -4.182352e-02 1.180376e+00 -1.039354e+00 -7.860859e-01 1.113790e-01 7.238060e-01 2.714233e-01 -8.499565e-01 8.548636e-01 3.182757e-03 -1.581159e-02 -1.210638e-01 -3.838248e-02 1.066892e-02 -9.468696e-02 -2.462080e-01 -1.095626e-02 -8.269142e-02 -5.826759e-02 -2.394178e-01 2.739374e-01 -2.183956e-01 -4.900678e-04 
5.286336e+00 2.404455e+00 -3.638031e+00 -5.079595e+00 -1.008163e+00 -1.248600e+01 3.008127e+00 -5.624787e+00 5.419851e+00 -1.459201e+01 -3.492263e+00 -2.893425e+00 9.945012e-01 3.817749e-01 1.978208e-01 -5.129541e-01 3.350462e-01 1.281492e+00 -9.088780e-01 -4.810297e-01 3.312471e-01 7.443801e-01 -1.325738e-01 -5.404962e-01 6.267773e-01 2.729719e-03 -8.234182e-02 -1.122292e-01 -9.386526e-02 1.524650e-02 -2.308039e-01 -6.912643e-02 -7.905867e-02 -8.246463e-02 -1.457562e-01 -4.103003e-01 2.103327e-01 -3.847226e-01 -7.264464e-04 
5.297375e+00 2.353223e+00 -5.283842e+00 -5.253163e+00 -1.293108e+00 -1.415447e+01 1.448538e+00 -6.150301e+00 5.157171e+00 -1.691539e+01 -3.860117e+00 -4.090582e+00 9.911633e-01 1.008791e-01 -1.141698e-01 -8.723661e-01 1.400702e-01 8.385621e-01 -1.204121e+00 -7.374538e-01 1.799114e-02 4.553658e-01 -9.272342e-01 -3.703143e-01 -8.674522e-02 1.943724e-03 -5.156773e-02 -6.618053e-02 5.595708e-02 2.645948e-02 -1.851185e-01 1.590470e-01 -6.153855e-02 -3.144862e-03 -1.134010e-01 -1.694674e-01 1.099405e-01 -2.547988e-01 -5.973473e-04 
5.722337e+00 3.153316e+00 -5.470184e+00 -2.626865e+00 1.449365e+00 -1.340959e+01 3.064963e+00 -3.698544e+00 6.250889e+00 -1.682713e+01 -4.534348e+00 -2.850954e+00 9.984365e-01 1.123081e-01 -1.544464e-01 -7.061366e-01 2.232180e-01 5.866933e-01 -7.653648e-01 -8.726748e-01 1.282056e-01 2.418150e-01 -1.003361e+00 -5.022712e-01 -3.365341e-01 8.466063e-04 -1.159286e-04 -7.539026e-02 1.183163e-01 -1.349738e-01 -2.949343e-01 1.933323e-01 -2.140201e-01 -1.322450e-01 -1.104243e-01 1.093677e-01 5.535977e-02 -1.400736e-01 -5.718911e-04 
5.147902e+00 1.896130e+00 -6.851958e+00 -4.260030e+00 5.282651e-01 -1.557958e+01 6.454626e-02 -5.749887e+00 6.056615e+00 -1.939703e+01 -5.232431e+00 -5.255355e+00 9.940093e-01 2.789133e-01 -7.971999e-02 -1.959959e-01 1.463597e-01 6.021256e-01 -3.157631e-01 -8.977996e-01 1.970546e-01 4.081353e-01 -1.404372e-01 -3.194045e-01 6.237202e-02 1.135896e-03 1.036254e-01 4.121070e-02 2.532554e-01 -7.605319e-02 -1.613365e-01 3.625840e-01 -9.595712e-02 -9.130943e-02 4.986370e-02 3.918147e-01 1.307539e-01 1.172883e-02 -1.918671e-04 
5.922861e+00 1.860886e+00 -6.384523e+00 -4.460175e+00 1.014375e+00 -1.560036e+01 -6.632901e-01 -5.184282e+00 6.178965e+00 -1.836773e+01 -5.317424e+00 -3.993960e+00 9.973121e-01 2.922276e-01 -1.962564e-01 -2.595032e-01 -3.428412e-01 -7.493736e-02 -3.863147e-01 -1.471034e+00 -4.195015e-01 2.158345e-01 2.093369e-02 -2.892672e-01 -1.482123e-01 2.734852e-04 7.796560e-02 6.175547e-02 1.621185e-01 -6.689803e-02 -1.150960e-01 3.038205e-01 -7.900216e-02 -1.456256e-01 5.824371e-02 3.495901e-01 1.878090e-01 -1.109634e-01 -3.591504e-04 
6.591579e+00 2.601026e+00 -5.806863e+00 -3.604811e+00 1.934528e+00 -1.463797e+01 -1.176508e+00 -4.422092e+00 7.233593e+00 -1.684661e+01 -5.065469e+00 -3.207181e+00 9.973823e-01 5.291746e-01 1.129740e-01 1.705882e-01 4.283379e-02 3.626948e-01 4.193311e-01 -9.179642e-01 -1.648584e-01 7.177238e-01 5.198615e-01 1.769239e-01 -1.223093e-01 1.277812e-03 3.114314e-02 5.758817e-02 6.080829e-02 -3.237717e-02 -3.465546e-02 2.907312e-01 -5.995609e-02 -8.756740e-02 -3.425420e-03 2.068913e-01 1.866082e-01 -2.238500e-01 -9.010028e-04 
6.461423e+00 1.819464e+00 -7.290020e+00 -4.668457e+00 3.715929e-01 -1.581232e+01 -3.670069e+00 -6.460394e+00 6.741459e+00 -1.799764e+01 -6.064219e+00 -4.615633e+00 9.981202e-01 3.770619e-01 5.797702e-02 -7.881394e-02 -5.943425e-02 1.308649e-01 3.861369e-01 -1.257742e+00 -4.190809e-01 3.781751e-01 4.143322e-01 1.886723e-01 -7.988676e-01 -1.020131e-03 -2.452643e-03 5.137890e-02 2.440066e-02 -5.375322e-02 4.821876e-02 2.354871e-01 -6.843357e-02 -2.769487e-02 -6.418860e-02 1.009736e-01 1.173635e-01 -2.041775e-01 -1.573773e-03 
7.524290e+00 2.481848e+00 -5.546616e+00 -3.941641e+00 2.662982e+00 -1.337726e+01 -3.021972e+00 -5.935845e+00 9.363959e+00 -1.698295e+01 -3.974337e+00 -5.556369e+00 9.999999e-01 3.922614e-01 8.097763e-02 1.754597e-02 -1.572996e-01 3.258415e-01 7.516025e-01 -1.304326e+00 -2.408587e-01 3.098449e-01 6.973010e-01 3.747742e-01 -7.316598e-01 -2.728578e-03 -5.381627e-02 -3.789228e-04 -2.076741e-02 -1.799517e-01 -8.174988e-02 7.173210e-02 -1.230285e-01 -1.211890e-01 -1.694403e-01 -1.455902e-02 -5.697877e-03 -1.073475e-01 -2.248361e-03 
7.341703e+00 2.210790e+00 -6.908492e+00 -4.589266e+00 1.304999e+00 -1.429993e+01 -6.029599e+00 -6.522219e+00 7.004530e+00 -1.622817e+01 -4.919672e+00 -6.813517e+00 9.909174e-01 3.485481e-01 7.658196e-02 -6.088382e-02 -5.114011e-01 1.846476e-01 6.249603e-01 -1.619949e+00 -5.200407e-01 9.884718e-02 4.371247e-01 1.987181e-01 -8.645352e-01 -5.594184e-03 1.015680e-02 6.504763e-02 1.786503e-01 -1.018388e-01 -1.360601e-02 1.818644e-01 2.098538e-01 -8.938172e-02 8.034235e-02 -2.346180e-02 1.026995e-01 1.398141e-01 -1.913794e-03 
8.112523e+00 2.810678e+00 -5.909509e+00 -4.430885e+00 3.097499e+00 -1.163629e+01 -6.517793e+00 -5.595806e+00 8.650970e+00 -1.424505e+01 -3.763703e+00 -5.766071e+00 9.873511e-01 2.743181e-01 1.018315e-01 5.780197e-02 -6.310283e-01 -7.297953e-02 6.584833e-01 -1.351772e+00 -7.204179e-01 1.016807e-02 4.357571e-01 1.434664e-01 -6.263676e-01 -7.679253e-03 2.176697e-03 1.754045e-02 2.047433e-01 -5.526509e-02 -1.743589e-01 -5.538414e-03 3.781600e-01 -1.498779e-01 7.235060e-02 -2.029418e-01 6.391075e-02 1.948478e-01 -1.819243e-03 
7.909700e+00 2.037473e+00 -7.413195e+00 -6.981247e+00 1.077801e+00 -1.355783e+01 -1.002167e+01 -9.230938e+00 7.592433e+00 -1.718078e+01 -5.175993e+00 -8.833553e+00 9.764590e-01 4.867574e-01 3.727276e-01 7.943248e-01 -3.317716e-01 2.622697e-01 1.341979e+00 -1.847079e-01 -6.261888e-01 9.297728e-01 4.277798e-01 8.178089e-01 -1.525528e-01 -8.115917e-03 2.563202e-02 -4.284367e-02 1.699841e-01 1.784856e-01 -2.392152e-01 -9.819186e-02 4.850893e-01 1.130850e-01 -5.092294e-02 -1.240378e-01 -2.916759e-02 3.533303e-01 -1.531952e-03 
8.612453e+00 3.077739e+00 -5.005276e+00 -5.900245e+00 2.411644e+00 -1.045593e+01 -7.784720e+00 -8.183290e+00 9.120824e+00 -1.432723e+01 -3.129112e+00 -7.677806e+00 9.688346e-01 3.339378e-01 2.056269e-02 6.136355e-01 -5.233513e-01 -5.846636e-01 3.653220e-01 -1.311155e-01 -9.373414e-01 2.560818e-01 -3.127485e-01 3.847347e-01 -1.134883e-01 -1.056123e-02 3.484661e-02 -1.578194e-01 -8.567002e-02 2.584464e-01 -3.039433e-01 -2.787534e-01 1.242313e-01 3.292157e-01 -2.729771e-01 -1.336019e-01 -2.638283e-01 2.748858e-01 -1.642868e-03 
9.525846e+00 3.940691e+00 -3.388837e+00 -5.512972e+00 2.959286e+00 -8.180197e+00 -6.319292e+00 -8.359105e+00 1.141849e+01 -1.404784e+01 -1.148411e+00 -6.620273e+00 9.596114e-01 4.469324e-01 -9.709823e-02 5.110290e-01 3.271213e-01 -7.555705e-01 2.805287e-01 1.950758e-01 1.538663e-01 -2.787712e-01 1.910797e-01 -6.774981e-02 6.456795e-01 -1.181664e-02 4.860236e-02 -1.959085e-01 -3.048694e-01 2.672656e-01 -2.338354e-01 -3.383474e-01 -3.019033e-01 5.075293e-01 -4.448482e-01 3.804369e-02 -4.660318e-01 1.502325e-01 -1.661051e-03 
8.974406e+00 1.961897e+00 -4.853360e+00 -7.781286e+00 -7.662918e-01 -1.249800e+01 -9.024926e+00 -1.071813e+01 8.018506e+00 -1.737495e+01 -3.854070e+00 -7.439967e+00 9.429747e-01 4.686123e-01 -4.523299e-01 -2.288485e-01 3.317756e-01 -1.083910e+00 -2.044583e-01 -9.204443e-01 5.356908e-01 -7.503999e-01 -1.138839e-01 -7.328979e-01 3.489852e-01 -1.404363e-02 1.295497e-01 -2.300734e-02 -1.277295e-01 3.106476e-01 1.409132e-01 1.319193e-01 -2.064469e-01 5.581601e-01 -6.635640e-02 2.843709e-01 -1.839222e-01 -2.375507e-02 -1.106470e-03 
9.963227e+00 2.109779e+00 -4.934213e+00 -4.404850e+00 -1.111349e+00 -1.113431e+01 -8.426455e+00 -7.194086e+00 6.749668e+00 -1.470157e+01 -5.152478e+00 -5.724131e+00 9.303082e-01 6.624352e-01 -3.703455e-01 -3.087821e-01 5.769421e-01 -6.573336e-01 -6.477939e-02 -1.299581e+00 1.175103e+00 -7.911728e-01 5.186079e-01 -9.536490e-01 3.674673e-01 -1.467679e-02 5.323170e-02 1.419342e-01 5.383762e-02 2.658547e-02 2.201155e-01 2.668065e-01 -3.068053e-02 1.721637e-01 1.516533e-01 7.390917e-02 1.308631e-01 -4.110750e-01 -1.275572e-03 
1.073635e+01 1.731170e+00 -5.376697e+00 -4.795920e+00 -9.726635e-01 -1.000106e+01 -1.133356e+01 -6.087027e+00 7.703446e+00 -1.457009e+01 -4.791678e+00 -6.380842e+00 9.132674e-01 8.739318e-01 4.223438e-02 3.849398e-01 9.050049e-01 7.086324e-02 1.197698e+00 -4.161149e-01 1.343089e+00 1.805431e-01 9.451694e-01 -9.209799e-02 -9.332599e-02 -1.466041e-02 -6.417717e-02 3.814704e-01 1.327287e-01 1.176082e-02 2.482953e-01 3.188475e-01 5.782850e-01 -1.525427e-01 1.134741e-01 6.231012e-02 2.720816e-01 -4.200226e-01 -1.724691e-03 
1.195697e+01 2.204250e+00 -4.671124e+00 -4.121175e+00 -2.238559e-01 -9.752617e+00 -1.166312e+01 -4.799323e+00 7.620186e+00 -1.285723e+01 -5.447769e+00 -5.312160e+00 9.010753e-01 5.103225e-01 3.651630e-01 4.733180e-01 1.734048e-01 -2.324849e-01 9.134108e-01 -2.104797e-01 6.108498e-01 1.399756e-02 3.107635e-02 2.661438e-01 -1.188673e+00 -1.788081e-02 -1.958709e-01 4.287276e-01 -6.320373e-02 -7.777504e-02 3.967943e-02 1.890615e-01 7.148855e-01 -4.563278e-01 -1.957127e-01 5.457742e-02 2.407523e-01 -3.594732e-01 -3.124780e-03 
1.234697e+01 2.125767e+00 -3.060370e+00 -3.398157e+00 -8.557511e-01 -7.200725e+00 -9.487671e+00 -5.200221e+00 8.486013e+00 -1.357123e+01 -4.166831e+00 -8.112605e+00 8.842980e-01 2.237710e-01 1.087178e+00 4.392059e-02 5.924144e-01 -5.489841e-02 9.005933e-01 1.426299e+00 5.500975e-02 -5.856565e-01 4.414553e-01 1.763910e-02 -9.730477e-01 -2.106300e-02 -3.940066e-01 1.590202e-01 -1.040560e-02 -2.549149e-01 -4.776334e-02 -3.487872e-01 1.831215e-01 -4.745277e-01 -3.723724e-01 1.693470e-01 2.884195e-01 1.983411e-01 -4.417588e-03 
1.170999e+01 3.738306e+00 -3.725832e+00 -4.236164e+00 -2.332067e+00 -7.968232e+00 -1.040171e+01 -4.582935e+00 6.428354e+00 -1.504609e+01 -4.133908e+00 -1.080209e+01 8.553988e-01 8.032612e-03 1.250738e+00 -4.541896e-01 3.444805e-01 -3.960212e-01 1.028988e+00 1.353621e+00 -4.626899e-01 -1.386622e+00 1.043519e+00 1.952276e-01 -9.899896e-01 -2.710533e-02 -3.646434e-01 -1.224807e-01 3.570619e-01 -1.143957e-01 1.888189e-01 -5.145590e-01 -3.984336e-01 -1.799843e-01 2.996521e-02 2.893056e-01 5.751867e-01 7.752762e-01 -5.164909e-03 
1.197904e+01 6.400196e+00 -5.629996e+00 -1.776383e+00 -1.930895e-01 -6.390732e+00 -4.832656e+00 -5.920389e+00 5.370989e+00 -1.126854e+01 -5.360088e+00 -8.501217e+00 8.307863e-01 -8.450236e-01 3.946038e-01 7.965227e-01 -4.550468e-01 -8.610850e-02 -6.039946e-01 -2.825113e-01 -4.926974e-01 -9.809957e-01 1.285689e+00 1.385479e+00 7.992772e-01 -3.213242e-02 -2.296430e-01 -3.176352e-01 6.606158e-01 8.416224e-02 1.194368e-01 -5.183157e-01 -8.914272e-01 6.545908e-02 4.478011e-01 -2.117252e-02 4.377888e-01 8.481438e-01 -5.588572e-03 
1.218140e+01 6.320986e+00 -5.656842e+00 -3.209402e+00 -2.535598e+00 -5.012729e+00 -7.222301e+00 -6.752132e+00 2.244238e+00 -8.791163e+00 -3.875235e+00 -1.006840e+01 7.923126e-01 -7.783344e-01 9.907145e-02 1.882278e+00 1.251011e-01 7.273114e-01 -9.072347e-01 -1.348105e+00 -1.524147e-02 3.615056e-01 1.055371e+00 2.458076e+00 1.801513e+00 -3.816930e-02 -9.076281e-02 -1.972420e-01 7.929643e-01 6.910070e-01 -1.983972e-02 -1.008018e-01 -2.752841e-01 3.795064e-01 5.645388e-01 -1.526284e-01 -2.152515e-01 8.599718e-01 -4.681242e-03 
7.885785e+00 2.807408e+00 1.888118e+00 -6.186632e+00 -1.184715e+00 -1.169817e+01 -1.249021e+01 -6.579214e+00 5.673150e+00 -1.027029e+01 2.630911e+00 -4.482910e+00 7.551742e-01 -5.311366e-01 7.484414e-02 2.178877e+00 1.122875e+00 -1.942718e-02 -7.229681e-01 -1.679904e+00 1.586338e-01 7.793712e-01 3.295441e-01 1.075168e+00 1.871941e+00 -4.347476e-02 2.343491e-01 1.206394e-01 1.659336e-01 1.196137e+00 -8.512291e-02 7.954808e-01 6.579168e-01 5.337802e-01 -8.240461e-02 -1.407241e-01 -9.767255e-01 2.629353e-01 -4.075749e-03 
9.864346e+00 6.030307e+00 1.926334e+00 -1.405382e+00 1.800102e+00 -9.850056e+00 -1.331390e+01 -4.329838e+00 8.084567e+00 -1.026846e+01 4.161117e+00 -3.803370e+00 7.023476e-01 -6.026567e-01 4.244535e-01 2.819618e+00 3.010494e+00 -5.285776e-01 5.843165e-01 6.758978e-01 1.109199e+00 5.558338e-01 7.583849e-01 -7.260020e-01 2.773226e+00 -4.483388e-02 2.292348e-01 1.016365e-01 -3.805106e-01 8.789819e-01 1.494952e-01 6.611077e-01 1.072635e+00 3.390244e-01 -9.323450e-01 1.911892e-02 -9.338250e-01 -3.132032e-01 -3.364795e-03 
1.048201e+01 6.919784e+00 1.472796e+00 2.935983e+00 -2.457972e+00 -7.586787e+00 -1.018624e+01 -6.338675e+00 6.347830e+00 -8.882467e+00 -4.002556e+00 -2.273345e+00 6.583928e-01 2.389705e-01 8.349889e-01 1.157439e+00 4.082987e+00 1.162388e-01 2.627681e+00 1.995112e+00 1.614138e+00 -1.490244e+00 7.305781e-01 -1.906123e+00 1.628173e+00 -4.917868e-02 1.038017e-01 -1.067283e-01 -6.624460e-01 1.050763e-01 8.964733e-01 9.676396e-02 8.298401e-01 1.653033e-01 -1.093701e+00 1.088081e-01 6.220055e-02 -6.956816e-01 -5.597663e-03 
7.870147e+00 6.387115e+00 8.648862e+00 7.281687e+00 -4.541570e+00 -4.146859e+00 -4.994680e+00 -1.326966e+00 4.686145e+00 -5.692916e+00 -4.188331e+00 2.693662e+00 6.165286e-01 -1.729986e-02 2.272615e-01 4.903226e-01 3.040055e+00 1.406793e+00 7.230094e-01 2.177348e+00 9.520099e-01 -3.165460e+00 9.504117e-01 -7.203832e-01 3.572461e-01 -5.214253e-02 -3.578389e-02 -4.324026e-01 -9.946833e-01 -8.525625e-01 1.268105e+00 -2.815610e-01 2.447960e-02 -1.150657e-01 -3.505974e-01 1.547973e-01 6.767068e-01 -8.382914e-01 -1.316541e-02 
1.007775e+01 6.803876e+00 4.313724e+00 9.884662e+00 2.567843e+00 -1.411633e+00 -6.673879e+00 -9.797812e-03 -7.883771e-02 -8.904989e+00 -2.724977e+00 4.092418e-01 5.521951e-01 -3.049118e-01 -3.602253e-01 3.119599e-02 1.633460e+00 3.495104e+00 -3.085327e-01 1.718632e+00 1.063627e+00 -2.828465e+00 7.775306e-01 1.383266e+00 -3.985613e-01 -6.780785e-02 -3.943593e-01 -6.566031e-01 -6.471859e-01 -1.306877e+00 7.349092e-01 -5.591848e-02 -3.465514e-01 -3.943124e-02 6.108392e-01 5.031249e-01 8.421592e-01 -1.570495e-01 -2.242600e-02 
9.980244e+00 7.224270e+00 2.957532e+00 1.032021e+01 6.321348e+00 -9.322683e+00 -4.183287e+00 -2.733973e+00 -4.529543e+00 -5.504830e+00 -7.978685e-02 -3.358485e+00 4.947306e-01 -5.096924e-01 -1.139997e+00 -1.590728e+00 -2.760914e-02 4.122530e+00 6.445701e-01 9.366351e-01 8.091237e-01 -5.279888e-01 1.509056e+00 1.012935e+00 -4.048620e-01 -1.013436e-01 -4.486328e-01 -4.968706e-01 -2.024288e-01 -8.898551e-01 -2.052286e-01 6.463970e-01 -3.369436e-01 4.328587e-01 1.026669e+00 3.472500e-01 3.145091e-01 5.410457e-01 -2.304604e-02 
7.902341e+00 4.699726e+00 4.474483e+00 9.583630e+00 9.586376e+00 -6.541278e+00 -1.998505e+00 -3.165090e-01 -3.186826e+00 -5.089093e+00 8.595008e-01 -1.240234e+00 3.802408e-01 -1.486701e+00 -1.764489e+00 -1.038017e+00 -9.175801e-01 2.432925e+00 2.387324e+00 8.828270e-01 1.488639e+00 2.451940e-01 2.966864e+00 1.438007e+00 1.223946e+00 -1.367134e-01 -3.154401e-01 -1.940332e-01 1.608940e-01 -9.226372e-02 -9.464427e-01 7.261984e-01 3.804357e-02 4.660834e-01 4.969163e-01 8.850973e-02 -3.479554e-01 5.114451e-01 -9.103339e-03 
6.408993e+00 1.739527e+00 6.149909e-01 7.294704e+00 1.256173e+01 1.640847e+00 -2.649147e+00 2.871839e+00 3.600245e+00 -5.581069e-02 -9.159410e-01 1.493319e+00 1.957782e-01 -1.669448e+00 -1.554928e+00 1.268749e-02 -1.336509e-01 9.119231e-01 2.606976e+00 9.106477e-01 2.903900e+00 4.310372e-01 1.592134e+00 8.248750e-01 2.251245e+00 -1.329253e-01 -5.575619e-02 2.229465e-01 5.274194e-01 5.445663e-01 -1.084780e+00 3.665588e-02 1.552023e-01 4.640873e-02 -2.692239e-01 -3.303279e-01 -5.164644e-01 1.859615e-01 1.351082e-02 
4.429972e+00 7.239689e-01 2.950510e-01 6.809799e+00 1.161223e+01 5.043370e+00 -3.026638e+00 4.630477e+00 -2.917892e+00 3.204957e+00 4.883052e+00 4.102644e+00 1.809679e-02 -1.302186e+00 -1.122823e+00 3.397227e-02 1.225269e+00 3.682228e-01 2.341312e+00 1.922002e+00 2.346798e+00 -8.234607e-01 1.178337e+00 -2.624501e-01 8.306409e-01 -9.753373e-02 2.733678e-01 4.088079e-01 2.315427e-01 4.400379e-01 -6.109323e-01 -5.695658e-01 -3.307268e-01 -4.982272e-01 -2.973730e-01 -5.548815e-01 -5.536156e-01 -2.550439e-01 3.093192e-02 
3.368945e+00 1.437585e+00 5.110573e+00 1.103889e+01 9.868008e+00 -2.080316e+00 8.839985e-01 9.312291e+00 -2.508627e+00 -1.690760e+00 2.032603e+00 5.226007e+00 1.117505e-02 -8.808426e-01 -3.461182e-01 5.103350e-01 1.623900e+00 -2.691078e-01 8.509662e-01 1.193059e+00 6.118313e-01 -1.339767e+00 7.516611e-01 -7.192765e-01 7.217082e-01 -5.338157e-02 3.622512e-01 4.682336e-01 -7.714507e-02 -2.048135e-01 -1.572376e-01 -3.885692e-01 -6.244432e-01 -9.035574e-01 -1.410647e-01 -3.040774e-01 -6.733771e-02 -2.009294e-01 3.024642e-02 
2.911328e+00 -7.632158e-01 2.396295e+00 1.383767e+01 1.277425e+01 7.025403e+00 5.844399e+00 8.197021e+00 -4.250054e+00 1.619921e+00 -1.927120e+00 1.046841e+00 -1.512405e-02 -5.141698e-01 -3.247532e-01 -1.291339e-01 4.038538e-01 -3.128931e-02 4.176878e-01 -9.120334e-01 1.436301e-01 -3.564123e-01 6.127409e-01 -5.581188e-01 7.134473e-01 -2.182170e-02 1.698911e-01 5.459120e-01 1.429021e-01 -7.164530e-01 4.300977e-02 -2.730985e-01 -6.529275e-01 -1.088108e+00 4.841684e-01 -4.186435e-01 2.009084e-01 2.585227e-01 2.227137e-02 
2.764155e+00 7.526733e-01 2.116150e+00 1.189968e+01 1.063527e+01 4.904830e+00 -1.119248e+00 4.147951e+00 -2.432403e+00 4.494778e+00 -1.107091e+00 6.629680e+00 -5.452877e-02 -2.522438e-01 3.872436e-01 -2.916618e-01 -7.470075e-01 3.253809e-01 1.625937e+00 -7.944968e-01 -5.124687e-01 -5.077901e-01 3.547298e-01 6.359637e-01 1.305296e+00 -1.955105e-02 3.184856e-02 4.084745e-01 4.400505e-01 -2.735612e-01 3.131942e-01 1.504658e-01 -1.892659e-01 -6.170084e-01 5.939821e-01 -4.458606e-01 4.990169e-02 -9.475714e-03 1.266167e-02 
2.161664e+00 -5.575606e-01 1.146855e+00 8.398487e+00 1.107168e+01 3.639044e+00 -6.585656e+00 7.930400e+00 -4.737889e+00 3.175132e+00 3.662582e+00 6.968388e+00 -5.816532e-02 -7.671410e-01 1.240004e+00 1.149341e+00 -1.171678e+00 2.859940e-01 5.882604e-01 -3.487200e-01 -2.531666e+00 1.181318e+00 -7.162896e-01 6.454766e-02 1.831617e+00 -3.094284e-03 -1.081339e-01 7.892473e-02 6.001405e-01 5.337734e-01 2.550841e-01 3.568896e-01 2.426899e-01 6.937121e-02 1.263515e-01 -3.480317e-01 -2.175803e-01 -3.806778e-01 4.892090e-03 
2.483146e+00 3.270677e+00 4.277402e+00 1.002352e+01 1.234589e+01 7.742575e+00 3.126464e+00 6.883235e+00 -4.803559e+00 -6.955470e-01 2.417590e+00 8.791465e+00 -6.505192e-02 -5.951158e-01 9.139065e-01 2.071412e+00 1.043878e+00 1.138340e+00 1.518029e+00 -3.482164e-02 -1.135475e+00 8.612924e-01 -8.131577e-01 -7.809983e-01 1.151581e-01 5.682332e-04 -1.371003e-01 -4.946620e-01 5.058778e-02 7.104933e-01 -1.390488e-02 -1.555713e-01 -2.406959e-01 1.027218e+00 -6.299146e-02 4.650719e-01 -1.476967e-03 -7.249758e-01 -1.341031e-03 
-7.836411e-01 4.177595e+00 7.062427e+00 8.918106e+00 1.334840e+01 8.547950e+00 1.977874e+00 -5.829100e+00 2.842304e+00 6.338385e-01 -3.366958e+00 9.124332e+00 -2.534854e-02 -8.834347e-01 -1.934964e-01 1.690137e+00 2.177129e+00 8.375257e-01 2.255971e+00 -7.860136e-02 8.018321e-01 -4.091993e-01 -5.436364e-01 -9.375588e-01 -5.947239e-01 -7.422713e-03 4.339987e-02 -8.439231e-01 -8.531975e-01 1.498443e-01 -3.889523e-01 -4.280745e-01 -1.534909e-01 1.972479e+00 -5.441465e-01 1.026252e+00 6.648810e-01 -6.874082e-01 -8.548759e-03 
1.261147e+00 2.954927e+00 9.515195e+00 1.685938e+01 1.518871e+01 1.004048e+01 -5.574914e+00 5.350645e+00 -1.916034e+00 1.700269e+00 -1.497453e+00 6.127458e+00 -6.810873e-02 -8.796643e-01 -1.369185e+00 -3.090135e-01 1.131051e+00 -1.977268e-02 1.420764e-02 -2.133121e+00 2.956764e+00 -2.745110e-02 2.593751e+00 1.129568e+00 -1.106343e+00 -2.409235e-02 -7.780066e-02 -8.214613e-01 -1.378400e+00 -1.065063e+00 -7.472627e-01 -7.435233e-01 5.082046e-01 1.134036e+00 -3.578449e-01 1.000561e+00 1.153633e+00 1.287215e-01 -7.199583e-03 
-1.645065e+00 -1.367101e+00 6.978415e+00 1.586678e+01 1.383830e+01 1.377042e+01 -2.627515e+00 1.270592e+01 -8.227779e+00 -7.405903e-01 9.320638e-01 5.326876e+00 -9.375782e-02 -4.077734e-01 -1.837989e+00 -1.926541e+00 -4.659906e-01 -1.079649e+00 -8.002023e-01 -6.706335e-02 5.284589e+00 -1.095055e+00 2.711474e+00 2.433558e+00 -9.946102e-01 -3.350791e-02 -8.758841e-02 -5.560046e-01 -1.185812e+00 -1.329933e+00 -6.801436e-01 -6.796189e-01 9.168755e-01 -3.456543e-01 9.661704e-02 4.652754e-01 8.038799e-01 7.368506e-01 -6.464413e-04 
-1.484554e+00 -8.028207e-01 2.774032e+00 1.220450e+01 1.200225e+01 5.202228e+00 -5.236020e+00 1.239969e+01 5.942796e-01 1.296109e+01 5.916067e+00 5.158584e+00 -1.512926e-01 -1.221947e+00 -2.371194e+00 -3.012412e+00 -2.959796e+00 -1.639472e+00 -6.715882e-01 2.500628e+00 2.293233e+00 -5.851309e-01 2.562069e+00 3.301579e+00 9.586157e-01 -2.238936e-02 -1.332646e-01 -2.085354e-01 -4.170124e-01 -6.304448e-01 -2.367388e-01 3.195005e-02 9.726574e-01 -1.322495e+00 1.124388e-01 -7.582718e-01 -2.881350e-01 7.084758e-01 7.017679e-03 
-1.449600e+00 -3.133337e+00 8.003855e-01 8.915936e+00 9.543303e+00 6.966294e+00 1.473563e+00 1.706943e+01 -3.887697e+00 8.560847e+00 5.094022e+00 4.636188e+00 -1.512926e-01 -1.150192e+00 -2.472602e+00 -2.887249e+00 -2.427071e+00 -1.753487e+00 -7.992163e-01 2.188886e+00 -5.947790e-01 3.527203e-01 1.798635e+00 1.995716e+00 2.056903e+00 -1.150552e-02 -5.121502e-02 1.756060e-01 1.546769e-01 3.152252e-01 2.732302e-01 3.127779e-02 -3.280140e-01 -1.743134e+00 2.667086e-01 -8.901856e-01 -1.019662e+00 3.124534e-01 8.941437e-03 
-4.946345e+00 -8.017828e+00 -2.457443e+00 5.535703e+00 9.139079e+00 1.008481e+01 4.877343e+00 1.463554e+01 -7.011712e+00 9.860407e+00 1.292948e+01 1.126594e+01 -1.512926e-01 -1.174699e+00 -2.094676e+00 -1.913817e+00 -1.040604e+00 -8.667060e-01 1.734963e-01 1.602173e+00 -7.160711e-01 -1.891159e-01 -7.412474e-01 -9.226826e-02 9.103100e-01 5.703494e-07 3.333288e-01 6.093382e-01 6.794083e-01 1.049360e+00 5.239022e-01 -9.384193e-02 -1.106020e+00 -6.947407e-01 2.169786e-01 -6.692441e-01 -1.230963e+00 -6.069413e-01 5.628501e-03 
-5.664734e+00 -1.012270e+01 -4.841674e+00 7.065812e+00 6.502633e+00 7.333423e+00 3.260071e+00 8.614343e+00 -2.661466e+00 9.802581e+00 7.403944e+00 1.255760e+01 -1.512926e-01 -6.874910e-01 -1.098187e+00 -1.702357e+00 1.506366e-01 -9.981329e-02 -1.066304e+00 -1.257958e+00 -1.926467e+00 4.057877e-02 -8.790048e-02 -9.678664e-01 5.920532e-01 5.703494e-07 4.024162e-01 6.929759e-01 8.830179e-01 8.550861e-01 3.219897e-01 3.278049e-02 -7.560136e-01 2.148569e-01 -6.370327e-02 -2.339744e-01 -4.406699e-01 -8.960829e-01 2.301018e-03 
-5.250810e+00 -7.781651e+00 -3.973762e+00 7.926600e+00 9.188779e+00 5.886611e+00 1.881168e+00 1.304692e+01 -9.646007e-01 8.633282e+00 4.299860e+00 5.749465e+00 -1.512926e-01 2.135202e-01 -1.174040e-02 -2.076794e-01 9.982160e-01 1.533224e-01 -1.007146e+00 -1.306051e+00 -5.147123e-01 6.557761e-01 1.592841e-01 -1.371484e+00 -1.343531e+00 5.703494e-07 2.776445e-01 5.310764e-01 7.614079e-01 2.429498e-01 -4.469344e-01 -1.866728e-02 5.025114e-02 2.130993e-01 -4.848717e-01 1.346007e-01 4.749036e-01 -3.320176e-01 8.723030e-07 
-4.734784e+00 -8.742345e+00 -6.953656e+00 8.473338e+00 9.019327e+00 3.733712e+00 -3.318027e+00 8.231798e+00 -6.708379e+00 8.734324e+00 4.569956e+00 1.035440e+01 -1.512926e-01 1.676861e-01 -4.915473e-02 6.747136e-01 8.290272e-01 -6.535331e-01 -4.484092e-02 -1.371540e-01 3.786421e-01 -3.883248e-01 1.785438e-01 4.318987e-01 -1.296625e+00 5.703494e-07 2.805691e-02 2.809136e-01 5.444222e-01 -2.181263e-01 -8.706988e-01 6.690764e-02 7.828749e-01 4.850654e-02 -5.191683e-01 1.427913e-01 7.604700e-01 8.174310e-03 8.723030e-07 
-4.343854e+00 -8.767053e+00 -2.440072e+00 9.822828e+00 8.647763e+00 6.848997e+00 1.636435e+00 1.225334e+01 -1.709251e+00 1.119040e+01 7.489273e+00 5.649657e+00 -1.512926e-01 -2.140684e-01 3.630533e-02 7.045586e-01 -1.649729e-01 -2.824534e+00 -4.304641e-01 1.293019e+00 -8.030087e-01 -2.398961e+00 -2.016350e-01 1.582393e+00 1.944073e-01 5.703494e-07 -1.580426e-01 5.562954e-02 -9.188710e-02 -3.290802e-01 -4.257996e-01 -9.613553e-02 2.638271e-01 -4.759451e-01 -4.213583e-01 2.342610e-01 4.305113e-01 5.463775e-01 8.723030e-07 
-5.279785e+00 -9.875628e+00 -2.234780e+00 1.026217e+01 3.505982e+00 6.627796e+00 2.696803e+00 1.090429e+01 -4.230901e+00 9.416669e+00 7.968659e+00 6.124273e+00 -1.512926e-01 -3.333077e-01 2.824630e-01 5.635469e-01 -3.585651e-01 -2.964346e+00 -1.020183e+00 1.357071e+00 -1.539735e+00 -1.027926e+00 8.065911e-01 1.357640e+00 -1.363109e-01 5.703494e-07 -3.168362e-02 4.633647e-02 -3.229555e-01 -1.228789e-01 6.029338e-01 -6.944279e-02 -5.556625e-01 -2.900908e-01 1.197834e-01 1.750956e-01 -3.533407e-01 3.859951e-01 8.723030e-07 
-6.048765e+00 -7.033154e+00 -2.810229e+00 6.207194e+00 -2.177288e+00 2.287363e+00 5.339240e+00 7.695658e+00 -1.419828e+01 7.284418e+00 1.051239e+01 8.837121e+00 -1.512926e-01 -3.263560e-01 1.007070e-01 -6.115119e-01 -5.352207e-02 -8.200637e-01 -1.000244e+00 -7.340031e-01 -1.935161e+00 -1.131172e+00 1.016624e+00 3.182455e-01 8.079582e-01 5.703494e-07 1.730214e-01 3.508477e-02 -2.520713e-01 1.184311e-01 1.497472e+00 4.212685e-01 -9.703243e-01 3.320506e-01 6.792059e-01 1.030085e-01 -8.737862e-01 -8.130150e-02 8.723030e-07 
-5.548836e+00 -8.196959e+00 -3.950706e+00 8.489068e+00 -3.904680e-01 9.135161e-01 1.616076e+00 2.811945e+00 -5.603325e+00 1.472021e+01 9.846562e+00 8.079541e+00 -1.512926e-01 6.529578e-02 1.503884e-01 -2.819448e-01 1.589388e-01 1.358999e+00 -1.072856e-01 -1.901929e+00 -5.057380e-01 -4.233159e-01 4.449881e-01 -7.026755e-01 3.267226e-01 5.703494e-07 2.138477e-01 9.655239e-02 -2.481793e-02 -9.583340e-02 1.021489e+00 7.513489e-01 -4.306480e-01 9.040714e-01 3.641303e-01 -3.382132e-01 -7.083338e-01 -2.747776e-01 8.723030e-07 
-5.840883e+00 -9.103149e+00 -4.639540e+00 1.044225e+01 6.495059e+00 4.704872e+00 -1.493346e+00 6.623859e+00 -6.679062e+00 1.362152e+01 8.141667e+00 8.711831e+00 -1.512926e-01 4.516454e-01 2.778629e-01 -1.330670e-01 1.684989e-01 2.501104e+00 1.219390e+00 -1.928995e+00 3.402213e-01 6.947469e-01 4.943339e-01 -1.756373e+00 -4.435065e-01 5.703494e-07 1.912301e-01 6.921493e-02 2.314956e-01 -3.399152e-01 -3.761434e-01 5.100861e-01 4.633870e-01 7.339790e-01 3.594388e-01 -2.631755e-01 -7.363269e-02 -4.092365e-01 8.723030e-07 
-5.057185e+00 -8.088681e+00 -2.729692e+00 8.939260e+00 5.964931e+00 4.882664e+00 -3.396918e+00 8.911393e+00 -1.010719e+01 8.473195e+00 5.640932e+00 7.819936e+00 -1.512926e-01 3.470164e-01 6.767446e-01 2.003175e-01 -9.487762e-01 4.824678e-01 1.626704e+00 -1.985103e-01 1.842981e+00 -1.202601e-01 -6.231823e-01 -1.146732e+00 -8.845575e-01 5.703494e-07 5.966869e-02 -1.403167e-01 1.190228e-01 -2.943074e-01 -1.290748e+00 3.222686e-02 8.227755e-01 1.076420e-01 2.499810e-01 7.121290e-02 5.523719e-01 -1.037317e-01 8.723030e-07 
-4.036170e+00 -5.698213e+00 -4.085883e+00 6.824444e+00 7.150621e+00 6.399668e+00 -1.799580e+00 6.346611e+00 -8.472869e+00 1.287952e+01 3.833240e+00 6.749661e+00 -1.512926e-01 4.889961e-01 1.836115e-01 3.047749e-01 -1.199226e+00 -2.262522e+00 6.831325e-01 7.311077e-01 5.603698e-01 5.144601e-01 2.348413e-01 1.720713e-01 -6.326684e-01 5.703494e-07 -4.874604e-02 -3.536823e-01 7.187659e-02 -1.746853e-02 -1.300611e+00 -4.066412e-01 5.548307e-01 -2.893537e-01 1.944975e-02 8.454163e-02 8.181073e-01 2.330282e-01 8.723030e-07 
-4.715927e+00 -6.515746e+00 -3.225867e+00 5.554145e+00 1.694549e+00 8.200216e+00 7.762651e-01 1.216591e+01 -5.307810e+00 1.197501e+01 6.266788e+00 4.638312e+00 -1.512926e-01 3.450134e-01 -5.039535e-01 9.412491e-02 -6.287641e-01 -2.712823e+00 3.219393e-01 8.819644e-01 -7.750005e-02 9.167825e-01 9.309241e-01 1.095089e+00 -9.724644e-02 5.703494e-07 -5.566801e-02 -4.237762e-01 1.328527e-02 2.860379e-01 -5.915480e-01 -4.421129e-01 5.805042e-02 -4.685744e-01 5.465227e-02 1.431474e-01 5.760963e-01 3.386220e-01 8.723030e-07 
-3.566596e+00 -8.971618e+00 -2.868027e+00 6.138309e+00 -2.682331e+00 6.461549e+00 7.557409e-02 7.798056e+00 -6.506288e+00 1.304509e+01 8.688578e+00 7.139335e+00 -1.512926e-01 2.088072e-01 -9.002796e-01 2.793257e-01 -7.868026e-02 -2.404292e+00 -1.615139e-01 3.048486e-01 -1.464893e-01 2.734272e-01 1.400245e-01 1.213254e+00 3.281227e-01 5.703494e-07 -6.964421e-02 -2.564176e-01 1.342656e-02 2.791085e-01 2.490635e-03 -2.172612e-01 -1.429223e-01 -1.482337e-01 -1.125274e-01 -9.804166e-02 2.200480e-01 2.346829e-01 8.723030e-07 
