-1.118756e+01 -8.368922e-01 -4.200686e+00 7.092716e+00 -3.465647e+00 2.149303e+00 -6.166950e-01 1.398351e+00 5.295250e+00 1.520688e+00 4.771065e+00 -8.557112e-01 -1.512926e-01 3.631057e-01 -1.087385e-01 -3.698051e-01 -3.794639e-01 1.500735e-01 -8.449208e-01 1.550044e+00 1.011084e+00 -1.272236e+00 -1.255612e+00 -1.440499e+00 1.674973e-01 -2.240946e-06 5.183210e-02 6.627263e-02 4.390167e-02 4.993417e-02 -2.809020e-01 1.134889e-01 -7.088707e-02 2.109514e-01 6.850286e-01 3.937449e-01 3.294986e-01 -2.980977e-01 -4.732389e-07 
-9.878290e+00 5.672796e-02 -3.828635e+00 5.745804e+00 -3.783620e+00 9.187487e-01 3.176212e+00 4.630861e+00 1.333714e+00 -3.151853e+00 -1.204156e+00 2.596544e+00 -1.512926e-01 6.599861e-01 1.818871e-01 -4.434336e-01 -2.508400e-01 -5.775670e-01 -6.450658e-01 1.622860e+00 1.964928e+00 6.328825e-01 -3.496014e-01 -1.766791e+00 -8.714874e-01 -2.240946e-06 -6.340390e-02 1.798875e-02 1.150537e-01 2.357927e-01 -1.848793e-01 2.425482e-01 -1.949197e-01 -4.818424e-02 5.463713e-01 6.922171e-01 8.486437e-01 -4.077965e-01 -4.732389e-07 
-1.002696e+01 -1.828022e+00 -6.235228e+00 5.869002e+00 -2.555947e+00 -1.460288e+00 5.237366e+00 4.837379e+00 9.147519e-01 -2.421063e+00 5.563580e-01 -1.744071e+00 -1.512926e-01 4.737242e-01 7.725023e-02 -1.134648e-01 -1.940996e-01 -8.906170e-01 -3.775330e-01 1.159229e+00 1.588926e+00 1.200401e+00 2.600144e-01 3.701196e-01 -8.033974e-01 -2.240946e-06 -1.918874e-01 5.008771e-02 1.605346e-01 3.914232e-01 6.596241e-02 5.049189e-01 -1.928035e-01 -5.582047e-01 2.888479e-02 6.169393e-01 8.354520e-01 -2.956541e-01 -4.732389e-07 
-8.467990e+00 5.678769e-01 -5.400168e+00 6.450355e+00 -6.807944e+00 7.288255e-01 4.570862e+00 9.503624e+00 1.064980e+01 1.743617e+00 -1.955752e+00 -4.768738e+00 -1.512926e-01 -9.282541e-03 -1.119402e-01 7.730478e-02 7.069969e-01 -2.538465e-01 1.339480e-01 7.709610e-01 4.811108e-01 2.232696e-01 1.447557e+00 1.897426e+00 -1.386000e+00 -2.240946e-06 -2.831159e-01 4.494105e-02 1.006979e-01 3.872676e-01 5.788581e-01 5.271142e-01 -1.674601e-01 -1.067042e+00 -8.736959e-01 2.652524e-02 3.234241e-01 -1.778473e-01 -4.732389e-07 
-9.524406e+00 -7.068787e-01 -3.981798e+00 5.770207e+00 -6.406133e+00 3.563447e-01 4.482252e+00 6.906520e+00 6.639257e+00 3.730717e-01 6.997558e+00 -1.190274e+00 -1.512926e-01 -2.616986e-01 2.887069e-01 1.724881e-01 1.098707e+00 3.180847e-01 1.290112e+00 1.012069e+00 -1.038044e+00 -9.229883e-01 9.305322e-01 9.047186e-01 -1.053387e+00 -2.240946e-06 -1.174352e-01 1.165204e-01 -8.990807e-02 2.039561e-01 6.919386e-01 4.119327e-01 -1.509947e-01 -9.018641e-01 -6.955550e-01 -3.436912e-01 -4.962285e-01 -7.684883e-02 -4.732389e-07 
-1.017564e+01 -1.063525e+00 -4.569216e+00 9.330354e+00 -3.127737e+00 6.804241e-01 7.408319e+00 6.002069e+00 -4.123144e-01 2.688734e+00 5.062500e+00 -4.610705e+00 -1.512926e-01 -3.879066e-01 3.009315e-01 -8.294567e-02 1.039047e+00 1.712333e+00 1.156705e+00 8.593079e-01 -2.056794e+00 -2.673941e+00 -5.522943e-01 -4.169727e-01 -1.635745e+00 -2.240946e-06 3.569212e-02 9.261545e-02 -2.536205e-01 -3.611931e-01 2.103212e-01 4.592201e-02 -4.486628e-01 -3.855115e-01 -1.774833e-01 -6.972687e-01 -4.857114e-01 5.900076e-01 -4.732389e-07 
-1.048188e+01 4.316299e-01 -5.788063e+00 9.922728e+00 -2.805674e+00 5.014459e+00 8.878576e+00 1.397911e+00 1.830721e+00 1.759028e+00 1.570564e+00 -7.090279e+00 -1.512926e-01 7.598583e-02 4.534481e-01 -4.828164e-01 6.597436e-01 1.586053e+00 1.170856e+00 3.602876e-01 -1.651313e+00 -8.288132e-01 -4.585926e-01 -9.537067e-01 -1.062776e+00 -2.240946e-06 9.747528e-02 -4.837618e-02 -1.959152e-01 -6.741967e-01 -4.625554e-01 -4.086826e-01 -6.313826e-01 3.094825e-01 1.505025e-01 -6.177865e-01 1.418231e-01 1.023027e+00 -4.732389e-07 
-9.929070e+00 1.502905e+00 -4.911925e+00 9.569665e+00 -4.666797e-02 4.183217e+00 6.669097e+00 1.973871e+00 -3.158170e-01 -1.710702e+00 -1.326865e+00 -9.997169e+00 -1.512926e-01 3.423465e-04 2.687692e-01 -8.632475e-01 -8.795459e-01 1.636667e-01 4.231173e-01 -1.146576e+00 -1.139820e+00 -7.113001e-01 -1.344188e+00 3.982467e-01 1.568731e+00 -2.240946e-06 1.141938e-01 -7.153619e-02 8.458685e-02 -6.317033e-01 -8.976485e-01 -3.899919e-01 -4.529469e-01 8.074784e-01 7.437893e-01 -6.740427e-02 2.619989e-01 1.193592e+00 -4.732389e-07 
-9.267893e+00 2.775728e-01 -6.224078e+00 8.949739e+00 -1.650652e-02 4.459421e+00 6.653204e+00 6.638698e-01 2.446913e+00 2.798861e-01 5.423489e+00 -3.811018e+00 -1.512926e-01 3.152156e-02 6.284264e-02 -4.169435e-01 -1.313036e+00 -1.220319e+00 -3.864541e-01 -1.141865e+00 5.083981e-02 -1.151731e+00 -1.762472e+00 1.206225e+00 2.459452e+00 -2.240946e-06 6.178220e-02 -1.085109e-01 3.807925e-01 -3.047586e-01 -6.678983e-01 -4.233548e-01 -1.359745e-01 7.233384e-01 5.586948e-01 8.878708e-02 -4.136784e-01 1.896420e-01 -4.732389e-07 
-1.078080e+01 3.572729e-01 -8.667054e+00 5.418719e+00 -3.704127e+00 3.073666e+00 2.788061e+00 6.695942e-01 -4.276748e+00 -3.292706e+00 5.127294e+00 1.593399e+00 -1.512926e-01 2.053118e-01 1.383733e-01 3.070542e-01 -1.133145e+00 -1.372630e+00 -1.463576e-02 -6.543022e-01 1.129447e+00 1.206460e+00 -2.373645e-01 -1.869438e-01 2.571140e+00 -2.240946e-06 7.977337e-02 -9.198742e-02 4.831324e-01 3.572407e-01 -9.276432e-03 -3.581710e-01 3.483361e-01 5.002764e-01 8.036515e-01 6.605047e-01 -7.263350e-01 -8.688056e-01 -4.732389e-07 
-9.898183e+00 1.318571e+00 -5.995801e+00 5.432889e+00 -7.078630e+00 3.637122e+00 5.109747e+00 2.304123e+00 -1.947198e+00 -6.262460e+00 4.374639e+00 -5.883328e-01 -1.512926e-01 2.823109e-01 -2.403942e-02 8.361526e-01 -7.372388e-01 -9.852252e-01 -7.272022e-01 -5.658280e-01 8.307004e-01 1.005768e+00 -5.681816e-01 -2.729422e+00 -6.157009e-01 -2.240946e-06 -9.215505e-02 -9.632146e-02 9.982029e-02 5.646141e-01 4.962356e-01 -3.805531e-01 3.223218e-01 1.029223e-01 4.713627e-01 7.992967e-01 -4.568801e-01 -9.661759e-01 -4.732389e-07 
-8.587347e+00 1.674773e+00 -3.491208e+00 5.661966e+00 -3.378741e+00 4.520975e+00 4.169226e+00 6.800839e+00 7.913688e+00 3.734301e-01 -1.737308e+00 1.247412e+00 -1.512926e-01 2.737705e-01 -1.477409e-01 9.258969e-01 6.186934e-01 -1.985872e-04 -1.197359e+00 3.070758e-01 9.715999e-01 2.228099e+00 1.361201e+00 -1.265517e+00 -1.237655e+00 -2.240946e-06 -3.493535e-01 -5.034004e-02 -2.978789e-01 5.593191e-01 6.606945e-01 -2.114490e-01 3.525170e-01 5.949314e-02 -5.246429e-01 1.344100e-01 2.788625e-01 -5.634778e-01 -4.732389e-07 
-8.953272e+00 -5.016177e-01 -4.631420e+00 5.142015e+00 -5.105101e+00 9.960657e-02 3.133833e+00 1.751941e+00 1.380602e+00 -4.393730e+00 -4.791298e+00 -6.716548e+00 -1.512926e-01 -4.634145e-01 -2.756627e-01 -2.272819e-01 6.342013e-01 5.746552e-01 -1.697868e+00 -1.092241e-02 6.444569e-01 6.942945e-01 1.434744e+00 -5.388564e-01 -4.671112e-01 -2.240946e-06 -4.143184e-01 9.539194e-02 -2.566922e-01 3.599217e-01 5.224205e-01 5.661310e-01 3.708922e-01 3.576383e-02 -6.396170e-01 -3.806248e-02 7.496380e-01 3.609099e-01 -4.732389e-07 
-9.885096e+00 5.286947e-01 -4.719444e+00 8.657291e+00 -4.692042e+00 -1.144100e+00 5.311529e+00 5.803917e+00 5.199661e+00 2.579062e+00 3.382383e+00 -1.530821e+00 -1.512926e-01 -1.168607e+00 1.263442e-02 -6.507218e-01 9.775630e-01 1.150868e+00 -5.865142e-01 8.306652e-01 1.520054e+00 -1.260941e+00 -5.669004e-01 1.121494e-01 -3.204810e-01 -2.240946e-06 -2.041515e-01 4.284175e-02 -6.774750e-02 -3.873902e-02 1.980149e-01 1.001998e+00 1.701585e-01 -4.550685e-01 -8.208904e-01 -5.417930e-01 2.781372e-01 5.575385e-01 -4.732389e-07 
-1.156604e+01 5.135562e-01 -6.517494e+00 7.106492e+00 -3.548719e+00 -2.019536e+00 4.484178e+00 6.024966e+00 2.881000e+00 -1.917764e-01 -8.796625e-01 -1.534629e+00 -1.512926e-01 -1.068291e+00 3.728239e-01 3.410986e-01 8.828740e-01 1.051434e+00 1.798004e+00 1.026836e+00 7.353250e-01 -4.476997e-01 2.056043e-01 3.298321e-01 7.301787e-01 -2.240946e-06 2.440078e-01 1.001323e-01 2.353853e-01 -1.217152e-01 -8.783111e-02 7.272448e-01 -1.483235e-02 -6.483569e-01 -3.863987e-01 -4.963043e-01 4.635461e-01 4.669435e-01 -4.732389e-07 
-1.312345e+01 1.230411e+00 -5.801560e+00 9.568090e+00 1.597642e+00 2.648049e+00 7.647663e+00 1.226453e+01 8.584870e-01 -4.561823e+00 -3.132601e+00 -2.946050e+00 -1.512926e-01 -4.447070e-01 -2.577624e-01 3.030252e-01 3.006916e-01 7.514339e-01 2.064820e+00 6.390771e-01 -1.349141e+00 -1.305373e+00 -7.332059e-01 -3.091989e-01 9.514304e-01 -2.240946e-06 5.307673e-01 6.363158e-02 2.326270e-01 -3.254691e-01 -4.551717e-01 -2.166356e-01 -4.261067e-01 -7.890059e-01 1.443063e-01 -1.864711e-01 7.300545e-01 2.375126e-01 -4.732389e-07 
-1.267533e+01 1.011793e+00 -2.385619e+00 9.100883e+00 -2.992521e+00 7.193577e+00 7.099627e+00 2.198442e+00 1.312539e+00 2.046208e-01 1.155024e-01 -2.357709e+00 -1.512926e-01 3.946916e-01 3.601627e-01 4.728444e-01 3.641825e-01 3.352121e-01 6.127180e-01 1.071878e-02 -1.162898e+00 -1.215462e+00 -9.636590e-01 1.989512e+00 1.231628e+00 -2.240946e-06 5.267757e-01 -3.401110e-01 2.531263e-01 -8.623341e-01 -1.268350e-01 -1.097061e+00 -3.218429e-01 1.836084e-01 5.359410e-01 2.138148e-02 1.970378e-01 -3.459683e-01 1.731663e-02 
-1.155348e+01 -1.009650e+00 -5.270478e+00 9.163073e+00 -1.212740e+00 4.573585e+00 7.198833e+00 9.716650e-01 -5.429943e-01 -1.285274e+00 1.339161e+00 3.637497e+00 -1.512926e-01 7.537948e-01 3.370233e-01 4.464549e-01 -3.904106e-01 -7.668515e-01 -1.077179e+00 -7.919147e-01 -1.475978e+00 -1.555999e-01 -9.147155e-01 2.932463e+00 6.163688e-01 -2.240946e-06 2.972293e-01 -7.469010e-01 5.379853e-01 -1.423328e+00 1.165204e-01 -1.229672e+00 -9.684979e-02 7.717565e-01 9.881607e-01 6.216805e-01 -6.636405e-01 -7.815427e-01 3.852335e-02 
-1.037771e+01 3.433962e+00 -4.418987e+00 9.130010e+00 -4.676502e-01 8.171908e-02 4.762530e+00 5.857198e+00 -2.495630e+00 -6.648463e+00 6.832270e+00 1.331733e+00 -1.512926e-01 9.662201e-01 -1.625173e+00 1.534969e+00 -3.083301e+00 1.176423e+00 -2.116240e+00 1.330552e-01 1.716754e+00 1.657064e+00 4.032575e-01 -3.058571e-01 -8.320540e-01 8.658201e-02 1.926289e-02 -9.539867e-01 3.328668e-01 -1.547926e+00 1.666341e-01 -9.189855e-01 1.288659e-01 3.751698e-01 6.851663e-01 9.512389e-01 -1.370688e+00 -4.326389e-01 4.903257e-02 
-1.050282e+01 1.704605e+00 -2.552866e+00 7.601646e+00 -3.499131e+00 8.182630e-01 4.856919e+00 3.055337e+00 1.984694e+00 -5.708723e+00 8.171498e+00 -1.709255e+00 -1.512926e-01 7.556927e-01 -2.999568e+00 2.461823e+00 -5.092204e+00 9.134641e-01 -2.718984e+00 9.359180e-02 1.069860e+00 2.199151e+00 1.691762e+00 -2.479621e+00 -1.924515e+00 1.493268e-01 -2.755955e-01 -1.336529e-02 -1.227571e-01 -7.276151e-01 3.235042e-01 -4.246631e-01 1.612806e-01 1.934263e-01 -1.979308e-01 6.562555e-01 -8.359031e-01 1.451775e-01 3.680177e-02 
-8.369049e+00 -8.471178e+00 3.930440e+00 -5.534882e+00 4.032795e+00 -1.510268e+00 8.935884e+00 9.740525e+00 8.333860e+00 4.432738e+00 -4.830173e+00 -3.844474e+00 2.816148e-01 4.901271e-01 -2.741396e+00 1.129358e+00 -5.024517e+00 3.281436e-01 -3.161249e+00 2.122364e-01 -5.599052e-01 1.032921e+00 2.489208e+00 -2.157877e+00 3.388653e-01 1.704994e-01 -6.866155e-01 1.556504e+00 -5.550920e-01 1.029093e+00 2.995601e-03 3.896440e-01 -1.065147e-02 -3.210714e-01 -1.135417e+00 -4.095313e-01 5.052971e-01 5.749763e-01 -7.793956e-03 
-8.779994e+00 -1.005494e+01 2.864168e+00 -8.965532e+00 1.104324e+00 -8.225444e+00 5.579768e+00 4.378988e+00 5.038126e+00 1.632869e+00 -5.227922e+00 -3.397030e+00 3.788881e-01 -3.861443e-01 8.281907e-01 3.540397e-02 -3.057758e+00 1.274770e+00 -2.677967e+00 -2.505283e-02 6.294024e-01 -8.333013e-01 1.323703e+00 -3.209881e-01 7.567942e-01 1.420467e-01 -7.476466e-01 2.133134e+00 -3.451151e-01 2.141160e+00 1.410645e-01 1.212829e+00 1.529189e-01 1.804743e-01 -1.267740e+00 -1.205740e+00 7.464194e-01 4.885278e-01 -3.632917e-02 
-8.788370e+00 -4.393563e+00 -1.480139e+00 -7.709149e+00 -1.128646e+00 -1.120319e+01 5.462263e+00 2.395713e+00 1.142232e+00 2.126395e+00 2.742653e+00 3.870059e+00 4.361242e-01 -1.896032e+00 4.243369e+00 -2.734652e-02 1.045068e+00 1.010723e+00 -1.886500e-01 1.391656e-01 3.317375e-01 -2.503843e+00 -1.460440e+00 1.141338e+00 7.021753e-01 5.125464e-02 -3.540393e-01 1.290164e+00 3.661546e-01 2.108654e+00 4.910973e-02 1.483424e+00 -2.211017e-02 3.893690e-01 -7.807528e-01 -1.328788e+00 1.686144e-01 -6.874082e-02 -4.444073e-02 
-1.222408e+01 3.806638e+00 3.296467e-01 -6.599580e+00 5.455240e+00 -7.724595e+00 6.468760e+00 9.874388e+00 1.414179e+00 2.062957e+00 2.779942e+00 -1.782696e+00 4.816952e-01 -1.789480e+00 4.173805e+00 1.314587e+00 2.578884e+00 1.277556e+00 1.858812e+00 8.948250e-01 1.526364e+00 -2.371145e+00 -2.362180e+00 -3.972003e-01 3.364977e-01 2.730073e-02 7.556279e-01 -3.813521e-01 6.172869e-01 1.075541e+00 -6.759999e-01 6.779481e-01 -4.846390e-01 -2.439031e-01 4.633744e-02 -7.464252e-01 -3.443201e-01 -8.688204e-02 -2.494846e-02 
-1.612727e+01 5.814723e+00 5.060676e+00 -1.492571e+00 6.910913e+00 -2.703995e+00 9.187267e+00 8.651133e+00 -2.373420e+00 -3.084472e+00 -3.127312e+00 -1.140770e+00 4.864737e-01 -5.783710e-01 2.036536e+00 2.320509e+00 2.700575e+00 5.723443e-01 1.987503e+00 -3.581998e-01 9.384259e-01 -2.101934e+00 -2.311784e+00 -1.276657e+00 2.052979e-01 5.670174e-03 1.967052e+00 -1.826821e+00 6.198258e-01 -6.178293e-01 -1.042076e+00 -7.160044e-01 -1.267702e+00 -3.809384e-01 7.260612e-01 4.252336e-01 -4.349846e-01 -1.153897e-01 1.154426e-02 
-1.405789e+01 5.709643e+00 6.166265e+00 8.202456e-01 3.472253e+00 -3.181170e+00 8.191364e+00 8.883190e+00 -5.059618e+00 -7.572434e+00 -4.278773e+00 7.907196e-01 4.902156e-01 2.733133e+00 2.485903e-02 1.947834e+00 1.492423e+00 -1.886042e+00 -3.763025e-01 -2.199483e+00 -8.935388e-01 -8.024831e-01 -1.982675e+00 -8.334939e-01 5.708938e-01 4.010064e-02 2.160443e+00 -2.304784e+00 6.146853e-01 -1.704227e+00 -9.672470e-01 -1.578767e+00 -1.730127e+00 -3.297381e-01 7.793142e-01 1.340644e+00 -2.049687e-01 3.918092e-02 3.174684e-02 
-1.076352e+01 4.837841e+00 7.204368e+00 2.083320e+00 2.724607e+00 -3.537868e+00 2.809731e+00 7.583757e+00 -6.130164e+00 -4.614867e+00 -1.111403e-01 3.609753e+00 4.602097e-01 5.678077e+00 -2.816199e+00 2.755129e+00 -1.500772e+00 -2.617897e+00 -2.651203e+00 -4.652194e+00 -3.629343e-01 3.421291e-01 4.760322e-01 -8.153924e-01 8.130822e-03 1.025735e-01 1.303982e+00 -1.960973e+00 6.119583e-01 -1.949201e+00 -3.813002e-01 -1.473258e+00 -1.141088e+00 1.421620e-01 5.582817e-01 1.602439e+00 -2.547889e-01 1.919004e-01 3.496750e-02 
-1.240072e+00 4.419749e+00 8.997723e+00 -9.257810e-01 -1.881915e+00 -9.189264e+00 -1.340507e+00 5.940862e+00 -7.196541e-01 -7.085361e+00 -2.895645e+00 -1.303699e+00 6.953380e-01 5.884538e+00 -4.923780e+00 4.170691e+00 -3.841542e+00 -1.963591e+00 -3.715695e+00 -5.608861e+00 5.283478e-01 3.033819e-01 2.947125e+00 -1.652612e+00 6.309012e-01 1.375813e-01 -3.558905e-01 -1.010939e+00 3.119286e-01 -1.123729e+00 4.425668e-01 -4.193830e-01 -3.217524e-02 4.980058e-01 4.919458e-02 1.211155e+00 -8.007834e-02 3.811984e-01 8.875596e-03 
5.853831e+00 -7.621638e+00 1.742109e+01 -8.123614e+00 -3.501432e+00 -1.295564e+01 -9.307731e+00 8.307671e+00 -2.832615e+00 -9.476550e-01 -7.896064e+00 -5.303198e-02 8.967888e-01 4.365839e+00 -5.293866e+00 4.268997e+00 -4.378661e+00 -1.295353e+00 -3.709132e+00 -4.359019e+00 9.383357e-01 1.366495e-01 3.235490e+00 -2.141168e+00 1.134800e+00 1.317657e-01 -1.560489e+00 4.886380e-01 -6.213543e-01 2.516774e-01 7.261909e-01 5.377211e-01 1.171195e+00 1.006517e-01 -1.060892e-01 -4.083564e-02 3.654924e-01 3.321431e-01 -2.238962e-02 
7.056303e+00 -1.267925e+01 2.191152e+01 -1.328376e+01 -3.232535e+00 -1.705029e+01 -1.379411e+01 1.116325e+01 -5.191810e+00 5.329829e+00 -8.649248e+00 5.776796e+00 9.598398e-01 1.609732e+00 -3.790967e+00 2.750597e+00 -2.687395e+00 -3.345218e-01 -1.944174e+00 -2.506788e+00 9.459081e-01 -4.536838e-01 2.693353e+00 -5.710679e-01 1.913508e+00 6.987963e-02 -1.630660e+00 1.395129e+00 -1.326010e+00 1.123865e+00 6.376545e-01 9.870456e-01 1.652460e+00 -3.754378e-01 7.212054e-02 -1.071779e+00 6.614214e-01 -1.618534e-01 -3.638908e-02 
6.918100e+00 -1.308176e+01 2.209226e+01 -1.363092e+01 -3.076871e+00 -1.815300e+01 -1.275872e+01 9.663906e+00 -3.211042e+00 5.355276e+00 -7.940229e+00 5.743884e+00 9.867889e-01 1.294959e-02 -9.395756e-01 3.584230e-01 -8.195215e-01 1.985331e-01 -8.484072e-01 -3.471246e-01 -6.842449e-02 1.902821e-01 3.989013e-01 4.713027e-01 1.027521e+00 2.448122e-02 -1.055232e+00 1.424316e+00 -1.337671e+00 1.220782e+00 4.062635e-01 9.222355e-01 1.244282e+00 -5.399760e-01 2.243751e-01 -1.214910e+00 5.057505e-01 -4.913572e-01 -3.268489e-02 
6.276816e+00 -1.180522e+01 2.041451e+01 -1.160898e+01 -3.766750e+00 -1.631164e+01 -1.214904e+01 9.991958e+00 -2.799037e+00 3.229927e+00 -5.729075e+00 5.365529e+00 9.997364e-01 -9.224636e-02 -1.254746e-01 -5.040690e-01 -1.802447e-03 4.777361e-01 -2.107992e-01 6.474789e-01 -8.454003e-01 6.372210e-01 -9.935547e-01 3.482121e-01 -1.247018e-01 9.276858e-03 -3.007600e-01 8.021108e-01 -7.145416e-01 6.617323e-01 2.042706e-01 4.831443e-01 5.643481e-01 -4.636712e-01 3.537725e-01 -7.656136e-01 -8.687818e-02 -5.474839e-01 -1.792377e-02 
6.308226e+00 -1.275628e+01 1.996148e+01 -1.305823e+01 -2.241808e+00 -1.756745e+01 -1.186539e+01 8.550736e+00 -3.077942e+00 2.096647e+00 -6.999807e+00 5.289912e+00 9.992446e-01 -5.916928e-02 -5.265909e-03 -7.920363e-01 3.824270e-01 3.299107e-01 3.519979e-02 2.850527e-01 -8.658637e-01 7.130697e-01 -9.956900e-01 -7.211505e-02 -3.027645e-01 -1.361903e-03 8.283938e-02 1.590481e-01 -4.674667e-02 1.829775e-01 9.795857e-02 3.260956e-01 -9.721110e-02 -1.124965e-01 3.225850e-01 -6.163432e-02 -3.080543e-01 -2.907301e-01 -8.341668e-03 
6.899254e+00 -1.346913e+01 2.045676e+01 -1.357857e+01 -1.261561e+00 -1.839712e+01 -1.100385e+01 7.492608e+00 -2.072130e+00 1.991276e+00 -7.378251e+00 5.380217e+00 9.999999e-01 1.420044e-01 -2.474297e-01 -2.469229e-01 2.027341e-02 6.211437e-01 2.976505e-02 -1.120225e-03 -9.737695e-01 1.053865e+00 -4.374948e-01 -7.337034e-01 -1.587468e-01 -6.819635e-03 1.067890e-01 2.801122e-02 1.801563e-01 -6.903403e-02 1.060943e-01 2.834341e-01 -3.450184e-01 4.014511e-02 3.303646e-01 2.783458e-01 -1.994835e-01 -1.441565e-01 -4.840021e-03 
6.310843e+00 -1.227585e+01 1.811120e+01 -1.073360e+01 -2.679916e+00 -1.693402e+01 -1.190584e+01 6.584634e+00 -9.082230e-03 9.959816e-01 -7.476101e+00 4.222575e+00 9.798496e-01 3.101011e-01 -8.341611e-02 -3.878036e-03 8.431165e-02 6.165220e-01 6.618358e-01 -5.087970e-01 -5.667564e-01 1.594904e+00 -1.872251e-01 -5.279027e-01 -4.092266e-01 -9.181154e-03 1.118219e-01 7.365404e-02 2.243834e-01 -2.275466e-01 1.013086e-01 3.179652e-01 -3.118294e-01 5.946116e-02 2.490222e-01 3.387290e-01 -9.282157e-04 -2.195721e-01 -2.925882e-03 
6.985631e+00 -1.328257e+01 2.010525e+01 -1.266934e+01 -4.420897e-01 -1.647947e+01 -1.213459e+01 6.106428e+00 9.359269e-01 1.592728e+00 -9.159657e+00 5.105494e+00 9.753347e-01 2.570964e-01 5.381972e-02 2.568242e-03 -1.977485e-01 8.649366e-01 8.931712e-01 -6.805263e-01 -7.942871e-01 1.848107e+00 -6.057214e-03 -4.212428e-01 -7.922940e-01 -1.101312e-02 1.696713e-01 1.603348e-01 -8.426606e-02 5.966209e-03 -1.164089e-01 3.298338e-01 -2.974286e-01 7.391622e-02 -5.572997e-03 3.092531e-01 1.990324e-01 -3.256427e-01 -2.968672e-03 
7.815897e+00 -1.326654e+01 2.011758e+01 -1.309129e+01 4.313143e-01 -1.521735e+01 -1.384419e+01 6.410261e+00 3.392830e+00 1.359764e+00 -8.748421e+00 3.381271e+00 9.656724e-01 4.422738e-01 2.123031e-01 2.052231e-01 -6.460162e-01 7.145965e-01 1.193415e+00 -9.344919e-01 -6.582555e-01 1.561169e+00 4.821821e-01 -2.328939e-01 -1.083758e+00 -1.388988e-02 3.076422e-01 1.463169e-01 -3.634203e-01 3.720531e-01 -5.152329e-01 2.849761e-01 -1.483235e-02 -2.876841e-01 -1.827501e-01 2.757515e-01 2.027043e-01 -2.474133e-01 -3.340945e-03 
7.432697e+00 -1.270508e+01 1.946619e+01 -1.338885e+01 1.507413e+00 -1.478963e+01 -1.343726e+01 3.608400e+00 5.467373e+00 1.779099e+00 -8.848122e+00 1.839289e+00 9.520221e-01 9.241960e-01 4.064416e-01 -7.727982e-01 4.152671e-01 -9.985645e-03 1.413266e+00 -1.275404e+00 -5.584629e-01 1.042944e+00 7.739641e-01 1.139131e-01 -1.449681e+00 -1.930945e-02 4.186552e-01 1.484839e-01 -5.198295e-01 6.530862e-01 -7.575970e-01 2.260069e-01 2.165611e-01 -5.163746e-01 -1.559687e-01 1.207678e-01 2.376101e-01 -8.540113e-02 -2.439502e-03 
8.298560e+00 -1.150334e+01 1.945681e+01 -1.360415e+01 -8.168592e-02 -1.181189e+01 -1.592702e+01 4.542353e+00 5.531200e+00 3.313794e+00 -8.796288e+00 4.371164e-01 9.220514e-01 1.514839e+00 4.717850e-01 -1.433340e+00 1.638014e+00 -1.522154e+00 1.826716e+00 -2.855109e-01 -2.123142e+00 1.083861e+00 8.015535e-01 2.179738e-01 -1.317583e+00 -2.174252e-02 2.988490e-01 1.744881e-01 -5.317404e-01 5.963836e-01 -5.463061e-01 4.503420e-02 3.768280e-01 -6.800813e-01 -4.750066e-02 -5.103370e-02 2.119521e-01 6.106146e-02 5.658008e-05 
1.136520e+01 -1.213204e+01 1.657195e+01 -1.033685e+01 -2.355604e-01 -1.111585e+01 -1.747048e+01 4.248209e+00 5.081383e+00 4.485424e+00 -8.566207e+00 -6.707495e-01 9.006010e-01 1.814159e+00 6.663601e-01 -1.777209e+00 1.925548e+00 -1.804755e+00 1.706639e+00 7.793377e-02 -2.643830e+00 1.306844e+00 4.381928e-01 5.414810e-01 -1.102373e+00 -1.928082e-02 -3.703322e-03 2.774892e-01 -2.680703e-01 7.406294e-02 -7.990044e-02 -7.556755e-02 3.163344e-01 -5.220990e-01 -9.875705e-02 -6.391546e-02 1.717424e-01 1.465843e-01 2.427145e-03 
1.342359e+01 -1.119434e+01 1.439832e+01 -6.427182e+00 -6.307980e+00 -7.920305e+00 -1.325571e+01 -4.525496e+00 9.004805e+00 4.014120e+00 -7.799800e+00 -1.951881e+00 8.826817e-01 1.491522e+00 9.546573e-01 -1.951258e+00 1.580909e+00 -1.119457e+00 1.271860e+00 2.730864e-01 -3.016047e+00 1.191724e+00 3.950576e-01 6.130517e-01 -9.519871e-01 -1.361795e-02 -3.050987e-01 3.856370e-01 -8.899908e-02 -4.588476e-01 6.526613e-01 -3.593858e-01 2.666672e-02 3.119065e-02 -4.331801e-01 1.378093e-01 1.032906e-01 2.277015e-01 2.748070e-03 
1.394133e+01 -9.527315e+00 1.310964e+01 -7.349395e+00 -4.403208e+00 -8.202295e+00 -1.438356e+01 -5.077237e+00 1.026441e+01 3.619873e+00 -6.639348e+00 -2.478206e+00 8.753033e-01 9.172823e-01 1.552354e+00 -1.854161e+00 8.140922e-01 -6.108702e-01 1.312877e+00 2.688602e-02 -2.722438e+00 4.951729e-01 6.576272e-01 7.752230e-01 -8.994909e-01 -1.123734e-02 -4.096326e-01 4.214605e-01 -2.425527e-03 -5.504698e-01 7.877562e-01 -3.821418e-01 1.913082e-02 1.708163e-01 -7.268113e-01 4.199110e-01 8.274233e-03 3.128542e-01 9.608751e-04 
1.446849e+01 -8.032160e+00 1.143131e+01 -7.193528e+00 -3.595239e+00 -6.909661e+00 -1.610520e+01 -5.875567e+00 8.898325e+00 5.721925e+00 -6.694620e+00 -3.419334e+00 8.666071e-01 4.376647e-01 1.957075e+00 -1.839859e+00 -1.005053e-01 1.144208e+00 2.265437e-01 -1.267664e-01 -1.927794e+00 -6.762182e-01 1.380932e+00 6.176931e-01 -2.803944e-01 -1.201975e-02 -3.650307e-01 4.117766e-01 7.480736e-02 -4.725205e-01 6.398423e-01 -3.720955e-01 2.085090e-01 1.170575e-01 -6.856411e-01 4.194190e-01 3.361497e-02 4.369549e-01 -1.024580e-03 
1.542963e+01 -5.951053e+00 8.784703e+00 -5.883221e+00 -4.646544e+00 -5.056727e+00 -1.591113e+01 -8.688876e+00 7.610583e+00 6.919360e+00 -5.242732e+00 -4.434720e+00 8.524475e-01 2.930203e-01 2.272441e+00 -1.845096e+00 1.388783e-02 1.002227e+00 3.185242e-01 3.733996e-01 -2.333905e+00 -1.393265e+00 2.044702e+00 5.805617e-01 1.261045e-01 -1.527339e-02 -2.086637e-01 2.988208e-01 9.787692e-02 -2.908176e-01 3.948802e-01 -2.824736e-01 2.027281e-01 2.993128e-01 -5.442987e-01 1.419691e-01 1.380152e-01 4.034492e-01 -1.451054e-03 
1.486792e+01 -3.196726e+00 7.361052e+00 -7.662704e+00 -4.650941e-01 -8.360653e+00 -1.312616e+01 -1.235864e+01 6.950831e+00 9.269071e+00 -5.409606e+00 -2.375661e+00 8.339837e-01 -2.148310e-02 2.653587e+00 -1.581705e+00 -3.818356e-01 1.273206e+00 -9.143994e-02 1.142298e+00 -2.624990e+00 -1.292208e+00 1.798532e+00 8.784482e-01 7.198917e-01 -1.672370e-02 -1.678593e-03 1.505155e-01 4.850931e-02 -4.919482e-02 -1.072818e-01 1.454967e-01 -7.604864e-02 6.245835e-01 -2.555555e-01 -4.496079e-01 3.676231e-01 1.250370e-01 -5.367744e-04 
1.520662e+01 -5.826535e-01 5.919209e+00 -7.045140e+00 -9.571347e-01 -5.884287e+00 -1.400649e+01 -1.350528e+01 4.271894e+00 1.206966e+01 -4.378739e+00 -2.369405e+00 8.152211e-01 1.036404e-01 2.698265e+00 -1.493774e+00 -4.993303e-01 1.299033e+00 5.950232e-02 4.061160e-01 -8.772222e-01 -1.918446e+00 1.158594e+00 1.334886e+00 6.175935e-01 -1.613690e-02 9.111185e-02 7.559979e-03 3.431024e-02 -4.349775e-02 -2.122948e-01 2.546504e-01 -2.269215e-01 8.187354e-01 1.217246e-01 -9.750317e-01 3.076938e-01 5.743321e-02 9.466117e-04 
1.447268e+01 2.551473e+00 4.955633e+00 -8.521547e+00 9.261665e-01 -6.952802e+00 -1.134577e+01 -1.659248e+01 4.106729e+00 1.213955e+01 -2.734060e+00 -8.524472e-01 8.016061e-01 5.238820e-01 2.496705e+00 -1.772979e+00 -8.992344e-02 4.594533e-01 1.083695e+00 -5.233094e-01 4.666873e-01 -1.691499e+00 -4.239136e-01 2.078627e+00 9.908077e-02 -1.427154e-02 1.270942e-01 -1.780587e-01 -2.456871e-03 1.135403e-01 -4.407461e-01 4.308570e-01 -1.054696e-01 6.318430e-01 2.315352e-01 -1.047044e+00 5.374249e-02 3.740383e-02 1.983556e-03 
1.614473e+01 4.666419e+00 2.518525e+00 -7.950035e+00 1.152889e+00 -5.462878e+00 -1.477075e+01 -1.095837e+01 -5.596318e-01 1.127722e+01 9.381659e-02 -2.108283e+00 7.879558e-01 4.758931e-01 2.388575e+00 -1.577878e+00 -3.493604e-01 3.475818e-01 1.004225e+00 7.156871e-02 2.140056e-01 -5.850352e-01 -1.719337e+00 1.519057e+00 7.236473e-01 -1.176690e-02 3.204761e-02 -3.626616e-01 1.135492e-01 9.597989e-02 -5.455198e-01 4.224462e-01 4.639038e-01 -1.462036e-01 3.582820e-01 -7.739778e-01 -2.550155e-01 1.534336e-01 2.596879e-03 
1.701844e+01 6.662482e+00 1.964361e-01 -7.660342e+00 7.771485e-01 -3.152761e+00 -1.536068e+01 -1.129875e+01 9.090044e-01 7.545854e+00 2.746884e+00 -2.010906e+00 7.762732e-01 4.277687e-01 1.918073e+00 -1.551992e+00 1.107662e-01 -4.548211e-01 1.590356e+00 7.822908e-01 -1.136153e-02 -8.011367e-01 -1.997623e+00 1.055194e+00 8.537858e-01 -8.990324e-03 -4.199963e-02 -5.246462e-01 1.869894e-01 -4.463716e-02 -2.669549e-01 1.591877e-01 6.470882e-01 -3.799790e-01 2.403110e-02 -9.790900e-02 -4.789569e-01 1.391057e-01 2.763760e-03 
1.631329e+01 9.305051e+00 4.094557e-01 -9.222556e+00 8.553638e-01 -2.762919e+00 -1.164146e+01 -1.508212e+01 2.945433e+00 5.769952e+00 4.759620e-01 1.827865e+00 7.690528e-01 3.118634e-01 1.174409e+00 -1.036491e+00 -1.196620e-01 -9.714282e-01 1.918287e+00 2.072870e+00 -1.369244e+00 -5.721694e-01 -1.924421e+00 5.713717e-01 1.007437e+00 -5.793925e-03 -5.207406e-03 -6.886624e-01 1.548299e-01 -8.833703e-02 -1.054124e-02 -2.337376e-02 2.156836e-01 -9.848911e-02 -2.806501e-01 3.738408e-01 -3.663062e-01 -4.082555e-02 2.437130e-03 
1.652793e+01 9.822433e+00 -1.749494e+00 -7.331290e+00 -1.198938e+00 -3.507374e-01 -8.999521e+00 -1.458718e+01 -1.651656e+00 4.905118e+00 2.350987e+00 1.448150e+00 7.661014e-01 3.959117e-01 4.808080e-01 -1.108609e+00 -4.279943e-01 -2.157857e-01 1.422495e+00 1.711462e+00 -6.416684e-01 -1.577800e+00 -8.109347e-01 1.576353e-01 6.526182e-01 -3.437177e-03 -1.162869e-02 -5.823430e-01 2.052319e-01 -2.848524e-01 3.906072e-01 -3.166776e-01 -3.673164e-01 2.016132e-01 -7.817188e-02 3.531316e-01 -1.953583e-01 6.476375e-02 1.314606e-03 
1.794975e+01 8.958200e+00 -1.690811e+00 -8.712839e+00 -2.715956e+00 2.727490e+00 -7.587053e+00 -1.616006e+01 -2.139890e+00 2.975817e+00 3.148600e+00 1.199267e+00 7.640811e-01 4.655904e-01 -3.360581e-01 -1.025311e+00 -5.215886e-01 1.752888e-01 9.712059e-01 6.852874e-01 3.668676e-02 -1.599942e+00 -4.433885e-01 1.361920e-01 6.200427e-01 -2.363760e-03 -1.451451e-01 -2.087355e-01 2.892039e-01 -2.871312e-01 5.252236e-01 -4.612502e-01 -7.868493e-01 5.706649e-01 2.548054e-01 6.588617e-02 -4.328135e-03 2.336252e-01 -7.279030e-04 
1.817956e+01 9.239599e+00 -4.296340e+00 -1.005503e+01 1.484153e+00 1.214418e+00 -8.830487e+00 -1.396807e+01 -4.437376e+00 4.888631e+00 2.198922e+00 1.566743e+00 7.615689e-01 2.927491e-01 -2.382612e-01 -5.313649e-01 -1.112528e+00 9.248824e-01 4.805410e-01 -3.604912e-01 2.937856e-01 -6.780134e-01 -9.723714e-01 2.960426e-01 1.371319e+00 -4.128935e-03 -3.189826e-01 2.283927e-01 4.620062e-01 -1.288868e-01 2.700063e-01 -3.537319e-01 -2.621751e-01 2.749439e-01 6.658892e-01 -2.905540e-01 2.364315e-01 2.113374e-01 -3.865835e-03 
1.781573e+01 7.915866e+00 -3.443675e+00 -1.046910e+01 3.904174e-01 1.310169e+00 -8.299307e+00 -1.520806e+01 -3.661464e+00 3.561095e+00 1.232848e+00 4.868852e+00 7.594959e-01 -3.622855e-01 4.902675e-01 1.208172e-01 -1.213056e+00 1.084398e+00 8.308705e-02 -8.255222e-01 1.016403e+00 2.519933e-01 -1.514167e+00 4.805855e-01 1.816190e+00 -9.080969e-03 -4.391936e-01 6.111423e-01 4.139550e-01 2.667579e-01 9.884735e-02 -2.618671e-01 5.613544e-01 7.800969e-02 5.114315e-01 -2.717680e-01 2.001204e-01 -2.755507e-01 -7.634207e-03 
1.805811e+01 9.151884e+00 -3.530525e+00 -1.201636e+01 1.872162e+00 2.760635e+00 -1.044570e+01 -1.359466e+01 -4.280983e+00 -2.498382e-01 4.789313e+00 6.470131e+00 7.477254e-01 -7.849671e-01 1.209628e+00 6.283609e-01 -7.268394e-01 6.796622e-01 9.805822e-02 1.156047e+00 2.432132e-01 8.255711e-01 -1.728305e+00 1.167609e+00 1.111287e+00 -1.940486e-02 -4.142605e-01 3.902419e-01 1.754546e-01 1.216091e+00 -2.009457e-01 -2.026176e-01 8.399246e-01 1.083909e-01 2.087813e-01 1.858028e-01 -1.649857e-01 -9.235625e-01 -1.166645e-02 
1.619865e+01 1.145295e+01 -1.469576e+00 -1.379702e+01 2.511687e+00 2.369740e+00 -1.090705e+01 -1.126484e+01 -9.580239e-01 -2.025741e+00 4.256690e+00 7.828239e+00 7.255899e-01 -1.191517e+00 1.995496e+00 4.645851e-01 6.192408e-01 7.920774e-01 -1.469153e-01 2.733690e+00 4.520835e-01 2.053920e-01 -1.424223e+00 7.010530e-01 -6.277840e-01 -3.289653e-02 -3.568161e-01 -4.405388e-01 -2.761258e-01 2.093305e+00 -3.279498e-02 -4.631660e-02 4.665878e-01 2.586339e-01 1.487448e-02 5.536039e-01 -7.058902e-01 -1.232667e+00 -1.626637e-02 
1.506318e+01 1.351891e+01 -2.141497e+00 -1.202501e+01 3.821921e+00 1.174961e+00 -1.745995e+00 -1.472369e+01 -1.661336e+00 -9.594824e-01 6.524967e+00 5.643515e+00 6.815121e-01 -1.363952e+00 9.603330e-01 1.738982e-01 4.051764e+00 6.633981e-02 -4.175245e-01 2.059376e+00 1.117818e+00 3.892541e-01 -8.831308e-02 -6.390184e-01 -2.024609e+00 -5.055305e-02 -4.428381e-01 -1.329355e+00 -7.417486e-01 1.714148e+00 2.643660e-01 2.793221e-01 -2.425611e-01 6.716904e-01 -3.693268e-02 5.730608e-01 -1.135141e+00 -8.497018e-01 -2.208724e-02 
1.335606e+01 1.571000e+01 -1.815219e+00 -7.368289e+00 3.375890e+00 1.368567e+00 1.019707e+00 -1.238330e+01 -3.944301e+00 -3.205255e+00 3.870313e+00 2.143116e+00 6.281234e-01 -1.856719e+00 -1.587917e+00 -1.032563e+00 6.864155e+00 1.227058e+00 1.092353e-01 1.055606e+00 1.872167e+00 5.445419e-01 4.338365e-01 -2.145531e+00 -2.779232e+00 -7.484092e-02 -4.918366e-01 -1.760118e+00 -7.832174e-01 2.535541e-01 3.186501e-01 5.338428e-01 -3.286562e-01 5.628937e-01 -8.569956e-04 7.190988e-01 -5.886157e-01 7.039122e-02 -2.768132e-02 
1.266033e+01 1.182562e+01 -2.487727e+00 5.027871e+00 1.771709e+00 1.173382e+00 -6.112462e+00 -7.446247e+00 -8.418640e-01 -1.018164e-01 1.787157e+00 -8.102868e-01 5.436922e-01 -2.666700e+00 -3.645435e+00 -2.331790e+00 4.721519e+00 1.784037e+00 1.366506e+00 7.822908e-01 2.891638e+00 4.713861e-01 2.079105e-01 -3.084862e+00 -2.061511e+00 -1.088754e-01 -3.164372e-01 -1.014460e+00 -5.018064e-01 -1.654629e+00 2.671925e-02 4.864151e-01 1.673713e-01 -1.173323e-03 -4.993418e-01 4.032720e-01 5.349444e-01 8.748988e-01 -2.438506e-02 
8.116384e+00 4.360085e+00 -6.459397e+00 1.199741e+01 9.672219e+00 2.916887e+00 -3.445965e+00 -5.542673e+00 1.354889e+00 -2.856788e-01 -4.102114e+00 -2.841057e+00 4.202955e-01 -2.999369e+00 -4.502031e+00 -2.198634e+00 1.551900e+00 1.526515e+00 1.630245e+00 1.729029e+00 2.379694e+00 1.599875e-01 2.023177e+00 -1.019151e+00 -2.574528e-01 -1.421466e-01 1.604733e-01 3.046446e-01 2.186647e-02 -2.251212e+00 -9.527872e-01 3.774483e-02 4.118235e-01 -3.295462e-01 -6.710111e-01 -1.313211e-01 1.484565e+00 1.172748e+00 -1.013742e-02 
4.349302e+00 9.663772e-01 -1.147797e+01 1.899507e+00 9.593749e+00 7.233561e+00 4.397975e+00 -3.685774e+00 -1.954155e+00 -1.379893e+00 -4.913214e+00 -2.171931e+00 2.410506e-01 -2.374836e+00 -2.654951e+00 -1.752028e+00 -1.565357e+00 5.023195e-02 1.254120e+00 2.559541e+00 8.581952e-01 -1.915155e+00 1.133310e+00 1.472457e+00 1.088917e+00 -1.388309e-01 5.702206e-01 1.171384e+00 2.736256e-01 -1.160927e+00 -1.268578e+00 -4.280742e-01 6.594632e-02 -6.065268e-01 -4.430251e-01 -7.370769e-01 1.600117e+00 9.129212e-01 1.017071e-02 
2.514446e+00 -1.370749e+00 -8.313195e+00 1.955399e+00 7.097506e+00 6.489651e+00 4.409052e+00 -2.365205e+00 -2.587893e+00 7.549797e+00 2.124609e+00 1.536822e+00 6.870981e-02 -1.200193e+00 -5.598850e-01 -1.213160e+00 -1.248450e+00 -2.670027e+00 3.541063e-01 2.226267e+00 1.241229e+00 -1.617221e+00 -6.854582e-01 2.998557e+00 1.509295e+00 -1.105452e-01 6.465240e-01 1.365806e+00 2.522800e-01 -1.882033e-01 -8.334169e-01 -1.096314e-01 -1.985845e-01 -4.068424e-01 1.165955e-01 -1.192903e+00 4.941454e-01 3.692771e-01 2.805692e-02 
3.587090e+00 1.416527e+00 -1.032074e+01 2.221475e+00 3.310455e+00 5.657357e+00 2.757721e+00 -4.744342e+00 -8.446102e+00 1.646847e+00 6.035980e+00 2.445583e+00 2.535232e-02 -7.151528e-01 2.402451e-01 -1.456406e+00 3.169292e-01 -2.460556e+00 -1.357382e-01 8.635089e-01 4.282848e-01 -8.550686e-01 -2.123185e+00 2.906842e+00 1.619757e+00 -7.381997e-02 3.742847e-01 8.268961e-01 3.594469e-01 2.742646e-01 9.713816e-02 4.923027e-01 -1.167219e-01 3.202214e-02 8.879199e-01 -5.269432e-01 -6.302760e-01 -2.684793e-01 3.151435e-02 
2.496647e+00 1.335936e+00 -1.310408e+01 5.594266e+00 -5.361525e-01 5.475325e+00 8.505835e+00 1.192714e+00 -3.485107e+00 -5.226308e+00 5.416084e+00 2.396622e+00 -2.457556e-02 -5.965363e-01 8.792722e-01 -1.085040e+00 -3.302037e-01 -1.385135e+00 1.776983e+00 1.583906e+00 5.604401e-01 2.129470e-01 -2.313236e+00 7.343785e-01 1.323476e+00 -3.437069e-02 8.636820e-02 2.189797e-01 5.538769e-01 2.145822e-03 9.260986e-01 8.131753e-01 -3.355211e-01 -2.659055e-01 4.436519e-01 1.496623e-01 -1.147064e+00 -8.028678e-01 2.507588e-02 
7.821956e-01 8.145463e-01 -1.636510e+01 1.664919e+00 1.107646e+00 7.061525e+00 6.667171e+00 -3.323377e+00 -5.781080e+00 -5.607652e+00 7.975268e+00 5.497178e+00 -8.139004e-02 -8.053014e-01 7.597911e-01 -1.888578e-02 -6.531315e-01 -1.065649e-01 3.004312e+00 2.297174e+00 1.358691e+00 1.609341e+00 -6.876790e-01 -5.469325e-01 -1.605430e-01 -1.934284e-02 -6.305680e-02 -1.025516e-01 7.164609e-01 5.033632e-02 8.774207e-01 3.533373e-01 -5.374419e-01 -2.397137e-01 4.409779e-03 1.846399e-01 -8.637825e-01 -9.751724e-01 1.385207e-02 
9.340096e-01 3.326211e+00 -1.071627e+01 5.829025e-01 1.273023e+00 1.467265e+01 1.037388e+01 -2.736065e-01 -2.855605e+00 -3.888998e-01 4.826602e+00 6.628708e+00 -4.976788e-02 -7.234221e-01 2.751725e-01 8.374620e-01 -7.527466e-01 7.834457e-01 2.850088e+00 -1.682666e-01 -5.535949e-01 -6.311877e-01 -6.547937e-01 -1.009775e+00 -1.614926e+00 -1.240141e-02 -8.480819e-02 -2.651457e-01 4.784934e-01 4.792250e-01 5.707908e-01 -8.635675e-01 -9.730273e-01 -4.092408e-01 -4.280510e-01 -7.415825e-02 -5.165501e-02 -5.382282e-01 1.668336e-03 
3.424584e-01 4.220722e+00 -1.160884e+01 1.461033e+00 1.872929e+00 1.608051e+01 1.330909e+01 2.782328e+00 -7.142091e-01 -4.209868e+00 3.596067e+00 -4.730037e-01 -5.878019e-02 -9.670267e-01 2.966155e-02 1.164611e+00 7.797925e-01 8.423040e-01 1.094359e+00 -9.477313e-01 -2.132004e-01 -4.108973e-01 -2.029141e+00 -5.400632e-01 -1.786865e+00 -1.554056e-02 -5.216050e-04 -2.035889e-01 2.958802e-01 6.807002e-01 -4.065728e-02 -1.408495e+00 -7.679063e-01 -4.582665e-01 -3.096690e-01 -4.955767e-02 2.149440e-01 2.112263e-01 -2.452340e-03 
-9.003227e-01 1.008676e+00 -1.129430e+01 1.932176e+00 2.998360e+00 1.521612e+01 4.343557e+00 -4.628094e+00 -9.174219e+00 -9.199240e+00 2.556737e+00 -2.692816e+00 -9.790383e-02 -9.397787e-01 -8.137868e-02 7.156878e-01 1.349386e+00 9.944112e-01 -1.585994e+00 -1.658708e+00 -6.997230e-01 -9.172286e-01 -2.013254e+00 4.726951e-01 -5.544689e-01 -2.793018e-02 9.776453e-02 -4.275548e-02 1.002904e-01 5.604585e-01 -4.711698e-01 -1.202009e+00 3.006432e-01 2.761271e-01 5.614831e-01 6.054888e-01 5.351583e-02 2.244805e-01 -8.106303e-04 
-3.135130e+00 2.121805e+00 -1.025326e+01 4.889716e+00 4.456590e+00 1.226205e+01 4.944085e+00 -2.211968e+00 -4.676048e+00 -1.134824e+01 6.409927e+00 1.223475e+00 -1.350247e-01 -6.998343e-01 -7.977784e-02 1.521372e+00 1.699134e+00 -4.153330e-01 -1.820303e+00 -7.972614e-01 -8.596436e-01 2.039708e-01 -2.562415e-01 -2.133071e-01 3.653992e-01 -2.384165e-02 2.050173e-01 2.963648e-02 -8.000320e-02 1.201086e-01 -5.297952e-01 -2.689696e-01 9.005731e-01 5.288348e-01 7.479545e-01 1.173584e+00 -2.809909e-01 -9.872936e-02 4.687883e-03 
-2.025841e+00 3.969155e+00 -7.816150e+00 5.615521e+00 4.953231e+00 8.651934e+00 6.263126e+00 -1.274932e+00 -5.460732e+00 -6.886086e+00 5.783155e+00 3.007812e+00 -1.512926e-01 -3.683857e-01 1.162526e-01 1.160582e+00 1.589849e+00 -9.434943e-01 -1.702790e+00 1.259797e+00 1.150271e+00 1.868827e+00 1.486250e+00 -9.055288e-01 -1.568716e+00 -1.230122e-02 1.272677e-01 4.297718e-02 -1.908061e-01 -1.404820e-01 -1.068716e-01 6.148202e-01 7.607977e-01 6.390066e-01 7.001404e-01 8.696991e-01 -3.743754e-01 -3.213110e-01 8.312195e-03 
-2.593834e+00 2.342205e+00 -5.741117e+00 8.115692e+00 -1.181045e+00 1.026128e+01 8.362806e+00 -3.192157e+00 -1.550923e+00 -6.647747e+00 9.160243e-01 -1.496549e+00 -1.512926e-01 -2.276726e-01 7.914213e-02 5.422426e-01 1.260170e+00 -8.376718e-01 -1.920339e-01 2.096038e+00 1.505900e+00 1.935775e+00 2.089033e+00 -1.255863e+00 -1.773476e+00 8.363246e-05 -1.868632e-02 -2.142389e-02 -3.836375e-01 -4.311665e-01 5.359915e-01 6.401929e-01 -7.093868e-02 2.789733e-01 1.638911e-02 3.864094e-01 2.649001e-01 3.755192e-02 6.165564e-03 
-3.013155e+00 1.480198e+00 -7.747490e+00 8.268411e+00 1.099723e+00 7.702845e+00 8.932994e+00 1.613235e+00 -1.392413e+00 -4.118116e+00 7.761247e-01 -9.176266e+00 -1.512926e-01 -5.393292e-01 5.411078e-02 2.513543e-01 8.662714e-01 6.712344e-01 6.739358e-01 6.987813e-01 1.312445e+00 1.717579e+00 1.162523e+00 -8.780516e-01 -1.091596e+00 1.667520e-03 -1.018738e-01 -1.235446e-01 -2.040021e-01 -6.295586e-01 5.374956e-01 3.157690e-01 -9.453613e-01 -4.986255e-01 -5.821644e-01 3.175845e-02 6.329527e-01 6.807507e-01 2.119057e-03 
-3.780078e+00 3.762558e+00 -7.576136e+00 9.864474e+00 2.194992e+00 1.177646e+01 1.408925e+01 3.873482e+00 2.968725e+00 -2.287019e+00 2.634224e+00 -1.551493e+00 -1.346207e-01 -7.075614e-01 -1.558906e-01 5.776450e-02 -9.503191e-02 1.457325e+00 1.923971e-01 -8.716052e-01 4.540668e-01 3.616523e-01 1.837738e+00 1.097338e+00 3.146175e-01 -2.240946e-06 -1.049398e-01 -2.110380e-01 2.851151e-02 -6.930976e-01 -9.736843e-02 -6.158690e-01 -1.125087e+00 -6.861575e-01 -6.739026e-01 -4.231168e-02 6.497257e-01 5.820847e-01 -1.017449e-03 
-4.129774e+00 3.529246e+00 -5.641942e+00 9.072543e+00 6.621568e+00 1.126456e+01 6.893993e+00 1.754143e+00 8.672595e-01 -3.254357e+00 5.338789e-01 -2.422445e+00 -1.512926e-01 -6.377470e-01 -3.840834e-01 3.827980e-01 -8.802757e-01 5.965401e-01 -3.160076e-01 -1.983199e+00 -8.169140e-01 -2.549363e-01 1.770601e+00 1.082671e+00 7.910025e-01 -1.667231e-03 -8.909768e-03 -7.173935e-02 1.527298e-01 -4.247992e-01 -8.625416e-01 -9.781415e-01 -1.853192e-01 -3.582004e-01 -3.172077e-01 -1.378961e-01 3.984490e-01 4.613160e-01 -6.665707e-04 
-5.573577e+00 5.380450e-01 -6.505170e+00 7.238743e+00 3.344706e+00 9.442666e+00 5.024508e+00 -9.926760e-01 -8.727189e-01 2.108833e+00 6.523645e+00 -3.300469e+00 -1.512926e-01 -7.032234e-01 -7.567886e-01 6.190944e-01 -1.332010e+00 -1.287197e+00 -2.776305e+00 -2.188535e+00 -8.600943e-01 -4.473257e-01 1.573375e+00 1.012492e+00 1.957457e-01 -3.336992e-03 7.705444e-02 1.787544e-01 1.992451e-01 -1.903387e-02 -8.258281e-01 -5.572270e-01 6.058472e-01 3.259778e-02 -1.038517e-01 -8.282333e-01 -3.421895e-01 2.894187e-01 1.664077e-04 
-5.305023e+00 1.172083e+00 -6.369025e+00 5.179801e+00 3.507526e+00 7.289854e+00 3.548954e+00 -3.846687e-02 -7.465765e-01 2.537128e+00 4.244789e+00 -4.346863e+00 -1.512926e-01 -5.859624e-01 -4.247192e-03 7.344223e-01 -6.390833e-01 -2.269301e+00 -2.732314e+00 4.305578e-01 1.785779e-01 5.360894e-01 6.051816e-01 1.156655e+00 1.274409e+00 -2.240946e-06 8.752518e-02 2.204695e-01 -1.735947e-03 4.035546e-01 -9.586434e-02 4.000174e-01 1.023264e+00 4.002104e-01 -1.903232e-01 -9.990508e-01 -3.612290e-01 2.459168e-01 6.670505e-04 
-6.708518e+00 1.156945e+00 -4.117356e+00 5.151068e+00 -2.684005e+00 -1.176739e-01 4.818874e+00 4.692411e-01 1.538809e+00 2.684433e+00 5.841601e+00 3.895160e-01 -1.512926e-01 -3.483226e-01 5.480434e-01 8.781542e-01 -3.108645e-01 -1.238941e+00 -1.385626e+00 9.507102e-01 1.193514e-01 -5.530950e-01 -1.720618e+00 -6.506219e-01 1.519908e+00 -2.240946e-06 1.228712e-01 6.606948e-02 -3.213873e-01 6.304989e-01 7.415737e-01 1.408147e+00 6.613857e-01 2.818196e-01 -4.158995e-01 -9.297219e-01 -4.174864e-01 9.301221e-02 6.670505e-04 
-6.492314e+00 3.198424e+00 -3.163756e+00 6.921498e+00 -1.710660e+00 2.382893e+00 9.149704e+00 1.916187e+00 2.341946e+00 -5.161340e-01 6.658520e+00 2.104491e+00 -1.512926e-01 -3.777395e-01 6.604433e-02 2.446059e-01 6.267210e-01 9.311830e-02 9.887406e-01 1.563538e+00 6.944885e-01 -1.153601e+00 -1.577546e+00 1.081578e-01 1.358419e+00 -2.240946e-06 4.338609e-02 -2.632496e-01 -4.600868e-01 4.597210e-01 9.716316e-01 1.374270e+00 -8.229414e-02 -3.075502e-02 -5.374140e-01 -2.233272e-01 -4.259182e-01 -3.190156e-01 -4.732389e-07 
-6.721605e+00 2.264731e+00 -3.717138e+00 4.814144e+00 -2.409281e-01 4.967636e+00 6.978270e+00 -1.372686e+00 -5.182433e+00 -4.967897e+00 2.063519e+00 1.073602e+00 -1.512926e-01 -1.929688e-01 -4.613604e-01 -7.429842e-01 1.187557e+00 1.239496e+00 2.403824e+00 5.520031e-01 2.910812e-01 -1.681924e+00 -1.983700e+00 -5.505528e-01 6.187364e-01 -2.240946e-06 -5.102413e-02 -3.306303e-01 -4.432234e-01 3.498775e-02 4.735717e-01 5.891672e-01 -3.187976e-01 -9.516317e-02 4.065546e-03 3.981283e-01 -2.511170e-01 -5.577763e-01 -4.732389e-07 
-7.186994e+00 9.481218e-01 -5.346179e+00 8.481744e+00 2.751445e+00 9.690461e+00 1.028719e+01 4.354770e+00 -3.153869e+00 -1.524689e+00 6.674387e+00 2.103132e+00 -1.512926e-01 -4.467405e-01 -8.160197e-01 -7.554738e-01 9.102407e-01 1.349668e+00 2.244474e+00 2.184742e-01 -6.103245e-02 -1.586477e+00 -3.798388e-01 -1.022957e+00 1.299417e-01 -2.240946e-06 -5.738757e-02 1.527998e-02 -5.878296e-02 -5.080434e-01 -3.002501e-01 -2.898564e-01 -5.312997e-01 -6.007064e-01 1.092289e-01 2.440839e-01 -5.518965e-01 -6.820992e-01 -4.732389e-07 
-7.326244e+00 -2.475310e-02 -6.741076e+00 1.030885e+01 1.282481e+00 8.247361e+00 7.009573e+00 7.048211e-01 -4.122776e+00 -6.729822e+00 3.080634e+00 3.483816e+00 -1.512926e-01 -5.688816e-01 -6.642308e-01 -8.379660e-01 -2.774770e-01 5.005726e-01 9.323424e-01 2.943204e-02 2.127164e-02 -3.163483e-01 -3.287599e-01 -1.340801e+00 -6.548077e-01 -2.240946e-06 5.860048e-02 4.064268e-01 3.150004e-01 -5.628023e-01 -6.984929e-01 -6.796510e-01 -3.092487e-01 -3.489262e-01 4.629290e-01 4.458534e-01 -9.970721e-02 -5.439297e-01 -4.732389e-07 
-8.423492e+00 2.633247e-01 -5.428923e+00 8.725385e+00 4.276132e+00 1.196533e+01 1.022651e+01 5.722798e-01 -6.120182e+00 -1.534366e+00 1.034767e+00 1.549062e+00 -1.512926e-01 -4.766996e-01 2.435923e-01 -1.863574e-03 -1.180945e+00 -1.038646e+00 2.750462e-01 -8.317600e-01 -2.174165e+00 -1.290338e+00 -1.184716e+00 -2.256275e+00 -1.415309e+00 -2.240946e-06 2.860065e-01 5.573732e-01 4.364604e-01 -3.250576e-02 -6.191862e-01 -7.341812e-01 1.071745e-02 2.459058e-01 8.092625e-01 2.876940e-01 2.703854e-01 -2.751805e-01 -4.732389e-07 
-8.947513e+00 -7.140027e-01 -7.864857e+00 3.304673e+00 1.499745e+00 8.491999e+00 7.155972e+00 6.251202e-01 -5.280745e+00 -6.606888e+00 -1.820613e+00 -1.923321e+00 -1.512926e-01 1.150276e-01 1.041103e+00 4.552179e-01 -5.808833e-01 -1.058832e+00 -9.816272e-03 -4.692064e-01 -3.971000e-01 4.846259e-01 6.479751e-01 -4.323822e-01 -1.328360e+00 -2.240946e-06 3.431038e-01 3.523868e-01 4.256465e-01 5.916249e-01 -8.164382e-02 -6.452602e-01 4.352571e-01 6.783423e-01 7.355621e-01 4.573933e-01 6.766984e-01 2.886042e-01 -4.732389e-07 
-8.759578e+00 2.510955e+00 -4.793385e+00 6.079186e+00 -2.550579e+00 1.094364e+01 6.055566e+00 -6.475746e+00 -9.026599e+00 -7.509355e+00 -2.156478e+00 -2.269852e+00 -1.512926e-01 6.414141e-01 1.118234e+00 7.801506e-01 8.994765e-01 -9.664667e-01 -9.553588e-01 5.213235e-01 1.377712e+00 2.059272e+00 5.701609e-01 -1.252129e-01 -9.091247e-01 -2.240946e-06 1.069047e-01 -2.374485e-01 2.907571e-02 4.880722e-01 5.254629e-01 -5.286769e-01 4.928603e-01 1.028749e+00 6.985914e-01 5.696614e-01 7.466007e-01 4.814565e-01 -4.732389e-07 
-6.583402e+00 4.056424e+00 -4.782822e+00 8.727746e+00 -5.985202e-01 8.709279e+00 6.749039e+00 2.243797e+00 -2.465445e-01 -5.025145e-01 2.514424e+00 -1.248755e+00 -1.512926e-01 5.875961e-01 6.603934e-01 8.992053e-01 1.640386e+00 5.634886e-02 -1.678795e+00 1.529166e+00 1.637154e+00 1.686761e+00 1.080694e+00 9.772177e-01 5.351343e-01 -2.240946e-06 -2.745542e-01 -6.438999e-01 -2.519592e-01 -1.257366e-01 5.561258e-01 -1.489286e-01 -9.102998e-03 1.112052e-01 -1.688430e-01 1.041289e-01 2.023870e-01 2.850870e-01 -4.732389e-07 
-6.398608e+00 3.469582e+00 -3.069277e+00 1.051117e+01 4.929152e-01 7.079939e+00 1.303652e+01 6.651565e+00 1.658901e+00 -1.735790e+00 -1.758729e+00 -3.334198e+00 -1.512926e-01 -1.783281e-01 -7.531503e-01 -7.861458e-02 1.487148e-01 1.031045e+00 -1.533697e+00 6.334758e-01 1.952488e+00 1.601562e+00 1.447130e+00 7.718812e-01 6.013721e-02 -2.240946e-06 -4.329459e-01 -6.118010e-01 -4.038234e-01 -6.410867e-01 3.655846e-01 3.854854e-01 -6.454221e-01 -5.660079e-01 -6.189629e-01 9.334937e-02 4.503870e-02 3.083600e-03 -4.732389e-07 
-7.190135e+00 2.108893e+00 -4.230614e+00 9.290206e+00 2.598030e-01 2.029878e+00 1.131103e+01 2.246879e+00 -2.189803e+00 -4.090160e+00 2.866685e+00 1.284676e+00 -1.512926e-01 -8.478678e-01 -1.242571e+00 -3.752441e-01 -8.341171e-01 7.230922e-01 -4.654117e-01 -5.707927e-01 -1.283722e-01 -1.306910e-01 7.301456e-01 1.309936e-01 -3.875913e-01 -2.240946e-06 -3.413703e-01 -3.535194e-01 -3.525124e-01 -6.635399e-01 4.405051e-02 5.987462e-01 -8.659246e-01 -6.935130e-01 -5.355896e-01 2.819218e-03 -1.157095e-01 -2.427484e-01 -4.732389e-07 
-9.347988e+00 -2.812181e-01 -5.462372e+00 6.541671e+00 2.175566e+00 6.614864e+00 6.942152e+00 3.285193e+00 -4.689470e-02 1.520330e+00 1.526664e+00 -3.235733e+00 -1.512926e-01 -8.055726e-01 -9.892017e-01 -6.017703e-01 -1.068742e+00 5.281667e-01 3.653860e-01 -1.655780e+00 -5.694608e-01 -1.268761e-01 1.212235e+00 5.231009e-01 -4.324131e-01 -2.240946e-06 -1.212533e-01 -2.183021e-02 -1.273021e-01 -2.669569e-01 -1.200666e-01 4.629116e-01 -5.663468e-01 -5.485147e-01 -3.453316e-01 1.208997e-03 -1.053865e-02 -1.029870e-01 -4.732389e-07 
