-5.868500e+00 3.472041e+00 -5.446253e+00 2.280439e+00 4.918245e+00 3.488323e+00 -6.493782e-02 -8.863368e+00 -8.250868e+00 4.303356e+00 7.150396e+00 1.329870e-01 -1.512926e-01 -6.899709e-01 3.129616e-02 1.740170e-02 3.253078e-01 -1.279488e+00 -7.879695e-01 8.556560e-01 3.354989e+00 1.874732e+00 7.889214e-01 3.605969e-01 3.947641e-01 5.015306e-07 1.586730e-01 -6.715892e-02 7.537177e-02 1.059649e-01 -6.559997e-02 -5.055404e-02 -1.281164e-01 -1.740044e-01 3.023082e-01 -5.369483e-01 -4.105885e-01 1.318473e-01 -1.373177e-08 
-7.682889e+00 3.852939e+00 -4.568773e+00 4.288401e+00 4.116904e+00 1.417385e+00 1.475244e+00 -2.618215e+00 -6.945683e+00 4.116102e+00 9.356400e+00 -1.291924e+00 -1.512926e-01 -3.842294e-01 1.124469e-02 1.273365e-01 1.564832e-01 -2.141136e+00 -1.094991e+00 7.351624e-01 3.916142e+00 3.361820e+00 -1.042734e-01 -1.128515e-01 1.458185e+00 5.015306e-07 2.874530e-01 -1.434898e-01 9.303284e-03 1.430785e-01 1.896261e-01 8.567342e-02 -3.564591e-01 -8.331210e-01 -7.373854e-02 -8.154531e-01 -6.043265e-01 -9.183456e-02 -1.373177e-08 
-8.411344e+00 3.438690e+00 -5.797841e+00 2.903294e+00 -1.078421e+00 5.838664e-01 3.442576e+00 4.789422e+00 4.700533e-01 8.341882e+00 7.850002e+00 2.819272e+00 -1.512926e-01 -4.957249e-02 -2.943124e-01 3.392175e-01 9.394412e-01 -1.176616e+00 -8.873230e-01 2.753347e-01 2.204536e+00 2.642627e+00 -1.449073e+00 -1.455660e+00 5.222386e-01 5.015306e-07 2.724540e-01 -1.992278e-01 -5.308464e-02 5.033401e-02 4.385760e-01 2.194187e-01 -3.878556e-01 -1.393331e+00 -8.451833e-01 -5.358915e-01 -1.913708e-01 -5.206758e-01 -1.373177e-08 
-6.518090e+00 3.545324e+00 -4.633818e+00 2.751310e+00 -2.788916e+00 -5.341997e-01 1.856506e+00 3.890724e+00 4.197773e+00 1.762859e+00 6.235972e+00 6.080604e+00 -1.512926e-01 4.270739e-01 -5.233094e-01 -9.706408e-02 7.334681e-01 -3.826858e-01 -3.099942e-01 -6.366880e-01 -2.353310e-01 1.122135e+00 -2.169247e+00 -1.752843e+00 -1.280938e-01 5.015306e-07 7.422934e-02 -1.795359e-01 -2.071233e-01 -1.280725e-01 5.154693e-01 3.622531e-01 -3.135736e-01 -1.271359e+00 -1.367055e+00 3.694119e-01 5.673719e-01 -6.929030e-01 -1.373177e-08 
-6.698647e+00 2.154255e+00 -3.717225e+00 7.746274e+00 2.487883e+00 2.734898e-02 1.121320e+00 -1.095194e+00 -6.092604e-01 -1.765187e+00 1.432134e+00 -9.421008e-01 -1.512926e-01 2.665177e-01 -6.975065e-01 -1.356963e-01 2.883959e-01 3.407655e-02 -8.336040e-02 -3.977028e-01 -1.536074e+00 -1.231316e+00 -8.580611e-01 2.235985e-01 -1.415586e+00 5.015306e-07 -3.254768e-02 -2.136703e-02 -2.942755e-01 -4.590486e-01 1.204965e-01 3.608295e-01 -1.096945e-01 -5.053219e-01 -8.203845e-01 9.441839e-01 1.127405e+00 -1.828116e-03 -1.373177e-08 
-6.403945e+00 1.878675e+00 -6.094585e+00 5.534111e+00 4.204669e-01 1.455845e-01 -5.472515e-01 -8.521078e-01 -7.954295e-01 -1.676522e+00 3.801363e+00 -5.165922e-02 -1.512926e-01 -1.708647e-01 -6.848604e-01 -6.707045e-01 -1.584510e-01 -1.690777e-01 3.143145e-01 -4.961747e-01 -5.702528e-01 -1.536499e+00 1.447162e+00 1.884407e+00 -1.037483e+00 5.015306e-07 -1.183129e-01 1.493512e-01 -9.007209e-02 -2.951235e-01 9.952988e-02 2.505554e-01 1.426164e-01 -2.186545e-02 -1.947240e-01 8.327332e-01 6.872088e-01 4.163392e-01 -1.373177e-08 
-7.136030e+00 7.842504e-01 -5.745974e+00 2.953645e+00 -2.512799e+00 -1.727849e-01 2.656620e+00 -5.190073e-01 -3.189938e+00 5.771279e+00 1.018543e+01 -1.192326e+00 -1.512926e-01 8.678611e-02 -3.204021e-01 -8.452649e-01 -9.098209e-01 -6.810339e-01 6.046318e-01 -3.432742e-01 -1.547869e-01 -1.299663e-01 1.463624e+00 2.362593e+00 9.678328e-01 5.015306e-07 -6.968176e-02 3.160310e-01 8.141518e-02 -1.123188e-02 4.218864e-01 1.562693e-01 2.908336e-01 7.176351e-02 3.937384e-01 4.863547e-02 -3.566774e-01 4.329780e-01 -1.373177e-08 
-7.153671e+00 8.061916e-01 -6.972916e+00 4.356001e+00 -1.134224e+00 1.137868e+00 -1.392277e+00 7.512995e-01 -2.194367e+00 5.230030e+00 1.128131e+01 1.018510e+00 -1.512926e-01 -7.468317e-02 3.482795e-02 -1.925715e-01 -1.429527e-01 4.724865e-01 5.988029e-01 4.923718e-02 -1.035107e+00 -4.021328e-01 8.335869e-01 6.137758e-01 7.618906e-01 5.015306e-07 1.628167e-02 3.413301e-01 3.201523e-01 1.738219e-01 5.984061e-01 -3.960328e-02 4.614840e-01 1.175497e-02 3.054792e-01 -6.199063e-01 -1.022513e+00 -2.166569e-01 -1.373177e-08 
-5.889773e+00 1.088355e+00 -7.504336e+00 3.786760e+00 -1.400255e-01 2.554458e+00 -1.728238e-01 -2.671164e+00 -5.598822e-01 2.099651e+00 9.505393e+00 3.362349e+00 -1.512926e-01 -1.302310e-01 5.227851e-01 3.242533e-02 2.243916e-01 1.822685e+00 5.557382e-01 7.837101e-01 -9.448271e-01 1.701817e-01 -3.081460e-01 -9.244950e-01 -1.503310e-01 5.015306e-07 -9.157163e-03 2.650325e-01 3.204704e-01 1.715666e-01 3.903202e-01 -2.217874e-01 2.747887e-01 4.075768e-01 -1.470936e-02 -4.587458e-01 -9.578817e-01 -7.650777e-01 -1.373177e-08 
-7.400640e+00 1.901055e+00 -6.178337e+00 4.403089e+00 1.596586e+00 1.776004e+00 1.113021e+00 -4.952325e+00 -4.121450e+00 4.327176e+00 7.210884e+00 1.480638e+00 -1.512926e-01 1.906337e-02 6.001428e-01 4.913616e-01 1.435877e-01 1.571055e+00 1.407504e-01 1.247667e+00 -1.163735e-01 -1.590129e-01 -7.664278e-01 -1.584555e+00 -1.561615e+00 5.015306e-07 8.797292e-02 4.158012e-02 8.423240e-02 -1.632078e-01 -3.834935e-01 -2.630353e-01 4.728795e-02 8.701833e-01 2.860874e-01 -1.544715e-01 -1.104265e-01 -3.800938e-01 -1.373177e-08 
-7.663692e+00 2.850667e+00 -5.981074e+00 4.052499e+00 5.235657e+00 2.286961e+00 5.322526e+00 -2.391976e+00 -1.375957e+00 4.682164e+00 7.598268e+00 -2.174988e+00 -1.512926e-01 -5.895125e-03 7.221605e-01 4.150510e-01 -1.953629e-01 7.212487e-01 -2.751943e-01 4.314885e-01 1.423877e+00 -3.249657e-01 -3.002273e-02 -1.327637e+00 -1.695676e+00 5.015306e-07 9.134274e-02 -1.599442e-01 -1.022498e-01 -4.433010e-01 -8.010135e-01 -1.481618e-01 -3.794369e-01 4.370924e-01 4.623619e-01 2.656433e-01 3.733749e-01 3.618080e-01 -1.373177e-08 
-6.172023e+00 2.926145e+00 -5.277474e+00 4.940628e+00 4.033199e+00 1.975300e+00 2.098639e+00 3.022350e-02 -2.581719e+00 1.063579e-01 4.312391e+00 -4.021041e+00 -1.512926e-01 3.030423e-01 1.430603e-01 3.731398e-02 -7.491595e-01 -8.941794e-01 -3.008592e-01 4.618934e-01 2.131603e+00 1.275888e+00 -7.779638e-02 2.632395e-01 -3.659045e-01 5.015306e-07 -5.739183e-02 -2.056693e-01 -2.036699e-01 -4.532718e-01 -5.624772e-01 -2.993011e-02 -3.555677e-01 -3.154577e-01 3.636140e-01 3.813212e-01 6.287404e-01 1.037249e+00 -1.373177e-08 
-6.533136e+00 4.186883e+00 -5.879467e+00 2.541049e+00 2.247703e+00 1.078890e+00 1.492330e+00 1.957104e+00 -2.954724e+00 4.059529e+00 4.316394e+00 -2.365373e+00 -1.512926e-01 1.846417e-01 -4.845402e-02 -2.519506e-01 -1.545723e+00 -9.498711e-01 3.574196e-02 -7.205205e-01 1.167618e-01 1.764452e+00 6.757612e-01 1.841263e-02 1.060889e+00 5.015306e-07 -1.759963e-01 -1.809043e-01 2.675191e-02 3.051106e-02 -7.220145e-02 -1.200549e-01 -1.640689e-01 -6.569396e-01 -2.357029e-01 -1.833300e-01 2.079647e-01 8.342240e-01 -1.373177e-08 
-6.450641e+00 1.948447e+00 -6.042719e+00 1.412824e+00 -1.380207e+00 8.756816e-01 5.337659e+00 3.531149e+00 3.047394e+00 4.249760e+00 1.016764e+01 -2.535200e-01 -1.512926e-01 -3.630755e-01 -4.298543e-02 -1.934061e-01 -1.447646e+00 -4.058135e-01 -1.644440e-01 4.585886e-02 -1.040064e+00 6.142071e-01 7.871947e-01 8.860273e-01 2.246331e+00 5.015306e-07 -2.198700e-01 3.530543e-02 2.454050e-01 6.333899e-01 4.915738e-01 -6.453452e-02 8.661352e-03 -4.075229e-01 -9.048629e-01 -4.059063e-01 -2.607147e-01 1.115982e-01 -1.373177e-08 
-6.601105e+00 3.097286e+00 -6.858130e+00 -1.911713e+00 3.193018e+00 3.015660e+00 1.000642e-01 -3.559272e+00 4.631834e+00 5.989632e+00 4.762932e+00 1.245578e+00 -1.512926e-01 -5.525470e-01 -8.924054e-02 6.641334e-01 3.064969e-01 1.161339e-01 -9.436987e-01 -1.807392e-01 -2.751605e-01 -1.172642e+00 -1.379082e+00 -5.993888e-01 1.169243e+00 5.015306e-07 -3.334057e-02 5.953641e-02 1.700215e-01 1.068822e+00 4.718159e-01 -7.095896e-02 2.396781e-01 2.906872e-01 -8.140019e-01 -5.942588e-01 -1.342489e-01 -5.644076e-01 -1.373177e-08 
-7.953206e+00 3.256140e+00 -5.755327e+00 -7.065364e-02 1.531407e+00 1.844373e-01 3.024213e+00 -2.412193e+00 -3.304041e+00 3.077605e+00 8.519363e+00 5.405139e+00 -1.512926e-01 -4.276024e-01 3.400433e-01 8.062617e-01 1.491700e+00 1.030698e+00 -1.339071e-01 2.351702e-01 2.900644e-01 -1.779812e+00 -1.079777e+00 -7.315255e-01 1.379030e-01 5.015306e-07 2.307608e-01 -7.593680e-02 -2.267075e-01 6.564969e-01 3.061281e-01 2.331072e-01 -1.468355e-01 1.647409e-01 1.510765e-01 2.250024e-02 -1.545497e-01 -8.249774e-01 -1.373177e-08 
-8.544685e+00 3.086754e+00 -2.702426e+00 4.815217e+00 1.372478e+00 -3.293866e+00 1.745203e+00 3.552328e+00 -5.642165e+00 -2.249863e+00 2.143748e+00 6.516769e-01 -1.512926e-01 5.041368e-02 5.772765e-02 9.836239e-02 2.328843e+00 6.909050e-01 -3.342670e-01 3.831909e-01 9.052089e-01 -1.108546e+00 -1.362044e+00 1.559096e-01 -7.069696e-01 5.015306e-07 2.539530e-01 -2.574355e-01 -6.271626e-01 -4.016767e-01 1.133975e-02 5.201266e-01 -1.272746e-01 -5.336647e-01 1.113837e+00 8.828495e-01 2.981272e-01 -2.936348e-01 -1.373177e-08 
-7.616478e+00 3.653713e+00 -4.089644e+00 5.508004e+00 4.683870e+00 3.360863e+00 5.691096e+00 1.425202e+00 -7.143559e-01 2.970744e+00 7.819314e+00 7.330360e-01 -1.512926e-01 4.891658e-01 -4.961943e-01 -1.044149e+00 8.236183e-01 8.374426e-01 6.963294e-01 -9.703915e-01 -8.065745e-01 1.337564e+00 8.911456e-01 -2.641854e-01 -9.404604e-01 5.015306e-07 -1.037764e-01 -2.207553e-01 -3.952867e-01 -9.195266e-01 -2.306368e-01 -3.193775e-02 -2.084766e-03 -1.211742e+00 1.297145e+00 5.539032e-01 2.640509e-01 1.518766e-01 2.682116e-03 
-6.517571e+00 3.186806e+00 -7.199089e+00 6.942996e+00 5.071148e+00 -2.440616e-01 6.824532e-01 -9.512678e-01 -2.205710e+00 -7.670516e-01 5.892174e+00 4.670947e-02 -1.512926e-01 2.587562e-01 -9.582896e-01 -1.546487e+00 -1.367907e+00 2.695172e-01 1.241903e+00 -2.143973e-01 -2.395152e+00 2.837916e+00 2.049686e+00 6.577798e-01 2.403075e-01 5.015306e-07 -6.256359e-01 1.394386e-01 1.066793e-01 -1.015753e+00 -2.021854e-01 -3.796244e-01 6.770006e-01 -9.618038e-01 9.396363e-01 2.969454e-02 1.739919e-01 2.346625e-01 8.821678e-03 
-6.521203e+00 7.250093e-01 -8.727878e+00 2.983482e+00 3.869136e+00 2.141053e+00 -1.296595e+00 -4.192740e+00 1.665472e+00 6.791580e+00 5.324217e+00 1.005189e+00 -1.512926e-01 -1.050652e+00 -2.556905e-01 -3.476964e-01 -1.257645e+00 8.828802e-02 -1.081593e+00 5.234540e-01 -4.118442e+00 2.732671e+00 -1.609354e-02 3.376599e-01 4.237292e-01 1.341388e-02 -7.865282e-01 6.621736e-01 4.686929e-01 -3.583511e-01 -1.815442e-01 -8.150631e-01 1.103230e+00 1.755568e-01 -2.499475e-02 -9.873848e-01 1.656541e-01 -1.021632e-01 1.545311e-02 
-7.799110e+00 -2.408398e-01 -8.115256e+00 -7.620417e-01 3.127616e+00 3.525219e+00 4.167023e+00 -5.614194e+00 7.357309e+00 6.088221e+00 6.679842e+00 1.717133e+00 -1.512926e-01 -2.307860e+00 6.346632e-01 2.836539e-01 -1.709224e+00 5.452149e-02 -1.343374e+00 3.021288e+00 -2.247871e+00 2.892040e+00 -7.599813e-01 7.249701e-01 -2.157679e-01 3.740175e-02 -5.371616e-01 8.530176e-01 3.344657e-01 1.945153e-01 4.616021e-02 -5.047916e-01 6.745740e-01 1.249977e+00 -1.050688e+00 -1.115297e+00 -2.319207e-01 -4.407469e-01 2.105669e-02 
-1.222950e+01 4.089025e+00 -5.369729e+00 3.072528e+00 6.097043e+00 -3.931723e+00 6.566388e+00 -1.683612e+01 8.167711e+00 -5.374508e-01 9.114006e+00 2.016542e+00 -8.423603e-02 -2.159935e+00 2.018101e+00 3.841691e-01 -7.973107e-01 3.712941e-02 -2.086350e+00 2.927946e+00 -2.372656e-03 1.185553e+00 -2.640997e+00 5.303801e-01 -1.223241e+00 5.856857e-02 4.198480e-02 4.655222e-01 -2.519717e-01 1.216333e-01 8.131994e-03 4.470850e-01 8.462700e-02 1.860422e+00 -1.248509e+00 -3.720483e-01 -2.880068e-01 -2.736055e-01 2.112948e-02 
-1.520246e+01 4.678365e+00 -7.459697e+00 -1.647839e+00 4.229851e+00 -3.924456e+00 1.185768e+01 -5.868833e+00 9.003470e+00 -9.020331e-01 7.621840e+00 -1.537846e+00 2.180303e-03 -1.872456e+00 2.169854e+00 -2.400271e-01 -6.252918e-01 5.258653e-01 -7.797916e-01 1.956239e+00 1.796682e+00 -1.642034e+00 -2.214373e+00 -5.981423e-01 -1.139887e+00 8.270624e-02 3.575585e-01 -1.021370e-01 -6.152121e-01 1.897277e-01 -2.587628e-01 7.066181e-01 -7.837782e-01 7.661946e-01 -7.666403e-01 8.115210e-02 -1.238396e-01 2.356043e-01 1.478478e-02 
-1.361896e+01 8.356139e+00 -7.134468e+00 -5.606394e-01 3.503733e+00 -4.565387e+00 9.497859e+00 -4.076733e+00 6.770442e+00 -2.918154e+00 7.504869e+00 -3.483497e+00 6.480975e-02 -1.058413e+00 1.304223e+00 -1.345814e+00 -1.191392e+00 -1.066328e-01 8.719814e-01 1.479145e+00 3.161329e+00 -1.242838e+00 -1.149193e+00 -4.407001e-01 -4.823312e-01 9.640492e-02 2.948534e-01 -6.283765e-01 -6.773274e-01 6.402411e-02 -3.962316e-01 7.340314e-01 -8.756897e-01 -2.145965e-01 1.714440e-01 6.529569e-01 2.717155e-01 4.260086e-01 3.741954e-03 
-1.646636e+01 8.475060e+00 -8.432833e+00 -2.072089e+00 7.053742e+00 -5.650598e-02 1.248254e+01 -3.010041e+00 -1.541804e-01 -3.793548e+00 4.493408e+00 -1.232288e+00 1.877321e-01 -1.070740e+00 4.809732e-01 -1.927563e+00 -5.636536e-01 -1.167272e+00 7.105973e-01 -1.732318e-01 1.521784e-03 2.730066e-01 -1.100038e+00 5.912128e-01 5.917830e-01 9.240338e-02 2.643929e-01 -6.873519e-01 -2.562884e-01 1.577182e-01 -4.580158e-01 2.813270e-01 -7.356435e-01 -7.110841e-01 7.817374e-01 7.409550e-01 5.429280e-01 2.899786e-01 -1.189094e-02 
-1.688973e+01 8.711586e+00 -1.161200e+01 -2.672100e+00 4.151726e+00 -1.505799e+00 1.364927e+01 -2.458885e+00 6.532226e+00 -4.837669e+00 8.474888e+00 -5.476013e-01 3.050328e-01 -1.086568e+00 -2.793877e-01 -2.158640e+00 -5.080492e-01 -1.097426e+00 8.385736e-01 -3.856909e-01 -1.777995e-01 1.085343e+00 6.656065e-02 1.294280e+00 4.102239e-02 7.242776e-02 2.164886e-01 -3.740847e-01 3.316030e-01 3.473617e-01 -1.637853e-01 -1.034097e-01 -5.044782e-01 -6.134154e-01 6.017476e-02 6.193022e-01 6.995029e-02 1.188188e-01 -2.354254e-02 
-1.892100e+01 6.905391e+00 -1.485876e+01 -3.410109e+00 -1.930655e+00 -1.901595e+00 8.915470e+00 -6.670296e+00 1.048782e+01 -5.443101e+00 1.009292e+01 -4.694572e-02 3.441037e-01 -5.364153e-01 -4.750035e-01 -1.114975e+00 -1.783266e-01 -1.268942e+00 6.436077e-01 -7.895885e-01 -8.911246e-02 1.102577e+00 8.823966e-01 1.248905e+00 4.824594e-02 3.524049e-02 4.034144e-01 4.334905e-02 8.446562e-01 4.140713e-01 2.420194e-01 -1.984258e-01 1.194405e-01 2.040299e-01 -5.822757e-01 4.071719e-01 -4.112099e-01 -4.851091e-02 -2.380722e-02 
-1.782469e+01 7.744420e+00 -1.471464e+01 -2.432003e+00 2.508865e+00 5.497653e-01 9.352385e+00 -3.135676e+00 6.876205e+00 -1.760555e+00 1.117680e+01 -3.870824e+00 3.487592e-01 -2.431530e-01 -8.821517e-02 -9.396397e-02 3.528734e-01 -8.747521e-01 3.884380e-01 -7.350348e-01 1.392433e-01 -1.356603e+00 9.559566e-01 -4.196330e-01 3.835747e-01 7.272472e-03 3.091256e-01 2.320904e-01 7.877664e-01 3.708644e-01 1.581528e-01 -4.867958e-01 3.461489e-01 1.423273e-01 -5.926831e-01 -1.595522e-01 -5.404204e-01 3.672077e-01 -1.453998e-02 
-1.868130e+01 6.583295e+00 -1.245674e+01 -3.084229e+00 1.530514e+00 2.133506e+00 1.068265e+01 -3.116903e+00 5.186671e+00 -9.198983e-01 9.386642e+00 6.705309e-01 3.420658e-01 5.246251e-01 6.021935e-01 1.263409e+00 1.076323e+00 -6.842571e-02 -5.639054e-02 5.986530e-01 8.630781e-01 -1.417408e+00 4.909980e-01 -6.078655e-01 1.779867e-01 5.945756e-03 1.039630e-01 2.810864e-01 2.558106e-01 2.359417e-01 3.315578e-01 -4.845692e-01 3.689782e-01 -8.076634e-02 -6.349381e-02 -3.746903e-01 -4.360163e-01 4.443426e-01 -1.375267e-03 
-1.822575e+01 8.431178e+00 -1.328278e+01 -1.070672e+00 -1.952753e+00 -1.581548e+00 9.090724e+00 -3.539536e+00 2.399806e+00 -2.319339e+00 6.730099e+00 1.011337e+00 3.423996e-01 -7.163945e-02 3.425497e-01 5.910422e-01 7.190346e-01 -9.067609e-01 -1.245413e+00 6.509545e-01 5.763713e-02 -6.181425e-01 -5.355026e-01 -4.793439e-01 1.812139e+00 1.437682e-02 -7.443915e-02 8.753888e-02 -9.538846e-02 6.540895e-02 5.886434e-01 -1.534547e-01 1.036927e-01 -2.532339e-01 8.751189e-01 -2.924232e-01 -8.499873e-02 1.472303e-01 6.350193e-03 
-1.609746e+01 9.572995e+00 -9.258021e+00 1.290677e+00 -4.203422e-02 -1.118110e+00 1.203977e+01 -2.153222e+00 5.638748e+00 -2.708403e+00 9.277232e+00 -1.598097e+00 3.770083e-01 -1.023810e-01 7.149830e-01 -1.783825e-01 8.181762e-01 4.048609e-01 -9.624036e-01 3.622953e-01 -4.520034e-01 4.157221e-01 -2.452920e-01 -9.013088e-01 1.555773e+00 2.481579e-02 -2.503305e-01 -1.424552e-01 -1.445990e-01 -2.073644e-01 6.455927e-01 9.352147e-02 -3.740886e-01 -2.799478e-01 9.377663e-01 -1.317911e-01 6.510265e-03 -1.040154e-01 5.031185e-03 
-1.947460e+01 7.962515e+00 -1.335888e+01 -1.024517e+00 -1.238689e+00 -4.051077e+00 1.192896e+01 -3.329182e+00 3.559526e+00 -3.543766e+00 8.834698e+00 6.324271e+00 4.031669e-01 -3.018968e-01 2.931046e-01 1.501105e-01 8.089482e-01 1.831844e+00 7.419575e-02 -9.840814e-02 -4.693514e-01 2.102360e+00 -1.378876e-01 -6.977434e-01 4.308819e-01 2.958768e-02 5.605875e-02 -3.189809e-01 1.907872e-01 -3.392799e-01 5.786017e-01 4.707386e-01 -4.339103e-01 2.212310e-01 5.121220e-01 1.949245e-02 3.830074e-01 -5.970259e-01 -1.103966e-03 
-1.856871e+01 1.039228e+01 -1.331084e+01 9.834450e-01 3.197929e+00 -1.443747e+00 1.107563e+01 -5.481820e+00 6.685365e+00 -1.533932e+00 3.828049e+00 5.792875e+00 4.357553e-01 -6.118996e-01 -8.536696e-02 7.607139e-01 -5.479571e-03 1.790214e+00 -2.487465e-01 -8.970693e-01 -2.732133e-01 1.911137e+00 -3.667407e-01 -4.661302e-01 3.485192e-01 2.349620e-02 4.673749e-01 -6.304458e-01 3.004772e-01 -4.293735e-01 -3.310072e-01 2.854883e-01 7.284094e-02 5.334579e-01 -3.911627e-01 3.656368e-02 7.045059e-01 -2.846876e-01 -9.654357e-03 
-1.849866e+01 9.486986e+00 -1.050580e+01 3.127541e+00 5.586328e+00 -1.047672e+00 9.080960e+00 -4.221622e+00 1.238821e+01 -3.595708e+00 5.965559e+00 -5.295671e-01 4.609651e-01 4.635985e-01 -8.522218e-01 1.075376e+00 -5.656648e-01 1.293522e+00 7.515740e-01 -8.889363e-01 1.074440e+00 1.194751e+00 -3.773315e-01 1.218239e+00 -5.693680e-01 9.512195e-03 1.374385e+00 -6.639553e-01 4.666481e-01 -3.314062e-01 -1.261536e+00 -1.401313e-01 -8.186355e-02 2.646248e-01 -1.108416e+00 -1.526424e-01 3.053979e-02 -9.908656e-02 -1.674139e-03 
-1.964478e+01 8.383785e+00 -6.880661e+00 -8.123922e-01 5.496595e+00 -3.863521e+00 8.978444e+00 -3.072618e+00 1.077975e+01 -4.516096e+00 8.381488e+00 3.571587e+00 4.656031e-01 1.851686e+00 -1.864593e+00 8.613483e-01 -6.413816e-01 -9.811398e-01 1.263955e-01 1.121918e+00 1.443527e+00 -1.086180e+00 5.723615e-02 1.663390e+00 6.324332e-01 -1.342001e-02 2.142968e+00 -8.511279e-01 8.810530e-01 -3.106336e-01 -1.517274e+00 -3.821066e-01 -7.781328e-01 8.055955e-02 -1.076950e+00 -1.016320e-01 -1.104596e+00 -1.607129e-01 1.893150e-02 
-1.661890e+01 4.705572e+00 -1.119707e+01 -2.954623e+00 4.079851e+00 9.164910e-01 8.532743e+00 8.384255e-01 7.486093e+00 -3.939116e+00 1.264939e+01 4.588064e+00 4.358079e-01 5.338418e+00 -2.136997e+00 2.432987e+00 -5.301726e-01 -3.090207e+00 -8.140694e-01 -1.517305e+00 -4.673916e-03 -1.941117e+00 -1.113046e+00 -1.609861e+00 -2.065614e-01 3.967357e-02 1.843517e+00 -9.098030e-01 1.244202e+00 -6.718782e-01 -1.111422e+00 -7.013212e-01 -1.417453e+00 -9.616151e-03 -5.297918e-01 -1.348396e-01 -2.015492e+00 -2.433417e-01 3.771192e-02 
-1.025012e+01 3.460192e+00 -8.658580e+00 8.179408e-01 -9.543132e-01 -1.793981e+00 1.695908e+01 -7.948261e-01 3.705659e+00 -1.076384e+00 8.803120e+00 6.396204e+00 3.812422e-01 7.665494e+00 -3.698620e+00 4.487171e+00 -1.576483e+00 -3.604291e+00 -1.376521e+00 -4.473590e+00 6.690642e-01 -1.905681e+00 -5.070686e-01 -4.575083e+00 -6.364337e-01 1.030742e-01 5.368196e-01 -7.758985e-01 9.093161e-01 -1.081117e+00 -3.519600e-02 -2.706278e-01 -1.443649e+00 4.996420e-01 2.019749e-01 -1.747537e-01 -1.654583e+00 -4.299473e-01 3.922062e-02 
3.496073e+00 1.263884e+00 2.548002e+00 -3.387238e-01 -6.639148e+00 -6.152761e+00 -2.495545e+00 -5.384104e+00 6.219943e+00 -1.088107e+01 -2.294499e+00 -2.974644e+00 7.015219e-01 6.774141e+00 -4.484272e+00 5.483500e+00 -3.457570e+00 -2.951995e+00 -2.003701e+00 -5.178534e+00 1.413610e+00 -1.044449e+00 -7.693058e-01 -5.740005e+00 -1.151714e+00 1.398228e-01 -1.331778e+00 -3.713478e-01 -3.261284e-01 -7.918051e-01 9.732025e-01 5.001597e-01 4.915929e-01 1.104288e+00 3.824773e-01 1.468357e-01 1.365698e-02 2.199989e-02 7.437603e-03 
8.625341e+00 -8.388903e+00 8.682714e+00 -1.000277e+01 -7.165489e+00 -7.211290e+00 -7.875198e+00 3.383853e+00 1.884338e+00 -3.580820e+00 -7.021839e+00 4.170817e+00 8.481258e-01 3.817777e+00 -4.570517e+00 3.882529e+00 -4.583264e+00 -1.226294e+00 -6.319794e-01 -4.265760e+00 3.232491e+00 -5.247093e-01 -9.884890e-01 -4.544418e+00 -1.044706e+00 1.326114e-01 -2.187184e+00 4.544747e-01 -1.460471e+00 2.975472e-01 1.276498e+00 1.119060e+00 1.801678e+00 6.367299e-01 1.542881e-01 -1.929630e-01 1.125489e+00 1.077681e-01 -2.142948e-02 
7.813354e+00 -1.179110e+01 7.549726e+00 -1.483177e+01 -7.574419e+00 -6.393425e+00 -4.942750e+00 5.817123e+00 3.174510e+00 -6.533209e+00 -8.138183e+00 -5.760233e-02 9.014794e-01 6.034574e-01 -3.557917e+00 1.104469e+00 -2.985878e+00 5.868301e-01 1.314461e+00 8.366373e-01 4.235132e+00 -7.192246e-01 -1.381178e-01 -1.556881e+00 1.076632e-01 6.209578e-02 -1.736751e+00 9.025142e-01 -1.733605e+00 1.284540e+00 1.068738e+00 1.345412e+00 1.768351e+00 -6.239239e-02 -2.704618e-01 -2.132046e-01 1.378368e+00 2.944052e-01 -3.305351e-02 
6.679685e+00 -1.286490e+01 8.252901e+00 -1.485181e+01 -6.618166e+00 -4.833444e+00 -3.145790e+00 9.767637e+00 2.604992e+00 -8.192687e+00 -1.099709e+01 -2.858997e-01 9.443098e-01 -1.851702e-01 -1.889430e+00 -6.257529e-01 -3.244362e-01 1.008866e+00 2.559685e+00 1.527192e+00 2.442096e+00 -1.296961e+00 -1.787518e+00 -1.039304e+00 -7.271531e-01 3.479112e-02 -7.624109e-01 9.658285e-01 -1.141443e+00 1.464688e+00 5.780903e-01 9.410008e-01 9.125733e-01 -8.162456e-01 -3.920977e-01 -9.614479e-02 9.622019e-01 3.519816e-01 -2.776866e-02 
7.485965e+00 -1.428756e+01 8.285212e+00 -1.284338e+01 -3.978428e+00 -7.692731e-01 -6.771052e-01 1.259995e+01 2.263349e+00 -9.265592e+00 -8.091039e+00 -2.080244e-01 9.639156e-01 9.180825e-02 -1.312153e+00 -9.303988e-01 8.358040e-01 1.274187e+00 3.127531e+00 7.666934e-01 1.496987e+00 -2.010636e+00 -1.435835e+00 -6.007600e-01 1.616274e-01 2.346411e-02 -7.562850e-02 7.258884e-01 -3.106790e-01 7.298537e-01 6.308229e-02 2.357353e-01 -3.409094e-01 -1.131209e+00 -2.063103e-01 4.383927e-02 2.455626e-01 2.039592e-01 -1.359374e-02 
7.863681e+00 -1.658743e+01 5.186396e+00 -1.261960e+01 -3.919052e+00 2.774997e+00 -2.372038e+00 1.220283e+01 -4.144805e+00 -1.115235e+01 -1.224153e+01 6.100751e-01 9.908647e-01 2.616478e-01 -8.641844e-01 -8.071096e-01 8.292971e-01 1.320350e+00 3.166594e+00 3.322658e-01 5.203674e-01 -1.839551e+00 -8.203027e-01 -2.113307e-01 6.880971e-01 1.308577e-02 -1.887017e-02 4.573784e-01 2.492673e-01 -1.688993e-02 -1.603916e-01 -3.121312e-01 -4.412395e-01 -8.119453e-01 3.156020e-01 4.883822e-01 1.660684e-01 1.965816e-01 -9.009191e-03 
7.680531e+00 -1.649089e+01 4.430930e+00 -1.176877e+01 -2.553201e+00 5.439907e+00 -1.496258e+00 1.208394e+01 -3.503556e+00 -1.223287e+01 -1.051942e+01 3.024681e-01 9.955202e-01 2.018544e-03 -4.409388e-01 -3.581891e-01 8.644523e-02 7.465967e-01 2.189676e+00 -2.704525e-01 -4.601464e-01 -1.479567e+00 -4.026573e-01 -7.428694e-01 4.198341e-01 4.979251e-03 -9.531882e-02 3.477049e-01 3.952632e-01 -2.687324e-01 -2.832162e-01 -6.064512e-01 -2.641019e-01 -5.109904e-01 6.461166e-01 4.965113e-01 2.437705e-02 -4.009734e-02 -6.003926e-03 
7.890142e+00 -1.608454e+01 6.144227e+00 -1.124242e+01 -7.290894e-01 7.894901e+00 -1.074965e+00 1.262787e+01 -3.709409e+00 -1.081027e+01 -1.083965e+01 2.899401e+00 9.939215e-01 -2.344784e-01 -3.808649e-02 3.345673e-01 -3.434656e-02 4.706362e-01 1.467841e+00 -1.605944e-01 -6.391136e-01 1.546022e-02 1.377031e-01 -1.379076e-01 1.265719e-01 -1.012367e-03 -9.809396e-02 1.893691e-01 2.173690e-01 -1.988971e-01 -3.332851e-01 -6.730683e-01 -1.891762e-01 -1.396672e-01 5.992836e-01 3.977827e-01 -1.518050e-01 -1.465228e-01 -2.695378e-03 
7.482333e+00 -1.674409e+01 6.015411e+00 -1.309980e+01 -1.840699e+00 7.619298e+00 -2.677633e+00 1.008678e+01 -5.352235e+00 -1.144978e+01 -1.250660e+01 7.463567e-01 9.872808e-01 -1.367750e-01 1.318148e-02 4.750263e-01 -7.599075e-02 2.829313e-01 9.446260e-01 -3.074889e-01 -4.782024e-01 2.924678e-01 5.677812e-01 -5.156192e-01 2.418655e-01 4.962366e-04 1.357260e-02 8.456841e-02 -6.762516e-02 -1.617156e-03 -1.980014e-01 -5.282992e-01 -9.171829e-02 1.922367e-01 4.560199e-01 3.304327e-01 -1.917333e-01 -6.471019e-02 -2.580805e-04 
6.790198e+00 -1.665150e+01 6.067277e+00 -1.212589e+01 -1.921949e+00 9.024707e+00 -2.584392e+00 1.000639e+01 -3.143229e+00 -1.085526e+01 -1.193776e+01 1.020969e+00 9.899336e-01 -1.594507e-01 -1.443821e-01 -1.368886e-01 -8.391734e-02 -1.142187e-01 4.237598e-01 -5.951471e-01 -1.689485e-01 2.707797e-01 6.834740e-01 -1.084056e+00 4.449253e-02 1.847917e-03 1.594660e-01 1.194222e-02 -2.652854e-01 -1.534683e-02 -1.384951e-01 -4.699317e-01 -2.030421e-01 2.621489e-01 1.448564e-01 3.495362e-01 -2.724187e-01 -1.426614e-01 -6.021695e-04 
7.547188e+00 -1.614159e+01 6.844851e+00 -1.170770e+01 -5.420354e-01 9.598274e+00 -2.278797e+00 1.100377e+01 -2.324819e+00 -9.371790e+00 -1.254841e+01 2.450799e+00 9.999999e-01 3.230355e-02 3.505581e-02 -4.604929e-01 1.032449e-01 4.915585e-02 7.019377e-02 -5.116900e-01 2.659897e-01 6.729780e-01 9.766777e-01 -1.228285e+00 1.372656e-01 2.254491e-03 2.713307e-01 3.110005e-02 -2.383400e-01 -4.640674e-02 -1.967926e-01 -4.183171e-01 -3.649272e-01 1.609619e-01 6.131307e-02 5.930044e-01 -3.735398e-02 -3.657467e-01 -4.370606e-03 
7.060514e+00 -1.710788e+01 5.045251e+00 -1.235853e+01 -1.949628e+00 9.024427e+00 -4.250034e+00 1.132435e+01 -3.869221e+00 -8.431882e+00 -1.623946e+01 2.269637e+00 9.968202e-01 4.782084e-01 1.078897e-02 -5.240453e-01 -2.008050e-01 -1.048751e-01 -4.445824e-01 -1.073743e+00 2.994465e-01 5.496268e-01 1.680965e+00 -1.143518e+00 -5.343833e-01 -4.906919e-03 4.253513e-01 2.136001e-01 6.133109e-02 2.046110e-02 -1.920043e-01 -3.639648e-01 -4.052871e-01 -2.722594e-01 1.202203e-01 9.255275e-01 4.455152e-01 -5.186980e-01 -1.046054e-02 
7.508794e+00 -1.634037e+01 4.223888e+00 -1.246715e+01 -1.581100e+00 7.970650e+00 -4.402833e+00 1.075779e+01 -1.624516e+00 -7.777817e+00 -1.649742e+01 8.086569e-01 9.951161e-01 9.009809e-01 9.122272e-02 -5.229722e-01 -2.496659e-01 -7.057344e-01 -7.128020e-01 -1.892925e+00 9.233305e-02 4.596792e-01 3.033938e+00 -6.725627e-01 -1.297460e+00 -1.797792e-02 4.403503e-01 4.881511e-01 3.261049e-01 3.187945e-01 -1.312428e-01 -4.580683e-01 -4.886314e-01 -9.523562e-01 1.275380e-01 9.685714e-01 8.599210e-01 -5.591021e-01 -1.921055e-02 
9.200217e+00 -1.649835e+01 4.757434e+00 -1.274968e+01 -1.926637e+00 7.615664e+00 -6.891044e+00 1.162665e+01 -7.450504e-01 -3.247005e+00 -1.568085e+01 -8.295916e-01 9.678507e-01 1.533009e+00 8.955602e-01 2.009047e-01 1.948148e-01 -6.968533e-01 -1.004511e+00 -1.930962e+00 -1.443316e+00 9.785480e-01 4.282500e+00 8.657081e-01 -1.831578e+00 -4.033950e-02 2.364432e-01 7.450462e-01 3.811317e-01 6.775464e-01 1.864183e-01 -4.395981e-01 -2.127978e-01 -1.300940e+00 1.037555e-01 4.085132e-01 9.885101e-01 -2.590073e-01 -2.360981e-02 
1.098192e+01 -1.599063e+01 4.373536e+00 -1.275993e+01 -4.082222e+00 6.738541e+00 -1.042297e+01 1.131473e+01 -1.588483e+00 3.205638e+00 -1.619054e+01 -2.486694e+00 9.245987e-01 1.706805e+00 2.033367e+00 8.074540e-01 1.499390e+00 -3.110822e-01 -1.940104e+00 -2.526298e+00 -3.624379e+00 1.096090e+00 4.518836e+00 2.066781e+00 -2.009617e+00 -7.607879e-02 -1.325190e-01 7.478498e-01 1.767010e-01 7.951388e-01 5.985920e-01 -3.032246e-01 2.168488e-01 -1.066249e+00 1.370758e-02 -6.443344e-01 7.611617e-01 1.400725e-01 -1.985351e-02 
1.298880e+01 -1.280522e+01 5.975023e+00 -1.123776e+01 -4.183339e+00 4.617569e+00 -1.089454e+01 3.829110e+00 1.005206e+00 7.488985e+00 -1.206451e+01 -5.240403e+00 8.303822e-01 1.257400e+00 2.764904e+00 7.162391e-01 2.312398e+00 6.298478e-01 -2.028931e+00 -1.820979e+00 -4.346621e+00 7.501451e-01 2.981099e+00 2.429284e+00 -1.473445e+00 -9.390029e-02 -5.049170e-01 2.751788e-01 -1.924010e-01 4.344086e-01 6.297399e-01 -1.202614e-03 4.960994e-01 -1.170114e-02 -2.418416e-01 -1.460989e+00 2.893437e-02 5.426685e-01 -5.487792e-03 
1.414893e+01 -8.020292e+00 7.652184e+00 -5.726236e+00 -2.008110e+00 -2.309243e-01 -1.503277e+01 -3.464925e+00 2.980667e+00 9.448201e+00 -7.971843e+00 -7.033992e+00 6.834446e-01 3.762438e-01 2.895694e+00 1.028933e-01 2.667202e+00 1.623787e+00 -1.716689e+00 -8.635363e-01 -3.787060e+00 6.423823e-01 4.630245e-01 2.351498e+00 -7.762308e-01 -9.046581e-02 -6.082582e-01 -3.862335e-01 -3.920605e-01 -2.957961e-01 2.387652e-01 3.945944e-01 8.205132e-01 1.101161e+00 -1.962282e-01 -1.643489e+00 -5.319790e-01 6.297867e-01 1.502300e-02 
1.390404e+01 -6.659063e+00 6.699029e+00 -4.704772e+00 1.858681e-01 9.556234e-01 -1.369079e+01 -2.716893e+00 7.209478e-01 8.537076e+00 -7.643611e+00 -5.923040e+00 6.189178e-01 -3.263987e-01 1.840144e+00 -4.088641e-01 1.782973e+00 1.484280e+00 -1.122222e+00 -2.818387e-01 -1.420657e+00 -3.904162e-03 -9.944751e-01 8.679520e-01 2.650234e-01 -6.058617e-02 -3.557860e-01 -9.309967e-01 -1.571857e-01 -8.536479e-01 -3.612252e-01 4.116046e-01 6.356008e-01 1.620062e+00 -8.365805e-02 -9.861248e-01 -7.793692e-01 4.438403e-01 2.861231e-02 
1.240510e+01 -4.585186e+00 4.526160e+00 -2.690748e+00 1.852167e+00 -1.401947e-02 -1.334272e+01 -4.348219e+00 1.765897e+00 4.996790e+00 -6.643349e+00 -6.026327e+00 5.780023e-01 -5.426549e-01 5.645970e-01 -5.902208e-01 2.850833e-01 4.554644e-01 -4.206575e-01 8.066077e-01 4.185809e-01 4.921146e-01 -1.710850e+00 1.874479e-01 2.700516e-01 -1.762484e-02 4.826191e-02 -1.221435e+00 2.836193e-01 -1.128281e+00 -7.521998e-01 3.176105e-01 3.099984e-01 1.729980e+00 -2.287511e-01 -5.818163e-02 -7.554951e-01 2.518664e-01 3.179955e-02 
1.222870e+01 -5.321970e+00 5.493769e+00 -3.840420e+00 1.308192e+00 -1.101898e+00 -1.314941e+01 -2.832419e+00 1.593407e+00 4.742707e+00 -8.389027e+00 -4.419024e+00 5.801631e-01 -6.220392e-02 -7.245076e-01 2.769767e-01 -7.648944e-01 -5.921308e-01 -6.190165e-01 5.218273e-01 1.650994e+00 4.070081e-01 -8.625507e-01 -3.854769e-01 2.226027e-01 1.274339e-02 2.900960e-01 -1.022347e+00 5.107695e-01 -9.011281e-01 -6.503884e-01 1.784264e-01 1.316227e-01 1.343671e+00 -3.912440e-01 3.066955e-01 -3.762014e-01 1.088355e-01 2.406857e-02 
1.227332e+01 -5.865672e+00 5.303733e+00 -4.733211e+00 -2.918116e-01 -1.305386e+00 -1.127043e+01 -1.314694e+00 5.004839e+00 2.791431e+00 -6.662029e+00 -6.435992e+00 6.147015e-01 4.853611e-01 -1.929077e+00 1.178156e+00 -1.700351e+00 -1.098999e+00 -3.802028e-01 2.845939e-01 3.327019e+00 -7.067346e-01 1.061610e-01 -7.993391e-01 5.042505e-01 3.186664e-02 2.676966e-01 -5.413318e-01 4.325688e-01 -4.083636e-01 -2.131569e-01 8.654948e-02 5.739029e-02 8.503108e-01 -6.663883e-01 1.404543e-01 -1.753166e-01 3.208075e-01 1.132294e-02 
1.365914e+01 -9.641304e+00 7.695123e+00 -7.507621e+00 -1.702976e+00 -1.494059e+00 -1.211790e+01 4.021172e+00 1.136325e+00 5.326634e+00 -9.561855e+00 -4.605105e+00 6.642780e-01 6.100014e-01 -2.024663e+00 1.260667e+00 -1.729927e+00 -9.903909e-01 -2.503125e-01 6.371909e-01 3.843564e+00 -1.360767e+00 -3.695035e-01 -5.196081e-01 6.920630e-01 3.500867e-02 3.445226e-02 1.335644e-01 -3.222808e-02 1.225829e-01 2.365337e-01 1.090350e-01 3.083146e-01 1.704746e-01 -5.341418e-01 -5.074801e-01 1.586628e-01 3.312616e-01 1.499738e-04 
1.411728e+01 -1.207107e+01 9.316591e+00 -9.358937e+00 -2.137129e+00 -1.719070e+00 -1.243521e+01 8.860275e+00 -1.539105e+00 5.234993e+00 -1.005376e+01 -3.411975e+00 6.952853e-01 4.596417e-01 -1.492046e+00 1.080622e+00 -1.274208e+00 -4.112717e-01 -1.721869e-01 1.036084e+00 3.573786e+00 -1.955931e+00 -1.255101e+00 -6.220765e-01 1.639340e+00 2.785796e-02 -1.627813e-01 6.769925e-01 -4.310473e-01 5.163910e-01 5.129123e-01 5.300365e-02 4.422202e-01 -6.156307e-01 -1.847638e-01 -7.482657e-01 3.324625e-01 1.872576e-01 -7.662611e-03 
1.435698e+01 -1.234270e+01 9.791043e+00 -1.017713e+01 -2.720835e+00 -2.146731e+00 -9.381208e+00 1.129740e+01 -1.938468e+00 1.673202e+00 -9.291442e+00 -2.470504e+00 7.149262e-01 1.230064e-01 -2.752863e-01 1.645379e-01 -3.648973e-01 2.467595e-01 -1.779289e-01 1.687600e+00 2.379962e+00 -1.639227e+00 -2.719392e+00 3.192106e-01 1.311377e+00 1.549668e-02 -2.170948e-01 7.701450e-01 -4.892548e-01 6.113908e-01 6.276943e-01 -4.230447e-02 3.104441e-01 -9.888434e-01 -2.873489e-02 -2.645809e-01 2.643616e-01 -5.626783e-03 -1.201776e-02 
1.422260e+01 -1.197540e+01 9.658826e+00 -9.769200e+00 -1.839137e+00 -1.840101e+00 -7.458788e+00 1.291621e+01 -3.237314e+00 -1.657334e+00 -9.907877e+00 6.934836e-01 7.286819e-01 -8.487963e-02 5.812306e-01 -4.290148e-01 1.991921e-01 8.470637e-01 -1.513940e-01 1.970378e+00 9.806194e-01 -1.491283e+00 -2.460263e+00 4.436186e-01 1.130929e+00 3.313724e-03 -1.812162e-01 6.186846e-01 -3.434861e-01 5.577778e-01 4.905975e-01 -1.165141e-01 4.337577e-02 -1.015492e+00 1.309122e-01 4.773672e-01 1.741991e-01 -2.737625e-01 -1.330810e-02 
1.422105e+01 -1.106572e+01 8.346856e+00 -9.127231e+00 -6.183749e-01 -2.323385e+00 -6.168061e+00 1.389337e+01 -6.210681e+00 -4.823774e+00 -8.039001e+00 -1.008436e-01 7.250628e-01 -2.031281e-01 7.893785e-01 -4.308034e-01 5.903162e-01 1.518972e+00 -4.723353e-01 1.722259e+00 1.958897e-01 -1.736726e+00 -1.089907e+00 2.692231e-01 9.181178e-01 -1.281015e-02 -1.166610e-01 3.612221e-01 -8.421044e-02 3.837236e-01 1.469489e-01 -1.429785e-01 -1.840260e-01 -8.043872e-01 2.549467e-01 1.020192e+00 1.256943e-02 -3.087353e-01 -1.165934e-02 
1.376084e+01 -9.803229e+00 7.894087e+00 -8.888065e+00 1.047031e+00 -2.387953e+00 -4.189501e+00 1.246566e+01 -6.859604e+00 -3.818030e+00 -8.461967e+00 1.057858e+00 7.067747e-01 -2.834823e-01 1.068960e+00 -3.389923e-01 1.037045e+00 1.405738e+00 -6.075326e-01 1.235530e+00 -4.118199e-01 -1.252520e+00 3.170558e-01 2.738354e-01 4.671413e-01 -2.452947e-02 -5.448454e-02 2.535845e-01 1.305998e-03 2.633615e-01 -2.019995e-01 -1.421754e-01 -3.221903e-01 -6.224070e-01 4.321968e-01 9.039853e-01 7.424867e-02 -3.866237e-01 -7.582103e-03 
1.357250e+01 -9.482011e+00 8.519462e+00 -7.666598e+00 3.430965e+00 -4.234439e+00 -2.404257e+00 1.250272e+01 -8.811044e+00 -2.695831e+00 -8.667891e+00 1.937643e+00 6.618186e-01 -3.609449e-01 1.287020e+00 -3.014332e-01 1.134767e+00 7.021914e-01 -6.647782e-01 1.134806e+00 -9.458893e-01 -4.839473e-01 9.929092e-01 4.668049e-01 9.951902e-02 -2.888053e-02 -4.093919e-02 3.188346e-01 5.696893e-02 1.822101e-01 -4.083652e-01 4.457156e-02 -3.471491e-01 -7.245713e-01 5.264321e-01 6.323901e-01 8.729920e-02 -3.652444e-01 -2.298352e-03 
1.312941e+01 -7.422176e+00 7.877506e+00 -5.314573e+00 3.164893e+00 -3.922220e+00 -3.162876e+00 1.155252e+01 -8.199488e+00 -1.136266e+00 -8.223577e+00 2.009984e+00 6.376452e-01 -2.783080e-01 1.600324e+00 -4.872016e-01 1.243609e+00 2.455568e-01 -7.660457e-01 6.532067e-01 -1.560503e+00 4.315130e-02 1.018350e+00 7.161194e-01 -3.929574e-01 -2.656234e-02 -8.232115e-03 3.163314e-01 3.377827e-01 2.936696e-01 -5.551319e-01 3.991937e-01 -4.778357e-01 -1.263866e+00 5.399292e-01 2.552380e-01 1.130895e-01 -9.949468e-02 7.422039e-04 
1.273197e+01 -5.821351e+00 6.847827e+00 -5.239980e+00 1.833640e+00 -4.880123e+00 -1.007109e+00 9.620823e+00 -7.960270e+00 -1.200448e+00 -5.823658e+00 -7.932542e-02 6.152285e-01 -4.105575e-01 2.117903e+00 -7.190546e-02 1.398000e+00 5.720431e-02 -1.701859e-01 2.778372e-01 -2.852572e+00 2.475424e-01 1.721486e+00 4.846309e-01 -4.780113e-01 -2.328478e-02 3.121459e-02 2.204755e-01 6.092361e-01 5.062619e-01 -7.230976e-01 7.704245e-01 -5.606353e-01 -1.705688e+00 6.416854e-01 -1.826748e-02 6.673945e-02 2.175528e-01 9.065284e-04 
1.278956e+01 -3.632063e+00 6.293875e+00 -3.883311e+00 3.073598e+00 -5.895047e+00 -1.622206e+00 6.104013e+00 -7.068794e+00 5.258592e-01 -6.303553e+00 1.016320e-01 5.972567e-01 -2.996140e-01 2.235135e+00 1.235270e+00 2.373800e+00 -1.047470e+00 1.141158e+00 -7.250249e-01 -5.777650e+00 1.081276e+00 1.228900e+00 8.305548e-01 2.583664e-01 -2.362003e-02 7.938319e-02 -1.629388e-02 5.706128e-01 5.555621e-01 -8.822768e-01 9.201214e-01 -3.735934e-01 -1.356844e+00 6.942912e-01 -4.065973e-01 1.271758e-01 3.065860e-01 -7.389228e-04 
1.168962e+01 -7.871743e-01 8.951400e+00 -1.392356e+00 3.762886e+00 -4.098874e+00 -1.785743e+00 9.645416e-01 -8.138766e+00 5.080492e+00 -7.204634e+00 5.018696e-01 5.655993e-01 -1.939970e-01 2.071875e+00 1.883432e+00 3.101035e+00 -2.266859e+00 2.233698e+00 -9.791501e-01 -7.365697e+00 2.205476e+00 7.964041e-01 7.434193e-01 8.616040e-01 -2.582052e-02 1.653466e-01 -1.763986e-01 1.752777e-02 3.682926e-01 -6.872078e-01 6.050680e-01 -1.123687e-01 -8.187399e-02 6.076989e-01 -8.665449e-01 2.255208e-01 -3.768000e-02 -2.311586e-03 
1.215243e+01 1.236238e+00 1.300209e+01 4.631065e+00 -3.037131e+00 1.392787e+00 -6.398967e+00 -1.300739e+01 -2.704163e+00 1.868065e+00 -3.380599e+00 3.011296e+00 5.443598e-01 1.038877e-02 1.541878e+00 1.388249e+00 3.169890e+00 -3.003709e+00 2.632765e+00 -5.861382e-01 -6.087966e+00 2.535735e+00 -5.520795e-01 1.222602e+00 4.701157e-01 -2.899108e-02 7.997786e-02 -1.063757e-01 -6.178021e-01 -2.236659e-01 2.480166e-01 -7.793094e-02 2.663701e-01 1.651663e+00 -2.845031e-02 -6.342543e-01 2.940046e-02 -5.070823e-01 -3.157472e-03 
1.208031e+01 2.103791e+00 1.291112e+01 6.007780e+00 -6.445175e+00 2.644462e+00 -3.514360e+00 -1.765202e+01 8.844296e-01 2.110568e+00 -3.568287e+00 2.773776e+00 5.125795e-01 2.610390e-01 1.582551e+00 -6.081658e-02 2.841587e+00 -2.400815e+00 2.109376e+00 -3.535343e-01 -3.106772e+00 2.558876e+00 -1.720635e+00 1.416195e+00 -7.722649e-01 -3.215452e-02 -9.518667e-02 9.591626e-02 -7.598448e-01 -6.796333e-01 1.173432e+00 -6.675929e-01 2.765220e-01 2.564235e+00 -5.517855e-01 -2.446238e-01 -2.470945e-01 -4.037334e-01 -2.828822e-03 
1.264636e+01 2.631695e+00 1.125521e+01 8.266097e+00 -6.840934e+00 3.896976e+00 -3.688637e+00 -1.502813e+01 1.098291e+00 -7.491864e-01 -2.008964e+00 1.316280e+00 4.788141e-01 -1.273395e-01 1.947921e+00 -8.815123e-01 1.385223e+00 2.597110e-01 8.136047e-01 2.939781e-01 3.513133e-01 7.623446e-01 -6.837736e-01 6.412004e-01 -1.460061e+00 -3.623809e-02 -2.989616e-01 2.137669e-01 -4.553118e-01 -8.000350e-01 1.529353e+00 -9.633729e-01 1.480142e-01 2.193629e+00 -5.139369e-01 4.572475e-01 -3.797747e-01 1.727222e-01 -1.482243e-03 
1.274806e+01 6.427951e+00 9.520657e+00 1.099762e+01 -6.339371e+00 5.196168e+00 -4.908090e+00 -1.355903e+01 2.754795e+00 -2.214133e+00 -8.098942e-01 -2.511901e+00 4.375999e-01 -6.009421e-01 2.348495e+00 -7.807586e-01 5.950485e-01 1.968668e+00 -1.946328e-01 -3.659730e-02 2.235868e+00 3.332298e-01 -3.608697e-01 -2.014828e-01 -1.919727e-01 -3.634152e-02 -4.103639e-01 -5.988295e-02 -1.287101e-02 -4.763788e-01 1.171526e+00 -9.471658e-01 2.569115e-01 1.376184e+00 -2.577372e-01 9.973080e-01 -2.035410e-01 6.826541e-01 4.609773e-04 
1.118219e+01 8.813831e+00 1.028930e+01 9.062382e+00 -1.791592e+00 4.185157e+00 -4.232460e+00 -1.329717e+01 1.727832e-01 6.112151e-01 -1.553975e+00 -1.646052e+00 4.006722e-01 -1.053391e+00 2.227730e+00 -5.283377e-01 2.928916e-01 2.458329e+00 -1.032177e+00 -4.565774e-03 2.208607e+00 1.079049e+00 1.054267e+00 1.324740e-01 1.043609e+00 -3.430865e-02 -2.614311e-01 -3.968138e-01 2.366352e-01 1.596570e-01 1.952186e-02 -5.580123e-01 3.134153e-01 3.714153e-01 8.829135e-03 7.848931e-01 2.786032e-01 4.434636e-01 1.873727e-03 
9.807781e+00 1.075518e+01 9.490047e+00 8.584984e+00 8.733698e-01 1.527235e+00 -3.425024e+00 -7.338422e+00 3.013363e+00 -3.740173e-01 -4.803382e+00 3.295335e+00 3.699460e-01 -1.327782e+00 1.143241e+00 -3.017909e-01 1.005812e+00 2.357492e+00 -1.703466e+00 1.080252e+00 2.845525e+00 1.111872e+00 2.396764e+00 6.529182e-01 1.389136e+00 -3.081710e-02 -3.076365e-02 -6.203328e-01 3.345111e-01 3.743463e-01 -8.476887e-01 -8.274928e-02 2.624084e-01 -4.316958e-01 -3.129043e-01 3.753869e-01 4.666964e-01 -4.563811e-01 1.354285e-03 
8.849481e+00 1.160694e+01 8.628721e+00 1.093701e+01 1.844354e+00 5.707291e-01 -4.452626e+00 -7.095336e+00 6.364073e+00 3.601981e+00 6.502485e-01 3.630814e+00 3.410996e-01 -1.071045e+00 5.665337e-01 6.199566e-02 1.978180e+00 1.627594e-01 -1.222010e+00 1.302596e+00 1.903425e+00 4.172713e-01 1.861814e+00 1.607045e+00 -3.333773e-02 -2.962948e-02 1.444009e-01 -6.067488e-01 2.300920e-01 5.397415e-02 -9.245820e-01 4.794263e-01 -8.671097e-03 -6.938177e-01 -6.756573e-01 -6.195811e-01 -2.761788e-02 -1.020122e+00 -7.179687e-04 
7.275315e+00 1.074772e+01 8.842140e+00 1.508953e+01 3.630296e+00 -1.514185e+00 6.033694e-01 -2.432410e+00 5.218700e+00 8.274391e+00 1.352078e+00 1.795213e+00 3.133072e-01 -7.461275e-01 7.743733e-02 5.967655e-01 1.624204e+00 -1.121942e+00 -5.133991e-01 6.219259e-01 2.300546e-01 -9.003785e-01 1.112286e+00 1.394629e+00 -1.935399e+00 -3.191200e-02 1.497529e-01 -4.124671e-01 -8.789101e-02 -5.360455e-01 -5.932995e-01 8.549644e-01 -3.780504e-01 -5.377695e-01 -4.402317e-01 -1.398436e+00 -5.284057e-01 -7.223505e-01 -4.373915e-03 
7.093202e+00 1.164994e+01 1.092360e+01 1.570073e+01 -2.356102e+00 -4.042245e-01 2.665308e-01 -6.233703e+00 1.156343e+00 5.595935e+00 3.403305e+00 -1.063012e+00 2.808418e-01 -6.222482e-01 -2.731217e-01 1.730036e-01 2.534952e-01 -4.248708e-01 7.699310e-01 1.813672e-01 4.754699e-02 -1.293185e+00 -1.401415e+00 -3.763770e-01 -2.394732e+00 -3.735082e-02 -3.129225e-02 -4.677378e-01 -5.191084e-01 -9.356303e-01 6.847505e-02 5.940807e-01 -2.779183e-01 2.599336e-01 2.568167e-01 -1.385022e+00 -7.715493e-01 2.227642e-01 -9.355485e-03 
6.955190e+00 1.112072e+01 1.132621e+01 1.432448e+01 -2.636014e+00 -5.523683e-01 -2.674704e+00 -6.619753e+00 1.115306e+00 4.190871e+00 7.934607e-01 -4.034976e+00 2.405235e-01 -8.033494e-01 -4.991564e-01 -7.968554e-01 -8.120990e-01 -3.150602e-01 1.575460e+00 -2.494318e-01 1.084530e+00 -2.340499e-01 -2.963671e+00 -9.975442e-01 -1.041944e+00 -4.882406e-02 -1.925811e-01 -5.627592e-01 -7.669787e-01 -7.978193e-01 2.344417e-01 5.778548e-02 8.754876e-02 6.529537e-01 5.659475e-01 -7.788720e-01 -1.610750e-01 9.691238e-01 -1.180491e-02 
5.897790e+00 1.005438e+01 8.251626e+00 1.258739e+01 2.853285e+00 3.939742e+00 -1.906810e+00 -4.764113e+00 1.949731e+00 -1.363551e+00 -9.522170e-01 -5.427918e+00 1.907362e-01 -1.199033e+00 -1.483843e+00 -1.836705e+00 -1.481837e+00 1.017946e-01 7.038983e-01 3.487820e-01 2.775602e+00 1.368159e+00 -3.025259e+00 -1.054513e+00 6.337080e-01 -6.795087e-02 -1.358227e-01 -4.547545e-01 -4.864830e-01 -2.613730e-01 -1.244554e-01 -8.376582e-01 1.633658e-01 -5.802695e-02 -1.537857e-01 1.474047e-01 4.227804e-01 9.635357e-01 -9.120578e-03 
3.856668e+00 9.049918e+00 6.193968e+00 1.258552e+01 -5.498480e-01 4.191307e+00 4.432490e-01 2.255547e+00 3.651943e+00 -3.064384e+00 -1.457908e+00 -1.232083e+00 1.142457e-01 -1.420616e+00 -2.130959e+00 -2.233282e+00 -1.497217e+00 -2.130205e-01 -1.915008e-01 9.758993e-01 2.130718e+00 5.987155e-01 -1.970209e+00 9.284108e-01 1.396006e+00 -7.563655e-02 6.312876e-02 -1.556721e-01 -6.112736e-02 4.071929e-02 -1.546734e-01 -1.046745e+00 -6.037132e-02 -1.241909e+00 -9.345401e-01 6.928711e-01 4.181195e-01 3.155333e-01 -6.573120e-04 
2.647766e+00 5.265948e+00 4.306365e+00 9.161219e+00 -2.890255e+00 7.437499e-01 4.510598e-01 3.207194e+00 6.728738e+00 -5.902965e+00 -7.436252e-01 7.043451e-01 4.235743e-03 -9.928210e-01 -1.730955e+00 -1.541241e+00 -7.108279e-01 -1.098166e+00 -2.534833e+00 3.855682e-01 -7.655059e-01 -2.478479e+00 -1.161280e+00 7.744590e-01 1.203944e+00 -6.954864e-02 1.919087e-01 3.217050e-01 2.815745e-01 1.750089e-01 -3.928705e-02 -5.502372e-01 -2.528110e-01 -1.526119e+00 -1.026174e+00 9.603203e-01 1.195112e-01 -1.896895e-01 8.662868e-03 
1.477260e+00 2.859883e+00 2.132645e+00 8.551883e+00 -8.295361e-01 8.800407e-02 1.025638e+00 4.803379e-02 1.719188e+00 -3.390258e+00 5.331333e+00 -1.209272e-01 -4.440968e-02 -5.907457e-01 -1.153905e+00 -1.250068e+00 -9.939374e-01 -4.884259e-01 -2.038849e+00 -5.696220e-01 -3.354424e+00 -2.983309e+00 -4.313215e-01 1.783479e-01 2.506471e-01 -5.131343e-02 2.359146e-01 6.121096e-01 2.557197e-01 2.054023e-02 -1.929667e-02 -1.129004e-01 -3.600246e-01 -6.241010e-01 -2.196853e-01 7.533926e-01 -3.551756e-01 -2.498089e-01 1.265518e-02 
2.123736e+00 4.494498e+00 2.576061e+00 1.105030e+01 -2.497844e+00 -6.683004e+00 -2.709463e-01 -7.488125e+00 -9.476315e+00 -7.006968e+00 -4.745462e-01 3.605286e-02 -7.768322e-02 -6.545116e-01 -3.638090e-01 -9.202638e-01 -8.583573e-01 4.295761e-02 -1.123527e+00 -1.424515e-01 -2.112274e+00 -1.971616e+00 1.006953e+00 -8.193647e-02 2.580123e-01 -3.680159e-02 8.222441e-02 5.339096e-01 -6.358108e-02 -1.730204e-01 1.315610e-01 6.225892e-01 -5.403259e-02 7.318575e-01 7.843798e-01 8.316764e-01 1.999894e-01 1.848377e-02 1.222397e-02 
1.164917e+00 3.666000e+00 8.087716e-01 6.671196e+00 -3.188024e+00 -2.289843e+00 -2.043986e+00 -9.169031e+00 -3.162246e+00 -4.669273e+00 -7.004836e-01 3.551363e-01 -1.013647e-01 -4.102532e-01 2.460520e-01 -1.265092e+00 -1.320702e+00 -8.801177e-01 -1.461694e+00 -5.601126e-01 -3.165832e-01 -7.530155e-01 7.125987e-01 -4.191344e-01 6.199691e-01 -2.873787e-02 -8.250029e-02 3.710013e-01 -2.237086e-01 -1.867043e-02 3.526174e-01 6.387233e-01 2.415600e-01 1.160518e+00 5.838758e-01 6.581189e-01 4.821292e-01 -4.512037e-02 9.974157e-03 
-4.683965e-01 3.044188e+00 3.666302e-01 5.809641e+00 -1.496279e+00 -3.684910e+00 1.273629e+00 -2.745293e+00 -6.883323e-01 -2.284490e-01 1.862661e+00 1.756480e+00 -1.512926e-01 -6.718608e-01 2.386466e-01 -1.851729e+00 -1.412509e+00 -2.444742e-01 2.896066e-01 1.105475e-01 1.374666e+00 3.283887e-01 2.425083e+00 2.073014e+00 1.111596e+00 -1.971478e-02 -1.297438e-01 1.051280e-01 -3.458035e-01 8.060259e-02 5.191419e-01 7.232997e-01 3.052938e-01 4.281660e-01 1.793714e-01 2.201200e-01 5.068524e-02 -3.557635e-01 9.235247e-03 
7.218263e-01 4.815716e+00 -3.088449e+00 4.568127e+00 -5.730887e+00 -8.719562e+00 -2.546803e+00 -3.905850e+00 -6.439889e+00 -3.216238e+00 2.067250e+00 2.118805e+00 -1.512926e-01 -9.944950e-01 3.998559e-01 -1.902762e+00 -8.102061e-01 1.418412e+00 4.482067e-01 5.116924e-01 7.046452e-01 -1.213985e+00 2.150068e+00 1.511557e+00 -4.017390e-01 -9.985529e-03 -1.656225e-01 -1.005015e-01 -7.180556e-02 2.705626e-01 5.338790e-01 5.962344e-01 3.062842e-01 -1.396021e-01 1.844531e-01 8.525732e-02 -3.976415e-01 -6.161762e-01 7.718829e-03 
-1.013699e+00 5.113238e+00 -4.734150e+00 5.038998e+00 -2.448960e+00 -2.020110e+00 5.335608e-01 -3.246388e+00 -6.195668e+00 4.392020e+00 8.506910e+00 4.712255e+00 -1.512926e-01 -1.011083e+00 8.484270e-02 -2.330458e+00 -7.104731e-01 1.489368e+00 1.538050e+00 8.480234e-01 -4.820969e-01 -8.443186e-01 1.388913e+00 -7.937295e-01 -1.009863e+00 5.015306e-07 -2.283466e-02 -1.970250e-01 4.542887e-01 3.119099e-01 -8.080196e-02 -3.025863e-02 8.715259e-02 -2.276276e-01 2.930799e-01 -4.472024e-01 -8.601581e-01 -6.179029e-01 4.941854e-03 
-3.534750e+00 4.630972e+00 -6.154954e+00 3.005394e+00 4.380075e+00 -8.813593e-01 8.845563e-01 -5.395657e+00 -6.478258e+00 3.771039e+00 3.534953e+00 -3.131624e+00 -1.512926e-01 -1.068762e+00 -1.795861e-01 -1.384923e+00 -3.189940e-01 9.222752e-01 8.952103e-01 6.025318e-01 -8.628014e-02 7.555671e-01 1.657021e+00 -9.739839e-01 -1.400077e+00 5.015306e-07 1.382559e-01 -2.002290e-01 7.923558e-01 3.024139e-01 -6.433220e-01 -4.011244e-01 -2.175023e-01 2.898402e-01 7.101868e-01 -5.825935e-01 1.111938e-02 8.180536e-02 1.997246e-03 
-3.395701e+00 3.560683e+00 -9.752455e+00 3.038961e+00 8.952448e-01 8.632696e-02 3.797966e+00 -4.410796e+00 -4.890816e+00 3.222511e+00 -2.840218e+00 -6.678981e-01 -1.512926e-01 -7.488669e-01 -4.567749e-01 1.607224e-01 -9.870576e-02 -4.004479e-01 -8.527438e-02 5.008067e-01 6.320670e-01 8.090128e-01 4.355115e-01 -9.849538e-01 -1.478828e+00 5.015306e-07 2.137795e-01 -1.749542e-02 8.987288e-01 9.405529e-02 -5.870235e-01 -6.053926e-01 -2.306255e-01 4.117467e-01 5.250092e-01 -4.721995e-01 8.072011e-01 4.601652e-01 -1.373177e-08 
-3.430982e+00 4.694162e+00 -7.503911e+00 3.973710e+00 -2.791595e+00 -5.296602e+00 -1.166741e+00 -3.755666e+00 -3.314718e+00 5.653501e+00 2.870929e+00 -2.191588e+00 -1.512926e-01 -4.344507e-01 -3.305418e-01 8.132966e-01 3.959373e-01 -8.532895e-01 -7.457748e-01 -4.022072e-01 1.596826e+00 1.510294e+00 -2.861586e-01 1.662767e+00 2.417947e-01 5.015306e-07 2.811098e-01 1.587299e-01 3.441442e-01 -1.264899e-01 -2.341235e-01 -1.595506e-01 4.748604e-02 4.048870e-02 -4.556552e-02 -2.358850e-01 4.156337e-01 7.240627e-01 -1.373177e-08 
-4.810582e+00 2.797570e+00 -3.256378e+00 4.061823e+00 -8.654737e-01 -2.387508e-01 4.063531e+00 -9.065014e-01 -3.732430e+00 5.628357e+00 3.913888e+00 -3.151912e+00 -1.512926e-01 -2.594369e-01 7.288018e-02 1.064167e+00 -5.976079e-01 -5.579017e-01 -6.684322e-01 1.972579e-01 7.352697e-01 1.403306e+00 -4.375917e-04 1.923924e+00 4.700449e-01 5.015306e-07 2.103436e-01 3.616227e-01 -1.441447e-01 1.139574e-01 2.905542e-01 1.228695e-01 3.065447e-03 -3.115484e-01 -4.600707e-01 3.079962e-01 -2.145200e-01 6.000252e-01 -1.373177e-08 
-4.999441e+00 3.359702e+00 -5.336568e+00 4.473486e+00 9.939058e-01 -4.447431e+00 -1.259494e+00 8.360187e-01 4.944087e-01 1.137246e+00 8.471774e+00 -6.806040e-01 -1.512926e-01 9.211262e-02 3.492715e-01 -1.157840e-01 -7.018366e-01 -1.697253e-01 3.891340e-01 9.917899e-01 6.436388e-02 2.305986e-01 6.956764e-01 -3.503236e-01 1.245727e+00 5.015306e-07 9.332499e-02 4.274735e-01 3.138670e-02 4.318764e-01 5.347623e-01 3.950324e-01 2.657263e-01 -2.366843e-01 -6.956589e-01 5.383358e-01 -8.609868e-01 -9.541347e-02 -1.373177e-08 
-3.908835e+00 4.592355e+00 -5.515125e+00 -1.993273e-01 -3.786909e+00 -3.680438e+00 4.830937e+00 -3.030739e+00 2.211605e-01 5.478488e+00 3.978822e+00 9.269043e-01 -1.512926e-01 3.945629e-02 1.011312e+00 -9.551402e-02 1.020008e+00 7.106099e-01 -3.838164e-02 -1.809894e-01 -1.595664e-01 -8.515802e-01 1.484575e+00 -1.051022e+00 1.019248e+00 5.015306e-07 -4.146778e-02 2.934021e-01 3.279679e-01 8.530646e-01 6.896180e-01 4.201461e-01 -8.523100e-02 1.208910e-01 -3.574607e-01 1.526074e-01 -2.404656e-01 -4.091960e-01 -1.373177e-08 
-3.421124e+00 5.543284e+00 -6.953360e+00 2.594664e+00 -2.179763e+00 -1.629905e+00 3.408404e+00 -2.371277e+00 -4.138466e+00 9.206690e+00 1.087001e+00 1.997688e+00 -1.512926e-01 -1.174474e-01 1.337604e+00 1.550051e+00 1.746416e+00 1.186209e+00 9.143502e-01 1.115537e+00 8.609539e-01 -8.405425e-01 1.662892e+00 -1.154612e+00 -5.099507e-01 5.015306e-07 -1.143484e-01 6.330790e-02 5.447580e-01 5.341960e-01 4.700493e-01 2.500443e-01 -2.469180e-01 1.132678e-01 2.906000e-01 -3.501403e-01 7.001039e-01 -5.146796e-01 -1.373177e-08 
-5.402580e+00 6.762334e+00 -2.925197e+00 1.010156e+01 4.274271e+00 -1.839262e+00 8.249993e-01 -1.002248e-01 -5.673861e+00 9.016789e+00 2.351006e+00 6.053616e-01 -1.512926e-01 -3.621624e-01 1.045832e+00 1.871151e+00 2.443482e+00 2.212250e+00 1.169694e+00 -2.908476e-01 9.414980e-01 1.514950e-01 2.790671e-01 1.123749e+00 -6.980464e-01 5.015306e-07 -1.180016e-02 -2.342392e-01 1.094511e-01 -2.608190e-01 -6.239221e-02 2.143449e-01 -1.383673e-01 -1.964831e-01 5.721269e-01 -5.646281e-01 8.707446e-01 -1.643546e-01 -1.373177e-08 
-4.839637e+00 8.962592e+00 1.118696e+00 8.055370e+00 2.894357e+00 -7.963862e-01 6.321325e+00 3.675556e+00 -7.610649e-01 7.682524e+00 3.512715e+00 -3.069529e+00 -1.512926e-01 -2.787645e-01 6.485625e-01 1.624573e+00 1.257333e+00 1.429698e+00 1.035367e+00 -1.879963e-01 8.029568e-02 1.182068e+00 -4.522728e-01 2.062917e+00 -4.689464e-01 5.015306e-07 7.806168e-02 -3.166780e-01 -3.727489e-01 -6.054852e-01 -3.754044e-01 -7.955583e-03 -2.602887e-01 -4.917695e-01 4.522797e-01 -4.447636e-01 6.267207e-01 2.248990e-01 -1.373177e-08 
-5.010336e+00 8.111276e+00 -1.953995e-01 9.288027e+00 4.737218e+00 1.751407e+00 1.920457e+00 -1.346945e+00 -7.103522e-01 7.635876e+00 8.384602e+00 -2.973120e-02 -1.512926e-01 6.137106e-02 1.846444e-01 4.145741e-01 -3.943378e-02 2.769181e-01 9.729009e-01 -2.209037e-01 -7.515213e-01 9.978155e-01 -2.808632e-01 1.693931e+00 1.769952e-01 5.015306e-07 1.186977e-01 -2.186192e-01 -4.123264e-01 -6.262577e-01 -5.023665e-01 -4.558970e-02 1.069172e-02 -4.217921e-01 1.508325e-01 -9.484413e-02 7.714879e-02 2.395913e-01 -1.373177e-08 
