-9.088574e+00 1.528735e+00 -4.076883e+00 1.055821e+01 3.863588e+00 -4.987099e+00 3.600482e+00 2.482229e+00 -1.889667e+00 7.122860e+00 1.058671e+01 -1.026480e+00 -1.512926e-01 3.100949e-01 5.940841e-01 -4.878428e-01 -1.203561e+00 -6.658006e-01 1.129662e+00 -7.556615e-01 -1.520060e+00 7.827008e-02 -1.566739e+00 -1.763653e+00 -1.000735e+00 1.234963e-06 -1.469502e-01 -1.119518e-01 -1.913508e-01 -2.638606e-01 -2.679163e-01 6.002502e-02 3.582405e-01 1.612480e-01 2.389375e-01 4.500270e-01 3.553014e-01 5.041671e-01 2.735698e-07 
-7.603798e+00 2.655946e+00 -6.568193e+00 7.240129e+00 3.905371e+00 2.580235e-01 9.939679e-01 -3.059788e+00 -3.740943e+00 2.776934e+00 6.610097e+00 -1.468189e+00 -1.512926e-01 -2.514498e-02 5.779189e-01 -7.080222e-01 -1.913560e+00 -1.598004e+00 1.276776e+00 -3.632286e-01 -1.606600e+00 4.192590e-01 -8.957486e-01 -7.257982e-01 3.351638e-01 1.234963e-06 -1.951263e-01 -2.456602e-01 -1.633765e-01 -1.685417e-01 5.687691e-02 -1.054542e-01 4.133210e-01 4.342208e-01 2.516152e-01 7.847465e-01 5.445147e-01 5.760275e-01 2.735698e-07 
-8.280608e+00 3.935680e+00 -5.270673e+00 6.199393e+00 5.138682e-01 -1.960995e+00 1.125807e+00 -2.347260e+00 -5.728620e-01 1.462372e+00 3.757310e+00 -5.809327e+00 -1.512926e-01 -2.570452e-01 4.240375e-02 -1.334466e+00 -2.167912e+00 -1.539173e+00 1.356231e+00 8.392602e-01 -6.705350e-01 1.102429e+00 3.478090e-01 -5.059851e-01 8.520912e-01 1.234963e-06 -1.411107e-01 -3.077474e-01 -1.011490e-01 -7.265374e-02 5.358175e-01 -7.607357e-03 2.594807e-01 4.687054e-01 -7.785053e-02 8.907269e-01 5.901092e-01 4.495045e-01 2.735698e-07 
-9.618180e+00 3.214625e+00 -7.020093e+00 3.169668e+00 -2.451508e+00 -1.160914e-01 3.021853e+00 -3.135894e+00 -4.518134e-01 5.474542e+00 1.037257e+01 3.040716e+00 -1.512926e-01 -3.818389e-01 -3.584014e-01 -8.813580e-01 -1.564172e+00 5.529340e-02 4.892767e-01 5.134477e-01 2.261744e-01 8.242505e-01 1.399799e+00 3.300118e-01 9.529529e-01 1.234963e-06 9.342232e-02 -2.228629e-01 2.777802e-01 4.946665e-01 7.834707e-01 -1.624315e-01 -1.561988e-02 2.641936e-01 -3.321227e-01 -4.456572e-02 8.519212e-02 -2.416550e-01 2.735698e-07 
-9.366383e+00 1.461471e+00 -1.052344e+01 1.753750e+00 -6.542172e-01 1.980831e+00 6.782695e+00 -8.329132e-01 1.977807e+00 7.512900e+00 6.175596e+00 9.795347e-01 -1.512926e-01 -2.169212e-01 -4.766023e-01 -9.070002e-01 -1.741563e+00 1.186630e+00 1.485419e+00 1.033909e-01 -9.268852e-02 -5.133654e-01 1.739227e+00 6.589153e-01 9.379002e-01 1.234963e-06 2.599122e-01 -8.085054e-02 5.526736e-01 9.076474e-01 3.871548e-01 -2.994471e-01 -2.655397e-01 -1.210176e-01 -3.330979e-01 -8.917715e-01 -9.224052e-02 -5.254403e-01 2.735698e-07 
-8.970146e+00 2.100695e+00 -8.348732e+00 1.642286e+00 4.765920e+00 7.332591e-01 7.327306e-01 -2.687044e+00 -8.950181e-01 6.750139e+00 7.050813e+00 -9.772051e-02 -1.512926e-01 4.219507e-01 -2.770022e-01 4.670799e-01 3.466032e-01 9.564642e-01 3.999906e-01 -7.340227e-02 -5.746857e-01 -4.335113e-01 -1.814372e+00 -8.823606e-01 -9.160978e-01 1.234963e-06 2.604200e-01 6.840354e-03 4.124958e-01 7.295291e-01 -2.262943e-01 -1.551280e-01 -1.414858e-01 -2.233824e-01 8.434167e-02 -1.109679e+00 -2.621947e-01 -5.922902e-01 2.735698e-07 
-9.689569e+00 2.109692e+00 -9.141585e+00 -1.745255e+00 2.838364e+00 5.041372e+00 2.787472e+00 -3.035817e+00 -2.918581e+00 9.520165e+00 8.712537e+00 4.494087e-01 -1.512926e-01 6.407492e-01 -4.024258e-01 7.547314e-01 1.415028e+00 -5.397651e-02 -9.640337e-02 -1.950168e-01 -8.753521e-01 6.587481e-02 -2.503902e+00 -3.609847e-01 -8.405642e-01 1.234963e-06 6.397080e-02 6.116181e-02 1.336207e-01 4.431659e-01 -3.656241e-01 -3.675297e-01 -2.137059e-01 -5.149330e-03 6.503719e-01 -4.845754e-01 -4.459545e-02 -3.210986e-01 2.735698e-07 
-7.347020e+00 1.505600e+00 -5.375305e+00 6.652115e+00 5.848381e-01 3.538220e-01 4.652756e+00 -4.907326e+00 -1.712878e-01 -4.600749e+00 4.692419e+00 -1.275106e+00 -1.512926e-01 4.912260e-01 -3.613823e-01 3.503290e-01 5.053365e-01 -4.559149e-01 5.044276e-01 -4.479795e-02 -4.993604e-01 9.561886e-01 -2.027062e+00 -4.710272e-01 -1.119173e+00 1.234963e-06 -2.827826e-01 1.311300e-01 -3.308650e-01 -3.916977e-01 -6.931607e-02 2.620883e-02 -2.446627e-01 1.093396e-01 3.316848e-01 1.006318e+00 5.141184e-01 3.327314e-01 2.735698e-07 
-6.974580e+00 -2.526954e-01 -8.235982e+00 6.323780e+00 1.166423e+00 1.688739e+00 3.848047e+00 -4.098916e+00 1.945463e+00 6.689122e-01 5.550119e+00 -2.634617e+00 -1.512926e-01 6.820468e-02 -1.285346e-01 -1.805657e-01 3.948500e-01 6.482174e-02 -4.043943e-01 -9.794211e-01 -1.561649e-01 2.043635e+00 -5.773314e-01 2.301710e-01 -5.660114e-01 1.234963e-06 -3.821815e-01 2.737959e-01 -1.711358e-01 -4.998207e-01 1.653330e-01 -1.123075e-01 -1.783698e-01 6.730464e-02 -2.321384e-01 1.208349e+00 5.531592e-01 6.817868e-01 2.735698e-07 
-7.871644e+00 1.475609e+00 -7.049859e+00 1.346926e-01 3.322557e+00 4.931799e+00 -2.119561e-02 -4.652638e+00 1.454223e+00 1.040847e+00 6.277300e+00 -4.151313e+00 -1.512926e-01 -7.059423e-01 2.416599e-01 -7.194824e-01 -1.101965e+00 5.505046e-01 6.850817e-01 -9.045886e-01 -3.874304e-01 2.359521e-01 2.254043e+00 1.392623e+00 6.101674e-01 1.234963e-06 -2.179131e-01 2.494992e-01 1.446981e-01 -8.988837e-02 1.378651e-01 -1.915954e-01 2.675596e-01 5.358339e-02 -7.942165e-01 7.942508e-01 5.100574e-01 7.876815e-01 2.735698e-07 
-9.086361e+00 1.482036e+00 -9.207431e+00 3.488310e+00 1.793478e+00 7.301284e-01 2.278344e-01 -3.943706e+00 6.487350e+00 3.812841e+00 9.070760e+00 -9.425969e-01 -1.512926e-01 -6.715504e-01 6.650505e-01 4.338453e-01 -2.804588e-01 2.695498e-01 -7.482385e-01 -6.569304e-01 -5.945750e-01 -7.345732e-01 1.397440e+00 1.472876e+00 1.703692e+00 1.234963e-06 3.655044e-02 2.023668e-01 4.158140e-01 1.403403e-01 4.471320e-02 2.104470e-01 5.266155e-01 1.585618e-01 -9.824313e-01 1.421197e-02 5.290606e-02 7.869237e-02 2.735698e-07 
-9.820725e+00 1.846634e+00 -8.487188e+00 2.560653e+00 3.023931e+00 4.258392e+00 1.940282e+00 -6.922060e+00 -1.262007e+00 5.097884e+00 9.895123e+00 9.300361e-01 -1.512926e-01 -2.283852e-01 4.892970e-01 7.666214e-01 3.935381e-01 1.309956e-01 -2.815680e-01 1.131855e+00 -1.228512e-02 -1.625721e+00 9.568915e-01 1.457914e+00 1.684313e+00 1.234963e-06 2.248116e-01 1.045409e-02 3.982534e-01 3.846332e-01 -1.248711e-01 1.931888e-01 3.457445e-01 5.183632e-01 2.865226e-02 -6.829965e-01 -7.335793e-01 -6.489390e-01 2.735698e-07 
-9.358081e+00 2.886444e+00 -5.348245e+00 3.708411e+00 2.663551e+00 -1.715550e+00 -4.176905e-01 -5.937465e+00 -3.695131e-01 5.627645e+00 1.110540e+01 3.343375e+00 -1.512926e-01 1.219489e-02 7.595195e-01 1.155553e+00 3.489354e-01 4.982299e-01 1.131166e+00 6.355236e-01 4.493997e-01 -1.937748e+00 1.423096e-01 4.620901e-01 -7.095973e-01 1.234963e-06 1.707960e-01 -1.772682e-01 -4.086136e-02 2.758192e-01 -4.600598e-02 3.611692e-01 8.004428e-02 6.038851e-01 7.693471e-01 -5.570519e-01 -1.030105e+00 -9.515921e-01 2.735698e-07 
-8.877175e+00 3.219766e+00 -5.146198e+00 1.992025e+00 3.542226e+00 4.747090e+00 5.960408e+00 -3.717183e+00 -3.245860e+00 4.917624e+00 1.254902e+01 2.127448e+00 -1.512926e-01 7.639325e-02 2.468190e-01 9.110201e-01 5.065026e-01 -1.881599e-01 7.112198e-01 1.780390e-01 1.682534e+00 9.809791e-01 -5.332878e-01 -1.769910e+00 -1.427887e+00 1.234963e-06 1.358223e-01 -2.217865e-01 -2.823694e-01 2.743965e-01 -9.559075e-03 -2.362668e-01 -3.105026e-01 4.925179e-01 9.584857e-01 -6.174225e-01 -8.931601e-01 -4.055526e-01 2.735698e-07 
-9.496431e+00 4.593327e+00 -5.100196e+00 5.516877e+00 4.025498e+00 6.141803e+00 1.394857e+00 -3.299494e+00 -2.209581e+00 4.614566e+00 1.005389e+01 -5.089141e+00 -1.512926e-01 2.988219e-02 -1.001022e-01 1.573675e-01 1.042027e+00 1.990052e-01 5.610989e-01 2.201150e-01 1.577375e+00 1.808721e+00 -6.427226e-01 -2.063720e+00 -1.498103e+00 1.234963e-06 2.422032e-01 -4.218109e-01 -5.057043e-01 1.710700e-01 -3.109990e-02 -7.303534e-01 -4.457584e-02 4.793775e-01 3.266548e-01 -8.209940e-01 -8.620950e-02 8.149000e-01 2.735698e-07 
-9.369702e+00 2.227083e+00 -4.056137e+00 4.188595e+00 1.402375e+00 3.886156e+00 1.923680e+00 1.720568e-01 4.562741e+00 2.937515e+00 1.571247e+00 -1.993402e+00 -1.512926e-01 4.419308e-01 -1.898707e-01 -1.460418e-01 1.418818e+00 2.327477e-01 -1.177783e+00 -2.130098e-01 1.886293e+00 1.293602e+00 -1.737745e+00 -1.744882e+00 5.078619e-02 1.234963e-06 3.872392e-01 -3.208568e-01 -5.107071e-01 -1.063913e-01 -2.110354e-02 -5.414629e-01 3.184119e-01 7.369336e-02 -7.950891e-01 -9.030279e-01 9.661635e-01 1.420387e+00 2.735698e-07 
-8.962399e+00 2.882160e+00 -5.106510e+00 7.820469e+00 4.728438e+00 1.520622e+00 2.701533e+00 4.861433e-03 4.769932e+00 3.403910e+00 6.276170e+00 -2.087110e+00 -1.512926e-01 1.040515e+00 -1.131236e+00 -8.443988e-01 7.480279e-01 1.322194e-01 -1.576101e+00 6.081188e-01 2.744493e+00 -4.608048e-01 -3.360505e+00 1.851931e-02 2.625598e+00 1.234963e-06 3.867314e-01 -3.543031e-01 -3.361229e-01 -5.963184e-01 -4.421449e-01 9.851000e-03 5.724089e-01 -2.034903e-01 -1.058908e+00 -9.101959e-01 8.686620e-01 1.291020e+00 1.585746e-05 
-6.935289e+00 3.126368e+00 -5.873657e+00 7.934761e+00 4.354540e+00 1.168735e+00 4.242589e+00 4.061896e+00 -2.676785e-01 -3.165752e+00 5.713410e+00 8.801597e-01 -1.512926e-01 1.507263e+00 -8.418670e-01 -1.141791e+00 1.214031e-01 -2.601907e-01 -9.273890e-01 1.576052e+00 1.467561e+00 -1.859801e+00 -3.689484e+00 2.019689e+00 3.612222e+00 1.234963e-06 9.335884e-02 -2.949071e-01 -2.483229e-02 -8.295550e-01 -5.924441e-01 2.048944e-01 2.956095e-01 -9.130745e-01 -8.813178e-01 -1.384401e-01 3.856174e-01 3.316029e-01 3.836309e-03 
-5.511386e+00 -1.512721e+00 -8.413675e+00 7.384305e+00 3.210112e+00 -3.796937e-01 3.276255e+00 8.477890e+00 -2.098140e+00 -9.135988e+00 8.075194e+00 6.601968e+00 -1.512926e-01 1.430782e+00 -1.545569e+00 -1.025470e+00 -1.290871e+00 -1.765143e+00 4.853444e-01 2.187539e+00 7.691090e-01 -1.909025e+00 -4.217782e+00 3.972071e-01 3.176236e+00 7.698486e-05 -5.307085e-01 2.201664e-01 2.877856e-01 -6.791178e-01 -3.584585e-01 -3.151046e-01 8.374400e-02 -1.463594e+00 -5.038617e-01 1.300790e+00 -4.324705e-01 -9.157071e-01 1.238947e-02 
-3.558985e+00 2.151551e-01 -8.111958e+00 5.013672e+00 8.607299e-01 1.994800e-01 9.516654e+00 3.273261e+00 -1.302356e+00 -9.239894e+00 1.076978e+01 1.172337e+01 -1.512926e-01 7.134637e-01 -1.457291e+00 -1.797061e-01 -1.709496e+00 -1.780878e+00 -1.183913e+00 4.752471e-01 -1.691235e+00 -2.388864e+00 -2.001445e+00 -6.236864e-03 1.433375e+00 1.914071e-02 -1.121072e+00 6.816874e-01 2.065682e-01 -3.668213e-01 6.895216e-02 -8.050891e-01 -1.149460e-01 -1.269972e+00 2.219038e-03 2.018706e+00 -7.974277e-01 -1.537714e+00 2.178296e-02 
-3.496451e+00 -3.389693e+00 -9.114977e+00 2.826794e+00 -2.350430e+00 4.431831e+00 1.100204e+01 4.245271e+00 -4.257482e+00 -1.464810e+01 5.733750e+00 8.372581e+00 -1.509061e-01 -1.215926e+00 2.773151e-01 1.135322e-01 -1.732088e+00 -8.998130e-01 -3.023185e+00 1.577160e+00 -2.994193e+00 -2.715551e+00 2.299547e+00 -1.130874e+00 -8.636389e-01 5.237808e-02 -1.255063e+00 1.266768e+00 -1.429573e-01 4.071277e-02 4.213459e-01 -7.043909e-01 -2.504010e-01 -8.428711e-01 1.005450e+00 1.804675e+00 -2.271746e-01 -1.370070e+00 2.526057e-02 
-4.375806e+00 -3.222175e+00 -6.421619e+00 1.666113e+00 -1.769459e+00 -7.156652e+00 2.755733e+00 -2.278344e+00 -1.113228e+01 -1.041710e+01 6.852490e+00 7.161566e+00 -5.579365e-02 -2.774702e+00 1.655140e+00 -6.785122e-01 -1.492021e+00 -3.479562e-01 -3.198519e+00 1.306618e+00 -3.000541e+00 -1.445513e+00 3.145364e+00 -1.203375e+00 -2.056403e+00 8.276220e-02 -9.136416e-01 1.215099e+00 -5.449603e-01 3.276451e-01 2.909510e-01 5.763722e-01 6.238667e-03 5.634217e-02 1.831603e+00 3.138348e-01 -2.010951e-02 -7.857987e-01 1.501955e-02 
-1.118320e+01 1.592144e+00 -8.691039e+00 3.976026e-01 2.598819e-02 -1.181791e+01 1.454267e+01 -3.717183e+00 -1.076113e+01 2.950110e+00 4.379397e+00 4.564591e+00 6.284215e-02 -3.100443e+00 3.232107e+00 -1.490898e+00 -1.195981e+00 -3.747929e-01 -2.029240e+00 5.199068e-01 -2.790222e+00 2.646474e+00 2.232134e+00 -1.400834e-01 -1.929221e+00 9.456656e-02 -1.639610e-01 4.760885e-01 -3.477108e-01 7.626976e-01 3.199227e-01 1.643583e+00 -4.596239e-01 7.553269e-01 1.695690e+00 -1.272473e+00 1.661284e-01 1.617566e-02 -3.192027e-03 
-1.358939e+01 5.999449e+00 -1.171633e+01 -1.232359e+00 -2.067472e+00 -7.668204e+00 1.427996e+01 -7.748448e+00 -5.278069e+00 -2.312073e+00 5.430335e+00 3.345642e+00 1.556532e-01 -2.912761e+00 3.140848e+00 -2.102301e+00 -3.393461e-01 -5.885249e-01 1.201021e+00 1.035154e+00 -1.511597e+00 4.088138e+00 -3.986851e-01 -6.022893e-01 -1.962752e+00 7.314197e-02 2.480427e-01 -3.216641e-01 2.302545e-01 9.793500e-01 4.979995e-01 1.599012e+00 -3.388545e-01 1.063946e+00 6.910739e-01 -9.371158e-01 2.087074e-01 4.329838e-01 -1.938849e-02 
-1.439182e+01 8.160045e+00 -1.392216e+01 -1.703658e+00 -4.075521e+00 -5.458891e+00 7.839852e+00 -6.971200e+00 6.047668e+00 -7.540016e+00 5.745051e+00 6.345561e-01 2.162096e-01 -1.966982e+00 1.914815e+00 -9.130169e-01 1.504963e+00 8.200079e-01 2.994956e+00 -5.851429e-01 3.786121e-02 2.996044e+00 -2.290874e+00 -6.006570e-01 -8.296578e-01 4.122601e-02 2.917122e-01 -8.815249e-01 7.455840e-01 8.148080e-01 6.647971e-01 8.343957e-01 -1.943390e-01 8.971857e-01 -7.192283e-01 5.313161e-02 3.436415e-01 5.219968e-01 -2.605000e-02 
-1.733481e+01 9.198141e+00 -1.431768e+01 1.020348e+00 -2.661346e+00 -4.330911e+00 1.128281e+01 -8.209884e+00 9.040600e-01 -7.165720e+00 3.158954e+00 -6.871691e-01 2.332504e-01 -2.101438e+00 7.055209e-01 1.837260e-01 2.054188e+00 1.544686e+00 2.284368e+00 1.649363e-01 9.049484e-01 1.835299e+00 7.212807e-01 7.048007e-02 -4.412638e-01 1.249155e-02 3.626751e-01 -9.012852e-01 9.418635e-01 3.106543e-01 4.198421e-01 -2.742850e-01 -4.784623e-01 5.666417e-01 -1.074203e+00 7.689769e-01 8.905747e-01 5.331008e-01 -2.105117e-02 
-1.914499e+01 9.567451e+00 -1.195536e+01 6.796291e+00 4.423052e+00 1.487750e+00 1.311538e+01 -3.297097e+00 1.127904e+00 -6.077861e+00 2.512006e+00 2.432374e+00 2.301761e-01 -2.047557e+00 4.217446e-02 1.093811e+00 1.681333e+00 1.882636e+00 1.600959e+00 -1.665499e-02 4.872739e-01 1.768363e-01 1.937873e+00 1.241773e+00 -8.009063e-02 -5.355966e-03 3.956176e-01 -7.494696e-01 4.854434e-01 -4.903498e-01 -5.122079e-01 -9.425550e-01 -4.381051e-01 2.254982e-01 -7.833866e-01 7.428535e-01 8.453018e-01 1.025255e-01 -1.009090e-02 
-2.171941e+01 8.823689e+00 -1.178082e+01 4.788725e+00 1.406983e+00 2.805643e-01 1.246644e+01 -5.060738e+00 6.358296e+00 5.634324e-01 7.399430e+00 2.404568e-01 2.111325e-01 -1.059033e+00 -4.292532e-01 1.603647e+00 1.125839e+00 9.793671e-01 5.265178e-01 -1.641473e+00 1.096859e+00 1.267785e-01 1.331712e+00 2.929274e+00 3.279530e-01 -8.819419e-03 6.079985e-01 -4.546421e-01 5.801859e-02 -6.174145e-01 -7.358432e-01 -6.487142e-01 -2.948731e-01 2.605636e-01 -3.489579e-01 -1.040868e-01 1.506086e-01 -2.011658e-01 2.485305e-03 
-2.243718e+01 8.558489e+00 -9.721117e+00 4.818610e+00 3.303509e+00 2.401787e-01 7.165030e+00 -6.110054e+00 4.204398e+00 -1.715011e+00 9.834102e+00 -2.295907e-01 2.004864e-01 -5.100719e-01 -1.265028e+00 8.041536e-01 -4.826287e-01 -1.458401e+00 -8.387969e-01 -1.872430e+00 1.069775e+00 -6.665917e-02 1.118235e+00 2.196383e+00 -7.017555e-01 1.427858e-03 6.912752e-01 -1.315583e-01 -3.845675e-01 -4.015751e-01 -5.468413e-01 -1.053041e-01 1.741984e-01 3.634366e-01 2.623938e-01 -1.777314e-01 -5.915287e-01 -3.507094e-01 1.070641e-02 
-2.098450e+01 7.556380e+00 -7.416971e+00 7.638734e+00 2.795352e+00 -1.074389e+00 6.050742e+00 -1.319517e+00 -6.027854e-04 -2.688337e+00 1.414408e+01 2.283501e+00 2.040000e-01 1.699067e-01 -9.142091e-01 6.187845e-01 4.910587e-02 -4.640446e-01 2.607412e-01 -3.815908e-01 1.916550e+00 2.122343e-01 6.107223e-01 3.461986e-01 -1.136299e+00 2.152683e-02 5.487782e-01 1.032965e-01 -6.445549e-01 -3.765361e-01 -3.426678e-01 2.893848e-01 5.370351e-01 -7.346515e-02 2.631637e-01 -3.134457e-01 -1.073850e+00 -1.033057e-01 1.048943e-02 
-2.206308e+01 3.875699e+00 -1.011619e+01 2.958451e+00 -3.563370e+00 -2.028930e+00 6.961411e+00 1.810458e-01 3.973829e+00 1.139242e+00 1.012113e+01 -2.097690e+00 2.408749e-01 7.943667e-01 -3.730763e-01 -3.364246e-01 2.117747e-01 -1.299409e-01 1.207267e+00 2.243595e-01 1.894333e+00 1.445921e+00 1.409687e+00 -4.242353e-01 -1.101507e+00 3.299873e-02 6.462728e-01 2.388118e-01 -2.579174e-01 -8.903477e-02 -1.430945e-01 7.563249e-02 9.729706e-02 -5.240156e-01 -1.465769e-01 -7.127836e-01 -8.119826e-01 6.054126e-01 1.057581e-03 
-2.105699e+01 6.594116e+00 -8.489443e+00 5.964753e+00 2.520075e+00 2.718416e+00 1.066024e+01 1.376583e+00 7.534518e+00 2.189711e+00 8.986007e+00 -4.507250e+00 2.985854e-01 1.032490e+00 -3.587454e-01 -1.048964e+00 -1.104006e+00 -1.398259e+00 9.502801e-01 -4.659624e-03 3.169456e-01 6.862340e-01 -3.812699e-01 -1.129514e+00 1.121668e-02 2.784353e-02 1.148345e+00 1.014654e-02 3.609884e-01 -1.800450e-01 -4.608991e-01 -6.311058e-01 -5.423013e-01 -9.389198e-01 -3.684106e-01 -1.172917e+00 -6.939354e-01 8.939373e-01 5.870606e-03 
-1.842889e+01 7.174217e+00 -1.086710e+01 6.714713e+00 2.791358e+00 4.380175e+00 5.981893e+00 2.014202e+00 7.666775e+00 2.894222e+00 1.029177e+01 -2.341782e+00 3.181911e-01 2.290090e+00 -3.486565e-01 3.486099e-01 -3.512985e-01 -1.706837e+00 -8.054880e-01 -1.574483e+00 -7.505153e-01 -1.036589e+00 -1.949649e+00 -1.125842e+00 1.751554e+00 3.557272e-03 1.773618e+00 -5.739725e-01 1.302364e+00 -4.540107e-01 -1.980745e-01 -9.268474e-01 -9.154444e-01 -3.954425e-01 -4.313371e-01 -9.494341e-01 -1.130099e+00 6.845854e-01 2.314835e-02 
-1.763918e+01 4.113481e+00 -1.228594e+01 2.409066e-01 -7.373320e+00 4.727874e-01 6.516575e+00 -6.507361e-01 1.584238e+00 -5.471745e+00 8.410816e+00 2.461847e+00 3.045584e-01 5.163785e+00 -8.756878e-01 2.081108e+00 -5.695021e-01 -1.980012e+00 -1.888372e+00 -2.193629e+00 -1.455738e+00 -3.886977e-01 -3.574206e+00 -2.772671e+00 1.906767e+00 6.560064e-02 1.850611e+00 -9.642181e-01 1.569958e+00 -5.649790e-01 4.695143e-01 -3.351642e-01 -8.475659e-01 7.962729e-01 1.092864e-01 2.808619e-01 -1.346170e+00 1.059560e-01 4.050401e-02 
-1.232155e+01 3.372717e+00 -6.475288e+00 4.064208e+00 -7.150886e+00 -4.933252e+00 1.160964e+00 -2.558201e+00 1.766132e+00 -4.778255e+00 4.779996e+00 3.175609e+00 2.556670e-01 7.596772e+00 -2.984501e+00 4.610522e+00 -2.325480e+00 -8.294432e-01 -2.007497e+00 -3.258355e+00 8.035978e-01 -1.732108e-01 -1.741116e+00 -5.253185e+00 1.373706e+00 1.298618e-01 7.448465e-01 -1.085125e+00 7.143936e-01 -1.076124e+00 5.972996e-01 5.445070e-01 -2.496460e-01 1.646917e+00 2.460206e-01 1.065361e+00 -1.059496e+00 -5.293221e-01 4.048243e-02 
1.708292e+00 4.116479e+00 -2.799343e-01 4.442621e+00 -2.408496e+00 -2.066811e+00 2.102396e+00 -3.616506e+00 8.541656e+00 -1.184462e+01 -2.121725e+00 2.268009e+00 6.578482e-01 7.632147e+00 -3.861778e+00 4.669828e+00 -2.941610e+00 5.106429e-01 -1.245077e-01 -3.400639e+00 3.521233e+00 8.007710e-01 9.186904e-01 -5.796733e+00 7.300476e-01 1.672107e-01 -1.114534e+00 -6.561658e-01 -5.561398e-01 -8.665851e-01 4.785375e-01 1.005628e+00 3.213566e-01 1.693090e+00 -3.322254e-01 1.322931e+00 3.630064e-02 -6.773310e-01 4.451273e-03 
9.881481e+00 -7.749871e+00 6.181959e+00 -7.013552e+00 -3.838033e+00 -4.387889e+00 -8.102464e+00 7.514270e+00 3.322152e+00 -2.624577e+00 -1.070777e+01 4.623537e+00 7.908721e-01 4.780233e+00 -4.281157e+00 2.626185e+00 -4.545705e+00 3.431358e-02 1.035171e+00 -2.219188e+00 4.995577e+00 -4.013313e-01 1.130594e+00 -4.911224e+00 -3.066013e-01 1.551665e-01 -2.309034e+00 3.374977e-01 -1.589964e+00 4.071277e-02 3.266017e-01 1.043646e+00 1.032986e+00 4.808295e-01 -6.677476e-01 2.994457e-01 1.119070e+00 -6.007311e-01 -2.564842e-02 
9.420498e+00 -9.634554e+00 4.734707e+00 -8.928636e+00 -6.476825e+00 -4.222708e-01 -5.854846e+00 1.191888e+01 4.809962e+00 -1.955489e+00 -1.282886e+01 5.387930e+00 8.730195e-01 9.995722e-01 -3.508093e+00 2.925981e-01 -3.792269e+00 -1.918497e-02 1.618307e+00 -1.106387e+00 4.913481e+00 -1.935722e+00 1.604625e+00 -2.762197e+00 -6.396521e-01 7.520825e-02 -2.149081e+00 7.890232e-01 -1.476229e+00 6.095777e-01 3.355365e-01 4.910814e-01 1.036988e+00 -6.688509e-01 -9.490176e-01 -4.314790e-01 1.288743e+00 -2.451758e-01 -3.805560e-02 
7.723215e+00 -1.115764e+01 4.148411e+00 -1.197896e+01 -4.945288e+00 -5.797434e-01 -5.956411e+00 1.465213e+01 1.624908e+00 -4.070202e+00 -1.442221e+01 8.251475e-02 9.239135e-01 -6.320815e-01 -1.473800e+00 -1.150673e+00 -1.696669e+00 1.068531e+00 2.339420e+00 7.594449e-01 2.511535e+00 -2.143581e+00 -5.866569e-01 -1.175082e+00 -9.450313e-01 4.762267e-02 -1.071880e+00 8.892084e-01 -7.099984e-01 1.077230e+00 4.570851e-01 5.872440e-02 6.832117e-01 -1.242239e+00 -4.202506e-01 -4.300985e-01 9.818441e-01 3.381480e-01 -3.202942e-02 
7.784642e+00 -1.172017e+01 2.199650e+00 -1.203630e+01 -1.950724e+00 4.120956e+00 -4.502271e+00 1.738239e+01 -2.884937e-01 -3.098843e+00 -1.407529e+01 1.340005e+00 9.673764e-01 -4.072235e-01 -1.320403e+00 -8.229109e-01 -1.318420e+00 1.671264e+00 1.678679e+00 2.950399e-01 1.418895e+00 -3.073345e+00 -3.800340e-01 -1.221058e+00 -1.765357e-01 3.070519e-02 -1.337478e-01 5.844239e-01 1.176912e-02 8.080199e-01 1.665715e-01 -4.647762e-01 1.780113e-01 -1.286452e+00 1.231959e-01 -3.763119e-01 4.313727e-01 4.312234e-01 -1.656301e-02 
7.538932e+00 -1.407613e+01 1.695886e+00 -1.394291e+01 -7.586752e-01 5.037302e+00 -4.981287e+00 1.734044e+01 -4.846393e+00 -4.986459e+00 -1.595963e+01 1.922275e+00 9.817997e-01 1.242145e-01 -9.288840e-01 -3.662212e-01 -3.966300e-01 1.474666e+00 1.298635e+00 4.961006e-01 5.314957e-01 -1.933815e+00 -2.746048e-02 -7.725900e-01 1.152603e+00 1.727221e-02 1.564511e-01 2.623011e-01 3.092257e-01 4.393450e-01 -2.687567e-01 -7.942839e-01 -2.623685e-01 -8.020704e-01 5.204128e-01 2.307906e-02 2.003042e-01 2.427254e-01 -1.109066e-02 
7.476398e+00 -1.477705e+01 1.846519e+00 -1.453819e+01 -2.139578e-01 5.162529e+00 -4.867027e+00 1.766944e+01 -7.320846e+00 -3.397571e+00 -1.816547e+01 3.585200e+00 9.975932e-01 -4.725410e-02 -8.584908e-01 -4.103750e-02 -4.023146e-01 6.105593e-01 -1.852269e-01 -8.456719e-02 -5.289828e-01 -1.424537e+00 -5.564331e-01 -8.065958e-01 4.675730e-01 7.567808e-03 5.172050e-02 3.268487e-01 1.951335e-01 3.698374e-01 -4.141462e-01 -7.066920e-01 -2.089113e-01 -4.867722e-01 9.002813e-01 -7.424659e-02 3.132854e-01 -2.189504e-01 -7.314566e-03 
8.498530e+00 -1.427321e+01 2.494152e+00 -1.271074e+01 1.559369e+00 5.392633e+00 -3.293255e+00 1.716606e+01 -4.528400e+00 -4.058001e+00 -1.623988e+01 4.722911e+00 9.951512e-01 -2.989434e-02 -3.932541e-01 4.516863e-03 4.210936e-02 2.549514e-01 -7.001258e-01 -3.625827e-01 -5.249625e-01 -3.658141e-01 -3.830676e-01 -3.807080e-01 -5.350064e-02 3.734021e-03 -2.362204e-02 2.616091e-01 9.967376e-02 1.259917e-01 -4.205599e-01 -4.720797e-01 -3.634312e-01 -7.651431e-02 6.336907e-01 3.194615e-02 8.981591e-02 -5.499053e-01 -4.106682e-03 
7.068541e+00 -1.591412e+01 1.595765e+00 -1.466339e+01 -5.665646e-02 3.017395e+00 -5.768906e+00 1.482472e+01 -7.570629e+00 -6.345102e+00 -1.796771e+01 2.277455e+00 9.985418e-01 -7.149226e-02 4.595780e-02 -3.258559e-02 3.114749e-01 2.103692e-01 -8.554512e-01 -3.201376e-01 -4.868768e-01 6.441616e-01 -5.735112e-01 1.493734e-01 -6.682250e-01 9.018171e-04 7.730015e-02 2.483844e-01 1.319871e-01 4.664733e-02 -3.358562e-01 -6.758607e-02 -3.127300e-01 2.234654e-01 5.595237e-01 3.474979e-01 -1.078810e-01 -4.959649e-01 -2.912716e-03 
7.593165e+00 -1.547412e+01 1.844264e+00 -1.366950e+01 4.376753e-01 2.609156e+00 -6.342651e+00 1.613831e+01 -6.551002e+00 -5.427664e+00 -1.796206e+01 2.308439e+00 9.999999e-01 1.825443e-02 -7.304557e-02 1.280007e-01 -1.236204e-01 -4.281166e-01 -7.267265e-01 -1.203273e+00 1.279977e-01 2.003158e-01 1.408490e-01 -8.015630e-01 -1.029038e+00 7.277653e-05 1.471205e-01 1.981380e-01 2.292846e-01 -6.545909e-02 -2.644220e-01 1.078479e-01 -2.146119e-01 1.171803e-01 4.806860e-01 5.463438e-01 -2.610287e-01 -4.068165e-01 -4.178607e-03 
7.571583e+00 -1.394675e+01 2.008427e+00 -1.250155e+01 1.398688e+00 2.276679e+00 -4.942712e+00 1.574879e+01 -3.088945e+00 -5.580374e+00 -1.655742e+01 1.451471e+00 9.997013e-01 3.153356e-01 2.233164e-01 5.571859e-01 -8.630571e-02 -7.270791e-01 -5.099879e-01 -1.227725e+00 2.619328e-01 1.090034e+00 9.191399e-01 -1.135499e+00 -1.524423e+00 -5.158174e-03 1.991050e-01 1.499291e-01 1.949804e-01 -1.532175e-01 -1.706066e-01 1.356612e-01 -3.489721e-01 -1.907854e-01 2.021876e-01 7.402518e-01 -2.957272e-01 -3.471435e-01 -7.195889e-03 
8.338044e+00 -1.562235e+01 2.927109e+00 -1.440976e+01 -1.308923e+00 2.129224e+00 -9.723112e+00 1.734404e+01 -5.767708e+00 -3.736445e+00 -2.095272e+01 -9.303214e-03 9.949404e-01 5.123525e-01 5.085576e-01 8.561543e-01 -8.615994e-02 -5.984903e-01 -3.336131e-01 -9.818202e-01 -3.133747e-01 1.814680e+00 1.602377e+00 -1.043412e+00 -1.659536e+00 -1.412612e-02 2.170679e-01 3.126244e-01 -1.707300e-02 1.171711e-01 1.689600e-01 1.057469e-01 -2.866809e-01 -8.520912e-01 1.050263e-01 6.468022e-01 3.156173e-01 -2.901788e-01 -1.189263e-02 
8.273296e+00 -1.472307e+01 3.840379e+00 -1.472477e+01 -2.818954e+00 7.072745e-01 -1.021775e+01 1.553186e+01 -2.511883e+00 -2.595452e+00 -2.214999e+01 -4.186076e+00 9.752644e-01 6.769427e-01 5.046597e-01 5.783873e-01 -4.733000e-01 -5.574048e-01 -3.736299e-01 -2.175728e+00 -1.220240e+00 8.478491e-01 2.396960e+00 -1.208272e+00 -2.088671e+00 -2.797573e-02 2.050080e-01 4.826625e-01 -1.884921e-01 5.329161e-01 4.858357e-01 -3.005154e-03 -2.862279e-01 -1.406749e+00 -1.929249e-01 4.755132e-01 9.991331e-01 2.995236e-03 -1.642155e-02 
9.804006e+00 -1.254320e+01 5.208706e+00 -1.298900e+01 -4.459159e-01 1.725994e+00 -8.614684e+00 1.468030e+01 2.233994e+00 1.091619e+00 -2.038317e+01 -3.170410e+00 9.415868e-01 9.225997e-01 1.349377e+00 3.216464e-02 6.559072e-01 3.318774e-01 -2.660702e-01 -2.162625e+00 -3.391132e+00 8.465381e-01 2.635717e+00 8.130292e-01 -2.197915e+00 -4.798212e-02 9.259716e-02 6.569294e-01 -2.233579e-01 9.389462e-01 4.738489e-01 -2.661811e-01 -7.730703e-02 -1.386348e+00 -2.072450e-01 4.160969e-02 1.200087e+00 1.166538e-01 -1.601038e-02 
1.022348e+01 -1.296306e+01 3.759200e+00 -1.557812e+01 -1.819845e+00 6.102238e-01 -1.637612e+01 1.097983e+01 -2.850371e+00 3.990740e+00 -2.288396e+01 -7.411418e+00 8.864764e-01 1.135175e+00 2.216222e+00 2.672104e-02 2.207237e+00 1.236894e+00 -5.587946e-01 -2.068508e+00 -5.232793e+00 6.093595e-01 2.779870e+00 2.931859e+00 -1.240135e+00 -7.033675e-02 -7.338493e-02 6.586209e-01 4.474612e-02 1.143445e+00 3.824663e-01 -5.277063e-01 6.811731e-01 -5.845633e-01 3.173646e-01 -4.470362e-01 9.889607e-01 2.640307e-01 -9.344068e-03 
1.197611e+01 -9.755801e+00 3.128705e+00 -1.070358e+01 -1.488252e-01 8.475285e-01 -1.745720e+01 2.664406e+00 -1.365763e+00 6.149140e+00 -1.652070e+01 -9.386071e+00 7.994100e-01 7.462180e-01 2.937465e+00 1.526082e-02 3.268228e+00 8.735064e-01 -1.571938e+00 -1.421958e+00 -5.238718e+00 8.976686e-01 1.618894e+00 2.886835e+00 -1.500537e+00 -7.299642e-02 -3.040461e-01 1.715731e-01 2.869688e-01 5.587680e-01 1.109712e-02 -6.787786e-01 9.871927e-01 8.314835e-01 4.291541e-01 -7.866938e-01 1.129201e-02 2.049445e-01 3.603749e-03 
1.286321e+01 -5.035738e+00 5.013875e+00 -4.831924e+00 3.217178e+00 -1.646989e+00 -1.613930e+01 -4.624472e+00 2.334548e+00 8.775115e+00 -9.421785e+00 -7.278792e+00 6.946704e-01 3.983677e-01 3.003845e+00 8.104567e-01 3.937852e+00 1.084004e+00 -2.359321e+00 8.597446e-01 -3.219111e+00 2.409057e+00 6.701587e-01 2.699531e+00 -1.117190e+00 -6.219364e-02 -4.292150e-01 -4.969690e-01 3.108593e-01 -3.781214e-01 -2.792839e-01 -4.140019e-01 9.343019e-01 1.897021e+00 2.889810e-01 -8.294363e-01 -8.670257e-01 1.309627e-01 1.646046e-02 
1.221518e+01 -1.819480e+00 4.658038e+00 -2.021089e+00 1.402990e+00 -5.004944e+00 -1.584290e+01 -3.711190e+00 4.129783e+00 6.793827e+00 -1.268026e+01 -1.073916e+01 6.724998e-01 -2.290403e-01 1.813468e+00 1.075188e+00 2.584466e+00 4.638754e-01 -2.759605e+00 1.309202e+00 -2.405884e-01 2.092620e+00 -2.427348e-01 9.856423e-01 -1.234727e+00 -3.403572e-02 -3.095048e-01 -1.070093e+00 2.547065e-01 -1.142055e+00 -3.605817e-01 2.644229e-01 5.115901e-01 2.034887e+00 -2.425577e-01 -4.791065e-01 -8.695185e-01 6.060445e-01 2.292178e-02 
1.209564e+01 -1.912451e+00 7.046972e+00 -2.303929e-01 2.824232e+00 -8.259900e+00 -1.288433e+01 -1.928372e+00 6.447321e+00 7.018955e+00 -1.130669e+01 -1.232047e+01 6.389627e-01 -5.233373e-01 2.933656e-01 1.051121e+00 6.585308e-01 4.524057e-02 -2.034792e+00 1.237322e+00 1.753204e+00 1.456766e+00 -4.365491e-01 -4.525281e-01 -7.183404e-01 -7.519046e-03 -1.395874e-01 -1.252625e+00 8.073495e-02 -1.520363e+00 -5.724514e-01 8.270922e-01 -9.561686e-02 1.543028e+00 -9.919780e-01 -2.631635e-01 -6.225683e-01 1.059821e+00 2.371057e-02 
1.121463e+01 -2.250485e+00 7.488048e+00 -8.217791e-02 2.366767e+00 -9.643970e+00 -1.253862e+01 1.139279e-01 7.041036e+00 5.813415e+00 -1.065014e+01 -1.303876e+01 6.570752e-01 -3.405685e-01 -1.057862e+00 1.168445e+00 -8.025732e-01 -4.100216e-01 -4.121432e-01 9.472185e-01 2.449540e+00 1.612230e-01 -2.231849e-01 1.152316e-01 1.330350e+00 1.427588e-02 5.702520e-03 -1.016579e+00 1.495476e-01 -1.292614e+00 -5.054404e-01 1.015282e+00 -1.172866e-01 8.814317e-01 -1.248355e+00 -1.769881e-01 -1.572696e-02 1.325551e+00 1.935067e-02 
1.074700e+01 -3.353276e+00 8.854570e+00 -2.508946e+00 2.961563e+00 -9.501837e+00 -1.160451e+01 2.228140e+00 8.163138e+00 7.082322e+00 -1.269947e+01 -9.721225e+00 6.648051e-01 -2.439435e-01 -1.823702e+00 1.167442e+00 -1.970553e+00 -1.341351e+00 6.022723e-01 5.627210e-01 3.150954e+00 -1.585079e+00 -6.553065e-01 2.178386e-02 2.899340e+00 3.220336e-02 -6.741846e-02 -5.357206e-01 1.854344e-01 -7.886634e-01 -3.478872e-01 6.709675e-01 1.170792e-01 3.118912e-01 -1.148884e+00 -3.571972e-01 3.830442e-01 9.783462e-01 1.323819e-02 
1.118640e+01 -6.387877e+00 9.596010e+00 -4.894522e+00 -7.159703e-01 -6.444426e+00 -1.174660e+01 6.458363e+00 4.077905e+00 5.646143e+00 -1.140727e+01 -5.387266e+00 7.309657e-01 -3.402410e-01 -2.210865e+00 1.764950e+00 -2.564090e+00 -1.370023e+00 9.983928e-01 1.060067e+00 3.467701e+00 -2.628188e+00 -1.018217e+00 6.699331e-01 3.584190e+00 4.285463e-02 -2.178497e-01 2.048799e-02 9.946956e-02 -2.795100e-01 -7.303259e-03 3.526317e-02 4.127547e-01 -1.620361e-01 -5.287551e-01 -5.136722e-01 3.220906e-01 1.821045e-01 5.121381e-03 
1.089033e+01 -8.961912e+00 1.182980e+01 -7.677087e+00 -2.341213e+00 -6.847969e+00 -1.046678e+01 1.065383e+01 3.560265e-03 3.826222e+00 -1.081908e+01 -1.649557e+00 7.630446e-01 -8.605425e-01 -1.808684e+00 1.680001e+00 -2.404045e+00 -1.214248e+00 6.148787e-01 1.766409e+00 2.803526e+00 -2.893018e+00 -1.824934e+00 1.185324e+00 3.046441e+00 4.438226e-02 -2.076305e-01 4.629791e-01 -1.796608e-01 1.353407e-01 3.094840e-01 -2.949949e-01 5.335242e-01 -5.810059e-01 2.597248e-01 -4.327002e-01 2.784261e-01 -4.348926e-01 -2.840790e-03 
9.441527e+00 -1.049999e+01 1.482488e+01 -1.031830e+01 -1.831827e+00 -5.979208e+00 -7.807046e+00 1.323906e+01 -2.020323e+00 2.350292e+00 -8.240892e+00 8.461530e-01 8.222132e-01 -1.121594e+00 -9.628194e-01 1.409540e+00 -1.983380e+00 -5.101128e-01 -2.420138e-01 2.409084e+00 1.812872e+00 -1.828575e+00 -2.206832e+00 1.144109e+00 2.167349e+00 3.378990e-02 8.812700e-03 6.637340e-01 -5.306668e-01 3.690651e-01 3.510176e-01 -3.643281e-01 2.758274e-01 -7.224291e-01 6.647947e-01 -2.566326e-01 -9.856771e-03 -6.910531e-01 -9.282932e-03 
7.316464e+00 -1.034104e+01 1.464042e+01 -1.181701e+01 -2.551972e+00 -6.660442e+00 -4.742512e+00 1.285553e+01 -3.252585e+00 -3.945448e-01 -8.356157e+00 2.394589e+00 8.410810e-01 -8.913315e-01 -1.328912e-01 4.467380e-01 -1.584287e+00 -2.238256e-01 -2.525385e-01 2.555796e+00 1.073161e+00 -6.861840e-01 -2.224585e+00 1.176755e+00 1.433285e+00 2.252841e-02 2.924739e-01 5.911516e-01 -5.654305e-01 4.885694e-01 3.312018e-01 -1.287654e-01 -1.173621e-01 -5.674299e-01 6.153158e-01 1.050068e-01 -2.373871e-01 -6.711019e-01 -1.236135e-02 
7.364611e+00 -1.051285e+01 1.523799e+01 -1.274103e+01 -3.160900e+00 -7.748349e+00 -2.563255e+00 1.442261e+01 -3.437041e+00 -3.277922e+00 -6.918180e+00 3.427636e+00 8.608976e-01 -2.809558e-01 2.699777e-01 -2.716744e-01 -1.128640e+00 -1.100975e-01 -3.895904e-01 2.044517e+00 7.204437e-01 -4.077673e-01 -2.101555e+00 6.249095e-01 9.353764e-01 7.361600e-03 3.909206e-01 4.214211e-01 -4.272436e-01 6.101874e-01 3.411097e-01 1.074477e-01 -3.752477e-01 -4.705100e-01 2.894429e-01 4.202930e-01 -3.449805e-01 -4.904128e-01 -1.311058e-02 
7.472524e+00 -9.619558e+00 1.385704e+01 -1.438715e+01 -2.795912e+00 -7.226153e+00 -3.097774e-01 1.542818e+01 -2.719074e+00 -4.482675e+00 -5.596599e+00 4.226414e+00 8.563475e-01 1.813707e-01 5.305699e-01 -3.064848e-01 -3.886132e-01 2.417516e-01 4.481215e-02 1.361889e+00 5.124528e-01 -5.269526e-01 -1.352589e+00 2.580557e-01 3.070415e-01 -4.207092e-03 3.022487e-01 2.283935e-01 -1.318289e-01 7.142049e-01 4.224075e-01 5.612315e-02 -4.798969e-01 -4.827793e-01 6.406764e-02 5.685912e-01 -3.200121e-01 -3.577962e-01 -1.326282e-02 
7.959517e+00 -9.510736e+00 1.385839e+01 -1.467631e+01 -2.260104e+00 -7.644411e+00 1.990250e-01 1.555523e+01 -4.326012e+00 -6.113677e+00 -6.496110e+00 4.607289e+00 8.513934e-01 2.966657e-01 8.123717e-01 -3.500336e-01 4.696251e-01 9.625832e-01 1.465891e-01 1.129825e+00 -2.594198e-01 -4.610431e-01 -5.413774e-01 -1.214483e-01 2.783784e-01 -1.839336e-02 1.482631e-01 1.400106e-01 3.055478e-02 6.512823e-01 3.716738e-01 1.955565e-02 -3.712082e-01 -5.332357e-01 7.089408e-02 5.985907e-01 -7.760524e-02 -1.641072e-01 -1.180512e-02 
7.926313e+00 -8.189016e+00 1.379795e+01 -1.279273e+01 -1.793423e+00 -6.488255e+00 6.853660e-01 1.485049e+01 -5.442990e+00 -5.739381e+00 -7.276968e+00 3.339974e+00 8.247957e-01 3.312214e-01 7.378513e-01 -1.734030e-01 1.187642e+00 1.351759e+00 -2.400477e-01 6.137474e-01 -8.508079e-01 -3.393550e-01 -1.618384e-01 -5.003625e-02 -2.718106e-02 -3.090893e-02 9.202591e-02 8.369002e-02 5.291380e-02 3.558139e-01 1.556462e-01 -9.685008e-02 -2.011344e-01 -5.322919e-01 7.346042e-02 5.058313e-01 6.665678e-02 8.338676e-02 -8.713520e-03 
8.620832e+00 -7.166343e+00 1.351743e+01 -1.118982e+01 1.150754e+00 -7.384252e+00 2.588248e+00 1.341465e+01 -4.380772e+00 -5.356426e+00 -6.685392e+00 5.262861e+00 7.847233e-01 3.857573e-01 8.663703e-01 -1.855795e-01 1.339670e+00 1.193274e+00 -1.494893e-01 5.624442e-01 -1.264039e+00 -1.471092e-01 2.961251e-01 3.908141e-01 2.818937e-01 -3.831138e-02 8.897920e-02 1.743796e-01 2.703246e-02 1.335522e-01 -1.443772e-01 2.410783e-02 -9.856154e-02 -5.423832e-01 9.871983e-04 4.373370e-01 1.288969e-01 1.608894e-01 -3.950843e-03 
8.797367e+00 -7.102506e+00 1.316070e+01 -1.019270e+01 2.257394e+00 -8.556062e+00 1.564784e+00 1.224428e+01 -4.388458e+00 -5.670897e+00 -5.751979e+00 3.762412e+00 7.351468e-01 5.971860e-01 9.220887e-01 -1.241241e-01 9.552994e-01 9.046265e-01 -2.912831e-01 6.398604e-01 -1.646590e+00 -3.165906e-01 7.577965e-01 3.353167e-01 7.221157e-01 -3.781480e-02 1.271265e-01 4.111565e-01 5.796502e-03 3.943073e-01 -4.119347e-01 6.450050e-01 -3.585612e-01 -1.263220e+00 1.855065e-01 5.128400e-01 1.418435e-01 1.596256e-01 4.510077e-04 
9.452595e+00 -5.722090e+00 1.324909e+01 -9.277971e+00 1.680725e+00 -7.358268e+00 2.572134e+00 1.053877e+01 -5.589337e+00 -4.667265e+00 -5.304483e+00 5.805079e+00 7.046666e-01 6.086500e-01 1.592314e+00 -2.395858e-01 1.253671e+00 4.643125e-01 2.926622e-01 6.239896e-01 -2.573345e+00 -4.674791e-01 1.185536e+00 3.304199e-01 7.082348e-01 -3.469222e-02 1.438199e-01 4.669773e-01 -1.962540e-02 8.603742e-01 -6.719285e-01 1.168506e+00 -8.173641e-01 -2.007870e+00 6.577116e-01 3.196754e-01 2.501205e-01 -8.060112e-02 2.660324e-03 
1.049631e+01 -4.300544e+00 1.331133e+01 -8.972252e+00 2.464466e+00 -7.957791e+00 3.892970e+00 8.056006e+00 -6.421627e+00 -2.294756e+00 -6.291008e+00 6.679049e+00 6.757498e-01 8.554534e-01 2.430726e+00 -1.173912e-01 3.202199e+00 -3.434981e-01 2.763760e+00 -1.209824e+00 -6.512053e+00 7.483295e-01 1.957647e+00 6.895204e-01 5.577986e-01 -3.046285e-02 6.466901e-02 3.303471e-01 -1.324414e-01 1.136697e+00 -9.198912e-01 1.321679e+00 -1.015299e+00 -1.845393e+00 9.740890e-01 -1.030779e-01 4.037507e-01 -3.371228e-01 3.167400e-03 
1.081452e+01 -6.057254e-01 1.224427e+01 -5.531806e+00 3.368949e+00 -6.219956e+00 4.544354e+00 2.641634e+00 -5.701419e+00 -1.116767e+00 -4.764324e+00 7.345958e+00 6.409655e-01 9.756616e-01 2.446891e+00 -2.870024e-01 4.518125e+00 -1.542233e+00 4.165391e+00 -2.599533e+00 -8.870624e+00 2.608930e+00 1.294522e+00 1.464307e+00 -3.898882e-02 -2.868693e-02 -4.685319e-02 -1.155655e-01 -1.500020e-01 6.412423e-01 -8.765000e-01 7.024326e-01 -5.523434e-01 -4.644843e-01 7.096542e-01 -4.058866e-01 1.982939e-01 -4.444168e-01 3.325637e-03 
1.239337e+01 2.493141e+00 1.307636e+01 3.945071e+00 -3.042832e-01 4.693868e+00 -5.470558e+00 -1.636770e+01 -5.907952e-01 2.342027e+00 -2.575436e+00 5.781274e+00 6.146840e-01 7.368830e-01 2.146402e+00 -7.626015e-01 5.006569e+00 -2.691664e+00 4.380857e+00 -2.824861e+00 -7.725087e+00 3.015709e+00 1.879262e-01 1.787089e+00 -5.899874e-01 -2.498361e-02 -2.292113e-01 -4.475684e-01 -2.461253e-01 -4.598233e-01 -2.151037e-01 -6.910846e-01 6.781529e-01 1.710369e+00 -2.263898e-01 -4.783631e-01 -1.594261e-01 -3.985110e-01 3.416742e-03 
1.338230e+01 3.115657e+00 1.193173e+01 6.854446e+00 -4.646046e+00 7.142991e+00 -5.744003e+00 -2.160289e+01 4.540004e+00 -5.130128e-01 1.592617e-01 6.059373e+00 5.917755e-01 4.335785e-01 1.156656e+00 -6.669087e-01 3.557563e+00 -2.744114e+00 2.996344e+00 -1.330239e+00 -4.289111e+00 1.947095e+00 4.085204e-02 7.730385e-01 -9.398936e-01 -2.080474e-02 -2.702784e-01 -4.106237e-01 -3.629742e-01 -1.109171e+00 8.426527e-01 -1.564102e+00 1.329756e+00 2.749844e+00 -1.130355e+00 -1.675900e-01 -4.793919e-01 -2.086588e-01 3.706843e-03 
1.289697e+01 4.571049e+00 9.654640e+00 9.867614e+00 -6.986211e+00 7.265087e+00 -5.087247e+00 -1.844715e+01 3.536068e+00 -1.657154e+00 1.829926e-01 4.372643e+00 5.754374e-01 -1.957675e-02 8.379379e-01 -1.157836e+00 1.383253e+00 -8.180791e-01 -1.070437e-01 1.546341e+00 -2.511678e-01 -5.259532e-02 1.925328e-01 2.379243e-01 -9.842403e-01 -1.732024e-02 -1.371119e-01 -2.187494e-01 -3.749704e-01 -1.262535e+00 1.583091e+00 -1.634686e+00 1.114380e+00 2.383291e+00 -1.108541e+00 -1.659971e-01 -3.782718e-01 -8.543093e-02 3.220146e-03 
1.273039e+01 4.138758e+00 1.062023e+01 9.294946e+00 -7.010789e+00 7.476094e+00 -2.298599e+00 -1.776459e+01 1.970441e+00 1.086896e+00 -2.278235e+00 3.350932e+00 5.565519e-01 2.368607e-03 1.047971e+00 -1.904182e+00 7.840307e-01 1.734291e+00 -1.411177e+00 1.863664e+00 1.141715e+00 -1.508681e+00 4.542102e-01 -1.579024e-01 -8.851813e-01 -1.397883e-02 -2.793821e-02 -2.164669e-02 -2.909965e-01 -7.976466e-01 1.285279e+00 -9.452562e-01 3.159203e-01 1.427886e+00 -5.961983e-01 -4.023291e-01 1.156287e-01 -1.271840e-01 2.023782e-03 
1.262193e+01 6.171680e+00 7.942653e+00 9.641050e+00 -3.212515e+00 3.992285e+00 5.383895e-01 -1.954261e+01 4.310735e-01 2.504576e+00 -1.667549e-01 2.213976e+00 5.456774e-01 2.666955e-01 1.107129e+00 -2.018928e+00 8.073591e-02 2.984601e+00 -1.588824e+00 1.150032e+00 1.476024e+00 -7.991716e-01 -8.487837e-01 3.612971e-01 -1.044361e+00 -1.229129e-02 -2.831905e-02 -6.401204e-02 3.390378e-01 -3.966161e-01 -2.866716e-02 1.829839e-01 -4.398040e-01 5.823957e-01 4.466617e-02 -3.129148e-01 1.532622e-01 -1.834264e-01 -7.285085e-05 
1.353172e+01 7.555523e+00 3.266711e+00 1.088816e+01 2.138496e+00 1.723803e+00 7.615399e-01 -1.534715e+01 -1.450945e+00 -3.225194e-01 -4.560452e-01 2.712363e+00 5.367354e-01 1.507454e-01 9.139487e-01 -1.691452e+00 2.205203e-01 1.780884e+00 -9.891492e-01 4.474732e-01 1.986586e+00 -6.606784e-01 -1.450226e+00 1.289518e+00 -1.545695e+00 -1.320029e-02 -1.880808e-01 -1.255610e-01 9.355335e-01 -2.902410e-01 -1.235130e+00 6.179421e-01 -4.089227e-01 4.697687e-02 4.728330e-01 5.546785e-02 -2.248171e-02 7.462991e-02 -2.885144e-03 
1.382945e+01 8.398254e+00 3.236494e+00 9.474258e+00 3.362190e+00 2.196847e+00 -8.674093e-01 -1.227531e+01 1.250874e+00 -5.196239e+00 1.077984e+00 -5.303607e-01 5.238757e-01 -2.352636e-01 5.849124e-01 4.311235e-01 -3.182108e-01 -9.846064e-01 5.967208e-01 5.540946e-02 2.238375e+00 -2.533033e-01 -4.196957e-01 2.806355e-01 -1.571203e+00 -1.807353e-02 -3.851647e-01 -6.870222e-02 1.059580e+00 -9.374991e-02 -1.315588e+00 3.705237e-01 -4.044679e-01 -2.822604e-01 7.118099e-01 5.308928e-01 -1.647736e-01 6.470754e-01 -5.472071e-03 
1.288037e+01 7.595368e+00 4.515974e+00 1.048147e+01 -1.393411e+00 3.428139e+00 6.419078e-01 -1.146450e+01 -1.742679e+00 -2.313648e+00 3.547688e+00 -3.005289e+00 5.014591e-01 -6.869449e-01 6.812157e-01 1.548352e+00 -4.677612e-01 -2.456778e+00 5.856178e-01 3.663661e-01 9.955080e-01 5.825428e-01 5.169050e-01 -2.301306e-01 -2.485540e-01 -2.551385e-02 -4.090940e-01 2.475528e-02 6.443558e-01 2.990047e-02 -3.124134e-01 -1.629817e-01 -5.176113e-01 -5.359218e-01 8.511104e-01 7.776316e-01 3.609961e-02 8.729932e-01 -7.415262e-03 
1.177079e+01 9.076466e+00 9.473339e+00 8.253403e+00 -6.369602e+00 6.123958e+00 8.753124e-01 -1.029174e+01 -6.894274e-01 1.401761e+00 -7.656763e-01 -2.783113e+00 4.729464e-01 -1.240328e+00 8.800133e-01 1.659086e+00 -4.388938e-02 -1.474485e+00 -5.237509e-01 -8.317859e-01 5.602717e-01 2.138149e+00 8.220642e-01 2.970943e-01 1.542439e+00 -3.349705e-02 -2.397479e-01 -4.532823e-02 -2.856365e-01 2.181807e-01 7.668839e-01 -3.401165e-01 -3.185438e-01 -2.775414e-01 4.184268e-01 5.704496e-01 7.365826e-01 3.598144e-01 -7.135951e-03 
1.112608e+01 1.062226e+01 7.889886e+00 9.159655e+00 -5.279553e+00 2.688675e+00 1.722014e+00 -1.136143e+01 2.432220e+00 -1.036870e+00 -6.848783e-01 2.596362e+00 4.346485e-01 -1.392144e+00 8.902168e-01 9.161772e-01 2.329100e-01 4.637006e-01 -1.243823e+00 -1.697021e+00 1.459826e-01 2.399164e+00 1.816978e+00 1.461859e+00 1.262478e+00 -4.257021e-02 6.168577e-02 -2.215558e-01 -7.371049e-01 -3.420099e-02 9.724284e-01 1.462663e-01 1.209026e-02 8.785021e-02 -4.772231e-01 2.135358e-01 6.622000e-01 -5.141105e-01 -3.972420e-03 
8.504618e+00 1.128462e+01 9.844510e+00 9.916076e+00 -2.067472e+00 -5.191270e-02 -5.566264e+00 -9.525273e+00 9.853977e+00 -1.724456e+00 4.679988e+00 4.380956e+00 3.897977e-01 -1.081470e+00 2.538125e-01 -6.808042e-01 4.223987e-01 1.389610e+00 -1.890435e-01 -5.055121e-01 1.275650e+00 9.305637e-01 1.782484e+00 3.117394e+00 -5.277939e-01 -4.522566e-02 3.228775e-01 -3.245090e-01 -7.464467e-01 -3.098332e-01 3.998051e-01 6.299978e-01 6.632031e-01 -1.072964e-01 -1.532037e+00 -4.591422e-01 -1.945668e-01 -8.006492e-01 2.771874e-04 
7.552214e+00 1.094230e+01 8.910945e+00 1.081466e+01 -1.226278e+00 2.968438e-01 -4.622391e+00 -1.111753e+01 4.981607e+00 8.333911e+00 8.133956e+00 -2.749330e-01 3.301899e-01 -4.581563e-01 -1.135159e-01 -9.670231e-01 -8.719552e-01 9.734228e-01 1.149555e+00 2.637597e-01 1.076969e+00 -1.199753e+00 1.104527e+00 1.670790e+00 -1.784013e+00 -3.951075e-02 1.958044e-01 -5.047731e-01 -5.752317e-01 -4.407189e-01 -1.338943e-01 6.947289e-01 1.069606e+00 -2.513331e-01 -1.249586e+00 -1.195430e+00 -9.235163e-01 -2.348391e-01 1.444781e-03 
8.150994e+00 1.018568e+01 5.558680e+00 9.538067e+00 -1.448097e+00 6.374724e+00 1.520349e+00 -4.035393e+00 2.688407e+00 5.628432e+00 1.041212e+01 -3.986192e+00 2.990421e-01 -9.294630e-02 -2.407738e-01 -1.131621e+00 -1.040600e+00 2.696373e-01 1.429673e+00 1.503803e+00 -4.415969e-01 -3.722547e+00 -1.117427e+00 -7.800713e-01 -9.374599e-01 -3.364014e-02 -2.137874e-01 -6.913806e-01 -6.250035e-01 -4.491736e-01 -1.626449e-01 2.597528e-03 5.687847e-01 -4.097445e-01 -3.192911e-01 -1.066883e+00 -1.015871e+00 5.665484e-01 -8.403041e-03 
9.012088e+00 1.060426e+01 5.197882e+00 4.988634e+00 -7.218077e-01 5.222951e+00 -5.021653e-01 -8.721658e+00 1.572918e-02 8.090272e-01 4.803163e+00 -2.140009e+00 2.824756e-01 -9.073811e-01 -1.386325e+00 -1.734571e+00 -1.239272e+00 3.543433e-01 1.420420e+00 2.646315e+00 -2.518026e-01 -1.522269e+00 -2.710300e+00 -1.206911e+00 2.931607e-01 -4.113517e-02 -5.892307e-01 -9.270427e-01 -9.792765e-01 -2.010193e-01 -1.757375e-01 -6.008413e-01 -1.116993e-01 6.287609e-02 5.047582e-01 -4.352489e-01 1.796634e-02 7.936398e-01 -1.909239e-02 
7.310377e+00 1.024952e+01 6.043051e+00 7.626215e+00 -9.712778e-01 4.633446e+00 -1.071354e-01 -1.293150e+01 -6.275920e+00 -3.548707e+00 2.444768e+00 6.262434e-01 2.454425e-01 -1.925875e+00 -2.566728e+00 -3.422088e+00 -1.639822e+00 8.859195e-01 -3.115228e-01 1.147080e+00 -1.089808e-01 -5.047841e-01 -1.644602e+00 -5.229880e-01 1.266444e+00 -8.642519e-02 -5.618737e-01 -7.261725e-01 -8.686045e-01 -1.871990e-01 -3.156865e-01 -8.839269e-01 -8.560601e-01 5.105951e-01 9.078263e-01 3.153746e-01 8.305459e-01 4.882333e-01 -2.056447e-02 
3.435459e+00 3.978524e+00 -3.923850e-03 5.574224e+00 3.071029e-01 8.269718e+00 9.422901e+00 -7.928828e+00 1.852595e+00 -6.291193e-01 6.082933e+00 -1.115275e+00 1.513139e-01 -2.487774e+00 -3.585824e+00 -4.718096e+00 -1.577436e+00 -2.134231e-01 -9.840603e-01 -1.163088e-01 1.225081e+00 -2.850065e-01 -8.079985e-01 1.632023e+00 1.082117e+00 -1.085778e-01 -1.461886e-01 1.238641e-01 -6.455016e-03 -4.359062e-02 -4.965499e-01 -7.591671e-01 -1.144298e+00 2.615800e-01 3.337378e-01 5.658302e-01 6.043424e-01 -8.866680e-04 -6.971721e-03 
1.309289e+00 6.650113e-01 -8.951264e+00 1.046195e+00 2.466924e+00 3.293833e+00 2.292830e+00 -4.976242e+00 -7.534744e-01 -1.875198e+00 7.157036e+00 1.833480e+00 -6.751142e-02 -2.111919e+00 -2.771946e+00 -3.982923e+00 -1.807447e+00 -1.024905e+00 -1.787751e+00 -1.395107e+00 1.372769e+00 1.978129e-01 -4.917160e-01 1.953173e+00 1.109338e+00 -1.027451e-01 2.227170e-01 9.091224e-01 1.227069e+00 3.098820e-01 -4.480720e-01 -1.453233e-01 -2.322800e-01 2.464794e-01 3.724381e-01 4.697789e-01 2.486719e-03 -5.260270e-01 1.706104e-02 
-4.267316e-01 -2.532395e+00 -1.089552e+01 3.911409e-01 -3.507762e+00 9.727553e-01 -2.283951e+00 -6.573886e+00 -4.170058e+00 -4.067840e+00 1.060761e+01 2.666642e+00 -1.039296e-01 -1.545270e+00 -6.642791e-01 -1.486457e+00 -1.373372e+00 -1.172900e+00 -1.637283e+00 -1.804148e+00 3.150413e-01 -2.049140e-01 -4.577844e-01 5.766214e-01 3.673422e-01 -6.783280e-02 3.426811e-01 1.226171e+00 1.755415e+00 4.461332e-01 7.381764e-02 3.283535e-01 6.596166e-01 9.808668e-02 2.237448e-01 3.068792e-01 -6.919250e-01 -7.099661e-01 2.773361e-02 
-1.317708e+00 -3.550912e-01 -8.425853e+00 1.180679e+00 -4.188275e+00 -6.570710e-01 -1.229235e+00 -6.744677e+00 -2.275229e+00 -4.288246e+00 9.948236e+00 4.281959e+00 -1.406464e-01 -1.283564e+00 5.181880e-01 1.097392e+00 -1.925652e-01 -8.747246e-01 -7.115756e-01 8.295716e-01 1.578644e+00 1.317320e+00 5.291517e-01 1.715908e-02 -1.006233e+00 -2.149069e-02 2.727972e-01 8.484192e-01 1.303743e+00 4.747898e-01 7.089835e-02 2.756282e-01 7.634352e-01 -1.294391e-01 -4.068030e-01 2.401370e-01 -5.391794e-01 -4.097956e-01 2.585275e-02 
-2.976806e+00 1.166708e+00 -7.698844e+00 -1.359977e+00 -2.229996e+00 2.058471e+00 2.163432e+00 -5.468839e+00 1.589042e+00 -1.711468e+00 7.570631e+00 -5.027775e-01 -1.512926e-01 -1.188576e+00 8.999618e-01 1.518841e+00 -1.543759e-01 8.055660e-02 1.197570e-01 2.069431e+00 1.612498e+00 2.740914e-01 2.160152e-01 -8.595087e-01 -1.409950e+00 -1.053642e-02 1.894571e-01 2.133618e-01 2.991693e-01 3.342300e-01 -1.384955e-02 -1.755878e-01 2.267495e-01 -5.169008e-01 -6.412631e-01 2.678533e-01 -5.026461e-02 1.421119e-01 1.550265e-02 
-3.833472e+00 1.406203e+00 -5.062764e+00 9.593658e-01 -2.545827e+00 -8.073431e-01 4.217197e+00 2.364174e+00 2.953562e+00 -4.075330e-01 8.761694e+00 -1.613284e+00 -1.512926e-01 -9.263785e-01 6.879799e-01 1.033071e+00 -4.316058e-02 -1.297293e+00 -1.288119e+00 4.853048e-01 7.679339e-02 -2.075645e+00 3.720779e-01 -2.459996e-02 -5.106698e-02 -2.128179e-03 1.079576e-01 -8.604049e-02 -4.591486e-01 1.204230e-01 2.444192e-01 -2.797877e-01 -7.368763e-01 -1.018343e+00 -3.049709e-01 4.004350e-01 -1.765944e-01 1.761914e-01 5.351543e-03 
-5.111830e+00 1.087019e+00 -4.982486e+00 -2.699708e-01 -3.926516e+00 1.646475e+00 5.339786e+00 -3.065780e+00 -5.414169e+00 -4.928209e+00 6.903907e+00 -1.435315e+00 -1.512926e-01 -7.765278e-01 3.175561e-01 4.147607e-02 2.229982e-01 -1.031024e+00 -2.226896e+00 -4.983149e-01 -1.518791e+00 -1.714633e+00 9.599251e-01 3.460625e-01 6.001623e-01 1.234963e-06 1.029433e-01 -1.371326e-01 -4.079985e-01 2.394801e-01 7.232714e-01 1.914379e-01 -9.490061e-01 -4.734139e-01 8.897594e-01 7.620744e-01 -4.111207e-01 -2.692346e-01 2.319876e-03 
-4.881615e+00 3.124654e+00 -4.618531e+00 4.198146e-01 -9.826545e+00 -6.891798e+00 -3.913226e-01 -7.562077e+00 -9.151948e+00 -8.192192e-01 1.015842e+01 4.492800e+00 -1.512926e-01 -9.497979e-01 3.792360e-01 -4.596220e-01 2.209576e-01 9.029656e-01 -9.373354e-01 -1.570885e+00 -1.947256e+00 7.867071e-01 2.159327e+00 -1.468483e+00 -1.130440e+00 1.234963e-06 9.824627e-02 -1.138355e-01 -1.277961e-01 2.567961e-01 1.206104e+00 1.255147e+00 -1.781055e-01 4.819185e-01 1.434592e+00 6.992614e-01 -6.163362e-01 -7.304138e-01 4.258337e-04 
-6.335401e+00 1.895475e+00 -7.713727e+00 2.484383e-02 -3.744636e+00 -6.033369e+00 1.975927e+00 -8.099619e+00 -9.315248e-01 3.294100e+00 8.602358e+00 -5.545432e-01 -1.512926e-01 -6.620516e-01 3.686886e-01 2.251261e-01 9.109882e-01 2.596736e+00 9.015890e-01 -1.647470e+00 2.574894e-01 3.291623e+00 3.132668e+00 -2.193213e+00 -2.216573e+00 1.234963e-06 2.067218e-01 3.828759e-02 1.799212e-01 2.071652e-01 6.203885e-01 1.354945e+00 3.427998e-01 9.915646e-01 6.668478e-01 1.617137e-01 -4.206242e-02 -2.542486e-01 2.735698e-07 
-7.971257e+00 2.898012e+00 -5.995427e+00 1.916504e+00 1.878273e+00 -1.653876e+00 -1.955329e+00 -4.855789e+00 4.645681e+00 6.277841e+00 5.694664e-01 -7.705387e+00 -1.512926e-01 -4.922208e-01 9.330694e-02 3.021960e-01 8.968494e-01 2.919301e+00 3.423344e+00 1.692731e-01 1.598322e+00 2.594270e+00 2.782004e+00 -1.836697e+00 -2.294721e+00 1.234963e-06 3.582320e-01 8.995641e-02 1.520490e-01 2.033850e-01 -2.020553e-01 5.283492e-01 7.630577e-01 6.130326e-01 -4.208152e-01 -5.738304e-01 1.054538e+00 6.268985e-01 2.735698e-07 
-6.877735e+00 3.044108e+00 -3.168574e+00 3.536369e+00 3.204581e+00 3.535521e+00 -2.115001e+00 -3.132299e+00 4.145154e+00 7.186621e+00 7.327572e-01 -6.419179e+00 -1.512926e-01 2.808070e-02 6.520954e-01 5.600510e-01 9.208999e-01 1.062675e+00 2.367409e+00 3.456049e-01 1.666453e+00 7.157919e-01 1.457326e+00 3.198101e-01 -8.892391e-02 1.234963e-06 2.708296e-01 1.529278e-01 1.098323e-01 6.839386e-02 -5.834651e-01 -6.207509e-01 5.489648e-01 -1.818557e-01 -1.049721e+00 -1.188527e+00 1.249581e+00 8.909131e-01 2.735698e-07 
-7.071425e+00 3.017117e+00 -5.379815e+00 3.147860e+00 1.295459e+00 5.440533e+00 2.500844e+00 -2.053619e+00 1.280976e+00 1.114487e+01 4.909951e+00 -4.048538e+00 -1.512926e-01 4.963029e-01 6.874067e-01 1.331578e-01 1.232828e+00 6.596871e-01 9.715607e-01 1.247933e+00 4.134297e-01 -2.935420e-02 1.279280e-01 2.547594e+00 9.404240e-01 1.234963e-06 1.963122e-01 2.955552e-01 4.164776e-01 8.298640e-02 -1.864416e-01 -9.448060e-01 8.676419e-02 -6.101908e-01 -8.122321e-01 -1.460912e+00 3.119987e-01 2.437184e-01 2.735698e-07 
-6.644199e+00 5.096738e+00 -5.220613e+00 4.013726e+00 1.860147e+00 2.256956e+00 1.475914e+00 -1.168502e+00 4.329610e+00 8.146959e+00 8.031688e+00 -2.827699e+00 -1.512926e-01 1.977478e-01 8.364475e-01 8.588761e-01 1.085026e+00 8.091683e-01 -9.763114e-01 5.579228e-01 -5.946922e-02 -6.451843e-01 -1.482809e+00 1.862718e+00 6.204428e-01 1.234963e-06 1.985972e-01 3.235810e-01 4.309752e-01 -7.251550e-03 2.960376e-01 -1.967979e-01 7.740163e-02 -4.919268e-01 -2.743802e-01 -8.665507e-01 -7.059974e-01 -5.060759e-01 2.735698e-07 
-5.606018e+00 5.308384e+00 -4.303284e+00 7.842278e+00 5.848903e+00 3.843579e+00 2.488636e+00 -3.770518e+00 4.406466e+00 6.437242e+00 9.658381e+00 -4.798951e+00 -1.512926e-01 4.045910e-01 1.478814e+00 2.235248e+00 1.229767e+00 2.113764e+00 3.711923e-01 4.968387e-01 -5.897084e-01 -7.865380e-01 -3.052424e+00 -1.048036e+00 -1.430862e+00 1.234963e-06 2.359194e-01 2.701822e-01 1.446470e-01 -1.672003e-01 1.730735e-01 3.934346e-01 -3.257063e-02 -7.491713e-02 1.528627e-01 2.323319e-01 -1.006785e+00 -3.750390e-01 2.735698e-07 
-6.622063e+00 6.079995e+00 5.873340e-01 6.614152e+00 4.973915e+00 -5.478107e-01 6.809714e-01 -2.570786e+00 -6.436339e-01 2.126344e+00 7.671770e+00 -2.941432e+00 -1.512926e-01 1.066882e+00 1.874345e+00 1.664100e+00 8.862089e-01 1.815850e+00 1.683652e+00 1.108141e+00 -2.917927e-01 -2.774979e-01 -1.285175e+00 -1.412306e+00 -1.433656e+00 1.234963e-06 2.950763e-01 -1.299678e-02 -5.207124e-01 -1.480959e-01 -1.307539e-01 6.163914e-01 3.043785e-02 8.915699e-02 5.454089e-01 1.300365e+00 -2.776743e-01 2.249409e-01 2.735698e-07 
-5.059811e+00 9.919625e+00 2.892382e+00 7.996550e+00 1.030741e+01 8.698620e+00 5.382756e+00 -4.301467e+00 -1.648832e-01 -1.106927e+00 -1.503693e-01 -1.114610e+01 -1.512926e-01 1.241299e+00 1.519398e+00 4.539007e-01 4.961536e-01 1.021764e+00 1.608823e+00 8.100100e-01 1.548693e-01 5.509588e-01 1.190592e+00 -8.487629e-01 9.224854e-02 1.234963e-06 5.673487e-02 -4.562568e-01 -8.940264e-01 -1.839066e-01 -5.753265e-01 -1.574291e-01 -2.359042e-01 1.817935e-01 4.819179e-01 1.605563e+00 6.556061e-01 9.663394e-01 2.735698e-07 
-1.582788e+00 1.216291e+01 -4.982172e-01 8.368097e+00 8.710129e+00 8.247177e+00 5.569772e+00 -2.361642e+00 5.227548e+00 5.493433e+00 5.874441e+00 -6.822725e+00 -1.512926e-01 1.254728e+00 7.512649e-01 -8.539968e-01 7.112962e-01 7.013845e-01 1.486691e+00 5.536783e-01 1.416337e-02 1.412906e+00 2.897506e+00 3.746274e-01 9.836891e-01 1.234963e-06 -1.591371e-01 -5.990764e-01 -6.709977e-01 -1.075701e-01 -5.270255e-01 -5.928375e-01 -4.242501e-01 9.271435e-02 2.338049e-01 1.003185e+00 7.683058e-01 9.351939e-01 2.735698e-07 
-1.919256e+00 9.863929e+00 -1.490863e+00 9.445988e+00 9.089557e+00 7.490182e+00 4.093659e+00 -3.101137e+00 4.225854e+00 1.070681e+01 6.312896e+00 -2.397326e+00 -1.512926e-01 5.945657e-01 -2.410031e-01 -9.759048e-01 3.976194e-01 -2.056431e-01 -3.174213e-01 -4.053970e-01 1.660835e-01 7.780066e-01 2.884136e+00 1.336581e+00 2.192317e+00 1.234963e-06 -1.953802e-01 -4.512975e-01 -2.981432e-01 -5.102915e-02 -3.361658e-01 -5.656745e-01 -3.389678e-01 1.742901e-02 -1.810631e-02 3.373565e-01 5.332568e-01 5.408646e-01 2.735698e-07 
