-6.852147e+00 -3.002007e+00 -1.437957e+00 4.432947e+00 5.541867e+00 6.534322e+00 -4.415911e-01 2.919926e+00 -1.401885e+00 6.210988e+00 2.097630e+00 4.475460e-01 -1.512926e-01 4.971342e-02 7.934991e-01 1.166160e+00 -6.632982e-01 -1.334943e+00 -3.387411e-01 4.609005e-01 2.490673e+00 -6.976474e-01 -4.032460e-01 1.038517e+00 2.820803e-02 -8.498736e-07 3.722497e-02 -1.271014e-01 -3.768523e-01 6.570669e-02 2.881455e-01 1.313156e-01 1.858658e-01 -1.938526e-01 1.552453e-01 -1.315589e-01 -3.052892e-01 -3.738996e-01 -1.185372e-07 
-6.710998e+00 -7.788171e-01 2.757395e+00 1.534982e+00 1.915957e+00 6.533563e+00 1.863936e+00 1.131577e+01 -1.920489e+00 7.362531e+00 6.748163e+00 1.810949e+00 -1.512926e-01 1.188099e-01 5.191953e-01 2.112803e-01 -6.053907e-01 -1.542490e+00 1.726933e-02 1.177176e+00 2.613670e+00 -4.479745e-01 -2.446525e-01 6.800914e-01 -9.022524e-01 -8.498736e-07 5.100129e-03 -1.932611e-01 -5.314566e-01 1.389367e-01 8.218181e-01 9.647781e-02 -2.908118e-01 -9.149757e-01 3.015002e-01 -5.610668e-02 -4.792467e-01 -3.299939e-01 -1.185372e-07 
-6.673881e+00 -1.461231e-01 2.294507e+00 2.565163e+00 6.802496e-01 4.840786e+00 7.099476e-01 1.117533e+01 -4.630679e+00 3.619297e+00 4.965258e+00 -9.309500e-02 -1.512926e-01 2.013301e-01 2.952312e-01 -2.406441e-01 -3.637187e-01 2.095756e-01 1.399419e-01 1.032014e+00 1.459904e+00 -4.618929e-02 -1.140324e+00 -3.087715e-01 -1.376116e+00 -8.498736e-07 -2.959127e-02 -2.692528e-01 -4.567610e-01 1.565333e-01 8.844797e-01 -5.692608e-02 -5.783141e-01 -1.342323e+00 3.520032e-01 2.181678e-01 -3.555384e-01 -5.122864e-02 -1.185372e-07 
-6.347145e+00 -1.834246e+00 -2.248316e+00 2.339637e+00 2.604597e-01 7.467247e+00 4.868350e+00 1.186064e+01 -2.027770e+00 6.284001e+00 4.064666e+00 -3.793708e+00 -1.512926e-01 -5.899585e-04 7.627763e-02 -7.878666e-01 -1.182979e-01 2.001896e+00 -9.574790e-02 -1.278736e+00 -1.568883e+00 4.840737e-01 -3.152874e-01 -6.840466e-01 -9.196047e-01 -8.498736e-07 -8.798062e-02 -2.046991e-01 -1.210979e-01 1.087058e-01 4.152936e-01 -7.979507e-02 -7.014373e-01 -1.292009e+00 1.964733e-01 2.068664e-01 -2.087603e-01 2.934465e-01 -1.185372e-07 
-6.027206e+00 -9.984764e-01 -1.382011e-01 2.212025e+00 7.417630e+00 6.766984e+00 3.216076e+00 9.947264e+00 -1.579862e+00 1.048303e+00 1.896111e+00 -3.631044e+00 -1.512926e-01 -3.860009e-02 -3.312160e-01 -6.181576e-01 -1.241221e-01 1.315373e+00 -5.668799e-01 -1.202735e+00 -2.129785e+00 5.963372e-01 7.228919e-01 -5.718391e-02 -2.192989e-01 -8.498736e-07 -1.235703e-01 -1.654106e-01 4.085922e-02 1.379979e-01 -5.209044e-01 5.207564e-02 -4.597350e-01 -6.062257e-01 5.649100e-02 2.943597e-01 2.838229e-02 3.680828e-01 -1.185372e-07 
-7.037210e+00 2.879078e-02 3.471895e-02 1.120126e+00 8.556643e+00 5.091666e+00 -5.783077e+00 4.085693e+00 -1.025662e+00 7.071052e+00 4.862716e+00 -1.018248e+00 -1.512926e-01 -2.010970e-01 -1.910345e-01 -2.053968e-01 -1.817618e-01 -1.887166e-02 -2.828416e-02 -1.212560e+00 -2.051429e+00 2.131023e-01 -1.419482e-01 -4.895162e-01 -1.348917e-02 -8.498736e-07 -7.728660e-02 -1.087302e-01 2.287263e-01 1.640386e-02 -1.168641e+00 5.549530e-02 1.656137e-01 5.059378e-01 7.638124e-02 9.175659e-02 1.299081e-01 2.586436e-01 -1.185372e-07 
-6.521752e+00 -2.733848e+00 -1.937957e+00 2.554258e+00 3.109013e+00 3.194312e+00 2.208697e-02 4.413566e+00 -2.150376e+00 6.839938e+00 4.280005e+00 -2.577357e+00 -1.512926e-01 -3.162578e-01 -3.982188e-01 -3.275161e-01 3.580168e-01 -1.384648e+00 3.663477e-01 -1.299831e+00 -1.330038e+00 3.718102e-01 2.448427e-01 -2.640958e-01 1.120110e-02 -8.498736e-07 -1.372135e-02 8.986661e-02 2.749442e-01 -2.047883e-01 -7.572251e-01 -5.040735e-02 6.002324e-02 8.456503e-01 -9.785945e-02 -1.805182e-02 1.676884e-01 1.384591e-01 -1.185372e-07 
-7.105694e+00 -1.921546e+00 -2.375559e+00 1.259803e+00 2.320556e+00 9.112203e+00 4.027685e-01 4.370272e+00 -6.766301e-01 2.678171e+00 4.252925e-01 -4.388086e+00 -1.512926e-01 -2.482917e-01 -4.338759e-01 2.104496e-01 -2.774265e-01 -2.491446e+00 -2.848939e-01 -4.021747e-01 5.610319e-01 9.783354e-01 3.825036e-01 6.892896e-02 2.582764e-01 -8.498736e-07 9.882252e-02 1.620979e-01 5.610956e-02 -3.753096e-01 -5.804661e-02 -2.558542e-01 1.441091e-01 7.542831e-01 -2.080868e-01 1.470307e-01 1.686224e-01 -7.836255e-03 -1.185372e-07 
-7.574625e+00 -2.014479e+00 -5.705013e-01 3.932242e+00 3.612352e+00 6.588597e+00 -6.375691e+00 3.154875e+00 1.044899e-01 4.469013e+00 2.794474e+00 -1.890390e+00 -1.512926e-01 -8.367531e-02 2.395314e-01 5.485621e-01 -1.100249e+00 -1.234440e+00 -6.906666e-01 -1.307826e+00 7.920548e-01 -2.756630e-01 3.704389e-01 5.020272e-01 3.370090e-01 -8.498736e-07 1.431385e-01 2.022090e-01 -9.013034e-02 -2.720365e-01 5.498182e-01 -2.251574e-02 5.908021e-01 3.822719e-01 -3.192792e-01 -1.163945e-01 -1.134456e-01 -7.152177e-02 -1.185372e-07 
-7.752892e+00 -2.500421e+00 4.029898e-01 -9.557821e-01 -4.151863e+00 1.969895e+00 -4.594787e+00 7.520166e+00 2.738545e+00 1.016924e+01 5.950114e+00 -7.022033e-02 -1.512926e-01 1.766023e-01 3.005914e-01 -3.628820e-01 -1.329068e+00 -3.841693e-01 -7.790502e-01 -4.880006e-01 6.589435e-01 -5.036253e-01 5.304761e-01 -2.935739e-02 -2.156731e-01 -8.498736e-07 8.581860e-02 1.331505e-01 -2.276168e-01 2.919686e-01 9.182953e-01 3.014438e-01 7.750755e-01 -3.474212e-01 -3.613114e-01 -6.326008e-01 -1.965716e-01 -4.582170e-02 -1.185372e-07 
-6.616375e+00 -1.246923e+00 -5.847754e-01 -1.839325e+00 1.728209e-01 3.311972e+00 -4.018405e+00 6.798953e+00 -5.235800e+00 4.946187e+00 4.027661e+00 -3.051552e+00 -1.512926e-01 1.869173e-01 2.455908e-01 -4.914099e-01 -4.763874e-01 3.108049e-01 5.009038e-01 1.697140e+00 5.324406e-01 -4.835635e-01 -4.110829e-01 -7.820777e-01 -1.094877e-01 -8.498736e-07 -1.521851e-02 -1.330972e-02 -7.495780e-02 6.038801e-01 5.521088e-01 1.935641e-01 9.353039e-01 -4.843107e-01 1.858044e-01 -7.266284e-01 1.798304e-01 1.730908e-01 -1.185372e-07 
-6.701588e+00 -8.019721e-01 -4.182655e+00 -2.499894e+00 2.119279e+00 6.855418e+00 -3.216003e+00 5.843319e+00 -5.243611e-01 5.092214e+00 -3.379817e-01 -4.885520e+00 -1.512926e-01 4.547437e-02 2.286945e-01 -4.076235e-01 8.705488e-01 1.327459e+00 6.265473e-01 1.970704e+00 -1.046418e+00 -7.241674e-01 -2.389790e+00 -2.718821e-01 2.524923e-01 -8.498736e-07 -5.927787e-02 -1.810006e-01 1.164885e-01 5.818306e-01 1.951625e-01 -1.924302e-01 2.745675e-01 -3.478820e-01 3.054254e-02 -2.515591e-01 7.465348e-01 4.970280e-01 -1.185372e-07 
-7.165290e+00 -1.635864e+00 -7.348570e-01 2.322468e+00 2.030764e+00 6.650463e+00 1.420778e+00 6.655344e+00 -6.815739e-01 4.952511e+00 2.028079e+00 -3.028043e-02 -1.512926e-01 -9.427293e-02 2.090015e-01 1.960896e-01 8.192688e-01 6.701959e-01 -4.256393e-01 2.139273e+00 -7.768241e-01 7.637019e-01 -1.802643e+00 1.522418e+00 9.683374e-01 -8.498736e-07 -3.874535e-02 -3.095598e-01 -7.106741e-02 7.142024e-02 -2.711895e-01 -5.581737e-01 -4.658894e-01 1.176159e-01 -1.052580e-01 4.919491e-01 6.727021e-01 4.603087e-01 -1.185372e-07 
-7.250503e+00 -1.162439e+00 -1.559898e+00 1.315953e+00 1.556346e+00 3.433806e+00 2.539240e+00 2.359746e+00 -3.159899e+00 -1.783125e+00 5.590322e+00 -3.182108e-01 -1.512926e-01 2.088789e-02 -5.859432e-01 -1.242213e-01 9.322053e-01 4.120341e-01 -1.277910e+00 6.636654e-01 -4.259066e-01 -9.745274e-01 -3.151017e-02 2.551106e+00 1.730542e+00 -8.498736e-07 2.122671e-02 -3.376845e-01 -2.986814e-02 -2.177712e-01 -5.176432e-01 -2.206958e-01 -6.198919e-01 5.381444e-01 -2.716176e-01 8.734429e-01 -2.366869e-01 2.569326e-01 -1.185372e-07 
-6.812939e+00 -2.189984e-02 -9.159337e-01 3.493460e-01 3.805450e+00 2.894471e+00 3.800114e+00 4.656434e+00 -9.968897e-02 -6.298568e-01 8.675965e+00 -4.935833e-01 -1.512926e-01 5.486012e-03 -8.947387e-01 -9.884318e-01 -1.500299e-01 -5.874456e-01 -1.337823e+00 2.127154e-02 8.102615e-01 -8.847991e-01 8.695239e-01 1.169864e+00 1.453078e+00 -8.498736e-07 1.363799e-01 -3.319655e-01 4.463290e-02 -3.837860e-01 -6.632326e-01 3.354267e-01 -4.926538e-01 2.805378e-01 -2.590187e-01 2.421678e-01 -1.085926e+00 -5.550628e-02 -1.185372e-07 
-6.773208e+00 -4.538997e+00 -4.713243e+00 3.147541e+00 3.291886e+00 2.344128e+00 -1.087494e+00 4.713455e+00 -5.688157e+00 7.725298e+00 9.093716e+00 3.998566e+00 -1.512926e-01 1.015711e-01 -9.076732e-01 3.528141e-02 2.663689e-01 -6.320627e-01 -2.085696e-02 -6.975593e-02 8.507209e-01 -1.258003e+00 6.413266e-01 -1.279126e+00 1.294750e+00 -8.498736e-07 3.820429e-01 -8.636358e-02 6.287885e-02 -6.271081e-01 -7.272531e-01 3.759817e-01 -9.337093e-02 -1.581794e-02 4.678062e-01 -5.370528e-01 -9.670281e-01 -2.666848e-01 1.782701e-03 
-7.376493e+00 -4.421344e+00 -4.100273e+00 6.563122e-01 -1.774222e+00 5.059841e-01 3.340417e+00 9.530164e+00 -3.841649e+00 4.545475e+00 6.126220e+00 5.076580e+00 -1.512926e-01 5.473777e-01 -1.289997e+00 3.394521e-01 -7.666615e-01 -2.123967e+00 6.229575e-01 4.265577e-02 -1.254688e-02 -3.895755e-01 -9.283165e-01 -1.992021e+00 9.085974e-01 -8.498736e-07 5.005755e-01 2.789814e-02 -3.875509e-01 -4.885612e-01 -3.395194e-01 -1.208310e-01 -7.540875e-02 -5.568792e-01 6.808088e-01 -4.638197e-01 4.234559e-02 -2.639129e-01 8.299740e-03 
-6.460588e+00 -3.501404e+00 2.088625e-01 2.494164e+00 1.185926e+00 4.523105e+00 2.420411e+00 4.177033e+00 -7.579160e+00 -1.163947e+00 4.694304e-01 3.370420e+00 -1.512926e-01 1.660269e+00 -8.201617e-01 -4.737269e-01 -1.895089e+00 -2.456097e+00 -3.782291e-01 1.861805e-01 -9.360045e-02 1.116707e+00 -1.817801e+00 -7.031933e-01 6.693780e-01 8.915362e-03 3.641222e-02 2.359743e-01 -1.016472e+00 -2.829807e-01 3.265812e-01 -7.088525e-01 1.893724e-01 -6.640040e-01 8.862520e-01 1.702910e-01 1.062554e+00 -2.856776e-01 2.013975e-02 
-4.232514e+00 -6.990608e+00 -1.679800e+00 -3.157446e+00 -5.761496e+00 4.919731e+00 2.259318e+00 4.861815e+00 -1.101797e+00 -8.264757e-01 3.028093e+00 4.363834e+00 -1.512926e-01 1.729083e+00 -7.989539e-01 -2.671755e+00 -1.512096e+00 -1.373108e+00 -1.763154e+00 -4.837623e-01 -1.501991e+00 1.331890e+00 -2.200076e-01 1.093660e+00 4.462160e-01 3.704251e-02 -8.806642e-01 7.801374e-01 -6.220250e-01 3.885625e-01 1.310843e+00 -5.784779e-01 5.422112e-01 -7.028915e-01 4.314570e-01 6.620864e-01 9.523417e-01 -4.845023e-01 3.104311e-02 
-4.350469e-02 -7.355142e+00 -8.292362e+00 -4.421042e+00 -6.994866e+00 -1.753836e+00 3.840866e-01 6.579316e+00 -1.474559e+00 1.321960e+00 7.126679e+00 7.702084e+00 -1.067053e-01 -3.072145e-01 2.663729e-02 -3.541543e+00 -7.757661e-01 6.255787e-01 -2.372061e+00 1.140283e+00 -1.724517e+00 2.312443e+00 1.138452e+00 2.490730e+00 9.761704e-02 8.217590e-02 -1.671038e+00 1.180700e+00 4.416476e-01 7.305439e-01 1.343960e+00 2.396761e-01 6.745302e-01 -3.408325e-01 6.415759e-02 4.932230e-01 7.410159e-02 -6.069797e-01 3.261694e-02 
-1.939093e+00 -6.489021e+00 -1.320835e+01 -3.446547e+00 -4.549159e+00 -5.171273e+00 1.939889e+00 8.191170e-01 -2.346546e-01 2.202721e+00 8.265349e+00 5.141936e+00 1.163181e-02 -2.872263e+00 2.187274e+00 -1.236943e+00 6.164920e-01 2.889424e+00 -1.272340e+00 2.276634e+00 -2.711456e+00 1.169884e+00 9.039649e-01 1.172800e+00 -1.228060e+00 1.185880e-01 -1.543095e+00 1.212036e+00 1.225679e+00 4.752314e-01 4.714717e-01 7.783263e-01 3.899978e-01 4.884752e-01 -2.217044e-01 -5.113407e-02 -4.825157e-01 -6.573874e-01 2.113375e-02 
-9.143477e+00 -3.618743e+00 -1.173486e+01 -1.240010e+00 3.707587e+00 -2.291654e+00 8.281621e+00 -2.424229e+00 3.549822e+00 3.013918e+00 1.030461e+01 3.469544e+00 1.781225e-01 -4.394223e+00 3.590138e+00 1.016983e+00 6.932781e-01 2.132477e+00 5.746806e-01 2.178671e+00 -1.193016e+00 1.518629e+00 8.635227e-02 -3.722108e-01 -1.528315e+00 1.312267e-01 -4.505935e-01 6.641130e-01 8.410743e-01 1.050041e-01 -7.250013e-01 6.688437e-01 -4.546899e-01 9.524065e-01 -6.158100e-01 -4.845321e-01 -6.252776e-01 -4.455929e-01 1.673107e-03 
-1.404346e+01 2.077693e+00 -6.143095e+00 -1.665540e+00 3.334537e+00 -1.173130e+00 9.693788e+00 -4.193470e+00 2.235266e+00 2.847194e+00 7.302785e+00 3.397083e-01 2.992353e-01 -3.942764e+00 3.479438e+00 1.177435e+00 1.294661e-01 2.308392e-01 6.551419e-01 9.470546e-01 6.747227e-01 6.202464e-01 5.036452e-02 1.124558e-01 -2.027818e+00 1.181889e-01 6.966183e-01 -1.634129e-01 -1.925255e-01 -9.437998e-02 -1.142280e+00 3.200916e-01 -7.981898e-01 1.237520e+00 -5.318528e-01 -5.453541e-01 -8.738700e-02 3.118233e-01 -1.431365e-02 
-1.596257e+01 6.311924e+00 -6.739751e+00 -1.845125e+00 -2.744293e-01 -8.797404e-01 7.400510e+00 3.120557e+00 4.883658e+00 1.431193e+00 5.746812e+00 2.461606e+00 4.056264e-01 -2.024877e+00 2.701156e+00 -5.433907e-01 -7.235877e-03 -1.670071e+00 8.356688e-03 -4.684466e-01 1.344325e+00 -4.918081e-01 -8.574753e-01 -1.055612e-01 -1.730499e+00 9.074400e-02 1.132250e+00 -7.104355e-01 -6.210523e-01 -1.766284e-02 -5.963003e-01 -3.694244e-02 -5.777773e-01 6.485866e-01 -3.832389e-01 -3.238058e-01 3.394043e-01 7.818504e-01 -2.141689e-02 
-1.824345e+01 5.943008e+00 -9.818871e+00 -2.496645e+00 -1.404094e+00 -2.601363e+00 7.115688e+00 1.420480e+00 2.199671e+00 3.245606e+00 1.110667e+01 -4.493382e+00 4.888102e-01 -5.737094e-01 1.814738e+00 -1.419350e+00 4.949196e-01 -9.207569e-01 6.111977e-01 -3.908083e-01 2.207323e+00 -4.841132e-01 -1.350889e+00 6.024835e-01 4.321443e-01 6.726294e-02 8.735401e-01 -7.704062e-01 -2.907190e-01 1.176115e-01 2.068873e-01 -2.203485e-02 -1.048567e-01 5.140579e-02 5.541875e-02 5.218118e-02 3.083955e-01 1.135902e+00 -2.072364e-02 
-1.716810e+01 7.954675e+00 -1.261414e+01 -8.606527e-01 -2.273471e+00 -1.535597e+00 7.228086e+00 1.491228e+00 1.108575e+00 -1.472099e+00 7.875241e+00 -2.766526e+00 5.370516e-01 -4.174297e-01 8.704066e-01 -7.897654e-01 4.222841e-01 -2.732169e-01 4.120250e-01 -4.124362e-02 1.283636e+00 1.547033e-01 -8.321086e-01 1.079747e+00 1.151011e+00 4.960689e-02 3.832407e-01 -5.404334e-01 3.695586e-01 7.941385e-02 7.696776e-01 7.606670e-02 2.461930e-01 -6.040602e-01 2.548037e-01 6.779083e-01 1.811380e-01 4.278671e-01 -1.667375e-02 
-1.630918e+01 1.032994e+01 -1.030256e+01 3.166308e-01 -2.697552e-01 2.211287e+00 7.825906e+00 7.657967e+00 1.702325e+00 -2.455194e+00 9.251542e+00 5.114342e+00 5.698332e-01 -3.787131e-01 5.429668e-01 -1.530600e-01 5.028191e-01 5.668766e-01 3.433234e-01 2.091060e-01 9.621189e-01 5.742143e-01 2.986696e-01 1.061749e+00 2.210966e+00 3.513487e-02 2.089709e-01 -3.034883e-01 5.644284e-01 1.038238e-01 6.599226e-01 6.099882e-02 -4.087986e-02 -1.057072e+00 2.036574e-01 7.850454e-01 -6.385871e-01 -8.195955e-01 -1.481065e-02 
-1.901716e+01 8.470343e+00 -1.044693e+01 -1.140240e+00 -2.207449e+00 -1.225887e+00 6.839441e+00 6.419340e+00 5.906036e+00 1.215495e-01 1.207370e+01 3.412902e+00 6.131555e-01 -2.061838e-01 6.349063e-01 6.711561e-01 3.858660e-01 1.434504e+00 5.228140e-01 4.625380e-01 -1.053431e+00 2.530884e-01 1.707348e+00 5.704446e-01 -4.806187e-01 2.343844e-02 3.978701e-01 -1.079860e-01 1.924679e-01 1.079279e-01 3.435083e-01 1.880072e-01 -4.380158e-01 -6.245176e-01 7.429036e-02 5.099080e-01 -9.532984e-01 -1.106745e+00 -1.372362e-02 
-1.921268e+01 8.399626e+00 -1.166757e+01 1.572312e-01 1.397135e+00 -1.039909e+00 8.356042e+00 3.766797e+00 2.671804e+00 3.941821e+00 1.431626e+01 3.471723e+00 6.264368e-01 3.653812e-01 4.150205e-01 6.723429e-01 1.032154e+00 1.525010e+00 8.609992e-01 -8.471016e-01 -1.909551e+00 4.850356e-01 1.304574e+00 -2.335768e+00 -2.850021e+00 6.297588e-03 3.296423e-01 -2.314137e-01 -2.644978e-01 5.602317e-02 -2.198644e-01 -1.514209e-02 -6.400725e-01 2.450599e-01 -3.861761e-02 1.289073e-01 -6.780019e-01 -6.557790e-01 -1.035678e-02 
-1.674726e+01 1.209410e+01 -8.575397e+00 1.148432e+00 4.065737e+00 2.703559e+00 9.276049e+00 -1.830786e+00 1.888706e+00 3.865933e+00 8.195353e+00 -4.348146e+00 6.259274e-01 1.199909e+00 3.943953e-01 -2.401693e-01 6.972278e-01 9.651601e-01 1.093099e+00 -1.703145e+00 -4.032494e-01 5.707790e-01 1.214449e+00 -1.987936e+00 -1.852223e+00 -4.595879e-03 7.593732e-02 -4.378447e-01 -4.811927e-01 -7.576951e-03 -8.752108e-01 -4.570799e-01 -4.328633e-01 1.099386e+00 -2.414874e-01 -3.352305e-01 1.877694e-01 4.772482e-01 -5.404648e-03 
-1.561754e+01 1.059309e+01 -7.876782e+00 4.333177e+00 4.218813e+00 4.551571e+00 2.372022e+00 2.235144e+00 6.135922e+00 2.195822e+00 -4.886748e-01 -5.255146e+00 5.949377e-01 5.665948e-01 -4.938872e-01 -1.019881e+00 6.272032e-01 -2.977518e-01 -1.776230e-02 -1.908511e+00 1.862339e+00 2.223087e-01 1.189598e+00 -1.048983e+00 -3.822029e-01 -2.637190e-03 -5.692519e-02 -2.889558e-01 -6.486870e-03 -3.471710e-01 -9.763469e-01 -5.095504e-01 3.341075e-01 7.401381e-01 -5.751181e-01 -4.532992e-01 1.153619e+00 8.985102e-01 -1.213302e-03 
-1.481508e+01 9.345225e+00 -1.354318e+01 2.579291e-01 1.207251e+00 1.443844e+00 1.315730e+00 5.169096e+00 7.028278e+00 7.067028e+00 9.535987e+00 -1.484819e+00 6.059352e-01 7.288688e-02 -1.099826e+00 -8.886238e-01 5.504841e-01 -2.030098e+00 -1.323340e+00 -1.171140e+00 2.557431e+00 -8.229648e-01 8.862083e-02 8.660696e-01 6.717089e-01 8.763829e-04 1.107998e-01 5.179243e-02 1.032521e+00 -1.317192e-01 -3.966681e-01 -1.274566e-01 6.460841e-01 -4.633925e-01 -7.092566e-01 -8.553820e-01 6.053607e-01 3.015227e-01 -3.020334e-03 
-1.734584e+01 7.304771e+00 -1.428339e+01 3.738503e+00 1.337249e+00 -4.986756e-01 2.793743e+00 9.578737e+00 1.213878e+00 8.289285e+00 8.400884e+00 1.291161e-01 6.232571e-01 6.443107e-01 -2.827409e-01 9.641712e-01 -6.302273e-01 -1.858990e+00 -4.784963e-01 5.575148e-01 3.107234e-01 -1.693591e+00 -3.990183e-01 2.005298e+00 3.806055e-01 -2.507229e-03 6.502917e-01 5.092310e-01 1.533059e+00 -2.505772e-01 1.411973e-01 1.945259e-01 3.509247e-01 -1.398858e+00 -2.992817e-01 -8.045874e-01 1.801489e-02 -2.230529e-01 -7.806803e-03 
-1.551874e+01 8.239106e+00 -9.815608e+00 4.198140e+00 -4.644101e+00 -1.387953e+00 3.209338e+00 7.285217e+00 2.350061e-01 1.262169e+00 8.080772e+00 -3.681876e+00 6.161597e-01 1.715094e+00 5.477444e-01 3.930400e+00 6.673033e-01 -2.375959e-01 6.862124e-01 2.943539e-01 -1.944481e+00 -2.017465e+00 -2.268215e+00 -4.883674e-01 -7.261401e-01 -1.976411e-02 8.006069e-01 3.512937e-01 1.029175e+00 -3.734587e-01 4.351714e-01 1.696799e-01 -1.519090e-01 -1.020442e+00 4.015948e-01 9.401686e-02 -2.344920e-01 -1.805503e-01 -1.000634e-02 
-1.204436e+01 9.732914e+00 -4.919605e+00 -7.880296e-01 -2.150776e+00 3.574998e+00 4.212953e+00 2.730911e+00 1.064081e+00 3.103029e+00 1.026538e+01 -2.253480e+00 5.772820e-01 2.996983e+00 1.228609e+00 4.235876e+00 -6.840512e-01 -4.880337e-01 -4.982304e-02 -8.865950e-01 -2.880980e+00 -6.767612e-01 -1.654774e+00 -2.817108e-01 -7.985706e-01 -3.134916e-02 6.881486e-01 -2.664717e-01 -5.669888e-03 -5.599459e-02 2.272310e-01 -2.948063e-01 -3.181487e-01 3.073536e-01 8.510286e-01 3.653735e-01 -3.264910e-01 2.380083e-01 5.748487e-03 
-8.890453e+00 1.086970e+01 1.427052e+00 5.857566e+00 1.763173e+00 2.838298e+00 2.078012e+00 -1.129636e+00 -2.984395e+00 -1.681366e+00 6.162333e+00 -3.924057e+00 5.300947e-01 2.899485e+00 -9.897842e-02 2.621267e+00 -1.289905e+00 -5.396479e-01 -6.893049e-01 -1.208611e+00 -9.487763e-01 6.767217e-01 1.186608e+00 8.369666e-01 3.585051e-01 -3.473277e-02 6.797217e-01 -9.813810e-01 -9.553150e-01 -3.422622e-01 -7.221731e-02 -6.557409e-01 1.455404e-01 1.148779e+00 1.028272e+00 4.590312e-01 -2.860488e-01 8.295889e-01 3.046583e-02 
-5.674854e+00 1.213227e+01 1.274523e+00 -5.116905e-01 -4.306691e+00 -2.860594e+00 -1.073712e+00 -6.185569e-01 -5.604509e-01 1.486959e+00 7.951034e+00 -3.742512e+00 5.095403e-01 3.492810e+00 -1.291628e+00 1.590314e+00 6.847908e-02 -5.719067e-01 -1.264665e+00 -2.817680e-01 1.349585e+00 1.214405e+00 -2.996137e-01 -2.898800e-01 1.028423e+00 3.372388e-02 4.572005e-01 -1.354994e+00 -1.002428e+00 -1.425025e-01 1.660446e-01 -5.032988e-01 5.822147e-01 1.070774e+00 6.167418e-01 -3.129975e-01 -1.119644e+00 9.361877e-01 4.673804e-02 
-4.205852e+00 6.544725e+00 1.933650e-01 -2.389451e+00 -6.264250e+00 -1.617199e+00 -1.901514e-01 4.216103e+00 4.431301e+00 8.002979e+00 1.342280e+01 -1.144967e+00 4.763722e-01 4.865838e+00 -3.099073e+00 4.765248e-01 -1.420247e+00 -5.567315e-01 -1.984980e+00 7.197267e-01 1.684183e+00 2.178332e+00 -6.506231e-01 -1.914541e+00 2.508285e+00 1.000315e-01 4.595128e-02 -9.726067e-01 -7.364025e-01 -2.771599e-01 3.716556e-01 -2.519537e-01 5.403148e-01 2.177834e-01 6.115529e-02 -9.681083e-01 -1.735337e+00 5.485650e-01 4.202421e-02 
3.077472e+00 5.437041e+00 3.648912e+00 3.677945e+00 -9.962810e-01 -5.203097e-01 3.938237e+00 6.806345e+00 3.428205e+00 -3.237070e+00 5.185948e+00 1.499055e+00 7.727772e-01 4.299784e+00 -4.046318e+00 2.960162e-01 -1.331344e+00 3.506968e-01 -1.918506e+00 1.060333e+00 1.156324e+00 1.656176e+00 -2.301213e+00 -4.504195e+00 2.807503e+00 1.349584e-01 -8.618855e-01 -3.962451e-01 -7.537537e-01 -5.606914e-01 3.385389e-01 1.853356e-01 1.270773e-01 -3.928514e-01 -2.790162e-01 -2.755591e-01 -1.160693e+00 -3.305722e-02 6.796004e-03 
1.106236e+01 -1.277901e+00 2.622403e+00 -3.338656e+00 -2.675733e+00 -8.256607e+00 3.170443e+00 3.578838e+00 5.912957e+00 -2.572475e+00 -2.028152e+00 5.996650e+00 8.986334e-01 2.725683e+00 -3.584640e+00 -4.136760e-01 -1.975691e+00 8.574790e-01 -1.622285e+00 8.220242e-01 2.368176e-01 7.616407e-01 -2.653150e+00 -5.732519e+00 2.211829e+00 1.247658e-01 -1.605633e+00 4.478109e-01 -6.743897e-01 1.275096e-01 3.825651e-01 8.392391e-01 -1.062880e-01 -3.312949e-01 -5.564073e-01 2.359212e-01 -6.380351e-02 -6.609806e-01 -2.376552e-02 
8.189181e+00 -4.187917e+00 1.540429e+00 -6.693937e+00 -4.347589e+00 -9.133360e+00 2.547816e+00 5.481658e+00 6.979334e+00 -4.731259e+00 -6.844538e+00 6.724283e+00 9.731914e-01 2.534704e-01 -3.030089e+00 -1.733371e+00 -2.457294e+00 4.135789e-01 -5.192220e-01 3.024453e-01 1.089660e-01 5.277699e-01 -6.760929e-01 -4.184189e+00 1.011416e+00 5.533443e-02 -1.335502e+00 9.150422e-01 -5.823429e-01 5.879465e-01 3.223105e-01 1.010970e+00 -1.541633e-01 -2.775712e-01 -5.134637e-01 7.819633e-01 1.006514e+00 -7.728837e-01 -3.677539e-02 
6.866557e+00 -6.565996e+00 -8.205014e-01 -7.082111e+00 -3.015973e-01 -5.421774e+00 4.615073e+00 6.061901e+00 6.463696e+00 -4.515668e+00 -9.224420e+00 7.301596e+00 9.999999e-01 -1.139057e+00 -1.368070e+00 -1.880769e+00 -2.197198e-01 1.324642e+00 1.511622e+00 5.672436e-01 5.513216e-01 -3.945623e-02 -2.836306e-01 -2.393463e+00 1.015019e-01 2.101096e-02 -6.296969e-01 9.220930e-01 -2.355143e-01 8.806788e-01 1.914354e-01 7.360615e-01 -1.913757e-01 -2.833306e-01 -4.103132e-01 7.893605e-01 1.325101e+00 -5.158831e-01 -3.053871e-02 
6.442585e+00 -7.069460e+00 -3.296440e+00 -6.736861e+00 -1.152187e-01 -4.534015e+00 4.728083e+00 6.109419e+00 5.791834e+00 -5.645939e+00 -1.213663e+01 5.903699e+00 9.987702e-01 -4.454075e-01 -5.794177e-01 -1.882074e+00 7.303656e-01 1.728559e+00 1.569430e+00 4.168798e-01 -3.888189e-01 -5.106332e-01 4.238534e-01 -1.141014e+00 -1.662010e-03 2.960391e-03 6.994867e-02 6.878506e-01 1.792016e-01 7.187144e-01 1.384020e-01 2.360962e-01 -1.756320e-01 -4.110050e-01 -3.494094e-01 4.418531e-01 9.753181e-01 -1.316483e-01 -1.369176e-02 
6.240270e+00 -6.677702e+00 -4.363324e+00 -4.415706e+00 1.831532e+00 -2.998369e+00 4.916739e+00 6.021247e+00 6.309450e+00 -3.533723e+00 -1.134884e+01 6.914179e+00 9.909174e-01 -7.336029e-02 -1.996574e-01 -1.517022e+00 8.338628e-01 1.157169e+00 1.013628e+00 -1.921855e-01 -9.308394e-01 -7.707492e-01 7.437215e-01 -6.286489e-01 1.389689e-01 -1.736750e-03 3.239530e-01 2.668802e-01 3.316272e-01 4.108210e-02 -1.299872e-01 -3.130267e-01 -1.693345e-01 -4.057525e-01 -1.556001e-01 2.237979e-01 5.007527e-01 4.010754e-02 -4.567399e-03 
6.275296e+00 -7.029095e+00 -6.098642e+00 -4.375334e+00 3.228494e+00 -2.498127e+00 4.481237e+00 3.557719e+00 4.503480e+00 -3.103116e+00 -1.148749e+01 6.909459e+00 9.925336e-01 7.034346e-02 -1.751868e-01 -1.019288e+00 6.095297e-01 1.189336e+00 9.103901e-01 -1.959421e-01 -1.204884e+00 -8.536071e-01 1.019456e+00 -1.900620e-01 3.345055e-01 -1.746033e-03 1.807387e-01 6.957605e-02 3.977250e-01 -2.364945e-01 -2.484387e-01 -4.707586e-01 7.603723e-03 -1.020247e-01 1.308516e-01 -6.280532e-02 2.025733e-01 -1.947144e-02 -2.078380e-04 
6.583735e+00 -7.584188e+00 -7.004434e+00 -4.093426e+00 3.812461e+00 -1.371633e+00 3.777757e+00 2.683922e+00 3.253689e+00 -2.068280e+00 -1.269215e+01 7.493307e+00 9.944310e-01 2.226666e-01 -2.358972e-01 -6.539982e-01 4.611940e-02 9.443508e-01 2.758597e-01 2.705106e-02 -1.069345e+00 -6.459814e-01 5.374880e-01 -3.651904e-01 1.339618e-01 5.329161e-04 1.441224e-01 -7.159876e-03 4.080346e-01 -3.244509e-01 -2.153996e-01 -5.592424e-01 1.800335e-01 8.983252e-02 4.151587e-01 -1.816548e-01 6.546209e-02 -1.345229e-01 5.669684e-04 
6.622943e+00 -7.492194e+00 -7.072541e+00 -3.850266e+00 4.840756e+00 -7.951015e-01 4.317694e+00 1.754159e+00 3.051487e+00 -1.281229e+00 -1.241528e+01 7.286346e+00 9.882646e-01 3.102736e-01 -2.134076e-01 -3.249052e-01 -5.831502e-02 5.928655e-01 -4.153650e-01 3.452137e-01 -8.295561e-01 8.118924e-02 2.128765e-01 -2.597559e-01 -9.662458e-02 7.881955e-04 1.802682e-01 -1.519257e-03 4.350339e-01 -2.972780e-01 -3.185157e-01 -5.987822e-01 1.259681e-01 1.544300e-01 5.765324e-01 1.108521e-02 -7.417091e-02 -1.669645e-01 -4.805495e-04 
7.179700e+00 -7.625492e+00 -7.146358e+00 -4.447725e+00 5.747234e+00 -2.470040e+00 5.133878e+00 1.576232e+00 3.805416e+00 -1.757254e+00 -1.271132e+01 7.395636e+00 9.956958e-01 5.273129e-01 -2.162042e-01 1.759144e-01 -4.544964e-01 3.783213e-01 -1.119711e+00 4.373971e-01 -6.692022e-01 8.376281e-01 2.386557e-01 -2.663934e-01 -3.181463e-01 -1.679418e-04 2.067038e-01 7.451160e-02 4.582984e-01 -1.804856e-01 -3.738009e-01 -4.576143e-01 -6.803782e-02 6.522836e-02 5.057103e-01 4.930587e-01 -7.949471e-02 -1.538236e-01 -1.958799e-03 
7.528914e+00 -8.075449e+00 -7.652476e+00 -4.489721e+00 5.225491e+00 -4.025802e+00 5.529566e+00 -3.672927e-02 4.633502e+00 -2.194185e+00 -1.277685e+01 6.475203e+00 9.958364e-01 8.193834e-01 -1.926658e-01 7.409385e-01 -6.264784e-01 -1.202826e-01 -1.385852e+00 2.287564e-01 -6.327888e-01 1.287369e+00 1.224349e+00 -6.103957e-01 -2.742909e-01 -3.797550e-03 2.167562e-01 1.915544e-01 4.047666e-01 -2.833886e-02 -3.795856e-01 -2.715099e-01 -3.404046e-01 -5.373783e-02 1.335322e-01 9.174978e-01 -2.154001e-02 -1.625500e-01 -3.050919e-03 
8.767372e+00 -8.373648e+00 -5.834776e+00 -6.046361e+00 5.512070e+00 -5.354974e+00 5.358673e+00 2.330656e-01 6.651066e+00 -4.182902e-01 -1.384330e+01 6.308181e+00 9.897931e-01 1.001521e+00 1.261510e-01 1.104685e+00 -5.721859e-01 -5.681811e-01 -1.526845e+00 -2.547969e-01 -8.415591e-01 1.279674e+00 2.497119e+00 -5.872920e-01 -5.463155e-01 -6.967656e-03 1.353961e-01 2.892468e-01 2.838921e-01 3.149033e-01 -2.700248e-01 -5.494909e-02 -5.743781e-01 -2.280404e-01 -3.264632e-01 9.901554e-01 2.154625e-01 -1.237432e-01 -4.925492e-03 
9.925845e+00 -8.081394e+00 -4.023601e+00 -6.183255e+00 4.356990e+00 -6.281826e+00 5.348872e+00 -7.384070e-01 8.065487e+00 4.171210e+00 -1.490127e+01 6.458501e+00 9.722252e-01 1.156953e+00 5.730307e-01 1.234519e+00 -1.410592e-01 -8.317042e-01 -1.569428e+00 -1.010662e+00 -1.012163e+00 5.277699e-01 3.671206e+00 -2.070387e-01 -7.952037e-01 -1.106605e-02 2.323719e-02 3.289270e-01 2.098968e-01 5.838156e-01 2.356110e-02 1.511924e-01 -6.238278e-01 -4.298037e-01 -6.034791e-01 4.715655e-01 4.374743e-01 -9.807736e-02 -1.033002e-02 
1.098917e+01 -6.991859e+00 -3.437549e+00 -6.461915e+00 3.340672e+00 -8.976607e+00 3.950181e+00 -2.280620e+00 8.487687e+00 7.545927e+00 -1.458562e+01 4.672098e+00 9.726644e-01 1.035575e+00 8.472178e-01 1.348568e+00 8.773772e-01 -6.159787e-01 -1.302668e+00 -1.814882e+00 -1.619727e+00 -4.148588e-01 3.966017e+00 6.092486e-01 -6.764142e-01 -2.116119e-02 -1.063316e-01 2.552073e-01 2.281817e-01 6.713161e-01 3.170693e-01 3.569064e-01 -4.984145e-01 -3.437813e-01 -4.761494e-01 -2.632303e-01 3.861977e-01 -1.613522e-01 -1.649916e-02 
1.220254e+01 -5.901385e+00 -2.678169e+00 -4.987410e+00 2.152582e+00 -1.006249e+01 1.180363e+00 -3.840255e+00 6.353944e+00 1.217912e+01 -1.344071e+01 3.317046e+00 9.490707e-01 9.187184e-01 1.091458e+00 1.668404e+00 1.567849e+00 2.147464e-02 -7.417905e-01 -2.110312e+00 -2.392905e+00 -8.828753e-01 2.847612e+00 9.786521e-01 -6.997232e-01 -4.835540e-02 -2.125018e-01 1.071410e-01 1.565595e-01 4.733000e-01 4.461198e-01 5.074784e-01 -1.141956e-01 -4.959107e-02 -6.874785e-02 -1.109109e+00 1.382207e-01 -1.127240e-01 -1.607225e-02 
1.280634e+01 -5.227388e+00 2.353715e-01 -2.257662e+00 3.534062e+00 -9.978230e+00 -1.631106e+00 -6.314343e+00 5.432420e+00 1.540781e+01 -1.152717e+01 4.497088e+00 8.955766e-01 5.890617e-01 1.142962e+00 2.028591e+00 1.929889e+00 5.905938e-01 -1.562796e-01 -2.197101e+00 -1.870036e+00 -3.957589e-01 1.592785e+00 7.508065e-01 -1.400892e+00 -7.081999e-02 -2.177205e-01 -1.133915e-01 -5.597268e-02 9.402752e-03 2.100320e-01 4.127965e-01 3.604425e-01 6.019585e-01 1.999581e-01 -1.538890e+00 -2.348189e-01 -7.802034e-03 -4.711400e-03 
1.361090e+01 -3.506410e+00 2.482109e+00 -4.462600e-01 4.367507e+00 -9.490133e+00 -2.411764e+00 -1.068597e+01 5.178803e+00 1.447818e+01 -1.153743e+01 3.047633e+00 7.690001e-01 3.177626e-01 9.608313e-01 1.677424e+00 1.699062e+00 7.956874e-01 3.948186e-01 -1.390569e+00 -1.134889e+00 1.746277e-01 -6.877452e-01 4.133141e-01 -9.966971e-01 -6.659628e-02 -2.027061e-01 -3.987129e-01 -3.086149e-01 -4.852887e-01 -1.433038e-01 6.655577e-02 7.111344e-01 1.164767e+00 1.620540e-01 -1.317958e+00 -3.929918e-01 3.527859e-01 1.525643e-02 
1.323032e+01 -2.474762e+00 4.125257e+00 9.171057e-01 5.186346e+00 -1.004427e+01 -5.239465e+00 -8.207659e+00 7.096008e+00 1.436032e+01 -1.178308e+01 -2.197928e+00 7.086018e-01 2.473944e-01 3.455707e-01 1.064216e+00 8.586995e-01 4.691825e-02 1.930464e-01 -3.725065e-01 7.610360e-01 5.618073e-02 -1.960721e+00 -2.820937e-01 -5.669483e-01 -3.559608e-02 -1.621543e-01 -5.622908e-01 -4.642695e-01 -8.215297e-01 -3.995799e-01 -2.228331e-01 9.202042e-01 1.075059e+00 -1.588705e-01 -8.098477e-01 -2.579354e-01 8.123072e-01 3.001598e-02 
1.357953e+01 -2.473511e+00 3.763920e+00 1.920604e+00 5.304950e+00 -8.055448e+00 -3.968485e+00 -8.567737e+00 6.394978e+00 9.264330e+00 -1.124629e+01 1.680963e+00 7.095855e-01 7.585422e-02 -5.034423e-01 6.076636e-01 -3.230161e-01 -4.231525e-01 -5.837149e-01 5.330482e-01 2.115345e+00 -2.984730e-01 -1.965465e+00 -4.698589e-01 6.471913e-01 1.031708e-02 -1.944075e-01 -5.116036e-01 -3.564667e-01 -8.772167e-01 -3.627361e-01 -3.891676e-01 8.061336e-01 6.568801e-01 -3.003539e-01 -1.584356e-01 2.478639e-02 7.134424e-01 3.050534e-02 
1.405944e+01 -4.015820e+00 4.915633e+00 8.523714e-01 3.300066e+00 -9.730387e+00 -2.715268e+00 -3.568349e+00 5.105141e+00 8.211097e+00 -1.308315e+01 2.345780e+00 7.473038e-01 -1.007728e-01 -9.363388e-01 2.420178e-01 -1.166659e+00 -7.979006e-01 -7.812784e-01 1.442167e+00 1.880007e+00 -9.535037e-01 -1.817595e+00 -9.726432e-02 1.838626e+00 4.080208e-02 -2.808152e-01 -1.980792e-01 -2.437620e-01 -5.631325e-01 -1.072752e-01 -1.679582e-01 5.094714e-01 -1.567971e-02 -2.420235e-01 -5.435362e-03 4.019356e-01 5.009634e-01 1.865003e-02 
1.357587e+01 -5.253046e+00 5.125258e+00 -2.029119e+00 3.194607e+00 -1.256522e+01 -1.008479e+00 -2.428981e+00 4.681458e+00 7.725873e+00 -1.323651e+01 4.011637e+00 8.012196e-01 -4.801677e-01 -9.560317e-01 3.061037e-01 -1.674304e+00 -5.956239e-01 -1.063883e+00 1.732684e+00 1.590048e+00 -8.224152e-01 -1.551451e+00 4.448423e-01 1.367698e+00 4.773639e-02 -2.878305e-01 1.999370e-01 -1.740461e-01 -5.282933e-02 1.804811e-02 1.818091e-01 1.278645e-01 -3.290372e-01 -1.212881e-01 -1.844083e-01 5.913041e-01 1.392804e-01 1.917782e-03 
1.272845e+01 -5.766836e+00 4.655029e+00 -2.941433e+00 2.251906e+00 -1.169568e+01 4.915840e-01 -1.877247e+00 3.185464e+00 6.041389e+00 -1.127438e+01 5.829992e+00 8.667828e-01 -8.784969e-01 -4.184944e-01 -3.763523e-03 -1.281336e+00 -4.033428e-01 -4.065762e-01 1.575000e+00 9.453958e-01 -8.920817e-01 -2.194900e+00 1.270192e+00 1.577652e+00 3.894550e-02 -1.726345e-01 4.034302e-01 -6.822742e-02 2.898227e-01 1.434491e-01 1.507649e-01 -1.133726e-01 -3.900408e-01 5.697351e-02 -3.095455e-01 5.654790e-01 -1.575537e-01 -9.899290e-03 
1.184391e+01 -6.378253e+00 5.424605e+00 -4.553991e+00 2.851063e+00 -1.239253e+01 3.091734e+00 -1.463316e+00 3.242812e+00 2.591934e+00 -9.926168e+00 6.777294e+00 8.885143e-01 -9.742994e-01 2.372009e-01 -1.396494e-01 -5.298766e-01 -5.301974e-01 1.379613e-01 1.105991e+00 9.375736e-01 -9.357780e-01 -2.698934e+00 1.802853e+00 1.473970e+00 2.083459e-02 8.021493e-02 4.115386e-01 1.705001e-02 4.487559e-01 1.406150e-01 1.178775e-02 -2.392510e-01 -4.850018e-01 6.195948e-02 -1.934083e-01 4.365870e-01 -2.471788e-01 -1.381665e-02 
1.053279e+01 -5.545612e+00 4.747199e+00 -4.291805e+00 1.455269e+00 -1.185015e+01 3.109803e+00 6.760359e-01 1.364169e+00 -1.963753e-01 -8.387136e+00 8.851264e+00 8.983698e-01 -7.168479e-01 4.841208e-01 1.239336e-01 -2.898113e-01 -1.132856e-01 -6.284019e-01 1.188639e+00 2.561032e-01 -6.120413e-01 -2.791636e+00 2.051122e+00 9.976895e-01 4.756629e-03 3.704934e-01 2.549722e-01 2.685640e-01 3.643671e-01 2.195827e-01 -1.650729e-01 -3.506738e-01 -6.002820e-01 9.069579e-02 1.557841e-01 1.550794e-01 -4.826201e-01 -1.271943e-02 
9.802470e+00 -4.177279e+00 4.380559e+00 -4.003401e+00 9.417054e-01 -1.179778e+01 3.212400e+00 9.822610e-01 9.132951e-01 -2.650088e+00 -5.665742e+00 9.871183e+00 8.896035e-01 -1.599782e-01 6.504043e-01 3.274657e-01 7.370079e-02 -3.750002e-02 -8.940480e-01 7.295519e-01 -4.902370e-01 -6.525771e-01 -2.220266e+00 2.237356e+00 4.216984e-01 -4.257053e-03 5.826628e-01 1.706763e-01 4.651845e-01 3.288518e-01 -2.011572e-02 4.210785e-01 -8.259560e-01 -1.037029e+00 2.830575e-01 4.472367e-01 -9.341130e-02 -6.711101e-01 -9.225158e-03 
1.016528e+01 -4.446690e+00 5.796955e+00 -4.665826e+00 2.640438e+00 -1.513475e+01 6.374232e+00 -1.819170e+00 1.289518e+00 -5.295820e+00 -3.148543e+00 9.271722e+00 8.900076e-01 5.667360e-01 6.497052e-01 1.105397e+00 2.387206e-01 4.482004e-01 -7.160428e-01 9.905144e-03 -1.341906e+00 -5.802997e-01 -1.655393e+00 1.828382e+00 -3.092544e-01 -1.211037e-02 5.606759e-01 2.256724e-01 3.632950e-01 4.541476e-01 -5.885743e-01 1.477914e+00 -1.361315e+00 -1.418808e+00 7.095987e-01 5.310724e-01 -3.101460e-01 -8.049831e-01 -5.772936e-03 
1.122756e+01 -3.675692e+00 6.537574e+00 -3.998296e+00 2.071078e+00 -1.522053e+01 5.107539e+00 -2.667097e+00 1.698465e-02 -5.959840e+00 -1.358950e+00 8.675529e+00 8.714207e-01 1.297124e+00 1.007792e+00 1.695581e+00 8.501305e-01 -9.115790e-01 2.287145e+00 -2.434447e+00 -3.448490e+00 4.634623e-01 -1.030918e+00 1.447108e+00 -1.228060e+00 -1.686321e-02 2.976457e-01 2.330757e-01 1.058288e-01 4.053276e-01 -9.083663e-01 1.827308e+00 -1.214826e+00 -1.452121e+00 1.098558e+00 4.381545e-01 -3.581069e-01 -7.611459e-01 -2.338556e-03 
1.265369e+01 -2.547982e+00 9.196220e+00 -3.100832e+00 3.131507e+00 -1.371866e+01 2.211542e+00 -4.209310e+00 -1.088943e+00 -6.818754e+00 -1.399076e+00 7.902510e+00 8.469136e-01 1.357884e+00 1.433813e+00 1.256355e+00 1.592753e+00 -2.619209e+00 5.170632e+00 -4.035953e+00 -5.358711e+00 2.377851e+00 -7.310542e-01 8.955555e-01 -2.202290e+00 -1.780543e-02 -6.441100e-02 1.459203e-01 -3.193134e-01 1.923436e-01 -8.856932e-01 1.152566e+00 -4.102138e-01 -8.130573e-01 9.662418e-01 2.852775e-01 -1.094294e-01 -4.110980e-01 4.344357e-04 
1.504383e+01 -8.760989e-02 1.115870e+01 -5.351248e-01 -3.861778e+00 -1.070652e+00 -6.878570e+00 -1.506552e+01 4.419930e+00 -7.042969e+00 6.950244e-01 4.415393e+00 8.268335e-01 9.327073e-01 1.423675e+00 7.812889e-01 1.423382e+00 -3.045662e+00 5.299122e+00 -3.321604e+00 -5.742535e+00 3.361290e+00 -4.918233e-01 9.130428e-01 -2.437366e+00 -1.310364e-02 -3.972089e-01 -1.212257e-01 -5.692712e-01 -2.069879e-01 -1.195047e-01 -5.870271e-01 7.037277e-01 5.069514e-01 2.432349e-02 6.294832e-02 4.827649e-02 1.395199e-01 1.789073e-03 
1.504696e+01 9.277669e-01 9.767999e+00 1.566305e+00 -7.489149e+00 3.643316e+00 -7.812664e+00 -2.241333e+01 1.097738e+01 -8.409528e+00 3.026871e-01 3.901778e-01 8.232672e-01 4.268475e-01 1.171278e+00 -3.390764e-02 9.137284e-01 -2.913264e+00 3.540733e+00 -1.597669e+00 -4.260375e+00 2.802171e+00 -4.985259e-01 1.548202e+00 -1.760023e+00 -1.181796e-02 -4.773713e-01 -3.182557e-01 -3.919082e-01 -5.096987e-01 6.684250e-01 -1.674319e+00 9.835728e-01 1.517611e+00 -1.122073e+00 -1.349017e-02 1.798771e-01 5.925391e-01 6.447039e-04 
1.469461e+01 1.705023e+00 1.015788e+01 7.850848e-01 -7.847007e+00 2.594249e+00 -6.488395e+00 -2.227764e+01 1.079051e+01 -7.623627e+00 2.355324e+00 2.449418e-01 8.177333e-01 -2.232813e-01 5.328290e-01 -5.056512e-01 1.546375e-01 -1.362022e+00 1.669274e-01 -1.349682e-01 -1.462880e+00 3.730469e-01 -8.323148e-01 1.362097e+00 -7.516073e-01 -1.091288e-02 -3.894237e-01 -3.641249e-01 -1.230042e-01 -3.805939e-01 9.048622e-01 -1.516534e+00 5.676875e-01 1.567372e+00 -1.468035e+00 -2.054905e-01 1.110329e-02 5.928814e-01 -9.367678e-04 
1.496280e+01 2.412188e+00 9.526971e+00 8.080550e-01 -9.442326e+00 2.152457e+00 -5.971734e+00 -2.190489e+01 9.736984e+00 -9.020657e+00 5.512301e+00 1.187523e+00 7.923829e-01 -4.509182e-01 2.877735e-01 -5.977936e-02 -3.214094e-01 -1.189196e-01 -6.348388e-01 -7.113791e-01 8.954556e-02 -1.738249e+00 -6.281437e-01 1.570540e+00 -8.255285e-02 -1.567500e-02 -2.540801e-01 -2.873498e-01 1.620450e-01 -1.249595e-01 7.034830e-01 -6.157736e-01 1.057159e-01 1.054832e+00 -1.059775e+00 -3.935867e-01 -3.792153e-01 2.357155e-01 -9.431395e-04 
1.396900e+01 1.834253e+00 8.750870e+00 6.175643e-01 -9.695310e+00 5.094000e-01 -8.474186e+00 -2.263403e+01 6.905177e+00 -1.089888e+01 4.901058e+00 2.587392e-01 7.877274e-01 -5.755463e-01 4.493197e-02 1.791187e-01 1.379681e-01 8.144888e-02 -1.957675e-01 -9.263773e-01 -8.065346e-02 -1.708569e+00 -1.454315e+00 9.574631e-01 -3.116716e-01 -1.585602e-02 -7.655941e-02 -1.761826e-01 2.784456e-01 7.522928e-02 2.398099e-01 2.537822e-01 1.615544e-02 5.819619e-01 -2.680256e-01 -4.144635e-01 -7.400662e-01 -2.536466e-01 -3.735039e-04 
1.315504e+01 2.302359e+00 1.017257e+01 4.307597e-02 -7.159627e+00 1.511023e+00 -1.037668e+01 -2.178716e+01 4.228111e+00 -9.912340e+00 6.882360e+00 -2.955425e-02 7.598999e-01 -6.675336e-01 -2.148821e-02 4.338009e-01 2.972306e-01 -1.176474e-01 6.431347e-01 -6.733306e-01 3.228612e-01 -1.456010e+00 -2.155509e+00 -1.455140e-01 -8.014195e-01 -1.405978e-02 5.116997e-02 -1.566363e-01 1.678806e-01 1.598059e-01 -2.958874e-02 3.222823e-01 3.675630e-01 5.902093e-01 2.078391e-01 -3.466962e-01 -1.117309e+00 -5.913407e-01 1.617035e-03 
1.272061e+01 1.984447e+00 1.073089e+01 1.857262e+00 -8.581129e+00 1.935736e+00 -8.917651e+00 -2.273962e+01 5.001321e+00 -1.444952e+01 6.457923e+00 -7.049016e-01 7.546823e-01 -4.978304e-01 -1.933650e-01 6.398252e-01 2.215157e-01 -1.636276e-01 7.967539e-01 -7.331996e-02 1.330434e+00 -1.108364e+00 -2.140970e+00 -1.480294e+00 -1.660313e+00 -1.358635e-02 2.011857e-01 -7.237954e-02 -1.481231e-02 4.593728e-02 9.033810e-02 7.970009e-02 4.276397e-01 8.204932e-01 -7.169653e-02 7.679766e-02 -1.072243e+00 -4.735173e-01 2.614853e-03 
1.224959e+01 2.229765e+00 1.070601e+01 1.674196e+00 -1.058777e+01 4.655187e+00 -9.116720e+00 -2.023755e+01 3.408924e+00 -1.802316e+01 4.006261e+00 -2.337717e+00 7.386077e-01 -2.338789e-01 -3.763118e-01 5.493929e-01 4.359410e-01 -1.442723e-01 4.803552e-01 6.998837e-01 2.335175e+00 -9.992611e-01 -2.018260e+00 -2.797076e+00 -2.364935e+00 -8.722122e-03 3.207020e-01 2.672301e-02 -2.885404e-01 -1.273270e-03 2.240474e-01 -2.041853e-01 3.133544e-01 6.313084e-01 -6.880797e-01 3.900722e-01 -3.632906e-01 -2.292469e-01 3.466121e-03 
1.193279e+01 9.036732e-01 1.168317e+01 9.094490e-01 -8.799642e+00 2.921418e+00 -9.470451e+00 -1.675662e+01 1.773021e+00 -1.754886e+01 -1.062468e+00 -6.888687e+00 7.304386e-01 2.134820e-01 -1.396462e-01 4.738653e-02 2.983017e-01 5.465218e-01 2.842771e-01 5.252458e-01 3.015566e+00 -2.295444e+00 -1.138881e+00 -3.077894e+00 -1.897460e+00 -5.454545e-03 2.864384e-01 2.982170e-01 -4.970655e-01 -7.812453e-02 7.900154e-02 -1.595694e-01 7.834323e-02 2.832212e-02 -1.172791e+00 3.324145e-01 2.580529e-01 1.884219e-01 3.280065e-03 
1.237924e+01 9.609348e-01 1.244337e+01 2.696720e+00 -7.771930e+00 3.420143e+00 -6.600792e+00 -1.310251e+01 8.465538e-01 -1.845377e+01 -3.342928e+00 -8.762232e+00 7.284008e-01 5.804423e-01 8.513366e-02 -7.126250e-01 2.525113e-01 6.473875e-01 -1.214955e-01 5.941184e-01 2.636866e+00 -4.302721e+00 -7.062030e-01 -1.163224e+00 -1.829001e+00 -7.945367e-04 1.057095e-01 4.763665e-01 -4.627133e-01 -1.888279e-01 7.275090e-02 2.124525e-02 -1.424986e-01 -5.515805e-01 -1.231389e+00 2.563870e-01 3.315120e-01 2.876289e-01 4.318870e-04 
1.372329e+01 1.920615e+00 1.009875e+01 2.837558e+00 -7.256614e+00 3.974660e+00 -7.549280e+00 -1.122925e+01 -5.194767e+00 -1.992841e+01 -5.257355e+00 -6.980186e+00 7.325116e-01 5.273129e-01 1.066987e+00 -1.214513e+00 -7.746132e-02 -1.646272e-01 2.999980e-01 3.712216e-01 1.321263e+00 -5.320513e+00 -1.134962e+00 -1.006860e+00 -9.860785e-01 -1.151928e-03 -1.801203e-01 5.455816e-01 -1.002454e-01 -6.758263e-02 -5.086420e-02 -9.694681e-02 -2.844399e-03 -6.123076e-01 -3.668334e-01 3.417844e-01 6.247329e-02 1.916387e-01 -4.567399e-03 
1.425653e+01 2.146845e+00 7.934801e+00 1.972809e+00 -8.122193e+00 3.521102e+00 -7.106428e+00 -9.816924e+00 -1.462061e+01 -2.036419e+01 2.875287e-01 -1.143712e+01 7.336009e-01 1.377443e-01 1.402234e+00 -1.133218e+00 -3.204052e-01 5.750549e-01 5.787656e-01 6.432897e-02 4.245490e-01 -5.643700e+00 -7.383754e-01 -2.174936e+00 -1.382418e+00 -8.717480e-03 -3.996471e-01 5.014752e-01 2.772785e-01 9.365749e-02 8.400981e-02 -2.264665e-01 7.179526e-02 -3.489878e-01 1.035295e+00 6.998535e-01 -2.294484e-01 4.041861e-01 -1.138646e-02 
1.363076e+01 5.646062e+00 7.864655e+00 8.841585e-01 -9.447292e+00 4.370907e+00 -7.361543e+00 -1.179366e+01 -1.709646e+01 -2.226829e+01 -7.912319e+00 -1.048183e+01 7.220588e-01 -4.658962e-01 1.929867e+00 -2.436110e-01 2.468209e-01 3.284337e-01 -5.507876e-01 7.758844e-01 1.060165e+00 -3.459165e+00 5.859529e-01 -2.259692e+00 -1.162536e+00 -2.432665e-02 -5.022669e-01 1.047124e-01 4.512179e-01 3.151179e-01 3.280953e-01 -4.025257e-01 7.523026e-02 -1.346920e-01 2.045355e+00 1.154293e+00 3.724679e-01 5.587629e-01 -1.789331e-02 
1.311426e+01 6.109474e+00 7.894426e+00 2.071419e+00 -3.801015e+00 6.116062e+00 -6.372934e+00 -1.069811e+01 -2.142130e+01 -2.097589e+01 -1.289010e+01 -1.392356e+01 6.900325e-01 -9.213113e-01 2.161172e+00 1.882569e-01 5.587183e-01 8.210402e-01 -8.283173e-01 7.507434e-01 1.022403e+00 -5.690723e-02 1.932451e+00 -1.684015e+00 2.801178e-01 -4.614143e-02 -5.511600e-01 -2.670592e-01 3.132257e-01 3.555956e-01 1.717905e-01 1.301669e-02 -7.333057e-04 -8.313382e-02 2.045408e+00 1.044731e+00 9.098914e-01 8.586769e-01 -2.343037e-02 
1.196520e+01 9.588665e+00 8.901360e+00 4.022266e+00 -7.775144e+00 -7.699940e-02 -4.036781e+00 -5.488063e+00 -1.909030e+01 -1.669282e+01 -9.967185e+00 -1.154967e+01 6.326559e-01 -1.454584e+00 1.211130e+00 3.807520e-01 1.058598e+00 1.352903e+00 -1.009170e+00 4.041648e-01 3.487552e-01 2.112925e+00 3.301120e+00 6.100145e-01 9.765388e-01 -7.190609e-02 -6.025769e-01 -8.711539e-01 -9.946728e-02 2.307290e-01 5.262522e-01 6.976437e-01 -3.532143e-01 -1.091663e-01 1.065907e+00 3.257981e-01 8.297076e-01 5.611584e-01 -2.793393e-02 
1.048260e+01 1.098172e+01 8.358130e+00 3.197426e+00 -4.853265e+00 1.603253e+00 -5.015283e+00 -7.857612e+00 -1.390870e+01 -1.348943e+01 -7.105353e+00 -9.502572e+00 5.476099e-01 -2.123647e+00 4.264401e-01 1.207293e-01 1.051702e+00 9.216333e-01 8.731303e-01 2.465765e-01 3.643994e-01 1.797296e+00 3.127677e+00 9.395929e-01 1.841302e+00 -1.020801e-01 -5.987698e-01 -1.198702e+00 -4.442729e-01 -5.830146e-02 4.541563e-01 7.494195e-01 -3.160376e-01 2.953280e-01 7.927632e-02 -2.740797e-01 7.187951e-01 9.646973e-02 -3.102678e-02 
7.673201e+00 9.265434e+00 9.536351e+00 5.614175e+00 -2.156619e+00 1.581619e+00 -6.019510e+00 -1.146948e+01 -1.028787e+01 -9.505879e+00 -7.754492e+00 -7.809484e+00 4.337525e-01 -2.877491e+00 -1.558474e+00 -7.071658e-01 1.153861e+00 2.909415e+00 2.086611e+00 -7.380612e-01 8.433033e-01 9.432960e-01 1.617327e+00 5.769545e-01 8.625837e-01 -1.360276e-01 -4.210352e-01 -1.053181e+00 -6.632242e-01 -5.433362e-01 5.636724e-02 2.030751e-01 6.589136e-02 7.381107e-01 -2.818576e-01 -5.353678e-01 5.031812e-01 7.049934e-03 -2.381522e-02 
4.641619e+00 8.403068e+00 8.180315e+00 6.534145e+00 -2.001790e+00 9.652677e+00 -4.148566e+00 -5.885100e+00 -1.683593e+01 -8.930970e+00 -9.298429e+00 -6.586959e+00 2.790850e-01 -3.203756e+00 -2.447456e+00 -1.489133e+00 2.195073e-01 2.313490e+00 1.370753e+00 -2.582647e-01 2.251828e+00 9.241961e-01 1.404081e+00 1.926541e+00 8.193325e-01 -1.692139e-01 -8.930426e-03 -6.232800e-01 -5.513365e-01 -8.219857e-01 -4.993184e-01 -9.701895e-01 4.196247e-01 5.388355e-01 -4.403248e-02 -3.617373e-01 4.939813e-01 2.156961e-01 -3.698290e-03 
4.980919e-01 3.085247e+00 5.454785e+00 8.123269e+00 5.346432e+00 6.331644e+00 -8.160576e+00 -2.257917e+00 -1.290956e+01 -1.088566e+01 -5.986300e+00 -8.694696e+00 8.676958e-02 -3.019640e+00 -2.617934e+00 -2.130348e+00 -1.241905e+00 9.388986e-01 -2.426827e-01 9.859700e-01 3.095675e+00 1.140066e+00 1.486059e+00 2.632543e+00 1.522746e+00 -1.574154e-01 4.614353e-01 8.841728e-02 -1.725678e-01 -7.400379e-01 -1.200322e+00 -1.284905e+00 6.291596e-01 2.272749e-01 2.503003e-01 2.722912e-01 2.259233e-01 4.900469e-01 2.308988e-02 
-1.948503e+00 1.833940e+00 2.952745e+00 3.040578e+00 2.962949e+00 6.081903e+00 -5.235790e+00 -1.204080e+00 -7.976147e+00 -5.778743e+00 1.642875e+00 -4.963221e+00 -1.249759e-01 -2.097224e+00 -2.160334e+00 -1.924205e+00 -1.860277e+00 -5.895355e-01 -2.813112e+00 1.482720e+00 1.932334e+00 1.478781e+00 1.384592e+00 2.381849e+00 2.589694e+00 -1.098824e-01 6.700971e-01 5.169477e-01 1.749611e-01 -5.634330e-02 -6.243311e-01 -5.642115e-01 4.067434e-01 8.325473e-03 2.303028e-01 5.771410e-01 -2.164658e-01 -3.593180e-02 4.350628e-02 
-4.130050e+00 -5.397577e-01 1.498014e+00 1.151449e+00 5.509271e-02 2.153596e+00 -5.457196e-01 1.668100e+00 -9.017310e+00 -3.651579e+00 -6.245396e-02 -1.007356e+00 -1.512926e-01 -1.123655e+00 -1.260050e+00 -1.352416e+00 -1.506338e+00 -1.640629e+00 -2.245922e+00 1.537144e+00 2.139351e+00 1.917529e+00 2.988367e+00 1.478764e+00 2.427567e+00 -5.024447e-02 6.552966e-01 7.722248e-01 3.415866e-01 5.595666e-01 1.498550e-01 4.820447e-01 -2.364601e-01 -2.623203e-01 1.319774e-01 4.613326e-01 -3.073907e-01 -6.865096e-01 4.194520e-02 
-3.529902e+00 -5.860676e-01 5.375738e-01 7.184942e-01 -2.304144e+00 -2.323915e+00 -5.423508e-01 1.813820e+00 -1.138836e+01 -5.624668e+00 -3.509110e-01 2.517885e+00 -1.512926e-01 -8.013462e-01 -5.416631e-01 -1.003385e+00 7.008576e-02 4.815497e-01 -4.487875e-01 1.499866e+00 2.771596e+00 1.687093e+00 3.538598e+00 1.421068e+00 1.872272e-01 -5.264246e-03 4.102324e-01 7.643907e-01 3.407697e-01 6.228716e-01 6.086363e-01 1.219890e+00 -5.697266e-01 -2.443510e-01 1.451240e-02 -4.990119e-02 -4.091967e-01 -1.011953e+00 2.700087e-02 
-4.329227e+00 -2.004466e+00 -9.945724e-02 1.752620e+00 -2.233066e-01 -6.952807e-01 -2.821540e+00 6.930418e+00 -1.615952e+00 3.979190e+00 2.404812e+00 -2.971516e-01 -1.512926e-01 -3.911476e-01 4.337813e-01 -8.829274e-01 5.907850e-01 1.152625e+00 9.852810e-01 -2.049004e-01 1.364555e+00 1.696025e+00 2.715829e+00 1.575901e+00 -7.086151e-01 -8.498736e-07 2.081582e-01 4.863552e-01 2.493454e-01 1.452404e-01 3.587273e-01 8.750921e-01 -5.702275e-01 -5.024643e-01 -3.441554e-01 -1.016437e+00 -4.899410e-01 -4.136646e-01 1.057573e-02 
-5.855735e+00 -1.420554e-01 -1.265036e+00 3.090463e+00 5.510025e+00 5.262462e+00 3.401057e+00 1.002276e+01 -3.241472e+00 8.098989e+00 7.514558e+00 -4.382277e+00 -1.512926e-01 -4.122016e-01 8.147069e-01 -4.550945e-01 2.054488e-01 1.057030e+00 1.670688e+00 -4.947434e-01 1.098062e+00 1.662085e+00 1.271370e+00 2.873289e-01 -9.019935e-01 -8.498736e-07 1.007902e-01 -2.388588e-02 1.368352e-01 -4.189793e-01 -4.685310e-01 1.744354e-01 -4.913298e-01 -5.617170e-01 -2.363942e-01 -9.032589e-01 -5.286553e-01 4.588714e-01 1.052497e-03 
-4.922579e+00 1.407137e+00 -2.015444e+00 2.919230e+00 1.910991e+00 3.286922e+00 -3.541864e+00 4.386639e+00 -4.610410e+00 3.065660e+00 3.884547e+00 -1.100670e+00 -1.512926e-01 -2.772585e-01 4.935595e-01 -3.797342e-01 -8.477991e-01 -1.348218e-01 1.069703e+00 -3.166378e-01 4.639294e-01 2.092548e-01 -9.601796e-01 -4.039943e-01 9.038492e-01 -8.498736e-07 1.972955e-02 -4.136370e-01 9.481898e-02 -3.134262e-01 -4.701616e-01 -1.868198e-01 1.569188e-01 -2.074447e-01 -1.762946e-01 -2.338878e-01 -1.036853e-01 4.615749e-01 -1.185372e-07 
-5.294273e+00 1.781998e+00 -7.801262e-01 1.162586e+00 1.913620e+00 4.038424e+00 -2.655853e+00 8.576115e+00 -1.580851e+00 1.188581e+00 3.459334e-01 -1.590478e+00 -1.512926e-01 -3.541266e-01 -6.909337e-01 -5.708052e-01 -1.305503e+00 -1.217357e+00 3.813259e-01 -9.008511e-01 4.133553e-01 1.248482e+00 8.603466e-01 -2.321847e-01 1.675377e+00 -8.498736e-07 5.732972e-02 -3.824177e-01 9.392419e-02 7.117882e-02 -1.399649e-01 -4.099527e-01 4.112877e-01 -5.727751e-01 -3.380972e-01 2.725788e-01 2.621625e-01 -4.376844e-02 -1.185372e-07 
-5.995839e+00 -4.987671e-01 -2.240567e+00 -1.522382e+00 9.005152e-01 5.265119e+00 -1.376298e+00 9.973134e+00 -1.399908e+00 2.633328e+00 3.969257e+00 2.825785e+00 -1.512926e-01 -3.216273e-01 -8.814547e-01 -3.510143e-01 -2.209248e-01 -6.112623e-02 6.959916e-01 7.826272e-01 6.697327e-01 1.021345e+00 1.751894e+00 1.317293e+00 3.105922e-01 -8.498736e-07 7.893164e-02 -4.676173e-02 3.093353e-01 5.036381e-01 2.409746e-01 -2.068035e-01 4.702551e-01 -7.059324e-01 -1.788680e-01 2.457432e-01 -1.201237e-01 -9.192474e-01 -1.185372e-07 
-7.089488e+00 -2.643731e+00 -4.006472e+00 -1.216112e+00 -7.139932e-02 6.179826e+00 -2.186050e+00 9.295743e+00 1.395315e+00 1.261720e+01 6.310796e+00 2.031344e+00 -1.512926e-01 -1.035988e-01 -4.098715e-01 1.528380e-04 2.479590e-01 3.203462e-01 -1.923015e-01 1.012074e+00 -1.868687e+00 -4.345083e-01 1.278072e+00 7.374038e-01 -8.242105e-01 -8.498736e-07 1.152058e-01 3.145121e-01 5.126083e-01 4.316689e-01 2.070814e-01 -1.836673e-01 3.480264e-01 -5.146742e-01 -2.719393e-01 -6.188337e-01 -6.283598e-01 -8.956007e-01 -1.185372e-07 
-5.633032e+00 -7.875785e-01 -2.157369e+00 3.004151e+00 2.598079e+00 5.695904e+00 1.363221e-01 7.374973e+00 -9.915500e-01 6.110953e+00 7.488254e+00 -1.358464e+00 -1.512926e-01 -7.937643e-03 1.191594e-01 8.815715e-01 8.937787e-01 3.012635e-01 3.225272e-01 1.078057e+00 -1.924926e+00 1.563522e-01 5.974815e-02 -1.489612e+00 -2.442632e+00 -8.498736e-07 4.573740e-02 1.958241e-01 3.236130e-01 -8.596269e-03 -2.920767e-01 -2.829978e-01 -1.398508e-01 -2.756712e-02 -1.755440e-01 -4.701896e-01 -7.675725e-01 -1.351388e-01 -1.185372e-07 
-5.993748e+00 -1.232811e-01 -8.209092e-01 1.389014e-01 2.666437e+00 2.861450e+00 1.648023e+00 5.318990e-01 -3.957334e+00 5.840171e+00 2.273736e+00 -3.619425e+00 -1.512926e-01 6.497400e-02 3.813443e-01 1.375983e+00 2.955570e-01 -3.629965e-01 -3.503771e-01 6.915033e-01 -8.627328e-01 3.211061e-01 -1.387702e+00 -1.970704e+00 -1.426014e+00 -8.498736e-07 -2.565587e-02 2.076902e-02 2.790421e-02 -2.208023e-01 -3.142063e-01 -1.575924e-01 -4.371213e-01 6.971038e-01 1.311732e-01 -4.599708e-02 -5.413661e-02 4.583924e-01 -1.185372e-07 
-6.583440e+00 -1.163064e+00 5.746864e-01 2.268870e+00 1.038108e+00 8.536810e+00 2.097001e+00 4.730350e+00 2.058279e+00 6.320220e+00 -1.460155e+00 -6.561906e+00 -1.512926e-01 -1.770757e-01 -2.978894e-01 5.791810e-01 -2.876691e-01 -1.179736e+00 -6.399140e-01 2.437831e-01 2.885653e-02 -2.340280e-01 7.338223e-01 -1.166543e+00 -6.425098e-02 -8.498736e-07 -2.236211e-02 -7.927363e-02 -3.456903e-01 -2.400889e-01 -7.151848e-02 -2.754638e-01 -5.799600e-01 3.260140e-01 2.818359e-02 6.257845e-02 6.959121e-01 6.985904e-01 -1.185372e-07 
-6.289117e+00 -5.491448e-01 1.507394e+00 6.289334e-01 -1.106414e+00 3.007576e+00 2.909835e-01 6.304769e+00 1.476394e+00 5.573988e+00 9.317642e-01 -2.497114e+00 -1.512926e-01 -1.472610e-01 -9.746357e-02 2.909130e-01 -2.653094e-01 -5.102060e-01 -4.991686e-01 -7.564594e-01 6.397927e-01 4.166057e-01 7.110335e-01 3.053268e-01 2.785639e-01 -8.498736e-07 -6.235533e-03 -2.995738e-02 -4.501474e-01 7.611448e-02 1.531162e-01 -3.272129e-02 -3.762216e-01 3.256103e-02 1.429680e-01 -1.214493e-01 5.100461e-01 1.417443e-01 -1.185372e-07 
-6.370147e+00 -2.064231e+00 -4.257216e-01 1.320825e+00 -1.414026e+00 2.423453e+00 2.033605e+00 4.633203e+00 -4.878858e+00 9.912827e+00 2.326345e+00 -2.240772e+00 -1.512926e-01 -1.358971e-02 -3.768541e-02 -3.043739e-01 -2.624830e-02 1.729462e-02 -9.805749e-01 -1.097836e+00 -1.046149e+00 2.495158e-01 -6.768147e-01 8.519010e-01 1.980184e-01 -8.498736e-07 -9.229858e-03 1.785889e-01 -2.126388e-01 2.362280e-01 3.266976e-01 -1.920294e-02 -1.548073e-01 9.024720e-02 2.251024e-01 -7.276147e-01 1.185600e-01 -2.279465e-01 -1.185372e-07 
-6.836464e+00 -1.602039e-01 1.133414e+00 -7.135503e-01 1.341338e+00 3.422040e+00 -2.102441e+00 3.779468e+00 1.594056e+00 7.599393e+00 1.906811e+00 -4.387360e+00 -1.512926e-01 -4.806731e-02 1.014474e-01 -4.329018e-01 5.453963e-01 -1.960682e-01 -3.438163e-01 -5.189211e-01 -1.623814e-01 7.940693e-01 -1.289534e+00 -4.297785e-01 -8.483828e-01 -8.498736e-07 -3.793261e-02 6.636403e-02 -1.692609e-01 6.326570e-02 1.199607e-01 4.325932e-02 1.217101e-01 3.015020e-01 -3.906374e-01 -3.434907e-01 3.678829e-02 5.646524e-02 -1.185372e-07 
-6.377989e+00 -1.546373e+00 -7.601424e-01 2.809019e+00 -9.915161e-02 3.426595e+00 -2.195238e+00 7.620957e-01 3.246767e+00 1.923315e+00 2.311632e+00 -4.626637e+00 -1.512926e-01 -2.727369e-01 4.955404e-01 -1.222038e-01 4.881581e-01 2.967200e-01 -8.135867e-01 -6.490566e-01 8.812003e-01 7.026921e-01 -1.904007e+00 -2.061452e-01 -6.404148e-01 -8.498736e-07 -5.358865e-02 3.686829e-02 -2.741719e-02 -2.200244e-01 1.547857e-01 2.815670e-01 2.276941e-01 3.771115e-01 -8.077964e-01 4.048256e-01 2.945256e-01 4.514455e-01 -1.185372e-07 
-6.525412e+00 -3.006982e-01 -4.901588e-01 2.611800e+00 -2.744383e+00 7.872281e-01 -1.892326e-01 7.428298e+00 1.383945e+00 3.120851e+00 -1.209594e+00 -5.546343e+00 -1.512926e-01 -2.074555e-01 -3.220866e-02 -6.466402e-01 -2.062638e-01 -5.013095e-02 -3.662217e-01 -3.722175e-01 1.183701e+00 -1.763120e+00 -3.928312e-01 1.018222e+00 9.800783e-01 -8.498736e-07 9.227778e-02 -2.463013e-02 9.774975e-03 -3.122996e-01 2.400816e-01 3.546088e-01 1.920202e-01 -2.871088e-01 -7.460884e-01 5.611547e-01 4.893113e-01 4.775904e-01 -1.185372e-07 
-7.889336e+00 4.837547e-01 -2.246612e-01 2.099030e+00 2.112268e+00 -3.271206e-01 -2.168287e+00 7.214997e+00 -1.260493e+00 2.632178e+00 2.853771e+00 -4.863371e+00 -1.512926e-01 -2.018035e-01 2.135460e-01 -3.345180e-01 -7.505947e-01 7.182661e-01 4.385153e-01 -3.267067e-02 1.662835e-01 -2.510765e+00 8.988091e-01 1.600537e+00 1.540962e+00 -8.498736e-07 2.306584e-01 -9.028067e-02 7.155442e-02 -1.094015e-01 1.135159e-01 4.447490e-01 1.962782e-01 -5.771523e-01 9.889850e-02 5.522779e-01 -3.573681e-02 -3.952502e-02 -1.185372e-07 
-7.117718e+00 -1.336414e+00 -2.367402e+00 -1.389897e+00 -1.472622e-02 3.467965e+00 -3.977060e+00 6.472137e+00 -4.967846e+00 5.280785e+00 6.727209e+00 6.312695e-01 -1.512926e-01 3.778158e-01 1.192760e-01 -2.779088e-01 -3.967227e-01 7.935974e-01 8.031908e-01 1.329126e-01 -1.240353e+00 -1.329731e+00 1.148125e-01 1.113445e+00 4.488922e-01 -8.498736e-07 1.412992e-01 6.229025e-02 3.697531e-01 2.691949e-01 2.464099e-01 1.569096e-01 1.905174e-01 -3.494946e-01 1.009668e+00 1.288251e-01 -5.559281e-01 -5.905878e-01 -1.185372e-07 
-7.090533e+00 3.911664e-02 -1.494237e+00 1.056551e+00 2.127459e+00 4.278677e+00 -4.645607e-01 2.071472e+00 -6.131122e+00 5.337700e+00 6.346018e+00 -1.067357e-02 -1.512926e-01 5.880726e-01 -3.150950e-02 5.130289e-02 3.641235e-02 4.424756e-01 8.254724e-01 7.964470e-02 -7.924684e-01 9.805340e-01 6.034827e-01 -4.325867e-01 -5.724733e-01 -8.498736e-07 -3.147342e-02 3.310788e-02 4.120806e-01 3.410032e-01 1.472150e-01 -9.138986e-02 8.356729e-02 2.110103e-01 9.935843e-01 -2.861349e-02 -5.238919e-01 -4.306725e-01 -1.185372e-07 
-5.036021e+00 5.178613e-01 -1.245053e+00 1.149593e+00 1.216015e+00 2.500122e+00 -3.763577e-01 3.798476e+00 -2.829654e+00 2.342424e+00 2.611681e+00 -5.728251e+00 -1.512926e-01 1.042558e-01 4.016200e-01 1.009150e+00 7.462317e-01 1.319917e+00 2.247358e-01 5.241863e-01 -8.429480e-02 1.539515e+00 3.988991e-01 -7.448055e-01 -9.162378e-01 -8.498736e-07 -2.641753e-01 5.390766e-02 3.508458e-01 1.896076e-01 1.409644e-01 -1.264948e-01 8.267276e-02 4.353505e-01 2.345382e-01 1.250854e-01 -5.974061e-02 1.935893e-01 -1.185372e-07 
-5.990612e+00 -6.007741e-01 -5.293105e-01 1.011307e+00 3.709047e+00 4.284370e+00 -3.570346e+00 4.589381e+00 2.572928e+00 7.118769e+00 2.748999e+00 -4.546031e+00 -1.512926e-01 -2.222922e-01 2.379001e-01 1.082255e+00 3.829204e-01 1.191154e+00 2.707844e-01 1.895519e-01 6.431644e-01 1.022444e+00 6.136913e-01 -8.973329e-02 7.025055e-02 -8.498736e-07 -2.893704e-01 4.235223e-02 1.771008e-01 3.153270e-02 1.167771e-01 -5.313240e-02 7.905886e-02 2.325274e-01 -4.034508e-01 5.994831e-02 3.539747e-01 5.347739e-01 -1.185372e-07 
-7.146471e+00 9.915996e-01 2.196628e+00 2.364000e+00 5.794267e+00 4.588767e+00 1.966553e-01 4.791067e+00 -1.622378e+00 6.384610e+00 4.802082e+00 -1.682340e+00 -1.512926e-01 -5.378187e-01 2.539807e-01 9.608482e-01 3.781673e-01 1.124183e+00 4.481707e-01 4.913393e-01 2.186109e-01 -1.779649e-01 7.351628e-01 6.433297e-01 1.095501e+00 -8.498736e-07 -1.599728e-01 -2.788132e-02 -2.181502e-02 -7.410090e-02 -4.585592e-02 6.244149e-02 2.359794e-02 1.813949e-02 -4.635504e-01 7.938670e-02 3.509392e-01 5.048646e-01 -1.185372e-07 
