-6.102413e+00 4.064527e+00 -1.294279e+00 6.922266e+00 2.279293e+00 8.145512e+00 -3.153038e+00 -3.371413e+00 5.368757e+00 6.594337e+00 9.419649e-02 9.389408e-01 -1.512926e-01 -1.397699e-01 4.336777e-01 -9.548993e-02 -5.504386e-01 6.599997e-01 -8.838441e-01 1.709662e+00 1.814983e+00 1.045978e+00 -1.016378e-01 5.807055e-02 -6.794898e-02 1.012849e-06 4.516714e-02 -3.515769e-02 7.911883e-03 1.219290e-01 2.354261e-01 -2.633990e-01 -1.432431e-02 1.884164e-01 -3.266938e-01 -7.068343e-02 2.615858e-01 -1.837406e-01 7.019033e-07 
-7.054022e+00 3.700394e+00 -1.589701e+00 6.844140e+00 1.731609e+00 6.854738e+00 2.635623e+00 7.152014e-01 1.114200e+01 2.767002e+00 -8.670275e-02 -6.244653e-01 -1.512926e-01 -1.048850e-01 3.306356e-01 -6.010773e-01 -5.242859e-01 2.204101e+00 -1.698277e+00 1.926766e+00 2.595384e+00 8.340238e-02 -5.708476e-02 1.108042e+00 -3.590559e-01 1.012849e-06 5.028289e-02 -1.085718e-01 1.077321e-01 2.372624e-01 -1.998267e-01 -9.804915e-02 -3.966913e-01 -7.356945e-02 -5.757829e-01 4.225053e-02 1.223033e-01 -1.149280e-01 7.019033e-07 
-6.325495e+00 6.414760e+00 -1.623932e+00 4.209578e+00 5.853081e+00 4.371267e+00 2.501199e+00 3.659888e+00 7.711509e+00 8.000177e+00 4.747549e-01 1.380789e+00 -1.512926e-01 6.872827e-02 3.093275e-01 1.969478e-01 4.622008e-02 1.064983e+00 -1.793628e+00 1.529486e+00 2.366784e+00 -1.063780e-01 -4.773737e-01 8.410340e-01 -8.410475e-01 1.012849e-06 -1.741161e-02 -2.168851e-01 1.065551e-01 3.364693e-01 -6.900229e-01 1.970296e-01 -6.260740e-01 -3.821494e-01 -2.590407e-01 1.078442e-01 -2.939656e-01 -1.859949e-02 7.019033e-07 
-6.515093e+00 4.542595e+00 -4.135024e+00 5.657378e+00 1.151299e+01 1.541257e+00 3.653521e+00 6.089693e+00 4.614528e+00 5.606177e+00 5.443901e+00 -1.077228e+00 -1.512926e-01 7.476848e-03 -4.702646e-02 2.970914e-01 3.375023e-01 -5.416642e-01 -9.191991e-01 -1.836527e-01 1.171132e+00 -1.256757e+00 2.974965e-01 2.779720e-01 -2.559971e-01 1.012849e-06 -8.534406e-02 -1.212823e-01 1.588357e-01 1.184695e-01 -1.134561e+00 4.234712e-01 -7.189416e-01 -7.313592e-01 2.949046e-01 3.754100e-01 -5.008929e-01 1.815619e-01 7.019033e-07 
-6.028203e+00 5.189741e+00 9.630623e-01 7.746922e+00 2.713516e+00 1.833950e+00 3.984929e+00 5.775494e+00 8.101117e+00 2.788150e+00 1.534244e+00 -3.040330e+00 -1.512926e-01 -2.829604e-01 -4.618981e-01 -1.170005e-02 7.011352e-01 -1.417202e+00 -2.881649e-01 -3.655218e-01 6.162845e-01 4.209545e-01 2.602354e-01 -9.967596e-01 -2.125044e-01 1.012849e-06 -8.885370e-02 7.857944e-02 -1.842086e-01 -3.301972e-01 -4.808265e-01 3.700399e-01 -4.321351e-01 -5.635484e-01 4.328449e-01 4.849020e-01 -1.080699e-01 2.540129e-01 7.019033e-07 
-7.164885e+00 4.077744e+00 -1.397714e+00 6.762294e+00 5.931659e-01 3.527418e+00 9.751976e-01 5.512986e+00 4.663484e+00 6.860278e+00 7.735736e-01 3.059006e-01 -1.512926e-01 -3.557048e-01 1.099219e-01 2.974589e-01 -2.593130e-01 -2.227602e+00 -3.336493e-01 -7.203355e-01 -1.861220e-01 1.294241e+00 1.451148e+00 -4.775301e-01 2.345039e-01 1.012849e-06 5.254334e-02 1.911660e-01 -1.887533e-01 -5.642702e-01 3.233215e-01 2.971128e-01 3.621126e-02 -2.411561e-01 5.887746e-01 6.597710e-02 1.982123e-01 9.405664e-02 7.019033e-07 
-7.415117e+00 4.337969e+00 -3.051188e+00 7.162222e+00 4.226569e+00 1.937027e+00 2.012963e+00 7.029925e+00 9.792141e+00 8.674283e+00 -2.173521e+00 -3.734321e-01 -1.512926e-01 -1.939903e-01 6.237013e-01 -7.242815e-01 -1.306206e+00 -4.961859e-01 -2.363498e-01 -3.627522e-01 2.277539e-01 7.823939e-01 1.370455e+00 6.784843e-01 1.836573e-01 1.012849e-06 1.295771e-01 1.207104e-01 -8.785410e-02 -3.771927e-01 7.675105e-01 4.130913e-01 -4.244137e-02 -5.477929e-02 1.732834e-01 -2.871002e-01 4.396816e-01 1.419935e-01 7.019033e-07 
-7.600190e+00 5.517871e+00 -6.409261e-01 4.653528e+00 -3.814337e-01 -1.787497e-01 1.037759e+00 4.532212e+00 1.024040e+01 9.918868e+00 4.910136e+00 -1.238311e+00 -1.512926e-01 2.257104e-01 3.660960e-01 -2.903565e-01 -1.480193e+00 6.143054e-01 5.403901e-01 -3.937845e-03 1.595769e-01 1.506426e+00 7.224724e-02 4.315440e-01 1.609488e-02 1.012849e-06 1.066157e-01 -1.962853e-01 -7.585923e-03 2.488649e-01 7.920151e-01 5.837651e-01 -3.905981e-02 9.971251e-02 3.001056e-02 -7.498389e-01 5.651556e-02 2.464631e-01 7.019033e-07 
-6.780711e+00 7.588281e+00 -3.037049e+00 2.270083e+00 7.197024e-01 2.505106e+00 2.139778e+00 7.404599e+00 9.224557e+00 8.111207e+00 2.858158e+00 -1.349714e+00 -1.512926e-01 7.427199e-02 1.339947e-02 -1.569542e-01 -5.742424e-01 9.994125e-01 1.340213e+00 -9.357473e-01 1.694989e-01 1.181229e+00 -4.858676e-01 7.470319e-01 6.066081e-01 1.012849e-06 2.910605e-02 -2.693159e-01 2.823931e-01 6.560711e-01 -2.368704e-02 4.496697e-01 5.794093e-02 -2.596771e-01 -2.219055e-01 -6.567664e-01 -1.852788e-01 3.522516e-01 7.019033e-07 
-6.354003e+00 4.282825e+00 -2.856967e+00 1.808151e+00 5.418473e+00 5.945504e+00 8.915000e-01 6.123478e+00 1.247963e+01 7.503190e+00 4.153485e-01 8.745829e-01 -1.512926e-01 4.317304e-02 -5.663714e-01 -2.410316e-02 6.192317e-01 9.846132e-01 1.796809e+00 -6.294011e-01 3.417098e-01 1.244984e+00 -1.369877e+00 -2.293223e-01 1.255322e+00 1.012849e-06 -5.328137e-02 -2.589874e-02 2.325320e-01 6.194540e-01 -6.836350e-01 -6.476469e-02 1.043435e-01 -6.917609e-01 -6.739537e-01 -1.007296e-01 9.899671e-02 2.353657e-01 7.019033e-07 
-7.666708e+00 5.022941e+00 -2.728232e+00 5.713802e+00 6.323843e+00 5.575887e+00 -2.592941e+00 7.081616e+00 1.457811e+01 7.452434e+00 3.809108e+00 1.603595e+00 -1.512926e-01 4.263219e-02 -2.564500e-01 5.545248e-01 9.242950e-01 -7.997346e-01 1.383847e+00 2.394774e-01 -1.161624e+00 -1.963260e-01 -1.192386e+00 8.246884e-02 1.325393e+00 1.012849e-06 3.725556e-02 1.825645e-01 3.962680e-02 1.434841e-01 -5.847440e-01 -4.261443e-01 2.876367e-01 -1.025723e+00 -7.904351e-01 2.318092e-01 2.478433e-01 -1.435355e-01 7.019033e-07 
-6.940897e+00 3.968367e+00 -9.158849e-01 6.027544e+00 1.739686e+00 7.270123e+00 2.570046e-01 6.402203e+00 1.378818e+01 3.398811e+00 3.287850e+00 3.561805e+00 -1.512926e-01 -2.483902e-02 3.716616e-01 5.164886e-01 8.677612e-01 -1.904285e+00 1.948260e-01 -6.994614e-02 -2.633718e+00 -1.174552e+00 -7.815930e-02 1.258762e+00 8.335265e-01 1.012849e-06 9.691952e-02 2.078760e-01 -2.500252e-01 -3.398837e-01 2.291354e-02 -4.733323e-01 4.723265e-02 -7.785813e-01 -5.128842e-01 4.797110e-01 3.091275e-01 -4.893266e-01 7.019033e-07 
-6.273911e+00 6.463068e+00 -1.235120e+00 4.781877e+00 -1.439494e+00 8.762053e+00 3.654366e+00 1.457116e+00 7.588609e+00 4.201393e+00 1.834402e+00 3.933650e+00 -1.512926e-01 2.946689e-01 4.572120e-01 -2.292597e-01 1.865789e-02 -4.798742e-01 1.055120e-02 2.227060e-01 -3.471392e+00 -1.561361e+00 2.729356e-02 1.242180e+00 9.982358e-02 1.012849e-06 1.638407e-01 -4.425227e-02 -3.955542e-01 -5.431408e-01 6.499793e-01 -3.565495e-01 -1.788310e-01 1.257227e-01 1.829206e-01 3.888955e-01 -1.146626e-01 -4.597640e-01 7.019033e-07 
-7.174387e+00 5.420799e+00 -1.020808e+00 6.612244e+00 -2.214363e-01 5.326271e+00 -2.581527e+00 -4.232926e+00 1.010169e+01 8.737729e+00 7.695984e+00 3.876819e+00 -1.512926e-01 4.018927e-01 1.161235e-01 -8.823063e-01 -6.273308e-01 9.392429e-01 1.167138e-01 -3.846011e-01 -2.396375e+00 -6.368406e-01 4.188153e-01 7.365755e-01 -5.785155e-01 1.012849e-06 1.991751e-01 -2.569889e-01 -3.675666e-01 -4.940163e-01 5.325179e-01 -1.405282e-02 1.261358e-01 9.799346e-01 4.724216e-01 -1.289701e-01 -7.111630e-01 -2.788866e-01 7.019033e-07 
-6.076620e+00 6.582927e+00 -3.822114e+00 5.514768e+00 4.904635e+00 6.600506e+00 -6.003174e-02 -4.957948e+00 8.614646e+00 4.919382e+00 7.815691e+00 1.945332e+00 -1.512926e-01 6.485209e-01 -3.501102e-01 -7.238222e-01 -1.043739e+00 1.028471e+00 -3.598490e-01 -4.972306e-01 -6.517693e-01 4.496192e-01 5.035142e-01 -2.297448e-01 -2.673430e-01 1.012849e-06 1.030863e-02 -5.760665e-01 -4.832488e-02 -1.815464e-01 -4.010296e-01 -4.569029e-02 1.892583e-01 1.399686e+00 4.995985e-01 -4.740826e-02 -5.533559e-01 -9.145986e-02 7.019033e-07 
-5.029985e+00 4.488818e+00 -4.034193e+00 2.524301e+00 3.263507e+00 8.934745e+00 1.910610e-01 -2.372395e+00 1.009047e+01 5.133510e+00 3.980180e+00 1.663060e+00 -1.512926e-01 7.942804e-01 -5.096028e-01 -1.074049e+00 -1.071145e+00 4.075286e-03 3.097543e-01 9.207938e-01 8.560831e-01 1.820816e-01 -9.611267e-01 -1.560983e+00 -3.772304e-01 1.012849e-06 -2.435755e-01 -6.663001e-01 2.926269e-01 1.502434e-01 -7.893677e-01 -2.245607e-01 1.999039e-01 1.105232e+00 -1.483448e-02 1.492599e-01 1.496296e-02 5.039500e-02 7.019033e-07 
-4.103264e+00 5.178347e+00 -3.347354e+00 1.607257e+00 1.960067e+00 5.158577e+00 -2.181272e-01 -2.731865e+00 9.842628e+00 8.521486e+00 2.543706e+00 3.703693e+00 -1.512926e-01 1.501264e-01 -2.110254e+00 -3.751570e-01 -6.669515e-01 -2.017602e+00 -3.144621e-01 5.162814e-01 1.900744e+00 5.273765e-01 4.801960e-01 -3.758177e-01 -4.581226e-01 1.012849e-06 -5.615850e-01 -4.879147e-01 4.652280e-01 1.725437e-01 -5.853375e-01 -7.223359e-02 -7.481670e-02 4.403120e-01 -5.087723e-01 3.448278e-01 4.797950e-01 -1.549966e-01 1.292275e-04 
-4.190144e+00 3.575066e+00 -6.628256e+00 3.210688e+00 1.271232e+00 7.596279e+00 2.101311e+00 -1.065597e+00 1.039848e+01 2.130963e+00 2.526733e+00 1.111314e+00 -1.512926e-01 -5.666369e-01 -2.335261e+00 4.063306e-01 -6.449848e-02 -1.484610e+00 -1.028868e+00 1.080762e-01 1.853492e+00 -7.498522e-01 1.176858e+00 8.844439e-01 -2.313092e-01 1.012849e-06 -6.689563e-01 -6.339898e-03 4.646395e-01 1.633529e-02 -9.887628e-02 -1.112250e-01 -5.094100e-01 -1.167106e-01 -6.452991e-01 3.719963e-01 4.442315e-01 -6.630894e-02 2.416678e-03 
-5.746294e+00 -3.511179e+00 -4.400681e+00 1.836673e+00 -4.187141e+00 5.697041e+00 1.566153e+00 3.892665e+00 1.109713e+01 8.821794e+00 6.663295e+00 -6.933194e-02 -1.512926e-01 -1.478918e+00 -1.876978e+00 8.621218e-01 -6.843345e-01 -1.153839e+00 -5.178279e-02 -4.652266e-01 1.051183e+00 -1.628245e+00 1.158668e+00 9.465487e-01 -1.115451e+00 6.453073e-04 -4.508825e-01 8.340876e-01 1.018142e-01 -9.670954e-02 2.073960e-01 1.450921e-01 -4.244137e-02 -4.144380e-01 -4.517202e-01 -3.401112e-01 -4.347337e-01 -8.504706e-02 6.934966e-03 
-7.042257e+00 -2.842614e+00 -1.475476e+00 2.087171e+00 -1.085653e+00 3.521264e+00 -1.606379e-01 3.582858e+00 5.713999e+00 1.086790e+01 6.343037e+00 2.393202e+00 -1.512926e-01 -1.735958e+00 -6.579643e-01 6.305972e-01 -9.807846e-01 -9.221263e-01 -3.777700e-01 -1.135465e+00 6.972325e-01 -1.966786e+00 5.596862e-01 -9.712119e-04 -3.801719e-01 1.176070e-02 -2.369726e-01 1.005241e+00 -2.979900e-01 -9.569831e-02 3.774893e-02 3.960469e-01 5.254732e-01 -1.326755e-01 2.771722e-01 -6.949377e-01 -9.263080e-01 -1.982944e-01 1.279665e-02 
-1.007130e+01 -9.973373e-01 -1.613142e+00 -1.253001e+00 -2.630244e+00 6.937430e+00 -1.413143e+00 1.999826e-01 4.043374e+00 9.946361e+00 5.368414e+00 -2.514553e+00 -1.480601e-01 -1.519752e+00 1.221441e+00 2.192615e-02 -6.924778e-01 -1.261971e+00 8.535198e-02 9.258713e-01 4.067433e-01 -1.122823e+00 -9.118459e-01 -2.106829e+00 -8.089007e-01 2.879521e-02 8.520088e-02 7.857110e-01 -5.434373e-01 2.279484e-01 1.859283e-01 1.485009e-01 5.999302e-01 3.021438e-01 7.533777e-01 -2.450921e-01 -7.555013e-01 9.887762e-02 1.561810e-02 
-1.070706e+01 -9.718161e-01 -4.869115e+00 -1.480843e-01 -4.117143e+00 5.087423e+00 -2.086528e+00 4.267001e+00 4.091820e+00 4.366879e+00 3.169483e+00 4.327344e-01 -9.409160e-02 -1.731225e+00 1.141774e+00 -6.633685e-01 -5.390066e-01 -1.241879e+00 8.828374e-01 2.039857e+00 1.512214e+00 3.832290e-01 -1.262581e+00 -2.220265e+00 -1.375987e+00 4.991026e-02 2.769822e-01 3.464862e-01 -5.685150e-01 2.026144e-01 3.297792e-01 3.175640e-02 2.042874e-01 7.585485e-02 6.548856e-01 3.202831e-01 -1.836538e-01 2.933539e-01 1.095139e-02 
-1.151251e+01 1.660973e+00 -2.594287e+00 -5.083293e-01 -8.980910e+00 5.340886e+00 7.158674e+00 5.584272e+00 6.294333e+00 7.512707e+00 -2.284293e+00 -3.133668e+00 -3.592440e-02 -1.055161e+00 1.151633e+00 -1.208095e+00 2.346139e-01 -6.430419e-02 6.051578e-02 9.469509e-01 2.154296e+00 9.637725e-01 8.443128e-01 -1.721421e+00 -1.232078e-01 5.966373e-02 4.014853e-01 -1.883960e-01 -6.476061e-01 1.114973e-01 5.219412e-01 -3.083656e-01 -7.066052e-01 -4.308065e-01 1.741481e-03 2.519528e-01 6.239060e-01 7.201464e-01 2.303453e-03 
-1.497776e+01 1.537013e+00 -4.302083e+00 -9.808020e-01 -4.119835e+00 8.733206e+00 5.752724e+00 8.451253e+00 6.504946e+00 5.771663e+00 -9.322392e-01 -4.177319e+00 4.219990e-02 -5.834033e-01 1.109494e+00 -1.597001e+00 -4.312635e-01 1.280873e-01 -2.066438e-01 -1.245684e-01 2.027033e-01 2.644516e-01 1.283032e+00 -1.111991e+00 7.438097e-01 5.108885e-02 5.193856e-01 -2.252126e-01 -4.573820e-01 2.145363e-01 5.178221e-01 -4.015927e-01 -6.478036e-01 -7.239149e-01 -3.356885e-01 1.744817e-01 9.999686e-01 6.298669e-01 -5.342292e-03 
-1.321210e+01 3.506706e+00 -7.936822e+00 3.367893e-01 -2.950623e+00 5.417040e+00 -5.981481e-01 8.879308e+00 7.655923e+00 1.346599e+01 -1.187731e+00 -8.254424e-01 8.211409e-02 -8.609044e-02 2.956522e-01 -2.749388e+00 -1.888415e-01 6.629164e-01 -9.117970e-01 -1.524898e+00 -1.092464e+00 -1.054786e+00 -9.249073e-01 4.584772e-01 1.731955e+00 3.972727e-02 2.913776e-01 -3.869429e-01 -8.278625e-02 2.732941e-01 3.265678e-01 -7.158457e-03 -3.611660e-02 -4.357395e-01 -3.593960e-01 -2.211116e-01 1.064967e+00 -7.272174e-02 -7.293128e-03 
-1.277454e+01 3.652541e+00 -1.018263e+01 -2.726843e+00 -6.492104e+00 4.015881e+00 1.169224e+00 3.633198e+00 4.733348e+00 7.805612e+00 -2.938657e+00 2.998015e+00 1.023347e-01 3.812051e-01 4.435366e-01 -2.179671e+00 7.452974e-01 9.837490e-01 -6.390858e-01 3.683651e-02 -4.840774e-01 -2.859445e-01 4.944593e-01 1.689588e+00 8.457129e-01 3.316385e-02 1.505754e-01 -3.457433e-01 5.335295e-01 7.180222e-01 2.666328e-01 3.610772e-01 5.281033e-01 2.437105e-01 1.976976e-01 -1.089111e-01 4.735737e-01 -8.630430e-01 -5.810493e-03 
-1.304468e+01 2.081618e+00 -1.340102e+01 -5.796342e-01 -4.480214e+00 3.140878e+00 1.825700e+00 2.531137e+00 1.905626e+00 1.870837e+00 1.011199e+00 1.938181e+00 1.326393e-01 -8.041150e-02 -4.499720e-01 -1.330656e+00 1.012776e+00 1.140708e+00 2.408947e-01 6.855334e-01 3.190169e-01 -5.580949e-01 1.329868e-01 2.202691e+00 -5.377542e-01 3.215812e-02 3.683916e-02 -1.536065e-01 1.006801e+00 7.031731e-01 -3.251846e-02 3.170682e-01 6.508415e-01 3.238489e-01 6.978675e-01 1.472850e-01 -3.855670e-01 -9.763814e-01 -6.792796e-03 
-1.315554e+01 4.467854e+00 -1.246825e+01 3.203868e+00 1.563920e+00 6.675891e+00 4.724681e+00 9.204993e+00 7.950170e+00 1.404122e+01 6.416737e+00 -1.330520e+00 1.827604e-01 1.664872e-01 -2.464320e-01 3.612201e-01 2.557981e+00 1.222267e+00 1.022310e+00 1.410855e+00 7.154065e-01 1.004463e+00 2.094321e-01 3.835924e-01 -2.436620e+00 2.581470e-02 -4.572671e-02 -9.854586e-02 8.989704e-01 2.108639e-01 -4.781387e-01 -3.393157e-02 5.055159e-02 -2.324561e-01 5.955848e-01 -5.210651e-01 -8.913481e-01 -1.680951e-01 -1.073272e-02 
-1.342342e+01 8.488510e-01 -1.344753e+01 2.435015e+00 -1.275265e+00 5.291270e+00 1.052132e+00 7.688392e+00 3.257527e+00 1.101330e+01 5.148209e+00 -1.350090e+00 2.026648e-01 2.054285e-01 -1.273293e-01 1.014267e+00 2.420796e+00 3.808646e-01 -1.572636e-01 1.042194e+00 -7.295207e-02 1.789284e+00 -4.610676e-02 -8.163601e-01 -1.508986e+00 9.440188e-03 -9.634888e-02 1.324895e-01 5.144024e-01 -3.066728e-01 -4.697959e-01 -1.991665e-01 -2.203491e-01 -3.463181e-01 7.553051e-01 -1.485777e-01 -6.374826e-01 4.755503e-01 -1.306913e-02 
-1.175234e+01 3.036842e+00 -8.353539e+00 8.555459e+00 -1.982946e+00 8.052434e+00 8.610701e+00 4.631877e+00 9.079729e+00 4.281757e+00 -3.089183e+00 -7.540862e+00 1.964106e-01 9.775466e-03 -2.104945e-01 1.142800e+00 1.095462e+00 -1.027018e+00 -6.097693e-01 1.113074e-01 -1.450246e+00 1.518452e+00 -2.021265e+00 -1.257642e+00 4.908377e-01 -9.139587e-03 -2.774822e-01 1.799348e-01 6.908572e-02 -1.044657e+00 -4.862719e-01 -3.998691e-01 -8.362318e-01 -2.449231e-01 4.665076e-02 2.032583e-01 1.719148e-02 8.215233e-01 -1.055829e-02 
-1.271933e+01 2.160460e+00 -1.038727e+01 8.848739e+00 -8.025808e-01 1.666642e+00 5.094134e+00 4.452818e+00 1.028731e+01 6.520317e+00 1.682090e+00 -2.501380e+00 1.730102e-01 -4.837514e-01 1.945182e-01 8.505456e-01 2.106536e-01 -8.364056e-02 6.110016e-02 2.336305e-01 -3.297458e-01 2.961574e+00 5.055175e-01 -1.641546e-01 3.762228e-01 -1.570825e-02 -2.655851e-01 2.621696e-01 -3.380795e-02 -1.008253e+00 -2.793444e-01 -8.920350e-03 -6.297060e-01 4.867864e-02 -6.285304e-01 3.851432e-01 2.046657e-01 2.905795e-01 -3.688290e-03 
-1.345872e+01 2.759298e+00 -8.284706e+00 5.474465e+00 -3.807917e+00 5.439733e+00 3.260396e+00 3.571372e+00 1.202780e+01 6.180885e+00 1.861649e+00 1.699191e+00 1.518937e-01 -8.764095e-01 4.923545e-01 7.884382e-01 -1.560374e+00 -9.768947e-01 -1.086137e+00 -2.365927e+00 -3.808294e-01 6.515904e-01 9.499260e-01 1.434118e-01 7.284717e-01 -1.439871e-02 -5.393571e-02 1.614169e-01 -1.560248e-01 -5.502194e-01 -3.688181e-02 -1.673396e-02 -2.990017e-01 1.935736e-01 -1.024683e+00 4.291262e-01 9.644321e-02 -1.431716e-01 3.701934e-03 
-1.498862e+01 1.960848e+00 -9.229389e+00 5.028034e+00 -7.810426e-01 6.903199e+00 4.895035e+00 6.569438e+00 1.659142e+01 1.259150e+01 1.852269e+00 -4.089250e+00 1.463774e-01 -6.795396e-01 8.320118e-01 1.022352e+00 -1.292425e+00 -1.040953e+00 3.636136e-02 -8.675848e-01 -3.643255e-01 -9.198638e-01 3.939746e-01 -4.935844e-01 -1.748948e-01 -6.373836e-03 3.142796e-01 -2.420035e-02 -2.207625e-01 -1.957568e-01 -1.907510e-01 -7.349756e-02 -2.830333e-01 -7.339007e-02 -1.195968e+00 -3.835864e-01 -1.178197e-01 6.517629e-02 8.494104e-03 
-1.499948e+01 5.598992e+00 -4.990038e+00 2.663810e+00 -6.877867e+00 3.174028e-03 -3.119644e+00 1.669285e+00 9.185290e+00 5.996365e+00 -2.456706e+00 -3.104688e+00 1.377340e-01 -1.619449e-01 2.776834e-01 2.766952e-01 -9.038923e-01 -7.328675e-01 -6.811612e-01 -8.331190e-01 -4.650193e-01 -1.664159e+00 1.801040e-01 -6.106117e-01 5.055287e-02 4.699648e-03 8.591667e-01 1.230114e-01 -1.610927e-01 2.280016e-01 1.273896e-01 2.456349e-01 2.089214e-01 -1.695382e-01 -5.499552e-01 -3.770694e-01 2.670642e-01 1.926137e-01 2.419106e-02 
-1.534655e+01 4.900804e+00 -6.922935e+00 3.791669e+00 -4.472137e+00 4.566652e+00 3.946462e+00 3.582183e+00 7.108737e+00 8.582816e+00 1.373891e+00 -9.737288e-01 1.482220e-01 7.305951e-01 1.810019e-01 2.632430e-03 -1.096358e+00 -1.159348e+00 -5.088662e-01 -1.948182e+00 -6.547165e-01 -1.860529e+00 -1.027556e+00 -3.761346e-01 1.041115e+00 1.720839e-02 1.603211e+00 1.979334e-02 9.929663e-02 -1.234805e-01 -4.836614e-02 -2.721318e-01 -1.119323e-02 -1.686862e-01 -2.730468e-01 -4.715807e-01 6.666657e-01 9.969628e-02 4.421811e-02 
-1.408950e+01 2.677721e+00 -8.054396e+00 1.573155e+00 -5.627118e+00 3.202416e+00 -4.307529e-01 2.739927e+00 8.447889e+00 9.086149e+00 -9.518924e-01 3.943455e-01 1.744508e-01 2.714438e+00 1.433091e+00 4.927849e-01 -5.184916e-01 -2.806771e-01 4.145533e-01 -7.811124e-01 -1.083426e+00 -1.628081e+00 -2.246394e-01 1.420045e+00 1.083557e+00 9.476468e-02 1.843176e+00 -4.881339e-01 6.481283e-01 -7.966934e-01 -2.396629e-02 -5.300193e-01 4.745619e-01 2.284779e-02 -2.592977e-01 -5.026706e-01 7.846843e-01 -6.184923e-01 5.341534e-02 
-1.179080e+01 4.325664e+00 -7.684187e+00 9.187232e-02 -7.203247e+00 2.759338e+00 -6.190247e+00 2.760873e+00 7.657453e+00 5.908599e+00 -7.803732e-01 -6.331216e-01 2.140663e-01 5.898160e+00 3.532158e-01 1.410799e+00 -2.102691e+00 -1.508915e+00 -1.872033e+00 -9.495952e-01 -8.986410e-01 -2.303185e+00 -1.761479e+00 1.824570e+00 -1.929642e-01 1.696862e-01 1.110553e+00 -1.425698e+00 7.785518e-01 -1.380812e+00 2.567193e-01 -6.451169e-01 1.031079e+00 1.336155e-01 -3.341465e-01 -3.933197e-01 2.120477e-01 -1.339774e+00 3.991403e-02 
-3.205050e+00 1.305165e+01 -2.145572e+00 1.921619e+00 -6.915944e+00 2.979723e+00 -1.956754e+00 -3.336952e+00 7.704570e-01 6.209964e+00 5.720386e+00 2.142921e+00 5.786347e-01 6.470110e+00 -2.249074e+00 2.813268e+00 -4.384245e+00 -6.778830e-01 -2.649649e+00 1.040501e+00 -2.289537e-01 -2.739252e+00 -1.966214e+00 2.212408e+00 -2.424749e+00 1.955365e-01 -4.623037e-01 -2.127077e+00 3.992152e-01 -1.516370e+00 4.584806e-01 -1.989367e-01 8.373284e-01 2.695414e-01 -3.216825e-01 -4.320270e-01 -9.745461e-01 -1.376568e+00 -3.379216e-03 
8.702056e+00 1.479590e+00 -2.823481e+00 -6.896012e+00 -1.137203e+01 -4.682228e+00 -3.847327e-02 2.127745e+00 -5.681853e-01 1.213122e+00 7.160433e+00 -2.813008e+00 7.945613e-01 4.405545e+00 -5.106426e+00 2.735175e+00 -6.067574e+00 3.229634e-01 -2.202305e+00 2.296351e+00 -4.138373e-01 -2.975653e+00 -2.123432e+00 2.880060e-01 -3.903606e+00 1.663966e-01 -1.924219e+00 -1.170337e+00 1.572618e-02 -3.117821e-01 9.542270e-01 1.136846e+00 6.574793e-01 1.807030e-01 -2.101481e-01 1.544228e-01 -1.634002e+00 -3.628443e-01 -3.822802e-02 
8.014707e+00 -7.144766e+00 3.581310e+00 -1.685390e+01 -6.932097e+00 -6.325311e+00 1.695927e+00 1.911523e+00 -1.135260e+00 1.602781e+00 6.139804e+00 -1.063945e+01 8.618814e-01 1.149349e+00 -6.472528e+00 1.826624e+00 -6.117844e+00 1.095878e+00 -4.149756e-01 1.782594e+00 2.184744e-02 -2.900038e+00 -2.203804e+00 -2.684361e+00 -3.943947e+00 7.951114e-02 -2.055147e+00 2.848513e-01 -5.399389e-01 1.102715e+00 5.226393e-01 1.546065e+00 -2.115005e-02 1.096681e-01 -1.800801e-01 2.893341e-01 -1.682983e+00 9.504616e-01 -4.685607e-02 
4.627286e+00 -1.110785e+01 3.128503e+00 -2.085814e+01 -5.580581e+00 -3.599916e+00 3.464990e+00 -1.932854e+00 -6.267487e+00 -2.404844e+00 4.497417e-01 -1.375986e+01 9.044132e-01 -1.062462e+00 -3.386831e+00 1.982811e+00 -2.794878e+00 2.375428e+00 2.694906e+00 1.966925e+00 -1.205974e-01 -3.273338e+00 -8.705782e-01 -3.897199e+00 -1.247715e+00 3.655294e-02 -1.209323e+00 1.413073e+00 -5.640030e-01 1.971521e+00 4.675489e-02 1.169135e+00 -3.777170e-01 2.920985e-01 1.791299e-01 4.134684e-01 -7.263448e-01 1.603976e+00 -3.425444e-02 
4.578868e+00 -1.301739e+01 4.011422e+00 -2.168652e+01 -4.332139e+00 3.635600e-01 5.204040e+00 -1.197358e+00 -1.088007e+01 -3.000172e+00 -4.346098e+00 -1.210349e+01 9.212608e-01 -1.071657e+00 -1.684728e+00 4.897530e-01 -5.069029e-01 9.089960e-01 2.632085e+00 1.099432e+00 1.726425e-01 -3.490795e+00 -1.145910e+00 -4.109919e+00 9.995131e-01 2.617613e-02 -2.977073e-01 1.463313e+00 -4.591802e-01 1.714083e+00 -2.611580e-01 1.145271e-01 -4.455361e-01 -1.069644e-02 5.950066e-01 2.707704e-01 3.768188e-01 1.271511e+00 -1.348225e-02 
5.107389e+00 -1.251790e+01 6.875607e+00 -1.845423e+01 -7.948886e-01 5.447809e+00 8.042149e+00 3.079126e+00 -1.206266e+01 -8.382751e-01 -7.082813e+00 -8.319554e+00 9.476302e-01 -5.306703e-01 -4.348655e-01 5.836491e-01 9.845873e-01 6.500615e-01 2.119680e+00 7.493876e-01 9.712178e-01 -1.784748e+00 -5.850703e-01 -2.631023e+00 1.644550e+00 2.179178e-02 2.373053e-01 6.964087e-01 -3.348708e-01 7.765671e-01 -2.388875e-01 -7.175077e-01 -4.015758e-01 -2.615606e-01 1.022448e+00 1.309783e-01 9.978330e-01 4.145604e-01 -5.392785e-03 
2.416367e+00 -1.486312e+01 4.156528e+00 -2.059028e+01 -4.779824e+00 2.310875e+00 4.904335e+00 2.689037e-01 -1.569153e+01 -4.909874e+00 -1.064363e+01 -8.362083e+00 9.711711e-01 -6.051726e-01 -6.318858e-01 2.302984e-01 5.630111e-01 6.527621e-01 4.452333e-01 1.634678e-01 -5.775016e-01 -6.694591e-01 -9.926984e-01 -1.433394e+00 9.674714e-01 1.947652e-02 3.994033e-01 3.597994e-01 1.455285e-01 2.815436e-01 3.960323e-01 -5.667510e-01 2.458262e-03 -3.454212e-01 1.228105e+00 4.467025e-01 1.259591e+00 -5.816786e-02 -4.760867e-03 
3.055298e+00 -1.235930e+01 5.974084e+00 -1.648374e+01 -2.106406e+00 6.025119e+00 7.362423e+00 2.190247e+00 -1.278578e+01 -4.375348e+00 -9.556442e+00 -7.407630e+00 9.884228e-01 -1.093471e-01 -4.312081e-01 4.382112e-01 5.529885e-01 1.309119e+00 2.008646e-01 4.271933e-01 -1.053267e+00 4.283678e-01 -2.921901e-01 -2.463272e-01 8.410904e-01 1.293928e-02 2.901879e-01 3.847560e-02 3.204138e-02 -1.098023e-01 3.234960e-01 -4.513853e-01 -1.614033e-02 -4.440359e-01 6.179431e-01 3.703882e-01 8.234513e-01 -2.157136e-01 -5.467758e-03 
2.579268e+00 -1.625630e+01 5.613922e+00 -1.985677e+01 -4.125870e-01 2.301259e+00 6.361434e+00 -3.640340e+00 -1.386639e+01 -6.195169e+00 -1.027602e+01 -7.721892e+00 9.982432e-01 7.146400e-01 1.124662e-01 1.290075e+00 1.116760e+00 2.559718e+00 7.577798e-01 1.272838e+00 -5.422342e-01 1.543328e+00 9.411916e-01 9.956622e-01 1.110451e+00 6.805391e-03 2.280851e-01 1.597733e-01 -4.731131e-02 7.972342e-02 3.739987e-02 -7.468492e-02 -3.843359e-02 6.298427e-02 1.527883e-01 4.129041e-01 4.845770e-01 -8.468321e-02 -5.590163e-03 
4.479318e+00 -1.397717e+01 8.338209e+00 -1.605529e+01 3.566964e+00 6.457044e+00 9.449368e+00 -2.324633e-01 -1.083366e+01 -1.656719e+00 -8.497848e+00 -4.434374e+00 9.987878e-01 2.604601e-01 -6.147121e-01 2.140365e-01 1.585047e-01 1.313980e+00 -2.936192e-01 1.142308e-01 -1.266542e+00 1.985556e-01 2.999806e-01 2.718461e-01 4.945146e-01 7.919759e-04 4.895449e-03 1.000558e-01 -2.992978e-01 4.896075e-02 -4.185528e-01 -1.785600e-01 -3.003794e-01 1.377861e-01 -3.401859e-01 9.376625e-02 1.363244e-01 -1.170656e-01 -4.448733e-03 
5.277530e+00 -1.349181e+01 9.424650e+00 -1.522071e+01 5.181553e+00 5.883965e+00 1.022463e+01 -1.231143e+00 -8.950891e+00 -1.563666e+00 -6.194397e+00 -4.296625e+00 9.999999e-01 3.502414e-01 2.587605e-01 1.058998e-01 1.158887e+00 8.372678e-01 3.190070e-01 1.277710e-01 -1.559630e-01 2.092637e-01 7.757204e-01 7.303439e-01 7.173359e-01 -2.398067e-03 -1.103280e-01 1.143003e-01 -4.202068e-01 1.033543e-01 -6.637731e-01 -1.755724e-01 -3.811612e-01 2.509755e-01 -5.135267e-01 -3.606690e-02 -7.208858e-02 -3.506357e-02 -3.033421e-03 
3.008238e+00 -1.681458e+01 5.138790e+00 -1.800904e+01 1.666226e+00 2.765877e+00 6.001703e+00 -5.347150e+00 -1.425089e+01 -5.191148e+00 -1.023761e+01 -6.647380e+00 9.915147e-01 9.739339e-02 -3.933229e-03 -4.662969e-01 7.767746e-01 7.753190e-02 -4.726346e-01 -5.024620e-01 -5.574610e-01 -6.055400e-01 2.593540e-01 5.678998e-01 4.523876e-01 -4.702860e-03 5.123466e-02 3.026021e-01 -1.074716e-01 2.875577e-01 -3.213024e-01 -5.515089e-02 6.176084e-02 4.358275e-01 -3.346637e-02 8.177601e-02 1.288496e-01 1.561835e-01 -1.647180e-03 
5.066212e+00 -1.354376e+01 7.743271e+00 -1.308590e+01 4.724253e+00 5.741657e+00 8.724411e+00 -1.862919e+00 -1.111057e+01 -5.495992e-01 -5.754432e+00 -3.028663e+00 9.898809e-01 2.445050e-01 3.786583e-01 -4.707988e-01 1.324417e+00 -1.408935e-01 -3.045288e-02 -3.249013e-01 3.580173e-01 -6.220140e-01 7.810892e-01 4.871003e-01 9.561255e-01 -5.609063e-03 -8.548275e-03 -3.181570e-02 -2.123597e-01 -2.298193e-01 -3.555460e-01 -6.135944e-01 1.141314e-02 -2.670619e-02 -2.145201e-02 -4.092596e-01 -1.166125e-01 -9.186919e-02 -1.171329e-03 
5.072094e+00 -1.397124e+01 6.847702e+00 -1.323905e+01 4.183493e+00 4.164728e+00 7.687491e+00 -2.704162e+00 -1.278170e+01 -8.668255e-01 -5.878605e+00 -2.806233e+00 9.803240e-01 5.694214e-01 8.382134e-01 -3.503627e-02 1.513750e+00 1.964668e-01 -3.945223e-01 6.493750e-01 6.556779e-01 4.469834e-01 7.062465e-01 1.037805e+00 1.156045e+00 -5.834304e-03 3.386489e-02 -6.644087e-02 -1.473278e-01 -3.336566e-01 -2.251342e-01 -7.252064e-01 4.973751e-02 6.338787e-02 2.508948e-01 -6.367075e-01 -1.708863e-01 -1.282994e-01 -1.465102e-03 
5.468032e+00 -1.302012e+01 6.216301e+00 -1.098395e+01 3.218893e+00 5.032039e+00 7.757662e+00 -7.625474e-01 -1.279598e+01 1.800213e-01 -5.938458e+00 -1.436654e+00 9.775482e-01 7.143252e-02 -3.214874e-01 -1.171528e+00 -3.585995e-01 -1.000012e+00 -2.788050e+00 -3.910634e-01 -8.959886e-01 -4.243261e-01 -1.494000e+00 -8.779112e-02 -9.389752e-02 -7.693854e-03 2.684560e-02 -1.577155e-01 -1.232309e-01 -5.068430e-01 -2.171056e-01 -9.640195e-01 -2.963090e-01 8.415121e-02 3.946816e-01 -9.340090e-01 -4.071093e-01 -2.100998e-02 -3.480201e-03 
5.654915e+00 -1.288477e+01 5.727031e+00 -1.149177e+01 3.401582e+00 1.147794e+00 9.732164e+00 -2.618686e+00 -1.117380e+01 -2.024701e+00 -4.956689e+00 -1.663223e+00 9.685008e-01 3.533513e-01 1.403553e-02 -8.525389e-01 -4.993436e-02 -6.185776e-01 -2.719872e+00 -2.207343e-01 3.864080e-01 5.501106e-01 -1.786560e+00 8.243336e-04 3.357767e-01 -1.098866e-02 1.272571e-01 2.505286e-02 7.948298e-02 -1.932021e-01 -9.528089e-02 -6.494067e-01 -8.156919e-01 4.495053e-01 5.905092e-01 -6.214446e-01 -6.535929e-01 3.585734e-01 -6.801976e-03 
5.132277e+00 -1.569484e+01 2.445756e+00 -1.575208e+01 1.150967e-01 -6.689928e+00 5.746806e+00 -6.385358e+00 -1.403671e+01 -7.440282e+00 -6.654015e+00 -4.069679e+00 9.573101e-01 4.868064e-01 2.109364e-03 -6.780685e-01 -4.279748e-01 -8.189629e-01 -3.687899e+00 -1.371187e+00 9.133558e-01 1.299842e+00 -2.642523e+00 -1.029924e+00 1.261100e+00 -2.043831e-02 3.619274e-01 5.030665e-01 4.559424e-01 5.144457e-01 3.012604e-01 1.161740e-01 -9.366140e-01 7.362456e-01 8.888122e-01 2.136405e-01 -5.312565e-01 7.089127e-01 -1.059654e-02 
7.006988e+00 -1.256393e+01 4.470182e+00 -1.110486e+01 2.642748e+00 -3.573378e+00 7.588575e+00 2.039567e+00 -9.410874e+00 -5.989501e+00 -5.516360e+00 1.892285e-01 9.354908e-01 9.981813e-01 8.016398e-01 1.157304e-01 5.824299e-01 -3.703374e-01 -3.191663e+00 -2.939076e+00 1.998687e+00 2.537368e+00 -1.826706e+00 -1.759127e+00 2.271412e+00 -3.347611e-02 3.644258e-01 5.937385e-01 3.241456e-01 6.682059e-01 3.203893e-01 4.875887e-01 -8.954717e-01 1.020445e-01 4.336159e-01 6.418190e-01 -3.982881e-01 3.490224e-01 -1.111524e-02 
7.225998e+00 -1.317006e+01 3.454435e+00 -1.331718e+01 -4.964319e-01 -1.104687e+01 1.973651e+00 1.474685e+00 -7.177764e+00 -1.105032e+01 -1.080844e+01 3.942306e+00 8.918697e-01 1.558774e+00 1.799940e+00 6.240740e-01 1.897428e+00 3.821608e-01 -1.971182e+00 -3.714866e+00 1.979138e+00 3.025987e+00 -4.056561e-01 -1.863902e+00 2.482887e+00 -4.943680e-02 2.768632e-01 5.937385e-01 1.017815e-01 7.677321e-01 3.733429e-01 1.123287e+00 -1.507766e-01 -3.508923e-01 -1.036893e-01 8.460763e-01 1.818234e-01 -2.622860e-01 -6.290934e-03 
9.598460e+00 -1.013895e+01 5.801445e+00 -9.796573e+00 1.855453e+00 -1.263226e+01 -3.076104e+00 3.444340e+00 -1.915497e+00 -9.353157e+00 -1.167542e+01 5.687871e+00 8.338606e-01 1.639631e+00 2.083782e+00 1.170166e-01 2.128261e+00 3.828090e-01 -1.140290e+00 -3.526227e+00 3.638133e-01 1.855016e+00 3.040673e-01 -1.573658e+00 1.469949e+00 -5.206636e-02 -6.059809e-02 1.367629e-01 -2.776532e-01 2.181554e-01 7.579735e-02 1.081883e+00 5.465767e-01 -8.218569e-01 -7.470036e-01 3.346996e-01 4.455315e-01 -7.636218e-01 2.277442e-03 
1.163019e+01 -7.906757e+00 4.900666e+00 -6.918953e+00 2.419290e+00 -1.201687e+01 -7.495168e+00 2.808172e+00 -2.653918e+00 -7.786588e+00 -1.289437e+01 5.595286e+00 7.609540e-01 1.550255e+00 2.329939e+00 -1.698167e-01 2.637692e+00 6.711262e-01 9.028037e-01 -1.831552e+00 -2.373492e-02 1.122582e+00 5.224252e-01 -2.136905e-01 3.502743e-01 -4.260099e-02 -4.107298e-01 -3.573033e-01 -3.174113e-01 -3.547860e-01 -8.861368e-02 6.979817e-01 9.271277e-01 -6.523868e-01 -7.449476e-01 -1.238919e-01 5.699572e-01 -7.888182e-01 1.100188e-02 
1.300308e+01 -4.776304e+00 4.332517e+00 -3.661868e+00 3.098895e+00 -8.789935e+00 -5.308040e+00 3.191630e+00 -2.397918e+00 -6.101059e+00 -1.234184e+01 6.712704e+00 7.406104e-01 6.993610e-01 1.220487e+00 -8.755076e-01 1.303118e+00 -1.358164e-01 7.806681e-01 -1.147928e+00 -1.109066e+00 -2.459127e-01 -6.172029e-01 -3.564892e-01 -4.802892e-01 -2.550362e-02 -6.255914e-01 -7.563694e-01 -1.449737e-01 -7.586924e-01 -1.064511e-01 8.989886e-02 7.409539e-01 -2.019165e-01 -4.154844e-01 -3.422554e-01 4.130787e-01 -5.287130e-01 1.516673e-02 
1.327503e+01 -4.202076e+00 3.339838e+00 -3.195596e+00 2.237370e+00 -8.453780e+00 -6.068082e+00 1.482117e+00 -1.323435e+00 -1.006427e+01 -1.154321e+01 5.181289e+00 7.254845e-01 -2.483902e-02 4.452858e-01 -4.667563e-01 5.359187e-01 1.984113e-01 5.583111e-01 -2.682787e-01 -5.462619e-01 3.517637e-01 -5.644765e-01 3.772552e-01 -4.861723e-01 -7.704330e-03 -6.575351e-01 -8.941031e-01 6.207212e-04 -9.201166e-01 -7.985207e-02 -3.949664e-01 5.400640e-01 2.007936e-01 -2.003824e-01 -2.410859e-01 1.877197e-01 -8.118118e-02 1.558749e-02 
1.227319e+01 -5.888756e+00 2.204284e+00 -5.143150e+00 1.267386e+00 -1.051071e+01 -9.529273e+00 -1.438582e+00 -3.809995e+00 -1.130093e+01 -1.413342e+01 3.493307e+00 7.240615e-01 -7.006328e-01 -7.557589e-01 -4.593144e-01 -6.141762e-01 8.693004e-02 -5.185085e-01 -6.030900e-01 -3.844642e-01 1.628070e-01 -8.636870e-01 1.963276e-01 -7.553228e-01 6.318241e-03 -4.654564e-01 -6.014327e-01 9.144964e-02 -5.970021e-01 3.464223e-02 -1.998559e-01 7.660651e-01 5.566853e-01 -1.273968e-01 -1.378570e-01 3.075490e-01 1.283947e-01 1.328321e-02 
1.187092e+01 -5.124942e+00 3.631167e+00 -3.498796e+00 4.327336e+00 -8.364934e+00 -6.726249e+00 2.391605e+00 -1.892858e-01 -8.008646e+00 -1.011254e+01 4.774065e+00 7.307022e-01 -1.037448e+00 -1.152503e+00 -3.748814e-01 -1.004275e+00 1.603867e-01 -4.223778e-01 5.964453e-01 6.179546e-01 -8.364391e-02 -5.596686e-01 4.484433e-01 8.196426e-02 1.942413e-02 -2.744485e-01 -3.565911e-01 -9.749936e-02 -4.068909e-01 -2.126375e-01 -1.497207e-02 7.897360e-01 2.984217e-01 -6.684926e-01 -4.248046e-01 9.467896e-02 -1.305734e-01 9.037278e-03 
1.020164e+01 -8.094065e+00 1.889886e+00 -6.581650e+00 2.488904e+00 -1.142725e+01 -7.994394e+00 8.148667e-01 -2.151098e+00 -1.144685e+01 -1.207563e+01 3.139527e+00 7.696150e-01 -1.121415e+00 -9.877627e-01 -4.640919e-01 -9.117225e-01 5.635912e-02 2.716722e-01 2.249884e+00 1.092247e+00 -6.651759e-01 -1.308977e+00 1.145537e+00 -1.223674e-01 2.734948e-02 -3.073637e-02 2.664168e-02 -1.389621e-02 -8.040668e-03 -1.623368e-01 3.423475e-01 9.177344e-01 1.103408e-01 -7.549061e-01 -3.291084e-01 1.018288e-01 -3.612069e-01 2.946081e-03 
9.123334e+00 -8.861981e+00 1.622368e+00 -7.498074e+00 2.428905e+00 -1.010763e+01 -3.853477e+00 3.445354e+00 -2.571304e+00 -1.278925e+01 -1.033007e+01 5.767660e+00 7.998317e-01 -1.186588e+00 -1.221675e+00 -9.518556e-01 -1.349585e+00 -8.494259e-01 8.837128e-02 2.253884e+00 2.075169e-01 -2.576653e+00 -2.465833e+00 3.759877e-01 -1.455513e+00 2.696709e-02 1.468279e-01 2.204769e-01 1.295075e-01 2.008049e-01 -5.412577e-02 2.983768e-01 4.128171e-01 -1.553671e-01 -5.718638e-01 -1.313964e-01 -6.656372e-02 -5.973437e-01 -3.539873e-03 
8.039595e+00 -8.959053e+00 8.879045e-01 -7.702067e+00 2.498520e+00 -8.280703e+00 2.840584e-01 3.496369e+00 -5.944683e+00 -1.545500e+01 -8.296848e+00 2.384922e+00 8.262362e-01 -7.798675e-01 -5.881565e-01 -2.402847e-01 -4.816898e-01 -2.198594e-01 9.377692e-01 3.156767e+00 3.723600e-01 -2.365292e+00 -1.556182e+00 7.416453e-01 -1.792634e+00 1.727648e-02 2.628246e-01 2.912613e-01 2.447602e-01 2.332707e-01 1.049794e-01 2.532166e-02 -2.707594e-01 -2.084190e-01 -8.525018e-02 2.511910e-01 -9.223811e-02 -3.059022e-01 -8.304502e-03 
7.018753e+00 -1.080068e+01 -6.271595e-01 -9.686825e+00 7.509738e-02 -9.496092e+00 4.036867e-01 2.088555e+00 -1.117533e+01 -1.833383e+01 -1.012147e+01 -2.126148e+00 8.372161e-01 -4.740161e-01 -2.499304e-01 1.607491e-01 -2.153075e-01 2.794869e-02 7.365474e-01 2.207109e+00 2.011315e-01 -2.092977e+00 -1.093023e+00 3.176853e-01 -2.069559e+00 6.758248e-03 3.362297e-01 4.476224e-01 2.095468e-01 3.114547e-01 2.737189e-01 -1.465012e-01 -6.834353e-01 -1.432890e-02 4.875841e-01 4.241891e-01 3.311806e-01 1.916586e-01 -9.882001e-03 
7.354508e+00 -1.006513e+01 1.813239e+00 -7.895521e+00 2.566596e+00 -7.043775e+00 5.660995e+00 3.355486e+00 -9.675543e+00 -1.645585e+01 -8.471494e+00 -1.876244e+00 8.373039e-01 -1.637026e-01 -1.729054e-02 2.033790e-01 -3.127148e-01 1.426706e-01 7.424874e-02 9.195628e-01 5.338178e-02 -1.333032e+00 -7.394032e-01 7.135503e-01 -1.344785e+00 -4.069042e-03 3.616895e-01 4.873428e-01 -1.817564e-01 1.194807e-01 -1.315141e-01 -6.050913e-01 -1.204196e+00 -1.477434e-01 4.145342e-01 1.810834e-01 5.794284e-01 4.184718e-01 -8.841556e-03 
7.096130e+00 -9.558802e+00 1.963555e+00 -8.478361e+00 2.534288e+00 -7.043390e+00 4.493878e+00 4.521401e+00 -1.117023e+01 -1.775437e+01 -8.654180e+00 -2.449443e+00 8.280984e-01 1.863634e-01 7.308778e-01 -1.259924e-01 1.231123e-01 3.378708e-01 -2.123902e-01 -4.471220e-02 2.953416e-01 -6.549620e-01 -7.532660e-01 2.046056e+00 -7.211799e-01 -1.176915e-02 5.099869e-01 7.637416e-01 -1.480471e-01 2.050627e-01 -4.686789e-01 -5.728793e-01 -1.191922e+00 -4.250663e-01 4.846287e-01 2.975439e-01 7.049219e-01 5.153915e-01 -6.388858e-03 
7.182558e+00 -9.666356e+00 6.092250e-01 -9.869738e+00 1.981990e+00 -9.136090e+00 2.836835e+00 2.547015e+00 -1.261240e+01 -1.944201e+01 -5.462760e+00 -4.177319e+00 8.104603e-01 6.982793e-01 1.358035e+00 -1.005694e+00 -5.353624e-02 -1.032311e+00 -1.613249e+00 -1.738156e+00 -4.135426e-01 -1.011789e+00 -8.205763e-01 2.774625e+00 -3.742889e-01 -1.766732e-02 5.356251e-01 1.008145e+00 3.508581e-01 6.483538e-01 -7.928933e-01 -5.116748e-02 -1.069434e+00 -8.062508e-01 7.023649e-01 5.299571e-01 1.832162e-01 1.822896e-01 -2.545330e-03 
8.036427e+00 -7.345746e+00 -6.550646e-01 -8.084014e+00 2.056604e+00 -9.511861e+00 1.591939e+00 3.969357e+00 -1.298161e+01 -2.060729e+01 -1.395877e+00 -4.581531e+00 7.918032e-01 1.645040e+00 2.881087e+00 2.504990e-02 6.804636e-01 -1.727989e+00 -1.284145e+00 -2.423627e+00 -1.690733e+00 1.693966e-01 4.353224e-01 2.811804e+00 2.208301e-02 -1.838495e-02 3.279612e-01 8.746845e-01 9.682855e-01 7.593230e-01 -8.218659e-01 3.723380e-01 -7.402329e-01 -9.400240e-01 8.412045e-01 6.187413e-01 -5.430026e-01 -9.218755e-02 1.651644e-03 
1.037540e+01 -4.381180e+00 -1.905960e+00 -8.360553e+00 -2.356017e+00 -1.387572e+01 -1.578847e+00 1.563877e+00 -1.382865e+01 -1.913218e+01 1.772763e+00 -2.682034e+00 7.671028e-01 1.785120e+00 3.948399e+00 1.882117e+00 2.650533e+00 -2.788897e+00 3.543621e-01 -3.238037e+00 -2.984918e+00 1.766550e+00 1.315966e+00 1.246616e+00 -8.050137e-01 -1.348727e-02 -9.825242e-02 3.518553e-01 1.131241e+00 7.068455e-01 -4.015881e-01 6.925045e-01 -2.904036e-02 -5.191067e-01 8.586158e-01 3.035814e-01 -7.976574e-01 -2.165323e-01 4.825003e-03 
1.372527e+01 2.204211e+00 3.346535e+00 -5.830778e+00 -3.936376e+00 -1.109417e+01 -5.416677e+00 -3.441009e+00 -9.715320e+00 -1.573258e+01 1.787056e+00 -3.086623e+00 7.578269e-01 1.282804e+00 3.809102e+00 3.271540e+00 2.567690e+00 -2.893248e+00 6.655450e-01 -2.996006e+00 -3.119111e+00 2.161926e+00 1.272054e+00 9.503766e-02 -9.667981e-01 -5.603825e-03 -5.126879e-01 -4.682463e-01 3.593917e-01 1.638684e-01 5.160693e-02 2.384724e-01 5.771986e-01 2.677476e-01 1.815071e-01 -2.661949e-01 -5.218781e-01 7.299900e-02 5.013201e-03 
1.326417e+01 5.300484e+00 8.018974e+00 2.256442e+00 -8.965911e+00 -6.573389e+00 -9.849268e+00 -8.672254e+00 -5.413306e+00 -1.529956e+01 -8.210196e-01 -8.949960e+00 7.600054e-01 3.882362e-01 2.653535e+00 3.027245e+00 2.536839e+00 -2.457694e+00 8.743638e-01 -1.597215e+00 -2.294895e+00 2.284987e+00 2.789861e-01 1.446792e-01 -9.624909e-01 6.387084e-05 -4.673005e-01 -9.448355e-01 -5.461838e-01 -4.557493e-01 5.589773e-01 -3.842801e-01 8.286240e-01 6.837319e-01 -3.829750e-01 -2.878338e-01 5.609772e-02 8.924280e-01 2.470230e-03 
1.300624e+01 6.859103e+00 1.074028e+01 -5.542125e-01 -9.104754e+00 -9.835323e+00 -9.253240e+00 -6.507997e+00 -6.379678e+00 -1.616295e+01 3.764886e-01 -6.281556e+00 7.673311e-01 -2.198159e-01 1.187412e+00 1.249466e+00 1.556503e+00 -1.635628e+00 -3.517651e-01 -3.582901e-01 -6.971552e-01 8.176482e-01 -3.770492e-01 7.533692e-01 4.659397e-01 -9.851231e-05 -2.132974e-01 -8.181688e-01 -1.011445e+00 -3.419061e-01 7.335811e-01 -5.645677e-01 3.114328e-01 4.503573e-01 -4.262780e-01 1.362540e-01 1.738378e-01 1.148212e+00 -1.321276e-03 
1.267592e+01 6.558773e+00 9.533294e+00 1.685383e+00 -1.206009e+01 -1.013340e+01 -7.646923e+00 -8.376974e+00 -4.071094e+00 -1.752173e+01 3.201643e+00 -5.896915e+00 7.626932e-01 2.000199e-01 5.349706e-01 1.623110e-01 8.774706e-01 -6.228986e-01 -1.058379e+00 -4.138355e-01 -7.772191e-01 5.235875e-01 7.014386e-01 1.197925e+00 2.940716e+00 -3.890945e-03 3.422180e-02 -3.466199e-01 -8.547340e-01 -3.031068e-01 7.026536e-01 -5.237378e-01 -4.155404e-01 8.056359e-02 -4.075819e-01 6.064407e-01 -2.178709e-01 9.157142e-01 -4.577259e-03 
1.291982e+01 7.512629e+00 8.836410e+00 2.237221e+00 -1.056742e+01 -1.107302e+01 -8.308894e+00 -7.074231e+00 -6.297575e+00 -1.650661e+01 3.542895e+00 -2.283844e+00 7.559999e-01 3.104888e-01 7.776284e-01 -3.531989e-01 1.687893e+00 -1.428380e-01 -1.190936e+00 -2.030654e+00 -1.626092e+00 9.113852e-01 1.742105e+00 4.377756e-01 2.822635e+00 -1.023436e-02 7.722982e-02 1.067946e-01 -2.762800e-01 -2.455200e-01 4.675913e-01 -2.864589e-02 -4.886197e-01 7.249145e-02 -3.056847e-01 6.824166e-01 -3.782779e-01 -3.620059e-02 -7.328319e-03 
1.430764e+01 7.648894e+00 9.782208e+00 5.247530e+00 -1.134856e+01 -1.124610e+01 -1.239063e+01 -1.227541e+01 -2.835973e+00 -1.162080e+01 3.585328e+00 3.754502e+00 7.462146e-01 2.942633e-01 1.125237e+00 -4.450738e-01 9.557723e-01 3.091363e-01 -1.324760e+00 -2.838756e+00 -1.427652e+00 2.002030e-01 2.251580e+00 -7.867864e-01 2.437819e+00 -1.775113e-02 -1.682668e-01 1.479941e-01 -6.899312e-03 -4.224319e-01 1.606209e-01 4.512401e-01 6.257492e-02 5.379849e-01 -6.245471e-01 1.699395e-01 -3.587319e-01 -1.071027e+00 -1.003501e-02 
1.374291e+01 1.020239e+01 8.849804e+00 6.103809e+00 -1.017435e+01 -1.523380e+01 -1.703416e+01 -1.268961e+01 -2.440755e+00 -1.040318e+01 2.373080e+00 3.005542e+00 7.243953e-01 1.192979e-01 1.426412e+00 1.717741e-01 2.897383e-01 2.362198e-01 -3.617970e-01 -1.588906e+00 -9.490431e-03 -5.488694e-01 2.259994e+00 -1.456711e-01 5.362213e-01 -2.980415e-02 -3.461880e-01 -1.038054e-01 1.828998e-01 -4.923665e-01 8.322500e-03 9.195206e-01 7.336271e-01 7.967418e-01 -5.873475e-01 -2.212809e-01 -7.600802e-03 -8.749590e-01 -1.262694e-02 
1.373567e+01 1.084042e+01 7.301254e+00 4.530760e+00 -1.071088e+01 -1.467726e+01 -1.747758e+01 -1.270718e+01 -4.998709e+00 -9.315619e+00 -1.474492e-01 3.647615e+00 6.897339e-01 -5.456789e-01 9.506374e-01 -1.347205e-01 -5.355613e-01 -9.211721e-03 7.832004e-01 -3.218240e-01 1.104527e+00 -1.868930e+00 1.292167e+00 -3.039959e-01 -1.271247e+00 -4.428244e-02 -5.485577e-01 -4.565220e-01 1.363410e-01 -1.787788e-01 1.894539e-01 8.554031e-01 1.028011e+00 3.536710e-01 6.341947e-02 -3.502676e-01 1.387851e-01 -4.490305e-01 -1.532598e-02 
1.380264e+01 1.304846e+01 1.093562e+01 4.044646e+00 -9.705130e+00 -1.116648e+01 -1.371035e+01 -6.905644e+00 -7.961061e+00 -6.359070e+00 4.680997e+00 4.511761e-01 6.352208e-01 -1.000400e+00 3.460601e-01 4.061469e-01 -2.832310e-02 5.808751e-02 2.352653e+00 3.790334e-01 1.091461e+00 -9.910314e-01 1.115477e+00 1.583042e-01 3.022642e-01 -6.010171e-02 -6.363583e-01 -7.704496e-01 -1.918594e-01 -4.024035e-02 7.277865e-01 4.805029e-01 1.129896e+00 -2.339360e-01 1.026046e+00 -2.139649e-02 -1.597437e-01 1.257113e-01 -1.885431e-02 
1.154964e+01 1.097850e+01 8.065855e+00 3.599455e+00 -1.162933e+01 -9.363783e+00 -1.566160e+01 -9.644581e+00 -9.421073e+00 -7.182272e+00 9.115930e-01 -1.324498e+00 5.693940e-01 -1.888883e+00 -6.170974e-01 1.194054e-01 2.208328e-01 1.345523e+00 1.595003e+00 1.317459e+00 -2.096991e-01 7.382436e-01 1.072447e+00 -2.448485e-01 3.097231e-01 -7.923149e-02 -4.288729e-01 -8.195384e-01 -3.674358e-01 2.456715e-01 1.153021e+00 1.823216e-01 1.575761e+00 -2.191370e-01 1.359557e+00 3.780619e-01 6.496537e-02 5.611908e-01 -2.354703e-02 
9.834212e+00 1.186354e+01 1.049807e+01 6.428091e+00 -9.425134e+00 -6.127233e+00 -1.604754e+01 -8.763473e+00 -5.184334e+00 -5.892747e+00 2.634826e+00 7.002879e+00 4.840493e-01 -2.390929e+00 -1.641953e+00 -9.146463e-01 -2.895375e-01 3.197818e+00 1.634741e+00 3.240778e+00 -5.220954e-01 3.277709e+00 2.262878e+00 -9.740512e-01 3.744369e-01 -1.066061e-01 -4.352575e-02 -7.566981e-01 -7.118533e-01 4.405195e-01 1.092214e+00 5.232458e-02 1.678774e+00 1.950535e-01 5.508040e-01 4.305651e-01 2.857281e-01 2.186743e-01 -2.348124e-02 
6.275294e+00 8.347994e+00 8.116828e+00 4.443334e+00 -4.123296e+00 -9.221860e+00 -9.721608e+00 -1.282711e+01 -2.695224e+00 -4.186598e+00 -3.488950e-01 1.920115e+00 3.691730e-01 -1.994890e+00 -2.153188e+00 -1.311454e+00 8.232858e-01 4.186026e+00 2.053645e+00 6.126063e+00 8.157073e-01 2.794527e+00 2.608805e+00 5.870171e-01 1.498629e+00 -1.387685e-01 4.516911e-01 -2.889843e-01 -5.400696e-01 9.226632e-01 3.905171e-01 1.747761e-01 6.254172e-01 4.923325e-01 -7.731525e-01 -9.903683e-02 5.814712e-01 2.588339e-01 -1.077403e-02 
4.484748e+00 6.154079e+00 6.337224e+00 2.175217e+00 2.530827e+00 -3.063376e+00 -4.764061e-01 -7.925271e+00 5.064822e+00 3.457497e+00 4.403617e-01 7.010802e-01 2.023134e-01 -1.165089e+00 -2.669353e+00 -2.437656e+00 1.872998e+00 4.098850e+00 2.384892e+00 6.368556e+00 1.554063e+00 7.349488e-01 2.500147e+00 1.170886e+00 8.010646e-01 -1.477415e-01 6.208678e-01 2.035478e-01 -1.279065e-01 1.179835e+00 -4.493755e-01 -4.094829e-01 -1.271577e+00 3.239982e-02 -2.148057e+00 -1.002791e+00 7.140681e-01 2.474182e-01 1.188473e-02 
4.249900e+00 3.067376e+00 3.589496e+00 9.842668e+00 3.323122e+00 -6.272129e-01 7.183192e+00 -5.985345e+00 -5.727750e-01 1.186686e+00 4.944083e+00 9.319760e+00 1.642784e-02 -2.432078e-01 -1.548134e+00 -1.819430e+00 3.752864e+00 2.847603e+00 2.093772e+00 2.880732e+00 1.213767e+00 -1.856246e+00 4.585605e-01 1.589988e+00 1.390527e+00 -1.125305e-01 4.788759e-01 4.339258e-01 5.790376e-02 3.933643e-01 -8.829179e-01 -8.121904e-01 -2.425065e+00 -2.494524e-01 -1.769766e+00 -8.939757e-01 2.181761e-01 -2.500517e-01 3.214435e-02 
5.021414e+00 1.156473e+00 5.735064e-01 1.309355e+01 7.346134e+00 1.499718e+00 7.342978e+00 -4.414012e+00 -2.570794e+00 3.921176e+00 5.842772e+00 7.308861e+00 -7.828052e-02 -1.622153e-01 -9.267007e-01 -1.300153e+00 4.144999e+00 1.620121e+00 -4.327019e-01 -1.494587e+00 -5.590329e-01 -5.137206e+00 -1.675978e+00 2.094747e+00 1.665666e+00 -6.030076e-02 1.567619e-01 3.369534e-01 1.732545e-01 -4.702258e-01 -7.690170e-01 -5.870128e-01 -1.855710e+00 -1.817086e-03 -4.223589e-01 -3.364154e-01 3.418394e-02 -4.033222e-01 3.478066e-02 
4.790639e+00 3.105658e+00 1.901420e+00 1.774821e+01 7.706897e+00 -1.034907e+00 7.722943e-01 -8.513803e+00 -8.159435e+00 -2.125685e+00 4.899863e+00 5.568941e+00 -5.319361e-02 -1.017751e-01 -8.549847e-01 -1.590662e+00 1.654223e+00 1.010863e+00 -5.984713e-01 -2.067736e+00 6.250277e-01 -3.118153e+00 2.269809e-01 1.215986e+00 -1.837194e-01 -2.176881e-02 -1.011672e-01 4.231066e-02 2.808519e-02 -1.279316e+00 -4.606504e-01 1.355932e-01 -1.597941e-01 5.903641e-01 1.253162e+00 5.902187e-01 -1.939143e-01 -5.166606e-01 2.095191e-02 
3.403271e+00 1.501010e+00 6.802901e-01 1.894738e+01 8.439578e+00 -5.023383e+00 -4.743715e+00 -9.456061e+00 -1.682823e+01 -3.266114e+00 1.093654e+01 1.090462e+01 -6.438434e-02 -4.518412e-01 -1.331236e+00 -1.685844e+00 5.711545e-01 1.172144e+00 7.958620e-01 -4.358383e-01 1.839247e+00 -7.458984e-01 9.338997e-01 1.528834e+00 -4.283921e-01 -1.921782e-02 -1.379887e-01 1.038909e-01 2.265769e-02 -1.347601e+00 -2.764123e-01 7.599927e-01 9.101572e-01 4.632728e-01 2.062364e+00 7.748402e-01 -3.834313e-01 -4.300650e-01 6.890594e-03 
4.549909e+00 -1.379244e+00 -4.417052e+00 1.518682e+01 7.830357e+00 -3.579811e-01 2.887561e+00 -3.392234e-01 -9.035034e+00 5.915473e+00 8.477201e+00 6.602806e+00 -9.936196e-02 -6.043613e-01 -1.134375e+00 -1.486200e+00 -8.567547e-01 7.682402e-01 2.157372e+00 1.552412e+00 2.966527e+00 2.213984e+00 2.104699e+00 9.033500e-01 -1.457946e-01 -2.831128e-02 -1.568456e-01 5.416912e-01 3.421937e-01 -8.135117e-01 -1.489675e-01 5.798966e-01 3.793146e-01 -7.943219e-01 8.237291e-01 -4.354317e-02 -8.364903e-02 3.584112e-02 1.940827e-03 
2.882443e+00 -3.256879e+00 -4.696104e+00 1.723048e+01 1.314489e+01 5.140885e+00 4.105826e+00 6.949305e-01 -5.862579e+00 4.570433e+00 1.169810e+01 4.649490e+00 -1.512926e-01 -6.008458e-01 -2.675811e-01 -1.239148e+00 -1.337527e+00 3.592597e-01 1.989266e+00 1.246373e+00 5.866167e-01 2.508539e+00 1.259313e+00 3.339508e-01 -5.037164e-01 -2.257548e-02 -1.034277e-01 8.538656e-01 4.378943e-01 -5.926378e-01 -3.284932e-01 -2.342894e-01 -5.936986e-01 -1.516151e+00 -4.916824e-01 -6.824679e-01 -2.870943e-01 -1.771567e-03 5.635939e-03 
2.029027e+00 -1.870380e-01 -2.841341e+00 1.432372e+01 9.195334e+00 4.669730e+00 4.109630e+00 1.243258e+00 -2.572834e+00 4.480023e+00 9.035532e+00 7.967117e+00 -1.512926e-01 -8.116426e-01 1.321780e+00 -1.030237e-01 -1.459051e+00 6.723145e-01 1.704380e+00 -1.012372e+00 -2.720167e+00 -6.269562e-01 -1.534026e-01 1.395118e+00 3.300871e-02 -1.038627e-02 -1.225820e-01 6.697824e-01 4.160862e-01 -1.977793e-01 -4.363901e-01 -7.317561e-01 -1.077325e+00 -1.232056e+00 -8.578954e-01 -7.556788e-01 -4.982465e-01 -3.371930e-01 7.920329e-03 
1.659333e+00 -4.326799e-01 -6.303441e+00 1.269176e+01 9.553406e+00 2.408952e+00 8.771276e-01 -7.314441e+00 -7.516376e+00 3.747759e+00 1.232700e+01 7.704041e+00 -1.512926e-01 -8.654573e-01 1.710096e+00 -1.879161e-01 -2.090789e+00 -4.224052e-01 -1.490822e-01 -2.122050e+00 -2.898174e+00 -1.784089e+00 -1.349443e+00 -1.525364e-01 -5.268285e-01 1.012849e-06 -1.572620e-01 3.023830e-01 4.051985e-01 6.865311e-02 -6.926759e-01 -7.152479e-01 -4.848624e-01 2.576126e-01 3.105811e-01 -1.419196e-01 -1.084904e+00 -3.869036e-01 5.553315e-03 
1.103210e+00 3.817062e+00 -4.128326e+00 1.016075e+01 1.298797e+01 9.529747e+00 -5.592583e-01 -9.935469e+00 -1.134260e+01 5.559650e+00 1.513831e+01 5.240754e+00 -1.512926e-01 -1.085043e+00 1.225893e+00 6.859858e-02 -1.468917e+00 -1.022913e+00 -4.321175e-01 -2.149900e+00 -1.451524e+00 7.071741e-02 -3.693566e-01 -1.344673e+00 -1.820158e+00 1.012849e-06 -5.530388e-02 -1.345955e-01 1.796302e-01 2.722296e-01 -8.171884e-01 -3.351770e-01 2.714803e-01 1.422736e+00 1.806851e+00 5.246814e-01 -1.410222e+00 -4.059601e-01 2.077003e-03 
-9.819136e-01 3.291598e+00 -4.992270e+00 8.857419e+00 9.136105e+00 1.965489e+00 -4.170091e+00 -8.206361e+00 -1.039816e+01 -2.716783e+00 7.884030e+00 3.378517e+00 -1.512926e-01 -1.250543e+00 1.292521e+00 7.009733e-01 -9.892412e-01 -2.256444e+00 -5.187033e-01 -6.090908e-01 1.240389e+00 3.712623e+00 6.576869e-01 -3.720708e+00 -1.511612e+00 1.012849e-06 5.962211e-02 -2.968736e-01 6.391978e-02 2.842047e-01 -2.784718e-01 3.493567e-01 6.619255e-01 1.331566e+00 1.807300e+00 8.071151e-01 -5.053964e-01 -4.716149e-02 7.019033e-07 
-2.075155e+00 4.080022e+00 -3.154250e+00 8.896482e+00 4.289260e+00 2.730492e+00 -4.116406e+00 -5.568102e+00 -7.777785e-01 5.865245e+00 4.533598e+00 1.029268e+00 -1.512926e-01 -8.957450e-01 8.574542e-01 3.506544e-01 -6.487855e-01 -2.496583e+00 2.132340e-01 -4.113737e-01 2.324247e+00 5.658861e+00 1.466453e+00 -3.871956e+00 -1.504259e+00 1.012849e-06 1.152411e-01 -2.838344e-01 -3.831997e-02 2.149788e-02 3.085559e-01 2.782299e-01 5.909753e-01 5.280741e-01 2.765298e-01 1.483853e-01 5.674965e-01 4.062374e-01 7.019033e-07 
-3.003687e+00 5.897955e+00 -3.285591e+00 8.378126e+00 2.620441e+00 3.214724e+00 -3.893268e-01 -3.296072e+00 5.763975e+00 6.883541e+00 -9.737790e-01 2.251690e+00 -1.512926e-01 -6.619620e-01 4.098254e-01 -9.311303e-03 -1.079914e+00 -1.078006e+00 1.274957e+00 3.184104e-01 1.871764e+00 4.458236e+00 1.768227e+00 -1.415861e+00 -9.206790e-01 1.012849e-06 1.141108e-01 -2.847110e-01 3.880941e-02 -1.303995e-01 6.023315e-01 1.500330e-01 4.573410e-01 -4.805251e-02 -1.212865e+00 -2.882287e-01 1.359596e+00 3.223706e-01 7.019033e-07 
-2.364756e+00 6.801680e+00 -3.228292e+00 7.156641e+00 3.762730e+00 9.971672e+00 -4.506572e+00 -7.693043e-01 8.870646e+00 8.091644e+00 2.076493e-01 -1.717043e+00 -1.512926e-01 -8.031241e-01 2.481065e-01 2.321359e-01 -1.316072e+00 -6.927332e-02 6.217153e-02 3.413363e-01 8.732747e-01 1.080738e+00 -1.827307e-01 3.402880e-01 -8.444259e-02 1.012849e-06 -2.698878e-02 -2.064756e-01 1.953896e-01 5.960527e-02 5.254667e-01 -1.115315e-01 4.304764e-01 -2.818307e-01 -1.602015e+00 -7.084796e-01 9.885939e-01 5.259886e-01 7.019033e-07 
-4.147157e+00 3.980216e+00 -5.001572e+00 4.328006e+00 4.009649e+00 4.720114e+00 -2.382851e+00 -1.246684e+00 7.068960e+00 5.011377e+00 2.968038e+00 1.485814e-01 -1.512926e-01 -7.261881e-01 1.736872e-01 9.543642e-01 -1.307459e+00 -4.584854e-01 3.069298e-01 1.301149e+00 1.725684e+00 -6.255719e-02 4.107615e-02 9.711582e-01 -6.097167e-01 1.012849e-06 5.914623e-02 -4.951179e-02 1.739738e-01 3.806441e-01 9.052802e-02 -2.388474e-01 7.322058e-02 -1.975216e-01 -8.975364e-01 -5.204162e-01 9.031478e-02 4.744587e-01 7.019033e-07 
-5.518686e+00 6.278951e+00 -1.135405e+00 4.341027e+00 3.248123e+00 2.288567e+00 -1.413143e+00 -2.226444e+00 3.973509e+00 5.887451e+00 4.264259e+00 1.658544e+00 -1.512926e-01 -9.985067e-01 -5.672641e-02 8.458600e-01 -2.369187e-01 -1.791342e-01 1.396020e-01 1.249604e+00 9.882129e-01 -9.072772e-02 -1.212419e+00 -1.224346e-01 9.702029e-01 1.012849e-06 1.978069e-01 -9.273848e-02 -1.411155e-01 3.745767e-01 -1.700862e-01 -6.840339e-02 -9.629588e-02 -1.168002e-01 9.062585e-04 -1.826492e-02 -2.047319e-01 1.593217e-01 7.019033e-07 
-5.057588e+00 7.027726e+00 4.395616e-01 3.247891e+00 5.854738e-01 8.591283e+00 4.569967e+00 6.060638e+00 7.899683e+00 8.191042e+00 1.853609e+00 -2.484821e+00 -1.512926e-01 -2.684926e-01 3.147340e-01 5.537898e-01 2.837873e-01 -5.703987e-01 4.201038e-02 2.303993e-01 8.266118e-01 5.563707e-01 -3.189540e-01 -7.328144e-01 9.242939e-01 1.012849e-06 2.140465e-01 -1.200222e-01 -4.387454e-01 1.750451e-01 -4.822652e-02 -4.405458e-01 -4.454735e-01 -4.791497e-01 6.978001e-02 3.451381e-01 9.811459e-02 -8.413744e-02 7.019033e-07 
-6.902434e+00 4.993774e+00 -1.719553e+00 6.511797e+00 4.579256e+00 8.733975e+00 -1.734829e+00 5.182358e-01 8.001676e+00 4.396181e-01 1.522629e-01 4.450771e+00 -1.512926e-01 -4.295754e-02 -2.860269e-01 -2.731759e-01 -2.387980e-01 -8.637931e-01 -1.473291e-01 3.951892e-01 7.386889e-01 7.758043e-01 -9.402531e-02 1.686550e-01 -5.481713e-02 1.012849e-06 2.090497e-01 -3.543162e-02 -3.111010e-01 -7.419638e-02 -1.148287e-01 -4.768178e-01 -2.783993e-01 -1.685068e-01 2.159440e-01 8.303056e-01 5.011981e-01 -5.793787e-01 7.019033e-07 
-4.797853e+00 6.196918e+00 -1.940562e+00 4.661589e+00 4.920137e-01 1.707411e+00 -1.070321e+00 1.513875e+00 7.836449e+00 6.140703e+00 1.360044e+00 3.374000e+00 -1.512926e-01 -1.338206e-01 -3.119464e-01 -6.799060e-01 -4.314201e-01 -3.573745e-01 -1.752332e+00 -4.990770e-01 -5.454760e-01 -1.469040e-01 1.207548e+00 1.316220e+00 -5.177938e-01 1.012849e-06 4.181623e-03 2.538158e-02 -4.711514e-02 4.997198e-02 7.618132e-02 -9.467857e-02 -5.244185e-03 -2.053247e-01 1.613333e-01 3.823784e-01 4.833699e-01 -1.988857e-01 7.019033e-07 
-5.863945e+00 5.264026e+00 -1.311394e+00 2.439975e+00 -1.024116e+00 4.993577e+00 3.382983e+00 3.740296e+00 7.883875e+00 6.442596e+00 5.354568e+00 -1.545046e+00 -1.512926e-01 -2.064742e-02 7.939094e-02 -9.282556e-02 -2.505432e-01 -8.597962e-01 -1.347453e+00 2.222444e-01 8.317201e-01 1.340533e+00 2.175856e+00 1.358996e+00 -1.205483e+00 1.012849e-06 4.254977e-02 1.951655e-01 2.954387e-01 3.242281e-01 2.240116e-01 1.647027e-01 -1.388596e-02 -8.980342e-02 -2.048829e-02 4.924719e-02 -1.388977e-01 3.527519e-01 7.019033e-07 
-6.246308e+00 5.332842e+00 -3.164296e+00 3.126982e+00 1.600457e+00 1.699719e+00 -4.844377e-01 1.722327e+00 7.223988e+00 1.122743e+01 5.833839e+00 -2.075716e+00 -1.512926e-01 -2.587572e-01 2.589195e-01 2.280015e-01 5.393640e-01 -1.914490e-01 1.686263e-01 2.907146e-01 -2.464401e-01 1.080573e+00 4.580797e-01 1.089031e+00 5.051251e-01 1.012849e-06 1.400465e-01 1.690870e-01 3.952590e-01 4.612764e-01 1.305661e-01 4.514316e-01 3.042940e-01 3.595457e-01 -1.784739e-01 -5.257201e-01 -6.683568e-01 4.409393e-01 7.019033e-07 
-6.281603e+00 5.822758e+00 -1.572214e+00 6.025683e+00 -2.737431e-01 2.000874e+00 -9.164526e-01 4.572754e+00 1.501004e+01 8.775796e+00 4.710477e+00 1.147821e+00 -1.512926e-01 2.323358e-01 4.044188e-01 7.500345e-01 8.970460e-01 1.733496e-01 -2.842691e-01 -6.902295e-02 1.402240e-01 5.967984e-02 5.269927e-01 -4.123624e-01 1.197541e+00 1.012849e-06 1.582491e-01 3.381873e-02 1.492558e-01 3.615904e-01 1.863821e-01 1.710225e-01 2.773041e-01 3.966776e-01 -6.545509e-01 -6.108086e-01 -7.556869e-01 1.237557e-01 7.019033e-07 
-5.882950e+00 7.211843e+00 -6.703195e-01 5.565611e+00 -8.402724e-01 4.047420e+00 2.532903e+00 -1.344872e-01 9.676381e+00 7.264213e+00 7.126934e+00 4.552765e+00 -1.512926e-01 4.400227e-01 3.711846e-01 8.748925e-01 1.301396e+00 -2.210477e-01 -2.675180e-02 1.168209e+00 1.597975e+00 -3.987914e-01 -5.966092e-01 -1.139981e+00 4.852698e-01 1.012849e-06 1.189292e-01 -7.274134e-02 -9.491640e-02 1.709470e-01 3.160534e-02 -1.725849e-01 1.819315e-01 6.813551e-01 -3.121095e-01 -2.649818e-01 -5.751305e-01 -4.614923e-01 7.019033e-07 
-4.883828e+00 6.346399e+00 1.191885e+00 5.706361e+00 1.063158e+00 2.398567e+00 1.528954e+00 5.370076e+00 6.956259e+00 1.105877e+01 2.646439e+00 1.128251e+00 -1.512926e-01 4.210929e-01 1.924510e-01 3.299826e-01 1.176426e+00 8.682201e-02 -3.947171e-01 1.170210e+00 1.892983e+00 -1.192673e+00 -3.507662e-01 -1.305065e+00 -5.767295e-01 1.012849e-06 -1.806596e-02 -1.176664e-01 -2.484885e-01 6.679033e-02 -9.619595e-03 -1.322146e-01 7.121669e-02 4.973551e-01 7.177170e-02 -1.741098e-01 -2.056140e-01 -5.626418e-01 7.019033e-07 
-4.744910e+00 6.927008e+00 -1.713753e-01 9.793684e+00 -1.729755e-01 1.367410e+00 4.133725e+00 9.313442e+00 9.256684e+00 7.102956e+00 1.165745e+00 3.604730e-01 -1.512926e-01 2.413951e-01 1.155270e-03 -3.659814e-02 1.254415e+00 9.800581e-03 -6.390858e-01 5.807510e-01 2.283970e+00 1.461683e-01 -4.279326e-01 -1.340343e+00 -9.153212e-01 1.012849e-06 -5.768330e-02 -9.317677e-02 -2.189642e-01 -1.547510e-03 3.848198e-02 -1.469225e-01 -1.764514e-01 1.763082e-01 2.428638e-01 2.602844e-02 -4.358211e-02 -3.139523e-01 7.019033e-07 
