-3.937659e+00 -8.392943e-01 -4.820176e+00 -1.574502e+00 3.805502e+00 2.927072e+00 -3.249400e+00 -3.969551e-01 1.571271e+00 1.241232e+01 1.987218e+00 -9.423108e-01 -1.512926e-01 -3.698302e-01 6.629251e-02 7.985363e-01 6.095472e-01 -7.554643e-01 -1.042111e+00 -4.497358e-01 9.960584e-01 -2.548371e-01 -1.418630e+00 1.523485e+00 1.165603e+00 4.907175e-07 7.308383e-02 -1.764422e-01 -5.466680e-02 -7.156883e-02 2.737468e-02 1.290305e-01 5.121134e-01 2.206989e-01 5.456616e-02 2.230075e-01 -2.893958e-01 -3.135873e-01 -2.377571e-07 
-5.094672e+00 -9.312072e-02 -3.609607e+00 -1.749714e+00 2.499795e-01 4.635279e-01 -6.049663e+00 8.957670e-01 2.295687e-01 6.149539e+00 6.893435e+00 3.215836e+00 -1.512926e-01 -1.814786e-01 -7.471566e-01 3.986869e-01 4.992415e-01 -9.073863e-01 -7.847117e-01 9.877070e-01 2.154837e+00 4.082536e-01 -5.302584e-01 1.325121e+00 9.920167e-01 4.907175e-07 1.672986e-01 -8.873436e-02 -1.422479e-01 -1.885238e-01 3.300575e-01 1.878435e-01 5.188146e-01 -1.113066e-01 -2.623183e-01 3.683640e-01 -5.886918e-01 -6.118540e-01 -2.377571e-07 
-5.207913e+00 -8.813717e-01 -1.432682e+00 1.560897e+00 1.806256e+00 -1.051421e+00 -4.097522e+00 3.937340e+00 9.675215e-01 8.450283e+00 7.151624e+00 2.806710e+00 -1.512926e-01 -9.858391e-02 -4.091969e-01 7.251281e-01 3.067890e-01 -5.426628e-01 -5.257491e-01 1.392269e+00 1.520270e+00 -3.136108e-01 -7.476907e-01 1.758152e-01 -3.155608e-01 4.907175e-07 1.422645e-01 9.587400e-02 -2.170686e-01 -3.020054e-01 6.213540e-01 1.920285e-01 1.103759e-01 -5.970595e-01 -5.850732e-01 1.440701e-01 -7.410635e-01 -6.806881e-01 -2.377571e-07 
-4.210088e+00 -4.553955e+00 -4.520413e+00 -6.456311e-01 2.683385e-01 9.927874e-01 2.113189e+00 8.210157e+00 3.913978e+00 1.174167e+01 6.030576e+00 2.143120e+00 -1.512926e-01 3.309312e-01 -1.398871e-01 1.239186e-01 -1.816354e-01 7.885227e-01 -3.612063e-01 1.223404e+00 1.773818e-01 -1.537073e+00 8.763587e-02 -7.461778e-01 -1.152981e+00 4.907175e-07 -3.889511e-02 3.251400e-01 -1.405062e-01 -2.040763e-01 7.030107e-01 6.664637e-02 -5.852712e-01 -8.715026e-01 -5.507401e-01 1.185143e-01 -4.535088e-01 -4.411962e-01 -2.377571e-07 
-4.872830e+00 -6.547768e-01 -7.393317e-01 -5.928218e-01 1.082724e+00 3.423976e-02 -3.698232e-01 3.547416e+00 -1.839377e+00 5.877152e+00 3.297604e+00 -1.983883e+00 -1.512926e-01 8.525524e-02 2.421144e-01 -1.494554e-01 -5.599567e-01 1.503442e+00 -2.937293e-01 -1.571181e-02 -1.000477e+00 -2.207443e+00 -1.007491e+00 -1.146269e+00 -1.165467e+00 4.907175e-07 -1.078999e-01 2.770705e-02 -2.767474e-01 -7.125778e-02 3.220545e-01 1.703782e-01 -5.719243e-01 -2.883112e-01 4.994141e-01 4.610523e-01 -1.385579e-01 1.783110e-01 -2.377571e-07 
-3.607216e+00 -9.056832e-01 -3.336602e+00 -1.581051e+00 4.554455e+00 -1.884665e+00 -1.796330e+00 1.977406e+00 -6.052569e+00 7.874303e+00 5.089623e+00 -1.534344e-01 -1.512926e-01 -4.677663e-01 5.530511e-01 1.335150e-01 -8.773883e-02 1.584660e+00 -5.676066e-01 -1.234670e+00 -9.424545e-01 -1.398766e+00 1.920305e-01 -2.812568e-01 -7.890977e-01 4.907175e-07 -1.757908e-01 -1.301268e-01 -1.118931e-01 1.077000e-01 -3.749879e-01 3.840914e-01 -2.215808e-01 4.239316e-01 1.363434e+00 4.681223e-01 2.310797e-01 5.122467e-01 -2.377571e-07 
-5.083069e+00 -1.495079e+00 -2.771964e+00 -7.708997e-01 7.180260e+00 -1.081276e+00 -2.221701e+00 2.050920e+00 -5.086370e+00 5.346659e+00 1.890636e+00 -1.872045e+00 -1.512926e-01 -2.388030e-01 -6.171014e-01 -6.633952e-01 -9.655113e-02 6.696693e-01 4.295134e-01 -2.383836e-01 6.385499e-01 2.114307e+00 1.505268e+00 -7.493377e-01 3.939933e-01 4.907175e-07 7.244903e-03 -1.798580e-01 -4.389689e-02 1.895062e-01 -8.050032e-01 5.056234e-01 2.132748e-01 8.051437e-01 1.349321e+00 5.090504e-01 5.315392e-01 7.688702e-01 -2.377571e-07 
-6.443360e+00 -1.368535e+00 -2.836319e+00 -9.952368e-01 5.142884e+00 -1.287552e+00 -3.133797e+00 4.246011e+00 -1.456177e+00 1.296714e+01 5.327730e+00 -1.858243e+00 -1.512926e-01 -3.858744e-01 -3.609005e-01 -1.785726e-01 1.250732e-01 -6.695412e-01 1.197741e+00 2.269633e-01 1.477423e+00 3.118986e+00 1.171747e+00 2.107786e-01 6.286025e-01 4.907175e-07 1.712266e-01 -4.528232e-02 9.952677e-03 1.673180e-01 -6.490421e-01 4.725341e-01 5.057445e-01 3.669262e-01 3.513489e-01 -2.869401e-01 3.761528e-01 7.585473e-01 -2.377571e-07 
-4.648203e+00 -3.508563e+00 -4.306684e+00 -1.368586e+00 4.136435e+00 1.883029e+00 -8.928384e-01 5.605798e+00 6.433728e+00 1.085734e+01 -5.678912e-01 8.385892e-01 -1.512926e-01 8.057570e-02 -2.002575e-01 -2.128572e-01 2.812636e-01 -1.394699e+00 1.351579e+00 3.198466e-01 1.815405e+00 2.280113e+00 1.047863e+00 1.265490e+00 1.969977e+00 4.907175e-07 1.075569e-01 2.605396e-01 1.679469e-01 1.336727e-01 -7.009284e-02 3.037649e-02 3.569898e-01 -3.638851e-01 -1.023102e+00 -6.332401e-01 2.447779e-01 3.046461e-01 -2.377571e-07 
-5.754629e+00 -1.703285e+00 -3.461927e+00 -6.566842e-01 2.728442e+00 2.621278e+00 -1.326066e+00 7.586797e+00 3.782452e+00 1.097793e+01 7.372837e+00 1.634190e+00 -1.512926e-01 2.284826e-01 1.181536e-01 -4.200868e-02 5.598134e-01 -6.283092e-01 1.333898e+00 1.014998e+00 3.038041e-01 2.749345e-01 -1.013931e+00 5.920117e-01 2.215570e+00 4.907175e-07 1.112505e-01 1.055691e-01 5.765308e-02 -1.112796e-01 5.019595e-01 -2.181558e-01 3.229302e-01 -5.886573e-01 -1.242976e+00 -4.159513e-01 -4.537733e-01 -2.991792e-01 -2.377571e-07 
-5.025056e+00 -2.329460e+00 -3.523235e+00 4.662296e-01 1.414127e+00 3.721866e+00 -1.526218e+00 9.457310e+00 3.695102e+00 1.158088e+01 7.195293e+00 6.231899e+00 -1.512926e-01 -8.335597e-03 4.459941e-01 1.080066e-01 3.544969e-01 2.985811e-01 5.131079e-01 1.152540e+00 -5.939841e-01 -1.578996e+00 -5.680506e-01 2.838653e-01 1.123826e+00 4.907175e-07 -4.405435e-02 3.941147e-02 -5.217870e-02 -2.814761e-01 7.324852e-01 -1.767524e-01 6.518462e-02 -3.647671e-01 -7.771963e-01 -1.832901e-01 -5.889034e-01 -9.055082e-01 -2.377571e-07 
-5.112308e+00 -1.367600e+00 -3.438217e+00 8.866571e-01 3.363004e+00 4.462829e+00 2.257972e+00 3.839321e+00 1.288138e+00 7.535803e+00 4.406220e+00 6.522817e+00 -1.512926e-01 2.146111e-01 -1.562158e-01 -5.078486e-02 -4.678833e-01 9.935759e-01 5.262184e-01 1.425142e+00 -2.611352e-01 -1.166233e+00 -9.979995e-02 -1.567256e+00 -4.441781e-01 4.907175e-07 -7.243016e-02 -3.523561e-02 -5.434690e-02 -2.958363e-01 2.960936e-01 -7.062115e-02 -4.866921e-01 2.182850e-01 -1.558249e-02 6.902437e-02 -2.014057e-02 -8.113280e-01 -2.377571e-07 
-5.010669e+00 -1.446456e+00 -3.778626e+00 -3.676659e-01 5.312351e+00 3.528256e+00 3.078036e+00 4.509972e+00 -2.142071e-01 9.738171e+00 2.334657e+00 4.013560e+00 -1.512926e-01 -1.326777e-01 1.339075e-01 -4.694169e-01 -6.122227e-01 1.456675e+00 8.715419e-01 4.406414e-01 2.741233e-01 -8.851709e-01 -3.255364e-01 -5.993928e-01 -1.227523e+00 4.907175e-07 -6.797446e-02 -6.316547e-02 -2.434754e-02 -7.975983e-02 -2.925504e-01 -2.520011e-02 -8.218057e-01 1.482352e-01 4.198372e-01 -7.691588e-02 5.398956e-01 -2.475645e-01 -2.377571e-07 
-4.688581e+00 -2.925713e+00 -3.587929e+00 -2.579515e+00 5.747318e+00 5.349452e+00 3.497795e+00 8.754847e+00 -9.405965e-02 1.140052e+01 1.966818e+00 5.221893e-01 -1.512926e-01 -7.150941e-02 9.814513e-02 -2.503046e-02 -4.358754e-01 2.731224e-01 8.015390e-01 -1.062393e+00 9.611332e-01 -1.499612e-01 -7.902281e-01 9.329810e-01 -6.653622e-01 4.907175e-07 3.128226e-02 2.830985e-02 -1.535484e-02 2.451324e-01 -5.070050e-01 -2.452187e-01 -9.798090e-01 -4.947005e-01 3.327888e-01 -4.844132e-02 8.478124e-01 2.069956e-01 -2.377571e-07 
-5.899894e+00 -8.807483e-01 -5.795338e+00 -8.617808e-01 7.505073e+00 7.636576e+00 5.704394e-02 8.370512e+00 -3.984270e-02 8.020810e+00 5.417936e+00 3.094443e+00 -1.512926e-01 -2.052106e-01 3.047244e-03 -2.658884e-02 -6.028901e-02 -8.041679e-01 2.494545e-01 -1.712732e+00 -4.638796e-01 1.207070e-02 -6.075374e-01 1.733265e+00 -3.311926e-03 4.907175e-07 4.676484e-01 -1.242495e-01 2.135502e-01 9.556898e-02 -6.345977e-01 -7.189590e-01 -6.990248e-01 -6.154888e-01 1.919579e-01 3.378787e-01 6.278858e-02 -7.536935e-02 -2.377571e-07 
-5.025520e+00 -1.159706e+00 -2.555186e+00 -1.045999e+00 3.631798e+00 6.416565e+00 -1.543053e+00 6.714951e+00 4.511219e-01 4.443286e+00 7.529663e+00 3.655752e+00 -1.512926e-01 4.073080e-01 5.088367e-02 -3.490110e-01 4.817182e-01 -4.110801e-01 -3.888707e-01 -2.397184e+00 -2.365794e+00 4.900642e-02 -2.009746e-01 1.505646e+00 -2.143100e-02 4.907175e-07 6.373756e-01 -4.432788e-02 1.927568e-01 -1.812660e-01 -3.364694e-01 -8.246439e-01 -2.019204e-01 -2.770308e-01 -2.299464e-02 6.097168e-01 -7.202255e-01 -4.747567e-01 -2.377571e-07 
-5.867870e+00 -2.314499e+00 -4.427944e+00 -1.436133e+00 2.349494e+00 4.242078e+00 -2.964697e+00 3.210801e+00 -4.267241e-01 1.017875e+01 8.219440e+00 2.430145e+00 -1.512926e-01 1.966264e+00 -4.637028e-01 7.602328e-01 -5.931801e-01 -1.374221e+00 -2.127997e+00 -2.386950e+00 -1.139955e+00 -2.486503e-02 1.069217e+00 -5.717687e-01 -1.926281e+00 4.907175e-07 2.976866e-01 1.557524e-01 1.807073e-01 -2.476753e-01 -6.378152e-02 -3.077145e-01 4.950559e-01 8.835030e-01 9.601493e-02 4.859594e-01 -9.253799e-01 -2.367584e-01 -2.377571e-07 
-2.667868e+00 -1.954503e+00 -6.016858e+00 1.162145e-01 6.270313e+00 5.102464e+00 -6.977473e+00 -4.941135e-01 3.446960e-01 9.316631e+00 8.094171e+00 7.469252e-01 -1.512926e-01 2.029605e+00 1.098742e-01 5.452573e-01 -1.075831e+00 -1.124200e+00 -2.132929e+00 -1.734751e+00 -8.595160e-02 -2.463446e-01 1.420193e+00 -1.515576e+00 -2.077617e+00 4.907175e-07 -6.983983e-01 3.305652e-01 -4.176423e-02 2.375117e-01 -7.601377e-02 6.676102e-01 1.174698e+00 1.495429e+00 9.423601e-02 1.170225e-01 -8.136794e-01 5.628071e-01 8.806467e-03 
2.752411e+00 -2.801974e+00 -2.634364e-01 -4.409009e+00 -6.849163e-01 -2.346523e+00 -9.160818e+00 6.275159e+00 -1.104586e-01 1.093033e+01 2.276963e+00 -5.082762e+00 -1.512926e-01 4.721531e-01 7.523312e-01 4.297726e-01 -5.199468e-01 -7.662566e-01 -4.168959e-01 4.313376e-01 2.813840e+00 6.399781e-01 1.011596e+00 -1.383163e+00 -1.588731e-01 4.907175e-07 -1.634272e+00 4.958839e-01 -7.398537e-01 1.183416e+00 2.255630e-01 1.704873e+00 1.148835e+00 8.729653e-01 -4.386728e-02 -3.298141e-01 -4.955023e-01 1.482777e+00 2.524669e-02 
8.124532e-01 -3.667800e-01 -1.911287e+00 -4.938740e+00 -4.716697e-01 -9.537111e-01 -7.119263e+00 4.753298e+00 -9.387731e-01 1.116833e+01 2.922752e+00 -2.975906e+00 -1.512926e-01 -2.337578e+00 1.095695e+00 -3.926459e-01 1.632483e+00 -1.095144e+00 2.093705e+00 2.067107e+00 3.134414e+00 1.879872e-01 4.130217e-01 -2.157148e+00 1.908861e+00 4.403048e-02 -1.584556e+00 4.564506e-01 -8.985944e-01 1.448691e+00 2.093324e-02 1.657331e+00 5.492744e-01 7.804611e-02 -3.681090e-02 -2.438067e-01 -2.868043e-01 1.020530e+00 3.642138e-02 
-5.247363e+00 6.533645e-01 -4.332087e+00 -1.508183e+00 1.889107e+00 5.185698e+00 -7.372059e-01 1.465657e+01 3.414312e+00 1.431110e+01 3.889206e+00 3.497552e+00 -1.512926e-01 -4.021377e+00 1.522774e+00 -2.470058e+00 3.969769e+00 -2.608184e-01 4.283040e+00 1.456310e+00 1.614780e+00 -4.612189e-01 -7.607389e-02 -2.728386e+00 3.494326e+00 1.042147e-01 -7.536256e-01 2.343177e-01 -6.686585e-01 6.691980e-01 -5.157871e-03 4.126051e-01 -2.210824e-01 -1.112986e+00 5.415107e-02 -2.242831e-01 1.488381e-01 -3.795662e-01 3.193998e-02 
-1.035576e+01 1.796313e+00 -5.945389e+00 6.828316e+00 -4.923824e-01 1.180461e+01 -8.539302e-01 1.098734e+01 -4.782637e-01 9.691097e+00 -3.497852e+00 6.001147e+00 6.886792e-02 -3.646345e+00 2.007002e+00 -2.497781e+00 3.922770e+00 -1.272387e+00 3.803844e+00 4.992556e-01 9.037802e-01 1.201818e-01 7.448475e-01 -2.277023e+00 1.198368e+00 1.300020e-01 2.773428e-01 -2.348638e-01 -9.870615e-02 -1.013067e+00 3.197773e-01 -1.123452e+00 -3.523920e-01 -1.098967e+00 4.270715e-01 -1.873116e-01 1.107759e+00 -1.115920e+00 3.956415e-03 
-1.177035e+01 3.730629e+00 -1.059663e+01 9.556387e+00 -1.978518e+00 1.268942e+01 -5.011489e+00 1.123195e+01 -2.646942e+00 1.128840e+01 -8.154488e+00 7.900254e+00 2.597077e-01 -2.641748e+00 1.468383e+00 -1.860975e+00 1.681002e+00 -7.035784e-01 7.909544e-01 1.100451e-01 -1.635713e+00 9.443609e-01 -2.758811e-01 -5.790060e-01 -1.701435e+00 1.167130e-01 7.411466e-01 -9.497879e-01 7.093573e-01 -1.948707e+00 4.494520e-01 -1.951911e+00 -2.522622e-01 -6.153960e-01 3.753050e-01 -3.302033e-01 1.613532e+00 -9.838307e-01 -2.441020e-02 
-1.415817e+01 8.129437e+00 -1.126763e+01 9.142509e+00 -4.899479e+00 1.431339e+01 -2.486202e+00 1.098433e+01 2.693093e+00 1.640398e+01 -2.440235e+00 8.141690e-01 2.932096e-01 -1.640827e+00 -5.134369e-02 -1.190704e+00 -2.288383e+00 7.250143e-01 -1.777502e+00 9.782481e-01 -7.352468e-01 1.620662e+00 -4.236606e-01 2.306949e+00 -1.072807e+00 5.756135e-02 7.502339e-01 -1.472117e+00 1.095617e+00 -1.455692e+00 7.982009e-01 -1.626766e+00 -2.067386e-01 -1.482115e-01 -2.577524e-01 -4.950185e-01 1.257064e+00 1.699648e-01 -3.297194e-02 
-1.655481e+01 4.828695e+00 -1.097565e+01 5.739790e+00 5.752630e-01 7.886278e+00 6.290684e-01 6.479793e+00 6.550863e+00 9.574739e+00 4.654999e-01 -2.416013e+00 3.200884e-01 -1.318607e+00 -2.197083e+00 4.231290e-01 -2.668224e+00 9.877647e-01 -2.685855e+00 -4.439864e-02 -6.425223e-01 6.650512e-01 -1.143068e+00 3.047296e+00 -2.892741e-01 1.838275e-02 5.640910e-01 -1.274849e+00 1.043047e+00 -4.452960e-01 3.638914e-01 -3.764599e-01 -2.693751e-01 3.202263e-01 -9.051005e-01 -9.403954e-02 3.154898e-01 8.201774e-01 -2.571548e-02 
-1.616728e+01 9.909192e-01 -1.170965e+01 -2.705194e+00 1.856155e+00 5.319144e+00 1.216806e+00 9.687309e+00 3.026092e+00 8.429655e+00 3.726962e+00 5.795522e+00 3.264831e-01 -5.566776e-01 -3.520979e+00 1.838309e+00 -1.180971e+00 1.873008e+00 -2.591676e+00 -4.571789e-01 -3.338867e-01 -1.028870e+00 -1.296610e+00 2.195128e+00 1.342100e+00 1.430814e-02 3.463476e-01 -4.748296e-01 7.096772e-01 4.407832e-01 -1.887065e-01 6.729670e-01 -4.374579e-01 1.834826e-02 -8.026941e-01 -1.140492e-02 -7.766575e-01 1.464198e-01 -1.059374e-02 
-1.735864e+01 -3.685600e+00 -8.260171e+00 2.138933e+00 -4.175342e-01 3.757150e+00 -7.085218e+00 8.667576e+00 5.113629e-01 9.560457e+00 3.998219e+00 3.963304e+00 3.350035e-01 -3.631451e-01 -3.171060e+00 1.839785e+00 -1.099128e+00 5.418224e-01 -6.843983e-01 -5.192044e-01 -2.350251e-01 -2.256241e+00 -3.097755e-01 1.054282e+00 1.192078e+00 9.759091e-03 2.476772e-01 4.141037e-01 3.366070e-02 3.250206e-01 -1.782961e-01 8.564925e-01 -1.663101e-01 -2.056812e-01 -2.870453e-01 5.942474e-02 -1.137568e+00 -5.294024e-01 -2.425864e-03 
-1.653950e+01 -5.218466e+00 -3.434152e+00 5.038122e+00 4.961648e+00 3.419690e+00 -9.149113e-01 8.220905e+00 5.682573e-01 9.928047e+00 6.768804e+00 4.334915e+00 3.572972e-01 -3.868771e-01 -1.938468e+00 1.649334e+00 -8.690962e-01 4.560827e-03 5.864787e-01 -9.716811e-01 -8.472751e-01 -9.322168e-01 -8.973343e-01 -5.798215e-01 -1.081256e+00 8.907888e-03 1.448441e-01 9.022734e-01 -3.523145e-01 1.213343e-01 -9.221497e-02 6.464621e-01 -1.983760e-01 -1.070358e-01 3.860971e-01 1.397892e-01 -6.992287e-01 -7.371348e-01 -3.040415e-04 
-1.818428e+01 -7.921709e+00 -5.914566e+00 -3.627105e+00 1.731408e+00 5.414139e+00 -9.010690e-01 6.037852e+00 -3.501695e+00 7.276639e+00 4.215926e+00 4.274395e+00 3.534849e-01 -1.651002e-01 -9.176888e-01 6.858403e-01 -1.199000e+00 1.030519e+00 7.451419e-03 -6.187555e-01 -1.414223e+00 -8.184440e-01 -1.045622e+00 -1.253096e+00 -1.724530e+00 8.954402e-03 2.219982e-01 9.460269e-01 -2.938086e-01 3.481939e-01 2.498973e-01 2.030195e-03 -8.423469e-02 2.961336e-01 6.856074e-01 4.015087e-01 3.877720e-02 -1.782033e-01 2.380959e-03 
-1.768862e+01 -6.583646e+00 -4.635576e+00 -4.167479e+00 8.045149e-01 7.423063e+00 -6.733174e+00 6.766109e+00 3.714698e-01 5.084850e+00 7.189071e-01 2.337486e-01 3.617594e-01 6.854259e-02 -1.364373e-01 6.536063e-01 -5.245048e-01 1.167636e+00 2.948000e-01 -1.399192e+00 -2.794347e-01 1.825951e-01 -2.297848e-01 -1.474175e-01 -8.852320e-01 1.319181e-02 5.598698e-01 9.943013e-01 -4.601913e-01 9.738345e-02 -1.723752e-01 -3.734467e-01 3.117431e-01 6.083172e-01 2.555838e-01 6.189272e-01 3.481748e-01 5.013967e-01 3.082229e-03 
-1.760972e+01 -7.591323e+00 -4.230134e+00 7.470604e-01 6.813551e+00 1.793009e+00 -7.269284e+00 2.323909e+00 -3.482619e+00 6.754079e+00 7.574760e-01 -2.608542e+00 3.775353e-01 5.191156e-01 6.580383e-01 8.686637e-01 4.695633e-01 1.209836e+00 -5.282751e-01 -7.263699e-01 9.616911e-01 6.145005e-01 1.364097e+00 1.031857e+00 2.031329e-01 1.952699e-02 1.172471e+00 1.220604e+00 -4.220524e-01 -2.165702e-01 -1.142366e+00 -4.054199e-01 1.832026e-01 3.889763e-01 -7.096612e-02 1.094336e-01 -6.604778e-02 4.186375e-01 1.517554e-02 
-1.648380e+01 -6.065626e+00 -1.008272e+00 2.287925e-01 8.258733e+00 6.704265e+00 -4.727160e+00 8.680473e+00 1.471538e+00 9.040543e+00 7.761076e+00 3.350324e+00 4.112129e-01 2.070384e+00 2.245265e+00 -7.429550e-01 -1.216321e+00 -9.469580e-01 -1.012762e+00 6.409840e-01 1.006324e+00 -3.707668e-01 9.924458e-01 1.863302e-02 4.620572e-01 1.902930e-02 1.790231e+00 8.116521e-01 -3.992685e-01 -6.053315e-01 -1.927701e+00 -8.625877e-01 2.766312e-01 -7.294533e-01 -4.453096e-01 -1.226276e+00 -7.391067e-01 -2.199782e-01 3.010395e-02 
-1.619142e+01 -4.890574e+00 -3.385039e+00 -3.477683e+00 4.053584e+00 3.131990e+00 -5.536001e+00 9.888934e+00 -9.789338e-01 1.211878e+01 5.853988e+00 3.731490e+00 4.263916e-01 4.696443e+00 3.994514e+00 -7.261408e-01 -1.935992e+00 -3.623995e+00 -1.365904e+00 -7.229585e-01 -1.121733e-01 -8.966291e-01 -1.109344e+00 -1.666540e+00 -3.048584e-01 8.191134e-02 1.641551e+00 -2.678673e-01 4.727670e-03 -6.279864e-01 -1.792626e+00 -8.483588e-01 4.796598e-01 -1.467553e+00 -7.487974e-02 -2.266928e+00 -6.197902e-01 -5.989832e-01 3.836909e-02 
-8.045914e+00 3.292089e+00 -8.772986e+00 -8.137182e+00 -2.550471e+00 1.689419e+00 -4.394945e+00 8.015411e+00 -2.733956e+00 7.364438e+00 -1.736114e+00 -6.262648e-01 4.324876e-01 6.931091e+00 2.253544e+00 -5.452858e-01 -2.348347e+00 -6.053917e+00 -3.599380e+00 -1.788270e-02 -3.389781e+00 -1.288363e+00 -5.124300e+00 -2.493836e+00 -1.731102e+00 1.325137e-01 4.393312e-01 -1.594787e+00 5.366476e-01 -1.361118e-01 -4.856636e-01 -3.350564e-01 8.188716e-01 -1.171060e+00 5.630400e-01 -2.017856e+00 1.299569e-01 -5.272499e-01 2.959601e-02 
1.653875e+00 7.702429e+00 -3.978468e+00 -4.750019e+00 -5.901692e+00 -2.529276e+00 -1.105011e+01 2.095630e+00 -5.863479e+00 2.045224e+00 -2.826562e+00 -2.144206e+00 7.764664e-01 6.296512e+00 -6.852912e-01 7.935331e-01 -2.104439e+00 -5.199667e+00 -3.476815e+00 2.001360e+00 -4.177996e+00 6.988865e-01 -6.912228e+00 -8.108039e-01 -1.695145e+00 1.546310e-01 -1.128315e+00 -2.071403e+00 3.701583e-01 -2.340784e-02 1.147731e+00 5.971909e-01 1.340067e+00 -1.050397e-01 7.889032e-01 -6.122247e-01 5.605221e-01 -8.907468e-02 -5.788119e-03 
9.248949e+00 -1.093941e+00 -3.437878e+00 -1.087671e+01 -1.703288e+01 -8.461957e+00 -2.058960e+00 -4.372280e+00 -2.528133e+00 -1.154450e+01 -3.677155e-01 -2.367172e+00 8.987563e-01 3.466893e+00 -3.388739e+00 1.180423e+00 -1.812620e+00 -2.587522e+00 -1.632564e+00 3.373211e+00 -2.816027e+00 1.646679e+00 -6.195531e+00 2.405433e-01 -1.479125e+00 1.306532e-01 -2.051878e+00 -1.051963e+00 2.943094e-02 2.775335e-01 2.336275e+00 1.568498e+00 6.892788e-01 1.034094e+00 2.937712e-01 1.218904e+00 3.036427e-01 3.297725e-01 -3.207254e-02 
6.643929e+00 -6.124223e+00 -2.085048e+00 -1.263006e+01 -1.470318e+01 -9.176230e+00 3.302881e+00 -4.807343e+00 2.412637e+00 -1.298789e+01 1.116071e+00 -3.873788e+00 9.664102e-01 7.868522e-01 -3.541332e+00 2.617949e-01 -2.320796e+00 3.814602e-01 6.367556e-01 4.281886e+00 -9.242666e-01 1.580222e+00 -3.634982e+00 -2.309014e-01 -8.761255e-01 5.390536e-02 -1.694483e+00 1.981495e-01 -3.541983e-01 4.738583e-01 1.990063e+00 1.444232e+00 -2.782915e-01 1.153397e+00 -6.869459e-01 1.983760e+00 -2.518979e-01 5.689130e-01 -4.032448e-02 
6.793835e+00 -6.738242e+00 -3.817578e+00 -1.326050e+01 -1.108740e+01 -3.150364e+00 5.295426e+00 -2.613111e+00 1.361431e+00 -1.609680e+01 -2.504623e+00 -7.157057e+00 9.907593e-01 -5.733903e-01 -1.578200e+00 -1.321491e-01 -8.524845e-01 2.836841e+00 2.186201e+00 2.288383e+00 1.537264e-01 -2.602292e-01 -6.683779e-01 -1.265532e+00 -4.917759e-01 2.251318e-02 -8.573967e-01 8.707268e-01 -3.197559e-01 6.348788e-01 8.394522e-01 5.489798e-01 -7.691378e-01 5.193275e-01 -9.563333e-01 1.691296e+00 -2.704089e-01 6.687159e-01 -3.064358e-02 
6.816112e+00 -7.182081e+00 -2.479652e+00 -1.516245e+01 -6.966983e+00 -2.001373e+00 6.682277e+00 -3.405425e+00 9.302229e-02 -1.385318e+01 -2.912625e+00 -4.130023e+00 9.999999e-01 -1.555740e-01 -5.997376e-01 -3.211241e-01 -2.151627e-01 2.038489e+00 1.834863e+00 1.152230e+00 1.040724e-01 -1.782278e+00 2.430415e-01 -1.317212e+00 6.558281e-01 7.079895e-03 -2.196444e-01 7.320319e-01 -7.517584e-02 6.908160e-01 -3.442772e-01 -2.558765e-01 -7.407271e-01 -1.242581e-01 -5.755264e-01 7.437224e-01 9.780075e-02 4.580843e-01 -1.295212e-02 
6.295851e+00 -8.456249e+00 -3.901241e+00 -1.387293e+01 -6.716548e+00 -1.118370e+00 7.693514e+00 -4.304355e+00 -2.669699e+00 -1.445349e+01 -4.681375e+00 -4.698056e+00 9.945188e-01 -3.489394e-01 -5.057897e-01 -1.268178e-01 3.088148e-01 7.811894e-01 5.132282e-01 1.092220e+00 -7.336847e-01 -1.453766e+00 3.218459e-01 -5.684049e-01 1.098384e+00 8.470424e-04 5.010176e-02 2.871132e-01 1.347486e-01 2.464803e-01 -8.923205e-01 -5.748281e-01 -2.756886e-01 -3.576647e-01 1.380567e-01 -2.729619e-02 4.095255e-01 2.537782e-01 -5.371439e-03 
6.114850e+00 -8.263939e+00 -3.648898e+00 -1.339928e+01 -6.696306e+00 -1.017494e+00 7.865234e+00 -3.441537e+00 -4.483290e+00 -1.259491e+01 -4.381749e+00 -1.824267e+00 9.999297e-01 -4.234778e-01 -4.174763e-01 -1.168113e-01 5.527231e-01 -3.120126e-01 1.938852e-01 1.176420e+00 -1.101905e+00 -7.007619e-01 -4.114586e-01 -9.064023e-02 6.190266e-01 -2.276619e-05 2.336752e-02 9.406559e-02 8.182319e-02 -7.773800e-02 -7.165797e-01 -4.148501e-01 -2.765193e-01 -2.484352e-01 4.602186e-01 -3.597156e-01 3.134800e-01 -1.105972e-02 -2.045209e-03 
5.399664e+00 -8.726480e+00 -3.867369e+00 -1.259772e+01 -7.317216e+00 -1.075848e+00 1.016530e+01 -6.263429e+00 -3.618830e+00 -1.511727e+01 -4.611887e+00 -2.817706e+00 9.950283e-01 -1.888322e-01 -2.337200e-01 4.394510e-01 -3.971313e-03 -4.495448e-01 1.326627e-01 8.979250e-01 -1.031608e+00 -1.108687e-01 -4.777221e-01 1.688837e-01 7.954294e-01 -7.948957e-04 1.555730e-01 1.931764e-01 -2.921711e-02 -1.328458e-01 -4.029659e-01 -8.362250e-02 -5.344310e-01 1.680571e-01 3.537208e-01 -2.107917e-01 3.660877e-02 1.495386e-01 -1.289902e-03 
5.146728e+00 -9.134163e+00 -3.080533e+00 -1.303657e+01 -8.227162e+00 -1.053230e+00 1.132843e+01 -7.934896e+00 -2.936099e+00 -1.557900e+01 -3.400633e+00 -1.975035e+00 9.996486e-01 -1.188062e-01 -2.653427e-01 -1.951407e-01 -4.475238e-01 -9.291092e-01 -4.920039e-02 -1.329402e-01 -9.890957e-01 -1.526573e-01 -1.155779e+00 -1.183663e-01 7.519624e-01 -2.329852e-03 2.181874e-01 2.309018e-01 -2.131231e-01 -1.381712e-02 -3.667897e-01 -1.977889e-01 -8.565852e-01 3.283964e-01 3.600612e-02 3.010697e-02 -2.672885e-01 3.664079e-01 -2.351414e-03 
5.835459e+00 -9.189955e+00 -1.987837e+00 -1.407434e+01 -8.198447e+00 -4.371178e-01 1.045113e+01 -7.215237e+00 -3.997680e+00 -1.534999e+01 -4.327561e+00 -6.453762e-01 9.906890e-01 2.767822e-01 3.841287e-01 -2.337724e-01 1.448249e-01 -9.249583e-01 2.166181e-01 -9.253169e-01 5.028994e-02 4.078351e-02 -3.599392e-01 -3.715703e-01 1.779680e+00 -4.450882e-03 2.796879e-01 2.448668e-01 -1.755529e-01 3.361147e-01 -3.880660e-01 -4.436428e-01 -8.053573e-01 2.900524e-01 9.440950e-03 3.849688e-01 -3.451403e-01 4.352860e-01 -4.432410e-03 
5.303131e+00 -9.359200e+00 -5.563995e+00 -1.489841e+01 -1.090098e+01 -1.582942e+00 7.057142e+00 -7.910821e+00 -5.057253e+00 -1.825739e+01 -5.115833e+00 8.492066e-01 9.904431e-01 4.345496e-01 4.280554e-01 -8.457265e-01 4.092953e-01 -1.908162e+00 -8.369132e-01 -2.194825e+00 -9.261627e-04 -5.965600e-01 -3.197744e-01 -1.156870e+00 1.958993e+00 -9.953468e-03 3.675122e-01 3.232311e-01 4.293395e-01 6.381448e-01 -2.064336e-02 -6.758816e-01 -5.099524e-01 2.724123e-01 2.066043e-01 1.065634e+00 -2.784479e-01 1.965848e-01 -8.062444e-03 
6.705191e+00 -6.693359e+00 -3.794207e+00 -1.094262e+01 -1.060489e+01 2.717279e-01 7.674434e+00 -6.023972e+00 -2.354438e+00 -1.557742e+01 -5.612128e+00 4.668303e+00 9.773725e-01 9.329208e-01 6.438943e-01 -1.130383e-01 1.248085e+00 -1.900137e+00 -1.691622e+00 -2.097911e+00 -7.546289e-02 1.581960e-01 1.029052e+00 -1.037709e+00 2.368503e+00 -1.914460e-02 2.045858e-01 4.184237e-01 8.583943e-01 6.030998e-01 5.657884e-01 -9.268133e-01 -3.679542e-01 2.507335e-01 8.457056e-02 1.290512e+00 -1.141397e-02 -5.823787e-01 -1.131542e-02 
6.884799e+00 -8.241810e+00 -6.406042e+00 -1.255597e+01 -1.656450e+01 -5.592195e+00 1.742440e+00 -8.535473e+00 -6.739986e+00 -1.706417e+01 -8.542407e+00 5.163076e+00 9.565371e-01 1.390680e+00 1.220806e+00 1.891294e+00 2.191710e+00 -5.447382e-01 -2.474283e+00 -2.096360e+00 4.358055e-01 8.215563e-01 3.477919e+00 -1.177664e+00 1.440487e+00 -3.529420e-02 -6.996780e-02 7.113357e-01 1.024884e+00 5.622485e-01 1.290093e+00 -5.291839e-01 1.199015e-01 4.353513e-01 5.942412e-03 1.181089e+00 2.686306e-01 -1.209134e+00 -1.140549e-02 
9.709341e+00 -6.528790e+00 -2.132130e+00 -9.005055e+00 -1.486794e+01 -6.890463e+00 2.618995e+00 -7.280582e+00 -2.365482e+00 -1.080086e+01 -7.802586e+00 9.039861e+00 9.119147e-01 8.214474e-01 2.079907e+00 2.689599e+00 2.269197e+00 1.222012e+00 -3.598779e+00 -2.814461e+00 1.085659e+00 -2.455358e-01 4.193938e+00 -4.182561e-01 -8.729336e-01 -4.835528e-02 -4.069599e-01 6.053931e-01 4.180720e-01 2.100874e-01 1.335313e+00 2.017377e-01 2.971224e-01 4.127440e-01 -3.094003e-01 2.307262e-01 1.648633e-01 -1.395957e+00 -6.065505e-03 
1.075404e+01 -3.337448e+00 3.061395e+00 -4.908855e+00 -1.149318e+01 -1.037317e+01 -8.965796e-01 -5.103977e+00 -9.441279e-01 -3.256007e+00 -9.908575e+00 5.866305e+00 8.467028e-01 1.404070e-01 3.266848e+00 2.877343e+00 2.709914e+00 2.981015e+00 -2.529251e+00 -1.237151e+00 1.595365e+00 -3.649703e-01 4.003112e+00 -1.233610e-01 -2.466004e+00 -5.237873e-02 -4.684018e-01 -5.367133e-02 -5.933757e-01 -2.997244e-01 6.777003e-01 1.042641e+00 7.151420e-01 7.038659e-02 -3.341866e-01 -9.980907e-01 9.335812e-02 -7.327859e-01 3.862753e-03 
8.878129e+00 1.253981e+00 4.919927e+00 -3.420371e+00 -7.030534e+00 -1.533147e+01 -5.078082e+00 -2.311749e+00 -6.479946e+00 -1.511673e+00 -7.020370e+00 -4.796775e-02 7.905031e-01 -4.767912e-01 2.647964e+00 1.484227e+00 2.039368e+00 3.013530e+00 -6.554108e-01 -1.041770e+00 1.408465e+00 -7.953929e-01 1.920135e+00 -7.404695e-01 -2.658085e+00 -4.093168e-02 -1.396175e-01 -9.852528e-01 -1.179963e+00 -6.031023e-01 -1.914393e-01 1.464822e+00 1.149001e+00 -4.611379e-01 3.455378e-01 -1.515757e+00 -1.261820e-01 2.852741e-01 1.317740e-02 
8.002364e+00 4.200650e+00 4.454532e+00 -1.799248e+00 -5.578291e+00 -1.401782e+01 -5.942932e-01 -3.043016e+00 -6.508059e+00 -1.693088e+00 -9.550617e+00 -2.623053e+00 7.553675e-01 -3.021440e-01 6.685024e-01 -4.729438e-01 8.079759e-01 1.948139e+00 1.267142e+00 5.930693e-01 6.262759e-01 -5.745873e-01 -3.755306e-01 -5.496490e-01 -1.330792e+00 -1.969812e-02 2.228776e-01 -1.614026e+00 -1.233741e+00 -6.960028e-01 -7.549030e-01 9.364536e-01 1.018134e+00 -7.806560e-01 8.257269e-01 -1.417685e+00 1.253557e-01 8.232962e-01 1.747628e-02 
8.701305e+00 2.942066e+00 4.592389e+00 -3.631628e-01 -2.757598e+00 -8.344796e+00 -2.741349e+00 -1.268371e+00 -3.560932e+00 -1.981871e+00 -1.168370e+01 -6.205781e-03 7.529255e-01 3.444684e-01 -1.547152e+00 -1.535026e+00 2.044852e-01 7.814662e-01 1.827045e+00 2.015626e+00 -7.354700e-01 1.586827e+00 -1.195605e+00 -8.361855e-01 -1.420215e-02 1.191245e-03 3.966502e-01 -1.414850e+00 -7.403868e-01 -4.538499e-01 -7.986918e-01 9.786366e-03 9.245949e-01 -8.330193e-01 9.244568e-01 -9.458117e-01 4.160308e-01 7.928106e-01 1.445265e-02 
9.331560e+00 -8.392943e-01 8.604217e-01 -2.397344e+00 -3.888794e+00 -7.530551e+00 8.999289e-01 -2.494028e+00 -5.276464e+00 -4.898791e+00 -1.032518e+01 -8.088849e-01 7.669973e-01 8.441767e-01 -2.705690e+00 -1.781743e+00 1.472559e-01 3.226562e-01 9.117153e-01 2.324823e+00 -1.235915e+00 2.572499e+00 -1.527430e+00 5.512382e-01 3.285581e-01 1.394534e-02 2.390003e-01 -5.836857e-01 -3.909587e-03 -1.015852e-01 -5.820251e-01 -5.569722e-01 2.298338e-01 -4.497182e-01 3.888247e-01 -5.980847e-01 3.154369e-01 4.892727e-01 6.267965e-03 
9.936288e+00 -3.961442e+00 -9.578032e-01 -2.098501e+00 -3.967879e+00 -9.439956e+00 4.252763e+00 -6.263858e+00 8.386726e-01 -5.886788e+00 -1.081383e+01 -1.025835e+00 7.906437e-01 9.332551e-01 -2.739153e+00 -1.563241e+00 1.004595e-01 -1.670087e-01 -4.286833e-01 2.715119e+00 -1.825626e+00 2.253153e+00 -2.232942e+00 7.892541e-01 4.763272e-01 1.450815e-02 -1.396762e-01 3.599016e-01 5.531402e-01 1.770642e-01 -2.833762e-01 -3.482810e-01 -4.357411e-01 1.375583e-01 -7.533588e-01 -4.141352e-01 2.839153e-01 3.054807e-01 -3.237609e-03 
1.160614e+01 -5.876122e+00 -1.678929e+00 -1.949100e-01 -3.360150e+00 -8.911601e+00 7.533018e+00 -6.725146e+00 4.154608e+00 -7.377776e+00 -7.229153e+00 -4.701883e-01 8.062440e-01 5.986679e-01 -1.653979e+00 -4.784392e-01 3.519647e-01 -4.875945e-01 -3.898329e-01 1.392269e+00 -1.077357e+00 1.036296e+00 -2.847277e+00 2.148560e-01 8.701589e-01 4.982121e-03 -5.333613e-01 9.850584e-01 8.276841e-01 2.594926e-01 -6.169944e-02 1.117884e-01 -9.319041e-01 3.972857e-01 -1.522681e+00 -1.326326e-01 3.835410e-02 5.289849e-02 -9.964519e-03 
1.223036e+01 -8.235576e+00 -1.953966e+00 -9.616681e-01 -3.857254e+00 -9.797771e+00 7.518054e+00 -8.280969e+00 2.989278e+00 -1.190680e+01 -9.285735e+00 2.206117e+00 8.058575e-01 -2.311152e-01 -2.736221e-01 5.791318e-01 9.874633e-01 -2.303787e-01 7.364676e-01 3.030997e-01 -1.271253e-01 -1.411842e+00 -2.606288e+00 7.517424e-01 1.242304e+00 -1.051628e-02 -5.557570e-01 1.207241e+00 7.748653e-01 1.550833e-01 1.096820e-01 2.680836e-01 -9.357808e-01 6.076673e-01 -1.239241e+00 3.590239e-01 4.800787e-01 -4.429094e-01 -1.151476e-02 
1.117730e+01 -6.972005e+00 -1.033676e+00 -1.206065e+00 -6.381850e+00 -9.300630e+00 6.228473e+00 -6.872173e+00 -1.170366e+00 -1.612536e+01 -1.001504e+01 1.926170e+00 7.843017e-01 -1.240225e+00 9.869136e-01 1.285573e+00 1.001239e+00 4.565449e-02 8.881405e-01 -1.128451e+00 -9.878352e-02 -3.208347e+00 -2.004155e+00 7.617319e-01 2.101739e-01 -2.336806e-02 -2.522414e-01 9.486893e-01 3.879660e-01 -2.380327e-01 3.650625e-01 -1.843969e-01 -1.725128e-01 1.617902e-01 -9.551518e-02 9.368175e-01 9.638497e-01 -6.662799e-01 -9.019486e-03 
8.994619e+00 -4.781484e+00 1.614741e+00 3.344541e+00 -3.608702e+00 -5.562791e+00 6.420021e+00 -6.825314e+00 -3.558255e+00 -1.454446e+01 -5.662172e+00 3.987725e+00 7.490254e-01 -9.261943e-01 1.976530e+00 1.429109e+00 5.514063e-01 1.148357e-01 2.727888e-01 -7.034205e-01 7.234637e-01 -1.820696e+00 -8.593726e-01 2.916107e+00 -1.408338e+00 -2.888925e-02 1.860594e-01 5.246677e-01 3.988095e-02 -6.163738e-01 2.901075e-01 -5.979292e-01 4.020149e-01 -3.231736e-01 1.177122e+00 1.046370e+00 6.633902e-01 -5.026067e-01 -3.197982e-03 
7.022639e+00 -2.668573e+00 2.964184e+00 2.658020e+00 -3.256115e+00 -6.588288e+00 2.439419e+00 -7.946504e+00 -8.613149e+00 -1.607935e+01 -5.232177e+00 -3.102187e-01 7.178074e-01 -3.151799e-01 1.964571e+00 1.036477e+00 -6.200221e-01 1.165145e+00 -1.079999e+00 1.033141e+00 -6.936268e-01 7.631871e-01 9.634662e-01 3.951756e+00 -1.135895e+00 -3.092655e-02 4.481253e-01 1.474136e-01 4.329320e-02 -5.848541e-01 4.149381e-02 -8.574289e-02 -2.702560e-02 -5.466924e-01 1.940693e+00 1.035214e+00 -1.967881e-01 -1.388444e-01 3.429262e-03 
9.676854e+00 -5.048564e-01 3.192478e+00 -1.371882e-01 -4.845815e+00 -9.789629e+00 5.895509e+00 -4.126374e+00 -2.392591e+00 -1.622585e+01 2.903627e+00 -3.717004e+00 6.946704e-01 2.366719e-01 1.861078e+00 9.030303e-01 -1.283781e+00 6.602606e-01 -1.269199e+00 1.232398e+00 -1.445466e+00 2.487978e+00 1.141750e+00 2.473713e+00 -5.976739e-01 -2.272617e-02 2.121488e-01 -1.501198e-01 2.130526e-01 -2.081200e-01 -2.272251e-01 7.497475e-01 -1.244699e+00 -6.450592e-01 1.156368e+00 6.660173e-01 -1.427556e+00 -3.895358e-02 8.574712e-03 
9.260088e+00 7.125846e-01 3.360142e+00 -2.565187e+00 6.215303e-02 -1.258701e+01 1.165616e+01 -1.169011e+01 2.062570e+00 -1.046712e+01 5.460649e+00 9.926087e-02 6.568468e-01 4.190069e-01 1.781619e+00 1.764983e+00 -1.005535e+00 -1.951425e-02 1.230457e+00 -2.231421e+00 -1.747741e+00 4.340830e+00 2.171292e+00 -9.383104e-04 -8.894567e-01 -9.302274e-03 -2.412092e-02 -2.338089e-01 2.666178e-01 3.562293e-01 -5.887918e-01 1.297702e+00 -2.035325e+00 7.827822e-02 -9.237682e-03 -2.158831e-02 -1.683113e+00 -3.727574e-01 1.052242e-02 
9.058666e+00 2.832977e+00 5.932009e+00 -4.626408e-01 -1.966279e+00 -8.909339e+00 7.973728e+00 -1.218149e+01 3.543831e+00 -1.164129e+01 1.359916e+00 7.947038e-01 6.658767e-01 -2.324522e-01 1.317399e+00 2.130055e+00 -2.964992e-01 -4.289289e-01 2.866383e+00 -5.294554e+00 -1.974811e+00 2.172406e+00 1.866751e+00 -2.245423e+00 -1.726220e+00 3.177385e-03 -3.015958e-02 -3.525108e-01 -1.976233e-02 6.631843e-01 -4.338718e-01 1.052461e+00 -1.332202e+00 6.134235e-01 -1.064729e+00 -3.100311e-01 -8.134679e-01 -4.026280e-01 6.694251e-03 
9.426237e+00 4.570620e+00 1.041965e+01 -2.206985e+00 -4.793092e+00 -8.768102e-01 -9.756412e+00 -1.265782e+01 1.012282e+01 -7.515292e+00 -4.465261e+00 -7.013368e+00 6.856933e-01 -2.013667e-01 1.067523e+00 1.756124e+00 6.675869e-01 -1.234198e+00 3.340647e+00 -5.880075e+00 -3.752504e-02 8.749378e-01 4.930124e-01 -2.104244e+00 -2.435399e+00 8.735787e-03 1.468375e-01 -2.654561e-01 -5.629143e-01 7.161666e-01 -1.445924e-01 3.536247e-01 4.782199e-01 1.062550e+00 -1.945293e+00 -7.126964e-01 3.984189e-01 -1.008472e-01 1.303837e-03 
8.431196e+00 4.152962e+00 1.031296e+01 -1.798839e+00 -4.562428e+00 -1.313336e+00 -9.870892e+00 -1.351677e+01 4.439080e+00 -8.368419e+00 -3.360470e+00 -8.791791e+00 6.961110e-01 3.961105e-01 4.555384e-01 8.086248e-01 1.195515e+00 -9.018518e-01 2.938070e+00 -3.604357e+00 7.665344e-01 -1.102876e+00 4.308163e-01 -5.421059e-01 -1.837751e+00 1.726154e-03 3.448819e-01 6.151424e-02 -6.869993e-01 4.245568e-01 1.807982e-01 9.170047e-02 1.594047e+00 1.197404e+00 -1.795449e+00 -5.592970e-01 7.228898e-01 1.455852e-01 -2.616792e-03 
8.567643e+00 5.390039e+00 9.949852e+00 1.440541e+00 -4.810509e+00 3.183209e-01 -8.821868e+00 -1.120991e+01 5.989283e+00 -9.638323e+00 -2.700336e+00 -7.284467e+00 6.853946e-01 8.388286e-01 8.851463e-01 -3.888729e-01 1.829291e+00 -5.061351e-01 2.962607e+00 -6.854330e-01 2.194225e+00 -3.748094e+00 -6.741399e-01 1.139601e+00 -1.337833e+00 -2.055420e-03 1.691160e-01 2.394918e-01 -4.407486e-01 -9.303132e-02 4.565441e-01 -2.851156e-01 1.500175e+00 5.761008e-01 -1.388966e+00 -5.012774e-02 -3.055960e-02 1.428178e-01 -4.667767e-03 
1.146876e+01 4.701216e+00 1.020999e+01 3.691281e+00 -6.466583e+00 5.183436e+00 -1.051549e+01 -9.072423e+00 9.636901e-02 -8.425540e+00 -2.233047e+00 -8.258441e+00 6.746431e-01 9.718613e-01 1.715959e+00 -2.323780e-01 1.245451e+00 1.110999e-01 3.513850e+00 7.825694e-02 2.896410e+00 -4.493279e+00 -3.460425e-01 -2.530211e-01 -1.547188e+00 -4.516002e-03 -3.001402e-01 1.746402e-01 -1.075567e-01 -2.943329e-01 6.279906e-01 -9.028194e-01 8.228037e-01 -5.286209e-02 -2.769054e-01 1.774093e-01 -7.640700e-01 2.497808e-01 -7.172647e-03 
1.210180e+01 8.722262e+00 8.526570e+00 4.194811e+00 -6.371493e+00 1.068819e+01 -1.286121e+01 -3.908843e+00 -6.446144e+00 -1.085692e+01 6.688632e-01 -1.396921e+01 6.861325e-01 3.565015e-01 1.634775e+00 7.281987e-02 1.775419e-01 5.419607e-01 1.627140e+00 -2.203962e-01 1.778136e+00 -4.374519e+00 6.309625e-01 -2.401586e+00 -1.866572e+00 -1.148842e-02 -7.622439e-01 -4.787478e-01 1.242986e-01 -5.337238e-02 7.622850e-01 -1.664877e+00 2.374765e-01 -6.584286e-01 9.056002e-01 4.775274e-01 -8.040008e-01 8.475880e-01 -1.514719e-02 
1.152306e+01 1.106676e+01 9.862803e+00 3.051429e+00 -3.226459e+00 1.107088e+01 -7.460083e+00 -2.685335e+00 -1.180961e+01 -9.489171e+00 -6.310193e+00 -1.318565e+01 6.731674e-01 -8.635219e-01 9.539111e-01 4.001172e-02 5.496843e-01 1.714029e+00 -9.083594e-01 2.770489e-01 7.102970e-01 -2.174147e+00 6.651958e-01 -2.591999e+00 -3.244796e-01 -2.942416e-02 -1.011060e+00 -9.939432e-01 -9.593370e-02 3.461720e-01 6.733410e-01 -1.824967e+00 9.331843e-02 -8.014992e-01 1.329160e+00 5.010723e-01 4.034962e-01 1.167379e+00 -2.528439e-02 
1.032242e+01 1.038136e+01 1.048773e+01 2.648195e+00 -3.720739e+00 5.510491e+00 -1.145191e+01 -5.512815e+00 -9.930754e+00 -5.951844e+00 -1.266960e+01 -1.415360e+01 6.286855e-01 -2.054800e+00 -1.127433e+00 9.635972e-02 1.910324e+00 2.503941e+00 -3.150616e+00 4.024957e-01 -4.831530e-03 -3.795289e-01 1.207844e+00 -1.710983e+00 2.288798e+00 -6.533748e-02 -9.221216e-01 -9.609900e-01 -2.729086e-01 3.697600e-01 3.183458e-01 -8.356922e-01 4.687497e-01 -4.306855e-01 1.313387e+00 5.257201e-01 1.580159e+00 9.782718e-01 -3.272218e-02 
8.040885e+00 8.641224e+00 9.429585e+00 7.213128e+00 7.781534e-01 3.230152e+00 -9.834976e+00 -4.718782e+00 -9.031824e+00 -7.552315e+00 -8.523601e+00 -9.788415e+00 5.562357e-01 -2.878065e+00 -1.872577e+00 -7.237622e-01 2.109968e+00 2.496746e+00 -3.222183e+00 2.333209e-01 -2.197383e-01 1.550955e-01 1.870818e+00 1.419308e+00 2.211909e+00 -1.040091e-01 -4.709227e-01 -4.835199e-01 -2.837852e-01 -3.577353e-01 -5.080460e-01 3.053579e-01 6.382171e-01 1.628115e-01 1.009193e+00 6.722441e-01 1.782881e+00 3.908315e-01 -3.140009e-02 
3.569235e+00 4.298207e+00 9.225001e+00 1.166548e+01 4.146320e+00 -1.145059e+00 -9.661012e+00 -2.916194e+00 -9.732963e+00 -5.786296e+00 -6.779395e+00 -4.223456e+00 4.179239e-01 -3.246746e+00 -1.757011e+00 -9.098665e-01 1.246160e+00 1.742394e+00 -1.394531e+00 2.145259e+00 8.967837e-02 1.027668e+00 2.656828e+00 3.493461e+00 1.756585e+00 -1.378060e-01 1.745098e-01 1.868470e-01 -1.535865e-01 -8.513725e-01 -8.683766e-01 1.085997e+00 5.265680e-01 3.173946e-01 6.363314e-01 2.305316e-01 1.202218e+00 -3.232513e-01 -1.587368e-02 
5.098569e-01 4.745163e+00 6.875332e+00 9.092566e+00 5.324120e+00 -1.712316e+00 -7.188848e+00 -5.082481e+00 -1.113290e+01 -2.179676e-01 -2.158459e+00 -7.090875e+00 2.584955e-01 -2.622027e+00 -1.148937e+00 -8.757460e-01 -9.068777e-01 -4.455324e-01 -2.596901e-01 2.596806e+00 1.477088e+00 2.168362e+00 3.302008e+00 3.720162e+00 1.895717e+00 -1.501926e-01 7.091359e-01 3.004753e-01 6.074544e-02 -6.859455e-01 -6.938069e-01 1.107647e+00 3.021067e-01 4.155757e-01 4.467582e-01 -4.997534e-01 -1.030697e-01 -2.365827e-01 7.245420e-03 
-2.145751e+00 3.544242e+00 7.215402e+00 7.939358e+00 2.718556e+00 1.009525e+00 -2.048485e+00 -4.882576e+00 -3.741655e+00 3.665265e+00 1.615554e+00 -6.719265e+00 8.854393e-02 -1.310251e+00 -5.551210e-01 -5.955643e-01 -8.383039e-01 -3.668041e-01 7.980509e-01 1.853429e+00 7.338409e-01 1.795365e+00 1.644912e+00 3.149536e+00 8.306348e-01 -1.216146e-01 8.985034e-01 2.574754e-01 9.312627e-02 -2.238799e-01 -2.581310e-01 3.802970e-01 -2.873741e-01 8.835165e-02 1.542448e-01 -9.325798e-01 -9.398184e-01 -1.874701e-02 2.832796e-02 
-2.211653e+00 3.273387e+00 6.055302e+00 4.541961e+00 -7.352858e-01 8.543656e-01 -6.567708e-01 3.649734e+00 -1.185761e+00 4.232253e+00 5.880126e+00 9.380393e-01 -3.003916e-02 -3.006398e-01 -9.712749e-01 -5.771918e-01 -2.776591e-01 8.245891e-02 1.219872e+00 1.889559e+00 1.536227e+00 2.004982e+00 -1.220008e-01 1.075994e+00 1.491934e+00 -7.587751e-02 7.233238e-01 2.457710e-01 1.008394e-01 2.813180e-01 1.475499e-01 -2.458325e-01 -4.475374e-01 -3.117075e-01 8.765402e-02 -9.363418e-01 -1.168455e+00 -7.479829e-02 3.716949e-02 
-1.621312e+00 2.258542e+00 6.657199e+00 9.749612e+00 5.342008e+00 1.562307e+00 -3.659806e+00 -3.613499e+00 -5.729275e+00 2.125624e-01 4.949053e+00 -4.084722e+00 -4.588538e-02 8.508811e-02 -5.583407e-01 -5.935958e-01 -1.878142e-01 1.878911e-01 -2.328677e-01 1.061983e+00 5.018620e-01 1.880560e+00 -2.941841e-01 1.164897e-01 1.864643e+00 -3.332201e-02 3.850419e-01 3.534717e-01 9.401487e-02 5.881318e-02 -5.935710e-02 -5.478210e-01 -2.247930e-01 -2.932647e-02 1.705516e-01 -3.282574e-01 -9.242693e-01 -1.492533e-02 3.094091e-02 
-1.256062e+00 5.318074e-01 4.268239e+00 6.799251e+00 4.424530e+00 4.110442e+00 3.064942e+00 1.964079e+00 -1.144747e-01 8.985542e-01 1.554673e+00 -9.490352e-01 -5.366794e-02 2.968374e-01 8.158637e-02 -3.726329e-01 1.745031e-01 1.507638e-02 -9.733105e-01 7.551111e-01 3.444531e-02 2.564141e+00 -4.102723e-01 -6.054069e-01 1.004597e+00 -8.492934e-03 1.669468e-01 5.703803e-01 1.598073e-01 -1.431623e-01 4.513745e-02 -2.429309e-01 -2.420720e-01 -1.690547e-01 -2.522378e-01 1.959600e-01 -3.359906e-01 -2.552079e-01 1.914660e-02 
-2.198658e+00 2.123270e+00 5.141109e+00 5.871199e+00 1.077546e+00 -1.783337e+00 1.400123e+00 -1.530613e+00 5.125493e+00 3.861489e+00 4.360639e+00 3.547454e+00 -6.624654e-02 3.162241e-01 6.859812e-01 -2.277028e-01 -7.701351e-01 -6.298312e-01 -8.446110e-01 1.296749e+00 1.337945e+00 2.368543e+00 1.476289e-01 -6.309924e-01 9.998088e-01 -5.995376e-04 1.138887e-01 3.018316e-01 2.886223e-02 -6.731781e-02 3.691616e-01 3.849284e-01 6.800907e-02 3.222824e-02 -7.716224e-01 1.115741e-01 1.751603e-02 -4.748007e-01 9.450098e-03 
-4.383091e-01 3.748707e+00 4.950411e+00 7.353544e+00 1.472029e+00 -2.339285e+00 5.882897e-01 2.780897e+00 6.207154e+00 3.564249e-01 3.147153e+00 2.144889e+00 -6.231133e-02 4.185055e-01 1.258408e+00 3.894545e-02 -7.022703e-01 7.168509e-01 3.109175e-01 5.619014e-01 2.727843e-01 4.996493e-01 6.370634e-01 -2.302898e-01 6.483176e-01 3.498330e-03 2.618166e-02 -5.261642e-02 -1.023317e-01 3.843937e-02 4.824400e-01 5.604746e-01 2.070720e-01 4.313726e-02 -8.661422e-01 -6.543525e-02 1.837445e-01 -3.350239e-01 3.594973e-03 
-4.494476e-01 4.079716e+00 5.177690e+00 5.621481e+00 3.669458e+00 5.644039e-01 4.062337e+00 2.667832e+00 2.952464e+00 1.221716e+00 9.978144e-01 -6.326352e-01 -4.456779e-02 5.936540e-01 3.623953e-01 -6.550291e-01 -8.611817e-02 1.682621e+00 1.049676e+00 1.498643e+00 5.438168e-01 -9.454274e-01 -2.599508e-01 1.659434e-02 -3.311451e-01 7.935749e-03 -3.479117e-02 -2.189398e-01 -1.022250e-01 2.610997e-01 1.787161e-01 3.328114e-01 -1.534010e-02 -2.684893e-01 -3.148557e-01 -2.480876e-01 2.014093e-01 -3.168379e-01 2.507305e-04 
-3.825080e-02 5.845723e+00 4.444709e+00 3.412906e+00 6.713283e+00 4.491328e+00 4.543077e+00 1.228513e+00 3.470537e+00 5.403780e+00 2.084437e+00 4.383048e+00 -4.702729e-02 2.891496e-01 -1.960606e-02 -6.706950e-01 2.459270e-02 1.270993e+00 8.820062e-01 1.689371e+00 6.472533e-01 -1.095206e-01 -5.338172e-01 -1.052011e-02 -5.001787e-03 5.214691e-03 -1.175149e-01 -1.955812e-01 4.037857e-02 3.199919e-01 -4.697227e-01 -2.890774e-01 -3.097482e-01 -2.928605e-01 3.093664e-01 -1.136928e-01 -1.881836e-02 -4.404495e-01 -3.626669e-03 
5.692623e-01 2.886586e+00 2.119088e+00 7.411265e+00 6.870511e+00 5.007230e-02 6.916100e+00 1.964509e+00 1.766385e+00 3.802317e-02 4.974873e+00 7.727610e-01 -3.422032e-02 2.069233e-01 2.302703e-01 -3.839517e-01 1.720721e-01 -1.314957e-02 5.340366e-01 6.563354e-01 -1.916197e-01 1.098709e+00 -5.075491e-01 2.662307e-01 -2.578239e-01 -2.041701e-04 -2.269142e-01 2.323626e-02 1.814893e-01 -1.476725e-01 -8.210742e-01 -5.348755e-01 -6.844041e-01 -3.781829e-01 5.091388e-01 3.246468e-01 -1.115848e-01 -2.260841e-01 -8.516348e-03 
4.977902e-01 4.247403e+00 3.126090e+00 6.581464e+00 6.226534e+00 2.327697e+00 7.608216e+00 6.368878e+00 6.252670e+00 -1.720591e+00 1.105871e+00 1.417594e+00 -4.142314e-02 2.408694e-02 3.466415e-01 1.052999e-01 7.686751e-01 -7.839670e-01 -8.764852e-01 -5.658787e-01 -8.237313e-01 1.024433e+00 1.925389e-01 -4.493460e-01 -1.590468e+00 -1.057210e-02 -2.548210e-01 -1.142028e-01 6.693014e-02 -2.656644e-01 -4.319198e-01 -5.390047e-01 -5.771301e-01 -4.266468e-01 -1.497129e-01 3.289926e-01 1.548674e-01 1.795410e-01 -6.723546e-03 
3.167893e-01 6.030240e+00 3.916991e+00 4.897707e+00 3.846928e+00 4.316265e+00 5.811707e+00 -8.608218e-01 7.055214e+00 2.246737e+00 2.818202e+00 -4.390438e-01 -4.839759e-02 -4.084364e-01 2.955854e-01 -1.356760e-01 -1.196569e+00 -1.395391e+00 -7.453802e-01 -7.958385e-01 -6.117257e-01 1.033195e+00 1.000242e+00 -3.218265e-01 -6.687419e-01 -2.675891e-02 -1.471805e-01 -1.058138e-01 4.613674e-02 -3.870116e-02 3.694870e-01 -1.081186e-01 2.835591e-02 -4.385635e-02 -5.564327e-01 7.966179e-02 3.889519e-01 8.489059e-01 1.072081e-03 
2.086529e-01 6.006864e+00 4.072122e+00 8.512892e+00 4.304961e+00 -2.024444e+00 2.266203e+00 -1.477304e+00 5.948118e+00 5.262033e+00 9.158953e-01 -2.963519e+00 -9.279158e-02 -6.773430e-01 -6.233109e-01 -4.603127e-01 -6.194144e-01 -1.974484e-01 -1.173336e+00 -4.702043e-01 -1.275973e+00 -8.251841e-01 3.572655e-01 1.057748e+00 1.098290e+00 -1.513046e-02 9.618314e-02 8.688219e-02 6.277146e-02 3.333671e-01 1.020528e+00 6.400451e-01 4.472617e-01 3.607985e-01 -5.191940e-01 -2.240237e-01 3.890048e-01 1.013326e+00 1.071695e-02 
-1.327998e+00 3.484710e+00 9.677944e-01 4.625452e-01 8.544137e-01 -1.501065e+00 5.607814e+00 2.829046e+00 7.085001e+00 1.548051e+00 3.460486e+00 -3.806478e-01 -1.423330e-01 -1.783032e-01 1.859986e-01 1.295780e-01 6.726514e-01 1.540938e+00 1.418040e-01 7.504592e-01 -1.848132e-01 -7.587267e-01 -1.914842e-01 1.457431e+00 2.642448e+00 7.433400e-03 2.093346e-01 1.963411e-01 1.674138e-01 6.709087e-01 9.147325e-01 4.373803e-01 -1.030090e-01 4.270418e-01 -1.647744e-01 1.096282e-01 -1.557467e-01 2.203934e-01 1.294804e-02 
-2.066389e+00 2.403475e+00 2.299285e+00 5.701718e+00 6.735408e+00 -6.302748e-01 5.359400e+00 -1.855190e+00 2.111767e+00 4.151336e-01 6.073289e+00 6.879563e+00 -7.011147e-02 3.900940e-01 8.359299e-01 2.865650e-01 1.500704e+00 2.850539e+00 1.879968e+00 8.973047e-01 7.668691e-01 -6.755539e-01 -3.318068e-01 6.059767e-01 1.820706e+00 2.591799e-02 1.332945e-01 1.352571e-01 8.505771e-02 2.216106e-02 9.546841e-03 9.543906e-02 -5.684353e-01 2.444666e-01 2.706453e-01 3.239333e-01 -6.539562e-01 -8.302607e-01 -3.388648e-04 
5.632290e-01 8.762157e+00 5.451372e+00 9.666509e+00 1.033612e+01 4.328479e+00 8.017499e+00 -1.595528e+00 5.179375e+00 3.712866e+00 7.526794e+00 7.851414e+00 -2.257282e-02 1.046419e-01 5.477615e-01 3.279853e-01 1.097769e+00 1.654395e+00 -8.516407e-02 -1.994638e+00 5.020852e-01 1.346056e-01 1.892850e+00 -8.748185e-01 7.207469e-02 1.746178e-02 -1.227327e-01 -4.063612e-01 -2.301489e-01 -5.694052e-01 -6.903585e-01 -4.883384e-01 -7.174669e-01 -4.951183e-01 3.606541e-02 -1.775174e-01 -5.638342e-01 -9.436372e-01 -1.397521e-02 
1.212976e+00 7.547833e+00 3.263269e+00 1.141495e+01 1.381680e+01 4.461020e+00 5.548329e+00 4.569299e+00 3.523081e+00 2.520711e+00 1.912311e+00 2.023850e+00 -2.306472e-02 -1.522315e-01 -1.279280e-01 -1.341996e-01 -7.211103e-01 -2.063036e-01 -5.827618e-01 -1.939590e+00 -3.970420e-01 8.122408e-02 9.348254e-01 -1.045966e+00 -1.767903e+00 -2.183310e-02 -1.937309e-01 -4.857805e-01 -2.918537e-01 -5.689905e-01 -8.610892e-01 -4.818657e-01 -2.464471e-01 -9.454982e-01 8.978872e-02 -6.578878e-01 1.999284e-01 -5.406459e-02 -1.636481e-02 
-2.444634e+00 3.651150e+00 2.125524e+00 3.094822e+00 5.585382e+00 -4.472155e+00 -4.459667e+00 2.127443e+00 7.052203e+00 9.958724e+00 1.167071e+00 2.407848e+00 -7.854404e-02 -5.209126e-01 -1.363855e+00 -8.107858e-01 -1.063372e+00 -3.824390e-01 -1.068452e+00 -1.418575e+00 -2.078359e+00 -9.568856e-01 -1.712494e+00 -5.357860e-01 -2.814820e-01 -3.856877e-02 8.258152e-02 -7.200658e-02 -1.109334e-01 1.241338e-01 -7.419194e-02 2.816430e-01 6.431460e-01 -3.335720e-01 5.676015e-02 -1.054456e+00 5.086385e-01 5.079418e-01 -6.147159e-03 
-1.323357e+00 4.319714e+00 3.291044e+00 5.382406e+00 8.078909e+00 8.566275e-01 1.899569e+00 -5.701973e+00 1.581646e+00 1.965888e+00 4.023400e+00 7.621436e-01 -1.512926e-01 -2.658775e-01 -6.371099e-01 -6.034383e-01 -2.635797e-01 -4.365388e-01 -3.753325e-02 -6.230973e-01 -2.670412e+00 3.190147e-01 -1.818583e+00 1.436025e+00 1.727107e+00 -2.789385e-02 2.039995e-01 2.522511e-01 7.489205e-02 3.830315e-01 1.342116e-01 1.639054e-01 4.613285e-01 8.580641e-01 3.959997e-01 1.141037e-01 -3.480698e-03 3.222170e-01 7.473574e-03 
-7.724645e-01 3.556709e+00 1.383398e+00 7.365825e+00 1.129267e+01 7.887737e-01 2.749188e+00 -6.851967e+00 1.365782e+00 -4.571398e+00 3.792624e+00 7.074924e+00 -1.512926e-01 5.744345e-01 4.424294e-01 7.859720e-03 1.489764e+00 1.398425e+00 1.050518e+00 5.628318e-01 -2.904481e-02 2.994684e-01 -2.002799e+00 4.274903e-01 8.643382e-01 -1.024651e-02 1.537556e-01 3.498549e-01 3.057165e-01 2.195369e-02 -2.126505e-01 -8.683368e-03 4.353546e-01 1.574624e+00 4.221498e-01 1.256654e+00 -4.421907e-01 -7.155225e-01 1.018499e-02 
-9.530013e-01 4.409479e+00 6.168852e-01 7.961464e+00 8.780787e+00 1.642826e+00 -1.171555e+00 -4.293177e+00 7.961508e+00 6.933385e-01 7.779882e+00 8.325660e+00 -1.261530e-01 3.200680e-01 2.301553e-01 -1.690583e-01 -8.257299e-02 -4.257465e-01 -8.227201e-01 -6.237175e-01 2.868626e+00 1.433018e+00 1.650335e+00 -1.545035e+00 -7.297647e-01 1.372649e-03 -1.214429e-01 -4.894937e-02 2.342015e-01 -3.741691e-01 -2.552030e-01 -1.500801e-01 4.694143e-01 1.285094e+00 -2.062716e-03 1.113178e+00 -6.367674e-01 -8.935600e-01 5.192044e-03 
2.420685e-01 5.818294e+00 3.502064e+00 9.254269e+00 1.222663e+01 3.870794e-01 -1.101862e-01 1.277522e+00 5.359429e+00 5.812103e-01 1.426216e+00 2.947568e+00 -1.423505e-01 -4.510343e-02 -4.835391e-02 5.005562e-01 -1.044228e+00 -1.451289e+00 -7.191592e-01 7.586775e-01 3.025176e+00 5.969763e-01 2.836299e+00 -1.256052e+00 -2.630765e+00 -2.274035e-03 -3.864402e-01 -3.470353e-01 1.304503e-02 -4.554052e-01 -2.278106e-01 8.042891e-02 3.513409e-01 1.330554e-01 1.198633e-03 4.655927e-01 1.296396e-01 3.453686e-02 9.135750e-04 
-2.303902e-01 4.339661e+00 1.386447e+00 4.025330e+00 5.483231e+00 -3.056273e+00 2.104318e-01 4.576607e+00 6.749993e+00 7.641056e+00 -2.518648e+00 -8.230415e-01 -1.489033e-01 -5.633627e-01 -6.365349e-01 3.211776e-01 -8.673743e-01 -2.875224e-01 9.669907e-02 1.626260e+00 2.228034e+00 1.599484e-01 1.328000e+00 -9.060103e-01 -9.931015e-01 -5.920719e-03 -2.928118e-01 -2.200951e-01 -2.555605e-02 2.098801e-01 5.531007e-01 6.200688e-01 2.816156e-01 -7.064747e-01 -8.341854e-02 -7.200259e-01 7.156441e-01 9.240655e-01 -3.460696e-04 
-1.359093e+00 3.350062e+00 3.501386e+00 4.112527e+00 5.685180e+00 -4.574739e-01 5.851364e+00 3.839321e+00 4.956149e+00 6.135787e+00 2.661695e+00 -1.503974e+00 -1.512926e-01 -9.159996e-01 -8.593882e-01 -1.720930e-01 -3.948526e-01 1.905200e-01 9.927840e-01 1.194562e+00 9.566700e-01 9.419344e-01 4.864030e-01 7.562274e-01 1.168607e+00 -2.027512e-03 -1.472391e-01 -6.607902e-02 -1.203882e-01 4.882703e-01 7.747124e-01 5.606420e-01 -1.444344e-01 -7.166874e-01 1.175991e-01 -9.325149e-01 6.499565e-01 1.222728e+00 9.027678e-04 
-2.968608e+00 2.460825e+00 2.223413e+00 6.195014e+00 1.061386e+01 2.548900e+00 3.978535e+00 5.566247e+00 8.962848e+00 4.555943e+00 2.632051e+00 5.586004e+00 -1.512926e-01 -7.085956e-01 -4.647378e-01 3.951959e-02 6.422641e-01 1.518938e+00 1.421582e+00 5.663983e-01 3.705301e-01 8.432594e-01 -7.749756e-01 1.027168e+00 1.990819e+00 -4.786017e-04 -8.350070e-03 7.382146e-02 -3.518854e-02 4.056345e-01 4.941517e-01 3.078689e-01 -2.748025e-01 -4.300820e-01 1.267902e-01 -5.467138e-01 4.137566e-01 6.790388e-01 1.243796e-03 
