0.153845930473 0.468354938472
0.153845930473 0.493671369974
0.153845930473 0.506328630026
0.153845930473 0.518987801475
0.153845930473 0.531645061528
0.173076671782 0.556961493029
0.192307413091 0.556961493029
0.201923509708 0.556961493029
0.23076889571 0.556961493029
0.240384992327 0.556961493029
0.249999637019 0.544304232976
0.259615733636 0.518987801475
0.269230378328 0.468354938472
0.269230378328 0.455695767024
0.269230378328 0.405062904021
0.269230378328 0.367089212467
0.259615733636 0.367089212467
0.221154251017 0.341772780966
0.192307413091 0.341772780966
0.182692768399 0.316456349464
0.144231285781 0.291139917963
0.134615189164 0.278480746515
0.134615189164 0.227847883512
0.134615189164 0.177215020509
0.134615189164 0.151898589008
0.153845930473 0.101265726005
0.182692768399 0.075949294504
0.201923509708 0.0632901230556
0.240384992327 0.0506328630026
0.269230378328 0.0632901230556
0.278846474945 0.0632901230556
0.298077216254 0.101265726005
0.317307957563 0.164555849061
0.317307957563 0.189872280562
0.317307957563 0.215188712064
0.326922602255 0.227847883512
0.326922602255 0.215188712064
0.326922602255 0.151898589008
0.326922602255 0.13923941756
0.346153343565 0.101265726005
0.365384084874 0.088606554557
0.3942309228 0.075949294504
0.423076308801 0.075949294504
0.461539243344 0.101265726005
0.471153888036 0.151898589008
0.480769984653 0.253164315013
0.480769984653 0.341772780966
0.480769984653 0.354430041019
0.442308502035 0.430379335523
0.413461664109 0.468354938472
0.3942309228 0.468354938472
0.375000181491 0.468354938472
0.355769440181 0.468354938472
0.355769440181 0.481012198525
0.365384084874 0.481012198525
0.423076308801 0.481012198525
0.471153888036 0.506328630026
0.538462208581 0.518987801475
0.576923691199 0.493671369974
0.596154432508 0.430379335523
0.596154432508 0.405062904021
0.586538335891 0.367089212467
0.538462208581 0.367089212467
0.509615370655 0.41772207547
0.500000725962 0.455695767024
0.500000725962 0.468354938472
0.519231467271 0.481012198525
