0.455284942098 0.727272548997
0.455284942098 0.740260504301
0.447154261947 0.740260504301
0.439024809439 0.740260504301
0.42276467678 0.714286554731
0.406504544121 0.662338655591
0.390244411462 0.623376750717
0.382113731311 0.584414845843
0.373984278803 0.545454902007
0.365853598652 0.506492997133
0.365853598652 0.480519047563
0.365853598652 0.454545097993
0.365853598652 0.428571148423
0.373984278803 0.402597198853
0.382113731311 0.389611204587
0.390244411462 0.389611204587
0.406504544121 0.376623249283
0.42276467678 0.376623249283
0.430894129288 0.389611204587
0.447154261947 0.402597198853
0.455284942098 0.428571148423
0.463414394606 0.454545097993
0.471545074757 0.467533053297
0.471545074757 0.493507002867
0.479674527265 0.506492997133
0.479674527265 0.532466946703
0.479674527265 0.545454902007
0.479674527265 0.519480952437
0.479674527265 0.506492997133
0.487805207416 0.480519047563
0.495934659924 0.454545097993
0.504065340076 0.441559103727
0.512194792584 0.428571148423
0.528454925243 0.415585154157
0.544716285545 0.402597198853
0.560976418204 0.402597198853
0.593496683522 0.402597198853
0.609756816181 0.415585154157
0.617886268689 0.428571148423
0.62601694884 0.454545097993
0.6422770815 0.493507002867
0.650406534008 0.571428851577
0.650406534008 0.610388795413
0.650406534008 0.649350700287
0.650406534008 0.675324649857
0.62601694884 0.727272548997
0.609756816181 0.753246498566
0.60162613603 0.766234453871
0.569105870712 0.779220448136
0.552845738053 0.79220840344
0.544716285545 0.79220840344
0.528454925243 0.805194397706
0.512194792584 0.805194397706
0.495934659924 0.805194397706
0.487805207416 0.805194397706
0.479674527265 0.805194397706
0.471545074757 0.805194397706
0.463414394606 0.805194397706
0.455284942098 0.79220840344
0.447154261947 0.79220840344
0.447154261947 0.779220448136
0.455284942098 0.779220448136
0.463414394606 0.779220448136
0.471545074757 0.779220448136
0.479674527265 0.779220448136
0.495934659924 0.779220448136
0.512194792584 0.779220448136
0.560976418204 0.79220840344
0.577236550863 0.79220840344
0.634146401348 0.79220840344
0.650406534008 0.79220840344
0.691057479477 0.805194397706
0.707317612136 0.805194397706
0.731707197303 0.805194397706
0.739837877454 0.805194397706
0.756098010113 0.79220840344
0.764227462621 0.779220448136
0.772358142772 0.766234453871
0.772358142772 0.753246498566
0.772358142772 0.740260504301
0.772358142772 0.714286554731
0.756098010113 0.688312605161
0.739837877454 0.675324649857
0.731707197303 0.662338655591
0.715447064644 0.675324649857
0.715447064644 0.714286554731
0.715447064644 0.727272548997
0.715447064644 0.753246498566
0.731707197303 0.779220448136
0.747967329962 0.805194397706
0.756098010113 0.81818235301
0.764227462621 0.81818235301
0.764227462621 0.831168347276
