0.278846474945 0.392405643968
0.278846474945 0.405062904021
0.278846474945 0.41772207547
0.278846474945 0.430379335523
0.278846474945 0.443038506971
0.288461119637 0.455695767024
0.298077216254 0.455695767024
0.317307957563 0.481012198525
0.326922602255 0.481012198525
0.336538698872 0.481012198525
0.346153343565 0.481012198525
0.355769440181 0.455695767024
0.365384084874 0.443038506971
0.365384084874 0.430379335523
0.365384084874 0.405062904021
0.365384084874 0.37974647252
0.355769440181 0.367089212467
0.346153343565 0.341772780966
0.326922602255 0.329113609517
0.317307957563 0.303797178016
0.298077216254 0.291139917963
0.278846474945 0.278480746515
0.269230378328 0.265823486462
0.249999637019 0.240505143565
0.240384992327 0.227847883512
0.23076889571 0.202531452011
0.221154251017 0.177215020509
0.221154251017 0.13923941756
0.221154251017 0.113922986058
0.23076889571 0.088606554557
0.249999637019 0.088606554557
0.259615733636 0.088606554557
0.278846474945 0.088606554557
0.288461119637 0.088606554557
0.307691860946 0.113922986058
0.317307957563 0.126582157507
0.317307957563 0.13923941756
0.326922602255 0.151898589008
0.326922602255 0.164555849061
0.336538698872 0.177215020509
0.346153343565 0.164555849061
0.355769440181 0.151898589008
0.365384084874 0.13923941756
0.375000181491 0.126582157507
0.384614826183 0.126582157507
0.403845567492 0.113922986058
0.413461664109 0.113922986058
0.432692405418 0.113922986058
0.442308502035 0.113922986058
0.451923146727 0.13923941756
0.461539243344 0.164555849061
0.461539243344 0.177215020509
0.461539243344 0.202531452011
0.451923146727 0.227847883512
0.451923146727 0.253164315013
0.451923146727 0.265823486462
0.451923146727 0.291139917963
0.451923146727 0.303797178016
0.461539243344 0.303797178016
0.471153888036 0.316456349464
0.490384629345 0.329113609517
0.528846111964 0.341772780966
0.548076853273 0.341772780966
0.586538335891 0.354430041019
0.6057690772 0.354430041019
0.624999818509 0.341772780966
0.634615915126 0.341772780966
0.644230559819 0.316456349464
0.644230559819 0.303797178016
0.634615915126 0.303797178016
0.624999818509 0.303797178016
0.6057690772 0.303797178016
0.586538335891 0.303797178016
0.586538335891 0.316456349464
0.576923691199 0.329113609517
0.576923691199 0.341772780966
0.586538335891 0.354430041019
0.596154432508 0.367089212467
