-1.245485e+01 -9.282580e-01 7.628711e-01 2.182161e+00 -1.595693e+00 3.986002e+00 -7.040380e+00 -1.635360e+00 2.639985e+00 -2.057306e+00 -2.484903e+00 -9.422723e-01 -1.512926e-01 4.569262e-02 -7.319728e-02 -1.476330e-01 2.611183e-01 5.658112e-02 4.744950e-01 6.262653e-01 -4.266888e-01 -8.937808e-01 1.946505e-01 1.214310e+00 -2.317826e-01 2.161068e-06 2.583062e-02 5.772812e-02 1.445457e-01 1.137827e-01 -1.287877e-01 -4.018713e-01 1.976675e-01 1.589680e-01 3.016253e-01 2.998477e-01 -3.610241e-01 -5.829503e-01 -2.809430e-07 
-1.248023e+01 -1.815484e+00 -1.570142e+00 3.561512e+00 -8.658625e-01 6.549184e+00 -5.434813e+00 -2.156293e+00 -9.780619e-01 -7.942700e-01 4.534074e+00 -2.075968e-01 -1.512926e-01 1.256599e-01 -4.225951e-02 -8.378752e-02 4.895858e-01 -5.226024e-01 -4.135787e-01 1.232928e+00 8.548095e-02 -4.122117e-01 1.341689e+00 7.096053e-01 -1.573580e+00 2.161068e-06 6.970472e-03 8.528209e-02 2.404058e-01 1.222626e-01 -5.683123e-02 -5.250188e-01 1.602888e-01 3.214757e-01 4.649612e-01 7.011075e-02 -6.486344e-01 -4.505013e-01 -2.809430e-07 
-1.221402e+01 -8.504932e-01 1.191075e+00 2.798648e+00 -1.677639e+00 5.077418e+00 -4.711531e+00 -3.508435e+00 -1.974390e-02 -1.715183e+00 7.711552e-02 -2.468404e+00 -1.512926e-01 1.347837e-01 1.999238e-01 5.432035e-01 7.159031e-01 -2.977486e-01 -1.090752e+00 1.311349e+00 1.119526e-01 3.736255e-01 1.120516e+00 -3.385471e-01 -2.475761e+00 2.161068e-06 -5.390551e-02 1.702922e-01 2.818578e-01 -4.933165e-02 9.171557e-03 -3.659551e-01 -2.312706e-02 3.410264e-01 3.741831e-01 -3.335021e-01 -7.321023e-01 4.665652e-02 -2.809430e-07 
-1.194720e+01 -1.178343e+00 1.297326e-01 4.322553e+00 -4.168026e+00 1.373185e+00 -2.039985e+00 -2.717995e-01 1.908975e+00 4.480235e+00 -2.179180e-01 -8.047079e+00 -1.512926e-01 3.603215e-02 2.166781e-01 7.089019e-01 6.450781e-01 -5.041896e-02 -1.367891e+00 1.085224e+00 9.112827e-01 7.973612e-01 8.226977e-02 -1.252491e+00 -1.362128e+00 2.161068e-06 -1.399507e-01 6.738836e-02 1.947225e-01 -4.097068e-01 1.858939e-01 1.425325e-01 -3.731914e-01 3.937547e-02 1.599953e-02 -5.261642e-01 -5.591322e-02 1.127728e+00 -2.809430e-07 
-1.204687e+01 -2.472264e-01 2.628850e+00 5.381209e+00 -1.433509e+00 1.120698e+00 -2.181056e+00 -2.018086e+00 3.064771e+00 9.077635e-01 -1.801554e+00 -9.401292e+00 -1.512926e-01 -1.791817e-01 6.488318e-01 8.651646e-01 -6.303686e-02 -1.335986e-01 -8.779765e-01 5.845103e-01 8.654368e-01 3.722900e-01 -8.430294e-01 -1.465221e+00 -1.042205e-01 2.161068e-06 -1.429039e-01 -1.494766e-01 -1.921629e-01 -5.028955e-01 4.310121e-02 4.113010e-01 -5.341653e-01 -1.764049e-01 -2.529412e-01 -5.197805e-02 8.630321e-01 1.675600e+00 -2.809430e-07 
-1.238303e+01 -1.034006e+00 1.255792e+00 5.495396e+00 -1.239741e+00 1.688256e+00 -1.273738e+00 1.654825e+00 1.466820e+00 -1.694745e+00 -7.888223e-01 -3.551963e+00 -1.512926e-01 -4.172945e-01 7.023341e-02 7.288316e-01 -1.169357e+00 3.247537e-01 1.928777e-01 -2.695599e-01 -9.454575e-02 -3.315735e-01 -3.073796e-01 9.933143e-01 2.879173e+00 2.161068e-06 -1.036399e-01 -2.235186e-01 -3.452395e-01 -2.106321e-01 -2.296559e-02 3.491238e-01 -4.845588e-01 -3.428468e-01 -2.346805e-01 3.443466e-01 1.214405e+00 1.253203e+00 -2.809430e-07 
-1.289192e+01 2.321370e+00 4.954312e+00 1.896695e+00 -3.809940e+00 5.299410e-01 -2.171921e+00 -1.446178e-01 2.062653e+00 -2.842923e+00 -6.963555e+00 -5.237080e+00 -1.512926e-01 -3.530702e-01 -4.742359e-01 -4.276184e-01 -8.914333e-01 -2.698940e-01 1.852748e-01 -6.820213e-01 -2.671872e-01 -3.264373e-01 1.055449e+00 2.853849e+00 3.781577e+00 2.161068e-06 2.468961e-02 -3.175350e-01 -4.953954e-01 1.913719e-01 4.159679e-02 1.215155e-01 -2.111557e-01 -3.633835e-02 -3.248009e-02 3.029712e-01 9.507227e-01 2.495143e-01 -2.809430e-07 
-1.361129e+01 -2.111521e+00 2.611592e+00 2.173010e-01 -1.355831e+00 2.632387e+00 -3.392842e+00 -1.680642e+00 7.520457e-01 4.818680e+00 7.329661e+00 4.267015e+00 -1.512926e-01 -3.951112e-01 -3.394040e-01 -3.708277e-01 6.040977e-03 -9.700338e-02 -1.540408e-01 -7.042289e-01 -2.366872e-01 -2.658648e-02 8.547690e-01 2.660027e+00 2.961058e+00 2.161068e-06 6.194007e-02 2.009777e-02 -1.718301e-01 2.804340e-01 6.499545e-02 -6.576510e-02 8.117467e-02 5.269789e-01 3.023929e-01 -2.856081e-01 -4.554241e-01 -1.292395e+00 -2.809430e-07 
-1.319836e+01 -2.079414e+00 -1.870164e-01 3.562726e+00 -2.725010e+00 1.574960e+00 -4.531894e+00 -1.686154e+00 1.789657e+00 2.928622e+00 8.408196e+00 5.597254e+00 -1.512926e-01 -6.665509e-02 -7.339714e-01 -1.061841e+00 3.061398e-01 2.853730e-01 -9.696743e-02 -2.539452e-01 7.548503e-01 5.733887e-02 9.076916e-02 2.454942e+00 1.102439e+00 2.161068e-06 4.724124e-02 1.866997e-01 2.809966e-01 4.780230e-02 2.251050e-01 1.928902e-01 2.687640e-01 5.532739e-01 3.688099e-01 -5.193287e-01 -1.489836e+00 -1.980638e+00 -2.809430e-07 
-1.420561e+01 -5.303022e-01 1.972342e+00 4.692445e+00 -2.267479e+00 3.956046e-01 -3.614766e+00 1.242174e+00 1.470218e+00 -3.066317e-01 4.825130e+00 5.835732e+00 -1.512926e-01 -2.509197e-01 3.007154e-01 1.868504e-01 -3.660923e-01 3.721065e-01 5.202184e-03 -7.778741e-02 2.029328e+00 9.885302e-01 -1.253077e+00 -1.084394e+00 -2.243364e+00 2.161068e-06 1.136880e-01 1.078127e-01 2.590536e-01 -1.167178e-01 -9.265693e-03 4.785555e-01 2.394028e-01 -5.520658e-02 2.024037e-01 -1.292512e-01 -1.394310e+00 -1.535367e+00 -2.809430e-07 
-1.292782e+01 -2.138916e+00 -3.565280e-02 1.189709e+00 -1.927318e+00 1.163318e+00 -3.330933e+00 2.167883e+00 1.990156e+00 1.736491e-01 6.563514e+00 -5.091639e-01 -1.512926e-01 -1.890211e-01 1.392007e-01 6.984962e-01 -4.664837e-01 6.210690e-01 1.070224e+00 3.485537e-01 1.366193e+00 1.009897e+00 -4.871887e-01 -2.723314e+00 -3.519431e+00 2.161068e-06 1.644292e-01 7.805920e-02 1.519599e-01 5.542066e-02 -3.666474e-01 2.243533e-01 4.474777e-02 -7.908670e-01 -5.748750e-02 2.353403e-01 -7.436912e-01 -2.059673e-01 -2.809430e-07 
-1.500113e+01 -5.783162e-01 3.470158e+00 -4.259098e-01 1.059648e-01 2.864374e+00 -4.382028e+00 6.538916e+00 5.594610e+00 -6.914815e-02 2.830400e+00 -3.896431e+00 -1.512926e-01 2.346085e-01 -2.368395e-01 4.425620e-02 -1.911131e-01 -3.112917e-01 1.655330e+00 1.915963e-01 -8.182972e-01 5.093236e-01 4.974173e-01 -1.722480e+00 -2.404906e+00 2.161068e-06 2.672539e-01 -7.106516e-02 -3.065585e-01 2.946731e-01 -3.352145e-01 -8.490933e-02 4.105017e-02 -1.146955e+00 -7.205675e-01 5.825043e-02 3.287714e-01 1.226423e+00 -2.809430e-07 
-1.374563e+01 -1.359205e+00 2.556584e+00 3.789885e+00 -8.065371e-01 5.691373e+00 -2.405348e+00 2.496666e+00 4.777133e+00 3.739365e-01 -4.210632e+00 -7.133545e+00 -1.512926e-01 5.129732e-01 -7.488158e-02 -2.307909e-01 4.957679e-01 -1.206193e+00 1.997515e-01 -1.649988e-01 -1.775786e+00 9.572299e-03 3.922138e-01 -9.445022e-01 1.532433e-01 2.161068e-06 1.707383e-01 4.349041e-02 -2.969350e-01 1.449816e-01 -2.056491e-02 -5.430809e-01 -2.588951e-01 -6.504793e-01 -7.897722e-01 -2.383479e-01 8.835354e-01 1.636658e+00 -2.809430e-07 
-1.262324e+01 -2.104451e+00 8.976961e-01 2.436652e+00 -4.383988e+00 6.407835e+00 -3.119496e+00 -3.013490e+00 2.623371e+00 2.080466e+00 1.599648e+00 -2.876276e+00 -1.512926e-01 7.342697e-01 5.232674e-02 -8.813271e-01 6.262631e-01 -3.902451e-01 1.582532e-02 3.841785e-01 -2.134401e+00 -2.114140e+00 -1.401533e+00 -3.299718e-01 2.052415e+00 2.161068e-06 6.643698e-02 1.501394e-01 -1.583276e-02 -1.069227e-01 3.436988e-01 -6.335166e-01 -2.957979e-01 1.876718e-01 -3.890881e-01 -1.804497e-01 4.432055e-01 8.772242e-01 -2.809430e-07 
-1.155223e+01 -1.750091e+00 9.701505e-02 2.237432e+00 -5.713048e+00 3.902095e-01 -4.786971e+00 -1.935005e+00 3.523541e+00 1.059410e+00 2.456185e+00 -2.530212e-01 -1.512926e-01 4.147585e-01 2.120685e-01 -3.233845e-01 -1.502577e-01 5.576758e-01 -8.254857e-01 -1.042318e+00 -1.228129e+00 -1.627126e+00 -7.293265e-01 9.981701e-01 2.435212e+00 2.161068e-06 2.844822e-02 6.355398e-02 9.517747e-03 -3.040475e-01 3.814695e-01 -1.011403e-01 -1.089934e-02 7.282266e-01 1.545300e-01 1.052390e-01 -5.722693e-02 -4.901691e-01 -2.809430e-07 
-1.242575e+01 -1.208585e-01 2.933203e-01 3.481945e+00 6.083102e-01 5.593723e+00 -1.270355e+00 -1.917286e+00 -4.349544e+00 -7.419693e+00 -2.152991e+00 2.925105e+00 -1.512926e-01 6.160183e-01 3.703032e-01 1.153980e-02 -4.026471e-01 5.253068e-01 -9.996219e-01 -8.488102e-01 -1.538193e-01 -6.177620e-01 1.559311e-01 -4.778186e-01 8.402961e-01 2.161068e-06 6.610139e-02 -2.698283e-01 -4.973604e-03 -1.452412e-01 -1.155359e-01 2.321804e-03 1.834995e-01 8.381843e-01 1.028779e+00 4.129734e-01 -3.034551e-01 -1.255293e+00 -2.809430e-07 
-1.177076e+01 -1.290572e+00 1.242129e+00 2.516218e+00 -5.141780e-01 1.970956e+00 -8.541411e+00 -4.191987e+00 1.275154e-01 1.477561e+00 2.656489e+00 2.141535e+00 -1.512926e-01 7.142331e-01 8.388504e-02 -6.295607e-01 -5.100269e-01 2.433990e-01 2.018344e-01 3.971330e-01 8.750280e-01 3.412329e-02 1.396878e-01 -1.156716e+00 -1.691449e+00 2.161068e-06 -4.775169e-03 -5.728922e-01 -6.750734e-02 -7.064489e-02 -2.716444e-01 2.673863e-01 8.004869e-01 7.035775e-01 9.976714e-01 -1.526549e-01 -4.345922e-01 -1.088588e+00 4.506729e-03 
-9.434349e+00 -4.828775e-01 3.824846e-01 2.841124e-01 -4.357100e+00 6.194986e-01 -5.486573e+00 -2.653995e+00 1.232715e+00 2.651489e+00 -8.893361e-01 1.280385e-01 -1.512926e-01 9.151351e-01 -1.232699e+00 -7.530189e-01 7.982256e-02 -8.107535e-01 -4.860660e-01 5.820813e-01 1.004989e+00 2.199028e+00 2.288369e-01 -7.697929e-01 -2.160700e+00 2.161068e-06 -3.627823e-01 -6.470829e-01 1.302041e-01 -2.968373e-01 -3.631339e-02 2.238955e-01 4.750245e-01 2.961039e-01 6.545973e-01 -4.178823e-01 5.809868e-02 -2.311850e-01 1.316522e-02 
-9.477065e+00 -1.150065e+00 -3.095642e+00 1.286282e+00 -2.013532e+00 3.886734e+00 -6.935558e-01 2.808517e+00 9.030809e-01 -3.277833e+00 -3.958986e+00 -7.311773e+00 -1.512926e-01 2.412277e-01 -1.850922e+00 -2.785868e-01 -7.448109e-01 -1.325420e-01 2.547418e-01 2.244765e+00 1.710517e+00 1.952798e+00 -1.528929e+00 -1.028912e+00 -1.507292e+00 2.253207e-02 -6.954860e-01 -4.469227e-01 3.340566e-01 -5.757686e-01 2.249130e-01 -1.517893e-01 -1.782434e-01 -3.320879e-01 -7.211218e-02 -1.555068e-01 2.124136e-01 6.583543e-01 2.121806e-02 
-8.997277e+00 -6.354713e+00 -1.303008e+00 4.496263e+00 -2.695988e+00 2.205640e+00 -2.283898e+00 -3.926812e-01 6.258032e+00 -3.897906e+00 -2.694247e+00 -3.152292e+00 -1.512926e-01 -9.613222e-01 -1.897639e+00 4.870300e-01 -1.769421e+00 5.316461e-01 9.331176e-02 6.024383e-01 9.089808e-01 1.695886e+00 -1.099144e+00 -2.511408e-01 -4.076957e-01 5.456343e-02 -8.435482e-01 1.783876e-02 1.405765e-01 -6.055165e-01 2.891553e-01 -2.056429e-01 -4.056644e-01 -6.427715e-01 -1.089417e+00 9.786026e-02 1.221893e-01 8.329816e-01 2.225003e-02 
-1.078271e+01 -7.609261e+00 6.920430e-01 -3.313981e+00 -2.007557e+00 2.451653e+00 1.081160e+00 3.229831e+00 7.379090e+00 -2.892382e+00 -1.585702e+00 -3.754796e+00 -3.864742e-02 -1.824861e+00 -1.818300e+00 4.206272e-01 -2.464231e+00 6.968527e-01 -8.468361e-01 -5.044755e-01 -7.373475e-01 -7.496940e-02 2.617387e-02 -3.540447e-01 7.238748e-01 7.880799e-02 -5.556793e-01 2.886821e-01 -1.261246e-02 2.447910e-01 7.309376e-02 -2.611612e-01 -5.202535e-01 -8.834820e-01 -9.091128e-01 2.984897e-01 2.934887e-01 8.836402e-01 1.028483e-02 
-1.358838e+01 -6.741476e+00 9.239421e-01 -6.262790e+00 -1.701540e+00 1.803170e+00 -3.361380e+00 1.680419e+00 6.474390e+00 -3.036670e+00 -3.331678e+00 -3.688867e+00 6.519624e-02 -2.269601e+00 -1.159831e+00 -3.997522e-01 -2.088066e+00 2.202509e-01 -9.635866e-01 -7.165717e-02 -9.849921e-01 -2.234121e+00 -5.957543e-02 -4.962091e-01 8.886471e-01 8.311173e-02 -1.090093e-01 3.662613e-01 -9.046134e-02 8.104988e-01 -2.290403e-01 -8.424345e-02 2.247589e-01 -3.975647e-01 -1.062499e-01 1.797960e-01 5.472707e-01 7.150942e-01 -4.486840e-03 
-1.630553e+01 -1.004796e+01 -2.105847e+00 -5.655414e+00 9.732256e-01 -1.460572e-01 -2.677002e+00 -1.915317e+00 4.197684e-01 -3.577446e+00 -5.409929e+00 -3.423892e+00 1.345015e-01 -1.883003e+00 -7.764332e-01 1.018406e-01 6.383585e-01 3.887232e-01 -5.225179e-01 -1.949226e-02 -1.759865e+00 -6.276235e-01 -5.563170e-01 5.611386e-01 2.262864e+00 5.967809e-02 3.112161e-01 4.796279e-01 7.572113e-02 8.826917e-01 -1.694393e-01 2.983084e-01 6.532417e-01 4.230430e-01 7.304275e-01 1.222146e-01 6.626433e-01 2.528618e-01 -1.322556e-02 
-1.758331e+01 -1.093459e+01 -1.902710e+00 -4.773505e+00 -3.085231e+00 -1.313543e+00 -7.632453e-01 -2.745345e+00 -1.433055e+00 -3.853352e+00 -3.262620e+00 1.125797e+00 1.776833e-01 -1.477263e+00 -5.872607e-01 1.941697e-01 7.317614e-01 -4.594013e-01 -4.900236e-01 1.483806e+00 -5.675834e-01 1.441028e+00 9.105247e-02 2.027725e+00 2.398113e+00 4.170106e-02 4.964617e-01 3.978280e-01 -3.605325e-02 4.873085e-01 2.341561e-02 3.505805e-01 3.686360e-01 8.013712e-01 7.486882e-01 3.817382e-01 4.636620e-01 -3.453902e-01 -1.333096e-02 
-1.819992e+01 -9.394907e+00 2.614828e+00 -8.668646e-01 6.275163e-01 1.397463e+00 -3.153377e-01 -3.356841e+00 8.194303e+00 -5.265991e+00 1.185299e+00 5.152159e+00 2.034905e-01 -6.650677e-01 2.935350e-01 5.022859e-01 5.393111e-01 1.895148e-01 4.080483e-01 1.984056e+00 1.169190e+00 1.739647e+00 5.619181e-01 1.697214e+00 1.233455e+00 3.338668e-02 4.294780e-01 2.343470e-01 -3.510810e-01 7.297006e-02 1.067598e-02 2.779572e-01 1.731089e-03 7.364965e-01 -3.145911e-01 5.713221e-01 -2.144038e-01 -1.082675e+00 -6.829227e-03 
-2.002745e+01 -1.000465e+01 -4.656549e-01 -4.998234e+00 -3.825732e+00 -1.418207e+00 2.876850e+00 -4.367813e-01 9.792254e+00 -1.737255e+00 3.509411e+00 4.013711e+00 2.392060e-01 -3.961846e-01 2.942442e-01 -7.801796e-01 3.979300e-01 4.368444e-01 3.241047e-01 7.696899e-01 1.557250e+00 3.255507e-01 1.290032e+00 1.254190e+00 -3.234713e-01 2.960076e-02 3.316200e-01 1.449675e-01 -1.610833e-01 4.216909e-01 -3.984189e-03 3.192006e-01 -5.277951e-01 -1.819273e-02 -6.975800e-01 3.096710e-01 -7.321492e-01 -9.730443e-01 -2.474810e-03 
-1.840917e+01 -9.045259e+00 -3.124936e-01 -2.846302e+00 2.291189e+00 1.946678e+00 5.423224e+00 2.776623e+00 3.505416e+00 -1.825545e+00 -3.101160e-01 1.299608e+00 2.706700e-01 -2.761442e-01 -4.553945e-02 -1.166427e+00 1.170016e+00 -6.139753e-03 4.602267e-01 3.462404e-01 8.602575e-01 -1.642843e+00 1.700929e+00 -1.240607e-01 -1.789823e+00 3.157921e-02 1.858398e-01 6.001685e-02 1.810549e-01 5.887504e-01 -5.269170e-01 5.671641e-02 -5.448188e-01 -6.404430e-01 -2.682122e-01 -2.111416e-01 -5.713596e-01 -2.521068e-01 -1.070008e-03 
-1.946037e+01 -9.637922e+00 -4.339988e+00 -1.794327e+00 -1.732697e+00 3.197903e-02 2.157913e-01 1.974158e+00 2.539169e+00 8.766985e-01 3.755995e+00 1.434619e+00 2.921204e-01 -1.370139e-02 3.070980e-01 2.231823e-01 2.524828e+00 -3.814085e-01 1.080014e+00 -3.364143e-01 -5.041856e-01 -3.556108e-01 1.069898e+00 -7.223703e-01 -9.554886e-01 3.022116e-02 1.940282e-01 2.719899e-04 4.854482e-01 1.818943e-01 -6.583785e-01 1.380835e-02 -1.012893e-01 -5.346605e-01 2.880510e-01 -7.182832e-01 -3.975267e-01 4.412138e-01 -2.435482e-03 
-1.986463e+01 -9.805529e+00 -1.280358e+00 3.381121e+00 -4.497309e-01 2.973354e+00 2.746605e+00 -2.611682e-01 3.606610e+00 1.931681e+00 4.415687e-01 -2.507519e+00 3.349508e-01 7.270617e-02 5.872222e-01 9.059940e-01 2.419733e+00 -2.035972e+00 3.136899e-01 -1.869752e-01 -1.002448e+00 7.392195e-01 -3.835907e-01 -1.711733e-01 2.890496e-01 2.772489e-02 2.570520e-01 -1.366848e-02 3.029021e-01 -4.575935e-01 -3.363668e-01 -1.084651e-01 -7.734639e-02 -1.695401e-01 5.163092e-01 -7.660866e-01 -9.105515e-02 7.786407e-01 -6.289644e-03 
-1.936813e+01 -8.088811e+00 1.134269e+00 4.512054e+00 -4.362221e+00 3.468079e+00 2.533138e+00 -1.438485e+00 7.963596e+00 1.733438e+00 -4.782417e-01 1.139992e+00 3.581931e-01 3.995522e-01 -2.062967e-02 6.108409e-01 6.827081e-01 -1.840221e+00 4.662673e-01 5.299164e-01 -1.846071e-01 5.747587e-01 -1.259121e+00 -7.098689e-01 8.433041e-01 1.935190e-02 3.169883e-01 -1.612472e-01 -1.819403e-01 -8.609579e-01 4.680862e-01 -2.065585e-01 -3.828564e-01 1.055749e-01 -2.141058e-02 -2.678176e-01 8.470146e-02 2.902979e-01 -9.667149e-03 
-1.809158e+01 -6.883750e+00 1.480140e+00 6.099734e+00 -6.573907e+00 1.797235e+00 3.329494e+00 -5.289191e-01 4.489033e+00 -4.172177e+00 9.510077e-01 2.891983e+00 3.762529e-01 8.024297e-01 5.011057e-02 1.541339e-01 -1.968920e-01 -9.585750e-01 2.248512e-01 -4.737086e-01 -1.471055e-01 4.734730e-01 -9.649482e-01 -5.856817e-01 1.204043e+00 5.571133e-03 5.571363e-01 4.509550e-02 -9.562881e-02 -6.031131e-01 1.147320e+00 -7.317308e-02 -4.971160e-01 1.065384e-01 -1.155014e-01 4.122038e-01 1.478537e-01 -3.143701e-01 -1.031842e-02 
-1.834850e+01 -1.120235e+01 -2.666000e+00 2.604247e-01 -7.871384e+00 2.951773e+00 2.574072e+00 1.185080e+00 4.971590e+00 -2.366730e+00 -4.798447e-02 2.951287e+00 3.682068e-01 1.206559e+00 -2.306342e-01 -3.105096e-01 -4.718594e-01 1.420304e+00 9.154124e-02 -2.107361e+00 -4.039576e-01 -3.298272e-01 2.145199e-02 -9.151580e-02 3.849312e-02 -7.037214e-03 1.230799e+00 8.080760e-01 3.228604e-01 -2.213340e-01 9.183584e-01 -2.776419e-01 -3.666748e-01 -1.949921e-01 -1.494663e-02 5.513588e-01 4.920946e-01 -7.337546e-01 8.766758e-03 
-1.636249e+01 -7.998380e+00 1.390257e+00 4.522987e+00 -3.487705e+00 4.355562e+00 3.578768e-01 -2.308675e+00 7.470089e+00 -8.429112e-01 -2.701840e+00 2.606819e+00 3.577715e-01 2.454907e+00 9.176979e-01 8.886217e-01 -1.855288e-02 2.070373e+00 1.352836e-01 -1.354035e+00 -3.601259e-01 6.138964e-01 1.037222e+00 2.589360e-01 -8.802882e-01 -1.067659e-02 2.021986e+00 9.786609e-01 2.951509e-01 -8.393726e-01 3.531735e-01 -3.230886e-01 4.304335e-01 -5.283176e-01 -1.779189e-01 4.052325e-01 5.966290e-01 -8.254759e-01 3.642234e-02 
-1.420004e+01 -8.684419e+00 -3.736143e-01 2.940773e+00 1.196443e+00 2.646954e+00 -6.517370e+00 -2.568551e+00 4.823576e+00 1.761016e-01 8.902655e-01 1.474681e+00 3.322278e-01 5.727303e+00 3.585970e+00 1.857856e+00 -5.131179e-01 1.237040e+00 -8.770392e-01 -8.632683e-01 -1.053185e+00 4.298154e-01 4.964729e-01 1.328268e+00 -1.783361e+00 7.130942e-02 2.135616e+00 7.271380e-01 -7.245013e-02 -1.508064e+00 -3.180256e-01 -1.683116e-01 1.159850e+00 -8.498002e-01 -3.214186e-01 1.961379e-01 3.452398e-01 -4.185328e-01 5.372359e-02 
-7.890979e+00 -3.554000e+00 4.777062e+00 4.666328e+00 -7.557477e-01 2.625913e+00 1.105179e+00 -4.529251e-01 7.632830e+00 -2.575817e-01 1.776451e+00 -7.713001e-01 3.408712e-01 8.651921e+00 3.035118e+00 5.456726e-01 -4.373144e+00 8.988466e-01 -9.062008e-01 1.056308e+00 -2.464146e+00 -7.959878e-01 8.236990e-01 1.687502e+00 -2.012527e+00 1.485081e-01 1.176702e+00 -1.608905e-01 -9.084176e-01 -1.577264e+00 -4.128366e-01 1.835262e-01 7.233863e-01 -6.002577e-01 -8.379689e-01 3.869450e-02 1.140724e-01 2.088423e-01 4.404728e-02 
6.051970e+00 4.505267e+00 4.929864e+00 -2.377408e+00 -3.051940e+00 -5.690281e-01 -2.115764e+00 -5.008627e+00 7.039261e+00 -1.770580e-01 4.354017e+00 -4.276545e+00 7.331968e-01 8.786095e+00 2.346332e+00 -5.012524e-01 -5.834933e+00 4.159054e-01 -2.292359e-01 2.486737e+00 -3.600894e+00 -1.231948e+00 1.108900e+00 9.203723e-01 -1.488130e+00 1.819854e-01 -6.978351e-01 -9.464017e-01 -1.109237e+00 -6.370329e-01 -3.384474e-01 7.219787e-01 3.164668e-01 4.122038e-01 -1.001224e+00 -3.092826e-02 -2.152953e-01 8.575856e-01 -1.293392e-03 
1.677136e+01 5.822654e-01 1.466838e+00 -1.468345e+01 3.130708e+00 1.432531e+00 3.438764e+00 -1.340931e+01 2.382092e+00 3.451821e+00 4.004026e+00 -4.580319e+00 8.998455e-01 6.809097e+00 7.331350e-01 -2.473937e+00 -5.244009e+00 4.166739e-01 7.290338e-01 5.878646e-01 -2.087596e+00 -2.744967e+00 9.245583e-01 1.033298e+00 1.632294e-02 1.542236e-01 -2.141878e+00 -6.399789e-01 -4.075111e-01 9.289460e-01 -6.838257e-01 8.613154e-01 -3.145056e-01 1.471796e+00 -6.592811e-01 -3.233167e-01 -3.926471e-01 9.923778e-01 -3.759331e-02 
1.739911e+01 9.790429e-01 -1.224990e+00 -1.655902e+01 1.333019e+00 2.097199e+00 4.749672e+00 -1.409483e+01 1.288976e+00 3.865885e+00 4.378603e+00 -4.061094e+00 9.626682e-01 3.159406e+00 4.989289e-03 -2.178519e+00 -3.262926e+00 -2.139927e-01 1.915284e+00 9.533659e-01 8.195909e-01 -3.601889e+00 2.914490e-01 5.790125e-01 1.489916e+00 6.198872e-02 -2.262892e+00 -2.823123e-01 4.748511e-01 1.394527e+00 -9.503656e-01 8.015105e-01 -3.679561e-01 1.483920e+00 -6.459784e-02 -4.751921e-01 -4.954924e-01 6.599165e-01 -4.936974e-02 
2.048090e+01 1.874812e+00 -4.515080e+00 -1.446358e+01 -8.650089e-01 4.937687e+00 6.119393e-01 -6.347775e+00 -3.216780e+00 2.343701e+00 6.930860e+00 -7.971668e-01 9.972418e-01 7.559162e-01 1.005990e+00 -6.531941e-01 -1.014268e+00 -2.205308e+00 2.328025e+00 2.504698e-01 2.684598e+00 -2.907476e+00 -3.840629e-01 -1.049470e-01 1.460393e+00 2.054385e-02 -1.634332e+00 6.040326e-02 1.048664e+00 1.187879e+00 -9.087858e-01 3.507469e-01 7.758690e-02 4.253312e-01 8.475058e-01 -4.361255e-01 -6.791783e-01 -4.504263e-03 -3.813132e-02 
1.999430e+01 3.884032e+00 -2.971603e+00 -1.880206e+01 -2.124501e+00 7.254856e+00 4.064279e+00 -4.441232e+00 -8.170356e+00 1.833990e+00 5.785435e+00 1.281627e+00 9.944485e-01 4.981247e-01 7.982905e-01 9.626966e-01 -9.771758e-01 -3.024906e+00 2.978848e+00 8.157246e-01 1.432564e+00 -1.473759e+00 -6.126962e-01 -9.879987e-01 1.089293e+00 1.975727e-03 -6.748137e-01 1.227638e-01 6.189034e-01 8.227879e-01 -3.547401e-01 -3.237961e-01 -7.690708e-02 -5.112559e-01 1.298043e+00 -2.944807e-01 -5.735648e-01 -3.640245e-01 -1.625541e-02 
1.925326e+01 4.159743e+00 -9.254982e-01 -1.863321e+01 -6.167165e+00 1.049350e+01 5.034181e+00 -4.812933e+00 -7.425375e+00 2.547667e+00 2.775804e+00 5.012318e-02 9.866660e-01 -3.194895e-02 6.384601e-01 1.198766e+00 -4.476687e-01 -2.721771e+00 1.950903e+00 1.044626e+00 -2.673790e-01 4.285827e-01 -8.040267e-01 -1.578973e+00 1.942414e-01 -6.426582e-03 -1.367962e-01 1.550114e-03 -1.276820e-01 4.738857e-01 4.870676e-01 -1.011366e+00 -2.916770e-02 -6.556982e-01 9.922174e-01 -2.100099e-01 -2.403498e-01 -2.140013e-01 -5.591176e-03 
2.050380e+01 3.828065e+00 1.793654e+00 -1.935963e+01 -1.114026e+01 1.421391e+01 6.617081e+00 -7.699130e+00 -3.975354e+00 7.001187e-01 1.516489e+00 9.617643e-01 9.778293e-01 1.793292e-01 8.025455e-01 -9.977194e-03 5.676680e-01 -1.729475e+00 4.849099e-01 1.718176e-01 -2.606652e-01 1.220275e+00 -9.710867e-01 -1.551904e+00 3.030870e-01 -5.801294e-03 -1.028345e-01 6.483211e-02 -5.629094e-01 2.583953e-01 1.014802e+00 -1.511155e+00 -2.059571e-01 5.306497e-02 3.521249e-01 -1.267614e-01 1.302593e-01 -7.703318e-02 -3.463690e-04 
2.006549e+01 5.094984e+00 -9.039262e-01 -1.642297e+01 -9.965699e+00 1.121266e+01 4.558871e+00 -6.056006e+00 -3.171470e+00 -1.109825e+00 1.170475e+00 3.340253e-01 9.734198e-01 2.312095e-01 1.011664e+00 -8.053122e-01 5.825856e-01 -4.176194e-01 -1.482037e+00 4.267432e-01 2.526554e-01 7.066560e-01 -1.254777e+00 -1.024780e+00 7.835895e-01 -3.519969e-03 -9.303527e-02 -4.487848e-02 -2.982081e-01 -2.165726e-01 9.373078e-01 -1.175382e+00 -1.013625e-01 3.891203e-01 -1.989672e-01 2.066402e-01 2.242370e-01 -3.379479e-02 1.539811e-03 
2.048461e+01 7.429108e+00 -3.032364e+00 -1.706861e+01 -8.872233e+00 9.320076e+00 5.160705e+00 -5.123209e+00 -4.196243e+00 -1.192392e+00 -1.171715e+00 2.655082e+00 9.720495e-01 -1.475168e-01 9.359592e-01 -8.497571e-01 -2.002518e-01 8.971177e-01 -2.860442e+00 9.501607e-02 1.437935e+00 1.477358e-01 -1.021233e+00 -6.136807e-01 4.094816e-01 -1.209334e-03 -1.630393e-01 -2.777645e-01 1.512484e-01 -4.243993e-01 5.268229e-01 -5.057496e-01 1.778249e-01 1.282569e-01 -4.336489e-01 6.155946e-01 2.071118e-01 -2.735865e-01 1.042702e-03 
2.041899e+01 7.417325e+00 -2.539084e+00 -1.686575e+01 -9.389091e+00 5.530062e+00 7.895851e+00 -4.837346e+00 -3.781652e+00 -2.779976e+00 -1.003951e+00 3.121628e+00 9.719617e-01 -3.339282e-01 3.472550e-01 1.276786e-01 -1.146376e+00 6.515169e-01 -2.253361e+00 5.761824e-01 8.288943e-01 -2.987364e-02 2.542406e-01 -9.268349e-01 -2.790602e-02 -1.018817e-03 -1.471324e-01 -3.799847e-01 1.881695e-01 -7.155183e-02 2.876113e-02 1.613854e-01 2.257473e-01 -2.917019e-01 -2.598495e-01 8.757520e-01 -3.423688e-02 -3.461155e-01 4.748035e-04 
1.959004e+01 7.346924e+00 -1.637734e+00 -2.013950e+01 -6.942664e+00 2.752697e+00 5.423563e+00 -1.118758e+00 -2.931324e+00 -3.570498e+00 -4.648639e-01 1.615370e+00 9.725063e-01 -3.534280e-01 -2.541256e-01 2.797085e-01 -6.898443e-01 3.701855e-01 -1.658152e+00 9.862148e-01 9.238660e-02 -5.797542e-01 1.352266e+00 -5.653282e-01 -6.590320e-01 -1.834623e-03 -7.659138e-02 -2.943207e-01 -1.017851e-02 3.850957e-01 -3.038456e-01 3.993983e-01 3.913707e-01 -5.952396e-01 -7.639454e-02 6.778839e-01 -1.332818e-01 -7.156562e-02 8.397691e-04 
1.884343e+01 6.872382e+00 -9.625301e-01 -2.061933e+01 -7.672921e+00 3.229618e+00 7.308226e+00 -3.913605e+00 -3.953454e+00 1.350848e+00 -3.817254e+00 7.141386e-01 9.680967e-01 -4.015515e-01 -2.932189e-01 -4.292058e-01 4.695613e-01 -1.036597e-02 -1.276344e+00 1.109861e+00 -5.330551e-01 -2.287469e-01 1.937307e+00 -1.220256e+00 -4.125977e-01 -8.380698e-04 -3.665620e-02 -1.039694e-01 -2.067666e-01 5.211376e-01 -2.290083e-01 1.734130e-01 2.601607e-01 -3.090044e-01 1.319870e-01 -8.751372e-02 1.500120e-01 1.518793e-01 2.176927e-03 
1.950584e+01 6.431126e+00 -2.421877e+00 -1.864111e+01 -7.879920e+00 2.179204e+00 1.038539e+01 -5.123209e+00 -7.009273e+00 3.503732e+00 -2.591564e+00 5.636705e-01 9.648115e-01 -4.967250e-01 -2.152983e-01 -6.221532e-01 9.172233e-01 -2.912172e-01 -1.352060e+00 1.784997e+00 -8.573334e-01 -1.347546e-01 1.526692e+00 -1.133573e+00 2.440408e-01 2.899003e-03 -4.356935e-02 1.415301e-02 -1.462175e-01 1.663855e-01 -1.038601e-02 1.394944e-01 1.791268e-02 -6.992220e-03 2.059588e-01 -6.772701e-01 3.806632e-01 3.406776e-01 3.083049e-03 
1.845341e+01 6.409033e+00 -4.293248e+00 -1.526713e+01 -8.972532e+00 -5.647121e-01 1.096422e+01 -5.500422e+00 -2.886769e+00 3.369254e+00 -6.041575e+00 1.584141e+00 9.716279e-01 -4.453814e-01 -1.919841e-01 -4.550438e-01 6.559640e-01 -1.628939e-01 -1.539423e+00 1.477560e+00 -2.412910e-01 4.075243e-01 -2.704545e-01 1.073697e-01 2.799141e-01 7.500733e-03 5.891977e-02 -2.035633e-02 -3.283295e-02 -2.156203e-01 3.504847e-01 2.171534e-01 -2.122906e-01 2.182222e-01 -2.061987e-01 -7.007191e-01 7.660516e-01 1.712389e-01 2.143892e-03 
1.730130e+01 6.501821e+00 -3.083418e+00 -1.822991e+01 -7.749319e+00 -2.110390e+00 1.252040e+01 -4.612120e+00 -4.138473e+00 3.053699e+00 -5.020528e+00 2.400517e+00 9.852254e-01 -5.491421e-01 -2.339141e-01 -4.383769e-01 4.891224e-02 3.943902e-01 -8.291309e-01 8.919478e-01 -8.840738e-02 1.319164e-01 -9.302897e-01 6.742709e-01 6.981395e-01 9.410792e-03 2.023508e-01 -1.287293e-01 -1.647155e-01 -4.511435e-02 5.160038e-01 3.381367e-01 -4.889154e-01 2.000365e-01 -4.820478e-01 -2.919457e-01 8.126886e-01 7.993028e-03 -1.654593e-04 
1.771856e+01 5.877346e+00 -2.907247e+00 -1.754540e+01 -8.552559e+00 -2.322415e+00 1.362866e+01 -5.375210e+00 -3.351202e+00 2.231078e-01 -2.066216e+00 1.195510e+00 9.953796e-01 -8.078801e-02 -3.856776e-01 -6.853814e-01 -1.744484e-01 1.399269e+00 -4.520094e-01 4.948699e-01 1.734322e-01 -1.393019e+00 -3.377885e-01 1.706203e+00 2.165230e-01 6.631191e-03 3.169212e-01 -3.031487e-01 -2.918050e-01 3.729426e-01 5.103703e-01 1.317119e-01 -4.998984e-01 1.319101e-01 -7.915093e-01 4.579702e-01 7.480349e-01 -1.810843e-01 -2.270304e-03 
1.712795e+01 5.527403e+00 -5.306414e+00 -1.725750e+01 -6.117656e+00 -1.086952e+00 1.351330e+01 -5.627998e+00 -6.117788e+00 4.250302e-01 -1.207871e+00 4.248404e+00 9.999999e-01 3.326444e-01 -7.620724e-01 -1.330538e+00 1.106851e+00 1.507710e+00 -2.050735e-01 -1.682374e-01 -6.452531e-02 -1.644692e+00 1.006851e-01 2.130423e+00 3.157875e-01 2.508198e-03 3.558496e-01 -5.036952e-01 -1.878942e-01 7.639271e-01 3.382573e-01 -3.860565e-01 -3.471251e-01 9.822830e-02 -6.277290e-01 7.820011e-01 7.093741e-01 -2.597503e-01 -2.798875e-03 
1.813644e+01 4.967438e+00 -6.608284e+00 -1.662583e+01 -2.792018e+00 -3.336143e+00 1.294192e+01 -4.125443e+00 -8.862097e+00 2.994430e+00 5.833005e-01 1.742495e+00 9.973823e-01 6.984901e-01 -1.443678e+00 -1.468018e+00 1.991693e+00 1.832360e+00 -1.192921e+00 -4.917524e-01 4.064023e-01 -2.661760e+00 1.503933e+00 3.119375e+00 -4.342108e-01 -3.935290e-04 1.461731e-01 -4.987908e-01 2.093858e-02 7.359932e-01 2.725745e-01 -6.871621e-01 -4.419814e-01 1.331948e-01 1.567633e-02 6.657067e-01 2.881869e-01 4.074262e-02 -2.213671e-03 
1.875552e+01 3.146444e+00 -7.885707e+00 -1.315529e+01 -3.090779e+00 -2.628854e+00 1.202242e+01 -5.559485e+00 -9.606322e+00 2.171617e+00 4.307014e+00 3.706151e+00 9.967675e-01 8.407137e-01 -2.223417e+00 -9.865311e-01 2.785281e+00 1.869051e+00 -2.388858e+00 -3.504098e-01 2.863205e-01 -2.372387e+00 2.058848e+00 3.514666e+00 -2.753431e-01 -1.067668e-03 -4.524729e-02 -1.689457e-01 2.078283e-01 2.323205e-01 3.807333e-01 -7.170854e-01 -6.038340e-01 2.886770e-01 6.423562e-01 5.165474e-01 -5.613660e-01 1.934997e-01 -1.688247e-03 
2.039670e+01 -1.503149e-01 -8.957836e+00 -9.637977e+00 -9.042746e-01 -7.516757e+00 1.191518e+01 -3.377316e+00 -1.491596e+01 6.869377e+00 1.077316e+01 -7.044255e-01 9.950283e-01 3.961531e-01 -2.148953e+00 -7.526661e-01 2.666209e+00 2.581553e+00 -2.795870e+00 -1.623997e+00 6.641176e-01 -9.506899e-01 2.011724e+00 2.455045e+00 7.156306e-01 -2.650428e-03 -2.009609e-01 3.421850e-01 2.732079e-01 -2.153935e-01 1.337830e-01 -1.349300e-02 -9.510061e-01 3.431942e-01 1.273399e+00 1.558943e-01 -1.531171e+00 3.280687e-01 -2.004445e-03 
2.020107e+01 -3.030855e+00 -9.064617e+00 -6.825220e+00 2.283933e+00 -1.094153e+01 1.227479e+01 -4.570382e+00 -1.495259e+01 8.781917e+00 1.127031e+01 4.095412e+00 9.958540e-01 2.573285e-01 -1.254240e+00 -6.489612e-01 1.931216e+00 3.036735e+00 -2.989065e+00 -2.621260e+00 1.250044e+00 7.115868e-01 2.429610e+00 -3.443328e-01 7.083891e-01 -4.809626e-03 -2.618369e-01 7.449723e-01 2.371106e-01 -4.261678e-01 -2.754535e-01 6.488560e-01 -1.135777e+00 5.226431e-01 1.393063e+00 -6.537749e-02 -1.860351e+00 -8.127333e-02 -3.209461e-03 
1.939441e+01 -2.688866e+00 -9.782247e+00 -6.459580e+00 7.428173e+00 -1.315943e+01 4.695544e+00 -1.299490e+00 -1.094261e+01 9.748200e+00 9.376818e+00 5.125977e+00 9.845930e-01 -1.477478e-02 -2.173372e-01 -2.708266e-01 1.341770e+00 1.917460e+00 -9.603580e-01 -4.111372e+00 1.640501e+00 2.163177e+00 2.098039e+00 -2.606875e+00 7.141823e-01 -8.541814e-03 -2.306271e-01 5.539374e-01 2.824195e-01 -9.418014e-02 -5.987135e-01 6.898081e-01 -4.626294e-01 4.209554e-01 1.048575e+00 -4.992296e-01 -1.417910e+00 -2.714665e-01 -4.364136e-03 
2.054342e+01 -1.855250e+00 -1.071811e+01 -5.088733e+00 7.926677e+00 -1.475258e+01 2.526034e+00 -3.481873e-01 -8.034801e+00 1.288045e+01 3.283436e+00 4.332944e+00 9.779347e-01 -2.629058e-01 5.357183e-01 -4.189994e-02 1.316773e+00 8.239273e-01 -6.228600e-02 -4.785583e+00 2.411345e+00 3.036021e+00 1.688841e+00 -3.256120e+00 -6.810908e-01 -1.416941e-02 -2.025718e-01 1.800119e-01 2.235928e-01 1.342796e-01 -4.146291e-01 3.505805e-01 2.255643e-01 2.435539e-01 4.385398e-01 -9.659917e-01 -5.905493e-01 2.757584e-02 -3.999171e-03 
2.015216e+01 -1.824910e+00 -9.484912e+00 -3.797452e+00 5.861811e+00 -1.041281e+01 -3.767000e+00 2.714410e+00 -7.558663e+00 1.531047e+01 1.732340e+00 2.747824e+00 9.612628e-01 -4.965461e-01 -2.742485e-01 3.558998e-01 2.502385e+00 6.943554e-01 -8.101759e-01 -2.855135e+00 2.188254e+00 3.130013e+00 -1.140659e-01 -3.178632e+00 5.308756e-02 -1.979211e-02 -5.571770e-02 -4.615660e-02 -8.682914e-02 1.165488e-01 8.522521e-02 -4.570567e-01 9.517592e-01 5.876559e-02 -1.299645e-01 -1.221079e+00 -1.396810e-02 3.061985e-01 -1.305977e-03 
1.850727e+01 -7.842163e-01 -9.422712e+00 -1.572028e+00 7.186603e+00 -1.262586e+01 -7.421642e+00 5.479725e+00 -1.464395e+00 1.444473e+01 -1.187985e+00 1.879083e+00 9.366678e-01 -5.146148e-01 -3.257523e-01 1.555449e-01 2.022200e+00 1.575137e+00 -1.311234e+00 -2.121588e+00 2.194009e+00 2.420911e+00 -1.294252e+00 -3.011258e+00 1.176971e+00 -1.917659e-02 1.032847e-01 -8.075511e-02 -2.963733e-01 -1.353102e-01 2.580744e-01 -5.618922e-01 1.263420e+00 -2.709066e-01 -6.114883e-01 -1.075949e+00 3.706227e-01 3.366048e-01 2.184793e-03 
1.792966e+01 -4.595578e+00 -8.650434e+00 4.294006e+00 1.126981e+01 -1.827338e+01 -4.606319e+00 6.727917e+00 1.422264e+00 8.395648e+00 -4.280414e+00 6.618040e+00 9.062578e-01 -1.675534e-01 -1.734973e-02 -8.037248e-01 1.571850e+00 1.967983e+00 -2.621109e+00 -6.845659e-01 2.043043e+00 1.821004e+00 -2.515802e+00 -2.799148e+00 1.316342e+00 -1.256222e-02 9.771394e-02 1.037703e-01 -2.693378e-01 -4.750069e-01 8.852214e-02 -1.245255e-02 1.062541e+00 -4.236591e-01 -7.869442e-01 -4.809411e-01 6.521804e-01 -4.785644e-01 3.149120e-03 
1.908177e+01 -2.098855e+00 -1.035750e+01 9.765206e-01 1.309866e+01 -1.737835e+01 -7.662173e+00 8.615167e+00 -4.211198e-01 9.866329e+00 -8.766659e+00 8.282337e+00 9.095606e-01 8.880696e-02 3.482291e-03 -9.438499e-01 1.105642e+00 1.477454e+00 -1.966223e+00 4.462906e-01 1.129290e+00 6.331058e-01 -2.490020e+00 -1.592714e+00 3.703774e-01 -6.856467e-03 -8.934379e-02 -1.249841e-01 1.502374e-01 -8.246979e-03 -2.739170e-01 6.356632e-01 1.081944e+00 -4.950372e-01 -6.540696e-01 -3.035344e-01 6.771880e-01 -1.051933e+00 -1.733250e-04 
1.902668e+01 -1.254340e+00 -1.303602e+01 2.787107e+00 1.274569e+01 -2.114193e+01 -7.069473e+00 1.136198e+01 1.024287e+00 5.020602e+00 -8.474155e+00 6.127836e+00 9.120025e-01 -3.097770e-01 7.998458e-02 -4.410225e-01 5.855422e-01 1.185749e+00 -5.449098e-01 1.173708e+00 6.023504e-01 8.908053e-02 -1.920940e+00 -6.270086e-01 -1.936324e+00 -1.020762e-02 -2.902949e-01 -1.968563e-01 7.882313e-01 4.169748e-01 -5.472748e-01 1.216233e+00 8.870694e-01 -4.065171e-01 -7.373334e-01 -3.106415e-01 5.697916e-01 -7.582471e-01 -5.370938e-03 
1.840264e+01 -2.437014e+00 -1.194951e+01 4.709452e+00 1.383575e+01 -2.102270e+01 -3.958816e+00 8.809286e+00 1.899913e+00 3.682356e+00 -7.055030e+00 3.976173e+00 8.995118e-01 -8.902999e-01 -9.993802e-01 7.253924e-01 2.474162e+00 5.967683e-01 8.290163e-01 2.359158e+00 4.391083e-01 1.645479e-02 -3.109342e+00 -7.113153e-01 -2.456376e+00 -2.122344e-02 -3.017050e-01 1.084964e-01 1.094946e+00 4.220991e-01 -6.624756e-01 1.172243e+00 3.208966e-01 -1.523981e-01 -6.724514e-01 -3.915361e-01 4.270187e-01 -2.923883e-01 -1.005099e-02 
1.672060e+01 -4.026775e+00 -1.005945e+01 5.355699e+00 1.682976e+01 -1.917543e+01 -5.896981e-01 9.642464e+00 7.071127e-01 1.883040e+00 -8.271320e+00 -9.104121e-01 8.602476e-01 -1.129307e+00 -5.002981e-01 2.302835e+00 2.972356e+00 -3.281005e-01 2.062446e+00 2.794405e+00 3.555689e-01 -1.557479e+00 -3.759261e+00 -3.908256e-01 -1.061660e+00 -3.223925e-02 -2.243851e-01 4.779931e-01 9.925706e-01 1.878802e-01 -7.679137e-01 1.044975e+00 -2.855471e-01 -1.364604e-01 -4.054095e-01 -2.714844e-01 2.670267e-01 2.993361e-01 -1.273160e-02 
1.578331e+01 -5.709619e+00 -8.218994e+00 1.206295e+01 1.404018e+01 -1.421632e+01 8.934038e-01 1.167028e+01 -1.798412e-01 -4.111273e+00 -1.242421e+01 -4.804582e-01 8.293281e-01 -1.009625e+00 8.361427e-01 3.158840e+00 2.022738e+00 -1.077965e+00 2.591312e+00 1.240331e+00 4.908048e-01 -1.905816e+00 -3.528456e+00 4.243467e-01 -1.529017e+00 -4.609818e-02 -2.694212e-01 6.171600e-01 6.141104e-01 -3.138879e-01 -4.971486e-01 7.174007e-01 -8.926865e-01 -4.853221e-01 1.401073e-01 6.504060e-01 4.363085e-01 2.769637e-01 -1.497016e-02 
1.468939e+01 -2.119769e+00 -3.386864e+00 1.397254e+01 1.100306e+01 -1.423304e+01 4.476326e+00 1.170926e+01 -5.723209e+00 -9.878731e+00 -7.743803e+00 3.047814e+00 7.859004e-01 -1.371892e+00 1.552144e+00 3.305138e+00 1.750727e+00 -1.816497e+00 3.798809e+00 3.054107e-01 -1.056715e-01 -9.768844e-01 -3.068639e+00 1.403279e-01 -9.034610e-01 -6.142262e-02 -4.723188e-01 2.309988e-02 -1.489662e-02 -3.081741e-01 4.598204e-02 4.504218e-01 -9.625016e-01 -7.000185e-01 7.620605e-01 1.438528e+00 4.171658e-01 -1.449314e-01 -1.806450e-02 
1.436995e+01 7.899330e-01 5.086809e-01 1.051475e+01 1.135902e+01 -1.053744e+01 -2.903036e-01 1.022955e+01 -4.414112e+00 -8.079006e+00 -5.197331e+00 -5.648107e+00 7.061950e-01 -2.116107e+00 1.060242e+00 3.294821e+00 1.515405e+00 -1.144721e+00 3.547707e+00 -8.597984e-01 -1.756795e+00 4.267337e-01 -2.024595e-01 1.204598e+00 -1.150787e+00 -8.148069e-02 -5.330606e-01 -6.400978e-01 -6.413199e-01 -3.193749e-01 3.078806e-01 -4.229259e-02 -4.065430e-01 -6.342607e-01 5.879378e-01 1.440339e+00 3.704350e-01 1.717968e-01 -2.054690e-02 
1.056817e+01 4.844702e-01 2.102493e+00 1.488360e+01 9.088004e+00 -2.020833e+00 1.528729e+00 9.834221e+00 -2.059851e+00 -1.147653e+01 -1.118333e+01 -2.844101e+00 6.147015e-01 -2.937783e+00 -4.968409e-01 2.160417e+00 1.685143e+00 -6.473047e-02 3.836198e+00 -9.680608e-01 -2.020649e+00 1.086631e+00 1.770247e+00 1.304815e+00 -1.975540e+00 -1.048704e-01 -2.301573e-01 -7.129211e-01 -1.162297e+00 -9.405878e-01 1.435138e-01 -8.786877e-01 -8.514431e-02 -3.499927e-01 3.179580e-02 9.869763e-01 4.780660e-01 3.105502e-01 -1.990978e-02 
7.264131e+00 -1.710325e+00 5.510511e+00 1.918443e+01 9.274090e+00 -2.583535e+00 -1.931729e+00 3.823607e+00 1.222291e-01 -4.324641e+00 -4.681385e+00 -3.287934e+00 5.075375e-01 -2.891986e+00 -1.339873e+00 5.245966e-01 4.586755e-01 -4.144498e-01 2.361248e+00 -1.557456e-01 -1.723130e+00 2.176185e-03 1.253768e+00 1.694218e+00 -1.338550e-01 -1.271121e-01 2.496019e-01 -1.342580e-01 -1.345330e+00 -1.213896e+00 -5.333509e-01 -1.277887e+00 8.121128e-02 -1.492330e-03 -1.993308e-01 -7.248463e-02 1.120549e-01 7.151500e-01 -1.241226e-02 
3.553358e+00 -3.353697e+00 4.914045e+00 1.806321e+01 1.172180e+01 9.712551e-01 4.566601e-01 4.808773e+00 -2.557890e+00 -2.904644e+00 -1.477595e+00 -8.009856e+00 3.608810e-01 -2.134533e+00 -8.122466e-01 -1.121100e+00 -2.423913e+00 -1.464184e+00 -1.255019e-03 -4.724363e-01 -1.872561e+00 -6.056406e-01 1.138082e+00 2.285915e+00 1.407656e-01 -1.381523e-01 6.040518e-01 5.956994e-01 -7.757862e-01 -1.082706e+00 -9.083377e-01 -1.400576e+00 -2.544653e-01 1.343188e-01 1.781234e-01 -4.387510e-01 -1.518146e-01 1.084211e+00 3.896356e-03 
3.416541e+00 -3.990544e+00 1.725702e+00 1.121809e+01 7.969784e+00 -2.275223e-01 -5.328639e-01 4.126796e+00 -4.154331e+00 -6.096161e+00 -1.578832e+00 -3.734607e+00 1.975174e-01 -1.269563e+00 5.466219e-01 -1.791037e+00 -2.499442e+00 -3.111736e+00 -9.229686e-01 -7.015687e-01 -1.838416e+00 2.761406e-01 -2.489227e-01 1.274337e+00 1.366810e+00 -1.268971e-01 5.813659e-01 1.001518e+00 2.728709e-01 -1.266942e-01 -4.173499e-01 -5.145310e-01 -3.387780e-01 4.368930e-01 6.008253e-01 -1.436003e-02 -3.273835e-01 6.184633e-01 2.145718e-02 
1.819311e+00 -2.437014e+00 -1.610769e+00 6.746590e+00 2.419230e+00 -3.205583e+00 -1.532875e+00 3.200087e-01 -2.950203e+00 -4.900160e+00 -1.305131e+00 -1.917003e+00 7.893431e-02 -7.287553e-01 1.538404e+00 -5.606887e-01 -2.249202e+00 -3.257828e+00 -1.524634e+00 -1.967406e+00 -1.291431e+00 1.840213e+00 3.279018e-01 7.556848e-01 2.695350e+00 -8.549621e-02 2.536961e-01 7.700890e-01 1.108614e+00 8.753908e-01 4.724394e-01 5.578793e-01 -4.253034e-02 7.501057e-01 4.624160e-01 2.393239e-01 -1.666877e-01 3.061985e-01 3.119012e-02 
1.782785e+00 5.645916e-01 -1.819829e-01 1.234538e+01 -1.633679e+00 -5.110571e+00 -4.444951e+00 -3.124134e+00 1.699036e+00 -4.571116e+00 1.603986e+00 4.993193e-01 1.402104e-02 -6.881455e-01 2.492333e+00 1.608735e+00 -2.620724e-01 -1.604321e+00 5.503151e-01 -1.102116e+00 1.706507e-01 1.783304e+00 1.586943e+00 8.224277e-01 1.681203e+00 -4.615680e-02 -7.585308e-02 2.740580e-01 1.099851e+00 8.725793e-01 1.107980e+00 8.896989e-01 2.066370e-01 5.543177e-01 -1.996540e-01 5.369182e-01 1.974935e-01 9.108857e-03 2.543562e-02 
7.266325e-01 2.061270e+00 3.064605e+00 6.253400e+00 2.344320e-01 -4.210679e+00 -7.424349e+00 1.977308e+00 3.716488e+00 -2.027468e+00 7.091236e-01 3.350012e+00 2.515907e-02 -1.156857e+00 2.065409e+00 2.722063e+00 8.344374e-01 1.442751e-01 2.051511e+00 -4.848125e-01 8.734934e-01 9.528850e-01 1.416767e+00 1.678410e+00 1.514426e+00 -2.257171e-02 -2.706294e-01 -2.467031e-01 3.242834e-01 5.891132e-01 8.611901e-01 5.028604e-01 5.872706e-01 2.740240e-01 -5.125899e-01 4.356076e-01 2.672613e-01 -4.128421e-01 1.029426e-02 
5.223357e-01 6.222280e+00 7.431858e+00 1.015457e+01 1.040660e+00 3.026764e+00 -3.097507e+00 4.151208e+00 1.429061e+00 4.021402e-01 1.526251e+00 2.038069e+00 -6.357681e-03 -1.434864e+00 1.653467e+00 2.066941e+00 3.217294e-01 7.270125e-01 1.737399e+00 -4.097459e-01 -1.492155e-01 -2.785680e-01 1.891127e+00 1.800428e+00 2.002727e+00 -3.117920e-02 -2.276068e-01 -6.404842e-01 -5.715593e-01 -3.274014e-01 3.506768e-01 -2.334436e-01 4.414165e-01 6.033125e-02 -1.484272e-01 -2.952494e-02 -2.445255e-01 -5.582347e-01 -5.241323e-04 
-3.335160e+00 5.061109e+00 8.192271e+00 1.201436e+01 1.803782e+00 2.983604e+00 -4.630339e+00 1.049630e+00 1.949377e+00 -3.029529e-01 7.126102e+00 4.885922e+00 -2.373230e-02 -1.708578e+00 7.243590e-01 8.316546e-01 4.045153e-01 -1.175582e-01 3.961754e-01 6.227954e-01 2.387482e-01 3.082931e-01 2.353965e+00 1.602989e+00 4.704217e-01 -4.151599e-02 7.878668e-02 -6.362337e-01 -8.294828e-01 -7.833686e-01 -6.352114e-02 -1.932824e-01 4.046968e-01 9.365175e-02 2.105644e-01 -4.744678e-01 -9.911392e-01 -7.815679e-01 -2.078382e-03 
-3.360542e+00 7.331902e+00 7.588974e+00 1.107353e+01 1.216929e+00 -2.089234e-02 -7.890524e+00 -3.406453e+00 1.189670e+00 4.022027e+00 7.397996e+00 9.744748e+00 -1.174217e-01 -1.550253e+00 -3.951146e-02 -3.038957e-01 -1.684081e+00 2.798982e-01 2.108953e-01 5.510831e-01 7.897623e-01 1.363575e+00 9.707383e-01 -3.625167e-01 -5.880651e-01 -3.930305e-02 2.480582e-01 -5.943231e-01 -6.132359e-01 -6.210253e-01 -2.975718e-01 1.638866e-02 1.673179e-01 8.851317e-02 4.512770e-02 -1.307677e+00 -1.054995e+00 -8.638046e-01 5.655112e-03 
-5.875250e+00 5.127975e+00 7.144590e+00 7.816785e+00 -4.411949e-01 -7.060621e-01 -1.913800e+00 6.949993e+00 5.377120e+00 7.932535e+00 5.787966e+00 1.848801e+00 -1.268908e-01 -7.051408e-01 -2.693729e-01 -2.399621e-01 -2.079464e+00 5.024180e-02 1.848421e+00 1.058274e+00 8.721506e-01 1.184630e+00 -4.952159e-01 -2.195776e+00 -1.098091e+00 -2.889787e-02 3.909523e-01 -2.219729e-01 -2.060551e-01 -3.881107e-02 -3.291328e-01 1.074903e-01 -3.770354e-01 -6.133450e-01 -7.757130e-01 -1.526278e+00 -3.834042e-01 -1.413050e-01 1.033674e-02 
-5.959445e+00 5.991047e+00 6.436309e+00 3.832401e+00 3.562631e+00 5.926058e+00 -1.700333e+00 5.149762e+00 6.532916e+00 1.137890e+00 3.829958e-01 6.160346e-01 -1.512926e-01 -6.961959e-01 -8.212886e-01 -4.633331e-01 -1.541491e+00 -8.446593e-01 1.093241e+00 2.090617e-01 -2.337909e-02 -4.911035e-01 -3.222761e+00 -1.575253e+00 -1.531913e+00 -9.211067e-03 3.614875e-01 1.591458e-01 1.202811e-01 6.932307e-01 -2.960353e-01 -3.213823e-01 -4.448736e-01 -7.067629e-01 -1.254490e+00 -5.875029e-01 4.539499e-01 2.328885e-01 1.026280e-02 
-5.561995e+00 4.384790e+00 7.568480e+00 5.237261e+00 8.823168e-01 9.252638e+00 -2.434103e+00 1.132318e+00 5.200786e+00 -1.337090e+00 -3.451873e-01 3.959770e+00 -1.512926e-01 -1.809707e-01 5.343876e-03 -1.189731e-01 1.390897e-01 -1.200814e+00 4.925127e-01 -1.091360e+00 -2.421465e+00 -2.642962e+00 -3.180737e+00 2.924107e-01 2.359080e-01 -4.878017e-03 1.726847e-01 3.203974e-01 3.591672e-02 6.905098e-01 8.109603e-02 -6.354311e-01 -2.968230e-01 -2.472210e-01 -6.407781e-01 6.226112e-01 6.083586e-01 7.393856e-02 6.701242e-03 
-6.997645e+00 3.597126e+00 5.060015e+00 4.656003e+00 -3.668669e+00 4.662796e-01 -6.585029e+00 -6.143631e-01 -1.177428e+00 -7.456889e+00 2.588154e+00 1.029585e+00 -1.512926e-01 -5.114306e-03 6.187805e-01 2.370273e-01 6.727630e-01 -5.746617e-01 -7.181087e-01 -5.983955e-01 -1.097209e+00 -2.995099e+00 -6.242176e-01 6.631126e-01 -9.051728e-02 2.161068e-06 1.379847e-01 3.087754e-01 -4.230662e-02 3.122225e-01 5.032002e-01 1.017886e-01 1.870140e-01 4.454841e-01 6.383566e-01 1.357272e+00 6.499570e-02 -1.512358e-01 2.331094e-03 
-6.260938e+00 6.351888e+00 7.238069e+00 8.100430e+00 -2.830003e+00 4.486122e+00 -4.928380e+00 -2.275206e+00 -3.982151e+00 -3.673502e+00 6.147357e+00 2.821638e+00 -1.512926e-01 -1.872321e-01 6.126639e-01 -4.105107e-01 2.658220e-01 3.207196e-01 -4.230562e-01 -2.203689e-02 1.729526e-01 -7.673278e-01 1.318646e+00 -2.730440e-01 -1.449249e+00 2.161068e-06 -6.283220e-02 -1.750093e-01 -3.684556e-01 -2.630535e-01 4.224092e-01 1.904348e-01 3.547608e-01 8.595014e-01 1.291943e+00 7.644823e-01 -4.626495e-01 -4.467075e-01 9.766312e-04 
-5.635047e+00 8.101597e+00 7.787077e+00 5.764463e+00 2.545563e+00 4.718648e+00 -3.445278e+00 1.367387e+00 -3.851128e+00 -8.147075e-01 4.520539e-01 7.324345e-01 -1.512926e-01 -3.325330e-03 4.190590e-01 -5.290305e-01 -4.381870e-02 9.104686e-01 2.060051e+00 6.093782e-01 9.068707e-01 1.762759e+00 1.313924e+00 -9.675419e-01 -1.445572e+00 2.161068e-06 -1.825035e-01 -5.667989e-01 -3.590194e-01 -3.074486e-01 -1.515537e-02 7.319710e-02 9.589187e-02 2.162551e-01 9.868039e-01 -1.830753e-01 -1.976539e-01 -3.630541e-02 -2.809430e-07 
-7.179036e+00 5.195724e+00 4.152553e+00 6.011665e+00 -6.208784e-01 5.010520e+00 -4.114095e+00 1.006317e+00 2.701154e+00 1.934951e+00 -6.423902e-01 -3.137782e+00 -1.512926e-01 -4.961883e-01 -7.697847e-01 -1.578248e+00 -8.180549e-01 1.686719e-01 5.550588e-02 7.859164e-02 8.738770e-01 1.437844e+00 -3.273059e-01 -1.205378e+00 -1.320238e+00 2.161068e-06 -1.319637e-01 -4.330120e-01 1.764117e-01 -1.400609e-02 -2.581045e-01 -4.294640e-01 -1.593161e-01 -5.507185e-01 -2.822309e-01 -5.791283e-01 3.557026e-01 5.420848e-01 -2.809430e-07 
-6.555002e+00 6.270294e+00 3.957326e+00 5.481426e+00 -2.205385e-01 1.050429e+01 -3.944946e+00 2.278921e+00 4.294575e+00 -3.691487e+00 1.145527e+00 -3.218852e+00 -1.512926e-01 -7.632825e-01 -1.523904e+00 -9.740971e-01 -3.225491e-01 -5.744696e-01 -5.914642e-01 -1.692784e-01 -3.664561e-01 8.362935e-01 -7.165775e-01 1.410511e-01 -3.365060e-01 2.161068e-06 -2.840069e-02 -6.800360e-02 5.792114e-01 3.954348e-01 -2.742691e-01 -7.133397e-01 -2.092380e-04 -6.133852e-01 -8.753791e-01 -2.374426e-01 4.831801e-01 5.747786e-01 -2.809430e-07 
-8.282238e+00 3.418621e+00 1.261544e+00 4.152488e+00 -6.033795e-01 1.871147e+00 -4.285951e+00 1.638288e+00 -8.659183e-01 -3.871746e+00 -2.265954e-01 -1.803757e+00 -1.512926e-01 -4.668491e-01 -5.808781e-01 6.940870e-01 3.351686e-01 -2.272476e-01 -1.244579e+00 -4.291776e-01 -1.943824e+00 -1.715263e+00 -5.617943e-01 9.510576e-01 7.067180e-01 2.161068e-06 2.272516e-01 4.567405e-01 8.108857e-01 6.999421e-01 8.672964e-02 1.023713e-01 2.355222e-01 -1.780107e-01 -4.926325e-01 1.362026e-01 1.418482e-01 3.176357e-01 -2.809430e-07 
-8.900082e+00 1.370518e+00 4.362161e+00 5.081773e+00 -3.353481e-01 3.331045e+00 -4.205774e+00 -7.809199e-01 2.114005e+00 -1.494458e+00 9.491999e-01 -1.616697e+00 -1.512926e-01 -1.600397e-01 -1.539950e-02 1.230865e+00 1.356822e+00 -2.629784e-01 -8.567302e-01 8.623375e-01 -7.511588e-01 -1.037491e+00 2.439469e-01 3.701052e-01 4.147177e-01 2.161068e-06 3.223577e-01 5.720095e-01 2.076037e-01 2.183989e-01 4.927332e-01 5.651624e-01 4.204390e-01 6.234075e-01 -5.272033e-02 -3.776378e-02 -3.123227e-01 1.675229e-02 -2.809430e-07 
-8.341670e+00 4.741212e+00 7.420712e+00 7.887241e+00 -1.699833e+00 2.373965e+00 -6.130017e+00 -7.182922e+00 -4.784525e+00 -1.972695e+00 4.210839e+00 -4.047510e-01 -1.512926e-01 3.383692e-01 7.597291e-01 1.373724e+00 1.841979e+00 4.466416e-01 6.998723e-01 7.404267e-01 1.763095e-01 -8.852894e-02 -1.265317e-01 -6.106845e-01 -1.075627e-01 2.161068e-06 1.725505e-01 1.784662e-01 -4.469411e-01 -3.816368e-01 5.005114e-01 5.657867e-01 3.602889e-01 9.568133e-01 6.322159e-01 7.952657e-02 -3.898789e-01 -2.886502e-01 -2.809430e-07 
-7.325139e+00 5.531822e+00 7.032056e+00 1.039752e+01 -9.875010e-01 5.969218e+00 1.288537e+00 2.933730e+00 1.066199e+00 -3.421304e+00 7.774585e-01 -1.844450e+00 -1.512926e-01 4.458866e-01 6.657634e-01 -2.758531e-01 1.598603e-02 1.552277e+00 1.262066e+00 1.348130e+00 1.690567e+00 -2.405602e-01 -1.123037e+00 -6.397166e-01 1.543574e-01 2.161068e-06 -6.148984e-02 -2.240536e-01 -5.599886e-01 -7.381120e-01 1.003975e-01 -3.500946e-02 -1.328471e-01 3.662777e-01 5.756967e-01 2.399577e-01 -7.031719e-02 -4.146274e-01 -2.809430e-07 
-7.377141e+00 5.136517e+00 6.795124e+00 1.070425e+01 1.955723e+00 4.051822e+00 -3.330933e+00 6.621785e-01 -7.847369e-01 -3.541068e+00 -3.193924e+00 -2.228033e+00 -1.512926e-01 9.310050e-02 -2.913977e-02 -7.871462e-01 -9.027223e-01 1.367764e+00 5.250070e-01 1.129292e+00 1.619305e+00 1.047494e+00 5.192323e-01 -4.934195e-01 -6.064475e-01 2.161068e-06 -2.134449e-01 -3.900016e-01 -1.934735e-01 -4.467555e-01 -4.170618e-01 -6.010963e-01 -1.566069e-01 -8.523518e-02 4.765559e-01 3.037861e-01 -8.814621e-02 -6.403039e-01 -2.809430e-07 
-7.152415e+00 4.501732e+00 3.295425e+00 3.753442e+00 5.598048e+00 8.802691e+00 1.135626e+00 3.749188e+00 -1.088695e+00 -6.325470e+00 1.453577e+00 6.684186e-02 -1.512926e-01 -3.446620e-01 -7.412404e-01 -4.886420e-01 -9.614519e-01 -2.214846e-01 -9.443191e-01 3.756401e-03 3.587340e-01 1.273075e+00 1.120894e+00 -4.016718e-02 -1.409030e+00 2.161068e-06 -2.023704e-01 -2.433146e-01 5.343143e-01 2.291916e-01 -8.059085e-01 -8.296202e-01 -4.221388e-01 -4.228963e-01 2.068476e-01 2.158305e-02 -4.073326e-01 -4.050313e-01 -2.809430e-07 
-7.962792e+00 5.110596e+00 5.353035e+00 6.696177e+00 1.846035e+00 3.582453e+00 -4.070167e-01 5.058593e-01 1.530632e+00 2.075152e+00 1.405489e+00 -4.392629e+00 -1.512926e-01 -3.335704e-01 -4.868238e-01 5.126917e-01 9.689043e-02 -7.517785e-01 -1.202399e+00 6.296196e-01 4.158975e-01 1.537589e+00 2.704838e-01 -1.351262e+00 -2.527343e+00 2.161068e-06 -5.242892e-02 1.239930e-02 6.921090e-01 2.698681e-01 -5.206753e-01 -4.078227e-01 -3.698598e-01 -2.312432e-01 -4.200746e-01 -8.088199e-01 -4.377827e-01 4.299440e-01 -2.809430e-07 
-8.755836e+00 1.838580e+00 5.309891e+00 7.594486e+00 -2.039994e+00 1.482165e+00 -1.549841e-01 4.806017e+00 6.273891e+00 -6.250476e-01 -1.723095e+00 -7.807340e+00 -1.512926e-01 -3.528913e-01 -3.219405e-01 1.745862e+00 6.622804e-01 -1.417503e+00 -2.022360e+00 -5.126877e-01 1.778441e-01 5.486668e-01 -8.907204e-01 -2.247435e+00 -9.103683e-01 2.161068e-06 7.428978e-02 2.308396e-01 4.541813e-01 3.679366e-03 2.545670e-03 9.625342e-02 -2.247014e-01 -6.745087e-02 -7.442821e-01 -8.106760e-01 -7.256927e-02 1.121758e+00 -2.809430e-07 
-8.243237e+00 4.034259e+00 8.351185e+00 9.267806e+00 2.015902e+00 1.699585e+00 4.624112e-01 2.213558e+00 3.221470e+00 -5.038726e+00 -8.361711e+00 -1.092774e+01 -1.512926e-01 -1.648699e-01 -1.768255e-01 1.556089e+00 -3.651516e-01 -6.375747e-01 -9.750429e-01 -4.617952e-01 5.536271e-01 -6.906959e-01 -2.519202e+00 -1.578766e+00 1.294061e+00 2.161068e-06 8.476018e-02 2.069416e-01 1.010716e-01 -2.992407e-01 2.123334e-01 2.697169e-01 -2.468504e-01 -1.151433e-01 -7.626235e-01 -4.263475e-01 4.082513e-01 1.283219e+00 -2.809430e-07 
-8.776884e+00 3.430403e+00 1.052564e+01 5.778433e+00 -1.574353e+00 -3.677933e-01 -1.862378e+00 3.784626e+00 8.090615e-01 -7.222267e+00 -4.900128e+00 -1.217342e+00 -1.512926e-01 -5.753132e-02 2.579876e-01 1.260583e+00 -7.121535e-01 -2.659559e-01 -5.766751e-01 -5.739902e-01 -4.726117e-02 -1.334158e+00 -1.537712e+00 -2.891615e-01 2.289045e+00 2.161068e-06 6.986000e-02 1.594727e-01 -1.265961e-01 -3.095799e-01 2.674851e-01 3.289392e-01 -2.349316e-02 -1.051070e-01 -4.409209e-01 -3.124514e-02 5.206211e-01 7.393635e-01 -2.809430e-07 
