-9.570363e+00 8.079263e+00 1.402546e+00 5.547503e+00 2.334032e+00 6.052120e+00 1.153010e+00 3.868657e+00 9.127780e+00 7.111862e+00 5.890275e+00 2.736637e+00 -1.512926e-01 -1.008774e-01 5.380490e-02 5.887532e-01 4.492034e-01 -7.931433e-02 9.028275e-01 -3.306060e-01 -1.406481e+00 6.239567e-01 -8.509250e-01 -2.718376e-01 -1.253862e+00 2.142523e-06 8.553421e-02 -6.490330e-03 -1.413441e-01 -1.467710e-01 -1.863917e-01 -1.579537e-01 5.786769e-03 2.976108e-01 -3.411821e-01 -3.552157e-01 -1.958116e-01 4.564190e-01 7.410659e-07 
-1.073103e+01 8.429710e+00 2.600396e+00 4.219034e+00 -1.178986e+00 5.551709e+00 6.573673e-01 1.220246e+00 1.112847e+01 7.044914e+00 9.202044e+00 -1.047277e+00 -1.512926e-01 -3.100146e-02 -1.062583e-01 3.727386e-01 1.666169e-01 -3.576277e-01 1.098670e+00 -4.335654e-01 -1.456133e+00 -8.688856e-02 -1.967628e+00 -7.574093e-01 -5.570204e-02 2.142523e-06 1.584384e-01 8.214773e-03 -3.737605e-01 -1.014781e-01 -3.959892e-02 -5.470265e-01 2.210164e-01 7.725799e-01 -5.368893e-01 -4.035774e-01 -2.633411e-01 6.445948e-01 7.410659e-07 
-9.493776e+00 8.173111e+00 3.747360e+00 8.457062e+00 3.693702e+00 1.081648e+01 -2.519483e-01 -1.839313e+00 1.124706e+01 2.890979e+00 2.875694e+00 -1.641016e+00 -1.512926e-01 2.921079e-01 1.015249e-01 -9.957564e-03 -1.435390e-01 -8.722199e-01 1.515419e-02 -2.502511e-01 1.063481e-01 -7.265317e-01 -2.068635e+00 -1.008073e+00 4.290517e-01 2.142523e-06 1.348028e-01 2.373950e-02 -4.013362e-01 -3.583544e-02 -1.827999e-01 -6.728534e-01 6.110887e-01 8.374692e-01 -5.831267e-01 -1.433315e-01 5.288280e-02 4.875273e-01 7.410659e-07 
-9.763200e+00 7.500726e+00 2.093883e+00 4.925145e+00 -1.339473e-01 9.163037e+00 -3.122579e-01 -5.582907e-01 7.633656e+00 -6.159953e-01 3.610903e+00 4.646858e+00 -1.512926e-01 4.949448e-01 7.105310e-02 -9.807097e-01 2.382653e-01 1.190891e-01 -1.388309e+00 7.342794e-01 1.699849e+00 -1.385240e+00 -2.259815e+00 -1.220350e+00 1.127682e+00 2.142523e-06 2.894188e-02 3.275542e-02 -7.362757e-02 2.847230e-01 1.583918e-01 -3.128982e-01 7.078262e-01 4.230393e-01 -1.121662e-01 4.834980e-01 2.342080e-01 -2.771961e-01 7.410659e-07 
-8.593874e+00 9.051409e+00 1.605795e+00 4.476420e+00 -2.549416e+00 4.322088e+00 3.868237e-01 5.289315e+00 7.242617e+00 5.994012e-01 3.645834e+00 2.034876e+00 -1.512926e-01 3.101577e-01 8.381675e-02 -7.411962e-01 2.342581e-01 -1.231771e+00 -1.218002e+00 2.140856e+00 1.202724e+00 -1.642628e+00 -1.421384e+00 2.239039e-01 5.920124e-01 2.142523e-06 -6.360321e-02 -8.652466e-02 1.731490e-01 1.712995e-01 3.385118e-01 1.670876e-01 3.464076e-01 -4.961661e-01 4.585724e-01 8.778416e-01 2.439314e-01 -6.954617e-01 7.410659e-07 
-8.706475e+00 8.346157e+00 -1.232664e+00 7.400279e+00 2.538047e+00 1.857139e+00 4.009646e+00 6.155052e+00 6.204448e+00 -3.108419e+00 2.715456e+00 2.753217e+00 -1.512926e-01 1.044614e-01 6.633858e-02 3.702573e-01 1.401310e+00 6.141241e-01 1.506207e-01 1.909999e+00 1.108802e-01 -1.897493e-01 1.262166e-01 -2.022247e-01 -1.523145e+00 2.142523e-06 -7.325720e-02 -1.092332e-01 4.666481e-01 -1.572330e-01 -1.428191e-01 9.502354e-02 -2.339168e-01 -7.881883e-01 6.275833e-01 1.050853e+00 3.576202e-01 -7.322063e-01 7.410659e-07 
-8.471699e+00 8.169944e+00 1.704641e+00 8.391013e+00 -3.801053e+00 8.379600e+00 8.291627e+00 8.178902e-01 3.748829e+00 -2.969829e+00 4.443143e+00 2.265688e+00 -1.512926e-01 1.691548e-01 -3.287600e-01 1.803688e-01 1.313537e-01 5.727975e-01 8.104803e-02 8.939685e-01 -1.580012e+00 9.685520e-01 1.127681e+00 -2.974769e-01 -1.722754e+00 2.142523e-06 4.072640e-02 -2.582610e-01 9.663940e-02 -4.094694e-01 -2.105334e-01 -3.453020e-01 -7.468624e-01 -2.343128e-01 3.077703e-01 5.774329e-01 4.485500e-01 -4.507687e-03 7.410659e-07 
-9.301851e+00 8.273295e+00 3.895629e+00 9.974826e+00 3.562426e+00 7.887276e+00 5.285491e+00 2.232342e+00 8.431579e+00 1.799781e+00 2.201474e+00 -3.084431e+00 -1.512926e-01 1.991782e-01 -2.688513e-01 8.917574e-01 -4.964916e-01 -1.497253e+00 -1.562836e+00 1.881282e-01 -8.497325e-01 4.469516e-01 1.719913e+00 8.285052e-01 -1.375973e+00 2.142523e-06 1.132977e-01 -4.891552e-01 -2.547427e-01 -7.094866e-01 -6.618639e-01 -4.300080e-01 -5.313809e-01 4.335924e-01 -3.861365e-01 -1.841601e-01 4.749955e-01 9.614391e-01 7.410659e-07 
-7.450533e+00 7.443704e+00 -5.645529e-02 3.846572e+00 -1.976482e-01 1.712533e+00 4.218606e+00 -6.493120e-01 1.097205e+01 3.783208e+00 2.415495e+00 -3.660295e+00 -1.512926e-01 4.663511e-01 -1.039845e+00 -5.187595e-01 -8.640303e-01 -1.228673e+00 -2.087822e+00 -7.325267e-01 5.114208e-01 -4.221863e-01 6.690612e-01 1.951336e+00 4.958294e-01 2.142523e-06 -3.910207e-02 -5.852446e-01 -9.259237e-02 -3.611783e-01 -1.174704e-01 8.082980e-02 -3.815158e-01 7.461166e-01 -5.778960e-01 -6.239520e-01 -1.444700e-01 7.681875e-01 7.410659e-07 
-8.220966e+00 7.364903e+00 4.106773e+00 7.190556e+00 -6.749801e+00 -2.623248e+00 6.986901e+00 2.639869e+00 4.827379e+00 2.114815e+00 7.871348e+00 -1.163590e+00 -1.512926e-01 5.224663e-01 -2.024027e+00 -5.538619e-01 -1.648636e+00 -1.794415e+00 -9.149336e-01 6.635617e-02 1.233039e+00 -1.425020e+00 -5.652173e-01 1.048230e+00 2.174759e+00 2.142523e-06 -2.724622e-01 -5.146119e-01 -4.443895e-02 -2.258102e-01 6.391928e-01 5.324737e-01 -1.796310e-01 2.127028e-01 3.833981e-02 -6.791810e-01 -7.453968e-01 1.723957e-01 7.410659e-07 
-6.680100e+00 3.425234e+00 -9.946147e-01 5.463069e+00 -4.788416e+00 3.195689e+00 3.778176e+00 3.170999e+00 3.440087e+00 2.177323e-01 1.136498e+01 3.784228e+00 -1.512926e-01 -1.879097e-01 -2.377385e+00 4.402431e-01 -1.098531e+00 1.340445e-01 1.612243e-01 -9.527372e-01 1.109059e+00 -9.848604e-01 -8.495442e-01 -1.129824e+00 3.427188e-01 2.142523e-06 -5.534930e-01 5.879068e-02 3.323076e-01 6.884842e-02 8.017365e-01 4.159116e-01 2.684032e-01 -4.039273e-01 5.590907e-01 -3.101836e-01 -7.796958e-01 -5.913935e-01 7.410659e-07 
-7.074890e+00 1.627011e-01 1.595267e+00 9.233951e-01 -3.114116e+00 2.571127e+00 5.837621e+00 6.487073e+00 5.072737e+00 7.564486e-01 2.967734e+00 4.067108e+00 -1.512926e-01 -8.360943e-01 -2.173167e+00 1.900749e-01 -1.508385e+00 1.017303e+00 -2.487983e-02 -5.998170e-01 -8.510975e-02 9.199462e-01 -9.166696e-01 -1.357857e+00 -4.374647e-01 2.142523e-06 -6.245996e-01 5.785317e-01 2.979681e-01 5.644541e-01 7.848963e-01 1.402518e-01 5.206459e-01 -6.712183e-01 6.056736e-01 9.810253e-02 -1.351205e-01 -7.784173e-01 7.410659e-07 
-8.962679e+00 -8.419165e-01 3.400522e+00 1.487194e+00 -1.345125e+00 -7.838471e-02 2.963800e-02 2.972407e+00 5.924843e+00 2.146038e-01 -7.820567e-01 -4.562041e+00 -1.512926e-01 -1.621886e+00 -6.713091e-01 7.708331e-01 -5.899391e-01 1.374110e+00 -4.533521e-01 9.425314e-01 -8.490275e-01 1.200754e+00 -7.060531e-01 -7.439451e-01 -1.154926e+00 2.142523e-06 -4.030906e-01 6.119918e-01 1.306668e-01 6.665862e-01 1.869201e-01 1.250084e-01 9.445083e-01 -2.896560e-01 2.368104e-01 3.113186e-01 2.498616e-01 1.277473e-02 7.410659e-07 
-1.125939e+01 -1.367391e+00 2.859793e+00 1.636315e+00 -3.385275e+00 -1.110600e+00 5.861830e+00 2.313537e+00 8.184688e+00 -2.467090e+00 7.155545e+00 8.222723e-01 -1.512926e-01 -1.883698e+00 1.562890e-02 7.706871e-01 9.194862e-01 1.510037e+00 9.370743e-02 1.722018e+00 -1.144019e+00 5.105039e-01 -1.465334e-01 1.799303e-01 -9.684268e-01 2.142523e-06 -1.846251e-02 3.343306e-01 2.955487e-01 6.764741e-01 -2.655586e-01 2.030968e-01 4.475766e-01 2.029956e-01 -2.360746e-01 4.055865e-01 1.692763e-02 5.294099e-01 4.234075e-04 
-1.269768e+01 8.335022e-01 2.227530e+00 2.156536e+00 2.217821e+00 2.769960e+00 8.478501e+00 1.012862e+00 7.887703e+00 -1.700936e+00 5.551502e+00 -3.677944e-01 -1.512926e-01 -1.679610e+00 -4.117813e-01 8.032352e-01 1.020627e+00 8.223503e-01 7.271106e-01 2.608840e+00 1.902431e-01 4.038772e-01 3.218573e-01 -6.492658e-01 6.720442e-01 2.142523e-06 3.384020e-01 2.152169e-02 2.248664e-01 3.234452e-01 -5.910877e-01 -6.448492e-02 -4.655128e-01 4.060819e-01 -6.869218e-02 3.491506e-01 1.276781e-01 8.849916e-01 1.195541e-03 
-1.462605e+01 -5.968009e-01 6.035147e+00 5.185936e+00 2.654688e+00 1.615495e+00 1.022366e+01 1.746722e+00 6.643536e+00 9.816958e-01 7.005603e-01 -2.872012e+00 -1.512926e-01 -8.995366e-01 -6.314083e-01 1.651603e+00 1.068553e+00 -3.453640e-02 4.004546e-01 8.048634e-01 4.102030e-01 1.378986e-01 5.973688e-01 -1.320472e+00 1.296003e+00 2.121600e-03 5.047169e-01 1.493355e-01 -4.714449e-02 -5.931116e-02 -5.839335e-01 -3.630099e-01 -9.580130e-01 2.526595e-01 1.916586e-01 1.375577e-01 5.901802e-01 5.885127e-01 1.507228e-03 
-1.567775e+01 -3.285945e+00 5.829267e+00 4.815517e+00 -2.531712e-01 2.193917e+00 1.089301e+01 4.207402e+00 8.714762e+00 9.979032e-02 -8.009083e-01 6.453425e-01 -1.512926e-01 -4.218423e-01 -2.402193e-01 1.454709e+00 9.525054e-01 -8.089468e-01 -9.291078e-01 -9.263411e-01 4.043616e-01 1.043520e+00 6.676805e-01 6.444463e-01 2.137821e+00 4.911430e-03 4.384706e-01 4.986420e-01 -3.639269e-01 -2.467342e-01 -3.250000e-01 -2.980199e-01 -8.155505e-01 -4.053085e-02 -8.596337e-02 7.238176e-02 9.154330e-01 -2.900879e-01 1.230960e-03 
-1.426727e+01 -2.464669e+00 9.316950e+00 5.649641e+00 -2.322589e+00 1.179777e+00 8.678542e+00 2.767092e+00 8.460714e+00 -3.807371e-01 3.729002e+00 6.795661e+00 -1.406816e-01 1.117432e-02 6.765797e-01 2.091951e-01 6.570960e-01 -5.939950e-01 -8.932936e-01 -1.300407e+00 1.218023e-02 1.148970e+00 3.682716e-01 2.484033e+00 1.241248e+00 5.080715e-03 2.978553e-01 5.591016e-01 -6.626030e-01 -2.948977e-01 8.961762e-02 1.373766e-01 -1.134104e-01 -1.517007e-01 -2.353344e-01 2.173097e-02 3.458667e-01 -8.874055e-01 8.814929e-04 
-1.498619e+01 5.662113e-01 7.859995e+00 6.687358e+00 6.614531e-01 -1.657627e+00 4.618688e+00 2.524024e+00 1.219730e+01 2.318476e+00 7.259228e+00 5.487209e+00 -1.320382e-01 5.728174e-02 1.427566e+00 -2.952282e-01 -7.455080e-03 -5.230229e-01 -1.162007e-01 -4.163569e-01 1.867180e-01 -5.315199e-01 7.983201e-01 2.025532e+00 -7.510735e-01 4.674430e-03 4.675657e-01 3.194326e-01 -5.825815e-01 -3.640490e-01 2.156545e-01 6.308259e-01 3.199193e-01 -1.594745e-01 -5.146341e-01 -2.212846e-01 -7.279268e-01 -9.622337e-01 5.795285e-03 
-1.491598e+01 8.600333e-01 6.065854e+00 7.535100e+00 -7.726778e-01 -9.250869e-01 6.859062e+00 2.649178e+00 1.064746e+01 1.713749e+00 9.090598e+00 9.131982e-01 -1.355342e-01 3.500102e-01 1.330401e+00 -7.864425e-01 7.397085e-02 2.705022e-01 6.810174e-01 -1.735298e-02 -2.394040e-01 -2.510656e-01 6.405967e-01 -2.815777e-01 -1.696535e+00 6.644916e-03 1.184824e+00 1.997186e-01 -4.599736e-01 -5.375652e-01 1.393435e-01 3.561245e-01 -1.401000e-01 1.295957e-02 -1.133505e-01 -4.316289e-01 -1.267895e+00 -2.551805e-01 3.915523e-02 
-1.506733e+01 2.189360e+00 5.978998e+00 3.835678e+00 -3.643092e+00 2.665311e+00 9.720795e+00 5.199845e+00 4.963860e+00 3.044272e+00 6.645999e+00 -1.688455e-01 -1.305098e-01 1.746636e+00 1.030053e+00 -9.604218e-01 -5.759941e-01 -1.629411e-01 1.437985e+00 3.164750e-02 -2.673019e-01 -8.295101e-01 -5.748825e-01 -1.612388e+00 -1.204466e+00 3.310090e-02 1.990965e+00 -3.876659e-01 -6.642940e-01 -9.954056e-01 4.251203e-02 -3.971479e-01 -1.156977e+00 1.765323e-01 3.998997e-01 -5.475805e-01 -1.253417e+00 5.480624e-01 7.320704e-02 
-1.247704e+01 3.375735e+00 6.325251e+00 7.445219e+00 1.182251e+00 2.423192e+00 6.041060e+00 2.324574e-01 1.082177e+01 2.459568e+00 2.627852e+00 1.140901e+00 -1.082337e-01 5.090675e+00 1.873834e+00 -1.757997e+00 -1.746572e+00 -7.727896e-02 1.103702e-01 -2.224854e+00 3.040502e-01 7.312897e-01 -1.103282e+00 -2.036511e+00 1.920706e-01 1.866431e-01 1.792492e+00 -1.199677e+00 -6.794086e-01 -1.815270e+00 -1.669382e-02 -1.024183e+00 -1.533302e+00 2.761824e-01 -1.101430e-01 -3.386096e-01 -1.057133e+00 7.357090e-01 8.104879e-02 
-7.472415e+00 4.458362e+00 2.928225e+00 3.852020e+00 -1.130780e+00 3.857829e+00 5.185683e+00 2.395766e+00 7.962332e+00 -9.288387e-01 2.429356e+00 -6.488615e-01 1.981844e-02 7.641774e+00 -7.825025e-01 -3.130931e+00 -4.074264e+00 -1.364814e-01 -1.816673e+00 -5.097507e+00 7.976508e-01 9.767902e-01 -1.067595e+00 -3.364027e+00 1.044971e+00 2.807050e-01 4.781518e-01 -1.604477e+00 -2.388217e-01 -1.512828e+00 5.703597e-01 -6.738574e-01 -8.867062e-01 1.819700e-01 -4.889741e-01 8.936246e-02 -8.545980e-01 4.381712e-01 4.448225e-02 
6.739565e+00 9.094968e+00 -1.198740e+00 -1.205152e+00 -2.415128e+00 -9.698004e-01 -1.997529e+00 5.571170e+00 1.280456e+01 -1.816063e+00 1.016601e+00 2.113627e+00 7.225331e-01 6.364884e+00 -3.761840e+00 -3.098237e+00 -7.253242e+00 1.737783e-01 -2.812654e+00 -5.119236e+00 6.089122e-01 -1.705003e+00 -8.061039e-01 -4.691257e+00 8.572400e-01 2.880859e-01 -1.454243e+00 -1.441949e+00 4.598843e-01 -3.210527e-01 9.479994e-01 5.443399e-01 5.900391e-01 8.126097e-03 -1.141381e+00 2.105165e-01 -4.374539e-01 -1.527005e-01 -3.364728e-02 
1.353351e+01 -4.582405e+00 -5.913517e+00 -1.221013e+01 -2.527035e+00 -4.721452e+00 -1.174687e+01 6.518620e+00 8.856354e+00 -1.561156e-01 -9.368373e+00 4.569921e+00 8.576300e-01 3.500327e+00 -4.174532e+00 -1.484403e+00 -5.386857e+00 2.563380e+00 -4.697985e-01 -2.954611e+00 4.900694e-01 -2.056189e+00 -2.767481e-01 -4.557903e+00 6.537926e-01 2.047905e-01 -2.372237e+00 1.266270e-01 1.025446e+00 1.392292e+00 8.904128e-01 1.649581e+00 1.766853e+00 6.504022e-02 -8.212223e-01 9.593832e-02 5.947748e-01 -5.503206e-01 -7.369433e-02 
8.844808e+00 -1.091304e+01 -4.744620e+00 -2.078969e+01 2.748949e+00 -7.350510e+00 -1.108856e+01 1.215592e+00 1.849864e+00 -1.957468e+00 -1.493013e+01 2.817978e+00 9.132850e-01 -1.099917e-01 -3.639953e+00 -2.817273e-01 -2.695473e+00 3.312747e+00 2.158597e+00 -3.459187e-01 4.984287e-01 -3.459167e+00 -4.461547e-01 -3.627009e+00 -3.759017e-01 5.636753e-02 -1.750254e+00 1.252652e+00 8.402730e-01 2.365323e+00 2.206006e-01 1.667289e+00 1.494568e+00 2.831909e-01 9.449583e-02 4.857547e-02 1.311260e+00 -5.235094e-01 -7.169198e-02 
8.976557e+00 -6.410278e+00 -2.720617e+00 -1.329007e+01 9.104403e+00 4.699299e+00 -5.041889e+00 7.023892e+00 3.158949e+00 -2.242155e+00 -1.238683e+01 2.268019e+00 9.484031e-01 -9.819224e-01 -2.104374e-01 5.880964e-01 6.082084e-01 2.746120e+00 3.945630e+00 1.350140e+00 1.178049e+00 -2.252142e+00 -7.679742e-01 -9.222745e-01 -1.089959e+00 2.809004e-02 -7.024307e-01 1.197303e+00 2.844924e-01 1.460295e+00 -6.144050e-01 3.201609e-01 3.924347e-01 9.855229e-02 4.654315e-01 8.361899e-02 1.295820e+00 -4.011624e-01 -4.224701e-02 
8.467797e+00 -8.191030e+00 -4.204184e+00 -1.414326e+01 8.333106e+00 5.112661e+00 -7.080098e+00 7.811020e+00 -1.642902e+00 -3.003616e+00 -1.560934e+01 1.384925e+00 9.589790e-01 -1.453765e-01 5.192761e-01 6.696115e-02 1.575863e+00 1.185352e+00 3.316014e+00 2.011075e-01 1.680915e+00 -1.134562e+00 -3.177456e-01 4.715006e-02 -8.883226e-01 1.797352e-02 1.810088e-01 8.575429e-01 -6.298751e-02 4.787166e-01 -6.810889e-01 -6.597549e-01 -3.954146e-01 -1.131538e-01 8.289159e-01 3.496917e-01 9.810391e-01 -2.131734e-01 -1.073593e-02 
8.812441e+00 -6.995546e+00 -3.243507e+00 -1.249271e+01 8.411441e+00 8.774886e+00 -7.000251e+00 9.111694e+00 -6.584048e-01 -3.472568e+00 -1.363991e+01 -1.636645e-01 9.752468e-01 5.812992e-03 -2.675864e-01 -2.362621e-01 -2.211180e-01 5.550101e-01 5.523675e-01 -1.265990e+00 3.915709e-01 -8.911794e-01 7.725331e-02 8.424830e-02 -1.095753e+00 1.275275e-02 2.346716e-01 1.773476e-01 -3.503732e-01 -4.342848e-01 -4.884858e-01 -1.206784e+00 -7.212301e-01 -4.258391e-01 3.569191e-01 3.827375e-01 2.683467e-01 -2.196192e-01 -5.623792e-03 
8.200653e+00 -8.023923e+00 -4.148327e+00 -1.330913e+01 9.022195e+00 7.191362e+00 -9.103442e+00 8.575910e+00 -1.914328e+00 -2.931036e+00 -1.406795e+01 -4.082059e-01 9.897403e-01 3.010435e-01 6.762347e-01 -1.844477e-01 1.127604e-01 1.002789e+00 5.564791e-01 -1.015009e+00 3.258044e-01 5.027037e-03 8.796778e-01 7.749347e-01 -1.438840e+00 1.035566e-02 3.999403e-02 2.192933e-01 -2.283377e-01 -5.078378e-01 -2.036736e-01 -8.531275e-01 -3.398195e-01 -2.742695e-01 -3.259069e-03 1.954086e-01 5.384446e-02 -2.505719e-01 -4.964999e-03 
9.138849e+00 -7.831473e+00 -3.929872e+00 -1.481260e+01 1.153451e+01 6.421720e+00 -1.036018e+01 8.598665e+00 -1.161388e+00 -1.892396e+00 -1.273614e+01 -2.314281e+00 9.967675e-01 -3.153759e-02 5.979279e-01 -1.038070e+00 -8.314919e-01 3.949246e-01 -7.083796e-01 -1.647931e+00 -2.735461e-01 -1.037232e+00 5.470248e-01 5.560101e-02 -1.912802e+00 3.780601e-03 -5.408239e-02 2.962902e-01 -1.778169e-01 -2.469893e-01 -2.482473e-01 -4.204694e-01 1.298795e-02 -2.615127e-02 -2.632151e-01 -1.176107e-01 1.318453e-01 -4.629688e-02 -5.531702e-03 
9.809444e+00 -4.391539e+00 -4.783223e+00 -1.241986e+01 1.178544e+01 9.071708e+00 -1.047485e+01 9.696093e+00 -1.366363e+00 6.044067e-01 -1.218668e+01 -4.733790e+00 9.999999e-01 7.336573e-02 1.182987e+00 -6.738376e-01 -6.580611e-01 2.470513e-01 -3.191840e-01 -1.306970e+00 6.420472e-01 -1.077835e+00 4.243510e-01 3.307583e-01 -1.732749e+00 -2.367858e-03 -6.872982e-02 5.141402e-02 -1.165000e-01 -2.934304e-01 -3.167859e-01 -4.893388e-01 2.711225e-01 -1.603204e-01 -4.117472e-01 -3.076032e-01 3.159486e-01 2.977633e-01 -5.737132e-03 
7.850083e+00 -5.822238e+00 -8.116496e+00 -1.709503e+01 9.004118e+00 4.292597e+00 -1.455424e+01 7.183697e+00 -6.119142e+00 -2.505569e+00 -1.430304e+01 -7.564408e+00 9.890376e-01 -1.507378e-01 9.605998e-01 -8.806570e-01 -1.070641e+00 -3.083366e-01 -1.111966e+00 -1.055113e+00 1.027224e-01 -1.665930e+00 -2.832270e-01 9.654392e-01 -1.180348e+00 -8.550175e-03 1.013801e-01 7.605110e-02 4.835590e-02 3.588465e-03 -1.554198e-01 -1.917266e-01 6.653241e-01 -2.587218e-01 -2.171257e-01 1.670435e-03 5.894857e-01 5.850562e-01 -4.322735e-03 
9.211789e+00 -3.113691e+00 -5.423967e+00 -1.545811e+01 1.152246e+01 6.660033e+00 -1.354129e+01 1.249397e+01 -4.824882e+00 -5.024332e-01 -1.163056e+01 -6.446875e+00 9.817821e-01 1.707178e-02 7.518967e-01 -8.457006e-01 -1.234935e+00 -2.294885e-01 -1.688348e+00 4.433512e-02 -6.639146e-01 -1.739369e+00 -2.432916e-01 1.899628e+00 -3.162943e-01 -1.216612e-02 1.555090e-01 -8.628359e-02 -3.504760e-02 -4.151299e-02 -1.734671e-01 -1.904943e-01 6.456342e-01 -6.299727e-01 -2.310413e-01 2.328661e-01 3.294652e-01 5.460384e-01 -2.284963e-03 
8.684339e+00 -3.667280e+00 -8.012678e+00 -1.864684e+01 1.012448e+01 2.067863e+00 -1.410234e+01 7.713275e+00 -7.761504e+00 -2.755219e+00 -8.186826e+00 -7.359501e+00 9.631426e-01 5.037017e-01 1.193680e+00 -7.102535e-01 -5.251830e-01 -1.439149e-01 -9.824504e-01 1.003053e+00 -9.141896e-01 -1.792094e+00 8.892367e-01 2.218615e+00 3.041876e-01 -1.292452e-02 1.911954e-01 -9.120136e-02 1.143295e-01 1.615563e-02 -1.188247e-01 1.023714e-01 4.254695e-01 -3.947035e-01 -3.321224e-02 3.830704e-01 -3.158247e-02 2.669975e-01 4.281300e-04 
9.477566e+00 -1.709523e+00 -9.063721e+00 -1.781817e+01 1.007799e+01 1.742976e+00 -1.047952e+01 6.112127e+00 -9.241827e+00 -4.871039e-01 -5.746662e+00 -6.417603e+00 9.521275e-01 5.238960e-01 6.349540e-01 -9.342957e-01 -1.138602e+00 -7.024001e-01 -1.336373e+00 8.922184e-01 -1.999386e+00 -2.169995e+00 1.002458e+00 1.351462e+00 2.551546e-01 -1.160409e-02 1.197559e-01 -9.033352e-02 2.513495e-01 3.408138e-02 -1.055173e-01 3.623770e-01 -4.054249e-02 1.273920e-01 1.491221e-01 2.372361e-01 -1.387000e-01 -4.299609e-02 2.333671e-03 
1.023523e+01 -5.556183e-01 -9.848055e+00 -1.854062e+01 9.007131e+00 1.839063e+00 -1.107030e+01 5.803895e+00 -1.287107e+01 1.933053e+00 -6.152524e+00 -6.058043e+00 9.392327e-01 5.519536e-01 5.630865e-01 -2.647234e-01 -1.037942e+00 -6.659406e-01 -7.762211e-01 6.483827e-01 -1.203139e+00 -1.616736e+00 1.009361e+00 1.081747e+00 -1.310985e-01 -6.681259e-03 8.799764e-02 -1.010369e-01 3.868087e-01 8.403109e-02 6.320905e-02 4.285537e-01 -1.300285e-01 6.019986e-01 3.645185e-01 4.453839e-02 7.890088e-02 -9.854893e-02 3.091637e-03 
1.105627e+01 -1.495294e+00 -9.177774e+00 -2.120369e+01 8.569402e+00 9.285843e-02 -1.059632e+01 3.451821e+00 -1.312001e+01 2.165495e+00 -5.890266e+00 -5.822051e+00 9.357191e-01 5.918062e-01 6.156360e-01 1.882504e-01 -8.080900e-01 -4.960322e-01 2.034779e-02 1.895987e-02 1.175274e-01 -1.081366e+00 8.828641e-01 1.774582e+00 -3.136869e-01 -3.620573e-03 6.089990e-02 -1.589195e-02 3.158402e-01 1.792736e-01 1.219438e-01 3.665302e-01 -1.146693e-01 8.365026e-01 2.207729e-01 -2.783770e-02 1.837746e-01 -6.354815e-02 2.317142e-03 
1.065510e+01 -9.595245e-01 -9.279545e+00 -2.214335e+01 7.548897e+00 -9.883518e-01 -1.080230e+01 3.027744e+00 -1.390617e+01 9.651151e-01 -2.706021e+00 -8.313057e+00 9.379151e-01 9.095542e-01 6.983123e-01 6.626068e-01 -2.703262e-01 6.891301e-02 4.818211e-01 7.894049e-01 1.037451e+00 -5.136312e-01 1.171864e+00 2.401528e+00 9.581520e-02 -1.460486e-03 2.607897e-02 -8.016048e-02 7.897534e-02 1.566910e-01 1.436713e-01 1.075743e-01 -6.431142e-02 4.893787e-01 4.801168e-02 -1.335416e-02 -3.612361e-02 8.866165e-02 6.170312e-04 
1.222651e+01 1.570433e+00 -8.406893e+00 -2.005770e+01 8.326650e+00 3.258478e+00 -1.051859e+01 8.087705e+00 -1.413058e+01 4.411398e+00 1.403611e+00 -6.858502e+00 9.346651e-01 6.497085e-01 4.878844e-01 1.812446e-01 -6.260037e-01 -4.601922e-01 -1.327553e-01 2.482121e-01 1.062831e+00 -1.617560e+00 7.820698e-01 1.610433e+00 -1.761481e-01 -2.625172e-03 -8.810437e-02 -2.285133e-01 -6.168677e-02 1.900546e-01 1.941332e-01 -1.253674e-01 -4.980835e-02 -1.419532e-01 2.398698e-01 -9.447033e-02 -4.361182e-01 8.274515e-02 -1.692700e-04 
1.419772e+01 1.402931e+00 -6.920694e+00 -2.046489e+01 9.472836e+00 2.665311e+00 -7.161644e+00 8.673137e+00 -1.493361e+01 6.669501e+00 2.208128e+00 -5.060709e+00 9.324515e-01 6.532827e-01 2.261718e-01 1.336630e-01 -3.455009e-01 3.448887e-02 -1.618611e-01 2.120451e-01 7.711629e-01 -1.108670e+00 9.928987e-01 9.832006e-01 2.434938e-01 -4.101344e-03 -2.343789e-01 -3.482755e-01 -5.679598e-02 3.483243e-01 2.540751e-01 6.544944e-02 -3.754225e-01 -5.049066e-01 7.762141e-01 -2.338952e-01 -6.059036e-01 1.744565e-02 -6.249941e-04 
1.253377e+01 -2.372452e-01 -9.450916e+00 -2.517343e+01 5.306453e+00 -2.398254e+00 -1.117520e+01 5.943013e+00 -2.069389e+01 3.223845e+00 -2.952438e-01 -8.328600e+00 9.253190e-01 2.794195e-01 -2.909290e-01 1.443177e-01 1.796002e-01 4.918255e-01 -2.846682e-01 5.862693e-02 -4.592632e-01 4.155284e-01 4.999733e-01 3.031137e-01 2.621287e-02 -3.146573e-03 -2.080135e-01 -3.257116e-01 1.459635e-01 7.025653e-01 3.055674e-01 6.100145e-01 -3.645452e-01 -5.127610e-01 1.441944e+00 -2.601571e-01 -5.503414e-01 2.011686e-01 -6.297166e-04 
1.376828e+01 1.075054e+00 -8.089006e+00 -2.131331e+01 9.231806e+00 1.030415e+00 -9.413485e+00 7.956344e+00 -1.616806e+01 6.523091e+00 3.059773e+00 -6.360612e+00 9.220865e-01 -7.728759e-02 -6.537160e-01 3.970402e-01 1.068393e+00 8.633230e-01 8.850827e-01 -9.928417e-01 -7.261561e-01 2.350817e+00 1.434228e-01 2.566458e-02 8.198164e-02 -4.324802e-03 -2.530876e-01 -3.947050e-01 1.864426e-01 5.454438e-01 -2.033792e-01 5.194210e-01 -3.122737e-01 -5.225085e-01 1.308463e+00 -7.222986e-01 -9.093588e-01 2.061509e-01 -1.472688e-03 
1.383849e+01 2.795171e-01 -7.101131e+00 -1.873536e+01 1.090611e+01 2.652468e+00 -9.100044e+00 6.150397e+00 -1.143624e+01 6.984222e+00 2.493673e+00 -6.077731e+00 9.241068e-01 -2.510400e-02 -7.008610e-01 7.792985e-01 2.179665e+00 6.531500e-01 2.393716e+00 -9.721332e-01 -7.523417e-01 3.862422e+00 -9.406510e-02 -6.625868e-01 9.105463e-01 -5.665545e-03 -1.711952e-01 -4.321669e-01 2.635765e-01 3.089642e-01 -6.203815e-01 9.931361e-02 1.948303e-01 -3.536995e-01 9.035274e-01 -1.003271e+00 -1.270567e+00 3.471194e-01 -2.336911e-03 
1.315878e+01 -2.124121e+00 -6.110332e+00 -1.834179e+01 1.098917e+01 4.565634e+00 -1.316372e+01 4.938159e+00 -7.808531e+00 5.506350e+00 9.423034e-01 -5.776458e+00 9.114404e-01 -4.599077e-01 -1.542458e+00 7.484288e-01 1.381755e+00 -1.063101e+00 1.096073e+00 -8.340276e-01 -1.694826e+00 3.710249e+00 -2.321629e+00 -3.080848e+00 8.320354e-01 -1.020240e-02 -8.650646e-02 -4.407007e-01 2.806942e-01 1.680461e-01 -7.849861e-01 -6.684263e-01 1.065015e+00 -3.168040e-01 2.444097e-01 -8.720036e-01 -1.527542e+00 4.158131e-01 -1.704092e-03 
1.271293e+01 -2.141544e+00 -6.544026e+00 -1.576044e+01 7.693515e+00 7.803081e+00 -1.416053e+01 3.690235e+00 -5.561976e+00 3.261698e+00 -2.549110e+00 -4.068037e+00 9.023226e-01 -3.852066e-01 -2.007354e+00 1.286495e+00 1.567688e+00 -1.646896e+00 1.063668e-01 9.533232e-01 -1.743471e+00 4.253505e+00 -3.283795e+00 -4.496598e+00 1.386681e+00 -1.189526e-02 -9.735887e-02 -4.229099e-01 1.485390e-01 8.224489e-02 -6.700190e-01 -1.323620e+00 1.500208e+00 -2.705235e-01 -5.382710e-01 -3.930894e-01 -1.159923e+00 2.224057e-01 -3.534486e-04 
1.203139e+01 -5.426648e+00 -4.625303e+00 -1.589185e+01 5.522520e+00 3.935364e+00 -1.105289e+01 7.118710e-01 -5.541279e-01 -3.223858e+00 -9.823027e+00 -3.205407e+00 8.819790e-01 -3.298061e-01 -2.203984e+00 1.546880e+00 2.214768e+00 -1.911581e+00 -1.313326e+00 3.369659e+00 -1.814777e+00 3.377306e+00 -2.621569e+00 -5.695058e+00 1.922931e+00 -9.735174e-03 -3.790364e-02 -9.076744e-02 -3.642638e-02 3.195538e-01 -3.472868e-01 -1.095608e+00 1.401758e+00 1.169598e-01 -1.258529e+00 5.368956e-01 -2.506459e-02 -9.490005e-03 1.341939e-03 
1.247633e+01 -8.106288e+00 -1.411054e+00 -1.212230e+01 5.405017e+00 3.499170e+00 -5.388881e+00 -4.538230e-01 6.204448e+00 -5.069321e+00 -1.460632e+01 -4.297069e-01 8.793615e-01 -5.769634e-01 -2.484554e+00 1.122733e+00 2.174536e+00 -2.272725e+00 -3.019641e+00 4.427253e+00 -2.045110e+00 1.337627e+00 -1.909531e+00 -5.154913e+00 1.477143e+00 -7.663117e-03 -6.233821e-02 2.183772e-01 -3.269859e-01 2.160182e-01 -2.160094e-01 -7.644053e-01 7.278183e-01 3.126751e-01 -1.791912e+00 9.189199e-01 1.072289e+00 -5.401068e-01 1.436390e-03 
1.162794e+01 -1.016185e+01 -9.422672e-01 -9.087448e+00 2.575493e+00 1.508908e-01 -7.012972e-01 -2.063246e+00 3.194730e+00 -3.435966e+00 -2.150432e+01 2.019074e+00 8.742492e-01 -5.535523e-01 -1.757715e+00 6.482302e-01 2.676075e+00 -2.486615e+00 -2.819038e+00 4.437899e+00 -9.592088e-01 -1.124558e+00 -3.244368e-01 -2.877023e+00 7.394013e-01 -5.597831e-03 6.702518e-02 4.852869e-01 -3.956130e-01 7.446218e-02 7.310122e-02 -1.793128e-01 1.298795e-02 5.448428e-01 -1.393589e+00 8.132483e-01 1.973626e+00 -8.974635e-01 7.587071e-04 
1.003009e+01 -1.219643e+01 -2.771795e+00 -8.289413e+00 -2.196909e+00 -5.402619e+00 2.799632e+00 -5.147629e+00 -7.483693e-01 -6.179915e+00 -2.248349e+01 7.057007e-01 8.678545e-01 -5.848266e-01 -1.138620e+00 1.009689e-01 2.417371e+00 -2.439447e+00 -2.962728e+00 4.058145e+00 -6.078168e-01 -2.455157e+00 1.621159e-01 -5.441302e-01 -7.220302e-01 -6.776060e-03 2.221547e-01 5.338378e-01 -3.409298e-01 -7.908690e-02 2.732411e-01 2.281526e-01 -5.650200e-01 5.322758e-01 -6.530010e-01 5.327337e-01 1.937297e+00 -7.745871e-01 3.950723e-04 
1.048688e+01 -1.216990e+01 -7.039256e-01 -4.427932e+00 -3.109812e+00 -5.708954e+00 7.042114e+00 -1.737431e+00 -2.700495e+00 -4.290654e+00 -2.027010e+01 -7.610629e-02 8.597205e-01 9.565922e-03 -4.505323e-01 7.973228e-02 2.465778e+00 -1.462651e+00 -2.238220e+00 3.619037e+00 1.908473e-01 -1.694411e+00 4.087380e-01 1.867686e+00 -1.464697e+00 -6.376545e-03 2.749521e-01 3.073310e-01 -2.802373e-01 -2.906874e-01 2.907880e-01 2.727420e-01 -9.229136e-01 1.324269e-01 7.549753e-02 1.380988e-01 1.236358e+00 -3.063738e-01 1.490865e-05 
1.012263e+01 -1.279516e+01 -1.025321e+00 -2.365435e+00 -3.949545e+00 -8.384628e+00 1.102977e+01 -3.655603e+00 -3.123736e+00 -3.831400e+00 -1.794471e+01 -2.991951e+00 8.527285e-01 2.522554e-01 -4.688153e-01 -2.976365e-01 1.884416e+00 -1.418493e+00 -2.169297e+00 2.011500e+00 4.118594e-02 -1.642510e+00 3.876020e-01 2.159315e+00 -1.293769e+00 -5.306659e-03 2.697589e-01 1.531444e-01 -5.193121e-02 -3.602214e-01 2.947036e-01 4.440253e-01 -1.060491e+00 -1.686581e-01 4.696753e-01 5.681611e-02 5.027232e-01 4.536475e-01 -2.991396e-04 
1.162885e+01 -1.211526e+01 -1.416903e+00 2.792475e-01 -3.861310e+00 -9.549558e+00 1.327906e+01 -1.855345e+00 -4.089320e+00 -2.566261e+00 -1.443555e+01 -3.455388e+00 8.499177e-01 4.027300e-01 -5.558612e-01 -5.537159e-01 1.488987e+00 -1.543181e+00 -1.852054e+00 8.465722e-01 -6.216146e-01 -1.153392e+00 2.534574e-01 1.953055e+00 -5.065600e-01 -6.261431e-03 2.068606e-02 2.518591e-02 3.142153e-03 -5.831770e-01 -1.090502e-01 1.885379e-01 -1.159545e+00 -5.649222e-01 2.101634e-01 -4.250530e-01 -1.343726e-01 9.369012e-01 -1.649783e-03 
1.072074e+01 -1.456800e+01 -3.903552e+00 -1.221494e+00 -8.913049e+00 -1.432867e+01 9.738632e+00 -4.882840e+00 -8.267042e+00 -5.104360e+00 -1.460466e+01 -4.073736e+00 8.462284e-01 5.671440e-01 -3.202509e-01 1.580376e-01 1.104618e+00 -9.257588e-01 -9.357080e-01 1.417527e-01 -1.045017e+00 -3.773465e-01 5.237646e-01 1.926843e+00 1.067133e+00 -8.333488e-03 -6.593349e-02 1.870385e-01 1.911512e-01 -3.685145e-01 2.578954e-02 2.012712e-01 -8.611748e-01 -5.050677e-01 1.584486e-01 -5.045877e-01 3.071134e-02 1.078461e+00 -2.676933e-03 
1.220143e+01 -1.406232e+01 -2.033667e+00 2.445245e+00 -8.343615e+00 -1.199691e+01 1.192082e+01 -4.232244e+00 -5.895765e+00 -2.387315e+00 -1.217503e+01 -2.068186e+00 8.316823e-01 -4.458349e-02 -3.987877e-01 -1.323415e-01 -6.034988e-02 -2.254318e+00 -1.912430e+00 -1.243823e+00 -2.090633e+00 -1.276260e+00 -1.784520e+00 1.312215e+00 2.039248e+00 -1.310735e-02 -1.130050e-01 3.108024e-01 1.434401e-01 -9.535404e-02 2.566659e-01 2.081627e-01 -6.470530e-01 -3.440728e-01 -1.903800e-01 -1.841185e-01 3.802725e-01 6.411072e-01 -3.106683e-03 
1.267281e+01 -1.342320e+01 7.309727e-02 2.074145e+00 -6.337037e+00 -1.183898e+01 1.241774e+01 -7.692607e+00 -4.107211e+00 -1.302374e+00 -9.441007e+00 1.650190e+00 8.201929e-01 1.462798e-01 3.877299e-01 4.475409e-01 8.164215e-01 -9.339002e-01 -1.132632e+00 -1.249073e+00 -1.749614e+00 -7.887895e-01 -1.116346e+00 2.633285e+00 2.825588e+00 -1.526743e-02 -1.112739e-01 3.344752e-01 2.153590e-03 3.017556e-01 4.008384e-01 2.802724e-01 -4.611316e-01 -2.070037e-01 -4.466350e-01 5.032256e-01 5.719088e-01 -1.297507e-01 -3.364061e-03 
1.043035e+01 -1.468204e+01 -4.066736e+00 -1.670218e+00 -1.642115e+01 -2.035643e+01 5.720400e+00 -1.090318e+01 -1.255006e+01 -1.339002e+01 -1.045622e+01 3.879039e+00 7.974073e-01 4.834620e-02 6.441531e-01 1.872275e-02 1.156391e+00 -2.556827e-01 -7.128158e-01 -1.693140e+00 -1.989818e+00 -1.899544e+00 1.529818e-01 3.501012e+00 1.819722e+00 -1.831458e-02 2.927478e-02 4.583838e-01 1.286116e-01 6.880844e-01 6.254733e-01 5.799384e-01 -1.477041e-01 -1.809835e-01 2.052582e-02 1.410986e+00 5.661923e-01 -5.645825e-01 -3.833953e-03 
1.233729e+01 -1.231998e+01 -6.492386e-01 4.917655e+00 -9.544032e+00 -1.581230e+01 6.593190e+00 -1.029499e+01 -8.883503e+00 -5.184760e+00 -2.297941e+00 7.080614e+00 7.870247e-01 -3.546923e-02 8.305485e-01 9.316022e-02 2.005112e+00 7.917830e-02 -1.341619e-01 -1.939163e+00 -2.130415e+00 -2.298865e+00 2.071153e+00 3.691803e+00 5.282043e-01 -2.254672e-02 -2.585281e-02 5.340307e-01 2.415680e-01 5.899712e-01 -1.438495e-01 2.716466e-01 -1.983641e-01 -1.372808e-01 2.604966e-01 8.509554e-01 -4.793059e-02 -6.030086e-01 -5.694630e-03 
1.261081e+01 -1.139337e+01 -1.578917e+00 6.805838e+00 -8.018224e+00 -1.357425e+01 6.367666e+00 -1.287979e+01 -1.300551e+01 3.187807e-01 1.758464e+00 4.315017e+00 7.566850e-01 1.929233e-01 1.671570e+00 6.878572e-01 2.785871e+00 3.664296e-01 4.878803e-01 -1.637285e+00 -2.805100e+00 -4.186556e-01 3.676639e+00 3.613739e+00 3.650987e-01 -2.864101e-02 -5.241791e-02 7.138186e-01 4.436511e-01 5.135475e-01 -5.778393e-01 1.970268e-01 -8.868464e-02 4.560278e-01 7.670357e-01 -3.426051e-01 -5.573935e-01 -2.859152e-01 -7.633228e-03 
1.140502e+01 -1.091462e+01 -7.050954e-01 7.861940e+00 -1.014273e+01 -1.590078e+01 2.398700e+00 -1.735639e+01 -1.537423e+01 2.198969e+00 2.910625e+00 4.073325e+00 7.278210e-01 -5.530615e-02 2.544214e+00 1.320722e+00 2.951608e+00 -1.964235e+00 -3.747988e-01 -2.268896e+00 -2.028190e+00 -2.268215e-01 1.376639e+00 2.337215e+00 5.379094e-01 -3.858147e-02 -2.032198e-01 6.745729e-01 3.200026e-01 8.568970e-02 -4.837753e-01 3.836905e-01 2.825538e-01 1.005110e+00 7.212424e-01 -1.316499e+00 -8.709461e-01 -7.329480e-02 -1.030618e-02 
1.186135e+01 -7.026829e+00 -5.998157e-01 1.078716e+01 -1.428975e+01 -1.787245e+01 -3.691698e-01 -2.139804e+01 -1.139791e+01 1.301422e+00 5.008134e+00 7.208324e+00 6.838135e-01 -2.038149e-01 3.356259e+00 1.623142e+00 3.251025e+00 -2.123170e+00 3.927724e-01 -1.971685e+00 2.391902e-01 8.995858e-01 -1.212892e+00 1.391425e+00 3.852334e-01 -4.847453e-02 -5.663428e-01 6.722803e-02 4.874613e-02 -4.129142e-01 1.088541e-03 4.448012e-01 4.934526e-01 1.078055e+00 9.553210e-02 -1.295647e+00 -8.419362e-01 -2.105265e-01 -1.483509e-02 
1.243530e+01 -1.782384e+00 5.464881e+00 1.768553e+01 -1.622961e+01 -1.553736e+01 -1.382541e+00 -1.617725e+01 -1.082183e+01 1.206943e+00 7.763783e+00 8.323526e+00 6.305653e-01 -8.534292e-01 3.361088e+00 1.225558e+00 2.200983e+00 -1.094959e+00 1.832050e+00 -3.593355e-01 1.372830e+00 6.483185e-01 -2.066617e+00 4.483555e-01 1.517288e-01 -6.416393e-02 -8.847246e-01 -8.552881e-01 -2.675160e-01 -7.477622e-01 8.872038e-01 7.697511e-01 7.694643e-01 2.291768e-01 4.559371e-02 -2.642774e-01 -5.235219e-01 -1.507076e-01 -2.219043e-02 
1.107678e+01 8.216226e-01 3.451699e+00 1.814924e+01 -1.559088e+01 -1.179189e+01 -1.599995e+00 -1.227315e+01 -1.078451e+01 -5.249832e+00 6.288929e+00 4.116068e+00 5.629290e-01 -2.239690e+00 1.599128e+00 9.791120e-01 1.096604e+00 -6.285445e-02 1.608508e+00 -1.248332e-01 8.847686e-01 -3.786411e-01 -1.080022e+00 3.483764e-01 -4.943922e-01 -9.002402e-02 -1.033995e+00 -1.648110e+00 -3.522463e-01 -9.861556e-01 1.113222e+00 7.261202e-01 7.929310e-01 -5.158222e-01 2.731786e-01 6.768200e-01 -3.452954e-01 1.227649e-02 -2.789996e-02 
7.530513e+00 1.966419e+00 3.397305e+00 1.518588e+01 -1.496679e+01 -9.781212e+00 1.217567e+00 -1.505448e+01 -1.243965e+01 -4.858778e+00 4.511895e+00 6.378076e+00 4.674301e-01 -3.460822e+00 -8.535650e-01 3.052340e-01 2.900381e-01 1.441542e+00 2.866009e+00 6.550911e-01 -1.205153e+00 6.401979e-01 -1.111428e-02 2.410923e-01 2.241558e-01 -1.287566e-01 -7.277308e-01 -1.672313e+00 -2.407728e-01 -8.086842e-01 1.042004e+00 6.376261e-01 6.651731e-01 -2.261764e-01 6.733766e-01 6.381556e-01 -3.721148e-01 -1.301555e-01 -2.284922e-02 
3.114884e+00 -9.052743e-01 5.329772e+00 1.752007e+01 -1.523536e+01 -1.270804e+01 -2.293555e+00 -1.753584e+01 -1.248259e+01 -1.065864e+00 8.375904e+00 5.709214e+00 3.152748e-01 -4.069869e+00 -2.776968e+00 3.221649e-01 -7.242598e-01 2.174626e+00 3.506446e+00 1.485912e+00 -1.050859e+00 2.269611e+00 1.143506e+00 -2.314449e-01 4.105104e-01 -1.556730e-01 -1.227065e-02 -7.102138e-01 -1.434513e-01 -6.476076e-01 5.866406e-01 3.600495e-01 6.155202e-01 8.235730e-01 5.272130e-01 1.230742e-01 -2.445888e-01 -2.784106e-01 -5.177513e-03 
-8.881766e-01 -5.186680e+00 6.052109e+00 1.944979e+01 -9.199703e+00 -7.490870e-01 2.239432e+00 -1.957193e+01 -6.771384e+00 -9.404140e-01 7.925685e+00 8.647855e+00 1.106092e-01 -3.576984e+00 -2.812385e+00 3.502614e-01 -9.319921e-01 2.996292e+00 4.071142e+00 2.161127e+00 1.209774e+00 2.691175e+00 1.235837e-02 -1.122376e+00 -9.515513e-01 -1.455836e-01 7.011921e-01 5.788692e-01 -8.486470e-03 -4.613329e-01 -6.521259e-02 -6.563320e-01 -1.662358e-01 1.434725e+00 -2.134247e-01 -4.240449e-02 3.317090e-01 -4.703544e-01 1.833832e-02 
-5.063103e+00 -9.486301e+00 3.735077e+00 1.239617e+01 -7.601155e+00 1.224490e+00 5.318194e+00 -1.526910e+01 -2.270097e+00 -1.491331e+00 3.424606e+00 5.033875e+00 -3.701361e-02 -2.243264e+00 -9.725775e-01 2.393350e-01 -1.530344e+00 2.093035e+00 2.806175e+00 2.199627e+00 3.795109e+00 1.231824e+00 -4.763187e-01 -1.927711e-01 -1.298549e+00 -1.075011e-01 1.146674e+00 1.487307e+00 -1.505274e-01 -1.336297e-01 -1.878344e-01 -1.168585e+00 -1.073282e+00 5.360620e-01 -9.194214e-01 -8.435682e-02 7.506162e-01 -3.114807e-01 3.366765e-02 
-6.265707e+00 -7.804943e+00 5.945659e+00 1.308798e+01 -3.802774e+00 3.608575e+00 8.217301e+00 -1.013881e+01 -4.089831e+00 -4.584101e+00 1.376443e+00 1.957939e+00 -8.434144e-02 -8.680835e-01 1.138601e+00 3.042123e-01 -1.613694e+00 1.156238e+00 -6.567126e-02 -5.328789e-01 3.545438e+00 9.211736e-02 5.867477e-01 1.880291e+00 -1.273055e+00 -6.115065e-02 1.031758e+00 1.444927e+00 -5.028980e-01 -1.140453e-01 -7.672402e-02 -1.014690e+00 -1.224557e+00 -5.261739e-01 -5.724186e-01 3.608873e-01 8.276553e-01 1.904878e-01 3.370307e-02 
-5.412305e+00 -4.458857e+00 6.579384e+00 1.304917e+01 -7.468588e+00 -8.556383e-01 5.715728e+00 -3.276520e+00 -7.663872e+00 -1.625854e+00 1.068688e+01 2.561262e+00 -1.247475e-01 3.089067e-01 2.684039e+00 -4.074682e-01 -1.051727e+00 2.155511e+00 -2.680054e-01 -2.533586e+00 4.615673e-01 -1.027935e+00 4.344411e-01 2.020519e+00 -9.861714e-01 -2.954838e-02 5.190980e-01 8.076420e-01 -6.570619e-01 -4.771995e-05 1.552711e-01 -2.677612e-01 -5.359635e-01 -1.065549e+00 1.712786e-01 2.386096e-01 1.457893e-01 4.630205e-01 2.494987e-02 
-5.054441e+00 -2.007305e+00 6.150662e+00 1.105476e+01 -3.484700e+00 -3.747663e-02 -6.235743e-01 -7.840517e+00 -3.613940e+00 2.060693e+00 1.369592e+01 3.518703e+00 -1.512926e-01 3.056899e-01 2.584000e+00 -1.840827e+00 -1.741443e+00 2.581433e+00 5.348391e-01 -1.595139e+00 2.457366e-01 9.590191e-01 1.361345e+00 1.909225e+00 -1.553616e-01 -1.604615e-02 -7.410367e-03 1.684281e-01 -4.931945e-01 3.140209e-02 -1.359004e-01 2.423920e-01 6.814890e-01 -1.708332e-01 4.071536e-01 -4.033277e-01 -7.443283e-01 4.297013e-01 1.465475e-02 
-4.123995e+00 1.035059e+00 1.594974e+00 8.154054e+00 3.017525e+00 1.707301e+00 -2.929354e+00 -1.411013e+01 -7.648026e+00 -2.641343e+00 7.366793e+00 -6.776158e-01 -1.512926e-01 -2.347319e-01 2.343100e+00 -1.973501e+00 -1.466710e+00 2.156927e+00 1.167269e+00 5.089768e-02 1.171245e-01 1.654800e+00 3.295045e-01 5.216926e-01 4.577328e-01 -5.306659e-03 -3.370440e-01 -2.231134e-01 6.656627e-02 1.539479e-01 -7.830430e-01 1.694608e-01 1.213570e+00 6.912567e-01 5.240055e-01 -4.458211e-01 -1.035977e+00 1.446816e-01 7.514286e-03 
-5.380849e+00 2.367950e+00 -7.662162e-01 6.827627e+00 3.861562e+00 5.000877e+00 4.563900e+00 -3.493212e+00 6.966841e-01 2.730490e+00 1.258201e+01 2.800622e+00 -1.512926e-01 -6.334360e-01 2.151415e+00 -1.378804e+00 -1.249040e+00 4.760736e-01 4.288030e-01 1.582163e+00 2.863602e+00 7.866038e-01 -1.377307e+00 -1.092010e+00 1.534671e-01 2.142523e-06 -2.560837e-01 -1.770213e-01 7.237526e-01 4.410790e-01 -8.161641e-01 -9.136631e-02 2.923735e-01 1.970745e-01 1.192183e-01 -3.029418e-01 -1.251494e+00 -4.405850e-01 3.738623e-03 
-6.422985e+00 5.068974e+00 1.704810e-01 7.828576e+00 -3.569004e-01 2.461246e+00 3.376820e+00 -4.864739e+00 -1.545270e+00 -3.131630e-01 1.385227e+01 5.208992e+00 -1.512926e-01 -9.065064e-01 1.784719e+00 -3.056640e-01 -5.280682e-01 -7.070903e-01 6.324356e-01 1.945437e+00 2.608795e+00 1.678220e+00 -4.252311e-01 -1.658940e+00 -4.171851e-01 2.142523e-06 -1.666488e-02 -1.627983e-01 8.279939e-01 3.452623e-01 -3.552653e-01 -1.179282e-01 -7.003820e-01 -3.971202e-01 4.204078e-02 3.431990e-01 -7.790013e-01 -6.644779e-01 1.060949e-03 
-7.072611e+00 6.732512e+00 -3.101269e-02 4.972128e+00 5.831181e-01 1.729658e+00 4.134088e+00 1.854293e+00 -2.732698e+00 -5.990019e+00 4.993164e+00 1.342700e+00 -1.512926e-01 -6.387973e-01 1.977898e+00 9.439366e-01 -5.371346e-03 -6.736765e-02 3.454890e-01 -1.080634e+00 -1.481119e-02 1.543466e+00 2.240370e-01 -3.258032e+00 -1.920842e+00 2.142523e-06 1.708222e-01 -2.000191e-01 5.542140e-01 2.309457e-01 -5.417920e-03 -3.507786e-01 -1.006004e+00 -1.091005e+00 8.477462e-02 7.345045e-01 3.057978e-01 -1.812554e-01 7.410659e-07 
-7.810677e+00 7.776333e+00 -3.009382e-01 6.441547e+00 1.121132e+00 6.505438e+00 7.013234e+00 -3.739901e+00 2.457635e+00 -4.073288e-01 2.867377e+00 -2.034509e+00 -1.512926e-01 -3.155093e-01 1.615801e+00 1.005092e+00 -3.621708e-01 6.523535e-01 6.192352e-01 -2.119707e+00 -4.293511e-01 1.486622e+00 1.244831e+00 -2.290326e+00 -1.827483e+00 2.142523e-06 1.997176e-01 -4.022263e-01 1.141734e-01 9.340861e-02 2.308097e-02 -6.218745e-01 -4.860588e-01 -4.252349e-01 -3.254900e-01 3.558930e-01 9.755363e-01 5.313717e-01 7.410659e-07 
-7.880881e+00 1.090383e+01 4.188950e+00 7.494245e+00 2.785533e+00 4.706434e+00 -2.657537e+00 -4.129845e+00 6.412491e+00 3.897396e+00 1.784523e+00 -3.181833e+00 -1.512926e-01 -7.478564e-02 1.235766e+00 7.368983e-01 -1.773596e-01 -2.307274e-01 -1.318520e+00 -1.415325e+00 -1.072311e+00 1.306203e+00 1.460121e+00 7.527331e-01 -4.766265e-02 2.142523e-06 8.713211e-02 -6.614218e-01 -2.188423e-01 1.180326e-01 -1.303655e-01 -2.693586e-01 5.481413e-01 5.040000e-01 -4.892208e-01 5.115588e-02 1.317725e+00 9.147922e-01 7.410659e-07 
-7.595958e+00 1.106223e+01 3.086145e+00 4.756278e+00 1.803335e+00 4.069505e+00 -3.825928e+00 -4.019171e+00 1.315189e+00 9.669922e-01 4.005122e+00 -1.666143e+00 -1.512926e-01 -1.900542e-01 1.447604e-01 3.687978e-01 2.476266e-02 -5.101028e-01 -1.644959e+00 -3.174809e-01 1.011366e+00 1.694394e-01 7.360804e-01 1.213525e+00 1.303173e+00 2.142523e-06 -3.670522e-02 -6.090621e-01 -2.244094e-01 3.221693e-01 1.758697e-04 3.193851e-01 8.202250e-01 9.520225e-01 -2.482338e-02 -1.224802e-01 6.909402e-01 5.505536e-01 7.410659e-07 
-7.554473e+00 1.126854e+01 1.959944e+00 4.928549e+00 -9.112703e-01 -3.644999e+00 2.477698e+00 -3.367541e+00 4.369890e+00 6.238030e-01 8.187943e+00 9.201925e-01 -1.512926e-01 -2.660064e-01 -5.936922e-01 1.679626e-01 3.913397e-01 -1.380743e-01 1.308201e-01 7.590713e-01 1.784751e+00 -2.440042e-01 7.341686e-01 1.578635e+00 1.087703e+00 2.142523e-06 -7.185904e-02 -3.733947e-01 -1.816931e-01 1.955408e-01 3.079521e-01 7.955828e-01 2.294765e-01 9.753843e-01 3.590904e-01 -3.007360e-01 -2.790481e-01 2.224113e-02 7.410659e-07 
-8.924385e+00 8.318043e+00 2.657715e+00 7.849003e+00 4.195618e-01 2.456014e+00 2.858667e+00 9.358042e-01 4.325930e+00 4.910070e+00 5.733363e+00 2.430443e+00 -1.512926e-01 -4.032564e-01 -5.148105e-01 1.675247e-01 9.643667e-01 6.068676e-01 1.491544e+00 8.944060e-01 2.902075e+00 2.137445e+00 9.954478e-01 7.515872e-01 3.574939e-01 2.142523e-06 1.515999e-02 6.920479e-02 -1.307301e-01 -2.170706e-01 8.243402e-02 2.494204e-01 -2.488731e-01 2.014650e-01 6.055255e-01 -2.803841e-01 -4.632582e-01 -2.941049e-01 7.410659e-07 
-8.546007e+00 9.307612e+00 5.242917e+00 7.904838e+00 2.787255e+00 6.166758e+00 -2.204365e+00 2.316640e+00 3.686978e+00 5.596762e+00 8.813370e+00 2.085875e-01 -1.512926e-01 -3.276616e-01 -3.012779e-01 -7.104007e-02 3.305908e-01 7.505817e-01 1.091204e+00 -8.736947e-01 2.859272e+00 2.117556e+00 -1.730861e-01 -4.116364e-01 5.363161e-01 2.142523e-06 9.026133e-02 1.725744e-01 -1.364534e-01 -4.166142e-01 -2.974432e-01 -7.616670e-01 -3.391648e-01 -5.094984e-01 1.770521e-01 -3.423969e-01 -5.189273e-01 -2.053574e-01 7.410659e-07 
-9.116309e+00 9.468383e+00 2.282217e+00 8.090048e+00 2.988688e+00 6.621027e+00 2.986931e+00 7.649147e+00 1.234401e+01 3.457538e+00 7.450516e+00 4.772203e-01 -1.512926e-01 -8.336376e-02 3.446094e-01 -1.654005e-01 -1.030088e+00 -5.421376e-01 -8.779292e-01 -7.453601e-01 1.481400e+00 2.016225e+00 -2.121718e-01 -1.075454e-01 1.084175e-01 2.142523e-06 1.326723e-01 2.036456e-02 -5.890318e-02 -4.173159e-01 -5.630304e-01 -1.022494e+00 -2.340679e-01 -1.204914e+00 -6.652882e-01 -1.767518e-01 -1.130559e-01 -7.977182e-02 7.410659e-07 
-9.096706e+00 9.186440e+00 1.792666e+00 6.460613e+00 1.557139e+00 -2.715089e-01 -1.954632e+00 7.572089e+00 1.094854e+01 4.842748e-01 5.271501e+00 4.578210e+00 -1.512926e-01 2.529248e-02 -1.605326e-01 -3.478453e-01 -6.947669e-01 -1.050712e+00 -2.492923e+00 -1.168123e-01 -5.237762e-02 7.019850e-01 -3.741436e-01 -5.865282e-01 1.854798e-01 2.142523e-06 8.320393e-02 -7.582127e-02 -4.891349e-02 -7.232487e-02 -3.402504e-01 -2.300634e-01 4.541735e-01 -1.169187e+00 -7.458706e-01 -1.046671e-01 2.405122e-01 -1.875144e-01 7.410659e-07 
-9.066163e+00 1.010157e+01 3.555809e+00 3.420318e+00 -1.676111e+00 1.285377e+00 -9.930767e-01 5.714943e+00 1.077628e+01 6.405462e+00 6.966475e+00 7.875599e-01 -1.512926e-01 8.355225e-02 -4.833038e-01 1.149794e-02 -6.096544e-01 -1.307610e+00 -1.828900e+00 -6.543592e-01 -1.666626e+00 -4.811488e-01 2.121413e-01 2.737502e-01 1.339842e-01 2.142523e-06 2.135185e-02 -7.572485e-02 -5.489690e-02 4.829908e-01 2.161845e-01 5.472152e-01 6.009164e-01 -5.182792e-01 -6.381478e-01 -4.086966e-01 -1.137505e-01 -3.143144e-01 7.410659e-07 
-8.444802e+00 8.188159e+00 2.867104e+00 6.765664e+00 -1.335169e-01 -3.629777e+00 -7.985570e-01 3.022055e+00 7.980223e+00 2.252153e+00 6.123147e+00 9.805506e-01 -1.512926e-01 4.919437e-03 -2.665515e-01 -4.041112e-01 -2.413142e-01 -5.679778e-01 4.164682e-01 1.351744e+00 -1.412725e+00 -3.629884e-01 -9.084914e-01 6.003294e-01 -4.140707e-01 2.142523e-06 -3.484100e-02 1.134647e-01 5.558802e-02 4.977269e-01 3.724279e-01 9.475608e-01 3.299405e-01 1.844270e-01 -3.353099e-01 -3.151363e-01 -2.556478e-01 -3.838800e-01 7.410659e-07 
-9.024678e+00 7.551016e+00 1.802609e+00 4.889056e+00 -2.703934e+00 -8.442221e-01 -8.626891e-01 1.590537e+00 1.142238e+01 3.634295e+00 8.393646e+00 2.946207e+00 -1.512926e-01 3.369190e-02 1.907854e-02 -4.117739e-01 1.158154e+00 2.974928e-01 4.033760e-01 1.524850e+00 -4.297540e-01 -6.421482e-01 -1.988445e+00 -1.269910e+00 -1.163400e+00 2.142523e-06 -3.748510e-03 1.137540e-01 8.951134e-02 3.408606e-01 3.602099e-01 6.145784e-01 4.477464e-03 5.528181e-01 -2.119443e-01 5.610858e-02 -1.969869e-01 -2.782238e-01 7.410659e-07 
-9.092604e+00 9.129023e+00 6.489189e-01 4.519318e+00 -7.688041e-01 2.875560e+00 4.738883e+00 2.570569e+00 8.810861e+00 -2.672315e+00 7.559189e+00 1.428704e+00 -1.512926e-01 -1.241099e-01 1.555692e-01 1.417635e-01 9.100293e-01 8.914121e-03 1.128857e+00 4.431932e-01 2.514773e-01 -8.940040e-01 -8.495442e-01 -1.092869e+00 -1.085324e+00 2.142523e-06 3.832955e-02 -3.888977e-02 1.862604e-01 -1.293385e-02 1.824451e-01 2.114944e-01 -5.980044e-01 2.744101e-01 -3.235655e-01 5.413073e-01 1.347837e-01 -3.078941e-02 7.410659e-07 
-8.574271e+00 9.726171e+00 2.605952e+00 1.033435e+01 1.286037e-01 4.957197e-02 3.862270e+00 3.791600e+00 7.150608e+00 -1.074624e+00 -1.011840e-01 -5.253440e+00 -1.512926e-01 1.293022e-01 -1.254613e-01 1.860611e-01 5.189283e-01 2.049282e-01 8.878959e-01 -1.776254e-01 2.652752e-01 -1.275436e+00 4.632242e-01 1.353837e-01 -9.214217e-01 2.142523e-06 -1.912831e-02 -7.693018e-02 1.433360e-01 -4.618432e-01 -6.712625e-02 1.721079e-01 -4.231618e-01 -1.032854e-01 -1.480609e-02 4.205695e-01 7.153555e-01 3.466211e-01 7.410659e-07 
-9.290455e+00 7.878101e+00 3.174170e+00 8.593246e+00 -1.505238e+00 1.567452e+00 -9.446592e-01 3.178757e+00 5.646260e+00 3.585118e-01 4.906114e+00 -3.460343e-01 -1.512926e-01 1.489605e-01 -3.886687e-01 2.282423e-01 1.338227e-02 3.905884e-01 1.231539e+00 -7.869231e-01 -3.882597e-01 -1.664165e+00 5.721968e-01 5.715389e-01 -6.890035e-01 2.142523e-06 -7.079377e-02 1.079182e-03 1.755436e-02 -3.510991e-01 -1.301005e-01 -2.319346e-01 1.542922e-01 -2.528813e-01 3.802105e-01 5.685773e-02 3.032334e-01 3.765773e-01 7.410659e-07 
-8.279775e+00 7.549037e+00 1.470393e+00 5.446727e+00 -1.311123e+00 4.249310e+00 1.090577e+00 2.612976e+00 6.627690e+00 4.434861e+00 1.039690e+01 -7.737226e-01 -1.512926e-01 -1.986323e-01 -9.337968e-02 2.617392e-01 -7.027813e-01 -2.289576e-01 1.212496e+00 2.406409e-02 -6.263482e-01 -3.310945e-01 -5.964434e-01 1.474788e+00 3.716171e-01 2.142523e-06 -1.722605e-01 8.178850e-02 1.555122e-02 -1.065178e-01 -2.835470e-01 -5.679748e-01 3.759173e-01 -1.500895e-01 6.546744e-01 -5.767880e-02 -3.099813e-01 4.289228e-01 7.410659e-07 
-8.495404e+00 8.274088e+00 2.357960e+00 7.030540e+00 1.903620e+00 6.933547e+00 2.189741e+00 1.218695e+00 7.508671e-01 -2.565948e+00 5.167818e+00 -4.256105e+00 -1.512926e-01 -3.142583e-01 1.448754e-01 1.916804e-01 -2.345822e-01 -4.246176e-01 -1.931309e-01 1.113887e+00 -5.671282e-01 5.349834e-01 -3.543660e-02 -2.463415e-01 1.510770e-01 2.142523e-06 -1.220598e-01 4.736410e-02 -6.199895e-02 2.597971e-02 -3.329196e-01 -7.767735e-01 3.319549e-01 6.890700e-02 7.267199e-01 3.693776e-01 -3.937520e-01 4.245633e-01 7.410659e-07 
-9.964698e+00 9.061309e+00 4.322597e+00 7.601830e+00 -2.720720e+00 3.428770e+00 2.415264e+00 1.640185e+00 7.942397e+00 -2.594417e+00 7.142238e+00 -1.440253e+00 -1.512926e-01 -5.004751e-01 1.677878e-02 2.820270e-01 1.105164e-01 -8.053185e-01 -1.239642e+00 7.514879e-01 -3.956118e-01 8.985267e-01 4.785186e-01 -1.005638e+00 8.031371e-01 2.142523e-06 -2.199121e-02 -5.788587e-02 -9.909607e-02 8.498798e-02 -2.075009e-01 -6.510379e-01 3.655544e-02 1.342797e-01 4.191447e-01 6.872665e-01 -3.174608e-01 2.759656e-01 7.410659e-07 
-1.001940e+01 7.846818e+00 2.706260e+00 6.342814e+00 -2.923874e+00 1.011863e+00 3.962078e+00 8.297850e-01 7.663814e+00 3.696238e+00 5.301996e+00 7.424855e-01 -1.512926e-01 -3.103267e-01 -2.069878e-01 -9.191176e-02 -2.634339e-01 -9.858462e-01 -1.426071e+00 5.091105e-01 -1.589333e-01 1.354692e+00 1.881460e+00 -1.571052e-01 1.217999e+00 2.142523e-06 1.982053e-02 -9.274419e-02 -9.412725e-02 -4.317160e-02 -1.303066e-01 -2.652511e-01 -1.451862e-01 1.053191e-01 2.095713e-01 5.236607e-01 1.026751e-01 2.548842e-01 7.410659e-07 
