-1.355718e+01 1.020198e+00 -6.661789e-01 9.345390e+00 -2.286034e+00 -7.549046e-01 -6.628446e-01 -1.932174e+00 4.955069e+00 -2.325469e+00 4.612861e+00 8.850198e-01 -1.512926e-01 1.677637e-01 -2.503066e-01 -3.375435e-01 -1.089148e+00 7.677140e-02 4.421726e-01 1.067182e-01 -5.435739e-01 -9.897897e-01 8.817229e-01 1.034425e-01 -2.108511e-01 1.851141e-06 1.610616e-02 7.388069e-02 1.445691e-01 1.281968e-01 -3.061486e-01 -6.678247e-02 -3.407551e-03 4.525447e-01 5.195533e-01 -5.137967e-02 1.074229e-02 2.192677e-01 2.805723e-07 
-1.319418e+01 1.612617e+00 -2.574690e-01 7.235672e+00 -1.429760e+00 1.308941e+00 4.326905e-02 -6.324703e+00 5.559205e-01 -2.389220e+00 4.708737e+00 -9.547567e-01 -1.512926e-01 2.433534e-01 -4.621327e-02 1.227236e-01 -6.128272e-01 -3.675360e-01 2.929438e-01 -3.066769e-01 1.269052e-01 3.280561e-01 6.183907e-01 1.613103e-01 -1.527367e-01 1.851141e-06 -1.029153e-02 1.786283e-01 2.128837e-01 2.877584e-01 -1.847233e-01 -1.810447e-01 2.719107e-02 6.255326e-01 7.061641e-01 -2.244583e-01 -3.826196e-02 3.679792e-01 2.805723e-07 
-1.289947e+01 -5.276754e-01 -2.558161e+00 4.953064e+00 -2.330113e+00 4.239191e-01 -4.824647e-01 -2.453825e+00 2.205539e+00 2.114927e+00 5.081973e+00 7.503955e-01 -1.512926e-01 2.105675e-01 1.688182e-02 1.552163e-01 -6.864772e-01 -1.231686e+00 1.828995e-01 2.963690e-01 1.383859e+00 9.490111e-01 7.563699e-01 1.283003e-01 8.563967e-01 1.851141e-06 -2.306764e-02 3.418681e-01 3.320105e-01 4.044175e-01 2.495681e-01 -1.473832e-01 -1.078722e-02 2.716318e-01 4.124928e-01 -4.182960e-01 -1.203698e-01 3.183164e-01 2.805723e-07 
-1.266945e+01 1.562886e+00 8.933997e-01 8.477049e+00 -4.101841e+00 1.207103e-01 -2.286264e+00 -1.036792e+00 7.969530e+00 -1.453282e+00 5.184318e+00 1.887426e-01 -1.512926e-01 9.490607e-02 5.093025e-01 4.805069e-01 1.482866e-01 -1.925357e-01 -3.333164e-01 1.477646e-01 1.620272e+00 1.571650e+00 -1.779758e-01 -1.003643e-01 1.095456e+00 1.851141e-06 -9.446054e-03 1.771559e-01 1.382349e-01 2.954108e-01 6.009101e-01 3.640889e-02 1.315171e-02 -3.602775e-01 -2.530821e-01 -4.900877e-01 -2.363351e-01 2.100926e-01 2.805723e-07 
-1.276694e+01 1.129606e+00 -4.654825e-01 5.291834e+00 -7.108597e+00 7.539029e-01 1.983798e+00 2.343522e+00 5.993461e+00 9.886591e-01 5.016533e+00 4.595267e+00 -1.512926e-01 1.265211e-01 1.181136e+00 1.143739e+00 5.524961e-01 1.237061e+00 1.839395e-02 -1.744910e-01 6.786177e-02 4.507991e-01 -8.115654e-01 -3.677855e-01 7.566733e-01 1.851141e-06 1.814440e-01 -3.599518e-02 -5.537404e-02 3.798320e-01 6.477094e-01 2.350121e-01 -2.109382e-01 -9.456858e-01 -5.637181e-01 -6.833632e-01 -3.313279e-01 -1.330830e-01 2.805723e-07 
-1.278581e+01 3.330508e+00 1.098800e+00 7.808076e+00 -3.315925e-03 -5.226133e-01 -4.513315e-01 -6.220673e-01 6.519850e+00 -2.715983e+00 4.239625e+00 2.600134e+00 -1.512926e-01 2.381493e-01 2.574587e-01 3.197729e-01 2.450123e-01 1.402591e+00 5.572229e-01 -5.447130e-03 -1.016522e+00 -6.884042e-01 -1.048052e+00 -7.725927e-01 9.476755e-01 1.851141e-06 3.513381e-01 -3.868465e-01 -2.037270e-01 4.404817e-01 -9.807148e-03 2.202758e-01 1.063515e-01 -6.679396e-01 -6.628695e-01 -4.310109e-01 -7.424410e-02 -2.121187e-01 8.370227e-03 
-1.220851e+01 4.493899e+00 3.057681e+00 8.049499e+00 1.805553e+00 8.374842e-01 -2.272784e+00 -2.321619e+00 5.184775e+00 -1.311613e+00 3.715726e+00 3.327914e+00 -1.512926e-01 1.046218e+00 -3.709238e-02 -4.128693e-02 1.164195e+00 1.209341e+00 9.127309e-01 -6.816226e-01 -2.026140e+00 -7.394208e-01 -2.225596e+00 -1.192368e+00 2.648119e-01 1.851141e-06 4.020198e-01 -5.546560e-01 -1.040471e-01 4.807791e-01 -3.939127e-01 -1.458123e-01 4.278531e-01 4.335980e-01 -2.127912e-01 -7.538233e-02 1.132057e-01 -2.438007e-01 1.781367e-02 
-1.175791e+01 1.168147e+00 7.308565e-01 8.322850e+00 -1.546079e+00 2.864786e+00 -1.852550e-01 -3.786820e+00 4.932247e+00 -5.543509e+00 1.972058e+00 5.560793e+00 -1.512926e-01 1.391901e+00 -8.156943e-01 5.446174e-02 2.044918e+00 -2.277528e-01 3.209080e-01 9.330059e-01 -6.724615e-01 -1.147554e+00 -1.626018e+00 -5.906834e-02 2.807800e-01 4.185313e-02 2.777346e-01 -2.377220e-01 3.037012e-01 1.667847e-01 -3.419316e-01 -4.997822e-01 2.064270e-01 1.475986e+00 4.900371e-01 3.504811e-01 2.018246e-01 -3.879862e-01 2.048826e-02 
-8.050192e+00 2.025383e+00 -4.879563e-01 1.085545e+01 -2.906453e-01 3.624255e+00 -1.557362e+00 -6.205136e+00 3.089636e+00 -8.725516e+00 1.884415e-01 4.439103e+00 -1.512926e-01 1.559864e+00 -1.055520e+00 7.561029e-01 2.056455e+00 8.278889e-02 -5.925896e-01 1.495592e+00 2.063818e+00 -3.833146e-01 -8.994945e-01 -1.584993e-01 -1.289382e-01 6.814635e-02 -1.455210e-01 -4.513457e-02 5.638468e-01 -3.775972e-01 -1.100565e-01 -6.172985e-01 -8.501589e-02 1.548991e+00 7.522437e-01 7.606454e-01 3.683020e-01 -2.513440e-01 1.637735e-02 
-7.905082e+00 4.862128e-01 3.143918e+00 1.663011e+01 -9.351451e-02 -3.113080e-01 3.856283e+00 -2.042516e+00 1.828980e+00 -7.138824e+00 5.707837e+00 3.448537e+00 5.797585e-02 1.370044e+00 -4.218866e-01 1.439450e+00 6.328765e-01 2.562108e-01 -1.188987e+00 -6.199054e-02 4.318510e+00 1.583941e+00 4.133499e-02 -2.805161e-01 -7.952963e-01 6.836709e-02 -3.956885e-01 2.404716e-01 5.603741e-01 -5.389498e-01 4.209345e-01 -8.559553e-02 -2.939145e-01 4.250430e-01 7.143599e-01 7.529905e-01 2.049088e-01 4.986598e-02 4.369163e-03 
-6.335829e+00 -4.425113e-01 5.631717e+00 1.417851e+01 1.493327e+00 -5.370863e-01 3.184512e+00 7.125154e+00 4.819627e+00 -5.011327e+00 1.055139e+00 3.739326e+00 8.480198e-02 3.293513e-01 -4.596578e-01 2.085480e+00 -1.805081e-02 4.170059e-01 -1.418742e+00 -6.093308e-01 3.223326e+00 1.656004e+00 7.439712e-01 7.600346e-01 -4.539029e-01 6.863104e-02 -3.691499e-01 5.279564e-01 2.573062e-01 -3.287518e-01 5.437471e-01 7.369806e-01 4.663020e-02 -1.032705e+00 1.724090e-01 6.457354e-01 4.428022e-01 3.350656e-01 1.310113e-03 
-5.764375e+00 2.925732e-01 4.868652e+00 9.825119e+00 -1.157123e+00 -9.994978e-01 -2.865919e+00 1.114054e+01 1.198666e+01 -7.193952e+00 1.359374e-01 1.933744e+00 7.250447e-02 2.868373e-02 8.888318e-02 2.191605e+00 3.875048e-01 1.709779e+00 3.059765e-01 5.159250e-01 8.729888e-01 1.404625e+00 1.317159e+00 5.063786e-01 6.926476e-01 6.345301e-02 -2.222716e-01 7.206962e-01 2.660903e-02 -1.037374e-01 2.924097e-01 1.243138e+00 8.181475e-01 -1.722871e+00 -4.771183e-01 3.719754e-01 1.351377e-01 3.230271e-01 1.103736e-03 
-7.473347e+00 -1.761403e-01 9.077006e+00 1.416760e+01 2.325930e+00 -3.125577e+00 -1.243142e+00 3.319867e+00 6.291136e+00 -4.978374e+00 6.774278e+00 2.927002e+00 1.845875e-01 3.846450e-01 1.328895e+00 1.666534e+00 5.355739e-01 2.074774e+00 2.344775e+00 1.439802e+00 -1.377023e+00 5.683226e-01 1.691171e+00 1.661863e+00 8.025046e-01 7.715390e-02 1.582434e-02 7.899525e-01 -3.398839e-01 -1.402086e-01 -1.646897e-01 1.075092e+00 5.466117e-01 -1.008037e+00 -5.013044e-01 -2.622139e-01 -5.739504e-01 -1.152561e-01 -1.093108e-02 
-7.193460e+00 7.973415e-01 1.237909e+01 1.857317e+01 8.039051e+00 2.512731e+00 8.649510e+00 4.225155e+00 8.116384e+00 -5.696988e-01 5.379877e+00 7.317911e+00 3.253412e-01 2.311237e-01 2.287446e+00 1.782034e+00 -1.626586e-01 8.892305e-01 3.144948e+00 3.004254e+00 -1.995779e+00 -2.578776e-01 1.427611e+00 -5.572725e-02 1.916507e-01 6.961961e-02 -1.055017e-01 4.703274e-01 -6.131700e-01 -2.081037e-01 -7.192233e-01 4.729634e-03 -4.712785e-01 -1.812540e-01 -4.774622e-01 -7.426130e-01 -5.856017e-01 -5.340806e-01 -2.662743e-02 
-3.698244e+00 5.949771e+00 1.020906e+01 1.248232e+01 7.269302e+00 9.430812e+00 4.625626e+00 3.698038e+00 9.596327e+00 1.324862e-01 6.742700e+00 5.059991e+00 3.441564e-01 3.073640e-01 2.390673e+00 5.907271e-01 -4.437976e-01 3.772410e-03 2.537245e+00 8.794782e-01 -3.825245e-01 -1.929484e-02 -6.223986e-01 -1.828646e+00 -7.796354e-01 1.089537e-02 -4.976155e-01 -3.341934e-01 -6.507861e-01 3.018037e-02 -7.000465e-01 -9.349513e-01 -9.382496e-01 3.731887e-01 -3.318874e-01 -5.777082e-01 -3.289977e-01 -4.192679e-01 -3.945614e-02 
-6.496663e+00 8.666631e+00 1.321271e+01 9.853934e+00 8.178585e-01 8.447012e+00 9.220820e+00 9.729488e-01 9.045131e+00 -2.611271e+00 -1.265830e-01 1.825506e+00 3.408185e-01 -4.602427e-01 1.909413e+00 -3.363603e-01 -1.632355e-01 -8.508090e-01 2.333904e-01 -1.560349e+00 -5.303732e-01 -6.889094e-01 -1.239039e+00 -6.763691e-01 -1.186667e+00 -3.655623e-02 -5.593824e-01 -9.421664e-01 -6.034743e-01 6.762851e-02 -3.443796e-01 -1.207947e+00 -1.101754e+00 2.503757e-01 -2.695310e-01 -3.792953e-02 5.003051e-01 1.301640e-01 -4.124863e-02 
-6.284614e+00 7.842652e+00 1.161393e+01 1.630769e+01 5.955096e+00 6.593386e+00 2.868686e+00 3.033591e+00 5.730018e+00 -7.069838e+00 3.843806e-01 1.774887e+00 2.313180e-01 -1.757758e+00 -1.530886e-01 -5.282217e-01 6.865276e-01 -5.555577e-01 -8.743031e-01 -9.691144e-01 -2.435564e-01 -8.754652e-01 1.358616e-01 3.274296e-01 -6.046012e-01 -6.703410e-02 -5.210541e-01 -1.140745e+00 -3.301326e-01 -4.415847e-01 -4.621328e-01 -1.047194e+00 -3.861783e-01 -2.798193e-01 -3.574490e-01 6.068987e-01 5.094891e-01 5.239570e-01 -2.803214e-02 
-8.201591e+00 9.397985e+00 9.994774e+00 1.584432e+01 4.441719e+00 5.098328e+00 1.726066e+00 1.905225e+00 6.605680e+00 -3.163779e+00 5.177089e+00 3.027163e+00 1.989931e-01 -1.533331e+00 -1.151665e+00 -6.758494e-01 -3.899543e-01 -5.530915e-01 -1.189073e+00 -1.580202e+00 -8.133497e-01 -1.177524e+00 8.587453e-01 1.367980e+00 7.549844e-01 -9.765113e-02 9.403104e-02 -1.351561e+00 -4.440088e-01 -8.786696e-01 -5.132164e-01 -6.033850e-01 4.800080e-03 -4.179051e-01 -1.629289e-01 3.476267e-01 -3.977407e-01 2.538747e-01 -2.730895e-03 
-1.163436e+01 4.818704e+00 9.176831e+00 1.292000e+01 2.679786e+00 6.733773e+00 3.527298e+00 2.013860e+00 6.438486e+00 1.088443e+00 5.727621e+00 1.435903e+00 7.990054e-02 -1.761271e+00 -1.782401e+00 -8.901917e-01 -2.538303e+00 -2.455801e+00 -1.987434e+00 -1.041574e+00 -1.640198e+00 -1.562085e+00 1.363228e+00 -3.032356e-01 8.693708e-01 -9.872129e-02 8.424668e-01 -1.159024e+00 -5.715534e-01 -9.207580e-01 -3.409931e-01 -4.311875e-01 -7.025655e-02 -4.626216e-01 2.216407e-01 -2.475960e-01 -8.764060e-01 -2.250501e-01 2.785128e-02 
-1.148835e+01 4.420236e+00 1.105209e+01 9.598494e+00 -3.098278e-01 2.431682e+00 9.904242e-01 -2.583982e+00 2.803371e+00 -2.396304e+00 4.041403e+00 5.769731e+00 -7.172771e-02 1.164026e-02 -4.033651e+00 -2.375297e+00 -2.944051e+00 -2.466750e+00 -2.226942e+00 -1.500204e+00 -1.921734e+00 -1.160182e+00 -1.145030e-01 -2.349857e+00 -6.542709e-01 -3.436313e-02 8.855861e-01 -6.883450e-01 -3.589420e-01 -1.548623e-01 4.301965e-01 -4.755798e-02 1.689167e-01 -1.128146e-01 7.707558e-01 -4.138415e-01 -5.568846e-01 -4.537825e-01 5.149651e-02 
-1.344711e+01 1.419288e+00 6.634676e+00 6.738031e+00 -3.947973e+00 -2.010797e+00 -1.971081e+00 -2.923208e+00 -1.793381e-01 -6.374535e-01 -5.637364e-01 4.750085e+00 -1.269259e-01 1.682030e+00 -4.507079e+00 -2.536213e+00 -2.640028e+00 -1.303699e+00 -2.511245e+00 -1.360395e+00 -2.002499e+00 2.238340e-01 -6.155735e-01 -2.195899e+00 -1.025221e+00 4.057182e-02 5.408191e-01 2.399131e-01 2.024101e-01 7.597677e-01 1.388543e+00 6.179683e-01 5.033777e-01 3.769151e-01 1.079099e+00 -4.388388e-01 3.367748e-01 -3.458359e-01 4.819779e-02 
-7.237487e+00 -9.070818e+00 -6.107783e-01 4.214780e+00 -4.577731e+00 -1.664169e+00 -3.025437e+00 -5.235281e+00 4.113639e+00 -2.873358e+00 -3.426350e+00 -1.901166e+00 1.305838e-01 1.173068e+00 -3.231013e+00 -1.647535e+00 -1.113378e+00 1.021911e+00 -1.164820e+00 -5.762424e-01 -1.196172e+00 1.783125e+00 -2.210872e-01 -4.702904e-01 -5.667539e-01 9.018293e-02 1.508190e-01 1.651747e+00 7.530662e-01 7.502428e-01 1.261772e+00 8.497842e-01 6.854215e-01 6.282092e-01 5.091223e-01 -1.431520e-01 7.672583e-01 2.402351e-01 3.743953e-02 
-5.349711e+00 -1.097116e+01 2.327020e+00 2.411123e+00 -1.704845e+00 -3.774690e+00 -1.266572e+00 -6.673153e+00 6.902859e+00 -1.750786e+00 -1.517941e+00 1.451243e-01 1.816185e-01 3.620072e-01 -9.842698e-01 -2.420679e-01 3.451993e-01 2.742517e+00 5.712050e-01 1.013256e+00 -1.185091e-01 2.361650e+00 -7.777815e-01 4.408931e-01 -9.036947e-01 7.999485e-02 5.332098e-01 1.975891e+00 6.814179e-01 -4.746367e-01 3.761753e-01 8.967608e-01 4.620155e-01 4.961591e-01 -7.912504e-01 2.302083e-01 3.434229e-01 4.162874e-01 3.545231e-02 
-9.671559e+00 -5.539304e+00 4.967956e+00 6.195220e+00 3.678092e+00 -2.510838e+00 -2.242934e+00 -6.689893e+00 8.177903e+00 -2.945117e+00 2.166475e+00 5.238503e+00 2.249057e-01 1.425728e+00 2.463748e+00 2.428645e-01 -6.855157e-01 1.819080e+00 4.808392e-01 7.400882e-01 2.773940e-01 3.164384e-01 -7.492302e-01 1.681261e-01 4.860613e-01 1.331236e-01 1.357551e+00 1.071497e+00 4.611665e-01 -2.170956e+00 -7.183256e-01 5.635862e-01 -1.484450e-01 2.513730e-01 -1.985078e+00 8.817832e-01 -5.262484e-01 5.323008e-01 3.675382e-02 
-1.041957e+01 -5.267649e+00 2.634859e+00 7.473979e+00 5.636748e+00 1.268779e+00 2.704034e+00 -2.788611e+00 9.596823e+00 -4.490540e+00 -1.155739e+00 -3.338147e+00 2.258719e-01 4.221767e+00 2.525019e+00 -7.441670e-02 -5.227392e+00 1.784768e-01 1.149822e+00 2.915105e-01 -2.584373e-01 -2.998970e+00 7.997088e-01 -7.981187e-01 5.297430e-01 1.963636e-01 1.352384e+00 -1.194176e-01 3.965746e-01 -2.865537e+00 -1.107572e+00 2.023977e-01 -7.550898e-01 1.250961e-01 -2.226939e+00 1.404263e+00 -8.870293e-01 8.513685e-01 2.693756e-02 
2.426471e+00 3.960755e-01 4.496724e-01 -1.744453e+00 8.468363e-01 -1.781762e+00 -1.310543e+00 -5.790411e+00 4.349299e+00 -5.250008e+00 -2.767385e+00 2.270843e+00 7.740772e-01 6.030977e+00 3.717380e-01 5.744353e-01 -9.181800e+00 -1.287619e+00 1.363783e+00 -9.575544e-01 1.306254e-01 -5.461744e+00 3.399133e+00 -2.482164e+00 1.378045e+00 2.157704e-01 4.945557e-02 -1.033611e+00 4.893091e-01 -1.651404e+00 -5.788252e-01 1.865020e-01 -5.821536e-01 5.403507e-01 -1.183099e+00 1.097072e+00 -7.548206e-01 3.661319e-01 -1.779480e-02 
9.710267e+00 -1.313734e+00 4.213776e+00 -1.975532e+01 6.031777e-01 1.609979e+00 -2.754450e-01 -8.415407e+00 -6.177501e+00 3.400110e+00 -3.041320e+00 4.277823e+00 8.888481e-01 4.821412e+00 -5.354148e-01 1.574973e+00 -9.734463e+00 -1.242044e+00 1.141709e+00 -1.913431e+00 5.802917e-01 -5.883852e+00 4.169337e+00 -2.669266e+00 2.907214e+00 1.733576e-01 -1.341308e+00 -6.786471e-01 3.404283e-01 7.933896e-01 -1.208689e-01 -5.881590e-02 -2.524084e-01 9.737124e-01 3.638914e-01 -8.710255e-02 -3.322875e-01 -1.886266e-01 -5.056725e-02 
1.041829e+01 -5.657726e+00 7.051226e+00 -2.609850e+01 -2.433013e-01 4.137684e+00 -5.540806e+00 -3.223150e+00 -1.124344e+01 1.010505e+01 -9.301860e+00 8.320862e+00 9.722779e-01 1.373166e+00 -1.174199e+00 1.864676e+00 -6.689046e+00 -3.647739e-01 1.417295e+00 -1.068212e+00 2.559807e+00 -4.156694e+00 3.051284e+00 -2.670468e+00 1.128007e+00 5.565479e-02 -1.720646e+00 1.415122e-01 -4.345579e-02 2.343010e+00 6.661411e-02 -2.283953e-01 2.590207e-01 7.709137e-01 1.360219e+00 -1.134267e+00 2.857144e-01 -8.529943e-01 -5.757410e-02 
9.691399e+00 -4.917668e+00 7.209066e+00 -2.902126e+01 -2.862050e-02 4.017558e+00 -4.748033e+00 -1.171048e+00 -1.202583e+01 8.678817e+00 -1.123462e+01 8.173045e+00 9.935701e-01 -1.559322e-01 -9.525146e-02 9.825503e-01 -2.506766e+00 -8.872099e-01 8.289245e-01 -9.151678e-01 3.395536e+00 -1.832154e+00 5.379692e-01 -2.365360e+00 -2.883882e-01 2.358369e-02 -1.066340e+00 4.729677e-01 -2.943223e-01 2.469519e+00 -1.115661e-01 -2.915294e-01 4.090619e-01 2.654387e-01 1.529006e+00 -1.242993e+00 6.043448e-01 -1.152018e+00 -4.071438e-02 
9.302342e+00 -3.673153e+00 8.275788e+00 -3.055702e+01 -6.616431e-01 4.100778e+00 -4.415197e+00 3.386141e+00 -1.350975e+01 7.367455e+00 -1.202294e+01 5.963320e+00 9.999999e-01 -8.359500e-02 8.593300e-01 6.534370e-01 -1.080687e+00 -1.131954e+00 3.782174e-01 -1.615070e-01 2.577568e+00 -6.867205e-01 -4.566642e-01 -1.205599e+00 -1.289154e+00 2.790017e-03 -1.456150e-01 4.513378e-01 -2.778757e-01 1.572392e+00 -2.333179e-01 -3.921027e-01 2.405535e-01 -5.021421e-01 1.139163e+00 -7.062847e-01 7.364165e-01 -6.501555e-01 -1.484726e-02 
9.488784e+00 -2.782349e+00 8.514115e+00 -3.006016e+01 -3.623503e+00 5.773130e+00 -5.414027e+00 5.257868e+00 -1.420531e+01 7.458924e+00 -1.350751e+01 4.014498e+00 9.929026e-01 2.179833e-01 8.126525e-01 7.090477e-01 -1.911186e-01 -1.416354e+00 2.036137e-01 -3.214201e-01 1.898449e+00 2.616553e-02 -2.917261e-01 -3.796799e-01 -1.644289e+00 -3.774890e-03 1.836987e-01 1.030252e-01 -9.062870e-02 5.218092e-01 4.352044e-02 -4.290556e-01 2.413815e-01 -8.142130e-01 7.285162e-01 -1.300478e-01 6.628758e-01 -2.435852e-01 -6.211022e-03 
1.010157e+01 -2.428638e+00 9.665506e+00 -3.098301e+01 -4.105107e+00 5.150792e+00 -6.015507e+00 6.450116e+00 -1.358764e+01 8.431820e+00 -1.419349e+01 3.954186e+00 9.865430e-01 4.581531e-01 6.284106e-01 6.120248e-01 1.483208e-02 -1.266805e+00 -2.305221e-01 -1.623446e-01 7.975044e-01 6.099104e-01 -6.536287e-02 1.871235e-02 -1.444842e+00 -4.902633e-03 1.279441e-01 -6.057000e-02 -9.462923e-02 1.036113e-01 1.779207e-01 -3.807325e-01 1.713286e-01 -7.269843e-01 5.464904e-01 -3.421020e-02 4.343035e-01 -1.063888e-01 -1.311216e-03 
1.038191e+01 -1.476603e+00 1.005958e+01 -2.976422e+01 -5.388294e+00 4.510725e+00 -5.554928e+00 6.789001e+00 -1.185616e+01 6.688061e+00 -1.204805e+01 9.561015e-01 9.814132e-01 4.917197e-01 5.352702e-01 5.500430e-01 -4.455283e-01 -6.021193e-01 -1.011880e+00 2.922644e-01 2.145103e-01 1.162170e+00 -3.077649e-01 3.367846e-01 -1.428490e+00 -3.630922e-03 1.526069e-02 8.733591e-02 -2.352034e-01 -2.665866e-04 1.328758e-01 -2.598502e-01 2.117908e-01 -5.131638e-01 4.401749e-01 -1.880002e-01 3.825578e-01 -1.443210e-01 -5.539434e-04 
1.114609e+01 -1.184123e+00 1.056341e+01 -3.063100e+01 -6.113147e+00 3.579389e+00 -5.156616e+00 6.607944e+00 -1.163489e+01 7.425971e+00 -1.265908e+01 2.681710e-01 9.812375e-01 4.192524e-01 6.950467e-01 2.597935e-01 -4.351443e-01 -6.494699e-01 -9.176304e-01 3.882625e-01 -2.154748e-01 1.477867e+00 -6.196685e-01 6.076806e-01 -1.929103e+00 -3.837275e-03 -6.966286e-02 2.295551e-01 -2.994896e-01 1.400011e-01 -8.141382e-02 -3.895558e-02 6.952517e-02 -1.034200e-01 1.953914e-01 -2.291723e-01 3.399275e-01 -1.699684e-01 -1.148111e-03 
1.142508e+01 -7.281530e-01 1.081533e+01 -3.246347e+01 -5.629911e+00 1.499261e+00 -4.382459e+00 6.251636e+00 -9.370567e+00 6.422585e+00 -1.259135e+01 -1.284856e+00 9.773901e-01 3.138691e-01 1.216118e+00 -2.908524e-01 3.271575e-02 -1.060730e+00 -7.520891e-01 4.623135e-01 -1.608716e-01 1.793059e+00 -9.545497e-01 1.238613e+00 -2.123790e+00 -7.076538e-03 -8.600877e-02 1.985827e-01 -3.028790e-01 3.337545e-01 -2.069601e-01 1.043304e-01 -8.699314e-03 1.562192e-01 -1.434998e-01 -7.931790e-02 2.157377e-01 3.542588e-02 -1.675706e-03 
1.167621e+01 6.727036e-01 1.058641e+01 -3.180930e+01 -7.231855e+00 2.068411e+00 -4.660411e+00 5.641505e+00 -7.440637e+00 5.466012e+00 -1.088307e+01 -4.570767e+00 9.693792e-01 1.985980e-01 1.435877e+00 -4.649657e-01 4.757694e-01 -1.444567e+00 -5.552176e-01 1.001843e-01 4.680851e-01 1.271611e+00 -8.877782e-01 1.267213e+00 -1.947067e+00 -8.919319e-03 -7.003863e-02 -4.198656e-02 -2.155897e-01 3.162515e-01 8.553538e-03 5.514716e-02 1.397940e-01 2.230840e-01 -4.388906e-01 1.635631e-01 7.795186e-03 3.944579e-01 -1.580839e-03 
1.168610e+01 3.675827e+00 8.593557e+00 -2.901036e+01 -1.013249e+01 1.505412e+00 -3.491472e+00 6.467880e+00 -4.988286e+00 2.895338e+00 -6.742857e+00 -7.243330e+00 9.519694e-01 1.719269e-01 1.157744e+00 -6.020356e-01 7.676771e-01 -1.239282e+00 -6.713899e-01 3.928698e-01 6.539760e-01 5.479496e-01 -5.703009e-01 1.085591e+00 -1.242324e+00 -9.466395e-03 -4.899563e-02 -3.607992e-01 -8.832284e-02 9.677292e-02 3.664237e-01 3.506243e-02 3.542004e-01 1.860570e-02 -6.444147e-01 3.714131e-01 -1.950756e-01 5.751593e-01 -6.920833e-04 
1.200866e+01 3.793316e+00 9.349305e+00 -2.997838e+01 -1.108468e+01 7.998545e-01 -5.101411e+00 8.840078e+00 -7.467924e+00 4.750585e+00 -9.247072e+00 -6.488088e+00 9.493694e-01 1.400518e-01 5.143458e-01 -6.626521e-01 7.788303e-01 -5.173812e-01 -6.822649e-01 1.121987e+00 4.925666e-01 -9.422028e-02 6.072371e-03 7.231489e-01 -3.974774e-01 -1.054615e-02 -4.716376e-02 -4.698627e-01 -9.221224e-02 2.619133e-02 5.268145e-01 2.694626e-02 6.248362e-01 -3.174504e-01 -5.248027e-01 2.948641e-01 -1.379410e-02 3.965823e-01 3.181688e-04 
1.211828e+01 3.500214e+00 8.423697e+00 -2.954071e+01 -9.900264e+00 -1.223467e+00 -2.197358e+00 7.921808e+00 -6.617564e+00 3.928905e+00 -7.981268e+00 -6.537629e+00 9.400584e-01 9.802853e-02 -1.270136e-01 -6.337091e-01 3.651983e-01 3.079020e-01 -5.132713e-01 1.722352e+00 -8.010688e-02 -7.461557e-01 4.555002e-01 5.352457e-01 -2.276613e-02 -9.720737e-03 -4.890168e-02 -3.965444e-01 -1.152708e-01 1.404895e-01 3.118721e-01 9.438157e-02 4.917502e-01 -2.881117e-01 -5.204469e-01 2.305110e-01 1.282840e-01 1.828750e-01 1.759484e-03 
1.216006e+01 3.332062e+00 7.358020e+00 -2.765061e+01 -9.935363e+00 2.157042e-02 3.026053e-01 7.376926e+00 -7.096822e+00 4.979719e+00 -6.648121e+00 -6.910808e+00 9.225784e-01 -3.291957e-04 -2.710163e-01 -9.102152e-01 8.078673e-01 4.159208e-01 -4.996344e-01 2.559530e+00 -7.521461e-01 -7.054098e-01 7.364010e-02 1.473559e+00 -5.738934e-01 -7.201310e-03 -1.761901e-02 -2.821496e-01 -1.666665e-01 2.702555e-01 5.963704e-02 7.268857e-02 1.673688e-01 -7.775523e-02 -4.273707e-01 3.372344e-03 2.516513e-01 6.427529e-02 3.778324e-03 
1.210076e+01 3.271452e+00 6.420392e+00 -2.834839e+01 -9.167655e+00 -6.716850e-01 2.418379e+00 6.798567e+00 -8.904208e+00 5.058252e+00 -5.365956e+00 -7.145862e+00 9.167458e-01 -2.410841e-03 -4.322951e-01 -1.054657e+00 1.455526e+00 -1.466647e-01 -2.907659e-01 2.132899e+00 -1.642318e-01 -1.748810e+00 5.485480e-01 1.351676e+00 -2.397931e-01 -2.344815e-03 3.729008e-02 -2.239621e-01 -2.372314e-01 3.313936e-01 -2.698459e-02 7.556850e-02 -1.691801e-01 1.474018e-01 -2.984166e-01 -1.284044e-01 2.813280e-01 9.072315e-02 4.462366e-03 
1.201585e+01 2.552531e+00 5.800009e+00 -2.653461e+01 -9.370908e+00 -1.974253e+00 5.388549e+00 5.640822e+00 -9.851313e+00 4.554096e+00 -3.186657e+00 -9.053490e+00 9.250203e-01 1.021918e-01 -7.438003e-01 -1.285565e+00 1.584942e+00 7.915596e-03 -4.301555e-01 1.753597e+00 1.457463e-01 -1.729784e+00 -2.373023e-02 1.572990e+00 3.235428e-02 4.656792e-03 7.721543e-02 -2.228958e-01 -2.727361e-01 2.241780e-01 2.013407e-01 5.914914e-02 -5.249161e-01 2.008832e-01 -1.314068e-01 -1.183276e-01 2.306789e-01 3.736444e-01 3.507037e-03 
1.217848e+01 1.728552e+00 3.929456e+00 -2.282061e+01 -1.091571e+01 -1.679728e+00 5.924233e+00 7.968609e+00 -1.398454e+01 6.884549e+00 -2.953433e+00 -6.665253e+00 9.271284e-01 2.333355e-01 -1.010559e+00 -1.632153e+00 1.633593e+00 3.769551e-01 -1.701919e-01 1.279470e+00 2.079099e-01 -1.726079e+00 -1.377081e-01 1.891998e+00 1.277786e-01 6.657937e-03 6.039981e-02 -2.161428e-01 -2.578731e-01 7.992127e-02 4.577375e-01 -8.503450e-02 -4.964414e-01 -4.238090e-02 1.686263e-01 -2.109217e-01 3.251920e-01 3.226576e-01 8.757215e-04 
1.263223e+01 3.842645e-01 2.175975e+00 -2.248962e+01 -9.021542e+00 -1.625092e+00 7.317844e+00 7.520748e+00 -1.320562e+01 3.948307e+00 1.038419e-02 -6.989429e+00 9.406733e-01 2.678127e-01 -1.096296e+00 -1.985112e+00 1.839736e+00 1.160806e+00 -2.641827e-01 3.616243e-01 6.606166e-02 -1.373677e+00 -1.749045e-01 2.356677e+00 1.110580e+00 5.837324e-03 -6.624790e-04 -1.605449e-01 -2.060884e-01 1.892535e-01 4.319510e-01 -1.689640e-01 -5.038931e-01 -1.196376e-01 1.231772e-01 4.519320e-02 1.336984e-01 2.892514e-01 -3.048783e-03 
1.295929e+01 -6.970712e-01 7.179863e-02 -2.220225e+01 -7.457555e+00 -1.697095e+00 7.850960e+00 6.898661e+00 -1.585791e+01 4.672667e+00 2.495577e+00 -7.538965e+00 9.422193e-01 2.166823e-01 -1.336873e+00 -1.994214e+00 1.727627e+00 1.565655e+00 -7.990414e-01 3.466298e-01 -3.363218e-01 -1.083741e+00 -4.305016e-01 2.585743e+00 8.343639e-01 1.446323e-03 -2.738897e-02 -8.661728e-02 -5.295705e-02 3.112042e-01 2.415302e-01 -2.214386e-01 -3.482361e-01 -3.424586e-02 1.195091e-01 3.866274e-02 -6.841842e-02 1.876781e-01 -6.580505e-03 
1.296468e+01 -1.716243e+00 -2.197012e+00 -1.764483e+01 -5.296054e+00 -3.286227e+00 6.233318e+00 6.506141e+00 -1.578299e+01 4.785694e+00 5.871817e+00 -3.063782e+00 9.466463e-01 1.070056e-01 -1.383335e+00 -2.134924e+00 2.484125e+00 1.573349e+00 -9.605261e-01 -2.993891e-01 -1.803127e-01 -1.435133e+00 3.486885e-01 1.894670e+00 1.125320e+00 -7.983532e-03 -6.298998e-03 -1.519340e-03 1.370403e-01 2.354938e-01 4.082754e-02 -1.593891e-01 -1.503530e-01 1.007434e-01 2.033006e-01 -1.137433e-01 -3.433220e-01 -1.038949e-01 -9.592953e-03 
1.309586e+01 -3.905334e+00 -3.855371e+00 -1.660438e+01 -4.949953e+00 -4.843881e+00 8.199844e+00 6.794467e+00 -1.811429e+01 4.312951e+00 7.044408e+00 -4.456336e+00 9.313799e-01 1.767407e-01 -1.300282e+00 -1.821921e+00 2.867567e+00 1.378422e+00 -9.293684e-01 -1.311829e-01 1.599071e-01 -1.097884e+00 -2.061859e-01 1.781073e+00 1.058838e+00 -1.932815e-02 4.273872e-02 1.678134e-01 1.934644e-01 8.244494e-02 8.734128e-02 -6.307969e-02 -2.191459e-01 1.751135e-01 6.040898e-01 -2.310753e-01 -5.459186e-01 -1.296346e-01 -9.449821e-03 
1.309901e+01 -4.928236e+00 -6.534982e+00 -1.286778e+01 -2.408884e+00 -4.854374e+00 5.646602e+00 6.671143e+00 -1.925340e+01 5.871617e+00 7.209149e+00 -2.904387e+00 9.061700e-01 2.562336e-01 -1.122371e+00 -1.385955e+00 2.447589e+00 1.458623e+00 -9.958266e-01 -1.511197e-01 3.216766e-01 -3.501453e-01 -8.557006e-01 1.042424e+00 4.787682e-01 -3.174293e-02 4.039017e-02 3.658336e-01 1.126482e-01 -2.470986e-01 2.163965e-01 -1.228851e-01 -1.674162e-01 9.710175e-04 1.165986e+00 -3.066296e-01 -6.481079e-01 -2.760985e-01 -5.546952e-03 
1.377604e+01 -5.592454e+00 -6.868431e+00 -1.025342e+01 -2.009316e+00 -5.559932e+00 7.488595e+00 7.615376e+00 -1.961209e+01 3.098602e+00 1.073187e+01 -2.324694e+00 8.658166e-01 3.557622e-01 -6.281260e-01 -1.401337e+00 2.158373e+00 2.059680e+00 -1.096722e+00 -8.231905e-01 2.881946e-01 1.394354e+00 -9.837835e-01 2.823916e-01 5.094759e-01 -3.391683e-02 -2.513436e-02 4.637775e-01 -2.263133e-01 -3.715730e-01 4.457827e-01 -2.576435e-01 -2.570882e-01 -2.317438e-01 1.423951e+00 -9.536292e-02 -8.134201e-01 -1.947844e-01 6.327283e-04 
1.390543e+01 -6.484501e+00 -7.619997e+00 -8.582930e+00 5.268558e-01 -7.907448e+00 5.833080e+00 7.703856e+00 -1.678418e+01 1.114621e+00 9.240067e+00 -1.735847e+00 8.207199e-01 2.194145e-01 1.098076e-01 -1.781965e+00 1.603402e+00 2.314585e+00 -1.491156e+00 -7.904372e-01 -2.398362e-01 3.148451e+00 -7.956403e-01 -5.965838e-01 1.945703e-02 -2.842688e-02 -2.621470e-02 4.298602e-01 -5.404660e-01 -1.795292e-01 3.368018e-01 -2.474328e-01 -1.042030e-01 -3.484161e-01 1.279752e+00 4.268481e-02 -9.005312e-01 1.445733e-01 5.610758e-03 
1.447149e+01 -6.267861e+00 -1.031947e+01 -7.954453e+00 3.880529e+00 -8.801154e+00 3.990444e+00 7.718545e+00 -1.237709e+01 1.772766e+00 7.440852e+00 -2.492975e+00 8.045048e-01 6.940591e-02 4.026417e-01 -2.755471e+00 1.431873e+00 3.179229e+00 -1.969913e+00 -1.096944e+00 -7.181841e-01 4.272670e+00 -7.129439e-01 -1.466605e+00 3.144817e-01 -1.782129e-02 2.141389e-02 3.414111e-01 -4.419529e-01 5.614984e-02 -1.275195e-01 1.249388e-01 -9.905525e-02 -2.546793e-01 8.973027e-01 -5.964004e-02 -8.733218e-01 3.249360e-01 4.731989e-03 
1.384837e+01 -4.041472e+00 -1.371929e+01 -6.000492e+00 6.219162e+00 -1.068952e+01 3.443527e+00 5.420478e+00 -7.128574e+00 2.556256e+00 5.871817e+00 -2.722644e+00 7.946843e-01 2.682030e-01 5.114486e-01 -3.411331e+00 1.913194e+00 2.582807e+00 -1.796432e+00 -5.352798e-01 -9.171557e-01 4.609581e+00 -7.776678e-01 -2.585738e+00 1.299126e+00 -1.174108e-02 8.623385e-02 2.510834e-01 3.461009e-02 1.855087e-01 -5.536507e-01 7.339885e-01 -2.423288e-01 -1.701798e-01 4.006863e-01 -1.118837e-01 -5.588036e-01 3.043689e-01 -1.738951e-03 
1.415162e+01 -4.800801e+00 -1.759681e+01 -4.385300e+00 1.104050e+01 -1.401866e+01 3.198634e+00 5.166314e+00 -3.077210e+00 -1.186882e+00 5.083114e+00 -2.587488e-01 7.897126e-01 4.383775e-01 8.781083e-01 -2.796428e+00 2.284136e+00 1.287864e+00 -3.194206e-01 -1.446006e+00 -6.464199e-01 5.150223e+00 -1.290910e+00 -3.089576e+00 1.494350e+00 -1.859872e-02 3.301572e-02 2.949525e-01 6.474689e-01 2.295510e-01 -8.502370e-01 1.182772e+00 -2.794791e-01 -2.748857e-01 -1.317507e-01 8.044034e-02 -8.815720e-02 -1.828382e-01 -9.231793e-03 
1.540684e+01 -4.660622e+00 -2.103843e+01 -8.021278e-01 9.860980e+00 -1.428098e+01 3.552333e+00 4.394257e+00 1.613165e+00 -1.294366e+00 -2.510192e+00 3.642665e+00 7.694042e-01 4.660894e-01 1.127484e+00 -1.588465e+00 2.104722e+00 4.920765e-01 1.353513e+00 -1.827653e+00 -1.126688e+00 4.713299e+00 -1.066253e+00 -2.578923e+00 9.514372e-01 -3.672899e-02 -1.628533e-01 3.002331e-01 1.116503e+00 7.243164e-02 -6.580210e-01 1.161902e+00 -2.786152e-01 -4.473487e-01 -6.434404e-01 2.520053e-01 4.890649e-01 -6.650883e-01 -1.166672e-02 
1.588440e+01 -1.567983e+00 -2.064227e+01 8.660213e-01 8.499431e+00 -8.602512e+00 -3.294081e+00 4.999946e+00 9.002960e+00 -2.756635e+00 -3.816325e+00 1.795888e+00 7.241493e-01 1.354982e-01 1.569364e+00 -4.296516e-01 2.483933e+00 -2.670960e-02 2.369028e+00 -1.848092e+00 -1.987858e+00 3.561972e+00 -1.664870e-01 -1.910703e+00 -4.258053e-01 -5.148564e-02 -3.169182e-01 6.403045e-02 1.086583e+00 -3.038791e-02 -1.771750e-01 5.636984e-01 1.329183e-01 -4.819883e-01 -1.097187e+00 3.576603e-01 5.628797e-01 -5.633610e-01 -6.217679e-03 
1.531205e+01 -2.073132e-02 -2.013844e+01 1.897906e+00 9.950363e+00 -6.629846e+00 -2.448349e+00 -1.297952e-01 1.039757e+01 -1.990084e+00 -2.573349e+00 1.007259e+00 6.438115e-01 -3.945407e-01 1.666904e+00 9.877383e-01 2.175488e+00 -4.999036e-02 2.668866e+00 -1.727382e+00 -2.483247e+00 2.186543e+00 -7.980917e-02 -7.299603e-01 -1.066292e+00 -5.363075e-02 -3.017935e-01 -1.609510e-01 6.454409e-01 -1.205077e-01 2.352876e-01 6.861532e-03 9.350010e-02 9.544251e-02 -1.082687e+00 2.085410e-01 4.717250e-01 -1.482005e-01 4.766940e-03 
1.487627e+01 7.261642e-01 -2.019436e+01 6.685074e+00 1.086255e+01 -5.998825e+00 -3.041485e+00 -2.510875e+00 1.034052e+01 -1.671329e+00 -4.439146e+00 -1.069995e+00 5.950958e-01 -7.157646e-01 9.284341e-01 1.348343e+00 2.096838e+00 6.730943e-01 1.841333e+00 -8.314835e-01 -2.378121e+00 9.276279e-01 4.138615e-03 -1.199718e+00 -3.136453e-01 -4.124476e-02 -1.567941e-01 -6.495534e-01 1.022857e-01 -1.428951e-01 3.400251e-01 -4.592014e-01 1.568213e-01 8.712634e-01 -8.996865e-01 4.514994e-02 6.604085e-01 2.533821e-01 1.351802e-02 
1.393822e+01 2.527043e+00 -1.632311e+01 7.166360e+00 8.429231e+00 -2.238746e+00 -5.210537e+00 -4.266794e+00 1.187751e+01 -2.235848e+00 -5.848766e+00 -2.557870e-01 5.657926e-01 -6.172768e-01 6.432186e-01 7.498228e-01 1.695705e+00 1.318642e+00 1.651711e+00 -1.868364e+00 -4.542887e-01 6.169820e-01 -1.087018e-01 -5.757353e-01 1.542640e-01 -1.801805e-02 -2.024638e-03 -1.125005e+00 -4.610110e-01 3.091305e-02 2.390821e-01 -8.155650e-01 3.164381e-01 1.272662e+00 -7.598429e-01 1.207475e-01 7.286717e-01 2.463622e-01 1.497099e-02 
1.299254e+01 1.800351e+00 -1.580778e+01 8.716135e+00 1.262530e+01 -1.591804e+00 -6.070391e+00 -4.822265e+00 1.290102e+01 -2.612811e+00 -8.176826e+00 8.589028e-01 5.569384e-01 -5.370033e-01 -1.166580e+00 2.008152e-01 2.009343e+00 9.891602e-01 5.815621e-01 -9.935747e-01 1.354097e+00 -1.514667e-01 7.386760e-02 1.313988e+00 2.308031e-01 -1.696962e-03 -1.272023e-01 -9.843600e-01 -2.393706e-01 -3.519104e-02 -1.258059e-01 -5.432056e-01 4.611516e-01 9.549756e-01 -6.924430e-01 6.175719e-02 7.037241e-01 -1.252626e-01 7.384941e-03 
1.316730e+01 2.658209e+00 -1.858304e+01 9.360966e+00 1.566226e+01 -5.747160e-01 -1.027562e+01 -1.245862e+00 1.220248e+01 -2.063074e+00 -3.583101e+00 8.139382e-01 5.728022e-01 -4.939393e-01 -2.910601e+00 -7.434742e-01 2.373746e+00 9.872859e-01 -7.790176e-01 -6.416851e-02 2.014135e+00 -1.072965e+00 4.890565e-01 1.656384e+00 -1.067518e-01 1.455920e-03 -4.148996e-01 -4.483851e-01 3.788778e-01 -2.317123e-01 -3.807338e-01 -2.187831e-01 5.759864e-01 1.550913e-02 -5.796511e-01 1.173309e-01 2.136130e-01 -4.545215e-01 -8.214884e-03 
1.257652e+01 -5.172539e+00 -1.806039e+01 1.563483e+01 1.219145e+01 -3.923400e+00 -5.476935e+00 2.749023e+00 9.420698e+00 -1.388607e+00 9.980695e-01 -4.507231e-01 5.830969e-01 -1.413376e+00 -2.216448e+00 8.981786e-01 1.582057e+00 2.096493e-01 3.406729e-01 5.721334e-01 1.162446e+00 -1.689543e+00 1.403490e-02 1.203064e+00 -8.094987e-01 -1.405415e-02 -5.676023e-01 6.364614e-01 7.743746e-01 -8.237999e-01 -5.984507e-01 1.371317e-01 -9.196357e-02 -1.052596e+00 -1.762828e-01 -9.472323e-03 -1.198900e-01 -4.280120e-01 -2.165606e-02 
1.167621e+01 -8.539630e+00 -1.891440e+01 1.557564e+01 1.358279e+01 -4.967987e+00 -5.828066e+00 2.018301e+00 8.253314e+00 -4.027759e-01 -2.154077e+00 -1.346251e-01 5.599952e-01 -2.253710e+00 -1.073655e+00 2.295454e+00 7.509472e-01 -1.953965e-01 6.782286e-01 2.287682e-01 -2.809986e-01 -1.512247e+00 5.077116e-01 5.476745e-01 -1.598227e+00 -5.291571e-02 -4.979913e-01 1.085663e+00 7.827091e-01 -9.884089e-01 -9.310647e-01 -5.754424e-02 -3.937740e-01 -1.504432e+00 -9.197553e-02 -3.437364e-01 2.842495e-02 -3.510832e-04 -2.580525e-02 
6.671046e+00 -3.683099e+00 -1.115152e+01 1.351888e+01 1.471334e+01 2.307938e+00 -5.433605e+00 -6.418812e-01 6.427571e+00 -3.372587e+00 -2.876198e+00 -2.714028e+00 4.930792e-01 -2.495181e+00 1.097224e+00 2.553302e+00 -1.298176e+00 -1.411816e+00 5.384938e-01 -1.599804e+00 -2.761423e+00 -8.133361e-01 1.721991e-02 1.268817e+00 -1.163482e+00 -8.279371e-02 -6.581124e-02 6.085862e-01 1.332620e-01 -6.057866e-01 -9.652156e-01 -6.351017e-01 -3.010422e-01 -1.100252e+00 -3.353262e-01 -4.801839e-01 6.769689e-02 4.071430e-01 -1.824584e-02 
4.851557e+00 -3.455270e+00 -1.056041e+01 1.417305e+01 1.342444e+01 -2.993678e-01 -9.153541e+00 -9.551452e-01 6.137833e+00 1.467870e+00 1.092805e+00 -6.045443e+00 3.532390e-01 -2.443140e+00 8.608323e-01 2.342509e+00 -1.128185e+00 -2.857196e+00 -1.165683e+00 -9.470834e-01 -3.546029e+00 -1.971060e+00 -1.231304e+00 1.765571e+00 6.858942e-02 -9.319774e-02 2.866591e-01 8.337551e-02 -3.101577e-01 -2.540184e-01 -6.108952e-01 -3.677168e-01 3.594562e-01 1.372467e-02 -3.360139e-01 -6.136474e-01 -3.394154e-01 4.138550e-01 -1.699007e-03 
3.513222e+00 -2.228471e+00 -9.471212e+00 9.844588e+00 5.211468e+00 -3.564832e+00 -1.181302e+01 -9.571444e+00 6.411695e+00 -2.238004e+00 5.718870e+00 -3.312568e+00 2.725146e-01 -1.647821e+00 -1.407486e-01 1.541024e+00 -5.072559e-01 -3.285523e+00 -1.912863e+00 -3.451265e-01 -2.706220e+00 -3.137035e+00 -1.517387e+00 9.324351e-01 3.928632e-01 -8.514038e-02 2.698904e-01 -1.087042e-01 -4.325350e-01 2.688715e-01 2.600949e-01 2.204628e-01 1.207110e+00 1.433946e+00 4.643516e-02 1.163272e-02 -1.229716e+00 8.696688e-02 9.583529e-03 
1.039166e+00 -4.962737e+00 -8.042295e+00 1.177207e+01 4.047457e+00 -7.860049e+00 -7.373492e+00 -1.124708e+01 -1.593793e+00 -7.126505e+00 2.376111e+00 5.078024e-01 2.042810e-01 -1.244112e+00 -3.795082e-02 1.250774e+00 -9.145421e-01 -2.312959e+00 6.525990e-02 1.398756e+00 -2.398362e-01 -2.030664e+00 -1.793231e+00 -9.812106e-01 -3.071199e-01 -6.023404e-02 3.747797e-02 3.816753e-01 -4.482038e-01 2.796989e-01 8.255633e-01 6.754922e-01 1.257364e+00 1.716626e+00 8.121357e-01 1.137812e+00 -1.167279e+00 -1.653500e-01 1.297212e-02 
3.383262e-01 -3.632747e+00 -4.705194e+00 1.218327e+01 2.974054e+00 -3.476185e+00 -8.049114e+00 -9.027246e+00 -5.391637e+00 -6.662385e+00 1.144548e+00 -4.026346e+00 1.418624e-01 -1.745138e+00 1.003118e+00 9.364963e-01 -6.054857e-02 -3.834182e-01 1.025365e+00 3.262846e+00 2.755059e+00 -5.513496e-01 3.564236e-01 -3.506410e+00 -5.408058e-01 -5.136086e-02 -1.629942e-01 4.886570e-01 -2.233963e-01 2.686273e-01 6.344897e-01 4.396743e-01 9.732286e-01 1.007617e+00 9.210302e-01 1.499322e+00 1.348379e-02 1.738345e-02 8.957738e-03 
2.188239e-01 -2.943042e+00 -6.689685e+00 8.431880e+00 2.978543e+00 -1.750661e-02 -4.041598e+00 -2.426496e+00 1.886034e+00 -5.286041e+00 -1.526311e+00 -7.224483e+00 1.173904e-01 -2.207133e+00 2.197203e+00 4.036895e-01 4.713807e-02 -1.804021e-01 7.426153e-01 3.535762e+00 2.306473e+00 7.968031e-01 3.520959e+00 -1.851365e+00 -2.913054e-01 -4.522786e-02 -1.091185e-01 -4.122495e-02 1.010685e-02 4.048245e-01 -9.659199e-02 -2.143323e-01 7.251304e-02 -2.981362e-01 2.384334e-01 1.072334e+00 1.511026e+00 4.171495e-01 1.072113e-03 
-4.802516e+00 1.777040e+00 -5.464601e+00 1.121213e+01 3.829103e+00 -2.359234e+00 2.834986e+00 -2.066594e-01 1.914809e+00 -1.376288e+00 -9.861903e+00 -2.150760e+00 5.915289e-02 -1.981275e+00 1.185107e+00 8.474828e-01 3.551988e-01 -1.179403e+00 -5.332907e-02 3.452413e+00 1.058640e+00 5.428362e-02 3.322237e+00 1.434936e+00 4.718589e-01 -4.785286e-02 2.785331e-01 -6.459484e-01 2.198846e-01 2.911776e-01 -4.707828e-01 -2.150803e-01 -7.501940e-01 -1.043411e+00 -1.962850e-01 -1.663762e-01 2.347114e+00 4.107453e-01 -8.568526e-04 
-7.425725e+00 3.318697e+00 -5.643868e+00 1.249322e+01 2.717743e+00 -4.704941e+00 4.863137e+00 -4.125363e+00 -1.262877e+00 7.835579e+00 -1.377550e+00 -1.886627e+00 1.950222e-02 -1.671630e+00 -3.350772e-01 1.345795e+00 9.015162e-01 -2.397993e+00 -4.671822e-01 1.666646e+00 -8.823537e-01 -1.141324e+00 2.085543e+00 4.103402e+00 1.272256e+00 -5.663006e-02 5.172867e-01 -7.099749e-01 3.538745e-01 1.789146e-01 -2.532699e-01 -1.061665e-01 -8.868799e-01 -6.262672e-01 -9.827995e-02 -1.305140e+00 1.191505e+00 3.127743e-01 2.305386e-03 
-5.745506e+00 -8.381825e-01 -9.907427e-01 1.192861e+01 -2.792942e+00 -1.398952e+00 4.760429e+00 -2.884947e+00 -3.545552e+00 3.387791e+00 8.244773e+00 -4.335982e+00 -4.845029e-02 -6.201390e-01 -9.603409e-01 1.564870e+00 9.680512e-01 -1.628643e+00 5.548925e-01 4.463975e-01 -8.677129e-01 -5.636407e-01 2.422182e-01 5.251803e+00 7.311859e-01 -4.994518e-02 4.627533e-01 -9.834617e-02 1.555150e-01 -8.651712e-03 3.326809e-01 2.879729e-01 -6.907967e-01 -1.733289e-01 2.935685e-01 -1.197712e+00 -7.159600e-01 5.436119e-02 8.927780e-03 
-7.667426e+00 -3.311050e+00 -2.197535e+00 1.258123e+01 -5.700520e+00 -2.833585e+00 3.328944e+00 -5.499352e+00 -1.089729e+00 2.759828e+00 9.937078e+00 2.293992e-01 -1.119581e-01 -3.012570e-01 -2.799226e-01 1.814344e+00 6.353764e-01 -1.222216e+00 -9.216826e-02 6.043840e-01 1.383059e-01 6.146249e-01 -1.464720e+00 2.197775e+00 1.142900e+00 -3.265472e-02 2.759967e-01 2.985068e-01 -2.081391e-02 -5.201443e-01 9.884430e-01 6.551456e-01 -4.595791e-01 2.599804e-01 3.568992e-01 -6.994515e-01 -2.062309e+00 -2.008499e-01 1.576321e-02 
-7.782435e+00 2.897758e-01 6.362574e-01 1.600864e+01 -1.049424e-01 -5.204424e-01 5.834043e+00 -3.857876e+00 -9.900079e-01 2.373011e+00 1.073986e+01 4.469522e-01 -1.248354e-01 -3.525175e-01 6.657525e-01 1.390847e+00 4.450018e-01 -1.039504e-01 1.199105e+00 5.295792e-01 -3.183208e-01 6.440899e-01 -8.910769e-01 -1.192101e+00 8.083391e-01 -1.520109e-02 -8.483449e-02 -2.172756e-02 -2.789036e-01 -1.158472e+00 1.100484e+00 6.931458e-01 -6.037526e-01 1.843507e-01 3.658974e-01 1.972100e-01 -2.144417e+00 1.004525e-01 1.385754e-02 
-7.913618e+00 1.354949e+00 2.614476e+00 1.362947e+01 -4.737313e+00 -5.605160e+00 7.348336e+00 -2.947122e+00 5.321065e-01 1.019457e+00 8.363858e+00 1.436441e+00 -1.055634e-01 -4.255052e-01 3.443754e-01 1.328775e+00 -1.437592e+00 1.781989e+00 2.486322e+00 -6.729107e-01 1.429861e-01 3.929853e-02 -8.450080e-01 -2.986135e+00 2.294213e-01 4.815156e-03 -1.829099e-01 -2.229466e-01 -5.242139e-01 -1.008354e+00 8.850111e-01 7.654433e-01 -6.199158e-01 8.305625e-02 8.030709e-02 6.757928e-01 -8.829856e-01 -6.069777e-02 6.775794e-03 
-7.385293e+00 1.573674e-01 3.557331e+00 1.363024e+01 -3.794513e+00 5.982626e+00 5.398820e+00 -5.752492e+00 -1.135869e+00 -1.976639e-01 3.070839e+00 -8.979453e-01 -1.276287e-01 -9.823453e-01 -1.381297e+00 4.131552e-01 -3.787853e+00 2.371801e+00 2.731354e+00 -1.933787e+00 5.190083e-02 1.553466e+00 9.183505e-01 -2.878284e+00 1.690112e+00 6.161114e-04 -1.034820e-01 -3.431962e-02 -5.929452e-01 -2.847096e-01 -5.252634e-02 -1.605112e-01 -2.359931e-01 1.268805e-01 -2.055124e-01 2.066381e-01 4.258049e-01 -2.619047e-01 -6.962155e-05 
-9.993676e+00 -1.522915e+00 2.985555e+00 6.582274e+00 5.054335e+00 6.346622e+00 1.822451e-01 -3.837038e+00 -8.203328e-01 -1.798013e-01 -1.159163e+00 2.048982e+00 -8.648472e-02 -9.009009e-01 -3.711315e-01 -3.178841e-01 -2.290047e+00 1.964979e+00 2.968877e+00 -1.263475e+00 3.684793e-01 5.612510e-01 1.009351e+00 -1.373856e+00 3.984674e-01 -6.678229e-03 1.500205e-01 5.169383e-01 -4.394526e-01 8.945810e-01 -1.099983e+00 -7.222851e-01 4.963580e-01 4.190866e-02 -3.996313e-01 -6.546465e-01 9.938430e-01 -6.202593e-01 -4.996057e-03 
-1.165458e+01 -5.177823e+00 2.516741e+00 5.926691e-01 6.858306e+00 7.160364e+00 -2.516939e-01 -3.153459e+00 7.454055e+00 7.564252e+00 1.109545e+00 8.591457e+00 -1.313003e-01 -6.323687e-01 8.518187e-01 -7.505735e-01 -5.522535e-01 -4.580942e-01 1.553668e-01 -3.550948e-01 2.033497e-01 -6.444592e-01 -7.850616e-01 1.307059e-01 -5.857927e-01 -9.797519e-03 4.046972e-01 8.885056e-01 2.105788e-03 1.578986e+00 -1.285344e+00 -8.345651e-01 5.786503e-01 -6.773075e-02 -4.431318e-01 -1.268293e+00 7.528654e-01 -9.207304e-01 -2.033538e-03 
-1.028345e+01 2.166806e+00 1.545663e+00 8.698223e+00 -2.388118e-01 8.650357e+00 3.856283e+00 -2.404632e+00 -9.562714e-01 2.185453e+00 2.475032e+00 -1.316089e+00 -1.371329e-01 1.495492e-01 1.812409e+00 -2.865746e-01 1.417451e+00 -2.302996e+00 1.629620e-01 1.019538e+00 2.766740e-01 -8.598067e-01 -3.266526e+00 4.784470e-01 -1.733955e+00 -1.496114e-02 3.304830e-01 1.972626e-01 1.416798e-01 7.927383e-01 -6.985776e-01 -9.447880e-01 -1.207623e-01 -1.704947e-01 3.440611e-01 -5.825088e-01 2.068022e-02 -2.789311e-01 1.208589e-03 
-1.040205e+01 2.571801e+00 5.249336e-01 9.810323e+00 -3.438209e+00 5.607052e+00 1.786407e+00 -5.451868e+00 -4.289742e+00 -5.305136e+00 1.907379e+00 -2.144298e+00 -1.512926e-01 5.159188e-01 1.969503e+00 4.080583e-01 2.253176e+00 -1.920935e+00 -3.857018e-02 -1.819463e-01 -2.409163e-01 4.839060e-02 -3.285181e+00 -4.022457e-02 -1.847344e+00 -5.416116e-03 1.323124e-01 -4.239626e-01 5.600180e-02 -1.899065e-02 1.144743e-01 -5.516958e-01 -4.164530e-01 -1.328111e-01 7.956869e-01 6.361343e-01 -3.240630e-01 3.692416e-01 3.172505e-03 
-9.871927e+00 3.664326e+00 2.548623e+00 9.060356e+00 -1.312216e+00 7.937925e+00 4.261014e+00 -1.304621e+00 7.528825e-01 -1.007784e+01 8.340893e-01 -1.253084e+00 -1.512926e-01 1.772612e-01 5.636990e-02 -1.887326e-01 2.707801e-01 -7.964544e-01 -1.658164e+00 -1.953891e+00 -2.617975e-01 1.935165e+00 -6.529974e-01 -1.184884e+00 -3.653878e-01 -2.829505e-03 -1.330737e-01 -6.515336e-01 -1.471084e-01 -5.746070e-01 5.341588e-01 -3.412737e-01 -3.071619e-01 -2.468067e-01 4.626989e-01 1.529077e+00 4.103583e-02 8.657162e-01 3.533666e-03 
-9.280705e+00 3.921062e+00 4.055414e+00 1.167706e+01 -2.209712e+00 7.323909e+00 -1.363823e+00 -4.907670e+00 6.841340e+00 -2.730150e+00 1.728941e+00 -6.766228e-01 -1.512926e-01 1.528314e-02 -3.899098e-01 -5.194842e-01 -7.381710e-02 -6.390134e-01 -1.692602e+00 -9.506016e-01 -1.914734e-01 1.936512e+00 1.088976e+00 -6.577926e-01 5.761885e-01 1.851141e-06 -2.730942e-01 -5.305381e-01 -2.679021e-01 -7.414954e-01 4.731605e-01 9.071620e-02 3.273456e-01 -1.506557e-01 -2.585842e-01 1.030297e+00 5.127103e-01 8.153760e-01 1.366701e-03 
-9.957735e+00 1.773932e+00 -1.163216e+00 9.119543e+00 -4.835674e+00 -4.987330e-01 -4.338166e+00 -3.985642e+00 3.154132e+00 -2.367046e+00 -3.360149e+00 -3.876644e+00 -1.512926e-01 -2.654787e-01 -2.656511e-01 -5.583479e-01 -2.920749e-01 -2.731305e-01 -7.164434e-01 -1.319368e-01 -9.820796e-01 5.097292e-01 2.191786e+00 9.923075e-01 1.382881e+00 1.851141e-06 -1.745491e-01 3.128094e-02 1.855745e-01 -1.566533e-01 4.569215e-01 6.474035e-01 6.044611e-01 -7.609599e-04 -4.245051e-01 1.986372e-01 7.296998e-01 2.776131e-01 5.661549e-04 
-1.028300e+01 1.567238e+00 -2.167025e-01 9.411587e+00 -4.871591e+00 1.362491e+00 1.332889e+00 -5.068572e+00 4.192028e+00 -3.715980e+00 7.153845e-01 2.048174e+00 -1.512926e-01 -6.280753e-01 -5.221090e-01 -7.467508e-01 -1.172606e+00 1.833105e-01 -5.591835e-02 5.438197e-01 -6.340593e-01 -5.318185e-01 4.440114e-01 1.434669e+00 1.355474e+00 1.851141e-06 -4.124542e-02 2.382883e-01 3.722658e-01 2.366766e-02 5.105755e-01 5.417436e-01 3.554270e-02 1.679756e-01 -1.776010e-01 -2.300806e-01 2.316384e-01 -3.462669e-01 2.805723e-07 
-1.069811e+01 3.513269e+00 1.892701e+00 8.732490e+00 -1.347316e+00 7.336211e+00 2.253084e+00 -6.135104e+00 4.625641e+00 1.373937e+00 6.302883e+00 4.298825e+00 -1.512926e-01 -3.738544e-01 2.788123e-01 8.527617e-01 3.675400e-02 1.076956e+00 7.605676e-01 3.212481e-01 -4.422478e-02 1.047004e+00 6.627533e-01 1.417295e+00 6.330746e-01 1.851141e-06 1.457931e-01 2.542822e-01 4.434697e-01 3.760872e-01 1.787367e-01 7.684370e-03 -3.681432e-01 2.834933e-01 1.474778e-01 -5.089006e-01 -5.016434e-01 -7.514518e-01 2.805723e-07 
-1.205127e+01 4.408333e-01 -1.206596e+00 6.007534e+00 -3.037417e+00 3.126747e+00 -1.940268e+00 -7.003498e+00 3.445854e+00 -2.380597e+00 4.070699e+00 2.013172e+00 -1.512926e-01 -1.366770e-01 5.293685e-01 6.364171e-01 -1.201608e-01 1.238837e+00 2.776671e-01 -9.994384e-01 1.794683e-01 7.797976e-01 7.030210e-01 2.878710e-01 -7.803263e-01 1.851141e-06 2.154041e-01 3.077985e-01 4.859475e-01 5.636535e-01 -2.137740e-01 -2.643758e-01 -1.986628e-01 1.844032e-01 5.703805e-02 -3.113436e-01 -7.752448e-01 -6.355615e-01 2.805723e-07 
-1.094296e+01 3.730841e+00 3.595484e+00 1.100575e+01 -3.681916e-01 2.422275e+00 -1.095500e+00 -3.239206e+00 8.762340e+00 2.787747e-01 2.048531e+00 -6.935855e-01 -1.512926e-01 2.177231e-01 4.802229e-01 9.674417e-01 1.061892e+00 9.265362e-02 -8.448716e-01 -1.201068e+00 2.849947e-02 5.910528e-01 -4.822581e-01 -9.425876e-01 -1.306504e+00 1.851141e-06 1.393111e-01 2.945306e-02 2.822035e-02 -4.113390e-02 -6.880917e-01 -3.758329e-01 3.064305e-01 1.190604e-01 -5.321387e-01 -6.174532e-01 -6.915606e-01 -1.530344e-01 2.805723e-07 
-1.084412e+01 4.105377e+00 2.113780e+00 7.674126e+00 8.333678e-01 5.207960e+00 -1.990017e+00 -5.618919e+00 6.022732e+00 3.465294e-01 4.281857e+00 6.429653e-01 -1.512926e-01 1.531921e-01 9.162014e-01 1.625577e+00 1.133042e+00 -3.934802e-01 -5.751551e-01 3.116986e-01 2.517125e-01 -1.878973e-02 -5.403845e-01 -1.261729e+00 -8.524895e-01 1.851141e-06 4.297357e-02 -1.225148e-01 -1.507756e-01 -3.521976e-01 -8.852447e-01 -1.549757e-01 8.953641e-01 2.110126e-01 -4.698969e-01 -5.323843e-01 -3.559329e-01 3.541549e-01 2.805723e-07 
-1.021291e+01 4.082066e+00 5.069871e+00 1.320892e+01 -2.819062e+00 2.070943e+00 -3.727378e+00 -6.684768e+00 6.292624e+00 -2.400615e+00 1.484683e+00 -1.548720e+00 -1.512926e-01 1.779117e-01 2.324567e-01 4.991652e-01 -7.953176e-01 -1.547358e+00 -6.922768e-01 1.197880e+00 5.150079e-01 -1.214566e+00 -1.803014e+00 -1.265872e+00 -9.592734e-02 1.851141e-06 -9.117558e-02 -2.436118e-01 -5.414939e-01 -7.447518e-01 -4.299812e-01 1.409093e-01 7.876569e-01 2.921531e-01 2.058703e-02 4.956125e-02 2.578882e-01 6.496074e-01 2.805723e-07 
-1.165053e+01 4.846367e+00 6.184155e+00 1.057041e+01 -3.779412e+00 4.264518e-01 9.339351e-01 -4.022536e+00 4.586944e+00 -3.742774e+00 -1.955855e+00 -1.821738e+00 -1.512926e-01 9.802853e-02 4.048882e-02 1.166256e-01 -9.524248e-01 -2.367413e+00 -5.735152e-01 2.277901e+00 9.911957e-01 -6.668527e-01 -1.298645e+00 -1.330288e+00 3.851863e-01 1.851141e-06 -1.168687e-01 -3.431297e-01 -7.041265e-01 -4.213139e-01 7.534563e-02 1.397125e-01 4.328235e-02 1.126048e-01 6.720629e-01 4.935456e-01 6.946772e-01 5.803318e-01 2.805723e-07 
-9.650444e+00 4.522806e+00 4.055936e+00 5.580762e+00 -5.798473e+00 1.351637e+00 3.431973e+00 -1.462448e+00 3.407652e+00 -6.691335e+00 -1.161826e+00 5.923398e-02 -1.512926e-01 -2.105754e-01 -3.000959e-01 -9.854853e-01 -1.619120e+00 -1.070299e+00 -1.412783e-01 1.754016e+00 1.119483e+00 1.018212e+00 1.448478e-01 3.811544e-01 1.322694e+00 1.851141e-06 -1.768037e-01 -1.888770e-01 -3.551359e-01 2.625216e-01 6.246973e-01 8.619059e-02 -5.400714e-01 -1.145466e-01 1.009865e+00 8.406543e-01 7.685605e-01 2.732411e-01 2.805723e-07 
-1.063521e+01 4.087349e+00 3.204022e+00 6.727128e+00 -9.514165e+00 2.700156e+00 5.819921e+00 -3.274392e+00 4.131004e+00 -4.001474e+00 -1.046546e+00 1.765194e+00 -1.512926e-01 -2.369862e-01 -5.331614e-01 -1.152681e+00 -5.616761e-01 -2.552754e-01 -1.520669e-01 2.499616e-01 5.123677e-01 2.225269e+00 9.534994e-01 1.388027e+00 1.339813e+00 1.851141e-06 -1.601290e-01 -1.055561e-01 -1.173267e-01 4.488668e-01 7.365343e-01 -1.277437e-02 -7.775168e-01 -2.557290e-01 7.481745e-01 6.275280e-01 5.932418e-01 2.859069e-02 2.805723e-07 
-1.177363e+01 2.961256e+00 1.632422e+00 7.034747e+00 -5.303401e+00 2.281721e-01 2.599721e+00 -1.461082e+00 1.161159e+01 -1.547214e+00 2.935394e+00 3.271371e+00 -1.512926e-01 -5.385646e-01 -4.248911e-01 -6.419005e-01 3.217390e-01 5.201910e-01 -4.719292e-01 -4.884535e-01 1.815084e-01 2.388758e+00 1.274275e+00 1.217631e+00 7.930620e-01 1.851141e-06 -9.573177e-02 -1.416217e-02 1.198158e-01 4.764645e-01 3.956376e-01 -9.812512e-02 -5.223243e-01 -2.206696e-01 2.904736e-01 2.579735e-01 1.502845e-01 -1.606085e-01 2.805723e-07 
