-9.857549e+00 2.943005e+00 -1.724127e+00 9.698424e+00 -9.107941e-01 6.373635e+00 -5.458469e-01 -8.760597e+00 2.736887e+00 -6.817167e+00 -1.852380e+00 -2.198903e+00 -1.512926e-01 3.758309e-01 1.819594e-01 5.432495e-01 -2.951115e-01 1.063880e-01 -3.731918e-02 3.716727e-03 8.579982e-01 -1.237145e-02 2.500745e+00 1.426671e+00 1.497037e-01 2.372224e-08 -4.828744e-02 -2.295135e-02 1.002205e-01 1.861064e-01 -1.950476e-01 -2.328741e-01 -1.613706e-02 -2.351833e-01 -1.500468e-01 -5.966634e-01 -3.982575e-01 1.793714e-01 -7.259979e-08 
-9.122927e+00 3.628885e+00 -1.895991e+00 8.289433e+00 -1.687369e-01 7.774911e+00 2.412228e+00 -3.625255e+00 5.026370e+00 3.824929e+00 2.441825e+00 -4.250365e+00 -1.512926e-01 2.550430e-01 1.517807e-01 8.118137e-01 -8.681960e-02 -5.220434e-01 -4.877383e-01 2.156544e-01 2.627191e-01 -1.538924e-01 1.453876e+00 2.761332e-01 6.652570e-01 2.372224e-08 -1.209447e-01 -8.072976e-02 -4.043709e-03 1.568363e-01 -2.703557e-01 -3.364743e-01 -2.188108e-01 -3.077134e-01 -2.658499e-01 -1.118098e+00 -6.378007e-01 3.043762e-01 -7.259979e-08 
-8.345201e+00 3.509502e+00 1.078080e+00 8.928443e+00 -7.499382e-01 5.486541e+00 -2.006346e+00 -7.038247e+00 1.530357e+00 3.656819e-01 3.133796e+00 -4.247020e-01 -1.512926e-01 1.948044e-01 8.219519e-02 9.100929e-01 5.313861e-01 -5.545360e-01 -9.764830e-01 -1.828215e-01 -2.029236e-02 -6.919025e-01 4.082701e-02 1.080833e-02 7.888162e-01 2.372224e-08 -1.390306e-01 2.374950e-04 -2.351602e-01 3.198222e-02 -6.755143e-02 -8.150703e-02 -2.016530e-01 -1.883838e-01 -2.570654e-01 -1.136241e+00 -8.319315e-01 5.955916e-03 -7.259979e-08 
-9.338447e+00 3.418575e+00 9.337879e-01 9.650040e+00 -3.601558e+00 4.378769e+00 1.262473e+00 -8.307833e+00 2.571132e+00 -3.139132e+00 -2.964718e+00 2.402233e-01 -1.512926e-01 -1.385265e-01 -1.717046e-01 3.395480e-01 7.592628e-02 -9.148431e-01 -1.250130e+00 -9.970211e-01 -2.413730e-01 -1.001864e+00 -1.859816e+00 -1.054433e+00 1.352135e+00 2.372224e-08 2.462103e-02 1.305156e-01 -4.265122e-01 -1.165313e-01 3.153395e-01 1.940748e-01 -4.016802e-01 -2.181819e-01 5.005356e-02 -5.042748e-01 -4.289835e-01 -2.410820e-01 -7.259979e-08 
-8.775778e+00 3.458805e+00 1.411698e+00 1.167552e+01 -1.967188e+00 3.189835e+00 -8.855470e-01 -6.520859e+00 5.051208e-01 -3.131053e+00 9.047334e-01 -5.003604e-01 -1.512926e-01 -1.225353e-01 3.449491e-01 -3.963557e-01 -2.164065e-01 -3.489476e-02 -6.353537e-02 -3.980670e-01 1.680133e-01 -8.736749e-01 -1.523648e+00 -2.067709e+00 -1.639312e-01 2.372224e-08 1.589459e-01 1.561949e-01 -4.029534e-01 -1.543863e-01 5.846422e-01 3.528757e-01 -5.680412e-02 -1.082213e-01 4.225915e-01 1.589527e-01 -1.079385e-01 -1.752564e-01 -7.259979e-08 
-9.600315e+00 2.795494e+00 -3.648408e-01 7.295049e+00 -4.133903e+00 2.672582e+00 -3.133147e+00 -5.091120e+00 5.295400e-01 -3.725692e+00 -1.715582e+00 2.547919e+00 -1.512926e-01 5.368295e-01 6.731732e-01 -6.675473e-01 -2.956832e-01 7.949908e-01 2.609903e-02 -1.685051e+00 -9.222091e-01 1.873474e-01 -2.853360e-01 -8.294866e-01 -6.386013e-02 2.372224e-08 2.397670e-01 -2.914980e-02 -2.558365e-01 4.252756e-02 5.662177e-01 1.883280e-01 3.257397e-01 -5.872535e-02 5.382679e-01 6.146749e-01 3.823758e-01 -9.709638e-02 5.818945e-04 
-8.827225e+00 5.545882e+00 -2.545539e-01 9.024378e+00 -6.582181e-01 6.021780e+00 -1.798712e+00 -7.806902e+00 -1.817662e+00 -6.959363e+00 -7.829251e+00 -2.398220e+00 -1.512926e-01 6.518729e-01 4.407227e-01 -6.011246e-01 -5.461345e-02 1.513680e+00 1.499393e-01 -1.228079e-01 -2.209640e-01 8.264988e-01 4.840316e-02 -6.414536e-01 6.205178e-01 2.372224e-08 2.277726e-01 -4.826882e-01 -3.115422e-01 -3.162779e-02 1.366392e-01 1.145689e-01 5.026547e-01 2.239913e-01 3.551031e-01 3.136646e-01 6.981579e-01 3.575160e-01 2.552190e-03 
-6.627995e+00 5.741147e+00 -1.571104e+00 9.497378e+00 -2.811978e-01 3.093316e+00 -6.706001e+00 -1.227594e+01 4.668962e+00 -2.651464e+00 -2.744962e+00 8.699480e-01 -1.512926e-01 6.731428e-01 -3.652472e-01 -8.372575e-01 2.076094e-01 1.141940e+00 -4.150820e-01 4.939850e-01 -3.405024e-01 8.394459e-01 4.275022e-01 1.443667e-01 4.743918e-01 2.915012e-03 5.375930e-02 -8.780608e-01 -3.456890e-01 -1.593210e-01 -1.794851e-01 2.585547e-01 8.955637e-01 6.963283e-01 -3.518786e-01 -2.488806e-01 8.418734e-02 2.293158e-01 5.637163e-03 
-7.002490e+00 4.189822e+00 -9.911788e-01 1.030073e+01 3.674750e+00 3.729023e+00 2.868067e-01 -4.033064e+00 2.567802e+00 -3.426433e+00 -1.787770e+00 3.441190e+00 -1.512926e-01 9.480981e-01 -1.549448e+00 -1.869230e+00 -6.259392e-01 4.747580e-01 7.299413e-01 1.025719e+00 9.971413e-01 5.757607e-01 -3.117554e-01 9.361601e-01 1.354570e+00 1.130046e-02 -4.929221e-02 -9.542685e-01 -2.968363e-01 -3.863838e-01 -6.351352e-01 1.619139e-01 4.195562e-01 3.706054e-01 -4.983430e-01 -1.357176e-01 -2.186126e-01 -6.661207e-02 6.642379e-03 
-7.146633e+00 1.647128e+00 -4.182607e+00 7.694638e+00 -5.909259e-01 1.743809e+00 -1.706195e+00 -8.680721e+00 2.533763e+00 -3.354689e+00 -4.014439e+00 2.000252e+00 -1.367288e-01 6.574621e-01 -2.722051e+00 -1.762002e+00 -8.064080e-01 4.171137e-01 1.028931e+00 2.218430e+00 1.950533e+00 -1.446681e+00 -1.349591e+00 -1.197310e+00 7.156544e-01 2.253774e-02 -2.668873e-01 -5.020030e-01 2.644255e-01 -1.812229e-01 -4.966827e-01 -9.547856e-02 2.918652e-01 3.003148e-01 -5.949904e-02 4.353606e-01 -4.216654e-01 -2.429993e-01 2.245700e-03 
-3.827164e+00 -1.544109e-01 -8.294472e+00 6.795353e+00 1.870307e+00 1.034669e+01 8.299031e-01 -4.618688e+00 2.128997e+00 -8.166739e+00 -2.513641e+00 3.809425e+00 -1.020850e-01 4.132471e-01 -3.152035e+00 -1.622999e+00 -1.479498e+00 -1.299459e+00 2.375763e-01 1.112786e+00 4.866148e-01 -5.221800e-01 2.583014e-01 -1.063632e+00 1.668099e-01 2.339767e-02 -5.536230e-01 4.758579e-01 9.433044e-01 3.018347e-01 -4.547802e-01 -6.995759e-01 -1.096007e-01 -1.623333e-01 5.578641e-01 1.118725e+00 -1.310958e-01 -5.527313e-01 -6.644349e-03 
-4.928864e+00 -5.697052e+00 -6.728857e+00 7.218301e+00 2.706389e+00 4.929365e+00 4.114613e+00 -2.230437e+00 -2.344524e+00 -7.029169e+00 -8.368868e+00 4.264061e+00 -6.322486e-02 -3.937645e-01 -2.073958e+00 3.617162e-01 -2.718621e-01 -4.544106e-01 -6.464087e-01 1.909856e+00 1.416280e+00 1.090953e+00 2.319209e+00 -9.640007e-01 -1.466934e-01 8.093975e-03 -5.794329e-01 1.374965e+00 1.039569e+00 5.253823e-01 -3.175351e-01 -4.281591e-01 -5.761251e-01 -3.305191e-01 1.059762e+00 9.075111e-01 1.031884e+00 -2.605741e-01 -1.344552e-02 
-6.045396e+00 -7.898606e+00 -7.832645e+00 3.142322e+00 -4.471285e+00 3.323645e+00 2.940140e+00 -4.825000e+00 2.396128e+00 -2.971464e-01 -4.928957e+00 3.143357e+00 -7.106013e-02 -1.294550e+00 5.058188e-01 1.785410e+00 6.159987e-01 -1.363362e+00 -1.930253e+00 6.320871e-01 4.526333e-01 2.096341e+00 3.447473e+00 1.639585e-01 -9.779212e-01 -1.469638e-02 -4.392050e-01 1.595508e+00 8.150404e-01 5.293707e-01 8.959397e-02 1.518439e-01 -6.029425e-01 -1.725250e-01 2.325849e-01 -2.927024e-01 1.306615e+00 -3.328384e-02 -1.205354e-02 
-8.005932e+00 -4.850578e+00 -2.605044e+00 8.161798e+00 3.078389e-01 2.023275e+00 6.788074e+00 -1.495899e+00 7.854926e+00 4.306780e+00 -7.627044e+00 1.600017e+00 -1.117649e-01 -1.385839e+00 2.323772e+00 1.731714e+00 7.726464e-01 -1.138801e+00 -2.795625e-02 -4.219306e-01 3.148977e-01 2.542824e+00 1.593258e+00 3.348335e+00 -1.477861e-02 -2.563730e-02 -8.025163e-02 9.398008e-01 7.880881e-02 -4.704021e-02 -3.611340e-02 6.203910e-01 -9.041963e-01 -5.320678e-01 -6.763976e-01 -1.327079e+00 1.036446e+00 5.925552e-02 -3.729040e-03 
-8.760946e+00 1.951636e+00 -1.429569e+00 9.403946e+00 -3.747665e+00 2.148749e+00 2.653408e+00 -2.722938e+00 7.510838e+00 3.402541e+00 -2.064558e+00 2.518806e-01 -1.512926e-01 -1.286942e+00 2.626556e+00 1.767183e+00 6.453463e-01 -5.094073e-01 6.876209e-01 -7.361748e-01 1.747493e-01 -8.518293e-02 -8.420861e-01 3.313213e+00 -6.557074e-02 -2.000166e-02 1.985715e-01 -1.676188e-01 -4.397474e-01 -3.890201e-01 3.004031e-01 5.696717e-01 -5.636868e-01 -5.281374e-01 -1.014600e+00 -1.380829e+00 2.759623e-01 -2.064588e-03 4.712218e-03 
-1.050040e+01 9.965720e-01 -1.272410e+00 7.949908e+00 -3.348982e+00 5.376860e+00 2.148448e+00 -1.707028e+00 7.812377e+00 -9.127915e-01 6.940630e+00 5.635741e+00 -1.512926e-01 -7.986677e-01 1.564816e+00 7.648499e-01 -5.218886e-01 -1.061902e+00 1.146529e+00 -1.926995e+00 -1.105086e+00 -1.200173e+00 -2.171409e+00 2.643510e+00 -3.065702e-01 -7.904454e-03 2.359991e-01 -1.259321e+00 -4.731884e-01 -6.380523e-01 4.009780e-01 -4.131859e-01 -3.345046e-01 -3.957825e-01 -8.243823e-01 -4.119262e-01 -1.029170e+00 -2.762316e-01 2.577432e-02 
-1.123270e+01 2.310766e+00 3.368598e-01 6.474180e+00 -5.189837e+00 5.085111e+00 1.578868e+00 -3.846018e+00 1.991361e+00 -1.898147e+00 4.353419e+00 7.977182e-01 -1.512926e-01 -5.952846e-01 4.715302e-02 6.999852e-02 -6.817759e-01 1.002505e-01 3.309559e-01 -1.433892e+00 -1.478078e+00 -1.105185e+00 -1.574350e+00 1.896156e+00 -8.423878e-01 2.372224e-08 1.656025e-01 -1.817403e+00 -3.677772e-01 -7.141680e-01 4.371116e-01 -1.007688e+00 -1.717922e-01 2.600738e-02 -3.859367e-02 4.935371e-01 -1.328762e+00 1.749138e-02 4.208399e-02 
-1.076366e+01 2.794185e+00 3.359408e-01 7.017255e+00 -4.280471e+00 6.288085e+00 -2.309321e+00 -6.459848e+00 4.613834e+00 -3.899882e+00 2.381203e+00 -2.057269e-01 -1.512926e-01 -5.515029e-01 -2.683268e+00 2.143384e-01 -1.754298e+00 5.612847e-01 -1.915647e+00 -1.745537e+00 -8.376575e-01 -1.069035e+00 -1.003031e-01 -1.088838e+00 -1.007594e+00 9.323108e-02 8.264638e-02 -1.497518e+00 6.219125e-02 -3.919268e-01 3.798255e-01 -1.295396e+00 1.431790e-01 5.908465e-01 1.150503e-01 7.752085e-01 -1.081249e+00 2.049667e-01 4.364928e-02 
-1.160581e+01 1.288979e+00 -1.883584e+00 6.460833e+00 -2.780686e+00 3.348213e+00 -2.286722e+00 -7.736660e+00 3.584158e+00 -2.975606e+00 9.695750e+00 -1.039341e+00 -1.512926e-01 -5.823985e-01 -4.336360e+00 2.036648e-01 -2.309425e+00 8.644288e-01 -2.819606e+00 -1.685878e+00 1.711299e-01 -3.437406e-01 5.900009e-01 -1.464427e+00 3.723469e-01 1.398515e-01 1.290541e-01 -4.080301e-01 4.433364e-01 2.261922e-01 -3.021039e-02 -1.227805e+00 -1.044720e-02 7.799184e-01 1.949130e-01 5.011132e-01 -5.468254e-01 -2.098147e-02 9.625188e-03 
-1.307134e+01 -1.190857e+01 9.094329e-01 -8.143632e-01 -1.747798e+00 -3.333073e+00 -4.646260e+00 -3.949977e+00 1.670952e+00 -8.753034e-01 -1.175166e+00 1.516359e+00 3.148707e-01 -3.919015e-01 -3.730917e+00 1.009029e+00 -1.667589e+00 4.550217e-01 -3.755149e+00 -1.085033e+00 1.024688e+00 -1.005581e+00 6.225395e-01 -1.082507e+00 1.108859e-01 1.404150e-01 1.846931e-01 1.402083e+00 2.868372e-01 1.083812e+00 -2.977243e-01 -1.742991e-01 3.589526e-01 3.530099e-01 3.499929e-01 3.665853e-02 4.556072e-01 -2.418170e-01 -5.076986e-02 
-1.299070e+01 -1.201944e+01 1.068430e+00 -1.157226e+00 -2.134036e+00 -4.202619e+00 -5.681957e+00 -4.245398e+00 1.743840e+00 -4.603489e-01 -1.190721e+00 1.798420e+00 3.148883e-01 -3.000380e-02 -1.469138e+00 1.889273e+00 4.058011e-01 2.291233e-03 -4.888438e+00 -1.816183e+00 1.490476e+00 -1.623528e-01 5.697978e-01 -8.413134e-01 -1.506502e+00 2.453937e-02 2.051025e-01 1.735637e+00 -1.326313e-01 1.050824e+00 -2.610540e-01 9.566040e-01 7.186929e-01 -1.392077e-01 3.831881e-01 -1.894681e-01 5.327983e-01 -2.571230e-01 -5.765312e-02 
-1.203082e+01 -9.206258e+00 3.905102e+00 2.489131e+00 -2.328538e+00 -8.712234e+00 -6.036841e+00 -3.081778e+00 5.062308e-01 -2.044544e+00 2.412312e+00 -1.070427e+00 3.176816e-01 9.559690e-02 2.893550e+00 8.057380e-01 2.307108e+00 -4.964103e-01 -1.752732e+00 1.142929e-01 2.677459e-01 5.902461e-01 9.318016e-02 8.776239e-01 -1.277213e+00 -1.029622e-01 1.549269e-01 7.039276e-01 -6.970696e-01 1.373680e-01 -6.723839e-02 1.912837e+00 7.784585e-01 -4.943174e-01 3.574259e-01 -1.879130e-01 1.464415e-01 3.126843e-01 -2.388626e-02 
-1.227601e+01 -7.408318e+00 6.065347e+00 6.838733e+00 -2.478793e+00 -1.840446e+01 -1.067258e+01 -7.184126e-01 3.355136e+00 4.577863e-01 3.695748e+00 -7.278530e+00 -3.000403e-02 1.994620e-01 1.029456e+00 -3.578486e-01 9.573077e-01 3.478386e-02 9.621419e-01 1.307830e+00 -1.464662e-01 7.741976e-01 -9.262982e-02 2.193888e-01 -2.191972e-01 -2.672556e-02 8.842380e-02 -6.810386e-01 -8.878922e-01 -8.844482e-01 8.695550e-02 2.099897e+00 6.523553e-01 -4.976080e-01 -4.019852e-02 -1.130691e-01 -1.577117e-01 9.042524e-01 3.348948e-02 
-1.295084e+01 2.537808e-01 2.439664e+00 6.722776e+00 -4.057393e+00 -4.995388e+00 -1.579425e+00 -4.374644e+00 3.816510e+00 -8.688399e-01 7.703276e-01 -3.309861e-01 -2.750939e-02 2.679291e-01 -1.460533e+00 -1.352710e+00 -1.256532e+00 1.026573e-01 2.883913e+00 1.245218e+00 -6.284402e-01 3.133574e-01 1.421335e-02 -8.804969e-01 1.030605e+00 4.662041e-02 -8.749558e-04 -1.271054e+00 -2.660424e-01 -7.240373e-01 3.901558e-01 8.065550e-01 -2.258238e-01 -4.451182e-02 -2.144522e-01 -1.347208e-01 -3.808143e-01 7.585093e-01 4.276447e-02 
-1.153350e+01 -1.160209e+01 1.197288e-02 1.511430e+00 -1.095617e+00 -1.250024e+00 -1.371085e+00 -4.331696e+00 3.959326e+00 -1.511632e+00 7.276527e-01 3.327963e-01 3.538363e-01 3.259942e-01 -2.697360e+00 -1.470941e+00 -2.234341e+00 1.376771e-01 3.292761e+00 8.800564e-01 -5.495187e-01 -2.247810e-01 4.403231e-02 -7.507613e-01 1.860846e+00 1.171923e-01 -3.001323e-02 1.405881e-01 2.341316e-01 1.757638e-01 3.752641e-01 -1.805204e-01 -3.715548e-01 7.184715e-02 -1.996888e-02 -1.963264e-01 -3.068310e-01 3.306106e-01 -5.162978e-03 
-1.106214e+01 -1.441201e+01 1.682127e-01 -1.130531e+00 -2.506908e+00 -2.870222e+00 -4.461579e+00 -4.417593e+00 1.770849e+00 -9.890604e-01 -5.063281e-01 2.770239e-01 3.588607e-01 2.790605e-02 -1.598208e+00 3.206618e-02 2.828842e-01 1.403084e+00 1.114820e+00 -8.010320e-01 2.465326e-01 1.749664e-02 -6.486999e-01 -5.412251e-01 1.475299e+00 3.890540e-02 3.880331e-01 1.427873e+00 5.081007e-01 6.710567e-01 4.487387e-01 -6.934600e-01 2.360693e-01 1.890745e-01 2.799282e-01 -1.892288e-01 -3.323442e-01 -1.058199e-01 -1.659434e-02 
-1.159051e+01 -1.356259e+01 -1.539171e-01 -4.064317e-01 -2.565904e+00 -3.003155e+00 -4.831295e+00 -3.444631e+00 3.253759e+00 7.379775e-01 5.804843e-01 1.721619e+00 3.627783e-01 1.693427e-01 1.801132e+00 1.204929e-01 1.066504e+00 1.260959e+00 9.440402e-01 4.730747e-01 -2.248850e-01 8.221404e-01 -7.427220e-01 -1.484496e+00 1.211404e+00 -4.868514e-02 1.303565e+00 1.809465e+00 4.446893e-01 -2.337468e-01 6.907048e-03 -7.041628e-01 7.684461e-01 3.841334e-01 3.725694e-02 1.211121e-01 -3.680827e-01 -5.512614e-01 7.071101e-03 
-1.278259e+01 -6.756781e+00 2.682755e+00 9.096121e+00 3.693187e+00 1.455131e+00 -3.854568e+00 -3.585518e+00 4.256796e+00 -5.237173e+00 -1.862351e+00 6.350953e+00 1.625398e-01 2.286390e+00 3.429533e+00 3.920949e-01 4.482980e-01 1.784692e+00 5.909955e-01 2.628955e+00 1.546419e-01 1.189531e+00 -5.386515e-01 -2.175344e+00 8.261865e-01 4.658640e-02 1.971987e+00 1.034382e+00 2.324257e-01 -2.175576e+00 -6.887990e-01 -3.439082e-01 6.679693e-01 4.076703e-01 -6.952335e-01 8.067489e-01 -1.647291e-01 -6.809635e-01 5.504233e-02 
-9.827422e+00 -6.423817e+00 -6.428558e-01 1.730829e+00 2.109056e+00 1.307721e+00 6.907744e-01 -5.872219e+00 6.827100e+00 -3.100998e+00 -6.016567e+00 3.352960e+00 2.085676e-01 5.714559e+00 3.836072e+00 5.724788e-01 -3.485617e+00 -1.864845e-02 3.371421e-02 3.007230e+00 1.417084e+00 -6.246032e-01 5.945660e-01 -1.773952e+00 -5.708604e-01 1.487033e-01 1.575543e+00 -1.108919e-01 3.462780e-01 -2.562644e+00 -7.718436e-01 -9.136619e-02 -3.678939e-01 5.164883e-01 -1.276699e+00 9.560778e-01 2.416273e-01 -4.277584e-01 6.190371e-02 
-5.118664e-01 -8.337491e-01 2.373492e+00 4.237637e-02 4.078964e+00 -2.070433e+00 5.922226e+00 -2.430728e+00 5.931730e+00 -1.762737e+00 -8.084502e+00 3.592279e+00 6.688984e-01 7.115263e+00 2.556347e+00 9.681409e-01 -8.319017e+00 -1.401029e+00 -1.494246e-01 1.271917e+00 1.463834e+00 -2.735239e+00 2.716471e+00 -1.220246e+00 -1.038385e+00 2.154225e-01 2.173232e-02 -8.808833e-01 2.499256e-01 -1.599233e+00 -6.028028e-01 1.854810e-01 -1.258732e+00 1.989005e-01 -1.051596e+00 5.984860e-01 3.871877e-01 -6.060468e-02 8.006991e-03 
1.084672e+01 2.656159e+00 2.863350e+00 -1.330758e+01 -2.852126e+00 -1.071904e+00 5.316628e+00 3.063052e+00 -7.065889e-01 1.973469e+00 -5.178625e+00 2.466234e-01 8.531326e-01 5.632585e+00 1.683286e+00 1.563892e+00 -7.362933e+00 -1.005461e+00 8.575268e-01 -6.878569e-01 1.703011e+00 -3.598978e+00 2.410220e+00 -7.538673e-01 4.893477e-03 1.764200e-01 -1.661568e+00 -1.059808e+00 1.053675e-01 4.625159e-01 1.544377e-01 2.371493e-01 -1.236413e+00 -1.646641e-01 -3.859367e-02 -8.571540e-02 1.599750e-01 3.833030e-01 -3.761448e-02 
1.245687e+01 1.484897e+00 5.770330e+00 -2.497909e+01 -8.310575e-01 1.897362e+00 1.918178e-01 -7.336653e-01 -5.652214e+00 5.807920e+00 -8.382428e+00 2.712264e+00 9.173783e-01 2.436055e+00 1.015245e-01 1.146062e+00 -5.608936e+00 -7.358930e-01 1.106331e+00 -1.817010e+00 1.006089e+00 -2.581284e+00 1.546053e+00 -7.495666e-01 2.353003e-01 7.276786e-02 -2.143417e+00 -6.417449e-01 -1.024844e-01 1.867344e+00 4.421202e-01 -4.426369e-03 -5.429564e-01 6.275232e-02 7.521362e-01 -6.232196e-01 8.273374e-02 2.369848e-01 -5.455538e-02 
1.185156e+01 8.333607e-01 5.478069e+00 -2.257321e+01 -4.627944e-01 3.611446e+00 1.169567e-01 1.794670e+00 -5.375834e+00 5.164482e+00 -9.636749e+00 3.817425e+00 9.664278e-01 -2.535699e-01 -2.354290e-01 1.010261e+00 -2.528198e+00 4.208443e-01 5.914949e-01 -1.630235e+00 8.225086e-01 -8.944415e-01 7.511398e-01 -1.209376e+00 7.088119e-01 3.196288e-02 -1.522408e+00 -2.263933e-01 -1.448665e-01 1.423832e+00 2.623913e-01 -2.727852e-01 -1.203507e-02 2.001345e-01 8.015067e-01 -4.946253e-01 9.631739e-02 -2.085526e-01 -3.958843e-02 
1.116606e+01 5.851095e-01 6.796458e+00 -2.336989e+01 -7.951069e-01 1.119509e+00 -5.627967e-01 3.234043e+00 -4.640298e+00 4.372061e+00 -9.603248e+00 2.983354e+00 9.760725e-01 -6.587836e-01 3.069140e-01 7.325007e-01 -1.399649e+00 9.639949e-02 -3.856757e-02 -9.717399e-01 2.217961e+00 -3.268196e-01 4.298333e-01 -5.787361e-01 -2.053807e-01 1.487132e-02 -5.521786e-01 1.353305e-01 -2.369067e-02 6.815345e-01 7.729602e-02 -2.410988e-01 2.326730e-01 2.817595e-01 3.991944e-01 -2.742406e-01 1.878441e-01 -4.377281e-01 -1.572960e-02 
1.022427e+01 1.929068e+00 7.401658e+00 -2.675430e+01 -7.656090e-01 2.274662e+00 -2.456925e+00 5.191606e+00 -5.684773e+00 6.447156e+00 -1.061548e+01 3.655137e+00 9.835916e-01 -4.319571e-01 4.485791e-01 1.046387e+00 -2.348683e+00 -1.096278e-01 6.604751e-02 -1.170564e+00 2.097719e+00 -7.185659e-01 4.952019e-01 -3.576122e-01 -8.175181e-01 7.423528e-03 7.843892e-02 1.284679e-01 3.895607e-02 8.552009e-02 -1.027012e-01 -2.355629e-01 3.603199e-01 -4.428331e-02 1.493858e-01 -1.757912e-01 2.768645e-01 -4.972588e-01 -6.531239e-03 
9.976766e+00 2.471688e+00 8.470982e+00 -2.988762e+01 -1.977739e-01 2.372936e+00 -3.379977e+00 8.657580e+00 -7.131795e+00 7.315523e+00 -1.078698e+01 1.766420e+00 9.831524e-01 -2.355604e-01 4.359839e-01 1.009604e+00 -2.291131e+00 -8.399472e-02 1.635468e-01 -8.836097e-01 1.777308e+00 -6.731869e-01 3.027870e-01 -2.362389e-01 -1.190169e+00 6.388707e-03 1.453816e-01 1.385195e-02 4.113253e-02 1.038392e-01 -4.138744e-03 -2.608699e-01 4.465500e-01 -6.581157e-01 2.793369e-01 -8.663251e-02 8.684392e-02 -1.173234e-01 -3.927894e-03 
1.028637e+01 2.133163e+00 9.872544e+00 -3.105719e+01 -1.309477e+00 3.314870e+00 -4.327747e+00 9.571538e+00 -7.723035e+00 6.168581e+00 -1.083244e+01 3.382821e-01 9.999999e-01 -7.300923e-02 3.424550e-01 1.066584e+00 -1.654821e+00 -2.522488e-03 -6.873558e-01 1.272880e-01 8.214027e-01 2.570075e-02 -6.426781e-02 3.521151e-03 -1.285174e+00 3.546593e-03 4.641194e-02 9.166463e-02 -1.613076e-01 4.831334e-01 4.965918e-02 -3.990562e-01 5.442921e-01 -7.979202e-01 5.385635e-01 -3.272258e-02 -1.646192e-02 2.130830e-01 -4.143167e-03 
9.957299e+00 2.663355e+00 1.060917e+01 -3.267390e+01 -9.430574e-01 1.417401e+00 -4.045606e+00 9.930779e+00 -6.986760e+00 6.025415e+00 -1.067570e+01 -1.309059e+00 9.998067e-01 -1.115123e-01 4.293745e-01 9.280739e-01 -1.227565e+00 2.202749e-02 -9.661213e-01 6.120037e-01 -4.345045e-01 6.976687e-01 2.762705e-01 -3.249991e-01 -5.581623e-01 -2.827515e-03 -1.261818e-02 1.938837e-01 -3.331891e-01 6.392855e-01 -4.138744e-03 -3.517639e-01 3.773454e-01 -6.653824e-01 5.459966e-01 -7.601837e-03 -5.626048e-02 4.091220e-01 -3.946138e-03 
9.869238e+00 3.545154e+00 1.166563e+01 -3.363491e+01 -4.056421e-01 -6.845127e-01 -1.487614e+00 8.661996e+00 -5.628535e+00 6.770653e+00 -1.065377e+01 -1.232944e+00 9.930080e-01 -2.619537e-01 9.102379e-01 2.805969e-01 -4.649084e-01 8.556861e-02 -1.364483e+00 8.030311e-01 -7.858810e-01 1.288749e+00 3.448444e-01 -3.954816e-01 -6.807087e-02 -8.686642e-03 5.066002e-04 2.018532e-01 -4.170122e-01 6.818724e-01 -1.617761e-01 -7.201694e-02 1.632601e-02 -2.839481e-01 3.231326e-01 -7.742156e-02 3.286992e-03 3.546721e-01 -2.083478e-03 
9.627763e+00 3.912461e+00 1.221476e+01 -3.473608e+01 -5.397655e-01 -4.581325e-01 -1.740094e+00 6.940046e+00 -4.690616e+00 8.395891e+00 -1.250155e+01 -2.386418e-01 9.725063e-01 -2.040438e-01 1.121489e+00 -2.633462e-01 3.105167e-01 -1.487393e-01 -1.256622e+00 6.651654e-01 -7.460684e-01 1.425271e+00 6.015591e-02 -3.179508e-01 2.469456e-01 -7.229148e-03 6.663290e-02 5.657698e-02 -3.219244e-01 6.953245e-01 -3.003627e-01 7.555405e-02 -8.212179e-02 2.815541e-02 4.435210e-02 -1.960872e-01 2.610754e-01 5.129893e-02 1.951326e-04 
9.141105e+00 6.059719e+00 1.047269e+01 -3.235022e+01 -1.083633e+00 -2.569698e+00 -1.465015e+00 7.137127e+00 -2.427032e+00 6.707634e+00 -1.189692e+01 -5.373895e-01 9.702224e-01 -2.394888e-02 1.005637e+00 -4.227113e-01 9.857025e-01 -7.259045e-01 -9.022037e-01 1.823398e-01 -4.426480e-01 1.277597e+00 -3.434199e-01 1.630357e-02 8.568718e-02 -4.668816e-03 1.744571e-01 -2.042560e-01 -3.830824e-02 4.705601e-01 -3.953029e-01 3.274106e-01 -1.288316e-01 8.587787e-02 -2.242080e-01 -8.830722e-02 3.607222e-01 -1.585124e-01 1.860109e-04 
9.301007e+00 7.013475e+00 9.889088e+00 -3.176377e+01 -1.348193e+00 -3.923153e+00 -7.308811e-01 6.962925e+00 -1.460994e+00 6.357637e+00 -1.164406e+01 -4.219591e-01 9.750712e-01 1.025833e-01 6.645686e-01 -3.298510e-01 1.523679e+00 -1.074057e+00 -8.196852e-01 5.117055e-01 -4.653693e-01 9.250764e-01 -3.599320e-01 7.744088e-01 -3.784819e-01 -3.857478e-03 2.211788e-01 -3.410093e-01 1.494555e-01 1.800901e-01 -3.667716e-01 4.790940e-01 -1.017055e-01 7.817721e-03 -3.552573e-01 1.015338e-01 3.124025e-01 -2.195449e-01 -1.652932e-03 
9.912342e+00 7.022633e+00 1.071532e+01 -3.019211e+01 -3.630595e+00 -3.462934e+00 -1.080822e+00 6.437510e+00 -8.549539e-01 6.072922e+00 -1.100075e+01 -7.129353e-01 9.683778e-01 4.570288e-01 1.172374e-01 1.223813e-01 1.281275e+00 -1.428226e+00 5.393813e-02 2.356195e-01 -4.968373e-01 4.178316e-01 1.134804e-01 8.620938e-01 -5.479645e-01 -9.439682e-03 1.914125e-01 -3.046488e-01 1.184851e-01 -3.994239e-02 -2.373525e-01 4.583740e-01 3.692419e-02 -8.189660e-02 -3.419116e-01 1.781322e-01 1.848867e-01 -1.279002e-01 -2.156452e-03 
9.755220e+00 6.754103e+00 1.044420e+01 -2.819666e+01 -4.636290e+00 -4.109610e+00 6.265068e-01 4.963217e+00 -8.516240e-01 6.913495e+00 -9.077589e+00 -2.043472e+00 9.541478e-01 6.613435e-01 -1.394060e-01 2.113827e-01 1.063074e+00 -1.631366e+00 6.607805e-01 1.300051e-01 -6.799151e-01 7.889928e-02 3.394051e-01 8.212378e-01 -5.340164e-01 -1.310771e-02 1.285517e-01 -2.345841e-01 -8.880799e-02 -1.016596e-01 -1.512669e-01 4.196227e-01 1.909915e-01 -5.922808e-02 -3.582558e-01 5.675512e-02 6.774663e-02 3.867702e-02 -2.609544e-04 
1.119897e+01 6.776017e+00 1.080723e+01 -2.772783e+01 -6.580387e+00 -2.206876e+00 -9.653519e-01 5.652799e+00 -6.429510e-01 6.997197e+00 -8.869799e+00 -2.466564e+00 9.334704e-01 6.537360e-01 -1.157120e-01 -1.009433e-01 1.016194e+00 -1.634013e+00 6.494201e-01 5.577789e-01 -7.447614e-01 -8.782151e-03 1.976922e-01 9.172852e-01 -4.761186e-01 -1.082430e-02 -1.148782e-02 -2.136644e-01 -4.473944e-01 6.172548e-02 -2.618270e-03 2.115788e-01 5.740205e-01 4.460836e-02 -5.244430e-01 -1.395057e-01 1.680952e-01 1.284364e-01 3.236321e-03 
1.196465e+01 6.440109e+00 1.090005e+01 -2.768028e+01 -8.030395e+00 -1.246953e+00 -1.383481e-01 3.955736e+00 -1.172773e+00 7.592805e+00 -8.603779e+00 -2.215132e+00 9.269704e-01 6.469048e-01 -3.919341e-01 -6.622105e-01 1.147686e+00 -1.727640e+00 9.807429e-01 1.305586e+00 -6.375890e-01 -6.529330e-01 -1.181751e-01 1.085607e+00 -2.210394e-01 -4.469626e-03 -4.985740e-02 -3.259559e-01 -6.327464e-01 1.442630e-01 2.478126e-01 -7.431566e-03 7.506708e-01 3.364655e-01 -7.216292e-01 -2.902302e-01 3.924007e-01 3.656804e-02 4.734111e-03 
1.207681e+01 6.601358e+00 9.982372e+00 -2.536950e+01 -1.010401e+01 -1.647067e+00 2.090537e+00 3.217185e+00 -7.387778e-01 6.721530e+00 -6.651106e+00 -3.007602e+00 9.278488e-01 4.068817e-01 -8.246612e-01 -1.677763e+00 1.547500e+00 -1.393327e+00 9.519051e-01 2.518143e+00 -2.948587e-01 -1.838555e+00 -3.551726e-01 1.570264e+00 -6.221531e-02 2.419464e-03 -5.174134e-02 -4.006141e-01 -6.193347e-01 1.166153e-01 7.031050e-01 -2.785847e-01 5.718592e-01 5.276855e-01 -7.342569e-01 -3.629208e-01 5.858798e-01 -3.868410e-02 2.900641e-03 
1.255142e+01 4.881589e+00 7.545490e+00 -2.363684e+01 -1.151299e+01 5.140738e-01 5.626313e+00 2.993211e+00 -4.068297e+00 6.460406e+00 -4.759055e+00 -2.878457e+00 9.346124e-01 5.355875e-01 -1.414517e+00 -2.163904e+00 1.518914e+00 -5.127770e-01 4.722736e-01 2.903151e+00 7.774681e-01 -2.614356e+00 -8.353841e-01 2.456552e+00 -5.581623e-01 3.944975e-03 -6.059585e-02 -3.334273e-01 -4.239239e-01 1.531860e-01 1.193323e+00 -6.565541e-01 -6.918606e-03 5.907094e-01 -3.673782e-01 -4.261214e-01 6.617177e-01 -7.166083e-02 -1.479619e-03 
1.293982e+01 3.431658e+00 4.095347e+00 -2.201179e+01 -1.180567e+01 1.672298e+00 8.742585e+00 4.659769e+00 -8.387903e+00 5.787237e+00 -2.940788e+00 -2.445992e+00 9.417449e-01 4.508187e-01 -1.607561e+00 -2.446754e+00 1.413720e+00 1.274076e+00 -4.892364e-01 2.618205e+00 1.186251e+00 -2.699346e+00 -1.258289e+00 3.161258e+00 -5.010541e-01 -5.246743e-04 -7.246467e-02 -1.718802e-01 -1.210725e-01 2.722943e-01 1.367060e+00 -8.179384e-01 -6.709120e-01 3.659895e-01 2.179723e-01 -4.492485e-01 5.508932e-01 3.247790e-02 -5.861703e-03 
1.421115e+01 9.524167e-01 3.024185e+00 -2.176402e+01 -9.743578e+00 -5.458768e-01 1.105127e+01 7.121875e+00 -1.041951e+01 3.883100e+00 1.824037e+00 -5.286725e+00 9.397422e-01 3.219576e-01 -1.667669e+00 -2.397409e+00 1.980472e+00 2.905326e+00 -1.581453e+00 1.221000e+00 1.575329e+00 -2.059425e+00 -1.797264e+00 3.598607e+00 -3.598625e-01 -1.039677e-02 -8.904335e-02 7.985557e-03 -3.898471e-02 4.911100e-01 1.069315e+00 -5.340264e-01 -1.184323e+00 4.344319e-03 5.475592e-01 -1.513483e-01 1.695989e-01 3.111505e-01 -7.204423e-03 
1.350109e+01 5.281982e-01 9.675237e-03 -1.923718e+01 -4.618314e+00 -3.563840e+00 1.246869e+01 7.083743e+00 -1.105995e+01 1.718808e+00 5.863789e+00 -4.308423e+00 9.226662e-01 1.513332e-01 -1.557554e+00 -2.166449e+00 2.678145e+00 3.732925e+00 -2.111020e+00 4.661823e-03 1.136083e+00 -1.026220e+00 -2.120513e+00 3.753788e+00 1.077488e-03 -1.971502e-02 5.907228e-03 7.146433e-02 3.154435e-02 4.848909e-01 3.934650e-01 -5.430209e-02 -1.501367e+00 -2.275736e-02 6.520438e-01 2.713182e-01 -3.599626e-01 4.445273e-01 -4.549997e-03 
1.388069e+01 -2.004684e+00 -2.398716e+00 -1.512200e+01 -5.798642e-01 -4.775150e+00 9.868327e+00 9.657836e+00 -1.302940e+01 -4.913736e-01 8.831883e+00 -3.746585e+00 8.921684e-01 2.402939e-01 -1.399428e+00 -2.498973e+00 3.342088e+00 3.604279e+00 -1.386954e+00 -1.711631e+00 8.241172e-01 -7.130538e-01 -1.160964e+00 3.008227e+00 7.465113e-01 -2.248426e-02 8.270918e-02 2.143607e-01 6.554417e-02 1.457502e-01 -2.085977e-01 2.636688e-01 -1.274478e+00 -2.856160e-02 6.286889e-01 7.407173e-01 -8.636600e-01 4.099848e-01 1.349292e-04 
1.386215e+01 -2.877651e+00 -4.025448e+00 -1.194280e+01 2.277286e+00 -6.767822e+00 9.357365e+00 9.071812e+00 -1.221469e+01 -2.627872e+00 1.232404e+01 -3.210805e+00 8.669585e-01 5.211489e-01 -1.384214e+00 -2.238291e+00 3.157236e+00 2.891848e+00 -8.581356e-01 -3.422372e+00 1.448049e+00 -1.123590e-01 -2.199675e-01 1.656515e+00 1.168441e+00 -1.723728e-02 1.268562e-01 3.660567e-01 4.813250e-02 -9.334506e-02 -5.476633e-01 3.700634e-01 -8.280227e-01 -4.442042e-02 7.056798e-01 9.453118e-01 -1.305454e+00 2.581065e-01 2.977263e-03 
1.523221e+01 -4.341974e+00 -7.453534e+00 -8.701039e+00 4.830239e+00 -5.878534e+00 4.048933e+00 1.024868e+01 -1.340753e+01 2.516018e-01 1.363540e+01 -2.103130e+00 8.551705e-01 5.504919e-01 -6.823726e-01 -2.033850e+00 2.469663e+00 2.282792e+00 -8.894702e-01 -3.437966e+00 1.276533e+00 6.271646e-01 9.560844e-01 3.288159e-01 1.106399e+00 -1.096033e-02 7.121715e-02 4.336863e-01 1.254556e-01 6.476741e-02 -7.119191e-01 1.288567e-01 -4.974693e-02 -4.310649e-01 1.206775e+00 6.237662e-01 -1.604946e+00 -2.695691e-02 1.433865e-03 
1.543104e+01 -5.224100e+00 -8.654283e+00 -6.661382e+00 7.136147e+00 -7.303061e+00 -1.733738e+00 1.402854e+01 -1.143290e+01 2.477237e-01 1.174454e+01 7.120025e-01 8.549773e-01 6.306031e-01 -8.590745e-02 -2.158321e+00 2.647464e+00 1.655444e+00 -5.094603e-01 -3.272220e+00 6.878897e-01 1.832015e+00 1.547510e+00 -1.433844e+00 1.111662e+00 -1.059110e-02 -5.802114e-02 4.176920e-01 1.744848e-01 3.475988e-01 -8.467940e-01 1.681352e-01 8.947698e-01 -1.167106e+00 1.354971e+00 2.930895e-01 -1.526351e+00 -2.575704e-01 -3.130654e-03 
1.584864e+01 -4.243851e+00 -1.025344e+01 -5.413395e+00 8.404558e+00 -8.955286e+00 -1.776112e+00 1.356213e+01 -1.028409e+01 2.851207e+00 1.076581e+01 -1.760121e-01 8.433649e-01 5.416424e-01 1.198562e-01 -1.911679e+00 3.920846e+00 6.629745e-01 -9.171844e-01 -2.035563e+00 -9.510632e-01 4.348626e+00 1.074098e+00 -3.471267e+00 6.401899e-01 -1.864133e-02 -1.581839e-01 2.628968e-01 1.966023e-01 3.296176e-01 -5.040167e-01 3.421203e-01 1.152357e+00 -1.357504e+00 1.043291e+00 -3.710153e-01 -8.621062e-01 -1.207425e-01 -6.157247e-03 
1.670701e+01 -3.356492e+00 -1.341684e+01 -3.480366e-01 8.766829e+00 -7.776881e+00 -4.091158e+00 1.085437e+01 -4.616249e+00 3.809739e+00 6.589660e+00 1.384014e+00 8.199118e-01 2.354810e-01 3.030481e-01 -1.426933e+00 4.169729e+00 -5.322725e-01 -3.612650e-03 3.503305e-01 -3.273667e+00 4.801775e+00 1.186380e+00 -4.075027e+00 1.136492e-01 -2.904784e-02 -2.431496e-01 1.111455e-01 2.495726e-01 -1.905514e-01 8.986229e-02 3.350027e-01 1.108735e+00 -9.301836e-01 6.173394e-03 -7.443574e-01 3.965610e-01 1.514114e-01 -4.896623e-03 
1.730259e+01 -4.676573e+00 -1.463046e+01 7.746359e+00 7.329727e+00 -1.022758e+01 -4.949942e+00 7.080131e+00 4.927214e+00 3.840764e+00 -1.143260e+00 7.618319e-01 7.795057e-01 -4.288990e-02 4.376051e-01 -1.416506e+00 3.356761e+00 8.566065e-01 5.681500e-01 5.126506e-01 -3.530237e+00 4.358881e+00 -7.184394e-01 -2.661196e+00 1.001722e+00 -3.251182e-02 -2.135718e-01 -9.060180e-03 2.421903e-01 -7.815635e-01 5.697058e-01 3.118574e-01 6.157020e-01 7.445220e-02 -1.145903e+00 -7.171233e-01 1.587510e+00 2.678206e-01 2.498631e-04 
1.588155e+01 -3.492556e+00 -1.360019e+01 7.607045e+00 5.012297e+00 -6.684904e+00 1.604645e+00 9.015843e-01 4.970502e+00 5.684791e+00 -2.675965e+00 8.114327e-01 7.416645e-01 -2.928493e-01 3.110293e-01 -1.157958e+00 1.976852e+00 2.008049e+00 4.228374e-01 9.973664e-01 -2.673462e+00 1.857653e+00 -1.278006e+00 1.438889e-01 1.687876e+00 -2.813933e-02 -7.039234e-02 -1.402238e-01 2.868078e-01 -5.807965e-01 4.058077e-01 -2.345928e-02 -1.724979e-01 1.217521e+00 -1.334854e+00 -7.415662e-01 1.679889e+00 -2.026411e-01 4.321808e-03 
1.604701e+01 -1.987349e+00 -1.724426e+01 7.391818e+00 1.456501e+01 -6.660335e+00 -2.060726e+00 8.875358e-01 6.716844e+00 -1.678712e+00 2.092849e+00 5.118932e+00 7.199154e-01 -2.619537e-01 7.072231e-02 -8.352870e-01 1.109382e+00 2.241394e+00 4.288296e-01 7.193902e-01 -8.789782e-01 9.107725e-02 -1.279366e+00 2.356920e+00 1.192127e+00 -1.784457e-02 -1.848731e-01 -3.045934e-01 6.167179e-01 1.440666e-02 -3.055502e-01 1.535837e-01 -3.509566e-01 1.637575e+00 -1.009532e+00 -9.038068e-02 7.538458e-01 -9.543636e-01 3.177942e-03 
1.587042e+01 -3.145854e+00 -1.790001e+01 9.713440e+00 1.518954e+01 -7.446085e+00 -5.490251e-01 5.836860e-01 3.777292e+00 1.792109e-01 5.691095e+00 7.644917e+00 7.090058e-01 -7.026165e-03 -2.144785e-01 -2.834619e-01 2.389433e+00 8.044980e-01 -5.117631e-02 -6.155570e-01 1.488465e+00 2.614407e-01 -2.241052e+00 1.815400e+00 -9.947642e-01 -1.476925e-02 -4.360651e-01 -3.122308e-01 7.810700e-01 2.437001e-01 -4.329122e-01 6.347843e-01 -5.639515e-01 1.322409e+00 -1.874230e-01 2.630244e-01 -2.606667e-01 -1.189834e+00 -4.172357e-03 
1.599834e+01 -4.496354e+00 -1.665698e+01 1.223945e+01 1.344870e+01 -7.702737e+00 -2.764175e-01 2.844296e+00 5.979088e+00 1.969855e-01 6.457647e+00 3.305645e+00 7.065991e-01 -1.110108e+00 -8.226659e-01 1.229808e+00 3.222220e+00 -6.943322e-02 1.573104e+00 -4.358708e-01 2.576677e+00 1.092801e-01 -6.888147e-01 2.723104e-01 -2.428787e+00 -2.331503e-02 -7.005075e-01 -2.039793e-01 9.432162e-01 4.469071e-02 -1.688865e-01 7.321105e-01 -6.618259e-01 1.616986e-01 4.988463e-02 5.446957e-01 -6.485273e-01 -5.844938e-01 -1.314450e-02 
1.587089e+01 -3.310047e+00 -1.531148e+01 1.713045e+01 9.593232e+00 -6.419916e+00 -2.365114e+00 7.365115e+00 6.646916e+00 -6.458121e+00 4.219013e+00 -3.255834e+00 6.744850e-01 -2.048930e+00 -8.035860e-01 1.714882e+00 2.139026e+00 9.987316e-01 3.024607e+00 -1.244754e+00 2.210823e+00 9.113601e-01 -2.581396e-01 -1.171354e-01 -2.450827e+00 -4.626571e-02 -7.737927e-01 -1.457581e-01 7.163938e-01 -6.259522e-01 1.630686e-01 4.628027e-01 -3.228161e-01 -9.428433e-01 -1.447676e-01 7.857751e-01 -2.836235e-01 1.649600e-01 -1.718361e-02 
1.049633e+01 -6.018569e+00 -1.238933e+01 1.979494e+01 1.701611e+01 6.921946e-01 -3.331953e+00 1.038033e+01 5.828874e+00 -1.803780e+00 4.190696e+00 -1.574664e+00 6.206219e-01 -2.743383e+00 -6.546880e-01 2.881671e+00 1.457932e+00 1.299830e+00 2.551467e+00 -2.275145e+00 -4.316894e-01 1.544561e-02 4.526589e-01 8.057407e-02 -1.002265e+00 -6.781719e-02 -2.861663e-01 1.081569e-01 1.682495e-01 -1.140173e+00 -4.795103e-01 -6.175393e-01 -2.138707e-01 -1.190552e+00 -2.258129e-01 1.378194e-01 1.832828e-01 4.407887e-01 -1.558548e-02 
8.376821e+00 -6.402557e+00 -1.145925e+01 1.663076e+01 1.839928e+01 3.479391e+00 -5.245150e+00 7.869658e+00 8.409167e+00 -1.106755e-01 6.239088e+00 -2.169188e+00 5.206783e-01 -3.059170e+00 -1.027182e+00 2.472626e+00 1.420537e-01 9.353108e-01 1.773595e+00 -1.309848e+00 -1.721478e+00 -4.153984e-01 1.117126e+00 4.930760e-01 -8.831794e-01 -7.842775e-02 1.519754e-01 2.548167e-01 -2.518072e-01 -1.115296e+00 -1.404003e+00 -1.355236e+00 3.334144e-01 -6.771280e-01 -4.616424e-01 -3.937037e-01 3.464368e-01 6.326417e-01 -7.744431e-03 
6.028813e+00 -6.223319e+00 -4.174795e+00 1.977909e+01 1.554490e+01 1.051856e-01 -1.021212e+01 4.335673e-01 5.175105e+00 -7.133936e-01 5.850229e+00 -2.249189e+00 4.444162e-01 -2.035889e+00 -1.699588e-01 1.692139e+00 -1.480260e+00 -2.435137e+00 -8.889709e-01 -1.472759e+00 -1.409914e+00 -3.564313e-01 -6.872606e-01 8.835969e-01 -1.008646e+00 -8.516137e-02 4.358851e-01 4.331328e-01 -5.973936e-01 -8.234745e-01 -1.563608e+00 -9.098342e-01 8.825961e-01 3.656469e-02 -7.046937e-01 -9.514640e-01 2.997211e-01 5.802048e-01 -1.350744e-04 
2.808993e+00 -8.344084e+00 -7.055582e+00 1.784788e+01 1.500518e+01 2.741462e+00 -5.474323e+00 3.730959e+00 4.896874e+00 -1.417911e+00 5.854616e+00 -7.334530e+00 3.704555e-01 -1.642785e+00 2.282250e-01 1.050574e+00 -1.968307e+00 -4.153636e+00 -2.031373e+00 2.120099e-02 -6.857463e-01 -1.210941e+00 -1.656620e+00 1.213670e+00 7.155228e-01 -7.631924e-02 4.564829e-01 5.811208e-01 -1.601017e-01 1.126946e-01 -9.060031e-01 8.016202e-03 1.028327e+00 1.933705e-01 -7.564293e-01 -6.901285e-01 -1.919465e-01 6.374668e-01 6.157102e-03 
3.100061e+00 -5.897878e+00 -6.130550e+00 1.178480e+01 6.537432e+00 -3.383965e+00 -1.058112e+01 5.399926e+00 5.802974e+00 -4.586625e+00 8.800775e+00 -4.035048e+00 2.699146e-01 -1.272348e+00 8.831769e-01 6.058133e-01 -1.604320e+00 -3.973722e+00 -9.536932e-02 1.472277e+00 -7.667790e-01 -3.110320e+00 -2.917855e+00 1.218926e+00 1.099359e+00 -6.955161e-02 1.194460e-01 3.463545e-01 2.476315e-01 9.019050e-01 4.552231e-01 1.135703e+00 1.389170e+00 -2.010660e-02 -5.853009e-01 2.285731e-01 -6.544920e-01 3.336143e-01 9.886070e-03 
1.627110e+00 -5.424271e+00 -5.228495e+00 1.078624e+01 2.134866e+00 -4.932651e+00 -4.954533e+00 1.957633e+00 2.040570e+00 -6.457475e+00 1.083242e+01 2.301514e+00 2.263287e-01 -1.158702e+00 1.351694e+00 2.215228e+00 7.675011e-01 -2.825650e+00 1.416681e+00 2.359367e+00 -1.076332e+00 -2.820485e+00 -1.218174e+00 -6.344054e-01 1.250222e+00 -5.544792e-02 -3.365551e-02 1.728533e-01 3.511604e-01 8.128780e-01 1.004293e+00 1.046760e+00 7.104007e-01 -2.615995e-01 -1.151200e-01 8.438320e-01 -6.588027e-01 -2.764233e-01 6.925153e-03 
2.579797e-01 -3.267200e+00 -2.059583e+00 1.528850e+01 2.111360e+00 3.465352e+00 -3.110901e+00 -2.513815e+00 -8.948065e+00 -1.278295e+01 9.456053e+00 -1.570549e+00 1.687061e-01 -1.680822e+00 1.000026e+00 2.347909e+00 1.661460e+00 -8.230214e-01 3.065554e+00 4.304019e+00 -1.315308e+00 -2.478219e+00 2.364471e-01 -1.464904e+00 3.921506e-01 -4.616368e-02 -7.353224e-02 -4.896270e-02 -9.927852e-02 6.361824e-02 7.610171e-01 -4.750086e-02 -1.302430e-01 -2.020946e-01 6.479895e-01 1.232286e+00 -4.102873e-01 -4.166703e-01 4.427620e-03 
-1.563047e+00 -2.901201e+00 1.984730e+00 1.993342e+01 3.090323e+00 6.400397e+00 2.587021e+00 2.306438e+00 -1.830241e+00 -3.410921e+00 2.354880e+00 -2.315705e+00 1.438124e-01 -1.606766e+00 1.034195e+00 1.935333e+00 4.631624e-01 -7.074920e-01 1.621916e+00 2.157353e+00 -1.719366e+00 -2.102625e+00 9.853206e-01 -7.383372e-01 -3.128863e-01 -5.338800e-02 3.774581e-02 -7.663435e-02 -6.736874e-01 -6.065515e-01 3.273245e-01 -8.796768e-01 -7.559071e-01 -5.113871e-02 9.389331e-01 7.157560e-01 2.334570e-01 -1.705910e-01 3.174293e-03 
-3.708976e+00 -2.159391e+00 2.002193e+00 1.551875e+01 1.944513e+00 6.277116e+00 7.168029e+00 -1.351400e+00 -4.652877e+00 -4.927896e+00 5.715025e+00 2.342803e-01 8.035731e-02 -1.416114e+00 7.972550e-01 2.493150e-01 -1.133996e+00 -1.227615e+00 -4.354307e-01 9.219950e-01 -1.455859e+00 -2.293958e-01 2.141752e+00 -7.806267e-01 -2.024858e-01 -4.844223e-02 2.856095e-01 -2.516508e-02 -5.803643e-01 -4.852125e-01 5.431294e-03 -1.019550e+00 -9.575663e-01 4.651642e-01 1.216827e+00 4.359588e-01 1.658897e-01 -7.661374e-02 6.195413e-03 
-4.422740e+00 -8.069289e-01 2.417607e+00 1.298690e+01 -1.319156e+00 1.771010e+00 6.925400e-01 -7.220878e+00 -1.062004e+01 -5.458223e+00 9.010959e+00 -1.652691e-01 3.568164e-03 -1.102190e+00 1.069985e+00 -1.038991e-01 -8.673900e-01 -9.866878e-01 -1.231030e+00 2.707062e-01 -1.261823e+00 7.497135e-01 1.407837e+00 1.908374e-01 6.946007e-01 -3.843896e-02 3.602763e-01 -5.715351e-02 -1.281607e-01 3.387498e-02 -4.854260e-03 -4.905829e-01 -9.147257e-02 1.017618e+00 1.200356e+00 -3.128711e-02 3.997786e-02 -3.278847e-03 1.032756e-02 
-5.392348e+00 -3.280886e-01 -1.029320e+00 1.309285e+01 -1.822003e+00 3.602671e+00 2.446480e+00 -5.029306e+00 -5.699943e+00 -1.050463e+00 2.224862e+00 -3.658127e+00 -3.371143e-03 -5.052371e-01 8.562405e-01 4.658249e-01 -9.920659e-02 -6.563462e-01 -6.057112e-01 4.596071e-01 7.815901e-01 2.179921e+00 2.205081e+00 -1.100068e+00 -4.946722e-01 -2.266401e-02 3.558805e-01 -3.241505e-02 2.050435e-01 1.350021e-01 1.024733e-01 -5.269933e-03 6.828458e-02 7.412997e-01 4.307425e-01 -6.143675e-01 9.491391e-02 8.160756e-03 9.807623e-03 
-6.232644e+00 1.533305e+00 2.981449e+00 1.680928e+01 4.005305e-02 1.582360e+00 6.301476e+00 -2.163405e+00 2.442006e+00 1.689400e+00 5.054163e+00 3.103356e+00 -6.498223e-03 -2.607116e-01 7.188154e-01 1.186293e+00 1.149929e-01 -1.017375e+00 -7.459053e-01 1.931121e+00 2.249831e+00 2.694472e+00 7.972767e-01 -3.787569e-01 -1.832085e-01 -1.463808e-02 2.186041e-01 -5.012491e-02 -4.883760e-02 -2.088030e-01 4.791511e-02 1.754637e-01 -3.334460e-01 9.874341e-03 -2.474785e-01 -7.446764e-01 1.046881e-01 -1.193844e-02 7.120358e-03 
-5.329778e+00 9.514354e-01 4.049394e+00 1.311120e+01 -2.016505e+00 3.342948e+00 6.661657e+00 2.816675e-02 -2.840629e-01 2.523510e+00 2.193354e+00 -3.873445e+00 -2.794859e-02 -5.748380e-02 8.107231e-01 6.293772e-01 -9.502876e-01 -6.999104e-01 -7.044588e-01 4.332626e-01 4.948588e-01 9.519961e-01 -6.247088e-01 -2.132692e-02 2.771446e-01 -1.130527e-02 1.143345e-02 -3.415163e-03 -4.523356e-01 -2.608537e-01 1.285896e-01 8.478053e-02 -7.123289e-01 -7.328853e-01 -1.942226e-01 -5.187492e-01 2.793206e-01 4.437604e-01 2.794829e-03 
-5.757573e+00 2.147228e+00 5.809849e+00 1.355250e+01 -6.308453e+00 -1.828698e+00 8.240450e+00 1.499651e+00 1.447528e-01 -3.258706e+00 7.133265e+00 -9.737396e-01 -5.733963e-02 -2.330764e-01 8.421488e-01 -4.298544e-01 -1.485977e+00 -7.253028e-01 -3.044746e-01 -1.383329e+00 -1.068993e+00 1.263293e-01 -9.007527e-01 1.750684e-01 2.489194e-01 -8.521460e-03 -1.514018e-01 -1.086781e-01 -6.029230e-01 -2.342200e-01 1.768423e-01 7.647142e-03 -7.782254e-01 -5.662534e-01 5.478366e-02 9.387800e-02 -9.004415e-02 4.693238e-01 -3.977805e-04 
-5.917475e+00 3.418575e+00 7.035639e-01 9.969544e+00 -2.147402e+00 1.785927e+00 3.643199e+00 -4.386686e+00 2.087607e-01 -1.700042e+00 1.078623e+00 -2.336131e-01 -3.450140e-02 -4.620764e-01 7.774268e-01 -9.877552e-01 -6.028804e-01 -1.592091e-01 -4.025981e-01 -1.444878e+00 -1.223317e+00 2.492959e+00 4.603322e-01 1.964851e-02 1.507999e+00 -1.175224e-02 -1.345091e-01 -2.112293e-01 -1.608076e-01 1.615682e-01 -2.359186e-02 -2.604270e-02 -7.139144e-03 2.598679e-01 1.000153e-01 3.853983e-01 -1.936507e-01 4.950949e-02 -4.491617e-03 
-7.103992e+00 4.510357e+00 2.505377e+00 1.094975e+01 -3.520899e+00 8.382888e-01 8.941707e-01 -5.300643e+00 2.826793e+00 -7.024057e-01 6.487161e+00 2.528261e+00 -4.583267e-02 -8.154351e-01 1.920605e-01 -1.019694e+00 -1.229662e+00 -4.033852e-01 -8.585101e-01 -1.021003e+00 2.777996e-01 2.197867e+00 7.242348e-01 -8.494368e-01 1.548066e+00 -1.641136e-02 3.875058e-02 -2.842271e-01 1.474555e-01 2.953453e-01 -9.460401e-03 3.178678e-01 6.024257e-01 5.973820e-01 -4.566167e-01 1.982687e-01 -8.397913e-02 -2.403151e-01 -5.498658e-03 
-6.966802e+00 3.657014e+00 7.628431e-01 1.139772e+01 -4.206726e+00 -3.617308e-03 3.110343e+00 -2.688017e+00 1.083925e+01 3.546999e+00 2.614918e+00 1.915451e+00 -9.245779e-02 -4.387883e-01 7.957638e-02 1.202465e-01 -2.707187e-01 -9.788656e-01 -5.576481e-01 2.163632e-01 1.121003e+00 4.162933e-01 4.897626e-01 -4.771935e-01 -1.247844e-01 -2.982031e-02 1.228371e-01 -2.407272e-01 2.623373e-01 1.930014e-01 7.805626e-02 6.496521e-01 3.064207e-01 4.246034e-02 -1.412731e+00 -4.508435e-01 4.238382e-02 -7.223442e-01 -1.877327e-03 
-9.309711e+00 2.988469e+00 6.815065e-01 6.690242e+00 -7.296173e+00 -5.226155e+00 3.401666e+00 2.039114e+00 5.818884e+00 -2.261070e+00 2.117576e+00 5.691742e+00 -1.104122e-01 -5.096312e-02 -2.299420e-01 -2.465148e-01 -1.754342e-01 -3.628295e-01 1.362376e+00 7.981876e-01 7.457990e-01 -1.118516e+00 7.579386e-02 3.521151e-03 -1.362323e-01 -2.697820e-02 1.524150e-01 1.883285e-02 1.916024e-01 2.911542e-01 5.201563e-01 7.786120e-01 -8.097500e-02 -8.038158e-01 -1.227286e+00 -4.937481e-01 2.822278e-01 -7.806287e-01 3.157874e-03 
-7.008515e+00 4.577407e+00 2.216333e+00 1.074620e+01 -5.154347e+00 2.029856e+00 3.470877e+00 -2.452002e+00 7.940812e-01 1.528459e+00 8.768153e-01 -2.439364e+00 -1.512926e-01 -2.301265e-01 -2.149774e-01 -6.260044e-02 -1.649529e-01 2.107254e-01 1.735270e+00 -8.224148e-01 -1.245134e+00 -2.912524e+00 -1.469644e+00 -1.949051e-01 -1.261620e+00 -1.585266e-02 8.858734e-03 2.015211e-01 1.411026e-01 1.074895e-01 5.582575e-01 1.716676e-01 -3.622923e-01 -7.352619e-01 -2.790688e-01 -3.895568e-01 2.371161e-01 -2.621718e-01 8.222264e-03 
-7.337588e+00 2.900158e+00 5.459455e-01 1.039833e+01 -4.861211e+00 6.632919e+00 4.704674e+00 -1.689769e+00 2.257012e+00 6.859466e-01 7.373760e+00 4.024514e+00 -1.512926e-01 -1.574675e-01 4.337392e-01 2.976725e-02 1.731164e-01 1.602493e+00 1.888198e+00 -9.065283e-01 -2.558347e+00 -2.274142e+00 -7.647705e-01 4.204431e-01 -1.786648e+00 -7.608097e-03 -3.826462e-03 3.027440e-01 2.113081e-01 8.458008e-03 2.690993e-01 -5.576990e-01 -2.082691e-01 -1.760441e-01 3.731366e-01 3.167425e-02 -1.830745e-01 -6.434333e-02 7.273603e-03 
-9.103460e+00 2.626395e+00 5.179142e-01 8.718221e+00 -4.370808e+00 2.743217e+00 -1.653227e+00 -7.049084e+00 -1.942718e+00 -5.274661e+00 -9.873174e-01 -3.558925e+00 -1.512926e-01 -3.412886e-01 7.553540e-01 6.875073e-01 9.231521e-02 8.296496e-01 3.770906e-02 -7.429087e-01 -9.032076e-01 -4.011694e-01 -1.037609e+00 4.997659e-01 -6.104677e-01 1.603268e-03 6.744926e-02 6.050636e-02 -3.416120e-02 -1.236227e-02 -1.389690e-01 -7.944241e-01 1.538971e-01 5.532333e-01 7.853314e-01 6.680266e-01 -1.950041e-01 5.775207e-01 3.940519e-03 
-9.050160e+00 6.132657e+00 1.679144e+00 8.569731e+00 3.248924e-01 3.858007e+00 1.431264e+00 -8.453938e+00 -4.183733e+00 -2.683458e+00 5.152276e+00 -2.681653e+00 -1.484466e-01 -1.447837e-02 7.985020e-01 4.349535e-01 -2.617619e-01 6.732036e-01 -5.774975e-01 -2.830016e-01 -3.053145e-01 -5.084637e-01 1.819568e-02 -1.259072e+00 -7.835031e-01 6.607545e-04 -2.134710e-02 -3.476505e-01 -3.210715e-01 -2.677487e-01 -5.522694e-01 -6.301928e-01 -5.014390e-02 7.167574e-01 5.286388e-01 5.004752e-01 -4.582059e-01 6.686860e-01 1.087239e-03 
-7.859007e+00 6.738076e+00 5.087010e+00 1.212265e+01 -3.599714e+00 3.605742e+00 1.393127e+00 -3.585919e+00 2.008751e+00 -1.975062e+00 4.486628e+00 -2.138559e+00 -1.446871e-01 3.566876e-02 -9.476153e-02 -4.360122e-01 -9.448610e-03 -1.949086e-02 -1.004072e+00 -3.647524e-01 3.945230e-01 1.312005e-01 1.478936e+00 -3.300165e-01 1.124426e+00 -2.866168e-04 -5.977948e-02 -4.253525e-01 -5.200117e-01 -3.686054e-01 -2.652130e-01 -2.536468e-01 -2.724895e-01 -9.549290e-03 2.069494e-01 2.842773e-01 -2.623709e-01 3.827279e-01 -7.735962e-04 
-8.031887e+00 4.837107e+00 4.356585e-01 7.386812e+00 -1.880538e+00 3.314432e+00 1.766374e+00 -4.948226e+00 -2.260537e+00 -8.727180e-01 -1.658549e+00 -6.032192e-01 -1.512926e-01 -4.526059e-01 -8.794068e-01 -1.013865e+00 -1.114749e+00 -7.342082e-01 -7.417856e-01 -1.346470e+00 3.766274e-01 1.027425e-01 4.792725e-01 -1.455586e+00 6.894031e-01 -1.229130e-03 -1.017913e-01 -1.634680e-01 -2.033956e-01 -2.196863e-01 -2.153951e-01 -1.022271e-01 -2.908823e-01 -3.400252e-01 5.087470e-01 -2.365994e-01 3.430284e-01 1.066756e-01 -2.354135e-04 
-9.434388e+00 2.800073e+00 -1.040348e+00 9.262130e+00 -3.365574e+00 -2.005941e+00 -3.644463e+00 -6.829526e+00 -2.247957e+00 1.214981e+00 7.675357e-01 1.024008e+00 -1.512926e-01 -4.209340e-01 -5.323521e-01 -1.188173e+00 -1.324184e+00 2.073558e-01 -1.148386e+00 -1.573529e+00 -1.291883e+00 3.279710e-01 1.533037e-01 -7.138475e-01 5.666993e-01 -1.321438e-03 8.101363e-02 2.987039e-01 3.328369e-01 2.948109e-02 2.043003e-01 4.367049e-01 2.448908e-01 -1.976157e-01 4.986533e-01 -5.550348e-01 3.251341e-01 -4.450457e-01 1.805379e-04 
-1.052589e+01 3.704767e+00 -3.262404e-01 4.426180e+00 -3.463286e+00 2.954680e+00 -2.782147e+00 -4.949029e+00 -1.542021e+00 -1.881665e+00 -2.662323e-01 -8.157941e-01 -1.512926e-01 -2.950228e-01 2.001663e-01 -2.059551e-01 -7.027385e-01 -5.171093e-01 -1.016431e+00 -1.133115e+00 -1.162191e+00 1.936874e+00 -5.019363e-01 6.478986e-01 2.877631e-02 2.372224e-08 3.080284e-01 4.667262e-01 6.970116e-01 6.227239e-01 4.600081e-01 4.613792e-01 7.999829e-01 5.529590e-01 4.094148e-01 -4.220144e-01 3.154601e-01 -3.145128e-01 7.843971e-04 
-8.716915e+00 4.642169e+00 -4.728301e-01 6.982218e+00 -1.771304e+00 -1.956366e+00 -4.200272e+00 -1.004463e+01 3.289278e+00 -7.043447e-01 2.211383e-01 8.011469e-01 -1.512926e-01 3.618580e-01 8.589841e-01 8.242115e-01 -6.814385e-02 8.935518e-01 1.316809e+00 7.529411e-01 1.758552e-01 1.707415e+00 -8.055652e-01 2.437590e-01 -7.704761e-01 2.372224e-08 2.414625e-01 1.046150e-01 5.446300e-01 7.431165e-01 3.651127e-01 6.992115e-01 8.641151e-01 1.227028e+00 -1.195967e-01 -2.649499e-01 9.822211e-02 -5.683409e-02 6.694631e-04 
-9.865891e+00 4.916913e+00 -8.776751e-01 5.013468e+00 -5.263120e+00 -1.791845e+00 -3.621157e+00 -9.151950e+00 4.654902e+00 -2.422980e+00 1.854348e+00 -3.479007e-01 -1.512926e-01 6.961204e-01 7.585964e-01 1.464956e+00 1.371033e+00 1.222690e+00 3.324539e-01 1.490234e+00 2.407473e+00 1.460010e+00 -1.151446e+00 -3.571343e-01 -2.145917e-01 2.030799e-03 9.671313e-02 -3.389063e-01 -6.613736e-04 5.716196e-01 3.626978e-01 4.974415e-01 4.298333e-01 8.843033e-01 -6.580262e-01 7.669222e-02 6.244316e-03 3.444787e-01 1.020909e-04 
-7.954485e+00 6.488844e+00 3.356884e+00 8.627291e+00 2.002126e+00 6.951431e+00 5.399927e-01 -3.848828e+00 3.190861e+00 -2.542231e+00 9.266690e-01 -3.062231e+00 -1.512926e-01 2.909068e-01 -2.884288e-01 6.995767e-01 1.354263e+00 1.163120e+00 1.673100e+00 1.435300e+00 3.058349e+00 -3.159983e-02 -8.466512e-01 2.797171e-01 4.041907e-01 1.015411e-03 -1.617634e-01 -5.884492e-01 -5.593350e-01 1.285126e-01 -2.183466e-01 -1.227362e-01 -2.987334e-01 -9.944642e-02 -6.263514e-01 3.351967e-01 2.890447e-01 5.711618e-01 -4.050779e-04 
-7.426577e+00 6.574211e+00 5.084253e+00 1.045840e+01 7.632131e-01 1.626581e-01 2.298877e+00 3.990657e+00 5.807414e+00 -6.719892e+00 -2.404361e+00 4.319148e-02 -1.411383e-01 2.241474e-01 -9.208089e-01 -1.468398e-01 1.444021e+00 1.161556e+00 1.292716e+00 6.750889e-01 1.818025e+00 -4.835950e-01 -9.787485e-02 6.611589e-01 1.163770e+00 2.372224e-08 -2.315948e-01 -4.959706e-01 -7.128931e-01 -2.482804e-01 -4.111337e-01 -1.669179e-01 -5.415008e-01 -7.952694e-01 -4.245618e-01 4.180552e-01 3.974131e-01 4.213285e-01 -8.119075e-04 
-8.481929e+00 2.371602e+00 4.413991e-02 1.103067e+01 1.030538e+00 5.431700e+00 1.596474e-02 -1.324105e+00 2.554852e+00 -2.789135e+00 3.749191e+00 2.626549e+00 -1.512926e-01 -2.110303e-01 -1.243671e+00 -1.166497e+00 5.380560e-01 -1.676331e-01 2.229701e-01 -3.330916e-01 -2.652564e-02 -4.524451e-01 3.437760e-01 1.179862e+00 1.396151e+00 -1.015364e-03 -1.438660e-01 -2.233495e-01 -4.751590e-01 -2.538911e-01 -3.990594e-01 -3.970000e-01 -4.544768e-01 -8.014393e-01 -8.103791e-02 2.822437e-01 2.319032e-01 2.216148e-01 -5.072413e-04 
