-7.159725e+00 2.382846e+00 8.451377e+00 3.635748e+00 -6.020610e-01 5.286875e+00 -5.210572e+00 4.814760e+00 4.603695e+00 1.398764e+00 8.105057e+00 4.415616e+00 -1.512926e-01 -3.212181e-02 -5.568894e-01 -7.672632e-01 8.852274e-02 1.197610e+00 5.631927e-01 3.365323e-01 5.196620e-01 -2.635131e-01 7.836490e-02 -1.973378e+00 -8.291380e-01 1.999478e-06 1.364548e-01 9.460679e-02 3.648209e-03 -1.661345e-01 -3.311588e-01 -3.560421e-01 -3.412733e-01 -1.800971e-01 -1.299448e-01 6.746623e-01 4.171331e-01 1.629296e-01 3.175870e-07 
-7.660791e+00 2.834108e+00 8.741561e+00 5.038508e+00 1.949001e+00 6.127438e+00 -1.951915e+00 4.403870e+00 -1.698343e+00 -1.449061e+00 2.832116e+00 -5.950416e-01 -1.512926e-01 4.481215e-01 -2.074842e-01 -1.316973e+00 -6.919035e-01 8.221582e-01 -1.904704e-01 -1.894209e-02 5.392014e-01 -6.787810e-01 1.831716e+00 -8.979789e-01 -3.953081e-01 1.999478e-06 1.180751e-01 1.392552e-01 3.146202e-01 2.780119e-02 -6.683621e-01 -6.771843e-01 -8.857709e-01 -5.951673e-01 -2.232989e-03 8.282329e-01 6.311758e-01 4.701497e-01 3.175870e-07 
-7.069657e+00 -6.270635e-01 4.469508e+00 3.377072e+00 4.110386e+00 7.682479e+00 -5.156889e+00 7.618717e+00 6.437329e+00 3.214850e+00 8.749256e-01 2.775682e+00 -1.512926e-01 4.099820e-01 -2.585165e-01 -4.741633e-01 -3.520253e-01 -2.704164e-01 -8.402162e-01 -1.192068e+00 -3.904560e-01 -7.057682e-01 2.574925e+00 -4.252945e-01 -2.313065e-01 1.999478e-06 -8.352617e-03 2.592708e-01 7.324292e-01 3.435926e-01 -8.375939e-01 -5.735900e-01 -7.910336e-01 -8.721232e-01 -6.322969e-02 4.299361e-01 2.720526e-01 3.869004e-01 3.175870e-07 
-4.964452e+00 2.850348e+00 3.857430e+00 3.056908e-01 1.152264e+00 3.136695e+00 -5.331961e+00 6.108328e+00 2.930976e-01 9.649425e+00 7.230386e+00 3.259443e+00 -1.512926e-01 3.372020e-01 -9.753913e-03 6.592849e-01 4.476882e-01 -1.410142e+00 -2.121129e+00 -3.327937e+00 -2.001062e+00 -5.342570e-02 2.971226e+00 4.084095e-01 1.222819e+00 1.999478e-06 -2.328311e-01 4.807423e-02 7.004926e-01 5.659469e-01 -5.592186e-01 2.037215e-01 -4.373175e-02 -4.167045e-01 3.919090e-01 -5.448630e-01 -3.042583e-01 5.211072e-02 3.175870e-07 
-6.457817e+00 1.081927e+00 8.522482e+00 4.241722e+00 -1.555758e+00 2.581508e+00 -9.480486e+00 2.010134e+00 7.942969e-02 8.724348e+00 3.779567e+00 1.332027e+00 -1.512926e-01 -1.830060e-02 6.406310e-01 1.906806e+00 1.236582e+00 -1.874208e+00 -1.339439e+00 -1.964076e+00 -2.570915e+00 -8.922256e-01 1.658315e+00 -1.266364e+00 2.963107e-01 1.999478e-06 -2.671296e-01 -2.241437e-02 7.858673e-02 8.093543e-02 1.054149e-01 9.002452e-01 1.011456e+00 4.457818e-01 5.391742e-01 -1.104294e+00 -3.099102e-01 -2.855241e-01 3.175870e-07 
-6.281305e+00 1.930893e+00 1.001184e+01 6.845250e+00 -2.268696e+00 -1.927436e+00 -1.642968e+01 -2.798084e+00 1.213406e+00 1.065196e+01 3.421896e+00 6.240730e+00 -1.512926e-01 -5.020430e-01 -4.167481e-01 9.949747e-01 1.343367e+00 -1.172098e+00 1.077636e+00 1.483163e-01 -4.542382e-01 1.374187e+00 -4.342727e-01 -1.998716e+00 -3.985074e-01 1.999478e-06 -2.146052e-01 -5.612777e-02 -3.799729e-01 -4.385229e-01 5.951574e-01 1.072850e+00 1.387293e+00 9.831289e-01 2.075661e-01 -1.215978e+00 -4.545625e-02 -6.648405e-01 3.175870e-07 
-6.502851e+00 3.035897e+00 1.092659e+01 6.289575e+00 -3.550064e+00 3.517024e+00 -9.428255e+00 -7.824473e-01 1.515985e+00 1.100480e+01 -3.552850e+00 2.766666e+00 -1.512926e-01 -5.060669e-01 -1.671166e-01 -2.490146e-01 -3.953039e-01 1.377010e-01 2.061597e+00 2.127204e+00 1.065091e+00 1.276439e+00 -1.243690e+00 -7.713863e-01 -8.482490e-01 1.999478e-06 -9.217636e-02 3.384192e-02 -4.420529e-01 -7.368325e-01 7.207080e-01 8.118089e-02 2.734468e-01 8.314160e-01 -2.655887e-01 -7.246170e-01 4.986297e-01 -2.325749e-02 3.175870e-07 
-7.451669e+00 -2.103546e-01 7.630309e+00 5.998964e+00 -3.710917e+00 8.057100e+00 -4.616682e+00 5.233680e+00 6.446174e+00 6.337642e+00 9.027917e-01 5.493398e-01 -1.512926e-01 -4.922457e-01 1.134819e-01 -1.625507e-01 -9.289950e-01 5.596588e-01 1.542535e+00 1.562959e+00 1.096493e+00 -9.991092e-02 -1.657751e+00 -6.633726e-02 -1.529092e+00 1.999478e-06 3.717766e-01 2.553133e-02 3.991613e-03 -7.462192e-01 2.271372e-01 -8.413595e-01 -5.870941e-01 2.964192e-01 -8.839181e-01 -1.133237e-01 3.542329e-01 3.377076e-01 6.136191e-03 
-8.402556e+00 1.317232e+00 8.467711e+00 2.688067e+00 -1.462270e-01 7.896770e+00 -4.751613e+00 3.319762e+00 3.845384e+00 4.663501e+00 1.182109e+00 -6.377120e-02 -1.512926e-01 -4.841979e-01 5.447283e-01 2.752266e-01 -1.311446e+00 8.634450e-01 -1.166034e+00 -1.304010e+00 8.109388e-01 -1.483234e+00 -1.353090e+00 2.605054e-01 7.452947e-01 1.999478e-06 6.870000e-01 -3.787940e-01 3.078284e-01 -5.481499e-01 -1.901997e-01 -1.022118e+00 -5.405033e-01 3.132078e-01 -5.414881e-01 2.533154e-01 -1.254032e-01 3.737273e-01 1.254438e-02 
-7.792270e+00 3.357586e+00 1.042790e+01 4.001408e+00 -1.172307e+00 3.595372e+00 -1.095360e+01 6.335845e-01 -4.507832e-01 5.534233e+00 7.224810e-01 1.009343e-02 -1.512926e-01 1.345975e+00 -6.449714e-01 7.528115e-01 -1.929342e+00 -3.993203e-01 -1.515154e+00 -1.071461e+00 1.154832e+00 -1.665688e+00 -9.461747e-01 -7.433965e-01 4.931464e-01 3.068807e-02 4.895143e-01 -5.629391e-01 2.841335e-01 -5.828551e-01 1.351090e-02 -4.783069e-01 3.948435e-01 5.619029e-01 4.126306e-01 5.232886e-01 -2.100449e-01 1.172933e-01 1.437613e-02 
-8.753510e+00 3.975393e+00 1.090401e+01 7.312292e-01 -5.021771e-01 -8.234919e-02 -1.278025e+01 5.572297e+00 -2.451999e+00 4.641195e+00 -2.160195e+00 6.762638e+00 -1.512926e-01 2.009743e+00 -1.681890e+00 8.324268e-01 -2.635913e+00 -3.337541e-01 -1.520193e+00 7.417812e-01 2.602005e+00 -6.483074e-01 -3.328592e-01 -1.059927e+00 9.307818e-03 4.737880e-02 9.454296e-02 -2.012434e-01 -6.934436e-02 6.784564e-02 3.529018e-01 3.667544e-01 9.377012e-01 2.779518e-01 1.025426e+00 5.688844e-01 2.974405e-01 -4.218925e-01 1.898677e-03 
-5.469885e-01 -4.764782e+00 1.017615e+01 -2.669086e+00 -5.529323e+00 4.470699e+00 -5.959705e+00 9.881959e+00 1.266473e+00 1.618170e+00 -1.142915e+00 -3.977225e-01 2.127599e-03 7.081003e-01 -1.588041e+00 9.793513e-01 -3.181129e+00 1.225877e+00 -6.718491e-01 2.514317e+00 3.010519e+00 1.545666e+00 4.484981e-01 -4.564271e-01 -5.746323e-01 4.819260e-02 -6.641774e-01 5.713385e-01 -5.982638e-01 1.155160e+00 5.907584e-01 3.613581e-01 1.903993e-01 -1.893309e-01 9.335006e-01 3.703302e-01 8.420735e-01 -1.305768e-01 -2.014110e-02 
-1.976168e+00 -3.031260e+00 1.275562e+01 -7.156800e+00 3.635703e-01 -1.420188e-01 -3.539168e+00 1.170553e+01 -2.548046e-01 4.957125e+00 -3.184688e+00 1.869524e-01 8.873659e-03 3.072852e-01 9.995418e-03 -1.847017e-01 -3.466155e-01 1.815387e+00 2.459825e-01 1.591474e+00 1.272906e+00 2.038280e+00 7.939348e-01 1.604213e+00 -8.301482e-01 7.432338e-04 -6.807114e-01 7.683701e-01 -1.003977e+00 1.990840e+00 2.318876e-02 3.158239e-01 -6.656002e-01 -4.636006e-01 6.446272e-01 -1.391829e-01 7.976332e-01 2.492517e-01 -2.858870e-02 
-7.640086e+00 -1.079362e+00 1.439920e+01 -7.960772e+00 4.524191e+00 2.658098e-01 -3.002346e+00 1.261900e+01 6.178507e+00 7.618392e+00 -1.047514e+00 4.248450e-01 9.576375e-03 -1.123473e+00 1.365668e+00 -1.730031e+00 2.701704e+00 1.479932e+00 -5.914444e-01 -5.443953e-01 8.727671e-01 1.658522e+00 3.421452e-01 2.134842e+00 2.600249e-01 -4.670095e-02 -3.846367e-01 2.448703e-01 -1.052817e+00 2.146109e+00 -3.746260e-01 -1.278589e-01 -1.083781e+00 -2.931404e-01 1.487215e-01 -6.936075e-01 1.594705e-01 3.893757e-01 -2.096000e-02 
-3.670374e+00 2.183130e+00 7.869086e+00 1.644580e+00 3.547923e+00 3.250326e+00 -6.301143e+00 1.056856e+01 5.283336e+00 5.610478e+00 5.813144e+00 2.200370e+00 -1.512926e-01 -4.780746e-01 6.831316e-01 -2.832660e+00 4.376633e+00 -3.448968e-01 1.872887e-02 -1.056851e+00 1.352878e+00 2.518369e+00 -9.756004e-01 1.632498e+00 8.381560e-01 -4.812122e-02 -4.103990e-01 -4.091764e-01 -1.548903e-01 7.665136e-01 -3.226461e-01 -4.099268e-01 -7.344351e-01 -4.713145e-02 1.530257e-01 -6.916987e-01 -6.167078e-01 1.891050e-01 1.303113e-03 
-5.316958e+00 -5.434453e-01 3.969853e+00 6.438873e+00 2.782150e-01 -1.824903e-01 -7.300794e+00 1.481465e+01 6.790184e+00 3.002338e+00 5.032235e+00 -1.046915e-01 -1.512926e-01 -8.225551e-01 -7.002695e-01 -2.960644e+00 5.187637e+00 4.329835e-01 -1.197629e+00 -1.580490e+00 1.504867e+00 2.049256e+00 -2.134763e+00 3.267971e-01 5.381037e-01 -3.217690e-02 -1.834597e-01 -3.969292e-01 7.858859e-01 -6.147184e-01 -2.248979e-02 6.357381e-02 1.102111e-01 -3.907941e-01 -2.819447e-01 -2.588269e-01 -7.856721e-01 -1.845779e-01 1.415279e-02 
-5.527634e+00 1.165166e-01 3.806985e+00 7.527070e+00 7.620684e-01 1.760460e-01 -6.674501e+00 1.737234e+01 1.203133e+01 2.387107e+00 1.938103e+00 4.642411e+00 -1.512926e-01 -1.895361e+00 -1.002829e+00 -3.437183e-01 2.243045e+00 7.256856e-01 -1.500459e+00 -1.562555e+00 7.213367e-01 2.607982e+00 -1.426129e+00 -5.752611e-01 -2.369457e-02 1.999478e-06 -1.012509e-01 1.983377e-01 1.123758e+00 -1.496299e+00 1.950837e-01 7.302797e-01 1.042699e+00 -6.851542e-01 -1.293986e+00 4.554712e-01 -5.158853e-01 -5.230094e-01 1.284216e-02 
-1.082403e+01 -3.547481e+00 1.626758e+00 1.503587e+01 8.081876e+00 -4.185541e+00 -1.071808e+01 1.674195e+01 1.305079e+01 -1.443788e+00 2.523949e+00 1.894161e+00 -1.512926e-01 -1.332190e+00 2.239992e-01 9.549530e-01 6.946585e-01 8.322453e-01 4.861470e-01 2.594524e-01 -7.654731e-01 2.040507e-01 -7.267432e-01 -6.894792e-01 -2.319800e-01 1.999478e-06 3.875416e-01 8.011751e-01 9.547646e-01 -1.787805e+00 -4.622498e-01 1.335696e+00 1.451040e+00 -7.928250e-01 -1.796839e+00 8.090366e-01 -3.757095e-02 -1.805947e-01 6.435932e-03 
-1.039388e+01 -1.329180e+00 7.321867e+00 8.560976e+00 3.274734e+00 -2.250690e+00 -1.240544e+01 1.321124e+01 1.519259e+01 7.032326e-01 4.190676e+00 1.082691e+00 -1.512926e-01 -7.294807e-01 1.212730e+00 8.281464e-01 -8.581969e-01 4.308722e-01 2.828276e+00 3.236651e+00 -9.376991e-01 -3.028996e+00 5.976233e-01 -4.388475e-01 -1.391778e+00 1.999478e-06 7.635949e-01 4.874588e-01 2.890938e-01 -1.025583e+00 -7.717511e-01 1.122008e+00 9.383319e-01 -7.343448e-01 -1.456070e+00 8.635643e-01 1.883681e-01 -6.328886e-02 3.175870e-07 
-9.545486e+00 1.299265e+00 6.987002e+00 9.396086e+00 3.182892e+00 3.462024e+00 -3.137760e+00 1.306736e+01 6.229712e+00 2.108859e-01 4.585717e-01 5.153552e-01 -1.512926e-01 5.322735e-01 2.197747e+00 1.227079e+00 -2.200539e+00 -1.730877e+00 3.316478e+00 3.275141e+00 -1.629673e+00 -4.116621e+00 8.985010e-01 7.066559e-02 3.192103e-01 1.999478e-06 5.025877e-01 -4.786893e-01 -1.390358e-02 -5.240371e-01 -7.158716e-01 -1.185699e-02 -3.234443e-01 -4.571090e-01 1.800192e-01 4.323851e-01 7.633296e-02 -1.215861e-01 1.992713e-03 
-9.814654e+00 3.756673e+00 5.267996e+00 6.056447e+00 5.365810e+00 1.049369e+01 5.718359e+00 1.452087e+01 2.963561e-01 4.547917e+00 7.765743e-01 -1.626719e+00 -1.512926e-01 9.904729e-01 4.474826e-01 9.656540e-01 -1.437283e+00 -1.851512e+00 2.694443e+00 1.621298e+00 -2.518298e+00 -2.512106e+00 2.078997e+00 -1.340211e-02 -6.156327e-01 1.999478e-06 4.209544e-02 -1.192862e+00 -3.406340e-01 -1.732822e-01 -2.566845e-01 -9.570069e-01 -1.304625e+00 -1.075704e-01 1.242973e+00 -5.319334e-01 -3.413147e-01 -1.309467e-01 7.793582e-03 
-8.452250e+00 4.898303e+00 8.789605e+00 5.285209e+00 -1.618023e+00 6.024703e+00 -3.404237e+00 7.938596e+00 -8.442889e-02 1.126229e+00 4.584081e+00 4.844932e+00 -1.512926e-01 3.205815e-01 -1.786878e+00 8.166963e-01 -1.635801e+00 -1.605961e+00 4.939145e-01 -5.502393e-01 -2.260657e+00 8.455468e-01 6.945179e-01 -5.204599e-01 -1.227861e+00 9.969788e-03 -6.457207e-01 -1.267455e+00 -8.197980e-01 1.582686e-01 5.591092e-01 -1.041537e+00 -1.129615e+00 6.575980e-01 1.497905e+00 -6.788771e-01 -4.251359e-01 -4.127311e-01 1.569068e-02 
-5.987808e+00 -8.910483e-01 1.124897e+01 3.429765e+00 -3.582494e+00 9.940064e+00 -4.165461e+00 3.183914e+00 5.788877e+00 1.064061e+01 2.061042e+00 -4.160310e+00 -1.512926e-01 -4.133423e-01 -2.759177e+00 -6.697773e-01 -2.006962e+00 -9.151117e-01 -5.455738e-01 -1.373836e+00 -1.159890e+00 7.047998e-01 -1.960100e+00 -1.849928e+00 -1.272902e+00 3.397956e-02 -9.673271e-01 -3.050417e-01 -1.014051e+00 4.018938e-01 7.038015e-01 -9.085973e-01 -6.392353e-01 8.694142e-01 7.910315e-01 -7.658909e-01 -2.568097e-01 4.281836e-01 2.154052e-02 
-9.856065e+00 -5.311065e+00 8.079999e+00 2.529189e+00 -3.727171e-01 6.208381e+00 -9.469443e-01 7.432679e+00 7.711422e+00 6.371268e-01 -2.786365e+00 -4.357283e+00 -1.014525e-01 -1.994209e+00 -2.536167e+00 -2.054163e+00 -1.124219e+00 5.964298e-01 -2.712950e-01 -8.752847e-01 9.789777e-01 1.764534e+00 -4.762044e-01 -1.136727e+00 -1.415941e+00 6.146225e-02 -7.234692e-01 6.385971e-01 -6.377172e-01 8.171505e-01 4.957394e-01 -3.755398e-01 -1.867417e-01 4.105258e-01 1.075242e-01 1.740810e-01 2.324893e-01 1.004157e+00 1.890946e-02 
-1.117965e+01 -4.934438e+00 2.273907e+00 -2.600425e+00 1.676940e-01 7.674177e+00 -2.379438e+00 8.974521e+00 -7.744628e-02 -5.008233e+00 -4.788142e+00 -3.390107e+00 -6.304977e-03 -2.688769e+00 -7.031134e-01 -2.669256e+00 3.162059e-01 5.662858e-01 -1.466030e+00 -1.412224e+00 2.088457e-01 9.835820e-01 -1.164976e+00 -9.894123e-01 1.619184e+00 8.195246e-02 -2.702057e-01 9.375091e-01 3.043562e-01 9.999771e-01 2.860841e-01 -1.779229e-01 1.748410e-01 -2.187669e-01 -5.044005e-02 9.113930e-01 6.021870e-01 8.095201e-01 7.321441e-03 
-1.582746e+01 -5.761290e+00 3.006095e+00 2.678487e+00 -5.109980e-01 5.800552e+00 -8.673801e+00 9.938172e+00 1.167149e+01 6.569621e+00 2.324951e+00 -2.619556e+00 8.351953e-02 -2.159189e+00 3.781229e-01 -1.372297e+00 1.288093e+00 1.320123e-01 -9.235600e-01 -1.464619e+00 -8.923398e-01 1.243641e+00 1.167326e+00 2.116950e-01 2.346836e+00 8.053219e-02 3.874647e-01 7.470049e-01 9.015750e-01 3.629689e-01 6.822529e-02 -9.138431e-02 5.466838e-01 -2.834589e-01 -7.040640e-01 4.787012e-01 4.243347e-01 2.899943e-01 -7.152324e-03 
-1.644603e+01 -4.181528e+00 4.391155e-01 4.936315e+00 -6.819682e-01 2.813441e+00 -7.363181e+00 2.975792e+00 8.727160e+00 1.849338e+00 -5.441523e+00 3.066632e+00 1.660006e-01 -1.682095e+00 4.711818e-01 5.109692e-01 1.786973e+00 7.475019e-01 -1.109142e+00 -2.050422e-01 -1.318020e+00 7.130639e-01 1.775072e+00 4.866828e-01 8.933002e-01 6.104757e-02 6.743880e-01 3.281108e-01 1.064005e+00 -3.213175e-01 -1.423864e-02 2.082907e-01 1.037905e+00 4.106377e-01 -5.757987e-01 4.124685e-01 6.920704e-01 -6.530046e-01 -1.866002e-02 
-1.801859e+01 -3.796953e+00 2.135541e+00 5.201378e+00 7.122561e-01 4.020323e+00 -5.778346e+00 5.969803e+00 9.527367e+00 3.044921e+00 -1.401251e+00 4.148593e+00 2.150501e-01 -5.603020e-01 6.116390e-01 8.636736e-01 -4.484124e-02 8.469068e-01 -9.067653e-01 1.254438e+00 3.252448e-01 -1.620494e+00 4.472370e-01 2.467560e-01 3.970858e-01 3.615661e-02 6.673899e-01 1.547997e-01 6.301327e-01 -5.960310e-01 -2.572076e-01 2.875029e-01 1.052538e+00 6.700215e-01 -4.801839e-01 -1.822216e-01 4.788025e-01 -5.470225e-01 -2.194150e-02 
-1.849481e+01 -3.560266e+00 5.263672e+00 5.072839e+00 3.293673e+00 3.018393e+00 -4.852690e+00 4.368402e+00 4.559938e+00 5.629133e+00 -4.918296e-01 -2.307799e+00 2.331802e-01 -1.162737e-01 8.206659e-01 1.532806e+00 -6.236926e-01 1.377010e-01 -4.330491e-01 2.417690e+00 1.653367e+00 -4.633995e-01 1.257495e+00 2.453533e+00 -6.710296e-01 1.084061e-02 5.025108e-01 1.455806e-01 2.455774e-02 -4.523016e-01 -4.977749e-01 3.433965e-01 3.334513e-01 4.789673e-01 -1.028898e-01 -4.796747e-01 3.201393e-01 2.556248e-01 -1.771966e-02 
-1.760448e+01 -3.013638e+00 4.912472e+00 2.386278e+00 1.736002e+00 1.164486e+00 -3.656688e+00 1.086769e+01 5.652483e+00 6.915967e+00 1.084086e+00 2.052641e+00 2.307031e-01 3.949361e-01 9.773176e-01 1.267529e+00 -4.868005e-01 -8.491349e-01 1.759695e-01 2.486507e+00 9.719994e-01 -5.691534e-01 5.150212e-01 1.622186e+00 3.938866e-01 -4.077381e-03 1.879795e-01 1.311592e-02 -3.117881e-01 6.874734e-03 -2.875490e-01 1.939135e-01 -4.955525e-01 -2.481469e-01 1.334724e-01 -3.167760e-01 -3.898392e-02 2.390945e-01 -1.006745e-02 
-1.723438e+01 -4.701930e-01 6.715075e+00 3.226178e+00 -5.050309e-01 2.076652e+00 3.664892e+00 8.793837e+00 8.347771e+00 6.201375e+00 5.583330e+00 7.594899e-01 2.123798e-01 3.527727e-01 1.016342e+00 4.318890e-01 -2.537076e-01 -8.932953e-01 6.648886e-02 8.460658e-01 7.534371e-01 -3.271720e-01 -6.572775e-01 1.399740e+00 2.173069e+00 -7.436262e-03 3.555872e-02 -1.491256e-01 -4.737606e-01 1.469872e-01 1.478358e-01 -4.797712e-02 -9.601142e-01 -5.430107e-01 -1.753849e-01 -3.063675e-01 -8.804781e-01 -1.007311e-01 -2.413283e-03 
-1.667482e+01 -4.556807e-01 7.748016e+00 3.691635e+00 -1.634109e+00 5.371450e+00 2.395863e+00 8.617167e+00 4.788036e+00 5.333888e+00 3.672364e+00 4.584498e+00 2.050716e-01 1.447547e-01 5.794081e-01 -1.446800e-01 -1.953755e-01 -7.530122e-02 -1.870065e-01 -4.375918e-01 -4.655432e-01 -1.021093e+00 -1.792150e-01 5.787055e-01 1.705312e-01 -5.046688e-03 -4.957237e-02 -1.608681e-01 -1.871321e-01 3.090596e-01 5.453652e-01 -1.756777e-01 -7.235864e-01 -5.725027e-01 3.324594e-02 -8.487135e-02 -9.244626e-01 -7.443057e-01 7.976676e-04 
-1.719607e+01 2.426349e-01 6.005949e+00 3.152726e+00 5.119693e-01 1.247504e+00 -3.648467e+00 9.260940e+00 3.356136e+00 3.133739e+00 5.212873e+00 7.291827e+00 2.088135e-01 1.867432e-01 2.740045e-01 -1.298056e-01 -3.449200e-02 4.899288e-01 -4.915158e-01 -9.208274e-01 -3.427240e-01 -1.114192e+00 7.268994e-02 -1.427036e+00 -1.063017e+00 -7.340515e-04 -2.134914e-02 -1.544417e-01 2.014111e-01 4.614869e-01 3.553748e-01 -1.567777e-02 -8.472991e-02 -5.495023e-01 1.142264e-01 1.859302e-01 -5.951486e-01 -8.603882e-01 8.192176e-04 
-1.689947e+01 -4.729572e-01 4.543496e+00 1.446581e+00 8.510559e-01 6.440631e-01 -2.187923e+00 8.306657e+00 3.042849e+00 7.553504e+00 4.162481e+00 -3.606168e-01 2.072500e-01 2.301313e-01 5.442543e-01 6.126286e-01 9.489203e-01 1.186056e+00 -4.234971e-01 -2.478644e-01 -1.342444e+00 -9.522998e-03 -2.743231e-01 -1.586823e+00 -1.709679e+00 -3.439816e-03 1.502575e-02 -1.597914e-01 2.633003e-01 6.062497e-01 -4.056147e-02 1.037511e-01 6.719455e-02 -2.032654e-01 1.481681e-01 -2.093414e-01 -8.274052e-02 -1.887318e-01 -1.054733e-04 
-1.618825e+01 9.084708e-01 7.668263e+00 4.176254e+00 7.018785e-01 1.982737e+00 1.352687e+00 7.235264e+00 3.649405e+00 5.454744e+00 -1.796623e+00 -2.083084e+00 2.076189e-01 2.033636e-01 2.618389e-01 1.060358e+00 1.481671e+00 2.529403e-01 1.062714e-01 3.276656e-01 -1.555563e+00 -2.618344e-01 3.200760e-01 -4.932558e-01 -1.188797e+00 -4.139583e-03 3.417448e-02 -2.554137e-01 8.990059e-03 3.901819e-01 -2.524995e-01 1.200189e-01 -2.420367e-01 2.461094e-01 1.116439e-01 -3.864302e-01 4.280722e-01 1.273082e-01 -4.248052e-04 
-1.602726e+01 1.932621e+00 9.980130e+00 7.923866e+00 4.201190e+00 2.886083e+00 -1.344000e+00 2.917572e+00 4.594385e+00 2.801587e+00 -7.570503e-01 7.234246e-01 1.884875e-01 2.114114e-01 -2.134090e-01 5.767803e-01 2.077692e+00 -1.595755e-01 3.289942e-02 -7.257598e-01 -8.755917e-01 -7.064139e-01 -1.349622e+00 -3.020411e-01 -7.101778e-01 -3.875226e-03 4.932427e-02 -3.993517e-01 -4.081703e-01 -3.022856e-01 -4.272003e-01 1.496004e-01 -3.632651e-01 8.460220e-01 3.026275e-01 -2.216227e-01 3.263381e-01 2.930671e-01 -1.054733e-04 
-1.661529e+01 3.490581e-01 8.589263e+00 7.323482e+00 1.015371e-01 6.580725e-01 -2.432153e+00 4.177680e+00 1.271129e+00 7.109824e+00 5.206316e+00 8.059587e-01 1.974998e-01 3.671187e-01 -6.242741e-01 -6.688386e-02 1.352070e+00 -9.975659e-02 -1.195127e-01 -1.892034e+00 6.544839e-01 -2.074725e-01 -1.321878e+00 7.096022e-02 -9.261246e-01 -2.636380e-03 8.746792e-02 -2.946787e-01 -5.335512e-01 -6.996299e-01 -1.679430e-01 8.909818e-02 -2.998967e-01 7.112655e-01 6.818277e-01 -1.480788e-01 -1.722137e-01 3.407235e-01 -2.205619e-03 
-1.562869e+01 -1.260074e+00 6.966824e+00 1.026153e+01 3.531928e-01 1.471135e+00 -3.924616e+00 5.457863e+00 6.999510e-01 -2.190406e-02 -8.488448e-01 -5.356015e+00 1.929322e-01 3.949361e-01 -1.009465e+00 -8.645352e-01 -4.976202e-01 -7.736576e-01 4.374423e-01 -9.542790e-01 1.782745e+00 1.476325e+00 -5.616440e-01 -2.372225e-01 -3.756919e-01 -4.714947e-03 4.107661e-01 5.769701e-02 -2.374219e-01 -7.285652e-01 1.351090e-02 -7.586486e-02 1.131091e-02 -1.793696e-01 3.156631e-01 2.698106e-01 -6.751687e-02 6.729810e-01 4.036045e-03 
-1.455201e+01 -6.166976e-01 8.840051e+00 9.767334e+00 2.127235e+00 2.092737e+00 -6.817170e+00 9.237517e+00 4.559007e+00 2.575250e-01 -1.396006e+00 -3.674121e+00 1.921943e-01 5.492438e-01 -8.135517e-01 -8.866862e-01 -7.288314e-01 -2.797411e-01 3.494799e-01 -1.057556e+00 6.716507e-01 2.055841e+00 -8.143896e-01 -1.386868e+00 3.475823e-01 -1.474494e-02 1.392965e+00 5.325109e-01 -3.831781e-01 -1.015852e+00 -6.583804e-02 -4.033488e-01 5.077040e-01 -1.139957e+00 -7.547920e-01 -1.178617e-01 1.168534e-01 7.244499e-01 3.118709e-02 
-1.508466e+01 -2.631827e+00 5.531756e+00 4.212980e+00 -6.798927e-01 4.356548e+00 -3.922682e+00 9.301091e+00 1.033176e+01 3.419657e+00 1.357830e+00 1.084772e+00 1.675642e-01 2.174198e+00 1.696490e-01 -2.004321e-01 -5.246693e-01 -1.993741e-03 -5.810526e-01 -1.086574e+00 -1.781104e+00 -2.596393e-01 -2.542506e-01 8.922727e-02 2.017823e+00 2.236343e-02 2.265655e+00 9.116689e-01 -6.720195e-01 -1.693163e+00 2.323209e-01 -6.083709e-01 5.714509e-01 -1.387589e+00 -1.355105e+00 -5.541550e-01 4.823122e-01 4.112549e-01 6.041281e-02 
-1.414153e+01 -3.032987e+00 4.873557e+00 6.703138e+00 -7.805549e-01 9.626467e-01 -7.720579e+00 5.613787e+00 6.734323e+00 1.316841e+00 -2.831279e+00 -6.765354e-01 1.364515e-01 6.442328e+00 1.448695e+00 -2.314839e+00 -3.713644e+00 -8.148270e-01 -1.626944e+00 7.125613e-01 -3.263308e+00 -3.113444e+00 -2.064771e+00 4.919862e-01 1.499382e+00 1.397584e-01 2.050866e+00 8.235161e-01 -1.035609e+00 -2.594206e+00 3.834810e-01 -3.369382e-01 8.174819e-01 -7.562819e-01 -6.908439e-01 -5.667605e-01 7.761651e-01 -4.385643e-02 6.847838e-02 
-4.963417e+00 7.961736e-01 7.947878e+00 9.170143e+00 1.796970e+00 -8.694687e-01 -8.905941e+00 -1.635680e+00 -1.685309e+00 -1.822985e+00 3.146510e-01 3.234475e+00 3.325967e-01 8.776539e+00 2.417834e+00 -3.510567e+00 -7.471121e+00 6.554277e-01 -1.616132e+00 1.017959e+00 -3.187802e+00 -2.714705e+00 -2.707093e+00 1.234846e+00 1.104701e+00 2.200968e-01 3.381701e-01 3.011266e-01 -9.661646e-01 -2.319406e+00 5.326199e-01 2.093148e-01 6.659780e-01 3.908831e-01 6.388472e-01 -2.102418e-01 1.832632e-01 -5.918053e-01 3.456848e-02 
1.259929e+01 4.912815e+00 -3.941997e+00 -1.127885e+01 -3.185293e+00 -3.429553e+00 -7.631673e-01 -1.610250e+00 -4.999721e+00 -7.445228e+00 1.585678e+00 2.747939e+00 8.084575e-01 7.502188e+00 2.179894e+00 -4.409664e+00 -1.022660e+01 1.308920e+00 -8.175433e-01 1.977579e+00 -2.406505e+00 -1.708009e-01 -2.421768e+00 1.921137e+00 5.848290e-01 2.287791e-01 -1.971059e+00 -2.138944e-01 1.919103e-01 -1.422395e-02 6.511558e-01 7.344156e-01 -3.019185e-02 1.052410e+00 1.202206e+00 5.693886e-01 -3.787813e-01 -6.486515e-01 -2.602229e-02 
1.542762e+01 5.484667e+00 -7.613022e+00 -2.415119e+01 3.799578e+00 -1.528428e+00 -2.311731e+00 -3.024944e+00 2.625755e+00 -5.734586e+00 5.323682e+00 4.896255e+00 9.320475e-01 3.335005e+00 1.309659e+00 -3.983979e+00 -8.865210e+00 1.599159e+00 6.082064e-02 1.610819e+00 -2.549362e-01 1.463155e+00 -1.126933e+00 2.908522e-01 -4.838758e-01 1.506955e-01 -2.774075e+00 -3.504976e-01 9.985296e-01 2.193818e+00 3.286662e-02 7.766017e-01 -2.546936e-01 1.128294e+00 3.966436e-01 7.865629e-01 -8.277878e-01 -5.941668e-01 -5.990868e-02 
1.317437e+01 5.522330e+00 -9.394485e+00 -2.776867e+01 4.762615e+00 -2.795499e+00 -1.129754e+00 -5.723836e+00 3.725283e+00 -8.835884e+00 4.269684e+00 1.416989e+00 9.806226e-01 -6.920409e-01 9.333161e-01 -1.118577e+00 -3.087751e+00 1.969098e+00 1.206640e+00 2.651956e-01 5.323626e-01 8.084877e-01 -7.915442e-03 -9.297989e-01 -9.496135e-01 4.434129e-02 -1.972366e+00 -2.643972e-01 1.447703e+00 3.049392e+00 -2.756835e-01 5.011513e-01 -3.485478e-01 8.057294e-01 -5.002907e-01 7.542928e-01 -7.598283e-01 -1.509197e-01 -5.954625e-02 
1.142426e+01 7.039551e+00 -9.246031e+00 -2.691120e+01 5.818790e+00 -8.819215e-01 -6.683770e-01 -8.540520e-01 1.268335e+00 -6.762269e+00 4.270993e-01 1.480450e+00 9.999999e-01 -9.966325e-01 1.288567e+00 -1.634067e-01 -7.141995e-02 4.896942e-01 1.254820e+00 6.007199e-01 9.844209e-01 -1.220979e+00 1.877787e-02 -1.478596e+00 -1.098966e+00 1.277404e-02 -6.138062e-01 -1.918225e-01 1.146346e+00 1.984812e+00 -4.853626e-01 -4.592887e-02 -2.165127e-01 -5.015340e-02 -8.282094e-01 3.563201e-01 -1.497884e-01 2.592666e-01 -3.577660e-02 
1.114060e+01 8.802098e+00 -8.718990e+00 -2.533839e+01 5.650415e+00 2.280566e+00 -2.587476e-01 -3.427929e-02 -2.780800e-01 -6.971131e+00 -6.150966e-01 -2.923007e-01 9.961877e-01 -1.937775e-01 8.684593e-01 9.185697e-01 6.236251e-01 4.851784e-01 1.091177e+00 7.398668e-01 1.002565e+00 -1.330091e+00 7.770150e-01 -9.932425e-01 1.376972e-01 1.236639e-05 2.864147e-01 -2.103279e-01 5.428317e-01 3.163796e-01 -3.744119e-01 -4.588091e-01 3.515292e-02 -3.001356e-01 -4.700998e-01 1.730726e-01 3.381889e-01 5.536835e-01 -1.195601e-02 
1.146102e+01 1.028753e+01 -8.767514e+00 -2.572401e+01 5.804003e+00 2.207406e+00 2.563117e-01 -9.477403e-01 -1.477227e+00 -6.573279e+00 3.733339e-01 2.559620e-01 9.881241e-01 1.668981e-02 3.828628e-01 7.292693e-01 -7.965719e-01 -8.562291e-02 -1.110104e-01 2.908889e-01 -7.407697e-01 -1.608614e+00 2.621704e-01 -4.264731e-01 2.686965e-01 -6.026361e-03 2.530391e-01 -3.432300e-01 2.510903e-01 -3.654095e-01 -1.466137e-01 -5.520834e-01 -1.186638e-01 -3.114400e-01 -3.039477e-02 4.157953e-02 4.254286e-01 4.873629e-01 -4.288133e-03 
1.218725e+01 8.240958e+00 -5.040758e+00 -2.524498e+01 7.195892e+00 1.115712e+00 2.106656e+00 -6.639985e-01 -1.552639e+00 -5.045544e+00 -6.698455e-01 2.717769e+00 9.866133e-01 2.334554e-01 3.345954e-01 1.149283e+00 -1.143036e+00 3.847179e-01 -4.044981e-01 5.959843e-01 -1.058784e-01 -1.348039e+00 7.357139e-01 2.350690e-01 1.134925e+00 -6.041911e-03 4.870905e-02 -1.956918e-01 -1.307756e-01 -4.012342e-01 -2.456037e-01 -3.865295e-01 -2.925380e-01 -2.109322e-01 3.730419e-02 -2.650576e-01 3.392828e-01 6.539761e-02 -9.576779e-04 
1.098480e+01 9.234701e+00 -7.438623e+00 -3.094065e+01 4.618108e+00 -8.544216e-01 -3.970641e-01 -4.242892e+00 -6.137421e+00 -6.414300e+00 -1.677946e+00 1.319196e+00 9.746495e-01 5.482936e-02 -1.606388e-01 9.766760e-01 -1.015317e+00 -1.931210e-01 -7.578171e-01 7.939777e-02 -1.850929e-02 -1.363921e+00 2.472474e-01 3.452434e-02 8.391662e-01 -5.642785e-03 3.686607e-02 -6.450565e-02 -1.097516e-01 1.586131e-01 -1.389570e-01 9.933943e-02 -1.788365e-01 1.445384e-01 3.721711e-01 -2.301224e-01 3.120717e-01 -9.728849e-02 8.858267e-04 
1.254597e+01 1.100174e+01 -3.636919e+00 -2.844570e+01 8.166971e+00 1.788681e+00 3.047788e+00 1.084627e+00 -4.688296e+00 -3.372214e+00 1.586005e+00 4.850827e+00 9.726995e-01 3.068597e-02 1.617493e-01 1.410362e-01 -1.273342e+00 -6.891487e-01 -5.180724e-01 -6.171426e-01 -4.132054e-01 -1.266044e+00 -5.409409e-01 4.726388e-01 1.794553e-01 -4.974119e-03 -2.009491e-04 -3.269735e-03 -2.519211e-01 3.763171e-01 -2.253919e-01 3.170449e-01 -2.211381e-01 2.080641e-02 4.605917e-01 -2.684430e-01 1.454775e-01 -3.736386e-01 1.369722e-03 
1.155574e+01 8.103783e+00 -4.586264e+00 -2.920097e+01 4.352961e+00 -1.918097e+00 1.828009e-01 -1.914068e+00 -6.729081e+00 -6.173399e+00 -5.819850e-01 3.385325e+00 9.668846e-01 3.025615e-01 1.467398e-01 6.846462e-01 6.170882e-02 -2.434979e-01 4.424807e-01 3.325443e-03 1.354334e-01 2.112818e-01 -2.501520e-01 1.015249e+00 2.600249e-01 -2.133585e-03 -3.353953e-03 1.283875e-01 -2.511962e-01 3.698583e-01 -7.886867e-02 4.262719e-01 -7.993628e-02 2.847321e-02 3.650385e-01 -4.233689e-02 4.752653e-02 -2.945717e-01 1.671422e-03 
1.205474e+01 9.615129e+00 -5.761896e+00 -3.248153e+01 3.882858e+00 -9.431477e-01 -1.269038e+00 -3.894238e+00 -7.587011e+00 -7.870657e+00 1.145392e+00 2.581831e+00 9.656372e-01 1.085396e-01 1.645932e-01 3.573857e-02 1.997770e-01 -7.170642e-01 5.806172e-01 -4.716480e-01 -7.894190e-02 1.673791e-01 -3.577659e-01 4.721478e-01 -4.436331e-01 -9.465732e-04 -8.894646e-02 -9.700780e-02 -1.529061e-01 3.499652e-01 -1.026472e-01 1.551149e-01 -7.161050e-02 3.871425e-02 1.359319e-01 1.227588e-01 -3.351158e-01 -1.571790e-01 1.565631e-03 
1.274319e+01 1.066139e+01 -2.953256e+00 -2.861495e+01 5.542747e+00 2.724196e+00 1.777792e+00 -1.076896e+00 -3.632060e+00 -5.415412e+00 3.618599e+00 3.753955e+00 9.675345e-01 -9.803465e-04 4.799505e-01 -2.266495e-01 9.722550e-02 -5.735575e-01 8.242457e-01 -3.929560e-01 -4.321269e-02 -2.552490e-01 -5.594238e-02 2.724870e-01 -3.221473e-01 6.965827e-04 -1.453929e-01 -2.025893e-01 -2.503568e-01 4.291221e-03 -1.530101e-01 -1.782380e-01 -1.900636e-01 -9.800091e-02 -2.369965e-01 7.514609e-02 -5.722675e-01 -2.598885e-02 1.056268e-03 
1.249473e+01 1.054564e+01 -4.274460e+00 -2.773913e+01 3.986893e+00 2.370849e+00 -1.073734e-01 2.708769e-01 -5.400057e+00 -5.539918e+00 1.845981e+00 2.448666e+00 9.676400e-01 -2.621838e-01 -4.898996e-01 -1.677941e-01 4.587430e-01 -1.037271e+00 6.659383e-02 -7.771464e-01 -1.301631e-01 -3.531262e-01 -2.420467e-02 -8.316872e-01 -3.152437e-01 1.443001e-03 -8.479372e-02 -2.484826e-01 -1.419935e-01 -1.719905e-01 -3.166830e-02 -2.906556e-01 -7.156845e-02 -1.865328e-01 -2.361356e-01 2.385984e-02 -4.835236e-01 1.721479e-01 7.663222e-04 
1.133109e+01 1.003806e+01 -6.463335e+00 -3.108595e+01 1.433237e+00 5.465163e-01 -2.362511e+00 -4.212778e+00 -9.098513e+00 -7.618401e+00 4.297220e-01 1.841104e+00 9.693792e-01 -2.389151e-01 -5.389569e-01 -4.652815e-01 -4.625250e-02 -8.483725e-01 -1.917300e-01 -7.942753e-01 -3.289068e-01 -7.133867e-01 -4.122953e-02 -1.194082e+00 6.588333e-02 1.950979e-03 5.309250e-02 -1.146384e-01 2.085660e-02 8.196884e-02 1.843834e-01 -1.197053e-01 2.320702e-01 6.496043e-02 5.015530e-02 1.691109e-01 -1.714844e-01 2.338309e-01 3.803812e-04 
1.144963e+01 7.477337e+00 -4.845701e+00 -2.895187e+01 7.511719e-01 4.785448e-01 -3.084562e+00 -2.976092e+00 -6.619221e+00 -6.890019e+00 -1.418627e+00 1.961784e+00 9.719441e-01 -1.964018e-01 -5.684230e-01 -5.549557e-01 -5.881760e-01 -7.380008e-01 -3.647156e-01 -6.287298e-01 -8.686133e-01 -7.842766e-01 -2.458432e-01 -1.212251e+00 2.231498e-01 2.256803e-03 1.133072e-01 1.613943e-01 1.063077e-02 6.087015e-02 2.170551e-01 1.207673e-01 3.451831e-01 1.343533e-01 -6.475703e-03 2.348394e-01 1.267898e-01 2.020221e-01 1.011304e-05 
1.207079e+01 9.500759e+00 -4.993675e+00 -2.823971e+01 2.918783e+00 2.711744e+00 -7.051324e-01 -1.097642e+00 -6.589428e+00 -4.946588e+00 -7.193490e-01 4.326839e+00 9.751414e-01 2.315309e-01 -5.407141e-02 7.115882e-02 1.030773e+00 1.986928e-01 4.413261e-01 6.933165e-01 6.508552e-01 2.110235e-01 9.003927e-01 -3.945548e-01 5.778412e-01 2.194602e-03 7.385618e-02 1.664412e-01 7.698418e-02 1.431981e-01 -6.772183e-03 2.596545e-01 2.566691e-01 1.177326e-01 5.402908e-02 2.587538e-01 2.122063e-01 9.897047e-02 -3.699506e-04 
1.114267e+01 7.971790e+00 -7.784058e+00 -3.210309e+01 -4.458788e-01 -5.353191e-01 -4.079859e+00 -5.630148e+00 -1.057603e+01 -8.105069e+00 -3.640710e+00 2.321397e+00 9.760374e-01 6.917542e-02 7.453623e-02 -3.827769e-01 2.247092e-01 -4.755014e-01 3.537836e-01 2.051438e-01 5.183260e-02 -8.478064e-01 6.790695e-01 -5.974565e-01 4.388440e-01 1.375616e-03 7.593255e-02 2.386794e-01 2.051886e-01 3.051843e-01 4.321028e-02 5.056810e-01 3.002323e-01 2.080553e-01 2.630289e-01 4.081826e-01 2.533193e-01 2.446141e-01 -5.658597e-04 
1.264173e+01 9.520454e+00 -4.638151e+00 -2.435717e+01 3.025153e+00 3.260185e+00 1.601753e+00 3.679112e-01 -6.065267e+00 -2.509188e+00 -4.318354e-01 4.550514e+00 9.783037e-01 -2.379963e-03 -2.831828e-02 -1.665100e-01 2.630484e-01 -1.013461e+00 7.473049e-01 7.224394e-02 -2.005050e-01 -4.114910e-01 7.900463e-01 -4.404188e-01 4.529036e-01 5.410790e-04 -2.188746e-02 1.522426e-01 2.829703e-02 -3.024173e-02 -1.697740e-01 3.538347e-01 -6.265740e-03 -2.765756e-01 1.757150e-01 7.795531e-02 8.453732e-02 1.728023e-01 -6.912415e-04 
1.150967e+01 7.840143e+00 -6.937527e+00 -2.976942e+01 -1.679770e+00 1.973397e+00 -3.212238e+00 -3.449887e+00 -1.112021e+01 -4.712987e+00 -4.549804e+00 4.044211e+00 9.772320e-01 3.002871e-01 6.120340e-01 5.898355e-01 1.321493e+00 8.409856e-02 2.010688e+00 1.183101e+00 5.974009e-01 8.421895e-01 1.850317e+00 7.734387e-02 1.508727e+00 2.559889e-04 2.971413e-02 7.260224e-02 1.153310e-01 1.934044e-01 3.866858e-02 3.147998e-01 1.297220e-01 -3.520124e-01 5.320415e-01 -1.863861e-02 2.577405e-01 1.314337e-01 -6.265916e-04 
1.187512e+01 9.425088e+00 -6.249059e+00 -2.809121e+01 -1.531890e+00 5.193998e+00 -7.776760e-01 -3.190237e+00 -8.374649e+00 -2.692500e+00 -2.467052e+00 5.729573e+00 9.772496e-01 6.367639e-03 4.384769e-01 -2.736269e-01 3.310241e-01 -9.299491e-01 1.382040e+00 1.729012e-01 -1.004691e+00 2.445962e-01 7.045016e-01 -3.092104e-01 9.068548e-01 -7.029507e-04 5.924470e-02 -1.494957e-01 3.325732e-02 3.136238e-01 1.243902e-01 4.033403e-02 4.621191e-02 -5.354558e-01 5.308117e-01 -2.116824e-01 2.341302e-01 -9.939390e-02 -6.755688e-04 
1.302737e+01 1.107948e+01 -4.029437e+00 -2.362905e+01 2.253063e+00 8.551579e+00 3.025542e+00 -8.640900e-01 -5.210130e+00 1.237757e+00 -2.236582e+00 9.275422e+00 9.778644e-01 2.131610e-01 2.042498e-01 2.474040e-01 1.157787e+00 -3.239602e-01 1.610554e+00 8.034451e-01 -1.306296e+00 1.484460e+00 6.287305e-01 6.256499e-01 8.689694e-01 -1.138361e-03 4.028690e-03 -4.957142e-01 -2.473424e-01 2.750434e-01 -1.023856e-01 -3.515517e-01 -1.892647e-01 -8.793423e-01 2.622295e-01 -2.898723e-01 5.044363e-02 -5.715477e-01 -4.718234e-04 
1.191498e+01 1.009300e+01 -7.460723e+00 -2.577191e+01 -3.591056e+00 6.881350e+00 -6.529011e-01 -5.948689e+00 -7.797420e+00 -1.962496e+00 -3.134201e+00 6.469260e+00 9.744738e-01 3.375519e-01 -5.718198e-01 1.711060e-01 1.913045e+00 -1.874910e-01 1.149119e+00 4.931103e-01 -1.925975e+00 1.921421e+00 3.423554e-01 4.561395e-01 2.757684e-01 -2.138768e-03 5.993683e-02 -6.107839e-01 -2.594379e-01 6.110722e-01 1.765365e-01 -3.295330e-01 -3.321940e-02 -5.967902e-01 2.681324e-01 1.993280e-01 -1.429970e-01 -6.391202e-01 1.668403e-04 
1.255529e+01 8.527402e+00 -5.095048e+00 -2.513959e+01 -2.269734e+00 9.182001e+00 7.423536e-01 -8.602076e+00 -3.986777e+00 -1.934107e+00 -1.087839e+00 8.019030e+00 9.729279e-01 1.550769e-01 -1.361319e+00 -8.692436e-01 1.905519e+00 -7.991099e-01 3.693187e-01 7.677806e-02 -3.338674e+00 1.315048e+00 5.819647e-01 -5.298071e-02 -1.033551e+00 -1.387167e-03 -7.968104e-03 -5.330950e-01 -4.031718e-01 5.657747e-01 1.390139e-01 -3.872385e-01 -1.483506e-01 -3.102088e-01 -2.307763e-02 3.743279e-01 -4.394936e-01 -7.435944e-01 5.997994e-04 
1.379864e+01 7.842216e+00 -4.861074e+00 -1.777051e+01 -2.079734e-01 1.062445e+01 2.829190e+00 -8.951399e+00 6.203492e-01 6.054933e-01 -7.606565e-01 7.736749e+00 9.690102e-01 3.352775e-01 -1.832696e+00 -1.012530e+00 3.012651e+00 1.903651e-01 3.549382e-01 3.700847e-01 -2.972450e+00 1.669885e+00 1.724522e+00 -6.847652e-01 -1.337560e+00 2.559889e-04 -9.802096e-02 -3.150346e-01 -3.251808e-01 2.851191e-01 1.788086e-03 -4.207983e-01 -9.414898e-02 -4.886627e-02 -1.892198e-01 1.724243e-01 -4.228569e-01 -6.747985e-01 6.291858e-04 
1.286069e+01 5.398284e+00 -9.675542e+00 -1.810184e+01 -3.433836e+00 8.526673e+00 1.668493e+00 -1.605632e+01 -2.843956e+00 2.863637e+00 -3.688247e+00 3.474102e+00 9.736657e-01 1.744965e-01 -1.830879e+00 -1.176576e+00 3.436970e+00 1.822133e-01 7.142231e-02 1.231268e-01 -2.334209e+00 1.494919e+00 1.809331e+00 -1.001296e+00 -2.042397e+00 6.654820e-04 -9.271468e-02 -3.186893e-02 -1.350237e-03 1.336391e-01 -9.839613e-03 -5.067855e-01 1.730749e-01 2.915505e-01 -9.366655e-02 -2.806883e-01 -1.079462e-01 -4.513114e-01 -2.504461e-04 
1.343888e+01 2.494107e+00 -1.023333e+01 -1.422808e+01 -2.056994e+00 8.983794e+00 7.350993e-01 -1.708354e+01 -1.925787e-02 4.261188e+00 -5.257934e+00 2.054028e+00 9.753874e-01 -1.622861e-01 -1.912167e+00 -1.301028e+00 2.573044e+00 -6.692091e-01 -8.057870e-01 -8.056370e-04 -2.672520e+00 8.853174e-01 5.908974e-01 -1.183966e+00 -2.593755e+00 -2.391781e-05 -1.443932e-01 2.334643e-01 1.347143e-01 -1.880944e-01 -2.810575e-01 -6.334226e-01 4.324777e-01 3.302763e-01 -2.924592e-01 -5.953929e-01 2.544588e-01 -3.206049e-01 -1.090896e-03 
1.360711e+01 2.046991e+00 -8.292361e+00 -9.725998e+00 -4.342041e-01 1.035983e+01 2.405052e+00 -1.620689e+01 3.807678e+00 5.284410e+00 -3.845609e+00 6.485196e-01 9.730508e-01 -5.958928e-02 -1.480921e+00 -7.317359e-01 2.793671e+00 -4.184975e-01 -1.584117e+00 1.127684e+00 -2.030929e+00 1.239122e+00 -2.547760e-01 -3.430928e-01 -2.662033e+00 -2.496427e-03 -1.201689e-01 2.393524e-01 1.051815e-01 -3.529225e-01 -3.926025e-01 -6.954610e-01 4.918514e-01 2.058168e-01 -5.720479e-01 -5.125210e-01 2.133914e-01 -2.293038e-01 -1.222155e-03 
1.261430e+01 -4.311819e-02 -1.205803e+01 -9.093678e+00 -5.054031e+00 5.678619e+00 2.456800e+00 -2.223841e+01 1.721274e+00 2.349796e+00 -6.601740e+00 -3.819076e+00 9.692035e-01 -2.698816e-01 -8.403317e-01 -5.614833e-01 2.393814e+00 -9.145252e-01 -1.984357e+00 2.030174e+00 -1.472660e+00 3.355006e-01 -2.205161e-01 2.584430e-01 -2.630715e+00 -3.616054e-03 -1.596597e-02 1.892869e-01 1.381102e-01 -2.546629e-01 -9.715436e-02 -4.774404e-01 3.006108e-01 4.058250e-01 -5.149865e-01 -1.547057e-01 1.315301e-01 3.034527e-02 -7.696052e-04 
1.297457e+01 -7.379785e-01 -1.242172e+01 -6.700124e+00 -4.027951e+00 2.258774e+00 6.445729e+00 -2.363370e+01 2.481913e+00 2.545274e+00 -4.732082e+00 -6.899543e+00 9.642669e-01 -3.727534e-01 -1.170067e+00 -1.020448e+00 1.761806e+00 -1.658098e+00 -2.816640e+00 1.566990e+00 -1.904900e+00 -1.090433e+00 -3.476771e-01 -6.554986e-01 -3.170455e+00 -3.652338e-03 2.379264e-02 1.308100e-01 1.017093e-01 -2.616384e-01 1.646472e-01 -7.779494e-02 -2.629773e-01 6.916788e-01 -3.573912e-01 -5.306955e-02 1.092595e-02 4.228063e-01 -1.231051e-04 
1.240621e+01 -3.147046e-01 -1.097561e+01 -3.772452e+00 -4.832730e+00 3.112308e+00 8.865783e+00 -2.073404e+01 2.321313e+00 4.528045e+00 -3.522689e+00 -7.325392e+00 9.617020e-01 -8.565713e-02 -1.121088e+00 -4.661376e-01 1.815433e+00 -5.352030e-01 -2.576685e+00 1.282650e+00 -7.064362e-01 -5.247341e-01 -1.362325e-01 -3.701988e-01 -2.187792e+00 -3.299863e-03 4.117261e-02 6.183549e-02 -2.741083e-02 -2.413147e-01 3.514275e-01 2.485398e-02 -7.238387e-01 7.743906e-01 -1.588445e-01 -3.424191e-01 -8.319632e-02 6.192929e-01 -1.897142e-04 
1.184769e+01 -3.667380e+00 -1.393558e+01 -3.577646e+00 -8.835093e+00 -2.440076e+00 7.035750e+00 -2.648316e+01 -1.945062e+00 2.456863e+00 -8.662527e+00 -1.345061e+01 9.585574e-01 -3.282162e-02 -6.865240e-01 -2.708446e-01 1.774742e+00 2.150550e-01 -1.676908e+00 1.865036e-01 1.044156e+00 -1.177303e-01 -5.621694e-01 2.578365e-02 -7.695316e-01 -3.268762e-03 2.025512e-02 1.655664e-01 3.134952e-02 -1.228176e-01 4.206230e-01 1.483793e-01 -5.690548e-01 9.778125e-01 2.691261e-02 -4.389050e-01 2.174936e-01 8.486410e-01 -6.050415e-04 
1.274940e+01 -4.183601e+00 -1.363195e+01 -1.577696e+00 -5.326183e+00 -4.855397e+00 8.575125e+00 -2.434573e+01 1.310697e+00 1.712665e+00 -6.487325e+00 -1.148227e+01 9.555533e-01 -2.340165e-01 -7.728680e-01 -1.073204e+00 1.180837e+00 -9.395064e-02 -2.430047e+00 -8.988621e-01 9.245465e-01 -9.450380e-01 -1.825372e+00 -4.981663e-01 -7.346771e-01 -4.761598e-03 -3.065435e-02 1.657010e-01 1.017093e-01 -1.723805e-02 1.544938e-01 1.999401e-01 -1.354415e-01 7.661083e-01 -5.246918e-02 -3.131024e-01 2.876865e-01 5.799443e-01 -9.008643e-04 
1.263914e+01 -2.235850e+00 -1.244767e+01 1.076131e+00 -2.706110e+00 -2.142247e+00 7.523726e+00 -1.660707e+01 2.398587e+00 1.142046e+00 -3.121088e+00 -8.668826e+00 9.510208e-01 -1.971016e-01 -5.162847e-01 -5.601992e-01 1.465206e+00 2.243797e-01 -2.148105e+00 -1.876111e-01 2.168649e+00 -7.457972e-01 -1.697686e+00 4.959145e-01 3.462352e-01 -5.943426e-03 -3.353953e-03 2.415184e-02 2.405974e-01 1.104889e-03 -8.440907e-02 1.533424e-01 4.167512e-01 3.100180e-01 4.781874e-02 -3.736674e-02 2.955717e-01 2.404317e-01 -1.018410e-03 
1.083986e+01 -4.895047e+00 -1.708582e+01 -1.948956e-01 -8.366806e+00 -9.186889e+00 4.127720e+00 -2.104924e+01 -4.575644e+00 -3.941617e+00 -8.784483e+00 -1.338957e+01 9.416746e-01 -1.568626e-01 -3.775654e-01 1.871575e-01 1.883879e+00 2.326488e-01 -1.341329e+00 7.925632e-01 2.561949e+00 -4.730839e-01 -1.133974e+00 8.332657e-01 1.541142e-01 -6.461772e-03 9.915711e-02 1.215237e-01 5.194420e-01 4.450790e-02 5.212193e-03 5.795757e-01 6.960853e-01 3.324028e-01 3.977504e-01 3.250946e-01 4.604794e-01 2.924412e-01 -8.558052e-04 
1.181766e+01 -5.892937e+00 -1.500936e+01 3.056920e+00 -6.192708e+00 -1.101537e+01 8.321222e+00 -1.728765e+01 -2.730373e+00 -3.204719e+00 -5.034676e+00 -1.076582e+01 9.357718e-01 -8.810646e-02 -7.633883e-01 3.019790e-01 1.428513e+00 -3.703491e-01 -1.454693e+00 1.424518e+00 1.775627e+00 -1.147604e-01 -1.094774e+00 8.378815e-01 -1.182381e-02 -7.508830e-03 1.036944e-01 2.337671e-01 3.337364e-01 -1.078332e-01 -1.154163e-01 7.024708e-01 2.752129e-01 8.712138e-02 2.431680e-01 2.555124e-01 4.228485e-02 2.290511e-01 -1.073264e-03 
1.237567e+01 -4.243032e+00 -1.141521e+01 6.851637e+00 -2.419689e+00 -7.125954e+00 1.213895e+01 -1.119523e+01 1.509934e+00 -1.784051e+00 -1.364206e+00 -9.663051e+00 9.308528e-01 2.073875e-01 -4.166883e-02 1.092782e+00 1.421927e+00 2.294820e-01 1.211767e-01 1.775559e+00 2.783024e+00 7.281716e-01 -5.014264e-01 1.633284e+00 9.064339e-01 -8.260431e-03 3.663536e-02 2.419095e-01 -2.328998e-02 -2.926405e-01 -2.665050e-01 3.273650e-01 -1.870781e-01 -2.657750e-01 -1.549707e-01 -5.490635e-02 -3.791003e-01 3.690043e-01 -1.639442e-03 
1.143048e+01 -6.378752e+00 -1.377320e+01 4.695203e+00 -7.531153e+00 -1.044618e+01 1.064020e+01 -1.265610e+01 -1.217474e+00 -5.410546e+00 -2.641461e+00 -1.059104e+01 9.188891e-01 1.391562e-01 4.846113e-01 6.556466e-01 1.157081e+00 -3.510546e-01 6.328908e-01 6.969438e-01 2.493840e+00 -1.305137e-01 -7.363065e-01 3.072533e-01 1.115224e+00 -1.041157e-02 1.717902e-02 2.956759e-01 -1.013955e-01 -1.730239e-01 -2.788751e-02 1.063114e-01 -2.406070e-01 -3.294038e-01 -2.353363e-01 -1.244165e-01 -5.417746e-01 3.910259e-01 -1.657073e-03 
1.207079e+01 -4.860494e+00 -1.223964e+01 6.095568e+00 -6.550475e+00 -8.865711e+00 1.184587e+01 -9.449954e+00 -1.691360e+00 -5.345656e+00 -1.814655e+00 -8.944518e+00 9.088227e-01 -8.723170e-02 2.079627e-01 -1.061565e-01 5.563551e-01 -1.109523e+00 -7.482651e-01 2.208621e-01 8.740232e-01 -1.239832e+00 -1.587760e+00 -7.969209e-01 1.435651e+00 -1.320027e-02 -7.671896e-02 8.169943e-03 -2.974414e-01 -3.233843e-01 -5.566083e-02 -5.130878e-01 -2.542731e-01 -7.940003e-01 -2.815142e-01 -3.055751e-01 -6.355779e-01 -5.637512e-02 -1.872573e-03 
1.266554e+01 -3.161179e+00 -1.131912e+01 9.220441e+00 -5.882679e+00 -6.980671e+00 1.195275e+01 -5.691715e+00 -1.782600e+00 -5.105161e+00 -3.273204e+00 -5.548826e+00 8.947333e-01 1.451046e-01 5.902308e-01 3.944355e-01 9.961975e-01 1.596932e-01 -4.883668e-01 9.988149e-01 1.083234e+00 -3.072866e-01 -1.173698e+00 -6.557932e-01 1.678707e+00 -1.331948e-02 -5.103352e-02 -2.628158e-01 -2.186109e-01 -2.850622e-01 8.643963e-02 -7.233881e-01 -2.030990e-01 -6.762003e-01 4.394495e-02 -1.907213e-01 -2.133266e-01 -3.546330e-01 -1.807923e-03 
1.132177e+01 -4.811774e+00 -1.317313e+01 7.370586e+00 -8.791507e+00 -1.259999e+01 1.258727e+01 -1.030720e+01 -4.407130e+00 -9.875328e+00 -5.032709e+00 -5.005765e+00 8.769195e-01 -1.790815e-01 -5.367642e-02 -2.637820e-01 -1.144634e-01 -3.041965e-01 -1.883588e+00 3.533589e-01 -4.817329e-01 -5.909756e-01 -1.810660e+00 -1.063168e+00 3.428676e-01 -1.617039e-02 3.348235e-02 -2.231470e-01 -4.301667e-02 8.911656e-02 2.099928e-01 -3.598234e-01 -4.250357e-01 -2.010181e-02 3.186145e-01 2.067112e-01 1.385038e-01 -4.642569e-01 -2.297696e-03 
1.253044e+01 -3.451769e+00 -1.133449e+01 9.039208e+00 -5.612344e+00 -1.102056e+01 1.526413e+01 -6.811290e+00 -1.396229e+00 -9.014329e+00 -4.311466e+00 -4.167246e+00 8.682234e-01 -7.026136e-02 -6.986895e-01 -3.586997e-01 6.711864e-02 -3.215557e-01 -2.416401e+00 -3.848953e-01 -2.094373e-01 -2.351054e-01 -1.578617e+00 -6.261338e-01 -1.115045e-01 -1.796905e-02 -3.073125e-02 -1.496640e-01 6.107310e-02 2.288846e-01 3.453111e-02 -1.460175e-01 -6.211961e-01 2.002765e-01 1.070938e-01 3.252386e-01 2.772942e-01 -3.159388e-01 -3.298792e-03 
1.124309e+01 -4.983848e+00 -1.355123e+01 5.613344e+00 -8.206472e+00 -1.626370e+01 1.195711e+01 -1.129896e+01 -4.839121e+00 -1.244453e+01 -6.611247e+00 -7.921164e+00 8.412040e-01 1.877929e-01 -2.632563e-01 5.532137e-02 1.466382e+00 1.810404e-01 -1.583383e+00 -1.212421e+00 1.419871e+00 3.171648e-01 -3.516706e-01 -1.191742e-01 9.560389e-03 -2.236462e-02 -7.941055e-02 1.568521e-01 5.937319e-01 3.588353e-01 3.169724e-01 4.874831e-01 -3.825237e-01 6.345416e-01 1.522879e-01 4.447025e-01 5.508186e-01 1.133101e-01 -3.371278e-03 
1.235393e+01 -6.568793e+00 -1.292330e+01 1.043398e+01 -7.782809e+00 -1.723139e+01 1.034374e+01 -6.243137e+00 -2.742476e+00 -1.171372e+01 -5.614621e+00 -4.648580e+00 8.227578e-01 -1.918530e-01 -5.336043e-02 5.402899e-01 1.350423e+00 8.972857e-02 -1.368515e+00 -1.324263e+00 1.133758e+00 -2.260666e-01 -2.769504e-01 2.586394e-01 2.657498e-01 -2.671872e-02 -3.223456e-01 3.244770e-01 8.123661e-01 -1.639816e-01 3.846699e-01 6.386992e-01 -1.203878e-01 2.398976e-01 -8.376688e-02 1.033823e-01 5.264334e-01 2.036438e-01 -3.428092e-03 
1.234927e+01 -4.569558e+00 -1.210223e+01 1.400436e+01 -6.800833e+00 -1.741143e+01 8.985238e+00 -3.492716e+00 -2.148489e+00 -1.028413e+01 -4.976976e+00 -4.717589e+00 7.878329e-01 -5.151644e-01 4.079839e-01 2.255444e+00 1.037830e+00 1.074981e+00 2.985537e-02 -1.089496e+00 2.019591e+00 1.660878e-01 -2.379613e-01 1.248595e+00 7.208796e-01 -2.864697e-02 -4.107066e-01 2.108205e-01 5.651529e-01 -4.084680e-01 3.853595e-01 3.064492e-01 2.166802e-01 -4.229722e-01 -2.087117e-01 -8.206213e-02 1.486225e-01 3.215471e-01 -2.834487e-03 
1.101792e+01 -3.925836e+00 -9.357492e+00 1.159563e+01 -5.866594e+00 -1.728898e+01 1.012852e+01 -5.045935e+00 -3.871797e+00 -1.147971e+01 -3.835446e+00 -4.440510e+00 7.613229e-01 -1.330441e+00 5.880188e-01 2.603118e+00 -5.383115e-01 1.154798e+00 -2.945099e-02 -1.048286e+00 6.903527e-01 -5.784504e-01 -1.118630e+00 1.322056e+00 5.509847e-01 -3.196438e-02 -2.050693e-01 1.066185e-01 -8.052409e-02 5.174174e-02 2.339854e-01 -1.226201e-01 3.089786e-01 -6.467083e-01 -2.034237e-01 1.603591e-01 -2.910857e-01 3.828326e-02 -2.709105e-03 
9.335105e+00 -4.265492e+00 -4.056822e+00 1.022161e+01 -3.789786e+00 -1.608521e+01 6.617415e+00 -1.799635e+00 -3.444461e+00 -1.375124e+01 -1.258314e+00 -4.420743e+00 7.286819e-01 -1.296500e+00 4.701548e-01 1.849555e+00 3.681872e-01 1.575290e+00 -7.206587e-01 -2.670084e-01 -4.733589e-01 -5.503010e-01 -3.411614e-01 9.227177e-02 1.474630e+00 -3.391854e-02 4.524844e-02 2.186391e-02 -5.150836e-01 4.973977e-01 -1.585743e-01 -4.933931e-01 3.238641e-01 -8.721792e-01 -1.316050e-01 5.547662e-01 -5.728601e-01 -1.941661e-01 -3.063701e-03 
7.208159e+00 -3.780714e+00 -3.930466e+00 9.633205e+00 -3.514781e+00 -1.804185e+01 6.286133e+00 -3.637264e+00 -4.986687e+00 -1.557300e+01 -8.639253e-01 -2.041817e+00 6.925096e-01 -8.265790e-01 4.487465e-01 3.406096e-01 1.943623e+00 1.009473e+00 -1.606370e+00 -1.906338e-01 -8.535401e-01 -8.849946e-01 5.763948e-01 -6.186699e-01 8.036397e-02 -3.762990e-02 2.100506e-01 2.034983e-02 -2.750438e-01 5.437287e-01 -1.741492e-01 -8.346702e-02 3.708753e-01 -8.507457e-01 1.747312e-01 8.142949e-01 -4.513443e-01 -2.312100e-01 -4.429187e-03 
7.771342e+00 -2.291135e+00 -5.567799e+00 1.682664e+01 -1.003063e-01 -2.063826e+01 9.571389e+00 -6.563016e+00 -4.342424e+00 -9.943461e+00 -6.001797e+00 1.456522e+00 6.526657e-01 -5.408823e-01 5.869918e-01 8.113458e-01 2.283971e+00 3.548084e-01 -1.648777e+00 1.009600e-01 -1.569380e+00 -3.387933e-01 1.688371e+00 -6.453829e-01 -1.468626e-02 -4.113392e-02 6.874083e-03 -6.763474e-02 2.199168e-01 -1.270373e-01 -1.587407e-01 6.889208e-01 3.917738e-01 -6.437423e-01 -1.114368e-01 2.403138e-01 3.631390e-02 -1.875653e-01 -7.653851e-03 
7.666780e+00 -2.669144e+00 -6.899092e+00 1.801144e+01 -2.663821e+00 -2.304476e+01 7.698315e+00 -6.931077e+00 -7.847695e+00 -1.050151e+01 -4.557344e+00 -6.977222e+00 6.111704e-01 -6.582752e-01 6.313093e-01 1.747040e+00 1.222234e+00 8.942928e-01 1.725933e-02 6.220806e-01 -3.015297e+00 1.893304e-01 1.938069e+00 -5.658329e-01 1.396336e-01 -5.050042e-02 -2.792802e-01 -3.865998e-01 5.110477e-01 -5.663207e-01 -1.026472e-01 1.215755e+00 3.580923e-01 4.436642e-02 -4.643199e-01 -9.437948e-02 3.814441e-01 4.223226e-01 -1.341162e-02 
6.401690e+00 -1.886174e+00 1.484068e+00 1.745257e+01 -2.440964e+00 -2.182750e+01 6.415744e+00 -7.999793e+00 -3.707938e+00 -7.844702e+00 -2.638510e+00 -2.026559e+00 5.636669e-01 -1.346537e+00 4.072538e-02 2.245920e+00 9.369735e-02 8.391656e-01 1.912124e+00 1.285572e+00 -2.611110e+00 -1.644770e+00 1.795683e-01 2.474435e-01 5.071219e-01 -6.575015e-02 -3.917117e-01 -7.890410e-01 -1.420883e-02 -4.696973e-01 -1.614753e-01 1.409669e+00 2.840433e-01 1.112569e+00 -7.247241e-01 -1.327361e-01 2.763371e-01 2.737769e-01 -1.814282e-02 
4.601887e+00 -8.267797e-01 1.278921e+00 1.543266e+01 2.126976e+00 -1.736058e+01 1.097438e+01 -1.799567e+01 -4.356855e+00 -6.932198e+00 -5.374644e+00 3.977960e-01 4.844885e-01 -1.819957e+00 -1.211145e+00 2.178504e+00 2.073037e-01 2.539960e-01 2.691924e+00 1.007581e+00 -1.107632e-01 -2.553556e+00 8.589866e-01 8.421046e-01 1.931023e+00 -9.237757e-02 -1.956103e-01 -8.950935e-01 -4.416713e-01 -1.030968e-01 -3.972155e-01 1.016759e+00 -1.318673e-01 2.279824e+00 1.958218e-01 4.543547e-01 1.861802e-01 1.495375e-03 -1.658143e-02 
2.571221e+00 -3.008800e+00 1.572949e+00 1.858548e+01 1.699940e+00 -1.391947e+01 1.436120e+01 -1.408619e+01 -1.431126e+01 -1.083001e+01 -4.356052e+00 3.045116e-01 3.872679e-01 -1.918630e+00 -2.436947e+00 5.245595e-01 4.427488e-01 -1.324811e-01 4.062268e+00 1.328495e+00 2.541014e+00 -2.590873e+00 1.564257e+00 3.216730e-02 4.585443e-01 -1.109136e-01 1.105387e-01 -4.513013e-01 -6.175327e-01 6.061180e-02 -2.367343e-01 3.730567e-01 -5.582061e-01 1.881879e+00 1.617561e+00 1.065936e+00 2.024522e-01 -9.287849e-02 -7.193464e-03 
4.820620e-01 -8.163758e+00 3.949194e+00 1.848169e+01 -3.464190e+00 -1.353914e+01 8.763254e+00 -4.441645e+00 -1.531397e+01 -4.714204e+00 5.120093e-01 1.512007e+00 2.374843e-01 -1.350385e+00 -2.605211e+00 3.994650e-01 5.321285e-01 -6.059887e-01 4.026054e+00 -5.864076e-02 5.807725e+00 1.641606e+00 3.517493e+00 4.726388e-01 1.713731e-01 -1.108255e-01 1.995149e-01 3.335951e-01 -5.824672e-01 -7.950071e-02 1.668586e-01 -2.044320e-01 -6.300685e-01 1.750936e-01 2.057020e+00 1.191572e-01 1.991705e-01 -4.074960e-01 8.146218e-03 
-1.131912e+00 -1.040245e+01 2.771641e+00 1.814158e+01 -3.075979e-01 -3.426959e+00 1.416388e+01 -2.071331e+00 -1.118399e+01 -1.132320e+00 -5.421196e+00 -2.909136e-01 1.326041e-01 -1.028649e+00 -1.518682e+00 4.772367e-02 2.343528e-01 8.550606e-02 3.110427e+00 -9.722140e-01 3.839129e+00 4.345496e+00 4.179992e+00 1.444426e+00 9.225141e-01 -9.248643e-02 1.915170e-01 7.328735e-01 -2.747003e-01 -2.931572e-01 1.129527e-01 -1.071788e+00 -7.642061e-01 -9.902590e-01 1.315775e+00 -8.351489e-01 4.445721e-01 -2.780129e-01 1.920725e-02 
-2.980080e-01 -1.015608e+01 2.676995e+00 1.831563e+01 1.010182e-01 -2.476915e+00 1.077948e+01 5.035597e+00 2.287331e+00 5.806767e+00 -2.479182e+00 1.552581e+00 5.767719e-02 -1.267458e+00 -2.249167e-03 -4.953512e-01 -8.623817e-02 9.792708e-01 2.145675e+00 -9.924663e-01 1.158940e-01 4.263243e+00 1.467796e-01 1.131824e+00 -3.384801e-01 -6.085697e-02 1.364548e-01 6.413224e-01 -2.012302e-02 -3.845274e-01 -3.150185e-02 -1.171679e+00 -6.330540e-01 -1.354012e+00 -4.139607e-01 -1.294312e+00 -9.037997e-03 -2.274260e-01 2.127801e-02 
-2.181667e+00 -9.606000e+00 2.447826e+00 1.983974e+01 3.448907e-01 -3.898608e+00 8.491941e+00 3.705880e-01 -1.384591e+00 4.809502e+00 4.361807e+00 4.896949e+00 1.472376e-02 -1.002581e+00 -7.413673e-02 -4.016106e-01 -7.137780e-01 -3.602620e-01 -3.564232e-01 -2.025539e+00 4.357821e-01 2.677193e+00 -9.261022e-01 1.925360e+00 -6.765019e-01 -3.986397e-02 2.710342e-01 3.714470e-01 2.831414e-01 -4.070040e-01 -1.489202e-01 -5.180508e-01 -3.903870e-01 -4.277290e-01 -1.594234e+00 -8.174292e-01 -7.014406e-01 -1.797981e-01 1.399410e-02 
-5.329899e+00 -8.573557e+00 1.634445e+00 1.720108e+01 1.105825e+00 -2.574981e+00 6.636760e+00 -5.083410e+00 1.102615e+00 -6.950853e+00 1.279477e+00 -2.774221e+00 -7.868517e-03 -6.811939e-01 -1.208241e-01 5.234894e-01 -9.162937e-01 -5.405398e-01 -9.883418e-02 -2.697192e+00 7.392012e-01 4.058741e-01 -4.009587e-01 1.870444e-01 -1.661436e-01 -3.074627e-02 4.362978e-01 1.842737e-01 4.419852e-01 -4.014925e-01 -3.136578e-01 1.382956e-01 7.736709e-03 3.727514e-01 -1.972574e+00 2.761133e-01 -6.297892e-01 3.222584e-01 4.615936e-03 
-3.628963e+00 -1.156446e+01 1.285167e+00 1.512928e+01 -2.611415e+00 -5.159971e+00 6.107676e+00 5.166760e+00 2.794268e+00 6.160378e-01 2.326263e+00 -1.509853e+00 -3.393923e-02 3.331025e-02 3.977933e-01 9.540970e-01 -1.385772e+00 1.008713e-01 1.642464e+00 -2.071787e+00 1.388608e+00 -1.697065e+00 3.668418e-01 -1.590359e+00 -6.259023e-02 -3.757288e-02 2.815699e-01 2.552333e-01 2.239614e-01 -2.020453e-01 -1.207189e-01 4.481331e-01 4.169194e-01 -2.155771e-01 -1.607455e+00 1.683545e-01 -3.561101e-02 2.573035e-01 1.352090e-03 
-2.980372e+00 -9.780838e+00 5.875750e+00 1.608893e+01 -1.123533e+00 -2.340454e+00 -1.514235e+00 6.333849e+00 2.227281e+00 5.898424e+00 -5.262526e-01 3.925265e+00 -7.171014e-02 3.961608e-01 6.830526e-01 1.036816e+00 -1.757639e+00 -8.195773e-01 1.837597e+00 -9.308024e-01 1.503192e+00 -3.412499e+00 8.809507e-01 -2.593198e-01 9.658718e-01 -3.892576e-02 -3.003913e-02 -2.462228e-03 -3.545610e-01 2.246193e-02 -2.268187e-01 8.208685e-02 7.514223e-01 -6.640005e-01 -6.752872e-01 6.776289e-02 1.114869e+00 -2.778129e-02 3.836218e-03 
-3.190012e+00 -7.013144e+00 5.097921e+00 1.346704e+01 1.964049e+00 4.196738e+00 2.208217e+00 1.605266e+00 -1.043219e+01 2.189971e-01 -2.687031e+00 1.234235e+00 -1.412086e-01 -1.334190e-01 8.000476e-01 4.616377e-01 -1.303449e+00 -8.243277e-01 9.159869e-01 -8.240997e-01 -1.024091e+00 -3.450850e+00 -7.252718e-01 1.970438e+00 4.407819e-02 -2.901499e-02 -2.361379e-01 -2.750967e-01 -4.784156e-01 4.117973e-01 -1.687990e-01 -5.655546e-01 4.191480e-01 -6.122916e-01 6.568634e-01 3.392487e-01 1.245637e+00 -3.041314e-01 9.370650e-03 
-3.567883e+00 -7.434000e+00 4.911511e+00 9.244392e+00 -5.279743e+00 1.935001e+00 3.932336e+00 4.212478e+00 -9.346163e+00 -2.347370e+00 2.489854e+00 6.831978e-01 -1.488506e-01 -7.480256e-01 -3.342749e-01 -1.003113e+00 -8.450251e-01 -1.212036e+00 6.747727e-01 4.360813e-01 -1.374265e+00 -2.093610e+00 4.839140e-01 3.980992e+00 -3.583488e-01 -1.584383e-02 -1.933801e-01 -1.911833e-01 -3.056449e-01 7.106236e-01 5.231798e-01 -5.549982e-01 -1.165193e-01 -1.340964e-01 1.505468e+00 4.035726e-01 1.849952e-01 -3.344039e-01 1.014645e-02 
-4.001658e+00 -8.737683e+00 4.075069e+00 1.203474e+01 -4.655274e+00 -2.717669e+00 -7.365680e-01 1.106710e+00 -8.673039e+00 1.112440e+00 1.067039e+01 3.315606e-01 -1.404532e-01 -5.751730e-01 -4.690443e-01 -4.179831e-01 2.167121e-01 -5.469322e-01 -6.038305e-01 -6.594610e-01 -2.341407e-01 9.279289e-01 2.261541e+00 2.517664e+00 -9.210732e-01 -2.263171e-03 4.609437e-02 7.626966e-02 -8.040962e-02 4.689791e-01 6.892253e-01 4.939361e-02 -2.126862e-01 4.668235e-01 1.586387e+00 3.295245e-01 -1.244022e+00 3.131262e-02 6.796404e-03 
-6.314951e+00 -1.059007e+01 1.371645e+00 1.258004e+01 -3.874104e+00 4.490416e+00 2.138092e+00 -2.885761e-01 -9.119926e+00 7.871460e+00 1.270003e+01 2.584952e+00 -1.512926e-01 -3.496598e-01 3.616915e-01 -5.158146e-02 1.035478e+00 1.657570e+00 -1.775594e-01 -1.595604e+00 4.375964e-01 1.925553e+00 1.405359e+00 3.920085e-01 -2.234769e-01 -1.573771e-03 2.137419e-01 5.001770e-01 1.992362e-01 2.556214e-02 6.903904e-01 2.529583e-01 -4.336558e-01 4.642493e-01 9.105654e-01 -4.306934e-01 -1.741389e+00 1.118875e-01 3.177963e-03 
-4.692178e+00 -7.780221e+00 4.777949e+00 1.288263e+01 -1.473516e+00 -1.005095e-01 -1.920076e-01 2.685359e+00 -5.905598e+00 6.417131e+00 4.796192e+00 -4.322258e+00 -1.512926e-01 -1.022776e-01 8.334635e-01 -4.162710e-01 1.012241e-01 1.186995e+00 1.589035e+00 -8.716574e-01 4.042399e-01 2.471496e+00 4.616346e-01 -2.455097e+00 1.332351e-01 -2.169869e-03 4.001907e-02 4.607101e-01 6.439268e-02 -4.380923e-01 3.373269e-01 7.142482e-01 1.021376e-01 3.096823e-01 1.824173e-01 -7.494678e-01 -9.790671e-01 2.971641e-01 6.095949e-04 
-4.971181e+00 -6.104401e+00 4.302316e+00 1.399797e+01 1.417411e+00 -2.618768e-01 -4.317802e+00 5.611111e+00 -1.102493e+00 2.026972e+00 7.387093e+00 1.892428e+00 -1.512926e-01 8.422130e-02 1.515368e+00 -7.814435e-03 -6.596797e-01 1.372903e+00 8.431398e-01 -1.626234e+00 6.276870e-01 1.687575e+00 -7.696206e-01 -2.239527e+00 -3.260200e-01 1.999478e-06 -8.525514e-02 2.087344e-01 1.001068e-01 -4.380062e-01 -1.233583e-01 1.559815e-01 2.815624e-01 1.913786e-01 -2.181195e-01 -3.880869e-01 -2.635100e-01 4.562376e-02 5.312312e-04 
-5.184962e+00 -6.813428e+00 5.284769e-01 1.183115e+01 -1.365849e+00 7.603611e+00 -1.866313e+00 1.778578e-01 -3.241652e-01 6.342915e+00 1.051630e+00 1.343818e+00 -1.512926e-01 -5.919684e-01 1.257679e+00 -1.179276e-01 -1.126101e+00 1.282001e+00 2.457113e+00 -1.335040e-01 1.219173e+00 1.958997e+00 -3.983314e-01 -1.061891e+00 6.159792e-01 1.999478e-06 -8.687009e-02 4.367932e-03 1.831725e-01 7.886862e-02 9.847157e-02 -5.891488e-01 1.323291e-01 2.804141e-01 -5.826854e-01 -2.006976e-01 4.660402e-01 1.297551e-01 4.332767e-04 
-5.647725e+00 -3.497034e+00 3.457226e+00 9.806455e+00 2.936685e+00 4.854141e+00 -5.155438e+00 4.103398e+00 -3.472857e+00 4.060437e+00 3.374360e+00 -1.878136e+00 -1.512926e-01 -5.309101e-01 1.193217e+00 2.998388e-01 -5.408988e-01 9.932872e-01 1.683069e-01 -5.568893e-01 9.869331e-01 1.091015e+00 -1.051253e-01 -1.622179e+00 -2.366946e-01 1.999478e-06 -4.046075e-03 -1.870448e-01 -1.230103e-02 3.684804e-01 -5.639796e-02 -5.058401e-01 -8.203875e-02 -2.404242e-01 -5.962744e-01 2.479624e-02 4.936616e-01 4.154373e-01 3.175870e-07 
-7.313979e+00 -2.795608e+00 4.611238e+00 9.347384e+00 4.176802e+00 9.627189e+00 -4.410738e-01 9.535313e+00 5.074789e+00 3.408706e+00 1.492900e+00 6.429710e-01 -1.512926e-01 -2.292928e-01 1.016342e+00 3.457461e-01 4.363981e-01 1.869165e+00 -1.019290e+00 -7.447023e-01 1.626709e+00 -1.436845e-01 -8.740818e-01 -4.336424e-01 7.373808e-01 1.999478e-06 1.408383e-01 -1.854634e-01 -1.213511e-01 1.804868e-01 -2.633900e-01 -5.181690e-01 -3.237807e-01 -5.610864e-01 -4.868247e-01 9.373016e-02 5.331792e-01 -1.258815e-02 3.175870e-07 
-6.561343e+00 -2.147049e+00 3.759902e+00 1.253533e+01 3.612782e+00 -4.315459e-01 -7.815370e+00 5.866746e+00 1.652845e+00 2.968677e+00 -9.445734e-01 1.059457e+00 -1.512926e-01 -1.173235e-01 7.007480e-01 -3.011284e-01 4.015870e-01 7.972924e-01 5.200341e-02 -1.730821e+00 -7.781737e-01 -2.423365e-01 -4.076845e-01 -8.538998e-02 1.690493e+00 1.999478e-06 9.869570e-02 -1.078082e-01 -1.355070e-01 -3.311349e-01 -3.604064e-01 3.715993e-01 2.676020e-01 -3.969499e-01 2.000030e-01 3.812429e-01 7.515064e-01 -2.881416e-01 3.175870e-07 
-5.874447e+00 -2.406542e+00 2.105274e+00 1.264870e+01 7.641867e+00 5.150414e+00 -4.259768e+00 7.430002e+00 -3.605526e+00 2.518102e+00 1.043106e+00 3.561837e+00 -1.512926e-01 -9.457969e-02 5.765642e-01 -4.241897e-01 -6.949612e-01 6.298601e-02 -7.563647e-02 -1.165468e+00 -7.037844e-01 1.916547e-01 2.217101e-01 8.356227e-01 -4.105465e-01 1.999478e-06 2.248530e-02 3.673549e-02 2.602096e-01 -5.110335e-01 -6.000939e-01 3.680149e-01 4.090141e-01 -2.800453e-01 6.181871e-01 5.517049e-01 6.874213e-01 -4.864491e-01 3.175870e-07 
-6.953708e+00 -1.875496e-01 3.204515e+00 1.016413e+01 5.190689e+00 7.352480e+00 -1.190006e+01 1.265311e+00 -3.446475e-01 2.467002e+00 3.172740e+00 5.115075e+00 -1.512926e-01 -1.045520e-01 8.740681e-01 7.166942e-03 -1.630861e+00 9.430296e-02 1.554396e+00 9.914596e-01 1.673943e-01 1.923358e+00 1.253291e+00 1.500602e+00 -1.103512e+00 1.999478e-06 7.104790e-03 1.019416e-01 5.314230e-01 -1.631204e-01 -2.705949e-01 9.248567e-02 7.891827e-01 3.752137e-01 3.842229e-01 4.286395e-01 3.830850e-01 -2.507847e-01 3.175870e-07 
-7.590911e+00 -8.924304e-01 2.767797e+00 7.059217e+00 3.702807e+00 5.356403e+00 -4.225914e+00 8.317365e+00 7.032247e+00 4.768135e+00 3.612042e+00 -3.437616e+00 -1.512926e-01 -1.232718e-01 1.113351e+00 1.492570e+00 -1.102815e+00 -7.798740e-01 6.963787e-02 -6.085743e-02 -2.464226e-01 1.864219e+00 1.054037e+00 2.210562e+00 -2.978164e-01 1.999478e-06 -1.681189e-02 9.521242e-02 4.487006e-01 3.491040e-01 4.834644e-02 5.983181e-02 2.726479e-01 1.362560e-01 -1.761228e-01 3.859023e-02 -2.911313e-01 2.439312e-01 3.175870e-07 
-6.226436e+00 1.466156e+00 3.464432e+00 7.175781e+00 6.053842e+00 7.237292e+00 -2.875152e+00 6.260237e+00 5.951339e+00 8.109928e+00 5.273851e+00 -9.584695e-01 -1.512926e-01 -6.728717e-02 9.420058e-01 1.397546e+00 -2.099585e-01 -1.341818e-01 4.417459e-01 1.662810e+00 8.692779e-01 8.423186e-01 1.319288e+00 1.142627e+00 3.802479e-01 1.999478e-06 -6.710614e-02 -1.062605e-01 2.406171e-02 4.928335e-01 9.316896e-02 -3.927206e-02 -1.954460e-01 -3.448404e-02 -4.990609e-01 -4.475127e-01 -8.605597e-01 1.570117e-01 3.175870e-07 
-6.854840e+00 2.333090e+00 9.438196e+00 8.628839e+00 3.311055e+00 5.556167e+00 -9.076660e+00 3.700538e+00 2.568032e+00 4.966858e+00 1.104510e+01 5.109180e+00 -1.512926e-01 -1.974515e-01 1.018712e+00 1.124029e+00 3.401973e-01 4.189671e-01 7.798446e-01 -1.379373e-01 -3.732892e-01 -1.483330e-01 3.816597e-01 -4.410081e-01 6.723037e-02 1.999478e-06 -7.464259e-02 -3.243882e-01 -6.239810e-01 1.579241e-01 1.712576e-01 4.667573e-02 -9.503543e-03 1.951280e-01 -1.819027e-01 -4.793505e-01 -1.179846e+00 -3.035908e-01 3.175870e-07 
-7.658204e+00 2.909779e+00 6.857284e+00 8.328647e+00 4.715657e+00 9.461670e+00 -1.160706e+00 7.920527e+00 6.099370e+00 8.964032e+00 5.169271e+00 2.742738e+00 -1.512926e-01 -4.031951e-01 3.900515e-01 3.118239e-01 1.118085e-01 -3.923394e-02 1.003005e+00 5.259613e-02 5.853183e-02 4.344108e-01 -6.480294e-01 -1.476337e+00 -5.009663e-01 1.999478e-06 -6.872109e-02 -3.977367e-01 -5.006987e-01 -1.087805e-01 -1.517736e-01 -4.826004e-01 -3.331998e-01 9.669088e-02 -3.372229e-01 -6.556831e-01 -5.366241e-01 -7.486865e-02 3.175870e-07 
-7.862150e+00 3.479558e+00 6.691053e+00 8.182543e+00 6.466609e+00 8.143751e+00 -5.772542e+00 5.621149e+00 6.216213e+00 6.249231e+00 1.459788e+00 -4.951667e+00 -1.512926e-01 -3.284906e-01 -2.326843e-01 -1.084547e+00 -4.740992e-01 2.891269e-02 2.240272e-02 6.968431e-01 1.134735e+00 1.158547e+00 -3.591321e-01 -2.379279e+00 -1.375193e+00 1.999478e-06 5.797448e-03 -2.944432e-01 -1.352017e-01 -2.302056e-01 -3.840898e-01 -7.355201e-01 1.101656e-02 5.817695e-01 -2.133849e-01 -1.498435e-01 7.747245e-02 2.824831e-01 3.175870e-07 
-7.738954e+00 2.843092e+00 6.397025e+00 7.958197e+00 4.279799e+00 1.095860e+01 -4.264120e+00 5.592373e+00 6.299073e+00 4.228744e+00 2.684917e+00 1.567146e+00 -1.512926e-01 -3.452860e-01 -4.210930e-01 -1.607865e-03 -3.468507e-01 -6.980629e-01 -1.592515e+00 -4.205637e-01 5.987966e-01 -1.497308e+00 -1.588706e+00 -5.714309e-01 7.271097e-01 1.999478e-06 8.185405e-02 2.408455e-02 2.984039e-01 -1.490833e-01 -2.707852e-01 -6.555201e-01 -1.177387e-01 5.978305e-01 -8.542708e-02 3.871855e-01 2.982610e-01 1.600275e-01 3.175870e-07 
-8.456908e+00 1.202862e+00 4.246105e+00 6.443663e+00 3.673750e+00 4.920037e+00 -4.040686e+00 1.053778e+01 8.260721e+00 5.539100e+00 3.910372e-01 -1.179023e+00 -1.512926e-01 -1.976264e-01 -4.798862e-02 6.047099e-01 -5.815901e-01 -1.172040e+00 -1.599967e+00 1.537572e-01 2.265229e+00 -2.493092e-01 1.026411e-01 -5.061213e-01 8.656860e-01 1.999478e-06 1.237659e-01 2.648897e-01 5.143291e-01 -4.148254e-03 -1.285182e-01 -6.539419e-03 -1.837983e-01 3.016797e-01 2.663492e-01 5.786446e-01 2.991726e-01 -4.761204e-02 3.175870e-07 
-9.087382e+00 1.942641e+00 8.071831e+00 7.463997e+00 2.621985e+00 3.110752e+00 -4.129673e+00 8.456558e+00 -2.409638e+00 1.376052e+00 2.846541e+00 4.491908e+00 -1.512926e-01 -5.923938e-02 4.180956e-01 9.592335e-01 -5.794732e-01 -7.927175e-01 -1.463405e+00 -2.643887e-01 2.482396e+00 7.112561e-01 1.057085e+00 -9.215493e-01 -8.212241e-01 1.999478e-06 1.329942e-01 2.906627e-01 2.418947e-01 1.393634e-02 8.691520e-02 4.560503e-01 -2.131942e-02 1.641251e-01 7.401804e-01 6.708446e-01 -4.759850e-02 -4.837177e-01 3.175870e-07 
-8.175835e+00 3.689985e+00 8.877525e+00 5.521530e+00 1.435312e+00 4.067540e+00 -5.070805e+00 1.551530e+01 9.323940e+00 8.189012e+00 -1.151439e+00 -2.085859e+00 -1.512926e-01 1.473790e-01 6.721510e-01 1.006853e+00 -3.786040e-01 -5.663440e-01 -7.479674e-02 -3.001578e-01 1.701517e+00 1.385937e+00 1.211254e+00 -7.082373e-01 -8.390723e-01 1.999478e-06 8.969810e-02 1.694357e-01 8.518773e-02 6.069792e-02 1.437934e-01 4.439184e-01 -9.435923e-02 -1.908419e-01 3.945530e-01 2.371444e-01 -1.911113e-02 -3.427402e-01 3.175870e-07 
