0.157406488253 0.506172356196
0.166666433642 0.506172356196
0.17592498088 0.506172356196
0.185184926269 0.506172356196
0.203703418895 0.493827643804
0.222221911522 0.493827643804
0.231481856911 0.493827643804
0.250000349537 0.493827643804
0.259258896776 0.493827643804
0.268518842164 0.493827643804
0.277777389403 0.493827643804
0.287037334791 0.481481067215
0.287037334791 0.469136354824
0.277777389403 0.456789778235
0.277777389403 0.444445065843
0.268518842164 0.432098489255
0.268518842164 0.419753776863
0.259258896776 0.407407200274
0.259258896776 0.395062487883
0.259258896776 0.382715911294
0.259258896776 0.370371198902
0.268518842164 0.370371198902
0.277777389403 0.358024622314
0.29629588203 0.358024622314
0.305555827418 0.358024622314
0.314814374657 0.358024622314
0.324074320045 0.358024622314
0.333332867283 0.358024622314
0.342592812672 0.370371198902
0.35185135991 0.382715911294
0.361111305299 0.382715911294
0.370369852537 0.395062487883
0.370369852537 0.407407200274
0.379629797925 0.407407200274
0.379629797925 0.395062487883
0.379629797925 0.382715911294
0.388888345164 0.382715911294
0.407406837791 0.370371198902
0.416666783179 0.370371198902
0.425925330418 0.370371198902
0.435185275806 0.370371198902
0.444443823045 0.382715911294
0.453703768433 0.382715911294
0.462962315671 0.395062487883
0.462962315671 0.407407200274
0.47222226106 0.419753776863
0.47222226106 0.432098489255
0.47222226106 0.444445065843
0.481482206448 0.456789778235
0.481482206448 0.469136354824
0.481482206448 0.481481067215
0.481482206448 0.493827643804
0.47222226106 0.506172356196
0.47222226106 0.518518932785
0.47222226106 0.530863645176
0.462962315671 0.543210221765
0.453703768433 0.543210221765
0.444443823045 0.555554934157
0.435185275806 0.555554934157
0.425925330418 0.555554934157
0.444443823045 0.555554934157
0.453703768433 0.555554934157
0.462962315671 0.555554934157
0.481482206448 0.555554934157
0.500000699075 0.555554934157
0.546296231567 0.567901510745
0.564814724194 0.567901510745
0.620370202075 0.592592799726
0.64814864009 0.592592799726
0.685185625343 0.592592799726
0.694444172582 0.592592799726
0.70370411797 0.592592799726
0.731481157836 0.592592799726
0.740741103224 0.592592799726
0.749999650463 0.580246223137
0.749999650463 0.567901510745
0.749999650463 0.543210221765
0.749999650463 0.530863645176
0.740741103224 0.530863645176
0.740741103224 0.518518932785
0.731481157836 0.506172356196
0.712962665209 0.493827643804
0.70370411797 0.493827643804
0.694444172582 0.493827643804
0.685185625343 0.493827643804
0.675925679955 0.518518932785
0.675925679955 0.530863645176
0.685185625343 0.543210221765
