0.185184926269 0.543210221765
0.203703418895 0.543210221765
0.222221911522 0.543210221765
0.240740404149 0.543210221765
0.259258896776 0.543210221765
0.277777389403 0.543210221765
0.29629588203 0.543210221765
0.305555827418 0.543210221765
0.314814374657 0.543210221765
0.314814374657 0.530863645176
0.314814374657 0.518518932785
0.29629588203 0.493827643804
0.287037334791 0.469136354824
0.268518842164 0.444445065843
0.259258896776 0.419753776863
0.240740404149 0.395062487883
0.231481856911 0.382715911294
0.231481856911 0.358024622314
0.240740404149 0.358024622314
0.268518842164 0.345679909922
0.287037334791 0.345679909922
0.314814374657 0.370371198902
0.333332867283 0.382715911294
0.342592812672 0.395062487883
0.342592812672 0.407407200274
0.35185135991 0.407407200274
0.361111305299 0.407407200274
0.361111305299 0.395062487883
0.370369852537 0.382715911294
0.379629797925 0.370371198902
0.388888345164 0.358024622314
0.398148290552 0.358024622314
0.416666783179 0.345679909922
0.453703768433 0.345679909922
0.47222226106 0.358024622314
0.481482206448 0.382715911294
0.490740753687 0.395062487883
0.490740753687 0.456789778235
0.481482206448 0.481481067215
0.47222226106 0.506172356196
0.462962315671 0.518518932785
0.453703768433 0.555554934157
0.444443823045 0.555554934157
0.444443823045 0.567901510745
0.453703768433 0.580246223137
0.47222226106 0.580246223137
0.509259246313 0.592592799726
0.537037684329 0.604937512117
0.620370202075 0.617284088706
0.657407187328 0.617284088706
0.685185625343 0.617284088706
0.731481157836 0.617284088706
0.749999650463 0.604937512117
0.759259595851 0.580246223137
0.759259595851 0.555554934157
0.759259595851 0.543210221765
0.731481157836 0.518518932785
0.712962665209 0.518518932785
0.70370411797 0.506172356196
0.675925679955 0.518518932785
0.666667132717 0.543210221765
0.666667132717 0.555554934157
0.666667132717 0.567901510745
