0.287037334791 0.358024622314
0.305555827418 0.358024622314
0.333332867283 0.358024622314
0.361111305299 0.358024622314
0.388888345164 0.358024622314
0.416666783179 0.358024622314
0.425925330418 0.358024622314
0.425925330418 0.345679909922
0.425925330418 0.320988620942
0.407406837791 0.271604178784
0.398148290552 0.234568177412
0.398148290552 0.185185599451
0.398148290552 0.13580302149
0.416666783179 0.11111173251
0.444443823045 0.0987651559214
0.47222226106 0.0987651559214
0.490740753687 0.123456444902
0.500000699075 0.160494310471
0.509259246313 0.172839022863
0.509259246313 0.197530311843
0.518519191702 0.209876888432
0.518519191702 0.197530311843
0.52777773894 0.172839022863
0.537037684329 0.148147733882
0.564814724194 0.11111173251
0.601851709448 0.0987651559214
0.629630147463 0.11111173251
0.638888694701 0.13580302149
0.64814864009 0.172839022863
0.629630147463 0.222221600823
0.611111654836 0.271604178784
0.583333216821 0.308642044353
0.574074669582 0.333333333333
0.564814724194 0.345679909922
0.564814724194 0.358024622314
0.592593162209 0.358024622314
0.629630147463 0.370371198902
0.64814864009 0.382715911294
0.675925679955 0.382715911294
0.712962665209 0.395062487883
0.731481157836 0.395062487883
0.740741103224 0.395062487883
0.749999650463 0.370371198902
0.759259595851 0.358024622314
0.759259595851 0.320988620942
0.749999650463 0.308642044353
0.749999650463 0.296297331961
0.722222610597 0.296297331961
0.694444172582 0.320988620942
0.694444172582 0.358024622314
0.694444172582 0.370371198902
0.712962665209 0.395062487883
