-7.492862e+00 6.190387e+00 -2.125696e+00 6.035056e+00 1.179013e+00 -1.474737e+00 2.914257e+00 -3.934760e+00 1.126252e+00 5.010566e+00 3.732705e+00 -1.246982e+00 -1.512926e-01 7.955857e-02 -4.420517e-01 -1.491683e+00 -1.580451e+00 -9.293451e-01 1.132200e+00 1.576914e+00 1.089405e+00 4.037426e-01 -1.237121e+00 2.087305e+00 1.795906e+00 -8.484286e-07 -2.326999e-02 -6.492741e-02 8.860718e-02 2.881862e-01 3.248686e-01 -4.738205e-02 -4.381136e-01 8.584739e-02 3.921059e-01 4.701164e-01 -3.005628e-01 -3.793515e-01 3.253931e-07 
-7.765634e+00 5.640741e+00 -5.220785e+00 3.059190e+00 -2.849862e+00 -1.826532e+00 6.910939e+00 -1.123685e-01 -1.069729e+00 1.109300e+00 1.001186e+01 6.740271e+00 -1.512926e-01 8.074194e-03 -8.559446e-01 -1.559211e+00 -1.072914e+00 -4.665734e-01 1.301745e+00 1.163943e+00 1.483160e+00 8.704222e-01 -2.931682e-01 1.760017e+00 1.455605e+00 -8.484286e-07 -1.302928e-02 1.022525e-01 4.227806e-01 5.719764e-01 5.300428e-01 -2.191824e-01 -8.687060e-01 -2.495720e-01 4.183585e-01 6.979595e-01 -6.007277e-01 -9.754782e-01 3.253931e-07 
-6.958396e+00 4.254931e+00 -8.035896e+00 -3.791047e-01 -1.453233e+00 4.362016e+00 8.800247e+00 -3.990001e-01 4.243038e+00 7.759610e-01 1.102966e+01 3.738962e+00 -1.512926e-01 -9.848853e-04 -5.598384e-01 -1.014712e+00 -3.933386e-01 4.635999e-01 8.104868e-01 -4.072553e-01 1.321635e+00 2.130869e+00 6.414559e-01 7.480818e-01 6.915170e-02 -8.484286e-07 -4.583749e-02 2.476245e-01 6.315013e-01 8.227274e-01 5.120595e-01 -4.831373e-01 -8.192211e-01 -5.081903e-01 -3.072351e-02 6.650897e-01 -7.656103e-01 -1.067442e+00 3.253931e-07 
-7.719732e+00 2.878311e+00 -6.966009e+00 3.877714e+00 1.622219e-01 2.115436e+00 5.791038e+00 1.713793e+00 3.920158e+00 5.662299e+00 8.884274e+00 3.538150e+00 -1.512926e-01 5.468727e-02 1.280914e-01 3.838624e-01 6.859351e-01 1.024448e+00 1.969649e-01 -1.774591e+00 -2.746750e-01 1.631874e+00 1.313458e+00 -2.467442e-01 -2.218079e+00 -8.484286e-07 -3.812535e-02 4.073011e-01 5.411702e-01 5.409079e-01 2.620686e-01 -4.898273e-01 -2.277886e-01 -5.193790e-01 -3.610336e-01 2.334848e-01 -6.618361e-01 -8.688808e-01 3.253931e-07 
-7.520297e+00 4.772835e+00 -6.326578e+00 3.659111e+00 1.990924e+00 6.066580e-01 1.438124e+00 1.760291e+00 9.285542e+00 5.941672e+00 8.036671e+00 7.001538e-01 -1.512926e-01 -1.729427e-01 3.041409e-01 6.942925e-01 1.653586e+00 8.855488e-01 -7.310366e-01 -1.049908e+00 -5.725303e-01 -1.306315e-01 1.285069e+00 -7.372781e-01 -1.704442e+00 -8.484286e-07 -1.707499e-02 1.797872e-01 1.591743e-01 1.596807e-01 2.373199e-02 -1.308675e-01 2.782527e-01 -2.720711e-01 -4.854160e-01 -2.094640e-01 -4.633063e-01 -1.148895e-01 3.253931e-07 
-7.211120e+00 6.022486e+00 -4.156142e+00 4.469722e+00 5.501744e-01 1.036207e+00 1.718872e+00 -2.565298e+00 4.568708e+00 5.094004e+00 1.027439e+01 -2.830695e+00 -1.512926e-01 -9.651699e-02 7.485524e-01 2.921152e-01 6.079883e-01 6.327634e-01 -3.765965e-01 3.464736e-01 -1.664705e-01 1.961056e-01 5.524775e-01 -8.065102e-01 -2.002045e+00 -8.484286e-07 1.465857e-02 -1.584780e-01 -1.872463e-01 -2.000420e-01 -6.770240e-02 2.243316e-01 1.060498e-01 2.505166e-01 -1.359457e-01 -5.520224e-01 -2.761079e-01 5.612963e-01 3.253931e-07 
-8.077450e+00 4.203559e+00 -5.969141e+00 7.592971e+00 2.780521e+00 1.246316e+00 5.586215e+00 -1.122586e+00 3.265629e+00 7.485491e+00 6.648253e+00 -1.598841e+00 -1.512926e-01 -1.053810e-02 2.909507e-02 -1.728889e-01 4.441486e-01 7.781559e-01 4.430794e-01 -7.644832e-02 -9.283671e-02 4.216076e-01 -2.533023e-02 -1.288578e+00 -6.132017e-01 -8.484286e-07 6.099463e-02 -2.975313e-01 -9.224955e-02 -3.557325e-01 -1.167127e-01 4.523036e-01 -2.382423e-01 3.101697e-01 1.589375e-01 -5.272442e-01 1.228883e-01 5.476781e-01 3.253931e-07 
-7.923916e+00 6.905427e+00 -5.684322e+00 4.950944e+00 2.931391e+00 -8.725553e-02 5.449373e+00 2.322726e+00 7.910712e+00 7.652783e+00 5.546200e+00 -5.322441e+00 -1.512926e-01 4.694588e-02 -5.266715e-01 -1.187524e-01 2.905252e-01 7.395916e-01 7.316244e-01 -1.731290e+00 7.382286e-01 6.759213e-01 -7.915273e-01 -1.351724e+00 4.278478e-02 -8.484286e-07 3.912142e-03 -4.551017e-01 3.845200e-02 -2.104175e-01 -1.237619e-01 3.048086e-01 -1.580211e-01 8.432717e-02 -1.813585e-01 -2.583622e-01 4.277939e-01 7.478895e-01 3.253931e-07 
-7.216396e+00 4.476711e+00 -6.427031e+00 5.639395e+00 4.691124e+00 3.383695e+00 -8.091817e-01 -1.148064e+00 9.722825e+00 4.535257e+00 3.957796e+00 -1.120117e+00 -1.512926e-01 6.045214e-02 -5.460925e-01 4.384263e-01 3.360330e-02 2.485884e-01 9.763274e-01 -1.202268e+00 5.257259e-01 4.241472e-01 -6.791759e-01 1.497751e-01 1.139939e-02 -8.484286e-07 -5.759534e-02 -1.999877e-01 1.538607e-01 -2.658308e-01 -4.586526e-01 -8.502770e-02 6.207268e-01 -1.797031e-01 -3.129391e-01 2.105055e-02 5.722396e-01 4.848560e-01 3.253931e-07 
-7.406862e+00 3.252538e+00 -4.520840e+00 6.899081e+00 3.292720e+00 3.625251e+00 -3.739817e+00 1.138619e+00 4.719784e+00 2.611192e+00 4.861140e+00 -2.856278e+00 -1.512926e-01 -1.123292e-01 -1.239571e+00 1.785710e-01 -2.387061e-01 2.786832e-01 8.807926e-01 1.192119e-01 -5.435965e-02 -7.119449e-01 -4.122407e-01 6.133217e-01 1.425096e+00 -8.484286e-07 -1.985642e-02 1.094926e-01 1.545735e-01 -2.701781e-01 -5.148922e-01 -2.708016e-01 1.218977e+00 -4.698201e-01 -2.825228e-01 -3.241612e-02 3.683333e-01 2.612807e-01 3.253931e-07 
-8.033658e+00 3.299734e+00 -4.358662e+00 6.786812e+00 3.842446e+00 4.271475e+00 4.170117e+00 2.098516e+00 6.981935e+00 6.610425e+00 7.739669e+00 -2.774973e+00 -1.512926e-01 -2.188969e-01 -6.144441e-01 4.475440e-01 -6.204943e-01 -1.284724e+00 -5.655945e-02 2.101768e+00 -5.951869e-01 -4.490490e-01 -1.096942e-01 5.900385e-01 1.120005e+00 -8.484286e-07 6.364962e-02 3.270459e-01 -2.112786e-03 -1.610325e-01 -3.407707e-01 -3.019553e-01 5.806730e-01 -3.607906e-01 -2.372511e-01 -2.105093e-01 -1.242910e-01 -4.184585e-02 3.253931e-07 
-8.076921e+00 1.296618e+00 -5.825521e+00 3.183823e+00 4.749190e+00 3.873028e+00 3.556092e+00 4.284098e-01 5.721508e+00 4.553937e+00 6.722291e+00 2.630118e+00 -1.512926e-01 8.729996e-02 5.494761e-02 6.494162e-01 -7.333785e-01 -1.068301e+00 -1.059588e-01 2.711475e+00 -1.050271e+00 -3.000863e-01 -1.238526e+00 2.697187e-01 7.949190e-01 -8.484286e-07 1.434260e-01 4.759721e-01 -3.477197e-02 5.960949e-03 -2.568229e-01 -3.491410e-01 -3.813565e-01 6.036865e-02 8.219707e-04 1.503617e-01 -2.413912e-01 -5.071225e-01 3.253931e-07 
-7.975621e+00 2.382544e+00 -3.536882e+00 4.394546e+00 -2.460895e+00 2.977299e+00 6.051921e+00 -3.768514e+00 6.976753e+00 3.015515e+00 5.977660e+00 1.736454e+00 -1.512926e-01 2.786936e-01 4.419791e-01 1.922476e-01 -5.241328e-01 -7.817505e-01 -4.006361e-02 4.051045e-01 -7.803455e-01 -9.679224e-01 -1.318576e+00 -2.999251e-01 1.173450e-01 -8.484286e-07 7.768320e-02 2.191468e-01 -1.650199e-01 3.042163e-02 2.904456e-01 -1.864849e-01 -1.286743e+00 3.972474e-01 9.365883e-02 6.039960e-01 -1.249848e-01 -3.099902e-01 3.253931e-07 
-7.000077e+00 3.986374e+00 -1.684751e+00 4.428672e+00 1.103197e+00 3.742401e+00 8.876173e+00 -1.179912e+00 3.221781e+00 -1.784063e+00 7.090777e+00 -1.137290e+00 -1.512926e-01 3.559428e-01 6.122275e-01 1.322701e-01 -2.568685e-01 -1.256944e+00 -8.730596e-01 -9.391015e-01 3.401766e-01 -4.484360e-01 9.440024e-01 -1.485845e-01 -6.091392e-01 -8.484286e-07 -8.073176e-02 -9.464034e-03 -1.832935e-01 -4.041001e-02 3.322523e-01 -1.871974e-01 -1.393269e+00 4.609746e-01 4.395652e-01 9.205760e-01 5.744402e-02 1.221771e-01 3.253931e-07 
-7.178408e+00 4.164716e+00 -5.467682e+00 3.543875e+00 1.756884e+00 4.136356e+00 3.535345e+00 -9.990156e-01 3.391991e+00 3.186128e+00 6.055953e+00 -3.042545e-01 -1.512926e-01 3.541614e-02 2.027485e-01 -1.188948e-01 -7.065133e-01 2.618572e-01 -6.055094e-01 -2.506670e+00 6.958452e-01 9.346934e-02 1.819140e+00 1.743812e-01 2.720415e-01 -8.484286e-07 -1.101264e-01 -4.404088e-02 -8.654715e-02 -1.009821e-01 3.407423e-01 -3.997960e-02 -8.228822e-02 4.037539e-01 5.772856e-01 3.881935e-01 1.613339e-01 3.395622e-01 3.253931e-07 
-6.696176e+00 3.466382e+00 -4.198502e+00 2.324744e+00 -3.644531e+00 -1.072143e+00 1.182569e-01 7.449784e-01 5.271470e+00 9.188715e+00 5.940216e+00 6.048296e-01 -1.512926e-01 -1.948492e-01 1.272086e-01 -1.114867e-01 -8.442447e-01 7.123773e-02 -7.591766e-01 -2.798882e+00 5.163507e-01 1.367052e+00 1.795466e+00 3.199010e-01 1.328391e+00 -8.484286e-07 -9.489283e-03 -6.163646e-02 -3.125046e-01 -1.984190e-01 3.770176e-01 3.221470e-01 1.162618e+00 1.004414e-01 3.336021e-01 -4.616594e-01 7.311134e-02 1.699840e-01 3.253931e-07 
-7.950824e+00 3.656002e+00 -2.874052e+00 1.914246e+00 1.222372e+00 2.357338e+00 -2.102122e+00 -1.251251e+00 6.419088e+00 6.624955e+00 7.424797e+00 2.225340e+00 -1.512926e-01 3.462299e-03 4.643005e-01 -1.186099e-01 -7.353966e-01 2.578483e-01 -2.967637e-01 9.236377e-01 1.150539e+00 1.010715e+00 1.966643e-01 2.725409e-01 8.463783e-01 -8.484286e-07 2.464021e-01 -1.277625e-01 -5.457197e-01 -1.049816e-01 -1.016365e-01 3.273327e-01 1.627071e+00 -1.710683e-01 -9.353218e-02 -6.156326e-01 -3.436297e-02 -1.396819e-01 3.253931e-07 
-7.588358e+00 4.876833e+00 -3.538899e+00 1.022030e+00 1.726457e+00 8.361195e-01 -2.299440e+00 1.527801e+00 8.543318e+00 5.474251e+00 8.005609e+00 4.239764e+00 -1.512926e-01 3.244831e-01 1.732388e-01 -1.430281e+00 -1.234483e+00 6.301096e-01 5.832499e-01 3.158871e+00 6.151801e-01 7.609552e-01 -5.529810e-01 1.678548e-01 -4.643257e-02 -8.484286e-07 2.260471e-01 -3.711168e-01 -4.617390e-01 5.279562e-02 -3.096665e-01 2.819679e-01 1.244430e+00 -4.923801e-01 -7.290289e-01 -5.716126e-01 -3.708923e-01 -3.100219e-01 3.253931e-07 
-6.715170e+00 5.780658e+00 -6.390319e+00 5.180568e-01 3.607623e-01 1.698328e+00 9.362625e+00 4.361632e+00 6.809732e+00 6.026772e+00 6.385718e+00 2.110391e+00 -1.512926e-01 1.007702e+00 -4.592027e-01 -2.188049e+00 -1.036337e+00 -5.256903e-01 3.598945e-01 2.649885e+00 -2.088538e-01 -7.108142e-02 -8.471602e-02 7.860272e-02 2.609690e-01 -8.484286e-07 -2.141771e-01 -3.964351e-01 1.117121e-02 3.162406e-01 -5.329012e-01 -2.320872e-01 -2.654562e-01 -4.692121e-01 -7.642441e-01 -4.972394e-01 -3.402803e-01 1.006227e-01 4.536393e-03 
-5.691613e+00 3.270080e+00 -9.591510e+00 -3.150216e+00 -6.319629e-02 2.173838e+00 1.018015e+01 1.013775e+00 8.880946e+00 6.722922e+00 7.299273e+00 4.303023e-01 -1.512926e-01 4.331921e-01 -1.266685e+00 -1.385404e+00 -4.297894e-01 -1.085353e+00 3.222275e-01 2.560191e+00 -1.265899e+00 -1.737169e+00 -9.218351e-01 -1.437537e+00 7.098383e-02 -8.484286e-07 -8.125634e-01 -4.895536e-02 5.239334e-01 6.309255e-01 -4.628718e-01 -3.088036e-01 -9.900036e-01 1.183191e-01 -4.945197e-01 -5.491961e-01 -3.462313e-02 4.311129e-01 1.244431e-02 
-3.860291e+00 2.163270e+00 -1.078767e+01 -1.181308e+00 -5.112434e-01 3.488058e+00 4.907742e+00 -2.037896e+00 5.895305e+00 5.577200e+00 8.171129e+00 5.434821e+00 -1.512926e-01 -1.121840e+00 -7.980601e-01 -8.527321e-02 4.433918e-01 -1.548915e+00 -1.326828e+00 -1.044190e-01 -2.551435e-01 -1.561321e+00 -2.105237e+00 -6.260657e-01 1.290713e+00 2.268154e-02 -1.207337e+00 3.879064e-01 6.177638e-01 6.271579e-01 9.623118e-02 4.758315e-02 -8.017792e-01 4.044836e-01 1.527272e-01 -4.586009e-01 1.825224e-01 1.349701e-01 2.132263e-02 
-6.849182e+00 3.522792e-01 -8.267059e+00 -2.767274e-01 -3.264439e+00 1.552495e+00 1.272895e+01 -1.600942e+00 3.146678e-01 1.089789e+00 -7.469826e-02 2.932211e+00 -1.512926e-01 -2.673578e+00 9.782500e-02 1.379687e-01 1.180229e+00 -1.172701e+00 -1.174265e-01 -4.138446e-01 1.230032e+00 -9.666089e-01 -2.288712e+00 3.470646e-01 1.594131e+00 5.087815e-02 -9.062469e-01 7.202917e-01 1.799103e-01 2.543354e-01 6.140164e-01 6.771878e-01 -7.051388e-01 7.982735e-02 6.262975e-01 2.563272e-01 5.343432e-01 -2.425018e-01 2.546443e-02 
-1.174590e+01 3.249614e+00 -7.478764e+00 1.298004e+00 -5.783341e+00 -4.625340e+00 7.566458e+00 4.393480e+00 3.286357e+00 -1.683190e+00 6.942276e+00 7.312917e+00 -3.787443e-02 -3.475389e+00 7.979875e-01 1.392508e-01 1.294501e+00 -8.656667e-04 8.177203e-01 1.282217e-01 5.655701e-01 3.072365e-01 -1.694252e+00 9.897549e-02 1.743007e-01 8.117137e-02 -1.445150e-01 5.141032e-01 -2.256727e-01 -1.849973e-02 9.691029e-01 1.045886e+00 -4.240488e-02 -5.651678e-01 5.506449e-01 8.797694e-01 1.839136e-02 -9.128467e-01 1.793751e-02 
-1.511677e+01 3.216619e+00 -1.055610e+01 1.511661e+00 -3.290809e+00 5.643061e+00 6.781600e+00 3.948246e+00 5.352389e+00 -1.090819e+00 9.649328e+00 7.462212e+00 4.639862e-02 -2.921138e+00 1.536866e+00 -5.978605e-01 4.164005e-01 1.210663e+00 2.635880e+00 -1.081644e+00 -1.277227e+00 4.600524e-01 1.543319e-01 8.717296e-01 -5.833299e-01 9.807933e-02 5.421184e-01 2.252899e-01 -1.182991e-01 -8.515798e-02 6.890625e-01 2.404033e-01 2.779118e-01 -4.689080e-01 2.825789e-01 9.194146e-01 -4.411929e-01 -8.457075e-01 5.534673e-03 
-1.710374e+01 4.721462e+00 -8.947237e+00 4.397019e+00 -5.023687e-01 5.531095e+00 8.522148e+00 -1.985028e+00 4.912316e+00 -1.803574e+00 3.804189e+00 4.041406e+00 1.557235e-01 -1.720563e+00 1.053108e+00 -8.456063e-01 7.328546e-01 2.104926e+00 2.526055e+00 1.754927e-02 -1.827234e+00 4.785304e-01 1.072003e+00 -7.964561e-01 -2.184781e+00 8.876719e-02 7.831544e-01 -9.423874e-02 3.125920e-02 -8.672300e-02 8.205550e-02 -5.285417e-01 2.162437e-02 3.596678e-01 -2.103281e-01 4.666707e-01 -7.916803e-02 -1.870424e-02 -8.924457e-03 
-1.877625e+01 7.300120e+00 -1.052262e+01 2.559313e-01 1.485294e-01 9.653798e+00 6.842517e+00 -4.798477e+00 1.801509e+00 1.921683e+00 5.852988e+00 1.651643e+00 2.423155e-01 -8.403497e-01 1.096742e+00 3.881337e-02 1.035182e+00 1.219754e+00 2.303977e-01 1.030948e+00 8.177490e-02 3.607439e-01 9.252437e-01 -1.411079e+00 -1.454872e+00 7.475645e-02 7.191184e-01 -2.802868e-01 2.279271e-01 9.960445e-03 -5.221730e-01 -1.179681e+00 -7.353888e-02 7.572334e-01 -4.694668e-01 -1.592315e-02 2.406244e-01 6.667827e-01 -1.940242e-02 
-1.851825e+01 6.473145e+00 -1.172362e+01 5.590432e+00 3.021660e+00 5.999348e+00 7.623402e+00 -3.697000e-01 7.454296e+00 2.170753e+00 4.857736e+00 -7.055271e-01 3.080193e-01 -6.000371e-01 5.469025e-01 -2.301623e-02 5.513570e-01 4.048218e-01 -6.222699e-01 -8.199572e-01 1.684334e+00 -6.947805e-01 2.536426e-01 8.444777e-01 5.165130e-01 4.821611e-02 5.132295e-01 -2.743630e-01 1.161472e-01 -2.274009e-01 -7.169020e-01 -1.063339e+00 -6.275311e-01 2.970959e-01 -4.152679e-01 -7.113203e-02 6.604333e-01 1.012891e+00 -2.327473e-02 
-1.861111e+01 7.824288e+00 -8.973864e+00 6.090943e+00 1.045892e+00 6.561252e+00 1.238552e+01 3.550146e+00 5.884941e+00 1.548493e+00 2.066860e+00 2.561078e+00 3.440334e-01 1.141478e-01 3.885084e-01 1.305605e-01 5.567805e-01 -5.501388e-01 -1.688413e+00 -1.030544e+00 7.530726e-01 -1.300614e+00 4.839632e-01 1.254314e+00 1.399924e+00 2.134051e-02 3.184031e-01 -3.458424e-01 -1.305463e-01 -1.988248e-01 -3.019741e-01 -2.526716e-01 -6.219065e-01 -4.149709e-01 1.726637e-01 2.689485e-01 4.897983e-01 3.636562e-01 -2.153969e-02 
-2.018654e+01 7.194033e+00 -9.836390e+00 4.236282e+00 1.073276e+00 3.966333e+00 1.650892e+00 2.262852e+00 -6.033471e-01 -3.490052e-01 9.919948e+00 6.169027e+00 3.459307e-01 3.682961e-01 3.540057e-02 -3.107945e-01 -1.649215e-01 -5.946318e-01 -1.831406e+00 -2.089396e+00 -6.774145e-01 -7.672038e-01 9.369805e-01 1.173000e+00 1.452260e+00 -8.965349e-04 2.234553e-01 -2.010408e-01 -2.029927e-01 -1.209216e-01 1.241194e-01 5.347202e-01 6.486224e-01 -4.114440e-01 6.616539e-01 4.263674e-01 -4.060137e-01 -3.285289e-01 -1.358133e-02 
-1.737124e+01 8.882231e+00 -1.081309e+01 3.716977e+00 -1.627685e+00 2.228439e+00 4.675551e+00 -2.349369e+00 -6.731050e-01 5.601277e+00 9.593587e+00 5.213683e+00 3.300669e-01 2.674933e-01 -3.766007e-01 -4.700698e-01 3.993733e-01 2.095724e-01 -4.282893e-01 -1.443918e+00 -8.119865e-01 1.260212e+00 1.928282e+00 8.736698e-01 -1.045035e-01 -8.387277e-03 -7.327248e-02 -2.459732e-01 -7.909516e-02 -1.894347e-01 2.830105e-01 9.293067e-01 1.181934e+00 2.883395e-01 3.646183e-01 -1.050472e-01 -7.295061e-01 -4.058263e-01 -4.721592e-03 
-1.729737e+01 6.121055e+00 -1.235821e+01 5.952956e+00 1.385413e+00 -9.909328e-01 1.031570e+00 -8.072910e-01 6.897428e+00 4.829160e+00 6.959296e+00 5.229453e+00 3.105315e-01 4.404393e-01 -7.570230e-02 -7.377606e-01 2.540501e-02 6.455805e-01 1.421362e+00 2.629849e+00 4.095135e-01 1.333073e+00 1.663253e+00 -9.952449e-01 -3.739877e-01 -4.824546e-03 -1.608875e-01 -3.222792e-01 4.350640e-02 -3.278520e-01 -4.830411e-02 6.018173e-01 1.157902e+00 5.575992e-01 -6.526705e-01 -7.720449e-01 -7.036349e-01 -6.162257e-02 8.632005e-04 
-1.871874e+01 6.478157e+00 -1.006312e+01 7.229458e+00 1.937675e+00 6.898533e+00 5.475418e+00 1.025240e+00 8.436090e+00 8.600494e+00 7.915402e+00 2.508509e+00 3.198073e-01 -2.882400e-01 -7.859536e-01 -5.122420e-02 -4.855378e-01 2.448618e-01 1.331826e+00 2.519445e+00 1.651131e+00 -5.276901e-01 -4.045165e-01 -1.309127e+00 2.839106e-01 -3.010785e-04 -3.232140e-04 -2.158720e-01 1.527591e-01 -4.494019e-01 -3.691992e-01 -2.258723e-01 7.940409e-02 1.985862e-01 -9.108565e-01 -9.496735e-01 -2.490514e-01 2.736928e-01 7.344329e-04 
-1.731056e+01 8.017249e+00 -1.390051e+01 2.607147e+00 2.518336e+00 8.738371e+00 1.440019e+01 2.623371e+00 1.507330e+00 6.467625e+00 5.782780e+00 5.651403e+00 3.269223e-01 -1.584481e-01 -1.371482e+00 -3.026741e-01 -1.361620e+00 -8.538539e-01 2.977042e-01 1.718516e+00 8.788554e-01 -3.136595e+00 -1.756948e+00 -1.253741e+00 9.499341e-01 -6.213240e-04 5.668984e-01 1.674132e-01 5.456414e-01 -7.901383e-02 -5.613297e-01 -7.691413e-01 -1.250211e+00 -4.764482e-01 -1.309351e-01 -8.178071e-01 2.982929e-01 -6.473351e-02 7.192721e-03 
-1.880580e+01 4.004333e+00 -1.029791e+01 2.962253e+00 -9.699402e-01 4.022662e+00 1.058847e+01 4.190927e+00 -6.165014e-01 2.759388e+00 3.636116e+00 6.422057e+00 3.203695e-01 5.652899e-01 -8.081489e-01 7.628153e-02 -1.154014e+00 -8.866590e-01 -9.957640e-01 -5.912163e-01 -5.377371e-02 -1.059174e+00 -1.110024e+00 -2.423345e-01 6.020661e-01 -6.816072e-03 1.606836e+00 3.623687e-01 1.173294e+00 -8.608540e-02 -4.228661e-01 -7.297935e-01 -1.591776e+00 -4.716444e-01 8.129593e-01 -2.625048e-01 9.678575e-02 -5.135348e-01 2.683707e-02 
-1.804605e+01 5.005499e-01 -1.375366e+01 1.277726e+00 -1.430158e+00 1.935392e+00 7.067646e+00 2.004247e+00 -4.259462e+00 -1.034778e+00 2.830638e+00 8.022241e+00 3.071233e-01 2.848013e+00 7.723871e-01 1.926610e+00 -3.538848e-02 -1.595327e+00 -1.260491e+00 -2.065728e+00 -1.119998e+00 9.440715e-01 -2.072936e+00 -3.710754e-02 -8.567970e-01 3.439552e-02 2.063180e+00 -1.733530e-01 1.891407e+00 -5.231897e-01 -1.945374e-01 -6.556898e-01 -1.529281e+00 4.515493e-01 1.020404e+00 1.442059e-01 -5.233740e-01 -4.960119e-01 4.560128e-02 
-1.552461e+01 6.195817e+00 -9.755301e+00 2.123946e+00 -5.213860e-01 5.320985e+00 6.185674e+00 1.066006e+00 6.023660e+00 6.801794e+00 8.180065e+00 4.333336e+00 2.956164e-01 6.242697e+00 -4.581425e-02 4.700537e+00 -1.578938e+00 -1.498776e+00 -1.538010e+00 -3.547232e+00 2.923245e-01 1.496748e+00 -1.559029e+00 -1.433480e+00 -1.380471e+00 1.163784e-01 1.480218e+00 -1.198987e+00 1.576674e+00 -1.062542e+00 -4.593633e-03 -5.294126e-01 -7.384886e-01 1.386053e+00 8.543725e-02 1.507876e-01 -1.013801e+00 -5.146438e-02 4.766554e-02 
-4.710793e+00 1.078344e+01 -4.538590e+00 2.848995e+00 -5.682676e+00 1.786795e+00 6.272635e+00 -1.414313e+00 2.907671e+00 -5.918210e+00 3.325073e+00 2.411783e+00 5.112795e-01 7.318751e+00 -2.619340e+00 6.842206e+00 -3.764981e+00 -1.520457e+00 -2.709656e+00 -4.449690e+00 2.963648e+00 6.874809e-01 -8.112892e-01 -3.275055e+00 -5.389602e-01 1.657862e-01 -1.434403e-01 -1.684730e+00 2.101719e-01 -1.073903e+00 5.140663e-01 -3.518977e-02 3.421683e-01 1.590187e+00 -4.672438e-01 7.534394e-01 -6.463133e-01 3.835599e-01 1.940572e-02 
5.740035e+00 -1.366408e+00 8.597384e+00 -5.718057e+00 -6.337378e+00 -3.593109e+00 -6.749909e+00 7.361710e+00 3.283567e+00 -2.594371e+00 -3.778704e+00 2.325220e+00 8.001831e-01 5.731106e+00 -5.107237e+00 5.502042e+00 -4.601838e+00 -9.470745e-01 -2.918368e+00 -3.091768e+00 4.834765e+00 -5.037825e-01 -9.868384e-01 -3.692388e+00 1.858512e-01 1.658162e-01 -1.738526e+00 -7.238621e-01 -1.569883e+00 -2.023864e-02 7.513738e-01 7.355366e-01 1.683374e+00 4.393268e-01 -6.736655e-01 5.702745e-01 2.389479e-01 3.247059e-01 -1.974093e-02 
7.915356e+00 -8.815028e+00 1.128098e+01 -1.362633e+01 -6.124384e+00 -7.155636e+00 -8.712935e+00 1.367397e+01 5.478587e-01 -3.934227e-01 -7.565258e+00 6.331989e+00 8.837534e-01 2.386659e+00 -5.120605e+00 2.576961e+00 -3.893631e+00 6.991640e-01 -7.462975e-01 -5.826099e-01 4.559566e+00 -3.918635e-01 1.408155e+00 -2.139207e+00 2.778566e-01 1.067009e-01 -2.079504e+00 5.705757e-01 -2.355194e+00 1.136891e+00 7.894500e-01 1.414504e+00 2.131465e+00 -9.106205e-01 -5.460016e-01 2.141655e-01 8.805562e-01 2.532718e-03 -3.933085e-02 
6.817935e+00 -9.541346e+00 9.845183e+00 -1.264757e+01 -5.035835e+00 -4.799855e+00 -1.780322e+00 1.769573e+01 4.684705e+00 -8.948836e-01 -4.836505e+00 3.302644e+00 9.384598e-01 1.614501e-02 -2.414664e+00 -1.016279e+00 -1.615767e+00 1.148272e+00 1.157958e+00 2.936181e+00 1.690780e+00 -1.331878e+00 1.825201e-01 -8.065984e-01 -1.652828e-01 4.721034e-02 -1.404375e+00 1.190853e+00 -1.796230e+00 1.406828e+00 4.994018e-01 1.216023e+00 1.296641e+00 -1.645673e+00 -5.453665e-01 -5.951726e-02 6.390136e-01 -6.101739e-03 -3.863789e-02 
6.682867e+00 -1.073211e+01 7.721949e+00 -1.315401e+01 -2.837691e+00 -1.341345e+00 8.748631e-01 1.621608e+01 2.477001e-01 2.724245e-01 -6.841902e+00 3.312456e+00 9.756509e-01 -2.212029e-01 -1.112705e+00 -1.674607e+00 4.263646e-01 1.379206e+00 2.324752e+00 3.193700e+00 -1.744512e-02 -1.628490e+00 -3.251683e-01 -3.151826e-01 -3.507275e-01 2.843094e-02 -4.556556e-01 9.114298e-01 -7.007861e-01 1.016268e+00 6.715947e-02 3.133194e-01 7.468853e-02 -1.405662e+00 -4.380977e-01 -5.010335e-01 3.004068e-02 1.335098e-01 -2.452657e-02 
6.436475e+00 -1.248128e+01 5.295741e+00 -1.403337e+01 -2.239534e+00 -7.103263e-01 3.136736e+00 1.454470e+01 -3.225449e+00 -2.014453e+00 -8.173302e+00 3.008260e+00 9.903025e-01 1.301551e-02 -1.156969e+00 -1.353350e+00 2.722367e-01 1.209986e+00 1.626281e+00 1.503357e+00 -1.105154e+00 -2.612292e+00 -4.178583e-01 -1.409403e+00 4.695942e-01 1.176317e-02 6.105784e-02 2.730305e-01 2.489223e-01 3.142119e-01 -4.485666e-02 -3.830656e-01 -9.121118e-01 -6.389892e-01 3.695460e-02 -2.487994e-01 -2.925557e-01 2.404247e-01 -1.293218e-02 
6.999959e+00 -1.290897e+01 5.182378e+00 -1.080131e+01 -6.266149e-01 2.423343e+00 4.796944e+00 1.516255e+01 -3.639214e+00 -1.459442e+00 -7.472924e+00 4.725146e+00 9.999999e-01 1.097006e-01 -1.192406e+00 -7.585604e-01 2.436057e-01 1.004008e+00 5.861610e-01 5.074395e-01 -1.070974e+00 -1.942091e+00 -7.969443e-01 -1.687654e+00 6.280347e-01 1.795528e-03 1.044860e-01 7.153706e-02 3.945926e-01 -1.274135e-01 -3.093826e-02 -6.701384e-01 -9.624489e-01 -1.234553e-01 4.404121e-01 -1.610691e-01 -1.677664e-01 1.409380e-01 -8.187695e-03 
6.725076e+00 -1.423798e+01 4.348495e+00 -1.246259e+01 -9.134187e-02 1.449169e+00 3.775481e+00 1.269752e+01 -6.433120e+00 -2.118232e+00 -1.156797e+01 4.944532e+00 9.851024e-01 1.559843e-01 -1.009673e+00 -2.295897e-01 4.672057e-02 1.111571e+00 1.119275e-01 -2.811183e-01 -9.774183e-01 -9.903413e-01 -8.256341e-01 -1.583145e+00 5.474204e-01 -4.129013e-03 6.801141e-02 1.674571e-01 2.964855e-01 4.097102e-02 -6.157933e-02 -3.864304e-01 -5.539002e-01 2.317876e-01 8.124653e-01 -6.927367e-02 3.166196e-01 -1.235240e-01 -3.805617e-03 
7.087541e+00 -1.581549e+01 4.402957e+00 -1.272126e+01 1.108268e+00 5.098972e-01 3.092152e+00 1.178539e+01 -7.859371e+00 -3.659976e+00 -1.358273e+01 5.484586e+00 9.872457e-01 2.296098e-01 -8.285788e-01 -2.636388e-01 -9.807389e-02 1.273733e+00 -2.688001e-01 -7.262285e-01 -6.985085e-01 -2.372961e-01 -9.265498e-01 -1.067035e+00 3.150570e-01 -4.559342e-03 5.227106e-02 2.931711e-01 1.177024e-01 1.424655e-01 -1.067048e-01 -5.035095e-02 -2.010860e-01 3.206288e-01 7.193814e-01 3.560981e-01 4.978054e-01 -1.793940e-01 -6.952846e-04 
7.173014e+00 -1.607612e+01 4.537299e+00 -1.283996e+01 2.450888e+00 8.060545e-01 2.583628e+00 1.134653e+01 -6.067190e+00 -5.042314e+00 -1.303425e+01 5.365781e+00 9.760374e-01 2.930234e-01 -5.017018e-01 -1.184674e-01 6.478446e-01 7.672021e-01 1.215427e-01 -6.493092e-01 -1.322903e-01 5.977180e-01 -6.993389e-01 -1.365901e-01 8.452031e-03 -4.088982e-03 2.060071e-02 2.865015e-01 6.570410e-03 4.763685e-02 -2.805948e-01 4.065572e-02 1.909951e-03 2.686984e-01 4.406238e-01 6.909133e-01 2.715833e-01 -2.509775e-01 1.049050e-03 
7.924325e+00 -1.613250e+01 3.769981e+00 -1.110300e+01 4.470777e+00 1.401134e+00 1.762132e+00 1.234528e+01 -5.008862e+00 -4.630518e+00 -1.207517e+01 6.089824e+00 9.817294e-01 3.025766e-01 1.938460e-02 -2.254583e-01 6.554123e-01 6.426444e-01 3.295492e-01 -3.137956e-01 1.097049e-01 8.607891e-01 9.205290e-01 7.816175e-02 5.658544e-04 -1.697149e-03 2.205464e-02 2.209459e-01 7.279598e-02 -2.589332e-01 -4.038280e-01 -1.064687e-02 2.932600e-03 4.449764e-02 2.644067e-01 9.203050e-01 -1.129597e-01 -3.980172e-01 3.242354e-04 
7.771319e+00 -1.658776e+01 4.072955e+00 -1.003225e+01 2.063443e+00 1.611243e+00 1.194015e+00 1.175673e+01 -4.869744e+00 -5.130319e+00 -1.300489e+01 4.684494e+00 9.674116e-01 2.226920e-01 -1.171320e-03 -2.156282e-01 -9.176751e-02 2.409103e-02 1.612812e-02 -4.777199e-01 -3.795319e-02 6.638361e-01 1.705384e+00 -7.977790e-01 -5.501920e-01 -3.110862e-04 1.037907e-01 2.141446e-01 2.412111e-01 -4.387365e-01 -2.864091e-01 -1.572709e-01 -2.193233e-01 -2.378967e-01 2.466932e-01 1.035524e+00 -1.745594e-01 -5.602942e-01 -3.731277e-03 
8.300508e+00 -1.546299e+01 3.507754e+00 -1.084830e+01 4.515151e+00 1.755002e+00 2.217685e+00 1.212935e+01 -4.154227e+00 9.864251e-01 -1.320658e+01 5.828033e+00 9.830469e-01 3.752140e-01 2.581621e-02 1.489384e-01 -1.022967e+00 -3.739175e-01 -2.693294e-01 -7.973655e-01 -5.233110e-01 1.051787e+00 2.472485e+00 -1.301277e+00 -1.395606e+00 -4.824546e-03 1.915953e-01 3.543388e-01 4.531718e-01 -7.223208e-02 -1.622241e-01 -2.070693e-01 -5.911133e-01 -6.234831e-01 3.134892e-01 7.007471e-01 1.984210e-01 -7.870757e-01 -1.239853e-02 
8.097908e+00 -1.641693e+01 3.590456e+00 -1.342603e+01 2.549017e+00 7.096393e-01 -3.271125e-02 1.126500e+01 -3.175622e+00 6.767481e-01 -1.645700e+01 2.745418e+00 9.738063e-01 7.756252e-01 5.658190e-01 9.005811e-01 -7.066395e-01 -1.565345e-01 -3.653052e-01 -1.504163e+00 -1.005348e+00 1.735737e+00 3.702232e+00 -3.197687e-01 -2.094927e+00 -2.118208e-02 2.034164e-01 7.262593e-01 3.110655e-01 7.013514e-01 3.181032e-02 -1.438515e-01 -6.056009e-01 -8.773583e-01 3.713931e-01 1.569047e-01 7.292308e-01 -6.354013e-01 -2.201228e-02 
9.637463e+00 -1.608906e+01 4.755956e+00 -1.452102e+01 2.358591e+00 5.054047e-01 -1.611255e+00 9.975153e+00 -5.969692e-01 4.828745e+00 -1.685527e+01 8.089718e-02 9.544113e-01 9.841488e-01 1.507608e+00 1.482264e+00 6.015558e-01 -7.810721e-02 -5.150910e-01 -2.755985e+00 -2.523922e+00 1.892231e+00 3.425767e+00 8.312486e-01 -3.162508e+00 -5.325667e-02 2.199142e-02 8.559664e-01 -1.258807e-01 1.204476e+00 2.746243e-02 1.270847e-02 -3.844244e-01 -7.329990e-01 1.792268e-01 -7.068473e-01 7.438574e-01 -2.514854e-01 -2.365440e-02 
1.098128e+01 -1.344567e+01 7.951499e+00 -1.172914e+01 2.359098e+00 4.096806e-01 -4.412552e+00 7.806944e+00 2.029917e+00 1.145982e+01 -1.277938e+01 -2.916908e+00 8.758303e-01 9.352298e-01 2.889143e+00 6.730653e-01 2.602822e+00 3.521426e-02 -5.801923e-01 -2.526303e+00 -3.424325e+00 2.100481e+00 2.013348e+00 1.782242e+00 -2.843875e+00 -8.615688e-02 -1.981839e-01 5.277496e-01 -5.604293e-01 9.492042e-01 -1.033088e-01 4.006194e-02 1.327523e-01 -2.727400e-01 -8.245245e-02 -1.501685e+00 2.344384e-01 2.737880e-01 -1.395834e-02 
1.177954e+01 -9.410199e+00 8.738584e+00 -8.688976e+00 4.219495e+00 -6.705853e-01 -9.372428e+00 1.237985e+00 2.703978e+00 1.272343e+01 -1.088929e+01 -7.153225e+00 7.657676e-01 4.053560e-01 3.143885e+00 -3.667831e-01 3.344831e+00 -3.325300e-01 -9.828424e-02 -2.208271e+00 -2.978616e+00 1.765512e+00 -2.174312e-01 1.367026e+00 -2.278539e+00 -9.060530e-02 -3.005910e-01 -1.696233e-01 -5.165598e-01 1.225839e-01 -1.658001e-01 -2.145366e-02 6.398162e-01 5.063378e-01 -2.216195e-01 -1.476249e+00 -3.002448e-01 8.487412e-01 5.842653e-03 
1.170304e+01 -5.310827e+00 4.964124e+00 -3.327769e+00 1.794665e+00 -1.603291e+00 -8.784006e+00 -1.488837e+00 5.676066e+00 6.795983e+00 -1.052889e+01 -7.856592e+00 6.373465e-01 7.412311e-02 2.386343e+00 -9.769585e-01 2.667904e+00 -5.459605e-01 -3.733326e-01 -1.114322e+00 -2.141496e+00 1.386844e+00 -1.984660e+00 5.844823e-01 -1.167943e+00 -7.229626e-02 -2.455314e-01 -9.495769e-01 9.340237e-02 -9.163574e-01 -1.100236e-01 -1.309071e-01 5.502775e-01 9.931701e-01 -5.017886e-01 -7.301930e-01 -4.996996e-01 9.834324e-01 2.510335e-02 
1.130364e+01 -4.437074e+00 4.415867e+00 -1.997853e+00 9.779364e-01 1.020311e+00 -1.046717e+01 -2.703344e-01 6.407129e+00 6.073679e+00 -1.114544e+01 -8.841724e+00 6.206219e-01 -8.811676e-02 9.109820e-01 -2.756058e-01 1.181869e+00 -6.165395e-01 -7.259203e-01 -2.629643e-01 -6.336640e-01 1.140849e+00 -1.956572e+00 -7.115035e-02 2.432052e-01 -3.096959e-02 -1.325043e-01 -1.291791e+00 5.413646e-01 -1.457970e+00 -1.004788e-01 -3.158498e-01 2.531409e-01 1.108949e+00 -7.436372e-01 3.278147e-02 -1.668414e-01 8.344246e-01 3.368166e-02 
1.158961e+01 -4.001033e+00 5.227965e+00 -1.734738e+00 1.250010e+00 -2.302388e+00 -9.436876e+00 -2.146179e+00 7.113080e+00 4.861539e+00 -9.728942e+00 -7.912314e+00 5.869092e-01 -4.578615e-02 -7.421935e-01 1.094333e+00 -8.974705e-01 -3.729011e-01 -9.208711e-01 -7.476100e-01 3.688879e-01 -9.612747e-02 -7.680539e-01 2.844250e-03 8.124438e-01 9.541466e-03 -1.280793e-01 -1.165331e+00 6.073958e-01 -1.412874e+00 -1.777118e-01 -7.695229e-02 -1.477946e-01 1.235674e+00 -9.931782e-01 4.609794e-01 1.464760e-01 3.724176e-01 3.284666e-02 
1.139545e+01 -5.510470e+00 7.228558e+00 -3.576046e+00 1.409248e+00 -3.950778e+00 -1.036123e+01 -1.601579e+00 7.689878e+00 3.908016e+00 -1.164498e+01 -5.909455e+00 6.361519e-01 -1.973198e-01 -1.750821e+00 1.304326e+00 -2.162278e+00 -9.214402e-01 -1.403661e+00 -1.126021e+00 1.310892e+00 -1.211202e+00 -6.617212e-01 8.236639e-01 9.034137e-01 3.688242e-02 -1.576003e-01 -6.352260e-01 3.021879e-01 -9.638296e-01 -1.559723e-01 2.332383e-01 -1.378522e-01 1.166839e+00 -9.622679e-01 3.945429e-01 2.751099e-01 -1.073979e-01 2.216825e-02 
1.142816e+01 -8.485073e+00 9.029454e+00 -7.026211e+00 -2.853181e-01 -3.722353e+00 -1.257498e+01 1.020782e+00 4.554358e+00 4.038363e+00 -1.026465e+01 -5.260410e+00 6.772958e-01 -5.115875e-01 -2.109478e+00 1.270134e+00 -2.724302e+00 -1.282070e+00 -4.192034e-01 -1.421730e+00 3.064626e+00 -2.403078e+00 -3.270743e-01 8.695247e-01 3.640469e-01 5.800861e-02 -1.845296e-01 -3.101543e-03 -6.678316e-02 -3.881342e-01 6.032571e-04 3.865127e-01 2.625152e-01 8.556822e-01 -5.738774e-01 2.627720e-02 -3.361141e-02 -2.406606e-01 8.919799e-03 
1.039774e+01 -1.094887e+01 9.036716e+00 -1.016380e+01 -2.861526e+00 -5.288151e+00 -1.452830e+01 4.699858e+00 1.630502e+00 3.176165e+00 -6.758929e+00 -5.650818e+00 7.598296e-01 -6.430265e-01 -1.581581e+00 1.147330e+00 -2.723924e+00 -9.417670e-01 1.894668e-01 -6.152872e-01 3.852526e+00 -2.517012e+00 -2.043904e-01 8.710240e-01 -6.953350e-02 5.564180e-02 -1.346535e-01 4.570601e-01 -2.506855e-01 6.120035e-02 2.357754e-01 4.103431e-01 6.803814e-01 2.460776e-01 -1.809703e-01 -3.015691e-01 -3.459749e-01 -1.308569e-01 -3.757827e-03 
9.530359e+00 -1.182889e+01 1.067463e+01 -1.206298e+01 -3.024821e+00 -3.729956e+00 -1.446164e+01 1.002611e+01 -1.872543e+00 3.592112e+00 -7.824389e+00 -6.221712e+00 8.151157e-01 -7.454765e-01 -8.423247e-01 8.388940e-01 -2.557183e+00 -3.597452e-01 2.151368e-01 3.096277e-01 3.376348e+00 -2.312527e+00 -8.653584e-01 -1.888891e-01 9.559827e-02 4.475846e-02 -4.255035e-02 6.903222e-01 -4.219518e-01 4.492673e-01 2.810038e-01 1.481695e-01 9.326918e-01 -4.386862e-01 1.776037e-01 -5.549260e-01 -1.043456e-01 1.739203e-01 -1.243702e-02 
9.129378e+00 -1.174661e+01 1.214270e+01 -1.467780e+01 -1.929679e+00 -2.999412e+00 -1.249464e+01 1.315804e+01 -1.681606e+00 3.109332e+00 -8.509875e+00 -5.776632e+00 8.454379e-01 -7.537120e-01 -9.903265e-02 2.666141e-01 -1.939915e+00 -2.037941e-01 3.308724e-01 1.410300e+00 2.385320e+00 -2.161375e+00 -1.900497e+00 -3.769182e-01 3.834039e-01 2.471810e-02 9.348569e-03 6.282331e-01 -5.345094e-01 7.024527e-01 4.632045e-02 -3.439806e-02 6.608942e-01 -7.298978e-01 1.574908e-01 -4.924386e-01 2.538636e-01 2.628362e-01 -1.397161e-02 
8.334803e+00 -1.229793e+01 1.167029e+01 -1.755525e+01 -2.550149e+00 -3.791123e+00 -1.204395e+01 1.367397e+01 -5.352469e+00 -2.547737e-01 -1.033401e+01 -4.719305e+00 8.582800e-01 -6.690508e-01 6.007515e-01 -3.994074e-01 -8.699747e-01 -2.460285e-01 2.509513e-01 2.229115e+00 1.604646e+00 -1.692857e+00 -2.253602e+00 9.718295e-01 1.007208e+00 1.128780e-02 8.185533e-02 5.101979e-01 -4.512414e-01 8.082944e-01 -1.190024e-01 -1.385075e-01 2.511525e-01 -6.552250e-01 2.245691e-01 -1.390992e-02 6.242713e-01 1.040511e-01 -1.229365e-02 
7.226830e+00 -1.120950e+01 9.871809e+00 -1.711656e+01 -4.117934e+00 -3.603130e+00 -8.686008e+00 1.480203e+01 -7.436439e+00 -4.402619e+00 -7.389100e+00 -4.484850e+00 8.618287e-01 -6.346263e-01 8.380905e-01 -9.060112e-01 -5.531665e-02 -7.670701e-01 -4.559416e-04 1.729543e+00 1.088624e+00 -2.039385e+00 -1.972422e+00 1.559994e+00 7.889445e-01 2.521085e-03 1.749067e-01 3.508285e-01 -1.801183e-01 6.155072e-01 -6.240260e-02 -4.128734e-01 -2.498892e-01 -5.486279e-01 3.264744e-01 5.202535e-01 4.501386e-01 -8.130405e-02 -1.005018e-02 
7.136081e+00 -9.093192e+00 9.812909e+00 -1.519315e+01 -3.160731e+00 -2.173143e+00 -5.220805e+00 1.722757e+01 -7.459160e+00 -3.920254e+00 -3.525955e+00 -1.831544e+00 8.633571e-01 -3.956313e-01 1.240129e+00 -8.309324e-01 5.420236e-01 -6.731719e-01 -3.117599e-01 1.405863e+00 7.483850e-01 -1.250610e+00 -8.989635e-01 1.963922e+00 4.131961e-01 -5.610148e-03 3.376203e-01 1.909764e-01 1.451775e-01 3.021554e-01 1.598802e-01 -7.385023e-01 -5.411739e-01 -7.909495e-01 4.343430e-01 7.059737e-01 -1.363162e-01 -2.041546e-01 -1.041391e-02 
6.555186e+00 -9.158348e+00 8.541712e+00 -1.613532e+01 -5.459540e+00 -3.810821e+00 -7.258433e+00 1.682501e+01 -1.082508e+01 -4.920270e+00 -4.114001e+00 -3.275775e+00 8.555043e-01 -1.597354e-02 1.335468e+00 -4.180703e-01 4.317881e-01 -3.022093e-01 -1.452178e+00 5.725251e-01 7.005600e-02 -7.500394e-01 2.342230e-02 1.377786e+00 2.738737e-01 -1.708394e-02 5.621574e-01 2.175672e-01 4.727414e-01 5.396907e-01 3.278272e-01 -2.957008e-01 -6.526428e-01 -1.596661e+00 8.267913e-01 7.703583e-01 -3.584914e-01 -1.835505e-02 -1.140954e-02 
6.692892e+00 -7.122653e+00 8.180645e+00 -1.533608e+01 -5.245278e+00 -5.245991e+00 -5.728446e+00 1.640462e+01 -9.911451e+00 -4.490624e+00 -2.151580e+00 -3.257902e+00 8.333863e-01 7.099057e-01 1.306967e+00 8.254997e-02 3.971030e-01 3.210305e-01 -2.715743e+00 1.017302e-01 -1.840515e+00 -1.657485e-01 2.783198e-01 3.814602e-01 2.439221e-01 -3.097959e-02 5.835238e-01 1.569699e-01 5.138246e-01 8.258575e-01 6.003303e-02 5.028540e-01 -8.624564e-01 -2.309701e+00 8.432345e-01 6.729878e-01 -4.132692e-01 -2.378333e-02 -9.120927e-03 
7.368755e+00 -5.517571e+00 8.596981e+00 -1.488651e+01 -4.586773e+00 -9.327917e+00 -5.569533e+00 1.556447e+01 -9.960482e+00 -3.999956e+00 -1.187389e+00 -2.402087e+00 7.913815e-01 1.623390e+00 1.892496e+00 1.001019e+00 2.715454e+00 3.749528e-01 -2.770039e-01 -8.815465e-01 -5.600133e+00 1.552095e+00 1.290787e+00 5.588179e-01 7.817753e-01 -4.184292e-02 3.938178e-01 6.771956e-02 2.388783e-01 9.596376e-01 -2.908342e-01 1.213015e+00 -8.026314e-01 -2.175375e+00 6.295791e-01 5.393404e-01 -2.528960e-01 -2.490093e-01 -2.873712e-03 
1.027903e+01 -4.378601e+00 1.019818e+01 -1.383158e+01 -1.992056e+00 -1.299308e+01 -5.556731e+00 8.654737e+00 -8.719985e+00 -2.988732e+00 -3.082155e+00 -1.048975e+00 7.405050e-01 1.702451e+00 1.746587e+00 1.028514e+00 3.529481e+00 -7.116233e-01 1.614902e+00 -2.179493e+00 -7.965008e+00 1.814553e+00 1.832281e+00 3.071128e-01 4.031537e-02 -3.883561e-02 -2.156428e-03 1.455214e-04 -2.916391e-01 6.632693e-01 -4.098224e-01 1.181584e+00 -4.537374e-01 -9.204715e-01 2.683940e-01 1.161368e-01 -8.295477e-02 -6.011491e-01 4.789946e-03 
1.287908e+01 -1.067778e+00 1.253765e+01 -3.310459e+00 -5.211301e+00 -1.322339e+00 -1.175216e+01 -7.300452e+00 -3.660340e+00 7.826028e-01 -8.542203e-01 -4.717727e-01 6.927204e-01 1.456868e+00 1.454264e+00 3.035124e-01 3.663807e+00 -1.240118e+00 2.447545e+00 -2.299982e+00 -7.744497e+00 1.407686e+00 1.943229e+00 1.503925e-01 -8.693830e-01 -2.752194e-02 -3.282788e-01 -1.151253e-01 -8.344684e-01 -2.650773e-01 2.339754e-02 -3.332926e-02 2.160983e-01 8.628576e-01 -3.670322e-01 -6.196203e-01 -3.034245e-01 -7.507919e-01 9.692403e-03 
1.244960e+01 -6.146130e-01 1.135279e+01 -3.476636e+00 -8.491148e+00 -1.174433e+00 -1.353465e+01 -1.198783e+01 -3.988801e+00 2.279513e+00 -7.827357e-01 -4.021546e+00 6.885393e-01 7.823784e-01 1.526903e+00 -1.026821e+00 3.239262e+00 -9.205933e-01 1.829789e+00 -1.457769e+00 -5.370638e+00 1.248477e+00 5.327157e-01 1.709416e-01 -1.936327e+00 -1.419673e-02 -3.654488e-01 4.279615e-02 -8.752924e-01 -6.094396e-01 5.129600e-01 -7.279330e-01 6.302715e-01 1.675319e+00 -5.540468e-01 -1.064350e+00 -3.584914e-01 -4.706800e-01 9.065824e-03 
1.356708e+01 -1.288697e-01 9.536965e+00 -1.745125e+00 -7.537748e+00 -2.999412e+00 -1.308086e+01 -1.283690e+01 -5.287893e+00 3.081934e+00 -1.584809e+00 -5.262863e+00 6.797553e-01 4.417570e-01 1.426772e+00 -2.143600e+00 1.535278e+00 5.964576e-01 -5.510820e-01 -1.619740e-01 -2.583103e+00 2.832886e-05 -1.157472e+00 -8.902062e-01 -1.983803e+00 -5.700217e-03 -3.275835e-01 1.310812e-01 -4.779390e-01 -5.845152e-01 5.733159e-01 -7.341479e-01 6.115797e-01 1.505846e+00 -7.045406e-01 -1.097762e+00 -2.380670e-01 -1.326981e-01 5.804156e-03 
1.384723e+01 2.786007e+00 6.564517e+00 1.582385e+00 -5.431901e+00 -3.005632e+00 -1.218123e+01 -1.543060e+01 -1.664067e+00 -1.475217e+00 -1.862237e+00 -8.335315e+00 6.760134e-01 3.824612e-01 1.974341e+00 -2.124510e+00 1.546756e+00 9.347846e-01 -5.254119e-01 -9.702291e-02 -2.169035e+00 -2.519209e-01 -1.939118e+00 -9.650826e-01 -1.755821e+00 -4.419235e-03 -2.359228e-01 -4.184692e-02 9.398557e-02 -2.644977e-01 2.111802e-01 -3.176707e-01 4.866460e-01 8.899174e-01 -1.015408e+00 -7.961262e-01 -2.019880e-02 3.570534e-01 2.619483e-03 
1.438961e+01 4.365613e+00 4.214154e+00 1.836597e+00 -3.758381e+00 -3.162177e+00 -1.323889e+01 -1.849437e+01 -4.822708e+00 -3.127796e+00 -4.765446e+00 -8.234034e+00 6.704795e-01 1.878038e-02 1.885812e+00 -1.537414e+00 1.587495e+00 6.987123e-01 -4.553282e-02 7.752485e-02 -1.816101e+00 -1.364718e+00 -2.309677e+00 -4.719030e-01 -1.623031e+00 -3.393449e-03 -2.154414e-01 -2.135025e-01 5.502422e-01 1.421756e-01 -9.342957e-02 1.599263e-04 2.985920e-01 5.478699e-01 -7.732067e-01 -3.097382e-01 3.673794e-01 5.856442e-01 6.375254e-04 
1.395117e+01 7.009843e+00 3.391567e+00 2.466688e+00 -5.706765e+00 -3.719934e+00 -1.394120e+01 -2.000460e+01 -5.480824e+00 -4.311294e+00 -4.017837e+00 -1.131525e+01 6.710944e-01 -1.857901e-01 1.088040e+00 -8.598527e-01 1.890706e+00 8.422425e-02 -1.121794e-02 8.555937e-01 -1.304766e+00 -3.146228e+00 -2.871736e+00 -1.392360e-01 -3.313705e-01 -2.247571e-03 -1.756796e-01 -4.542680e-01 5.524454e-01 2.271246e-02 2.759107e-02 -9.001545e-02 7.889276e-02 5.409985e-01 -4.021768e-01 1.779841e-02 3.982515e-01 5.780256e-01 -9.913172e-04 
1.360928e+01 7.188604e+00 3.436347e+00 5.750180e+00 -3.906716e+00 -2.869821e+00 -1.181308e+01 -1.963007e+01 -1.020284e+01 -7.048158e+00 -2.866851e+00 -1.188824e+01 6.652443e-01 -3.511595e-01 8.024014e-01 -2.486826e-02 2.074347e+00 5.546749e-01 -8.074291e-01 8.546523e-01 -2.758469e-01 -2.418929e+00 -2.239859e+00 5.337709e-01 2.321327e-01 -3.593602e-03 -7.093355e-02 -3.164871e-01 3.636183e-01 -2.769599e-01 3.061907e-01 1.450026e-01 -5.541526e-02 4.075848e-01 3.711814e-01 4.031379e-01 2.440643e-01 3.105162e-01 -4.341927e-03 
1.330855e+01 6.814377e+00 2.654506e+00 9.079173e+00 -4.936691e+00 -3.207793e+00 -8.616263e+00 -2.138617e+01 -1.470482e+01 -1.387351e+01 -3.507659e+00 -8.165343e+00 6.673875e-01 -3.108054e-01 2.447431e-01 -1.187524e-01 1.416844e+00 1.144827e+00 -5.944828e-01 -9.124050e-02 -2.342448e-01 -1.735855e+00 -1.885049e+00 5.232759e-01 2.066420e-01 -9.272955e-03 -6.777284e-02 -1.580392e-01 1.572951e-01 -4.271438e-01 3.336930e-01 4.347277e-01 6.088276e-02 1.105964e-01 9.049140e-01 6.526619e-01 1.099382e-01 -6.514619e-02 -9.193940e-03 
1.295505e+01 8.475427e+00 4.458227e+00 8.902115e+00 -1.370317e+00 -7.455249e+00 -1.162812e+01 -1.918292e+01 -1.230515e+01 -9.546329e+00 -2.351566e+00 -8.648273e+00 6.543522e-01 -2.734161e-01 7.250959e-01 -8.983207e-02 4.396080e-01 1.699408e+00 9.711228e-01 2.738574e-01 -3.133473e-01 -2.141767e-01 -7.874145e-01 4.171787e-01 -3.394957e-01 -2.158739e-02 -1.446414e-01 -1.980132e-01 -2.459838e-02 -2.962618e-01 3.106423e-02 5.220133e-01 4.852825e-01 -3.850587e-02 7.493038e-01 4.843639e-01 -1.860894e-02 -7.784188e-03 -1.412295e-02 
1.272396e+01 7.590396e+00 2.286178e+00 7.974784e+00 -1.250889e+00 -4.399334e+00 -1.448945e+01 -2.139890e+01 -1.310876e+01 -1.248743e+01 -1.658421e+00 -1.190191e+01 6.301788e-01 -5.634713e-01 3.364250e-01 -4.082429e-02 5.722942e-01 1.180286e+00 1.273076e+00 1.450508e+00 -7.328839e-01 2.760603e-01 -3.345978e-01 4.687721e-01 -3.712793e-01 -3.922091e-02 -3.742356e-01 -1.965213e-01 1.880103e-01 -4.968420e-02 -2.514459e-01 -2.248288e-02 5.460165e-01 2.936298e-01 6.689228e-01 5.272611e-01 1.019889e-01 4.524133e-01 -1.893248e-02 
1.253455e+01 1.042592e+01 3.171296e+00 8.500519e+00 2.747558e+00 2.581271e+00 -7.506957e+00 -2.119126e+01 -1.207156e+01 -1.167795e+01 -1.705227e+00 -1.171722e+01 5.759117e-01 -9.480704e-01 -2.333398e-01 -1.868504e-01 1.015380e+00 6.922190e-01 8.688838e-01 2.510166e+00 -2.190102e-01 3.217737e-01 -5.933072e-01 4.679783e-01 4.821803e-01 -5.923125e-02 -6.136281e-01 -4.103010e-01 2.835255e-01 -1.198203e-01 -6.275257e-01 -7.694976e-01 -7.683409e-02 8.104407e-01 5.875891e-01 6.636185e-01 2.393814e-01 6.374510e-01 -2.391459e-02 
1.070112e+01 7.521064e+00 3.093435e+00 1.214110e+01 -1.094186e+00 -1.861089e+00 -3.424638e+00 -2.404674e+01 -1.344120e+01 -1.448082e+01 -1.486944e+00 -8.487062e+00 5.105065e-01 -1.844755e+00 -2.586879e-01 8.698088e-01 8.805500e-01 3.912707e-01 -6.558791e-01 1.520704e+00 1.186672e+00 1.340867e+00 6.542960e-01 1.007901e+00 2.057822e+00 -8.511609e-02 -6.743770e-01 -3.816478e-01 8.666318e-02 -4.220430e-01 -4.263650e-01 -6.081874e-01 -4.891892e-01 1.297820e+00 6.503271e-01 8.134491e-01 2.811224e-01 5.694229e-01 -3.047509e-02 
9.225930e+00 7.343139e+00 3.120464e+00 1.189579e+01 2.012476e+00 -4.380327e+00 -4.609870e+00 -1.895426e+01 -1.053010e+01 -1.151606e+01 -9.724993e-02 -7.944556e+00 4.180117e-01 -2.700920e+00 -1.028841e+00 8.725156e-01 -3.134998e-01 -1.043739e+00 -1.911857e+00 -1.454337e-01 2.779075e+00 2.191470e+00 2.036320e+00 1.344536e+00 1.633243e+00 -1.182115e-01 -4.435185e-01 -3.393921e-01 -3.030438e-01 -4.932804e-01 -3.962127e-01 -1.012577e-01 -3.723799e-01 9.485975e-01 3.547383e-01 5.609439e-01 1.526042e-01 2.400755e-01 -2.709926e-02 
5.154391e+00 7.838489e+00 6.660533e+00 1.068012e+01 1.072769e+00 -4.197864e+00 -8.335074e+00 -1.658413e+01 -7.175344e+00 -9.296844e+00 2.577038e+00 -3.499016e+00 2.835473e-01 -3.059000e+00 -1.174120e+00 -1.374152e-01 -8.735062e-01 -8.364059e-02 -3.773904e-01 3.323538e-01 4.257023e+00 2.592819e+00 2.417914e+00 1.436082e+00 1.900418e+00 -1.621051e-01 3.918571e-02 -3.748026e-01 -7.427117e-01 -2.012013e-01 -2.369615e-01 5.401038e-01 2.041106e-01 2.978256e-01 -1.711256e-01 -2.598928e-02 -3.007652e-01 -3.496388e-01 -9.164735e-03 
1.803036e+00 5.122838e+00 5.750402e+00 7.663201e+00 -3.554769e+00 -5.809623e+00 -5.778769e+00 -1.102730e+01 -4.247503e+00 -4.088791e+00 2.985521e+00 -6.045082e+00 9.832923e-02 -2.558610e+00 -1.472496e+00 -1.198348e+00 -5.739533e-01 -1.051475e+00 2.234288e-01 1.242342e+00 2.988843e+00 1.469338e+00 1.329509e+00 1.016985e+00 1.761254e+00 -1.562356e-01 4.873117e-01 -1.031901e-01 -5.323710e-01 2.773470e-01 1.204919e-01 6.643621e-01 5.932288e-01 -2.731656e-01 -5.639268e-01 -7.521836e-01 -7.611009e-01 -3.969379e-01 1.845258e-02 
-8.819534e-01 2.760530e+00 1.091632e+00 9.889784e+00 1.271310e+00 -3.033278e+00 -1.178656e+00 -6.724641e+00 -3.618486e+00 -6.105428e+00 4.151826e+00 6.547710e-02 -1.401721e-01 -1.720069e+00 -1.910854e+00 -1.808524e+00 4.720084e-03 -7.897118e-01 9.769449e-01 1.847208e+00 2.571064e+00 8.462518e-01 8.777953e-01 -3.321158e-01 2.456746e-01 -1.119316e-01 6.997116e-01 1.732930e-01 -4.066877e-02 3.846378e-01 2.356468e-01 3.737267e-01 3.866536e-01 -6.152739e-01 -6.161144e-01 -6.990267e-01 -7.493071e-01 -3.917953e-01 4.249626e-02 
-5.485061e-01 2.519538e+00 -8.637418e-02 9.420926e+00 -3.344311e+00 -3.845032e+00 -1.975874e+00 -8.939985e+00 -4.961825e+00 -6.464088e+00 4.200333e+00 -9.203570e-01 -1.512926e-01 -9.339053e-01 -1.176390e+00 -9.535943e-01 6.342229e-01 -8.827057e-02 7.326829e-01 2.063308e+00 2.256217e+00 2.451468e-01 -9.546376e-01 -1.576795e+00 4.759669e-01 -5.103496e-02 6.721502e-01 4.542957e-01 3.089271e-01 4.077073e-01 7.288110e-01 1.942864e-01 -1.450926e-02 -4.312068e-01 -1.955081e-01 -2.747003e-01 -3.586070e-01 -4.403621e-02 4.221748e-02 
-2.270086e+00 -4.137166e-01 5.365165e-01 9.824500e+00 -2.980954e+00 -2.952914e-01 -9.998783e-01 -4.772998e+00 -2.586865e+00 -3.720167e+00 3.091057e-01 -4.833203e+00 -1.512926e-01 -3.729013e-01 -4.555455e-01 -4.632315e-01 4.454099e-01 6.130013e-01 1.236556e+00 1.855276e+00 1.547028e+00 1.242952e-01 6.485192e-02 -1.013589e+00 5.840633e-01 -2.222551e-03 5.849777e-01 6.389396e-01 3.986751e-01 3.268480e-01 6.135275e-01 -3.070222e-01 -6.268493e-01 -5.432767e-01 1.079849e-01 4.265403e-02 2.782318e-01 3.990194e-01 2.749020e-02 
-2.172479e+00 8.284162e-01 1.259861e+00 1.086707e+01 -1.869838e+00 -3.515009e+00 4.448216e+00 -7.225754e-01 -3.537566e+00 -1.005402e+01 -2.977056e+00 -1.216142e+00 -1.512926e-01 1.284776e-01 7.121579e-02 -3.263232e-01 1.244050e+00 1.891157e+00 1.065158e+00 1.165961e+00 1.344877e+00 8.528199e-01 3.625834e-01 -4.353025e-01 1.371964e+00 -8.484286e-07 4.116442e-01 4.721985e-01 2.252055e-01 2.456730e-02 1.988569e-01 -6.084249e-01 -1.076986e+00 -7.525794e-01 3.774270e-01 6.333814e-01 5.947578e-01 1.641113e-01 1.042917e-02 
-1.934528e+00 1.328360e+00 -1.897356e+00 1.139379e+01 3.599278e+00 2.984556e+00 4.885671e+00 -3.099070e+00 -3.709370e+00 -3.985842e+00 2.672351e+00 3.133723e+00 -1.512926e-01 6.735047e-01 6.601493e-01 -1.287249e-01 1.334105e+00 1.288244e+00 -7.245088e-01 -8.382457e-01 3.102934e-01 1.082438e+00 4.325022e-01 4.883511e-01 1.792799e+00 -8.484286e-07 1.346392e-01 3.077829e-01 1.886583e-01 -6.108307e-01 -2.190039e-01 -7.589283e-01 -5.451509e-01 -6.799133e-01 4.151122e-01 4.073579e-01 3.382416e-01 -1.007633e-01 4.450379e-04 
-7.366034e-02 2.004558e+00 -5.006933e-01 1.485632e+01 2.821345e+00 -1.594806e-01 9.115015e-01 -3.052572e+00 -1.369652e-01 -4.518437e+00 8.422613e-01 1.955839e+00 -1.512926e-01 6.011968e-01 6.267301e-01 5.191746e-03 3.128498e-01 5.683954e-01 -1.328945e+00 -1.974958e+00 -8.883547e-01 1.653242e+00 2.028395e+00 6.459534e-01 6.920800e-01 -8.484286e-07 -1.868053e-01 6.214690e-02 2.957440e-02 -1.514948e+00 -3.188511e-01 -3.647772e-01 5.182345e-01 -7.126890e-01 2.144420e-01 2.517200e-01 2.242923e-01 -3.515753e-01 1.161888e-03 
4.821673e-02 2.298594e+00 7.733280e-01 1.450023e+01 1.114607e+00 -5.595367e+00 -3.422872e+00 -2.056368e+00 1.125056e+00 -4.325408e+00 8.414103e-01 2.544957e+00 -1.512926e-01 6.407578e-02 8.056802e-01 3.143397e-01 -2.143106e+00 1.793646e-01 -1.361054e+00 6.998723e-01 -7.358137e-01 1.799665e+00 1.268618e+00 1.369870e-01 4.202857e-01 -8.484286e-07 -3.218310e-01 -1.405313e-01 -2.136847e-01 -1.670987e+00 -3.201880e-02 3.235721e-01 1.536566e+00 -5.541006e-01 1.037153e-01 7.594971e-02 2.096078e-01 -4.033185e-01 2.513283e-03 
-1.575498e-01 3.476824e+00 -5.006578e-02 1.087844e+01 2.214313e+00 -5.870099e+00 -1.272680e+00 -5.685761e+00 2.311739e+00 2.578954e-01 1.168622e+00 2.538648e+00 -1.512926e-01 -5.008813e-01 3.093114e-01 -3.996924e-01 -4.592252e+00 8.513886e-01 -4.405510e-01 2.988088e+00 -1.695396e+00 1.566369e+00 1.203113e+00 8.618518e-01 3.003202e-01 5.813608e-03 -1.483710e-01 -2.462803e-01 -5.604293e-01 -6.248000e-01 1.104068e-01 7.318947e-01 1.341524e+00 2.603068e-01 8.462568e-02 -4.913932e-01 1.194195e-01 -8.143102e-02 1.641116e-03 
-1.572590e+00 4.620388e+00 -5.511217e-01 2.667486e+00 4.799649e+00 -9.653603e-01 9.476955e+00 -5.460914e+00 4.065255e+00 -3.102581e-02 3.194018e+00 4.943481e+00 -1.512926e-01 -3.845957e-01 1.162371e-01 -9.947666e-01 -4.568288e+00 9.866742e-01 4.492543e-01 4.362955e+00 -2.056729e+00 1.644573e+00 1.224982e+00 1.428497e+00 -2.787218e-02 9.661558e-03 1.208585e-01 -2.708966e-01 -7.359725e-01 1.063219e+00 9.625690e-02 8.826752e-01 -4.609778e-02 9.970011e-01 -4.473426e-01 -6.589170e-01 -2.424608e-01 -2.203739e-02 -8.253796e-04 
-1.767805e+00 2.390062e+00 -1.837246e+00 -2.188265e+00 5.235779e+00 -4.677521e+00 9.401913e+00 -9.826632e+00 6.224961e+00 -6.503798e-01 3.974816e+00 2.258283e+00 -1.222353e-01 8.367632e-02 -2.599490e-01 -2.142318e+00 -1.598488e+00 7.167805e-01 1.425244e+00 2.901083e+00 1.073584e+00 2.153901e+00 -4.066232e-01 5.973586e-01 5.090251e-01 3.376740e-03 2.438103e-01 -3.184245e-02 -3.163278e-01 2.127606e+00 -9.430342e-03 8.276516e-01 -1.010741e+00 1.537466e+00 -9.940956e-01 -7.915964e-01 -6.334210e-01 3.438477e-01 -4.256967e-03 
-1.069781e+00 3.423363e+00 -3.306929e+00 -1.808430e+00 4.537211e+00 -3.945595e+00 1.305472e+01 -1.026932e+01 7.391315e+00 2.252946e+00 6.580598e+00 2.545658e+00 -1.175096e-01 3.758728e-01 -2.642367e-01 -2.494063e+00 1.676037e+00 7.279602e-01 2.119392e+00 5.128185e-01 2.864818e+00 -7.307732e-01 -1.221171e+00 -9.431224e-01 2.057658e-01 -2.908077e-03 3.090356e-03 1.025158e-01 2.919495e-01 1.700935e+00 -1.424656e-01 4.543224e-01 -1.516725e+00 1.039384e+00 -1.292013e+00 -5.649535e-01 -4.772103e-01 3.894961e-01 -4.539725e-03 
9.173859e-03 2.775566e+00 -9.383744e+00 5.123552e+00 5.929529e+00 2.746455e+00 1.144395e+01 2.085777e+00 1.141814e+01 -2.917332e+00 2.462152e+00 6.282926e+00 -1.512926e-01 3.378247e-01 3.403344e-01 -1.231543e+00 2.923691e+00 9.335424e-01 2.862587e+00 -1.405926e-01 3.531038e+00 -2.216372e+00 -1.531743e+00 -1.119422e+00 1.902728e+00 -9.187890e-03 -3.093146e-01 2.971203e-01 1.034622e+00 4.205753e-01 -3.791041e-01 -3.354841e-01 -1.008809e+00 -4.141804e-01 -9.486828e-01 2.862545e-01 1.785622e-01 1.481122e-01 -1.060347e-03 
-5.812177e-01 3.106356e+00 -9.248194e+00 7.391679e+00 8.092682e+00 5.919866e+00 1.101974e+01 2.906818e+00 -2.185458e+00 -5.003293e+00 -7.648646e-01 3.960100e+00 -1.512926e-01 -4.962694e-01 3.286062e-01 9.608146e-03 1.675280e+00 1.659828e-01 2.002157e+00 -1.699958e+00 1.911681e+00 -2.630332e+00 -1.037296e+00 -9.919597e-02 1.222684e+00 -6.756026e-03 -3.739828e-01 3.699159e-01 1.215479e+00 -4.990188e-01 -5.339046e-01 -7.655787e-01 -2.312542e-01 -1.212534e+00 3.736162e-01 6.144880e-01 6.711287e-01 -1.944091e-01 1.500400e-03 
-3.226906e-01 4.250338e+00 -5.024720e+00 7.829379e+00 8.125898e+00 4.702753e+00 9.716650e+00 1.241170e+00 -6.880172e-02 -4.681162e+00 2.050265e+00 1.106490e+01 -1.512926e-01 -1.026637e+00 9.292679e-01 1.778875e+00 5.046898e-01 -8.977822e-01 -1.935544e-01 -1.036730e+00 -5.205765e-01 -1.639787e+00 9.326670e-01 1.068137e+00 7.411495e-01 -8.484286e-07 -2.309921e-01 2.297217e-01 7.686181e-01 -5.631846e-01 -3.528624e-01 -6.851017e-01 2.474595e-01 -1.268478e+00 8.325429e-01 6.571143e-01 5.560231e-01 -8.892606e-01 2.513283e-03 
-3.384918e+00 4.328858e+00 -5.438232e+00 5.215048e+00 4.268940e+00 5.087031e+00 5.418915e+00 -2.881693e-01 -1.698151e-02 -2.051399e+00 6.290405e+00 6.267856e+00 -1.512926e-01 -8.115254e-01 1.290825e+00 2.078193e+00 3.905444e-01 -1.025897e+00 -1.804106e-01 -1.953237e-01 -1.171952e+00 8.488790e-01 6.189856e-01 1.318696e+00 -1.854364e-01 -8.484286e-07 5.682249e-02 5.404346e-04 3.301167e-01 -1.633510e-01 1.256631e-01 -1.706904e-01 5.315858e-01 -7.097702e-01 8.645118e-01 5.940847e-01 2.098390e-01 -8.886575e-01 1.350393e-03 
-3.722059e+00 6.810618e+00 -2.394378e+00 8.734948e+00 3.352307e+00 2.195264e+00 9.061131e+00 1.080019e+00 2.135151e+00 2.699338e-01 4.274796e+00 8.834599e+00 -1.512926e-01 -6.594976e-01 1.007961e+00 1.577003e+00 7.500080e-01 -2.348488e-01 5.282932e-01 3.444565e-01 -1.269414e+00 2.066144e-01 9.256450e-01 9.518095e-01 -1.839542e+00 -8.484286e-07 1.364093e-01 -3.915645e-01 -1.649551e-01 -9.008490e-02 3.906015e-01 3.270952e-01 9.201676e-02 -1.399343e-01 4.948228e-01 4.547075e-01 7.024960e-02 -7.848218e-01 3.253931e-07 
-2.939618e+00 8.280377e+00 -1.719006e-01 8.891729e+00 5.349883e+00 6.271660e+00 1.037084e+01 -2.872949e+00 9.572383e-01 -4.383524e+00 4.716043e+00 4.147944e+00 -1.512926e-01 -3.956313e-01 2.919082e-01 1.760924e+00 7.360078e-01 4.629223e-01 7.876396e-01 2.674027e-01 -1.262578e+00 7.690120e-01 1.936608e+00 1.008165e+00 -1.930193e+00 -8.484286e-07 4.929999e-02 -5.571648e-01 -3.364158e-01 -2.119246e-01 2.207764e-01 9.797527e-02 -2.619337e-01 1.857556e-01 1.285565e-01 6.240896e-01 3.819231e-02 -2.602151e-01 3.253931e-07 
-3.842880e+00 7.314321e+00 2.270883e-01 9.741411e+00 6.411047e+00 6.752009e+00 8.962692e+00 -3.813738e+00 4.773035e-01 1.113036e+00 7.596700e+00 2.926954e+00 -1.512926e-01 -5.524358e-01 -5.291937e-01 1.112853e+00 -1.185066e-01 3.108107e-01 9.578909e-01 -8.078545e-01 -1.175077e+00 8.742754e-01 2.547419e+00 1.574546e+00 -2.310482e+00 -8.484286e-07 -1.410392e-02 -4.486953e-01 -3.029791e-01 -2.940592e-01 -5.777171e-02 -1.560438e-01 -3.743116e-01 2.930217e-01 2.291209e-01 4.997728e-01 6.831286e-02 1.856022e-01 3.253931e-07 
-5.302767e+00 5.536743e+00 2.055821e+00 8.392207e+00 5.054227e+00 6.746825e+00 6.804996e+00 -4.154511e+00 4.656802e+00 7.210269e+00 9.670603e+00 -4.293675e-01 -1.512926e-01 -6.186494e-01 -7.264297e-01 6.283315e-01 -2.347962e-01 -1.948165e-01 9.454954e-02 -9.290159e-01 -2.903002e-01 1.157839e+00 2.928511e+00 1.198311e+00 -1.251106e+00 -8.484286e-07 -5.121070e-02 -2.234192e-01 -2.749855e-01 -2.057804e-01 -1.821112e-01 -2.249618e-01 -2.513663e-01 2.829275e-01 1.061147e-01 2.364659e-01 4.115293e-04 2.417580e-01 3.253931e-07 
