-9.945888e+00 3.942131e+00 -3.625242e+00 -1.234321e+00 1.075237e+00 -3.263902e+00 4.827798e+00 -4.098960e+00 1.078960e+01 6.077662e-01 3.311692e+00 5.149764e+00 -1.512926e-01 -1.008526e-01 2.145508e-01 7.091975e-01 -3.962711e-01 5.768887e-01 -1.651970e+00 -5.215933e-01 -2.935729e-01 -7.897353e-01 1.503983e-01 1.019748e+00 5.562508e-01 1.819905e-02 1.575076e-01 -3.381419e-02 9.313455e-02 3.205392e-01 -8.666003e-03 6.938379e-01 1.275362e-01 1.117494e-01 1.475185e-01 4.871452e-02 -4.977066e-01 -4.495481e-01 -4.658283e-03 
-4.911176e+00 6.985458e+00 -1.786195e+00 -1.542589e+00 1.868864e+00 -9.826914e+00 -1.350520e+00 -4.233372e+00 5.757383e+00 1.673250e+00 4.834413e+00 5.403559e+00 -6.761683e-02 -3.371934e-01 2.556731e-01 1.041191e+00 -1.352300e-02 1.382056e+00 -7.628310e-01 4.021631e-01 -6.983603e-01 -6.597273e-01 -5.163835e-01 5.456959e-01 4.359298e-01 1.483043e-02 3.809199e-01 -1.601759e-01 -9.620640e-02 3.456786e-01 -2.805236e-01 1.412372e+00 2.081516e-01 5.364134e-01 2.453469e-01 2.105592e-01 -8.386247e-01 -6.966695e-01 -1.013072e-02 
-1.296799e+01 3.493192e+00 -9.983459e-01 -3.061881e+00 3.562443e+00 -8.242250e+00 5.308924e+00 -5.500089e+00 9.357012e+00 8.270195e-01 7.649374e+00 7.804150e+00 -1.021377e-01 8.048316e-01 2.496657e-02 1.008839e+00 1.015113e+00 1.307839e-01 1.372493e+00 -3.457464e-01 4.674124e-01 -1.171778e-01 7.274293e-01 -1.231602e+00 -1.631318e+00 -3.409081e-03 7.105519e-01 -1.444972e-01 -3.772465e-01 2.649447e-01 -3.954132e-01 1.418077e+00 -8.233331e-02 8.771254e-01 -2.675248e-01 9.773923e-02 -8.350533e-01 -5.192383e-01 -1.024579e-02 
-1.012108e+01 5.445229e+00 2.677608e-01 -3.884562e-01 6.742032e+00 -4.588630e+00 6.598158e+00 -6.890759e+00 8.207595e+00 -2.083756e+00 3.871719e+00 6.002200e+00 -1.017161e-01 1.350810e+00 -4.915816e-01 7.833377e-02 6.265264e-01 -6.025711e-01 3.897636e+00 4.312733e-01 2.007965e+00 1.008849e-01 9.148532e-01 -2.047611e+00 -1.833163e+00 -2.165313e-02 4.739977e-01 -1.724702e-01 -5.548546e-01 -3.731099e-01 -4.069714e-01 5.857052e-01 -1.314660e-01 5.758790e-01 -4.906960e-01 8.758447e-02 -2.745945e-01 4.934306e-02 -1.719799e-03 
-3.317102e+00 4.837306e+00 3.923897e-01 3.264019e+00 -7.072490e-01 9.792936e-01 -8.749536e-01 -4.332214e-01 8.978330e+00 6.123659e+00 -2.365067e+00 -3.306075e+00 -1.512926e-01 2.607687e+00 -1.343025e-01 -6.954729e-01 6.084427e-01 -4.078104e-01 3.108179e+00 -9.478411e-01 2.738817e+00 -2.507690e+00 -7.642041e-02 -1.858747e+00 -9.052903e-01 -1.478894e-02 -2.595882e-01 -1.060949e-01 -4.866516e-01 -1.278631e+00 1.721108e-01 -7.110544e-01 3.103243e-01 -7.255521e-01 -2.163783e-01 -1.944656e-01 6.116284e-01 8.451390e-01 1.080998e-02 
-2.982736e+00 3.855718e+00 -2.090060e+00 -1.573019e+00 9.906847e-01 5.050409e+00 3.898397e+00 3.273312e+00 6.451235e+00 3.599007e+00 -3.965486e-01 1.792681e+00 -1.512926e-01 1.131207e+00 -5.269341e-01 -8.808916e-01 -1.675658e+00 -3.834189e-01 1.297881e+00 4.599064e-02 1.045465e+00 -1.917854e+00 3.233882e-01 -5.137485e-01 3.197107e-01 1.191973e-02 -6.160143e-01 4.147100e-02 -1.223234e-01 -1.341667e+00 2.876396e-01 -1.541055e+00 2.615958e-01 -1.699349e+00 5.416470e-01 1.260657e-01 8.845945e-01 7.651907e-01 1.606769e-02 
-3.498237e+00 3.616397e+00 -3.296715e+00 5.725127e-01 4.398890e+00 2.479369e+00 1.919819e+00 3.111703e+00 -2.302862e+00 -2.395895e+00 4.896553e-01 5.382621e+00 -1.512926e-01 -3.833649e-01 -4.878266e-01 -9.448253e-01 -4.227027e+00 8.817207e-01 -8.830544e-01 1.398629e+00 -2.679107e+00 -1.895888e-01 5.088021e-02 1.059669e+00 1.517964e+00 3.384976e-02 -6.332392e-01 1.169979e-01 3.526898e-01 -2.706760e-01 1.083009e-01 -1.082885e+00 2.836921e-01 -1.119683e+00 1.214897e+00 4.468399e-01 6.031827e-01 2.332817e-01 5.309072e-03 
-4.374177e+00 3.420957e+00 -2.292197e+00 -7.420861e+00 2.271302e+00 1.151011e+00 5.430721e+00 -3.436313e+00 4.258413e+00 3.792878e+00 -1.242852e-01 3.256448e+00 -4.210829e-02 -2.338845e-01 -1.074676e-01 -4.085966e-01 -3.664154e+00 1.908341e-01 -1.812218e+00 5.661552e-01 -3.779842e+00 1.650078e+00 1.481574e+00 9.160986e-01 7.811691e-01 3.436662e-02 -2.406409e-01 1.571961e-01 5.260009e-01 1.571571e+00 -2.192865e-02 -1.603274e-01 -9.576172e-02 6.691136e-01 5.175295e-01 -5.997556e-02 -1.165868e-01 -2.410543e-01 -1.237640e-02 
-4.537930e+00 2.615907e+00 -4.230331e+00 -1.494720e+01 3.061300e+00 -1.486102e+00 5.351882e+00 -1.047439e+01 9.126842e+00 6.281349e+00 2.797155e+00 3.551802e+00 -3.662711e-02 1.240895e-01 2.409277e-01 8.318930e-01 2.494740e-01 -1.534948e-01 -7.512014e-01 2.105096e-01 -4.471260e-01 1.782812e+00 1.578813e+00 4.422908e-01 3.035923e-02 5.353326e-04 -1.059045e-01 -3.560998e-02 4.933013e-01 2.576587e+00 -1.653143e-01 7.994708e-01 -2.442827e-01 2.126597e+00 -2.545683e-01 -4.043147e-01 -6.805205e-01 -6.088675e-01 -2.041363e-02 
-3.632258e+00 3.818926e+00 -3.666198e+00 -1.213397e+01 2.613864e+00 -2.027755e+00 5.013274e+00 -8.832674e+00 8.986925e+00 6.668552e+00 3.030331e+00 6.614165e+00 -3.678523e-02 -3.255062e-01 -1.053611e-01 8.607236e-01 3.943962e+00 2.442703e-02 4.304913e-01 1.611144e-01 3.275060e+00 -3.163970e-01 -7.405975e-01 -7.879491e-01 -1.417476e-01 -3.330049e-02 -2.023635e-01 -1.945032e-01 2.830545e-01 1.798952e+00 3.106867e-02 9.634326e-01 -2.036382e-01 1.562811e+00 -6.728142e-01 -5.964780e-01 -3.485308e-01 -4.281986e-01 -1.494594e-02 
-3.248948e+00 4.621951e+00 1.549721e+00 4.176036e+00 3.460109e+00 3.123916e-01 3.181257e+00 3.574562e+00 4.246953e+00 4.059655e+00 1.123476e+00 3.855406e+00 -1.512926e-01 -8.670121e-01 -6.667868e-01 8.870234e-01 4.851850e+00 1.384605e-01 1.993093e+00 3.797706e-01 4.426394e+00 -4.791145e-01 -8.597587e-01 -1.490786e+00 -1.065006e+00 -3.438406e-02 -1.220448e-01 -1.715032e-01 -1.516099e-01 -1.310332e-01 6.611613e-02 5.252610e-01 -1.614666e-01 -3.710622e-01 -3.261928e-01 -1.645357e-01 1.062357e-01 -1.690881e-01 9.339703e-04 
-6.646590e+00 1.891193e+00 -8.790016e-01 2.737008e+00 2.194008e+00 2.403857e+00 7.321362e+00 5.914485e+00 5.116537e+00 1.200722e+00 -3.227347e+00 2.396080e+00 -1.512926e-01 -7.501404e-01 -6.259391e-01 9.791275e-01 3.029382e+00 2.001202e-01 1.632725e+00 -5.366095e-01 1.597528e+00 -5.830498e-01 -2.816425e-01 1.401331e-01 -8.121441e-01 -2.289993e-02 1.964867e-01 1.022172e-01 -2.161254e-01 -1.422902e+00 -5.271503e-02 -2.565823e-02 -3.197782e-01 -1.481295e+00 1.606205e-01 5.304589e-01 6.090705e-01 2.486687e-01 1.009938e-02 
-7.365638e+00 2.456490e-01 -1.189473e+00 1.876149e+00 3.963429e+00 6.263321e+00 6.096817e+00 4.283757e+00 8.666979e+00 4.716334e+00 -1.528059e+00 3.358937e-01 -1.512926e-01 -2.738518e-01 -3.562167e-01 1.462016e-02 5.140749e-02 8.905835e-02 1.273716e+00 -2.480097e-01 -1.463614e+00 2.851716e-01 5.265483e-01 5.094370e-01 -4.798086e-01 3.431350e-07 3.626743e-01 3.090442e-01 -1.988766e-01 -1.521646e+00 -1.300538e-01 -5.701678e-01 -3.700787e-01 -1.174911e+00 1.796427e-01 3.684198e-01 4.638039e-01 5.333601e-01 9.166943e-03 
-5.324675e+00 2.877168e+00 2.598718e+00 4.163246e+00 3.362857e+00 3.160430e+00 8.726639e-01 -1.199946e+00 3.861585e+00 4.931807e+00 5.056807e+00 4.313190e+00 -1.512926e-01 3.602859e-01 2.504527e-01 2.163249e-01 -7.703334e-01 -2.145355e-01 6.618759e-01 -1.123952e+00 -1.186390e+00 1.044403e-01 1.218616e+00 1.257323e+00 8.090274e-01 3.431350e-07 2.342537e-01 1.991210e-01 -2.298391e-01 -8.281217e-01 2.611515e-02 -5.947171e-01 -1.662839e-02 3.048289e-02 2.570902e-01 -1.058907e-01 -2.378193e-01 1.902943e-01 4.580679e-03 
-5.278934e+00 2.347894e+00 -1.162549e-01 3.720028e+00 3.321125e+00 6.302892e+00 5.165900e+00 -1.863633e-01 6.299858e+00 4.827041e+00 -4.710167e-01 4.980057e-01 -1.512926e-01 3.911631e-01 4.402201e-01 2.739863e-01 -8.564802e-01 -3.045489e-01 -3.722562e-01 -1.176903e+00 -5.614952e-02 7.528627e-02 2.322266e-01 2.695420e-01 7.911673e-01 3.431350e-07 1.588132e-02 7.079078e-02 -4.869593e-02 -6.074271e-02 2.768803e-01 -6.720189e-01 1.340932e-01 6.329757e-01 7.346772e-02 -5.210702e-01 -4.855930e-01 1.566673e-01 3.463925e-07 
-5.888661e+00 2.092371e+00 -3.338050e-01 -2.036965e+00 1.442475e+00 5.693350e+00 2.166952e+00 2.217889e+00 6.821800e+00 7.238826e+00 2.530283e+00 6.360052e+00 -1.512926e-01 8.859508e-02 -2.851998e-02 -2.996563e-01 -6.571322e-01 5.276104e-01 -5.180044e-01 -1.552784e-01 1.046218e+00 8.073370e-01 -6.638699e-01 -9.289560e-01 -4.962160e-01 3.431350e-07 -1.436077e-01 -3.840728e-02 -8.557064e-02 3.142856e-01 3.866567e-01 -3.499923e-01 3.803407e-01 1.893378e-01 -7.279617e-03 -6.003649e-01 -7.031551e-01 -2.093507e-01 3.463925e-07 
-5.127074e+00 2.839026e+00 1.647046e+00 6.937914e-01 3.400597e+00 3.135743e+00 -4.352696e-01 2.294247e+00 7.562928e+00 4.724434e+00 1.082704e+00 3.268503e+00 -1.512926e-01 -5.857680e-02 1.372517e-01 2.903550e-02 -3.088428e-01 1.102482e+00 -1.496556e+00 -6.188851e-02 5.850568e-01 3.011708e-01 -1.137584e+00 -8.253068e-01 9.562669e-01 3.431350e-07 -1.078822e-01 -2.535324e-02 2.919808e-02 3.713184e-01 -6.757558e-02 4.747719e-02 4.098922e-01 -2.829068e-01 -3.019783e-01 -1.737673e-01 -3.338594e-01 7.477624e-03 3.463925e-07 
-4.956917e+00 2.488989e+00 2.188781e-01 2.390812e+00 5.961468e+00 2.154450e+00 2.896221e+00 2.791101e+00 7.266859e+00 1.664070e+00 -3.652114e-01 4.466121e-01 -1.512926e-01 -1.328842e-01 2.098798e-01 -8.903824e-02 5.272796e-01 1.015193e+00 -5.258582e-01 2.202570e-01 -5.602505e-01 -4.476674e-02 -1.098190e+00 -1.711026e+00 -3.202637e-01 3.431350e-07 -1.110423e-02 2.931486e-02 2.534938e-01 3.467417e-01 -5.454569e-01 1.904150e-01 8.882284e-02 -2.941743e-01 -5.862438e-01 2.778528e-01 1.754425e-01 1.677267e-01 3.463925e-07 
-6.037320e+00 2.835650e+00 -2.474896e-01 -3.829132e-02 6.574379e+00 5.901162e-01 4.491212e+00 2.452195e+00 7.583461e+00 1.926526e+00 -3.149846e+00 8.235920e+00 -1.512926e-01 -3.736673e-02 1.942185e-01 3.147013e-01 4.078132e-01 -8.863546e-01 -1.307523e-01 6.847037e-01 -6.673484e-01 -1.008628e+00 -4.194701e-01 -1.008799e+00 7.406633e-01 3.431350e-07 9.766731e-02 -6.720904e-02 1.435706e-01 2.303623e-01 -4.926726e-01 3.545690e-01 5.922644e-02 2.671598e-01 -3.441959e-01 4.533021e-01 4.651553e-01 -2.835609e-01 3.463925e-07 
-6.098155e+00 3.143156e+00 1.682338e-01 9.654559e-01 4.931967e+00 4.336675e+00 8.049425e-01 -6.622974e-01 6.588287e+00 3.146459e+00 -3.908679e+00 2.275210e+00 -1.512926e-01 2.265631e-02 8.944352e-02 8.249604e-01 7.183689e-01 -1.205178e+00 -2.488612e-01 -8.454445e-02 2.017392e-01 -1.469167e+00 3.663644e-01 4.002422e-02 4.502009e-01 3.431350e-07 1.170612e-01 -1.834867e-01 -8.075559e-02 -6.086266e-03 3.362532e-02 5.048978e-02 -2.022128e-02 5.169725e-01 1.046700e-01 3.996129e-01 8.402423e-01 -8.663947e-02 3.463925e-07 
-4.743307e+00 3.483066e+00 3.245644e+00 3.446158e+00 -5.167350e-01 1.390616e+00 4.034346e+00 6.844393e-01 2.859247e+00 1.886023e+00 -2.189511e+00 6.057401e+00 -1.512926e-01 3.519173e-01 -1.386070e-01 2.899422e-01 7.472743e-01 -2.506894e-01 1.376357e-01 3.864883e-01 1.539773e+00 -7.078433e-01 3.966430e-01 6.249284e-01 -8.467535e-01 3.431350e-07 -1.517098e-01 -3.165481e-01 -6.606027e-01 -2.781803e-01 5.752632e-01 1.591353e-01 -4.200315e-02 2.806458e-01 5.114638e-01 4.667385e-02 6.317534e-01 -5.541796e-01 5.511930e-03 
-5.491172e+00 2.612531e+00 2.597397e+00 4.240865e+00 3.480794e+00 5.098847e-01 2.702154e+00 4.683332e+00 2.282868e+00 3.515842e+00 -6.452248e-01 3.787198e+00 -1.512926e-01 2.578427e-01 -5.411300e-01 -4.804533e-01 3.270773e-01 8.655009e-01 -4.077493e-01 2.682033e-01 9.211660e-01 3.281916e-01 4.919285e-01 1.673263e+00 4.018658e-02 3.431350e-07 -4.655842e-01 -2.541097e-01 -9.377725e-01 -4.984946e-01 3.303570e-01 1.888766e-01 2.772698e-01 1.876448e-01 4.945767e-01 1.519628e-01 2.690212e-01 -6.852575e-01 1.660509e-02 
-4.581384e+00 2.407978e+00 -1.232400e-02 2.060493e+00 6.046746e+00 3.192014e+00 5.475195e+00 7.478268e+00 6.196712e+00 3.725374e+00 -1.656778e+00 3.246296e+00 -1.512926e-01 -9.134723e-01 -1.073156e+00 -2.335631e+00 -7.874204e-01 9.545238e-01 7.443407e-01 2.983673e-01 3.761343e-01 6.501896e-01 -2.487592e-01 1.333259e+00 -1.825302e+00 2.755683e-02 -6.666681e-01 2.689744e-02 -6.531973e-01 -2.450363e-01 -2.529330e-01 1.747751e-01 2.891712e-01 4.093311e-02 2.761061e-02 6.691760e-01 -1.596197e-02 -4.160493e-01 2.774807e-02 
-4.889678e+00 9.750889e-01 -6.050821e-01 3.294008e+00 5.977798e+00 1.397151e+00 1.425554e+00 5.468891e-01 6.560112e+00 4.686092e+00 4.190820e+00 3.882054e+00 -1.512926e-01 -1.672562e+00 -7.137707e-01 -2.551090e+00 -1.006846e+00 -1.559711e-01 3.921286e-01 1.345941e+00 1.721701e+00 3.247547e-01 1.449017e+00 1.030980e+00 -2.486811e+00 6.924974e-02 -4.997787e-01 4.804734e-01 -8.636299e-02 3.137853e-01 -4.784512e-01 1.677244e-01 4.838608e-01 1.423410e-01 -2.572373e-01 8.743607e-01 -2.370954e-01 -1.557527e-01 3.288953e-02 
-9.611521e+00 -1.064035e+00 -6.831685e+00 -1.756367e-02 3.007593e+00 4.668855e+00 6.164539e+00 4.633646e+00 3.971417e+00 5.693296e-02 2.058876e+00 -3.116680e+00 -1.350780e-02 -2.016107e+00 8.229976e-02 -1.940694e+00 1.889576e-01 -1.004598e+00 6.114305e-01 1.293648e+00 1.344284e+00 -5.679988e-01 3.263891e+00 8.662884e-01 -1.663535e+00 1.041193e-01 -4.210890e-02 6.669942e-01 4.355817e-01 6.668009e-01 -5.522214e-01 -1.503282e-01 2.961773e-01 2.943203e-02 -3.522027e-01 7.542526e-01 3.625680e-02 7.227163e-01 2.218311e-02 
-1.133824e+01 7.796490e-01 -6.748892e+00 2.457215e-01 4.220351e+00 1.732236e+00 9.087173e+00 1.471404e+01 5.019598e+00 1.259541e+01 2.652262e+00 -5.465241e+00 1.260513e-01 -1.689732e+00 1.283458e+00 -1.109776e+00 1.407971e+00 -5.472259e-01 4.972485e-01 2.190006e+00 1.148922e+00 -3.488694e-01 3.107506e+00 7.212526e-01 -8.193223e-01 1.261672e-01 2.887990e-01 4.095741e-01 3.952329e-01 4.990169e-01 -6.141670e-01 2.312451e-01 1.064729e-01 -3.116886e-01 -1.646496e-01 -5.057166e-01 5.411349e-02 1.074630e+00 2.610222e-03 
-1.143750e+01 2.916999e+00 -6.644081e+00 4.529288e+00 1.902249e+00 6.081439e+00 8.112794e+00 7.115826e+00 4.127570e+00 1.608996e+01 3.444118e+00 -3.978932e-01 2.306328e-01 -1.115329e+00 1.263217e+00 -8.783607e-01 1.339195e+00 -1.610919e+00 -5.976616e-02 1.357137e+00 8.097993e-01 -7.740917e-01 2.693372e+00 1.669479e+00 9.544723e-01 1.100178e-01 4.610472e-01 -1.298891e-01 1.676154e-01 -1.580487e-01 -4.529379e-01 2.611147e-01 5.159155e-02 6.002372e-02 1.614940e-01 -1.272912e+00 -1.992102e-01 7.317561e-01 -1.643001e-02 
-1.242505e+01 5.402023e+00 -6.247734e+00 8.060485e+00 3.794326e+00 3.177130e+00 1.140133e+01 5.049958e+00 4.737854e+00 1.220713e+01 7.104510e+00 -1.574236e+00 3.574728e-01 -6.790073e-01 7.436464e-01 -1.106145e+00 9.133028e-01 -2.923480e+00 1.884197e+00 1.846479e+00 4.306249e-01 -3.953263e-01 -7.942092e-01 9.001056e-01 1.577270e+00 7.935107e-02 4.780168e-01 -5.653346e-01 1.159298e-01 -5.226335e-01 -1.280831e-01 4.519334e-01 -3.858874e-01 1.245932e-01 2.437941e-01 -1.160529e+00 -5.216925e-01 3.266936e-01 -3.033116e-02 
-1.464532e+01 2.940965e+00 -1.147422e+01 2.771407e+00 -4.834328e+00 3.647990e+00 1.179300e+01 1.351426e+01 2.419002e-01 1.371760e+01 8.180085e+00 -2.900300e-01 4.208577e-01 -2.161373e-01 -2.972350e-01 -1.104384e+00 -3.538385e-01 -2.081043e+00 1.223573e+00 1.723189e+00 2.003571e+00 2.627728e-01 -1.149848e+00 -2.192821e-01 7.968073e-01 4.537470e-02 4.199628e-01 -5.608451e-01 3.353496e-01 -2.861224e-01 8.810497e-01 1.271506e-01 -8.009107e-01 -2.139587e-01 3.935940e-01 -5.368612e-01 -7.935968e-01 -2.526266e-01 -3.070959e-02 
-1.312946e+01 4.485919e+00 -9.864615e+00 5.691359e+00 -7.029049e+00 1.236999e+01 1.647942e+01 1.366750e+01 4.986170e+00 9.810461e+00 4.784543e+00 2.367211e+00 4.276916e-01 2.509170e-01 -7.629527e-01 -4.170698e-01 -3.585374e-01 -9.527193e-01 2.115279e+00 7.747186e-02 1.174911e+00 3.516571e-01 -7.735894e-01 -9.428736e-01 8.930300e-01 6.828259e-03 2.277466e-01 -4.049218e-01 3.471129e-01 -1.199018e-01 1.477389e+00 -6.222150e-01 -1.450100e+00 -5.191750e-01 4.207136e-02 5.098578e-01 -4.243976e-01 -5.074736e-01 -2.280285e-02 
-1.216616e+01 1.888830e+00 -1.035785e+01 3.944504e+00 -3.091396e+00 7.603296e+00 1.418953e+01 1.282494e+01 5.316622e+00 1.153911e+01 3.507803e+00 1.615659e+00 4.224037e-01 5.192893e-01 -7.875894e-01 4.539029e-01 5.446514e-01 1.808846e+00 4.602451e-01 -1.762796e+00 -6.323187e-01 8.202549e-01 -1.212117e-03 -1.377004e+00 3.343562e-02 -7.271886e-03 -1.365606e-02 -9.652883e-02 2.595888e-01 9.697303e-02 8.632064e-01 -4.658809e-01 -1.130962e+00 -7.587126e-01 -2.308876e-01 2.754235e-01 1.056566e-01 -2.792012e-01 -1.145938e-02 
-1.240996e+01 2.112961e+00 -8.890924e+00 5.681216e+00 -1.840535e+00 1.177570e+01 1.059069e+01 1.126900e+01 3.958524e+00 9.428658e+00 4.726249e+00 1.937979e+00 3.908518e-01 9.176937e-02 -1.035789e+00 -1.496707e-01 -1.354101e-01 2.518552e+00 -8.452958e-01 -3.661022e+00 -8.472679e-01 -4.638264e-01 1.180741e+00 -6.430354e-01 -5.784240e-01 -8.341866e-03 -2.424272e-01 -6.151085e-02 -9.742540e-02 -3.710411e-02 -3.098718e-01 -6.685576e-01 -2.141923e-01 -6.785554e-01 -2.781520e-01 -2.955274e-01 4.943051e-01 -1.434008e-03 -9.142965e-04 
-1.240858e+01 1.892786e-01 -9.691545e+00 5.499518e+00 1.615934e+00 6.246621e+00 5.922965e+00 1.155195e+01 4.856760e+00 1.390283e+01 1.323967e+00 9.193255e-02 4.029385e-01 -2.050273e-01 -6.434322e-01 5.984692e-02 1.965421e-02 4.993806e-01 3.744576e-01 -2.062329e+00 -7.789662e-01 -4.839735e-01 -7.499307e-01 1.590561e-01 1.364947e-01 -4.333978e-03 -2.761112e-01 3.912265e-02 -9.660257e-02 2.993446e-02 -1.269949e+00 -2.619863e-01 6.138784e-01 -3.795858e-01 -8.472718e-02 -7.636673e-01 6.323325e-01 3.218210e-01 2.161798e-03 
-1.254947e+01 1.568740e-01 -1.094620e+01 4.236454e+00 3.210083e+00 8.821654e+00 2.307449e+00 1.006819e+01 2.896972e+00 1.453251e+01 2.661023e+00 2.369134e-01 3.957357e-01 -5.990728e-01 -1.142671e+00 -7.071372e-01 -2.816460e-01 -1.847281e+00 -1.184519e+00 -8.437819e-01 -2.144371e+00 -3.869119e-01 -1.876861e+00 7.606857e-01 8.343222e-01 7.846921e-04 -8.606409e-02 2.832470e-01 3.269689e-01 3.795106e-01 -1.015136e+00 3.959318e-02 9.460857e-01 -7.180077e-02 3.445342e-01 -7.402481e-01 3.761131e-01 5.501575e-01 1.562713e-03 
-1.312169e+01 -3.501222e-01 -9.031407e+00 4.764789e+00 -3.119701e+00 1.095269e+01 8.019803e+00 9.530538e+00 3.427987e+00 5.237465e+00 5.335809e+00 3.148585e+00 3.982830e-01 -5.156754e-01 -5.385656e-01 2.495572e-01 7.673516e-01 -2.358141e+00 -6.799132e-01 -1.021950e-01 -1.881711e+00 3.581752e-01 -2.290670e+00 1.082865e+00 9.362704e-01 -1.028831e-03 7.406293e-02 3.995246e-01 3.699996e-01 3.888285e-01 2.199948e-01 1.072803e-01 5.016006e-01 3.284599e-01 4.367822e-01 4.996059e-01 -2.725512e-02 1.070443e-01 4.570747e-04 
-1.504875e+01 -3.330666e+00 -1.275662e+01 4.639982e+00 -8.709564e+00 3.499871e+00 5.323580e+00 1.557857e+00 2.738432e+00 4.376654e+00 6.523592e+00 4.581579e+00 3.970884e-01 -1.829515e-01 3.280265e-01 1.390240e+00 1.388178e+00 -1.128412e+00 -1.200289e-01 8.945844e-02 -6.550441e-01 8.377947e-01 -1.750212e+00 7.757021e-01 1.772535e+00 -2.175885e-03 1.605060e-01 5.320680e-01 3.760946e-01 3.417389e-01 1.113173e+00 6.150619e-01 4.214343e-01 9.443220e-01 2.879528e-01 1.362664e+00 -3.291298e-01 -4.224926e-01 9.873541e-04 
-1.373736e+01 -7.595672e-01 -7.538503e+00 9.134353e+00 -4.214885e+00 5.507474e+00 3.903956e+00 6.398787e+00 6.727249e+00 7.527204e+00 4.807119e+00 2.601020e+00 3.971059e-01 -4.299389e-02 6.189055e-01 8.611638e-01 1.128883e+00 1.240041e+00 3.785355e-01 -2.105513e-02 1.184967e-01 1.087619e+00 1.684843e+00 1.536326e-02 2.026370e-01 -5.709168e-04 8.669446e-02 1.894513e-01 -1.564554e-01 -2.321538e-01 8.417411e-01 4.898151e-01 3.699662e-01 7.760093e-01 -3.542472e-02 1.246152e+00 -3.659531e-01 -6.134515e-01 4.305456e-03 
-1.315691e+01 2.001908e+00 -4.741178e+00 8.992347e+00 -1.884444e+00 1.094434e+01 4.812637e+00 8.359008e+00 5.436005e+00 4.636409e+00 6.803605e+00 9.373559e+00 3.854233e-01 -3.303815e-02 9.389089e-01 8.675461e-01 1.246214e+00 1.919536e+00 1.361618e+00 1.222782e+00 1.577062e+00 6.882321e-01 2.948733e+00 -3.513769e-01 -9.112722e-01 5.490786e-03 4.190993e-02 -2.631578e-01 -4.744921e-01 -5.620937e-01 9.525134e-02 2.226561e-01 2.790213e-01 4.765728e-01 -2.459792e-01 3.521916e-01 -5.646451e-01 -8.946488e-01 8.281958e-03 
-1.428259e+01 7.822546e-02 -8.733267e+00 8.232921e+00 -3.320271e-01 9.123339e+00 8.169902e+00 6.723050e+00 7.517085e+00 1.353183e+01 5.273135e+00 1.766032e+00 4.012695e-01 -1.572685e-01 1.032731e-01 -2.712657e-01 -3.225124e-01 3.267828e-01 1.028285e+00 1.180895e+00 8.823697e-01 2.557806e-01 1.590643e+00 -1.833894e-01 -7.890711e-01 1.666662e-02 1.155939e-01 -4.140044e-01 -2.699137e-01 -8.110494e-01 -5.319812e-01 -5.475856e-02 -2.907208e-01 8.898074e-02 -5.616411e-01 -1.149403e+00 -5.285938e-01 -4.254738e-01 8.410079e-03 
-1.494172e+01 9.447097e-01 -7.821229e+00 1.132222e+01 -1.053077e+00 8.500002e+00 9.304489e+00 9.281065e+00 5.784125e+00 1.611804e+01 4.534182e+00 4.428051e-01 4.224739e-01 8.354507e-02 -7.299815e-01 -4.158593e-01 -6.967170e-01 -1.954681e-01 6.683704e-01 8.836018e-01 1.346042e+00 2.373340e-02 5.804290e-02 -1.948235e+00 -2.204808e+00 3.061262e-02 5.819399e-01 2.468724e-02 2.250607e-01 -9.021018e-01 -5.537127e-01 -6.404829e-01 -1.056814e+00 -4.323623e-01 -8.894345e-01 -1.529551e+00 -3.468736e-02 -2.568260e-01 1.316124e-02 
-1.363124e+01 2.851420e-01 -7.354862e+00 6.357290e+00 -2.996683e+00 1.187118e+01 7.562936e+00 1.034956e+01 7.831778e+00 9.739717e+00 5.024795e+00 3.120984e+00 4.619138e-01 4.767248e-01 -6.167805e-01 1.532715e-01 -1.954888e+00 -3.622466e-01 4.511830e-01 -1.305067e+00 6.788460e-01 -1.388223e+00 -2.616898e+00 -1.829203e+00 -1.277961e+00 2.892151e-02 1.503787e+00 4.651401e-01 5.654965e-01 -7.489512e-01 -5.788532e-01 -1.428628e+00 -1.384575e+00 -6.800149e-01 -1.025404e+00 -1.129191e+00 3.274657e-01 -2.927931e-01 2.105968e-02 
-1.306451e+01 -1.751281e+00 -7.509878e+00 6.446815e+00 -1.529181e+00 1.291201e+01 9.534438e+00 1.327577e+01 5.397325e+00 6.823001e+00 -2.813560e+00 -2.328010e+00 5.081875e-01 2.559640e+00 1.422211e+00 1.780554e+00 -2.447989e+00 -5.045098e-01 -1.552288e+00 -2.818273e+00 -4.830345e-01 -2.937061e+00 -2.595301e+00 2.982318e-01 -1.950921e+00 6.516931e-02 1.995523e+00 2.670503e-01 3.266033e-01 -8.802767e-01 -9.916996e-01 -1.879298e+00 -1.305666e+00 -1.067490e+00 -7.539498e-01 -7.924311e-01 6.391857e-01 1.251045e-02 2.589862e-02 
-1.283763e+01 -1.657443e+00 -8.122453e+00 8.962168e-01 -1.905492e+00 9.173438e+00 1.530168e+00 8.119995e+00 7.700495e-01 5.095437e+00 -1.990903e-01 -3.238184e+00 5.030402e-01 6.123508e+00 1.352880e+00 1.457915e+00 -3.191700e+00 -2.412991e+00 -5.004479e+00 -3.891006e+00 -1.603105e+00 -3.390963e+00 -2.728679e+00 3.308282e-01 -2.379906e+00 1.046860e-01 1.549911e+00 -4.050945e-01 -4.001057e-02 -5.557775e-01 -7.614409e-01 -1.119421e+00 -1.084267e-01 -7.420156e-01 2.278291e-01 -1.262974e-01 2.123624e-01 3.112745e-01 2.287947e-02 
-2.539505e+00 9.027282e+00 1.465167e+00 1.813084e+00 -4.121261e+00 2.087287e+00 -1.770494e+00 7.980875e+00 -5.370044e+00 5.463739e+00 8.637003e+00 -6.132407e+00 7.277507e-01 7.237830e+00 -3.795713e-01 5.647140e-01 -4.479630e+00 -4.128693e+00 -6.000249e+00 -4.351633e+00 -2.850614e+00 -2.744478e+00 -3.848230e+00 1.676019e-01 -1.591240e+00 1.222228e-01 -7.292219e-02 -1.252640e+00 -5.384286e-01 -1.955077e-01 7.426547e-02 6.703781e-01 9.988113e-01 -2.498047e-01 1.032536e+00 4.212829e-01 -6.725574e-01 8.480561e-01 5.579108e-04 
1.172391e+01 1.660310e+00 -4.552693e+00 -7.284588e+00 -1.376599e+01 -7.738716e+00 -6.239604e+00 4.981444e+00 -3.739275e+00 -3.224305e+00 9.536487e-01 -6.876663e+00 8.755668e-01 5.887167e+00 -1.741280e+00 5.610826e-01 -3.718121e+00 -2.357398e+00 -2.921867e+00 -1.080616e+00 -1.847560e+00 -3.451955e-01 -2.621890e+00 -7.022461e-01 9.872343e-02 1.147919e-01 -1.859710e+00 -9.439362e-01 -3.288828e-01 4.573679e-01 1.057832e+00 2.257692e+00 1.493103e+00 1.352186e-01 8.706050e-01 1.118804e+00 -8.019943e-01 8.317716e-01 -2.069478e-02 
1.084385e+01 -5.308356e+00 -6.471009e+00 -1.186099e+01 -1.624267e+01 -8.633244e+00 -8.338968e+00 5.923905e-01 -6.070582e+00 -8.258489e+00 -2.551743e+00 -8.465425e+00 9.330488e-01 2.313199e+00 -3.293856e+00 -4.631768e-01 -3.162225e+00 -1.611713e-01 7.583869e-01 7.705855e-01 -1.609760e+00 7.028092e-01 -5.423211e-01 -2.548033e+00 1.050097e+00 6.290694e-02 -2.185259e+00 -6.803787e-02 2.188409e-02 9.821073e-01 1.477070e+00 2.321277e+00 1.429778e+00 4.429452e-01 4.602202e-01 1.654578e+00 -5.873762e-01 5.129082e-01 -2.992188e-02 
9.906619e+00 -3.195984e+00 -1.348892e+00 -1.085724e+01 -7.631436e+00 -7.605969e-02 -5.889063e-01 2.576670e+00 -6.057172e-01 -1.153280e+00 1.883994e+00 -1.578360e+00 9.743509e-01 -7.127702e-01 -1.909708e+00 3.274661e-01 -1.563596e+00 8.924926e-01 2.904585e+00 1.013347e+00 -1.547485e+00 -7.615294e-01 1.212322e+00 -2.321445e+00 4.582337e-01 3.087105e-02 -1.520445e+00 4.787467e-01 7.527623e-02 7.952498e-01 8.545777e-01 9.321529e-01 4.540847e-01 8.752121e-02 -1.461611e-01 1.162533e+00 -2.385432e-01 -8.500460e-02 -2.774738e-02 
9.935436e+00 -5.014015e+00 -2.452937e+00 -1.221159e+01 -7.993958e+00 2.047353e+00 -7.430484e-01 1.134746e+00 -3.423150e+00 1.716993e+00 -4.568109e+00 -3.531001e+00 9.928850e-01 -3.884149e-01 -6.354641e-01 7.909578e-01 -6.464528e-01 1.631791e+00 2.692835e+00 1.750323e+00 -7.859973e-01 -2.352161e-01 2.507576e+00 -1.959833e+00 7.935601e-01 1.457654e-02 -5.575137e-01 7.043951e-01 2.114079e-01 4.640592e-01 2.592500e-01 -3.009576e-01 -2.148659e-01 -1.508487e-01 -2.368563e-01 4.225948e-01 3.169930e-01 -3.300745e-01 -1.720823e-02 
8.614436e+00 -8.035739e+00 -4.924377e+00 -1.492736e+01 -1.342778e+01 1.443983e+00 -4.970585e+00 -3.026801e+00 -8.871301e+00 -2.150720e+00 -9.645081e+00 -7.052734e+00 9.999999e-01 -3.641749e-01 -6.765865e-01 3.104098e-01 -9.995836e-01 1.019031e+00 7.715269e-01 6.999833e-01 -1.821696e+00 -6.069893e-01 1.665851e+00 -2.188984e+00 -1.981481e-01 2.179660e-04 3.068190e-02 4.130621e-01 8.624721e-02 1.912773e-01 1.935067e-02 -6.979144e-01 -3.836418e-01 -1.786381e-01 1.390749e-01 -5.929533e-02 5.913104e-01 -1.934829e-01 -1.041543e-02 
9.547552e+00 -6.065812e+00 -7.283899e-01 -1.305790e+01 -5.185599e+00 4.071293e+00 2.603604e+00 -5.357303e-01 -3.114187e+00 4.777898e+00 -6.586161e+00 -1.760142e+00 9.930782e-01 -6.485629e-01 -3.884552e-01 6.023479e-01 -1.123891e+00 1.071900e+00 3.199342e-01 -1.472435e-01 -2.226985e+00 -5.587548e-01 1.343855e+00 -1.029187e+00 -2.720669e-01 -7.811410e-03 2.602482e-02 1.737726e-01 -7.286258e-02 2.466216e-01 -3.486477e-01 -3.558252e-01 -6.063558e-01 -1.534175e-01 1.327180e-01 -4.872048e-01 7.430923e-01 -2.492607e-01 -5.343968e-03 
8.279155e+00 -6.052986e+00 -6.588091e-01 -1.543188e+01 -3.940907e+00 2.769437e+00 1.238056e+00 -5.696739e+00 -3.795147e+00 5.645190e+00 -8.052272e+00 -3.454228e+00 9.753347e-01 -4.292479e-01 3.201874e-02 8.530208e-01 -3.686472e-01 1.269261e+00 6.013111e-01 4.401483e-02 -1.720248e+00 9.567039e-02 1.497636e+00 1.697994e-01 2.360826e-02 -1.001484e-02 1.643975e-01 1.217982e-01 -8.221839e-02 5.989494e-01 -4.410602e-01 1.975939e-01 -3.679678e-01 3.784342e-01 3.321600e-01 -5.208274e-01 8.552516e-01 -5.064032e-02 -5.560318e-04 
6.859811e+00 -7.947639e+00 -1.573489e+00 -1.757917e+01 -7.378143e+00 2.984719e+00 -4.583461e+00 -8.665313e+00 -8.754784e+00 4.538123e+00 -1.051073e+01 -6.690441e+00 9.661818e-01 -2.258044e-01 -1.209308e-01 1.554724e-01 2.711174e-01 -2.366984e-01 9.989846e-01 -9.536368e-01 -1.603733e+00 7.706396e-02 1.556075e-01 5.762169e-01 -5.636402e-01 -7.027061e-03 3.587828e-01 9.768337e-03 -1.000158e-01 7.405934e-01 -4.475051e-01 1.628530e-01 8.343352e-02 6.133596e-01 5.811957e-01 -5.939028e-01 6.381721e-01 9.877377e-02 1.353923e-03 
7.812139e+00 -6.934659e+00 -2.364799e-01 -1.451016e+01 -5.985758e+00 4.994138e+00 -1.156958e+00 -7.563342e+00 -5.572517e+00 5.457259e+00 -6.833489e+00 -4.469728e+00 9.633886e-01 2.464441e-01 -2.014354e-01 1.227902e-01 1.297617e+00 -5.319967e-01 1.419917e+00 -7.365613e-01 -2.413423e-01 7.357556e-01 -3.442618e-01 1.284426e+00 -3.056508e-01 -2.951167e-03 3.867253e-01 -1.387645e-01 -2.129894e-02 4.404832e-01 -4.605546e-01 -2.307707e-01 2.026725e-01 6.889048e-01 3.306072e-01 -6.130463e-01 2.382787e-01 1.007292e-01 -7.909206e-04 
8.652401e+00 -6.229523e+00 -1.620549e-01 -1.216352e+01 -5.346357e+00 7.953629e+00 -9.674388e-01 -7.620873e+00 -1.840135e+00 5.650051e+00 -4.314379e+00 -4.070634e+00 9.639156e-01 8.077173e-01 -2.229583e-01 4.674379e-01 1.745865e+00 -2.649281e-01 7.251593e-01 6.602037e-01 1.004168e-01 2.027185e+00 -7.046756e-01 1.604408e+00 3.864512e-01 -4.574270e-03 3.396441e-01 -4.845681e-02 2.241464e-01 3.265426e-01 -1.251003e-01 -6.670193e-01 4.095329e-01 6.451190e-01 1.095226e-01 -3.755995e-01 3.490548e-02 2.254279e-01 -7.080722e-03 
8.615351e+00 -7.919285e+00 -7.504091e-01 -1.165151e+01 -7.616558e+00 7.384747e+00 -4.252940e+00 -7.425269e+00 -3.574050e+00 3.367873e+00 -4.728165e+00 -6.292615e+00 9.617020e-01 9.876421e-01 -6.108274e-01 5.905735e-01 1.096276e+00 -1.019332e+00 -4.157541e-01 2.504210e-01 8.721998e-01 7.735610e-01 -1.137476e+00 8.471212e-01 5.223577e-02 -1.519698e-02 -2.156671e-02 3.324932e-01 3.722548e-01 4.592440e-01 3.990671e-01 -1.102627e+00 1.700221e-01 2.626645e-01 -2.868381e-01 -2.722540e-01 -5.167535e-02 1.650340e-01 -1.715010e-02 
1.049668e+01 -8.570077e+00 1.020379e+00 -1.027863e+01 -7.887269e+00 5.414536e+00 2.656979e-01 -8.232265e+00 3.818168e-01 2.059374e+00 -3.541056e+00 -3.846660e+00 9.441517e-01 1.101917e+00 -1.583897e-01 1.042291e+00 2.004591e+00 -6.185432e-01 -1.418320e+00 6.005343e-01 1.065302e+00 6.056290e-01 -1.325877e+00 9.694493e-01 3.846567e-01 -3.631093e-02 -5.510704e-01 7.429701e-01 2.616306e-01 3.917677e-01 9.736218e-01 -1.064809e+00 -7.094268e-01 -2.015819e-01 -6.148257e-01 -9.257773e-02 1.549314e-01 4.164957e-02 -2.485754e-02 
1.182774e+01 -8.818511e+00 2.125304e+00 -9.971243e+00 -9.811643e+00 4.184925e+00 -5.211849e-01 -2.896573e+00 -2.815253e+00 1.565784e+00 -2.984399e+00 -4.320306e+00 8.972806e-01 -8.653788e-03 1.428714e+00 1.696703e+00 3.464530e+00 1.640086e+00 -3.021399e+00 1.434639e-01 5.895768e-01 1.235621e-02 -1.395007e+00 1.343637e+00 5.204451e-01 -7.283077e-02 -8.218190e-01 8.596622e-01 5.793597e-02 2.154162e-01 1.390143e+00 -7.353474e-01 -1.079000e+00 -7.621571e-01 -2.783946e-01 -5.725466e-02 3.514679e-02 2.421933e-01 -2.355853e-02 
1.255594e+01 -6.571796e+00 3.611163e+00 -2.981176e+00 -7.341492e+00 2.461943e+00 1.691695e-01 -4.558681e+00 8.087295e-01 -7.807519e-02 -3.392655e-01 -3.133494e+00 8.145711e-01 -1.449640e+00 2.472068e+00 1.222428e+00 2.520617e+00 3.273451e+00 -3.296130e+00 -2.833553e+00 -7.662853e-01 -6.663640e-01 -1.038826e+00 2.130956e+00 3.606438e-01 -1.000427e-01 -6.796185e-01 3.478265e-01 -2.245365e-01 -4.010010e-01 1.016659e+00 -1.928249e-01 -9.903906e-01 -7.916395e-01 -1.389793e-01 -2.057378e-01 -4.883439e-01 2.356218e-01 -7.593207e-03 
7.542725e+00 -1.774572e+00 6.437554e+00 2.021684e+00 3.110032e-01 -6.246264e+00 -3.487283e+00 -6.313884e+00 -3.725905e+00 -2.539004e+00 3.889043e-01 -4.047158e+00 6.623280e-01 -1.845561e+00 2.372239e+00 7.900774e-01 1.915169e+00 3.985386e+00 -3.153554e+00 -3.427613e+00 -2.022959e+00 1.768927e-02 -1.567129e+00 4.420466e-01 1.275186e+00 -1.011263e-01 1.821965e-01 -6.019756e-01 -5.536356e-01 -7.483884e-01 -3.487010e-01 5.080188e-01 -1.438166e-01 -3.797026e-01 2.611665e-01 -2.169130e-01 -1.005947e+00 1.717338e-01 1.962662e-02 
5.391068e+00 2.686022e-01 4.976357e+00 -3.672244e+00 3.418741e+00 -5.850552e+00 -1.241944e+01 -1.035514e+01 -2.494830e+00 -1.081996e+00 5.426788e+00 -2.180173e+00 5.614182e-01 -1.377497e+00 1.108985e+00 3.729129e-01 7.740440e-01 3.292147e+00 -2.316521e+00 -2.565765e+00 -1.586532e+00 -9.193465e-02 -2.268422e+00 -1.021374e+00 1.185372e+00 -6.013156e-02 1.027106e+00 -1.289005e+00 -6.117514e-01 -4.427750e-01 -1.535734e+00 8.701064e-01 1.049471e+00 5.487317e-01 5.311653e-01 -1.959718e-01 -1.280843e+00 1.527885e-01 4.161601e-02 
6.181930e+00 -3.778011e-01 5.392961e+00 -4.975767e-02 4.735283e+00 -7.426140e+00 -1.136470e+01 -1.011299e+01 -1.075130e+00 -5.767859e+00 -3.657307e+00 1.579175e+00 5.182364e-01 8.661532e-01 -8.995082e-01 -6.466148e-01 5.959123e-01 -1.127598e-01 -9.711074e-01 -7.095586e-01 -8.988707e-01 1.030970e+00 -1.864924e+00 -2.109996e+00 9.666924e-01 5.341170e-03 1.235781e+00 -1.403521e+00 -7.039381e-01 -5.377046e-01 -2.013190e+00 9.556768e-01 1.245867e+00 1.199214e+00 3.953409e-01 -3.198920e-02 -4.962588e-01 5.233688e-03 4.703387e-02 
6.348427e+00 -1.725290e+00 5.998050e+00 1.925102e+00 6.907144e+00 -8.530503e+00 -8.721039e+00 -1.059206e+01 -9.762813e-01 -9.805142e+00 -3.423120e+00 -1.942031e-02 5.859605e-01 2.329936e+00 -2.337142e+00 -1.117809e+00 9.664147e-01 -2.356284e+00 -3.680894e-02 1.054707e+00 1.415348e+00 1.482739e+00 -1.869699e+00 -2.997302e+00 1.278860e+00 5.480049e-02 7.948259e-01 -9.798175e-01 -6.836113e-01 -7.206849e-01 -1.473629e+00 6.082675e-01 8.947074e-01 1.342189e+00 -6.255078e-02 -3.534173e-02 3.998094e-01 -3.797811e-02 3.279463e-02 
1.139503e+01 -5.275276e+00 2.694282e+00 2.202499e+00 -1.996938e+00 -9.761930e+00 -8.883772e+00 -1.068986e+01 6.697680e-01 -7.501903e+00 -5.736348e+00 -2.941542e-01 6.767864e-01 2.479417e+00 -2.922289e+00 -1.984270e+00 -8.694378e-01 -3.256294e+00 4.850147e-01 9.914809e-01 2.472140e+00 1.206842e+00 -1.926458e+00 -1.051284e+00 1.254677e+00 7.657637e-02 -1.719330e-01 -1.933290e-01 -2.590951e-01 -8.302480e-01 6.318663e-02 2.602173e-01 5.353289e-01 1.115554e+00 -8.973927e-01 -8.115968e-02 1.374109e+00 -2.549347e-01 1.074948e-02 
1.443406e+01 -8.968045e+00 7.367707e-01 3.359392e-02 -4.996900e+00 -4.867080e+00 -8.386475e+00 -2.989668e+00 4.046390e+00 -9.563747e+00 -8.519972e+00 5.150715e+00 7.561580e-01 1.790017e+00 -2.778682e+00 -2.376346e+00 -2.096852e+00 -2.504243e+00 -3.279318e-03 1.057209e+00 3.438909e+00 -4.926249e-01 -2.414172e+00 4.483950e-01 8.514132e-01 6.822510e-02 -8.371937e-01 4.234570e-01 1.788301e-01 -6.064317e-01 1.051919e+00 -1.128951e-01 2.884526e-01 1.564693e-01 -1.506540e+00 2.128914e-01 1.881915e+00 -8.808326e-01 -6.099646e-03 
1.453652e+01 -1.136801e+01 -1.897612e+00 -3.451737e+00 -5.594569e+00 -6.832934e+00 -6.574168e+00 -1.553497e+00 2.448093e+00 -1.552139e+01 -6.365115e+00 5.267461e+00 8.160293e-01 2.764556e-01 -1.645389e+00 -1.312912e+00 -2.023805e+00 2.771330e-01 3.129866e-01 1.965818e+00 3.667292e+00 -2.468226e+00 -1.998519e+00 3.037795e+00 -9.423453e-02 5.237944e-02 -9.344183e-01 7.610662e-01 5.974343e-01 1.548188e-01 1.204999e+00 -4.963075e-02 1.419976e-01 -5.307345e-01 -1.348976e+00 6.553286e-01 1.357314e+00 -1.013097e+00 -1.410010e-02 
1.372782e+01 -1.257238e+01 -3.587809e+00 -5.731779e+00 -3.814987e+00 -1.001170e+01 -4.590031e+00 2.034837e+00 -4.328549e+00 -1.786675e+01 -8.669443e-01 1.456719e+00 8.574543e-01 -7.544689e-01 -8.582942e-01 -5.593525e-01 -1.488698e+00 1.136408e+00 -5.154368e-01 2.009813e+00 1.600164e+00 -4.212372e+00 -7.693568e-01 4.367778e+00 -2.450834e+00 3.640683e-02 -6.334943e-01 8.181862e-01 7.262520e-01 6.341571e-01 7.401674e-01 2.270147e-01 -1.145346e-01 -9.523042e-01 -4.263020e-01 9.554532e-01 4.695471e-01 -6.041552e-01 -1.483205e-02 
1.313044e+01 -1.170015e+01 -1.707806e+00 -5.033654e+00 -1.202223e+00 -5.624379e+00 -9.527827e-01 5.134162e+00 -7.484074e+00 -1.334344e+01 5.626605e+00 1.081736e+00 8.880224e-01 -9.203980e-01 -7.715245e-02 9.439972e-02 -3.995461e-01 9.483330e-01 4.928685e-01 1.225153e+00 7.378566e-01 -3.678118e+00 5.277420e-01 3.775549e+00 -2.159602e+00 2.198932e-02 -2.109121e-01 6.096324e-01 3.730471e-01 6.003877e-01 -4.286125e-02 9.516584e-02 -4.805150e-01 -1.088974e+00 4.428479e-01 6.300631e-01 -6.983290e-01 -9.798738e-02 -1.345594e-02 
1.136438e+01 -1.309355e+01 -2.155237e+00 -6.619098e+00 -1.511037e+00 -8.048025e+00 -1.148366e+00 1.667688e+00 -1.204927e+01 -1.449965e+01 7.323197e+00 -5.010630e+00 9.021821e-01 -7.791418e-01 5.281432e-01 5.512890e-01 2.618620e-01 8.610436e-01 1.041878e+00 8.547550e-01 1.422264e-01 -2.019182e+00 1.099889e+00 2.427254e+00 -1.136618e+00 9.262915e-03 1.127869e-01 4.886581e-01 1.270227e-01 4.653100e-01 -1.933843e-01 1.053574e-01 -3.914114e-01 -5.738781e-01 1.058352e+00 2.147378e-01 -1.169697e+00 4.669716e-01 -1.083894e-02 
1.111555e+01 -1.149324e+01 -2.142025e+00 -5.005429e+00 -2.004922e+00 -5.350285e+00 -2.169242e+00 2.319351e+00 -1.208222e+01 -1.456607e+01 8.417305e+00 -2.296920e+00 9.036051e-01 -7.658675e-01 7.094846e-01 -2.986360e-03 1.028108e-01 2.006155e-01 1.016274e-02 1.408295e-01 -1.048657e+00 -1.350654e+00 2.170330e-01 5.162737e-01 -1.241300e+00 -1.328063e-03 2.537114e-01 2.134873e-01 -3.565264e-02 1.736421e-01 -2.611889e-01 -2.802541e-01 -1.663620e-01 -3.252914e-01 9.024380e-01 -2.521389e-01 -1.026651e+00 1.019473e-01 -7.743868e-03 
1.083928e+01 -1.003503e+01 -6.143302e-01 -4.436962e+00 8.919803e-01 -4.940051e+00 2.924832e-01 4.153528e+00 -1.212520e+01 -1.175574e+01 9.873981e+00 -2.537074e+00 8.959807e-01 -2.677917e-01 1.191596e+00 1.244408e-01 5.866569e-01 5.434586e-01 2.528749e-01 5.948703e-01 -3.758110e-01 -8.434986e-02 4.596964e-01 1.489231e-01 -5.751767e-01 -6.129367e-03 3.662469e-01 6.813163e-02 -7.386825e-02 9.159493e-02 -3.924837e-01 -3.744135e-01 -1.715716e-01 -2.264389e-02 5.840102e-01 -6.344733e-01 -6.235239e-01 -2.316298e-01 -4.730647e-03 
9.563561e+00 -9.681957e+00 -2.493453e+00 -5.610940e+00 -1.400357e+00 -7.127722e+00 -9.689550e-01 -1.352140e+00 -1.419959e+01 -1.363019e+01 6.932661e+00 -6.361458e+00 8.844913e-01 9.234652e-02 6.586540e-01 1.295027e-01 3.064305e-01 -1.989349e-01 -5.139264e-01 5.233460e-01 -6.298077e-01 -1.334140e-01 -4.127415e-01 -2.185496e-01 -1.930582e+00 -9.035538e-03 4.995159e-01 2.003297e-01 3.831648e-01 2.421190e-01 -3.481684e-01 7.548786e-02 -3.497339e-01 4.811849e-01 5.427145e-01 -5.230138e-01 -3.035995e-01 6.101153e-02 -2.422093e-03 
1.080131e+01 -8.041140e+00 -1.357260e+00 -3.382939e+00 9.043183e-01 -5.895206e+00 1.226433e+00 1.623755e+00 -1.141272e+01 -1.266947e+01 8.810200e+00 -5.854184e+00 8.811007e-01 6.228867e-01 8.943062e-01 1.156376e-01 6.179830e-01 -9.017076e-01 -5.682988e-01 -1.942677e-01 -1.805739e-01 2.921638e-01 -1.757700e+00 -3.228092e-01 -1.950152e+00 -1.053623e-02 3.982085e-01 3.433370e-01 8.171283e-01 5.238488e-02 -4.387698e-01 1.659937e-01 -1.096426e+00 3.399026e-01 3.245900e-01 -3.188494e-01 -6.481372e-01 2.810776e-01 -1.009201e-03 
1.159629e+01 -9.197240e+00 -1.122975e+00 -4.000359e+00 -3.005756e+00 -7.442476e+00 -1.984404e-02 4.354891e-01 -1.310605e+01 -1.617321e+01 7.856267e+00 -1.029148e+01 8.658693e-01 1.286314e+00 1.859812e+00 1.917115e+00 1.297760e+00 -8.177612e-01 7.984110e-01 -1.213258e+00 1.259535e+00 1.174607e+00 -1.289303e+00 -7.657298e-01 -2.486522e-01 -1.123444e-02 1.961039e-01 5.512346e-01 1.059374e+00 9.177644e-04 -7.838809e-02 2.800235e-01 -1.277552e+00 2.244249e-01 3.553070e-01 3.475272e-01 -8.453330e-01 8.444658e-01 7.702599e-04 
1.293742e+01 -5.806238e+00 -7.213438e-01 -2.151629e+00 -2.814153e+00 -7.623996e+00 -1.153926e+00 2.356485e+00 -1.121120e+01 -1.927245e+01 7.797973e+00 -1.032321e+01 8.526056e-01 1.126301e+00 2.307670e+00 3.316173e+00 3.528501e-01 -1.341003e+00 4.267155e-01 -4.019038e+00 3.788965e-01 8.844886e-01 -6.964276e-01 -2.818205e+00 -1.083020e-02 -1.007378e-02 -1.384403e-01 3.126704e-01 7.239054e-01 -2.564803e-01 3.143779e-01 -6.321945e-02 -8.108810e-01 -2.631740e-01 2.015279e-01 8.016739e-01 -9.051771e-01 8.625455e-01 1.676599e-03 
1.492715e+01 -1.500484e+00 6.774448e+00 2.624801e-01 -3.629916e+00 -2.271354e+00 -5.845404e+00 4.578731e+00 -8.427197e+00 -1.677480e+01 3.610239e+00 -5.370386e+00 8.425568e-01 8.209916e-01 2.708178e+00 3.826102e+00 4.436958e-01 -3.711613e-01 3.888058e-01 -3.951992e+00 2.126625e-01 1.346924e+00 7.941726e-01 -3.197520e+00 1.322015e+00 -5.417558e-03 -4.389815e-01 -1.704326e-01 -2.142969e-01 -3.677318e-01 5.104946e-01 -6.104211e-01 2.092744e-01 -8.154590e-01 3.212353e-02 7.334571e-01 -6.373749e-01 3.315341e-01 1.294608e-03 
1.476752e+01 -3.511348e-01 1.127518e+01 -3.749863e+00 -5.488607e+00 -6.346826e+00 -1.595561e+01 1.446457e+00 -9.329731e+00 -1.585027e+01 -3.157596e+00 -8.368981e+00 8.423811e-01 1.631910e-01 2.033368e+00 2.780715e+00 -2.372199e-01 4.468831e-01 -6.796111e-01 -2.879260e+00 -9.730734e-01 1.213716e+00 1.208958e+00 -3.632871e+00 1.577185e+00 -5.063922e-03 -4.558873e-01 -4.302356e-01 -7.932298e-01 -2.228308e-02 5.483118e-01 -3.101877e-01 1.333174e+00 -6.879547e-01 -2.669003e-02 6.775330e-01 -2.165680e-02 6.697399e-02 -8.988746e-04 
1.478627e+01 1.616429e+00 1.200930e+01 -9.829427e-01 -3.523954e+00 -6.137352e+00 -1.237901e+01 1.953771e+00 -7.312162e+00 -1.391317e+01 -2.653504e+00 -4.658489e+00 8.439095e-01 -4.270836e-01 1.144796e+00 1.113377e+00 -2.457634e-01 8.407380e-01 -1.700603e+00 -7.366930e-01 -2.141985e+00 1.170696e+00 1.425358e+00 -3.545215e+00 6.150441e-01 -7.267353e-03 -3.777377e-01 -5.381559e-01 -8.077663e-01 1.261148e-01 1.982632e-01 -2.755604e-04 1.328144e+00 -6.115922e-01 -4.578439e-01 4.079700e-01 4.520764e-01 -5.465502e-01 -3.296402e-03 
1.382388e+01 2.802233e+00 1.056440e+01 -2.715245e+00 -6.328578e-01 -9.088857e+00 -1.228349e+01 -1.195762e+00 -5.700018e+00 -1.465841e+01 -7.234471e+00 -2.793090e+00 8.266051e-01 -5.292382e-01 9.380847e-01 7.064465e-01 5.860873e-01 7.946789e-01 -7.924959e-02 1.039164e+00 -1.883468e+00 8.392168e-01 2.375717e+00 -2.752524e+00 6.775118e-01 -1.364189e-02 -1.991737e-01 -4.636995e-01 -3.337587e-01 4.431097e-01 9.365343e-02 3.684141e-01 7.388210e-01 -3.763749e-01 -8.458581e-01 1.823785e-01 1.097765e+00 -4.614089e-01 -3.699746e-03 
1.326401e+01 2.646961e+00 1.269674e+01 -1.483493e+00 -1.853962e+00 -9.403611e+00 -1.136521e+01 -4.809723e+00 -4.388240e+00 -1.024419e+01 -1.207759e+01 -5.083279e+00 8.141144e-01 -7.214274e-01 5.650526e-01 8.244102e-01 6.628363e-01 4.462641e-01 8.734129e-02 7.293570e-01 -2.390206e+00 -7.551298e-01 2.250587e+00 -1.377248e+00 -9.608362e-01 -1.760897e-02 -8.568131e-02 -3.947341e-01 -1.093716e-01 3.825749e-01 2.737910e-01 2.460517e-01 -1.927697e-01 -4.166578e-01 -1.292832e+00 -4.005249e-01 1.282654e+00 -3.986943e-02 -3.036600e-03 
1.288253e+01 3.824327e+00 1.446357e+01 -5.697128e-01 -2.350024e+00 -5.109953e+00 -1.126716e+01 -4.589539e+00 -6.595388e+00 -5.806741e+00 -1.220833e+01 -4.769207e+00 7.890626e-01 -6.856444e-01 4.817530e-03 1.256320e+00 1.524162e+00 1.112264e+00 2.684315e-01 8.195036e-02 -2.730835e+00 -2.052603e+00 1.708284e+00 7.719175e-01 5.804673e-02 -1.839332e-02 -4.261927e-02 -4.024008e-01 -1.979623e-01 2.201689e-01 4.764059e-01 -9.270437e-02 -5.036442e-01 -4.529125e-01 -1.056704e+00 -8.445654e-01 9.286088e-01 1.693616e-01 -2.477850e-03 
1.165027e+01 3.930316e+00 1.418172e+01 1.257848e+00 -4.339974e-01 -7.690432e+00 -9.240067e+00 -8.300778e+00 -1.064008e+01 -7.086618e+00 -7.052850e+00 -8.474625e+00 7.746218e-01 -7.772661e-01 -3.621698e-01 2.915928e-01 1.198086e+00 2.051028e+00 -6.444201e-01 -1.221952e+00 -3.801689e+00 -3.847472e+00 -2.436585e-01 1.105939e+00 7.253668e-01 -2.007536e-02 4.867227e-02 -2.437494e-01 -2.845417e-01 -3.147074e-03 2.867341e-01 1.778518e-01 -2.895531e-01 1.452601e-01 -5.609681e-02 -6.003649e-01 2.372170e-01 2.979071e-01 -5.071118e-03 
1.120246e+01 2.184521e+00 1.610356e+01 3.535243e+00 4.218537e+00 -8.603111e+00 -1.293645e+01 -1.310405e+01 -1.283767e+01 -7.695775e+00 -5.887306e+00 -8.071387e-01 7.543836e-01 -7.142131e-01 -6.102778e-01 -1.707158e-02 1.419219e+00 2.374432e+00 -1.769688e-01 -5.034159e-01 -3.442352e+00 -2.897951e+00 -6.000568e-01 6.488568e-01 6.811010e-01 -2.479959e-02 -6.638537e-03 3.553107e-02 -4.079043e-01 -2.672991e-01 -3.754926e-01 4.252687e-01 -1.762819e-03 7.556343e-01 9.352902e-01 -7.460038e-02 -1.191447e-01 -1.965603e-01 -1.001327e-02 
1.021720e+01 1.655922e+00 1.333442e+01 2.454759e+00 5.116674e+00 -1.087936e+01 -1.664040e+01 -1.956054e+01 -2.050491e+01 -1.051745e+01 -9.708428e+00 -3.437731e+00 7.310886e-01 -4.637323e-01 -3.462338e-01 3.838897e-02 6.995732e-01 1.249079e+00 1.199105e+00 -4.255690e-01 -1.308178e+00 -6.129149e-01 4.030460e-01 -1.296725e-01 2.172499e-01 -3.976116e-02 -1.133048e-01 1.639994e-01 -3.773075e-01 -3.086354e-01 -1.003577e+00 4.511642e-01 1.664741e-01 1.335300e+00 1.673565e+00 3.538922e-01 -7.323186e-03 -1.557207e-01 -1.591278e-02 
1.002738e+01 1.910433e+00 1.480178e+01 5.928624e+00 6.746386e+00 -4.400213e+00 -1.008406e+01 -1.617147e+01 -1.615317e+01 -7.091478e+00 -7.636464e+00 -3.881874e+00 6.868352e-01 -8.756693e-01 1.745274e-01 -6.566285e-01 4.368611e-01 -3.643514e-01 1.472930e+00 -3.251980e-01 -1.994071e-01 1.006556e+00 1.011875e+00 7.938926e-01 -6.706302e-01 -5.861274e-02 -3.063504e-01 2.163537e-01 -6.203148e-01 -3.895569e-01 -1.061315e+00 -4.822060e-02 -5.444352e-02 1.007899e+00 1.364406e+00 8.408617e-02 1.261194e-01 1.536540e-01 -2.166044e-02 
9.918969e+00 2.336080e+00 1.502462e+01 3.559499e+00 4.547310e+00 -3.796117e+00 -1.279393e+01 -1.330802e+01 -1.204688e+01 -5.373635e+00 -6.826750e+00 -5.851011e+00 6.095893e-01 -1.263222e+00 6.544784e-02 -1.275278e+00 1.460978e-01 -1.597423e+00 7.866303e-01 -4.786524e-01 1.253509e+00 2.568075e+00 7.199410e-01 9.966740e-01 6.225641e-01 -8.273260e-02 -4.479129e-01 4.575328e-02 -7.849406e-01 -1.202144e-01 -6.368573e-01 -5.240175e-01 2.602035e-01 5.442364e-01 7.566173e-01 -2.542281e-01 1.139093e-01 5.899394e-01 -2.601893e-02 
6.973707e+00 2.717171e+00 1.197495e+01 5.166994e+00 2.681361e+00 -4.780677e+00 -1.648525e+01 -1.722742e+01 -1.203399e+01 -5.208385e+00 -3.358761e+00 -2.953933e+00 5.220662e-01 -1.846427e+00 2.656561e-01 -2.461847e+00 -2.516015e-01 -1.509019e+00 -2.117067e-01 -7.490748e-01 3.162449e-01 2.333421e+00 -3.379673e-01 7.162472e-01 1.246729e+00 -1.116130e-01 -3.542609e-01 -9.445675e-02 -7.165852e-01 -8.525681e-02 1.924414e-02 -3.644784e-01 8.465178e-01 7.659678e-01 4.286298e-01 -1.478216e-01 1.822473e-01 6.566163e-01 -2.853034e-02 
5.428118e+00 1.579974e+00 8.371284e+00 3.566555e+00 -8.378872e-01 -6.756333e+00 -1.583331e+01 -1.276515e+01 -9.724172e+00 -7.859405e+00 -6.863815e+00 -7.890558e-01 3.998114e-01 -2.217819e+00 -1.629691e-01 -2.983771e+00 4.428415e-01 -1.362794e+00 -5.788712e-01 1.087242e+00 1.155199e+00 2.506685e+00 -1.931940e-01 4.786718e-01 2.208186e+00 -1.433542e-01 -1.673397e-01 4.896498e-02 -2.591560e-01 -2.059461e-02 5.014398e-01 2.247713e-01 1.339192e+00 8.171096e-01 2.819356e-01 4.067067e-01 3.878406e-01 8.893251e-02 -1.913123e-02 
3.040896e+00 3.617072e+00 5.819253e+00 4.666884e+00 1.893903e+00 -3.978362e+00 -1.230977e+01 -1.486135e+01 -5.647490e+00 -7.538085e+00 -4.036050e+00 -1.793116e-01 2.336721e-01 -2.169772e+00 -1.834844e-01 -3.385309e+00 -1.376883e-01 -3.852761e-01 3.332252e-01 3.124432e+00 3.679596e+00 3.180428e+00 7.293828e-01 1.964189e+00 1.819536e+00 -1.709515e-01 1.822603e-01 9.959254e-02 4.929051e-01 6.276585e-02 6.270354e-01 5.093008e-01 1.071792e+00 6.497310e-01 -3.503651e-02 5.967321e-01 2.757778e-01 -3.609446e-01 2.622086e-03 
7.959278e-01 1.071290e+00 3.183990e+00 6.023442e+00 -1.872832e+00 -7.091055e+00 -9.445253e+00 -8.715521e+00 -2.706854e+00 -5.174363e+00 -4.094344e+00 3.802743e+00 3.701738e-02 -1.938192e+00 5.349206e-01 -2.109387e+00 -1.366539e-02 3.479551e-01 1.637860e+00 4.280544e+00 3.657248e+00 3.554216e+00 2.219874e+00 2.312006e+00 7.808272e-01 -1.487177e-01 5.151458e-01 8.474272e-02 9.003859e-01 6.126499e-02 6.534009e-01 5.401958e-01 4.144731e-01 -4.668072e-01 -6.219105e-01 3.877090e-01 -1.695778e-01 -7.027923e-01 2.865086e-02 
-1.559276e+00 2.054228e+00 -2.357814e+00 3.249466e+00 1.272645e+00 -2.946606e+00 -4.057356e+00 -8.542401e-01 3.593729e-01 -2.904066e+00 5.077361e+00 3.848109e+00 -1.512926e-01 -1.075073e+00 4.146674e-01 -4.344562e-01 2.904827e-01 7.707826e-01 1.226593e+00 3.013392e+00 2.313941e+00 1.634435e+00 1.439249e+00 1.178579e+00 1.557221e-01 -9.582171e-02 6.479684e-01 -1.551684e-01 9.566122e-01 3.218524e-01 2.158402e-01 6.914219e-02 -3.353624e-01 -1.218464e+00 -1.204854e+00 -8.932237e-02 -9.635250e-01 -6.191255e-01 4.529594e-02 
-1.962712e+00 5.036122e+00 1.913039e+00 4.206907e+00 1.212770e+00 9.168509e-01 1.443242e+00 -1.482368e+00 5.043474e+00 9.226052e-01 1.392172e-01 1.101088e+00 -1.512926e-01 -1.895886e-01 -3.831974e-02 4.268056e-02 5.351111e-01 1.326216e+00 1.675467e+00 3.215056e+00 -4.960922e-01 1.702147e-01 1.390630e+00 2.366497e-02 -4.739122e-01 -3.766201e-02 4.976659e-01 -4.235014e-01 3.368428e-01 1.707029e-01 -1.576976e-01 -3.249302e-01 -8.888017e-01 -6.439937e-01 -1.232077e+00 -4.318638e-01 -8.106331e-01 -3.918468e-01 3.932525e-02 
-9.545801e-01 3.707873e+00 4.282750e+00 7.027189e+00 4.205110e+00 -1.849140e+00 -2.686755e+00 -6.908541e+00 -1.350188e+00 -3.390095e+00 -2.597430e-01 1.950034e+00 -1.512926e-01 1.956554e-01 -6.726483e-01 3.217439e-01 1.197089e+00 2.047014e-01 6.602145e-01 1.980307e+00 -3.358847e-01 -1.151909e+00 6.973677e-01 -1.709195e+00 -6.486682e-01 3.431350e-07 1.159129e-01 -1.831759e-01 -1.215006e-01 -2.343426e-01 -4.005798e-01 -3.502487e-01 -1.008939e+00 1.968106e-01 -5.370869e-01 -3.026698e-01 -3.750745e-01 3.462925e-02 2.293048e-02 
-4.546310e-01 5.290940e-02 7.751452e-02 6.810652e+00 3.291731e+00 7.375098e-01 5.945202e+00 -8.168982e+00 -1.001113e+00 2.021571e+00 -1.307351e+00 2.382439e+00 -1.512926e-01 -8.512545e-02 -1.038811e+00 -8.032028e-01 3.864545e-01 -1.573331e-01 2.965238e-01 3.531630e-01 1.762255e+00 -1.212943e+00 4.314798e-01 -2.972937e-01 -7.762529e-01 3.431350e-07 -1.638310e-01 3.065577e-01 -5.884409e-02 -6.111844e-01 -2.624139e-01 -4.450491e-01 -1.385653e+00 5.020269e-01 -6.696665e-02 -4.211745e-01 3.921841e-01 4.561366e-01 7.532212e-03 
-1.335603e+00 1.182681e+00 1.686742e-01 7.933032e+00 1.256316e+00 4.438116e-01 3.593145e+00 8.094374e-01 -2.377357e+00 3.317153e-02 -2.745157e+00 -3.591703e-02 -1.512926e-01 -5.478511e-01 -9.524242e-04 -6.189946e-01 -8.070704e-01 -4.902711e-01 1.651240e-01 -6.002305e-01 2.168800e+00 -3.594170e-01 4.055421e-01 -5.364562e-01 4.801102e-01 3.431350e-07 -2.065740e-01 5.832826e-01 6.631658e-02 -6.272562e-01 9.141636e-02 -2.742930e-01 -7.508348e-01 -1.954970e-02 3.372068e-01 -4.398321e-01 7.809291e-01 6.772926e-01 3.463925e-07 
-2.197820e+00 1.104707e+00 -4.623364e-02 5.686508e+00 1.900072e+00 1.253025e+00 6.910352e-02 3.469961e+00 -5.078234e-01 1.368132e+00 -1.044046e-01 -1.787107e+00 -1.512926e-01 -6.370200e-01 1.158717e+00 2.188558e-01 -1.518600e+00 3.616985e-01 -3.023273e-01 -2.422848e+00 7.615864e-01 -5.608880e-01 -5.693440e-01 1.398208e+00 1.242456e+00 3.431350e-07 -8.242774e-02 5.133848e-01 3.175522e-01 -1.392254e-01 1.555990e-01 -2.400649e-01 -1.640383e-02 -5.838029e-01 6.027412e-01 -1.185720e-01 4.290558e-01 3.736880e-01 3.463925e-07 
-2.821728e+00 3.176911e+00 1.248938e+00 3.554206e+00 2.449115e+00 -1.281711e+00 -2.750433e+00 -1.883513e+00 -3.394021e+00 -1.036093e+00 -3.543415e+00 6.435239e+00 -1.512926e-01 -5.614141e-01 1.144979e+00 1.422675e-01 -9.866260e-01 4.021860e-01 -4.118272e-01 -3.857894e-01 6.651714e-02 2.081386e-01 -1.001493e+00 1.347787e+00 1.728355e+00 3.431350e-07 7.731650e-02 4.406109e-02 1.984560e-01 3.637515e-01 1.277954e-01 -9.116603e-02 4.002812e-01 -3.701281e-01 8.330944e-01 4.542738e-01 2.127968e-01 -4.263714e-01 3.463925e-07 
-2.896743e+00 4.849121e+00 6.315188e-01 1.407352e+00 4.504127e+00 8.912288e-02 -2.997061e+00 -3.014249e+00 -3.297559e+00 -2.903080e-01 6.082849e+00 5.359145e+00 -1.512926e-01 -4.904253e-01 9.551197e-01 4.038344e-01 -2.198482e-01 1.743668e-01 -6.152705e-01 1.640123e-01 -1.054924e-01 1.516870e+00 5.421759e-01 9.059656e-01 4.681465e-01 3.431350e-07 1.542540e-01 -3.232132e-01 3.172750e-02 4.232858e-01 -1.980715e-01 -1.162084e-02 5.836981e-01 2.610431e-02 8.368309e-01 9.385447e-01 -4.511827e-01 -8.179703e-01 3.463925e-07 
-3.792809e+00 5.035447e+00 5.416802e-01 5.139651e+00 1.965391e+00 -1.033030e+00 3.196924e+00 4.384173e+00 5.805079e-02 -4.145061e+00 9.000722e-01 5.032701e+00 -1.512926e-01 -2.344616e-01 3.210659e-01 2.806987e-01 3.622480e-01 2.422173e-01 -1.342261e-01 1.077676e-01 7.517931e-01 2.767294e+00 2.121007e+00 7.737487e-01 -1.264544e+00 3.431350e-07 1.647165e-01 -4.090660e-01 -5.082918e-02 6.545490e-02 -8.776250e-02 3.022012e-01 1.524169e-01 -4.465356e-02 3.146906e-01 8.639144e-01 -6.136303e-01 -9.406174e-01 3.463925e-07 
-4.164226e+00 4.951060e+00 2.326560e+00 3.794559e+00 3.013762e+00 -1.947524e+00 -2.084843e+00 -1.915933e-01 5.350527e+00 5.633309e+00 2.203432e+00 1.254634e+00 -1.512926e-01 -2.914242e-02 -4.537191e-02 3.083190e-01 -7.660239e-02 -5.487117e-01 -4.989740e-01 2.489721e-01 5.495250e-01 2.343850e+00 2.562164e+00 -5.706397e-01 -1.350939e+00 3.431350e-07 5.262760e-02 -4.409758e-01 -1.157104e-01 -1.029545e-01 4.736733e-02 5.509642e-01 3.275253e-01 1.362110e-01 -4.178099e-01 -2.007819e-01 -6.997768e-01 -4.136130e-01 3.463925e-07 
-3.360099e+00 4.730979e+00 1.805145e+00 4.171626e+00 4.405422e+00 -9.342830e-01 -2.667550e+00 4.637314e-01 6.118396e+00 6.607528e+00 2.265096e+00 2.165126e+00 -1.512926e-01 3.160205e-02 -4.001783e-01 -6.405899e-02 -7.308910e-01 3.248017e-01 1.041123e+00 3.336684e-01 -4.842901e-01 1.368137e+00 2.308214e+00 -9.821846e-01 -2.065174e+00 3.431350e-07 -6.903066e-02 -2.968634e-01 -1.179960e-01 6.608539e-03 2.288898e-01 4.160387e-01 4.951784e-01 2.483611e-01 -9.323315e-01 -1.152658e+00 -5.036910e-01 3.457991e-01 3.463925e-07 
-3.259012e+00 4.774522e+00 1.540914e+00 1.508344e+00 5.407087e-01 -2.455415e+00 1.180443e+00 1.693838e+00 5.391594e+00 7.144320e+00 2.547131e+00 3.831821e-02 -1.512926e-01 -3.604234e-01 -8.890674e-01 -2.326116e-03 -1.880949e-01 3.699941e-01 1.551770e+00 1.688678e+00 1.193493e+00 1.273132e-01 -5.552357e-01 -1.714932e+00 -1.199684e+00 3.431350e-07 -7.968453e-02 -1.409402e-01 -1.968347e-01 4.163443e-01 4.930774e-01 2.640631e-01 3.824515e-01 3.275842e-01 -9.182104e-01 -1.254012e+00 8.717251e-02 7.945863e-01 3.463925e-07 
-4.087381e+00 3.122903e+00 6.143438e-01 2.628078e+00 4.826005e+00 4.426345e+00 3.233312e+00 1.020208e+00 6.878148e+00 6.641010e+00 -4.182627e+00 -4.684820e+00 -1.512926e-01 -4.140979e-01 -7.414298e-01 -1.539623e-01 4.512426e-01 9.272845e-01 9.205977e-01 1.863866e+00 1.671605e+00 -7.861800e-01 -2.083494e+00 -1.172513e+00 3.887585e-01 3.431350e-07 5.084132e-02 2.140053e-01 -1.295765e-01 5.240938e-01 8.193543e-02 -5.351064e-01 9.914064e-03 1.003651e-01 -8.364926e-01 -8.747867e-01 6.307399e-01 1.087676e+00 3.463925e-07 
-5.602323e+00 1.309598e+00 2.910070e+00 3.625651e+00 4.653272e+00 3.131024e+00 3.408175e+00 5.497650e+00 5.607438e+00 2.840801e+00 -3.147487e+00 -1.318854e+00 -1.512926e-01 -2.047387e-01 -5.793216e-01 -6.308790e-01 1.413951e+00 1.615571e+00 8.816309e-01 1.396127e+00 1.109749e+00 -1.170041e+00 -1.512107e+00 -3.957451e-02 1.394994e+00 3.431350e-07 2.142219e-01 4.374780e-01 -2.160949e-01 -5.405136e-02 -2.196965e-01 -6.191384e-01 -4.809192e-01 -6.539186e-01 -2.667484e-01 1.055132e-01 7.382662e-01 5.185822e-01 3.463925e-07 
-4.258452e+00 2.756326e+00 3.509936e-01 5.369419e+00 6.985527e+00 8.754646e-01 5.537357e+00 6.919699e+00 2.079439e+00 -1.658211e+00 -7.503563e-01 4.787470e+00 -1.512926e-01 2.080640e-01 5.150463e-01 -3.977026e-01 1.088729e+00 1.117165e-01 -1.299305e+00 5.295369e-01 5.936054e-02 -2.165545e+00 -1.587315e+00 1.333748e+00 2.075902e+00 3.431350e-07 1.721806e-01 2.462260e-01 -1.497509e-01 -7.234991e-01 -5.589858e-01 -3.547997e-01 -4.621913e-01 -7.412567e-01 4.451286e-01 6.841895e-01 2.825344e-01 -2.298667e-01 3.463925e-07 
-4.197159e+00 2.060979e+00 -1.481889e+00 7.208005e+00 7.538562e+00 3.727859e+00 7.008530e+00 4.292647e+00 1.940955e+00 3.733475e+00 6.328631e-01 2.277114e+00 -1.512926e-01 3.995318e-01 6.700107e-01 -9.608912e-01 -7.770258e-01 -3.208924e-01 -4.338782e-01 -4.871646e-02 -1.270135e+00 -5.168014e-01 -2.757821e-01 7.230839e-01 5.496708e-01 3.431350e-07 4.758774e-02 -4.942378e-02 4.726973e-02 -9.667640e-01 -5.689461e-01 -1.050752e-01 -3.041043e-01 -2.266274e-01 9.493142e-01 4.919291e-01 -3.234832e-01 -6.422060e-01 3.463925e-07 
-3.749355e+00 5.322362e+00 8.217651e-01 6.280553e+00 3.942019e+00 -2.368286e+00 4.080841e+00 1.919776e+00 -2.116148e+00 -1.741916e+00 5.961345e-01 3.896965e+00 -1.512926e-01 1.445781e-01 -1.350352e-01 -7.377286e-01 -2.070652e+00 -8.994790e-01 -1.958481e-01 2.753162e-01 -8.446313e-01 1.112862e+00 7.191814e-01 -1.411483e-01 -3.378674e-01 3.431350e-07 -1.197482e-01 -3.146487e-01 1.953476e-01 -5.266358e-01 -1.560465e-01 4.718036e-01 -1.943416e-01 3.108872e-01 1.175397e+00 5.709322e-01 -6.262265e-01 -6.855460e-01 3.463925e-07 
-3.859133e+00 3.376401e+00 -2.130135e+00 -7.152474e-01 4.570534e+00 2.583561e+00 3.892838e+00 1.646768e+00 5.121312e+00 1.503680e+00 -2.051555e-01 1.874847e+00 -1.512926e-01 6.493215e-02 -5.013814e-01 -2.244984e-01 -1.840120e+00 -7.236620e-01 -1.953950e-01 2.786292e-03 4.284905e-01 1.937352e+00 -2.055660e-01 -9.196777e-01 -6.091878e-01 3.431350e-07 -1.851387e-01 -7.570453e-02 4.473450e-01 3.609374e-01 -5.346072e-02 1.436878e-01 -2.783702e-01 3.954814e-01 2.843619e-01 1.713492e-01 -5.365407e-02 -5.400623e-02 3.463925e-07 
-3.704986e+00 1.423689e+00 -3.013547e+00 -1.022634e+00 3.972139e+00 4.688613e-01 8.471616e+00 4.019116e+00 6.053452e+00 3.051954e+00 -1.037109e+00 3.299276e+00 -1.512926e-01 -2.233516e-01 -4.726232e-01 2.108229e-01 -1.012968e+00 -4.672415e-01 9.405343e-01 -4.678513e-01 7.644741e-01 2.484405e+00 1.232291e+00 -9.759583e-01 -7.724074e-01 3.431350e-07 -9.844044e-02 3.147424e-01 3.862123e-01 8.223904e-01 3.282636e-02 -6.321945e-02 -3.370241e-01 -1.141270e-01 -4.954031e-01 -6.172471e-02 5.953161e-01 5.824061e-01 3.463925e-07 
-3.895269e+00 1.503688e+00 -6.865534e-01 1.659171e+00 3.905005e+00 1.332530e+00 4.827293e+00 5.385204e+00 7.542871e+00 3.080481e-01 -3.149172e+00 -4.702249e-01 -1.512926e-01 -3.423877e-01 4.601859e-01 8.015217e-01 4.988014e-01 -8.043892e-01 -2.835990e-01 -1.069024e+00 -9.745692e-02 2.193973e-01 3.243649e-01 8.721484e-01 4.969449e-01 3.431350e-07 1.537095e-02 3.899240e-01 1.051112e-01 7.019461e-01 2.696737e-02 -2.840999e-01 6.677150e-02 -5.502337e-01 -8.730327e-01 -8.472884e-03 9.316010e-01 1.023885e+00 3.463925e-07 
-4.848053e+00 3.895887e+00 1.154256e+00 2.918378e-02 1.938900e+00 2.960032e+00 1.274444e+00 3.872675e+00 9.094847e+00 5.017132e+00 -2.811875e+00 1.207365e+00 -1.512926e-01 -1.439942e-01 9.578673e-01 6.802568e-01 8.718669e-01 -6.950607e-01 -4.677099e-01 -8.739459e-01 -1.152365e+00 -5.051872e-01 1.455146e-01 1.939650e+00 2.021125e+00 3.431350e-07 1.506815e-01 1.617892e-01 -1.488671e-01 4.115916e-01 1.175155e-01 -4.375497e-01 4.870495e-01 -4.391345e-01 -7.728264e-01 -3.211816e-01 6.215220e-01 8.877417e-01 3.463925e-07 
-4.998999e+00 4.441363e+00 -2.060934e-01 1.252997e+00 1.565493e+00 -7.969008e-02 2.146737e+00 1.232548e+00 4.697742e+00 2.142539e+00 5.042991e+00 5.405463e+00 -1.512926e-01 1.020137e-01 7.329307e-01 6.622928e-02 7.271972e-01 -4.749180e-01 -9.117509e-01 5.396793e-01 -1.364175e+00 -9.328983e-01 2.952800e-01 2.280509e+00 3.113414e+00 3.431350e-07 1.751790e-01 -1.278171e-01 -2.780810e-01 9.228283e-02 2.170653e-01 -1.764800e-01 6.501216e-01 -1.046109e-01 -2.344300e-01 -1.871289e-01 5.990485e-02 4.059366e-01 3.463925e-07 
-3.872856e+00 4.744481e+00 1.479761e-01 3.539653e+00 1.666737e+00 -1.163723e+00 5.441840e+00 3.340262e-01 4.950356e+00 2.861862e+00 4.564845e+00 1.046710e+01 -1.512926e-01 3.077658e-01 1.999885e-01 -1.658467e-01 9.308169e-01 -4.429018e-02 -9.331977e-01 1.162981e+00 -7.976739e-01 -8.036013e-01 -3.590213e-01 1.427630e+00 2.358075e+00 3.431350e-07 1.109368e-01 -2.048981e-01 -1.924463e-01 3.212322e-02 1.732293e-01 -9.520417e-02 4.697138e-01 1.275706e-01 -4.673129e-02 -1.663334e-01 -1.876758e-01 -8.133760e-03 3.463925e-07 
