0.552845738053 0.597402801147
0.536585605394 0.571428851577
0.520325472735 0.545454902007
0.504065340076 0.506492997133
0.495934659924 0.467533053297
0.495934659924 0.428571148423
0.495934659924 0.402597198853
0.495934659924 0.376623249283
0.504065340076 0.363637255017
0.520325472735 0.350649299713
0.536585605394 0.350649299713
0.552845738053 0.350649299713
0.560976418204 0.350649299713
0.569105870712 0.363637255017
0.577236550863 0.376623249283
0.585366003371 0.376623249283
0.593496683522 0.389611204587
0.60162613603 0.389611204587
0.609756816181 0.376623249283
0.62601694884 0.363637255017
0.634146401348 0.350649299713
0.650406534008 0.350649299713
0.666666666667 0.350649299713
0.682926799326 0.350649299713
0.691057479477 0.363637255017
0.699186931985 0.376623249283
0.707317612136 0.402597198853
0.707317612136 0.428571148423
0.699186931985 0.454545097993
0.691057479477 0.467533053297
0.650406534008 0.506492997133
0.62601694884 0.519480952437
0.609756816181 0.532466946703
0.593496683522 0.545454902007
0.577236550863 0.545454902007
0.569105870712 0.558440896273
0.552845738053 0.558440896273
0.552845738053 0.571428851577
0.544716285545 0.571428851577
0.552845738053 0.584414845843
0.569105870712 0.597402801147
0.60162613603 0.610388795413
0.634146401348 0.623376750717
0.666666666667 0.636362744983
0.723577744795 0.649350700287
0.756098010113 0.649350700287
0.788618275432 0.649350700287
0.813009088242 0.649350700287
0.853658806068 0.610388795413
0.861789486219 0.597402801147
0.869918938727 0.571428851577
0.869918938727 0.558440896273
0.84552935356 0.519480952437
0.837398673409 0.519480952437
0.829269220901 0.519480952437
0.813009088242 0.545454902007
0.813009088242 0.571428851577
0.82113854075 0.597402801147
0.84552935356 0.649350700287
