0.166667505556 0.125000786459
0.17500018875 0.125000786459
0.200000755 0.125000786459
0.216667379722 0.125000786459
0.233334004444 0.138888597608
0.241666687639 0.166666317129
0.250000629167 0.222221756173
0.250000629167 0.236111664545
0.241666687639 0.249999475694
0.225000062917 0.236111664545
0.208333438194 0.208333945023
0.200000755 0.15277850598
0.200000755 0.125000786459
0.208333438194 0.0694453474155
0.233334004444 0.0277777195216
0.266667253889 0.0
0.283333878611 0.0
0.32499981125 0.0138899083723
0.358333060694 0.0694453474155
0.374999685417 0.0972230669371
0.383333626944 0.166666317129
0.383333626944 0.222221756173
0.374999685417 0.263889384067
0.358333060694 0.291667103588
0.341666435972 0.30555701196
0.341666435972 0.31944482311
0.3500003775 0.31944482311
0.391666310139 0.333334731482
0.408334193194 0.333334731482
0.433333501111 0.347222542631
0.450000125833 0.361112451004
0.458334067361 0.347222542631
0.450000125833 0.30555701196
0.450000125833 0.263889384067
0.450000125833 0.249999475694
0.466666750556 0.222221756173
0.483333375278 0.208333945023
0.508333941528 0.236111664545
0.516666624722 0.277777195216
0.508333941528 0.30555701196
0.491667316806 0.31944482311
0.483333375278 0.31944482311
