0.145631480724 0.557895790914
0.155339464228 0.557895790914
0.165048913753 0.56842128687
0.174756897257 0.578948372299
0.194174330285 0.600000953684
0.20388377981 0.621053535069
0.20388377981 0.642106116454
0.20388377981 0.65263161241
0.20388377981 0.673684193795
0.20388377981 0.69473677518
0.20388377981 0.705263860609
0.194174330285 0.705263860609
0.174756897257 0.705263860609
0.165048913753 0.705263860609
0.145631480724 0.684211279224
0.145631480724 0.663158697839
0.1359220312 0.65263161241
0.1359220312 0.631579031025
0.145631480724 0.61052644964
0.155339464228 0.600000953684
0.165048913753 0.578948372299
0.20388377981 0.547368705485
0.223301212838 0.5263161241
0.242718645867 0.515790628144
0.2718440624 0.505263542715
0.291261495428 0.48421096133
0.310678928457 0.473685465374
0.330096361485 0.44210579856
0.33980581101 0.421053217175
0.33980581101 0.40000063579
0.33980581101 0.389475139834
0.33980581101 0.378948054405
0.330096361485 0.368420968975
0.310678928457 0.357895473019
0.300970944952 0.357895473019
0.291261495428 0.368420968975
0.291261495428 0.378948054405
0.291261495428 0.40000063579
0.291261495428 0.421053217175
0.300970944952 0.44210579856
0.320388377981 0.473685465374
0.330096361485 0.494738046759
0.33980581101 0.515790628144
0.349513794514 0.536843209529
0.359223244038 0.547368705485
0.368931227542 0.600000953684
0.368931227542 0.621053535069
0.368931227542 0.642106116454
0.368931227542 0.663158697839
0.349513794514 0.684211279224
0.33980581101 0.69473677518
0.330096361485 0.705263860609
0.310678928457 0.705263860609
0.300970944952 0.705263860609
0.300970944952 0.69473677518
0.320388377981 0.69473677518
0.349513794514 0.69473677518
0.388350126591 0.705263860609
0.475727842209 0.715790946039
0.514562708266 0.726316441995
0.543689590819 0.726316441995
0.582524456876 0.736843527424
0.601941889905 0.736843527424
0.611649873409 0.736843527424
0.611649873409 0.726316441995
0.601941889905 0.69473677518
0.592232440381 0.673684193795
0.582524456876 0.631579031025
0.572815007352 0.61052644964
0.572815007352 0.56842128687
0.582524456876 0.557895790914
0.601941889905 0.536843209529
0.621359322933 0.536843209529
0.640776755962 0.536843209529
0.650484739466 0.557895790914
0.66019418899 0.578948372299
0.66019418899 0.600000953684
0.650484739466 0.642106116454
0.640776755962 0.684211279224
0.621359322933 0.705263860609
0.621359322933 0.715790946039
