0.320388377981 0.463158379945
0.330096361485 0.473685465374
0.33980581101 0.48421096133
0.349513794514 0.505263542715
0.368931227542 0.5263161241
0.368931227542 0.547368705485
0.368931227542 0.56842128687
0.368931227542 0.578948372299
0.359223244038 0.589473868255
0.330096361485 0.589473868255
0.320388377981 0.578948372299
0.310678928457 0.56842128687
0.310678928457 0.557895790914
0.310678928457 0.536843209529
0.320388377981 0.505263542715
0.330096361485 0.494738046759
0.349513794514 0.473685465374
0.398058110095 0.44210579856
0.427184992648 0.421053217175
0.446602425676 0.40000063579
0.475727842209 0.357895473019
0.475727842209 0.34736838759
0.475727842209 0.336842891634
0.466019858705 0.326315806205
0.446602425676 0.315790310249
0.436892976152 0.315790310249
0.427184992648 0.315790310249
0.427184992648 0.326315806205
0.427184992648 0.357895473019
0.446602425676 0.378948054405
0.456310409181 0.40000063579
0.495145275238 0.44210579856
0.504854724762 0.463158379945
0.524272157791 0.515790628144
0.524272157791 0.536843209529
0.524272157791 0.547368705485
0.524272157791 0.56842128687
0.514562708266 0.578948372299
0.504854724762 0.589473868255
0.495145275238 0.589473868255
0.475727842209 0.589473868255
0.485437291734 0.578948372299
0.504854724762 0.578948372299
0.533980141295 0.578948372299
0.563107023848 0.578948372299
0.601941889905 0.578948372299
0.66019418899 0.578948372299
0.689321071543 0.589473868255
0.718446488076 0.589473868255
0.7281559376 0.589473868255
0.7281559376 0.578948372299
0.718446488076 0.578948372299
0.699029055048 0.547368705485
0.689321071543 0.536843209529
0.689321071543 0.515790628144
0.689321071543 0.494738046759
0.718446488076 0.473685465374
0.7281559376 0.473685465374
0.747573370629 0.473685465374
0.766990803657 0.494738046759
0.776698787162 0.505263542715
0.776698787162 0.5263161241
0.766990803657 0.578948372299
0.766990803657 0.589473868255
