0.281553511924 0.757896108809
0.291261495428 0.757896108809
0.300970944952 0.757896108809
0.310678928457 0.757896108809
0.330096361485 0.757896108809
0.330096361485 0.768421604765
0.330096361485 0.778948690194
0.330096361485 0.78947418615
0.330096361485 0.800001271579
0.310678928457 0.810526767535
0.262136078895 0.810526767535
0.242718645867 0.810526767535
0.223301212838 0.810526767535
0.213591763314 0.810526767535
0.20388377981 0.800001271579
0.194174330285 0.78947418615
0.194174330285 0.768421604765
0.20388377981 0.757896108809
0.262136078895 0.705263860609
0.300970944952 0.673684193795
0.33980581101 0.642106116454
0.368931227542 0.61052644964
0.417475543124 0.56842128687
0.427184992648 0.547368705485
0.427184992648 0.536843209529
0.417475543124 0.5263161241
0.398058110095 0.5263161241
0.359223244038 0.5263161241
0.33980581101 0.536843209529
0.320388377981 0.536843209529
0.310678928457 0.547368705485
0.310678928457 0.56842128687
0.310678928457 0.600000953684
0.330096361485 0.621053535069
0.349513794514 0.642106116454
0.368931227542 0.663158697839
0.398058110095 0.69473677518
0.407767559619 0.715790946039
0.417475543124 0.736843527424
0.427184992648 0.74736902338
0.427184992648 0.757896108809
0.407767559619 0.78947418615
0.398058110095 0.800001271579
0.378640677067 0.810526767535
0.368931227542 0.821053852964
0.378640677067 0.821053852964
0.388350126591 0.821053852964
0.407767559619 0.821053852964
0.436892976152 0.810526767535
0.475727842209 0.810526767535
0.543689590819 0.800001271579
0.572815007352 0.800001271579
0.592232440381 0.800001271579
0.631067306438 0.800001271579
0.640776755962 0.800001271579
0.650484739466 0.800001271579
0.650484739466 0.78947418615
0.650484739466 0.778948690194
0.640776755962 0.757896108809
0.631067306438 0.74736902338
0.631067306438 0.705263860609
0.640776755962 0.684211279224
0.679611622019 0.663158697839
0.708738504572 0.663158697839
0.737863921105 0.673684193795
0.747573370629 0.684211279224
0.747573370629 0.726316441995
0.7281559376 0.736843527424
0.669902172495 0.778948690194
0.640776755962 0.78947418615
0.601941889905 0.800001271579
