-6.032780e+00 -2.607806e+00 -1.278745e+01 2.067042e+00 8.174485e+00 5.872666e+00 -7.133460e-01 4.295106e+00 -1.381916e+00 -2.586610e+00 2.317685e+00 1.835388e-01 -1.512926e-01 3.491431e-02 5.933097e-02 7.267696e-01 1.155236e+00 -1.539795e+00 -1.108455e+00 2.959402e-02 2.608280e-01 1.661387e+00 -4.056210e-02 6.530045e-01 -6.101849e-01 1.324384e-06 3.073388e-03 -1.496524e-01 -3.754672e-02 -2.146227e-01 4.556459e-01 2.658722e-01 -9.304664e-02 -1.992316e-01 -2.587134e-01 3.385313e-01 -6.835345e-02 1.526753e-02 -6.810977e-07 
-5.473029e+00 -1.687367e+00 -9.738411e+00 7.044171e+00 3.325250e+00 4.953616e+00 4.156771e+00 5.620462e+00 5.244790e+00 -2.582953e+00 3.293352e+00 2.137910e-01 -1.512926e-01 -6.502587e-02 -4.317722e-01 4.343942e-01 6.974527e-01 -8.448980e-01 -7.368463e-01 -7.394564e-02 -1.143552e-01 1.582211e+00 4.541013e-01 9.046936e-01 -1.182568e+00 1.324384e-06 -1.130864e-02 -2.452963e-01 -1.883433e-01 -3.411398e-01 7.660545e-01 4.269335e-01 4.244434e-02 -1.427604e-01 -8.023304e-01 3.033696e-01 -3.099769e-01 6.743433e-02 -6.810977e-07 
-6.138094e+00 -2.771272e+00 -1.067758e+01 5.354366e+00 2.900098e+00 7.899191e-01 -3.000559e+00 4.936749e+00 3.611252e+00 -2.791073e+00 5.094970e+00 -2.882447e+00 -1.512926e-01 1.002072e-01 -4.433981e-01 6.851681e-01 3.110019e-01 3.910366e-01 3.508207e-02 -3.838182e-01 -5.477167e-01 4.073989e-01 1.404711e+00 1.856130e-01 -2.476040e-01 1.324384e-06 8.232160e-03 -9.407714e-02 -1.896612e-01 -2.775936e-01 4.761295e-01 2.979332e-01 2.392715e-01 1.944312e-02 -7.695109e-01 -3.362707e-02 -6.134343e-01 2.039111e-01 -6.810977e-07 
-6.305443e+00 -4.685081e+00 -1.167006e+01 3.910954e+00 6.587180e+00 4.729448e+00 6.077214e-02 3.402944e+00 4.032601e+00 -2.134975e-01 5.452343e+00 -4.196112e+00 -1.512926e-01 -5.428414e-02 -9.157000e-01 -1.939551e-01 -1.284807e-01 1.325096e+00 4.544584e-01 4.485511e-01 -4.878451e-02 -1.723401e+00 7.535412e-01 -6.631953e-01 -4.543045e-01 1.324384e-06 2.488093e-02 1.585157e-01 -1.505617e-01 -5.217448e-02 -2.838207e-01 -9.052244e-02 2.393404e-01 1.244994e-01 -4.098927e-01 -5.302038e-01 -6.239145e-01 2.780688e-01 -6.810977e-07 
-5.115249e+00 -3.325939e+00 -8.395247e+00 5.189059e+00 8.498808e+00 6.159970e+00 -5.843263e-01 2.665414e+00 1.261420e+00 3.252319e+00 2.166170e+00 1.150585e+00 -1.512926e-01 7.072006e-02 -1.690088e-01 9.276254e-02 1.802257e-01 -2.439576e-01 -2.142870e-01 9.646499e-01 3.252467e-01 -5.333592e-01 -3.584949e-01 -1.630246e+00 4.514887e-02 1.324384e-06 -4.933505e-02 1.877257e-01 -2.564928e-01 6.858949e-02 -8.056491e-01 -3.695867e-01 1.963706e-01 1.238234e-01 1.685340e-01 -8.058685e-01 -1.196546e-01 -6.925322e-02 -6.810977e-07 
-6.255671e+00 -5.988339e+00 -1.184932e+01 6.484188e+00 7.151278e+00 4.540843e+00 5.191439e+00 6.512245e+00 -2.196884e+00 -1.837013e+00 1.442068e+00 -4.074334e+00 -1.512926e-01 7.409002e-02 2.235467e-01 -2.222404e-02 5.021568e-01 -1.946416e+00 -1.064825e+00 4.485511e-01 7.170038e-02 3.237182e-03 -1.315208e+00 -1.306911e+00 6.145269e-02 1.324384e-06 -5.566627e-02 2.725511e-01 7.283240e-02 7.501435e-03 -6.553600e-01 -2.855067e-01 -1.310889e-01 -9.840014e-02 6.011232e-01 -2.636035e-01 5.089019e-01 4.871048e-02 -6.810977e-07 
-5.809168e+00 -2.964916e+00 -1.012411e+01 4.968650e+00 1.398030e+00 -1.874709e-01 -7.424633e-01 5.008001e+00 4.059250e+00 -3.771947e+00 -1.051264e+00 -2.717598e+00 -1.512926e-01 -2.106710e-01 -7.436679e-02 -6.833553e-01 3.386532e-01 -2.001487e+00 -1.053416e+00 5.979425e-01 1.112192e-02 3.868257e-01 -1.590234e+00 -9.090600e-02 -8.517995e-01 1.324384e-06 -2.576884e-02 -1.369941e-02 8.024592e-02 -3.123740e-01 -2.228918e-02 -1.520842e-01 -6.055224e-02 -6.930546e-02 2.410162e-01 5.802040e-01 9.444110e-01 -8.391203e-05 -6.810977e-07 
-5.588081e+00 -3.747597e+00 -1.091695e+01 6.531675e+00 4.053140e-01 2.578870e+00 2.382123e+00 2.589993e+00 2.649711e+00 -3.277396e+00 5.268624e-01 -1.954627e+00 -1.512926e-01 -1.919257e-01 3.997516e-01 5.583667e-01 -1.702917e-01 -1.073046e+00 -5.535493e-01 -2.361534e-02 -3.837421e-01 8.221591e-01 5.144711e-02 1.111755e+00 2.377725e-01 1.324384e-06 3.904503e-01 3.237955e-02 3.460893e-01 -5.799481e-01 1.752311e-01 -1.851925e-01 3.472301e-01 -3.973199e-02 -1.344182e-01 8.393844e-01 5.270328e-01 3.446034e-01 1.781495e-02 
-6.502727e+00 -4.818090e+00 -1.227788e+01 6.858257e+00 1.864416e+00 1.873999e+00 3.810376e+00 4.682442e+00 7.723669e-01 -3.978543e+00 2.169409e+00 -4.168167e+00 -1.512926e-01 7.493251e-02 -3.255951e-01 2.039218e-01 -1.045383e+00 -7.923003e-01 -1.230319e+00 8.980049e-01 2.063938e-01 2.621394e-01 1.859109e+00 1.882573e+00 -4.344844e-02 1.324384e-06 8.488385e-01 2.154533e-01 5.467487e-01 -5.806280e-01 -2.483859e-01 -4.117140e-01 5.238646e-01 -3.447331e-01 -4.914876e-01 5.925581e-01 -2.962477e-01 5.116425e-01 3.964334e-02 
-6.868801e+00 -3.063275e+00 -7.980800e+00 4.687763e+00 1.552914e+00 7.423682e-01 2.796793e+00 4.756346e+00 3.557233e+00 -1.476537e+00 5.390442e+00 -2.160240e+00 -1.512926e-01 1.883439e+00 5.111059e-01 1.264594e+00 -1.705676e+00 -1.674998e+00 -1.902324e+00 2.034702e+00 -2.244716e-01 -6.065679e-01 1.157015e+00 3.415924e-01 1.380391e+00 8.907452e-02 8.983158e-01 2.023909e-01 5.060567e-01 -3.367465e-01 -6.349678e-01 -3.093051e-01 4.857879e-01 -5.452694e-01 -6.939911e-01 -2.501164e-01 -9.128566e-01 4.913203e-02 4.933096e-02 
-4.793897e+00 -4.935171e+00 -1.057305e+01 6.639479e-01 -3.136932e+00 -5.421262e+00 3.540288e+00 4.956836e+00 4.915994e+00 4.623227e+00 5.929560e+00 -2.831942e+00 -1.512926e-01 2.995734e+00 9.473494e-01 1.697416e+00 -1.796912e+00 -2.942514e+00 -2.437421e+00 2.188145e+00 -1.792215e+00 -1.356111e+00 8.198606e-01 -1.187028e+00 1.135039e+00 1.536844e-01 6.352966e-01 1.937761e-01 8.127019e-01 -1.941728e-01 -2.825862e-01 6.914237e-02 -2.517627e-01 -6.316240e-01 -4.713420e-01 -8.065630e-01 -9.320880e-01 -3.344432e-01 4.896002e-02 
2.975182e+00 -1.133538e+00 -5.446557e+00 1.100735e+00 -5.468862e+00 -3.285470e+00 1.269065e+01 1.330204e+00 -2.455096e+00 -1.793439e+00 3.544742e-01 4.279126e+00 2.940704e-01 2.839137e+00 7.753225e-01 2.341907e+00 -1.478320e+00 -3.172798e+00 -1.496613e+00 1.760231e+00 -2.110852e+00 -1.838647e+00 -6.794339e-01 -1.917813e+00 -1.058801e-01 1.698096e-01 -3.593006e-02 -2.971451e-01 6.444424e-01 -4.272802e-01 4.460899e-01 3.196095e-02 -8.876606e-01 -2.251154e-01 2.666085e-01 -3.580869e-01 -1.258903e-01 -7.661805e-01 1.913068e-02 
3.553688e+00 -1.046356e+00 -5.057719e+00 -3.328220e-01 -9.337162e+00 -8.299488e+00 9.804018e+00 -2.565517e+00 -3.002129e+00 2.792249e-01 -1.247765e+00 -1.712353e+00 3.944532e-01 2.773633e+00 5.112876e-01 3.728735e+00 -2.129930e+00 -1.456291e+00 -1.087518e+00 -2.235503e-01 -2.008608e+00 -1.478570e+00 -1.255539e+00 -1.648294e+00 -9.724477e-01 2.044269e-01 -4.437857e-01 -6.233039e-01 4.542170e-01 -5.851782e-01 1.070976e+00 3.492848e-02 -7.147821e-01 3.547782e-01 7.351246e-01 1.357850e-01 4.658278e-01 -2.186926e-01 -1.646349e-04 
3.152989e+00 -1.131023e+00 9.708418e-01 -2.205405e+00 -1.121102e+01 -5.301786e+00 8.466129e+00 -2.036436e+00 -1.676860e+00 -2.701487e+00 -6.100361e-01 -3.249320e+00 4.248807e-01 1.814881e+00 -7.565705e-01 3.471138e+00 -3.675600e+00 -1.875386e-01 -2.417361e+00 -1.197740e+00 -1.241921e+00 7.876031e-01 4.043616e-01 -5.710680e-02 -1.396824e+00 1.593564e-01 -6.149632e-01 -6.677401e-01 -7.098994e-02 -4.218409e-01 1.057214e+00 -1.743697e-01 -2.246783e-01 4.785361e-01 7.238473e-01 7.358365e-01 5.243603e-01 4.769349e-01 -1.392241e-02 
8.985660e+00 -2.380071e+00 4.861837e+00 -8.332517e+00 -7.547848e+00 -9.850685e+00 4.534793e+00 -3.402724e+00 -2.866001e+00 -1.200466e+00 -1.829350e+00 -3.929995e+00 8.054534e-01 1.288853e+00 -1.403261e+00 3.403910e+00 -3.624171e+00 9.198238e-01 -1.802275e+00 9.325332e-02 -4.528649e-01 1.006338e+00 9.568724e-01 2.117554e-01 6.870419e-01 1.580915e-01 -8.741133e-01 -3.753992e-01 -5.824681e-01 2.564039e-01 4.169191e-01 1.543861e-01 3.276921e-01 4.651858e-01 2.623838e-01 8.168327e-01 2.270864e-01 7.727575e-01 -3.583483e-02 
9.333701e+00 -4.249452e+00 6.949752e+00 -1.327739e+01 -7.301835e+00 -1.459658e+01 9.336133e+00 -4.460507e+00 1.414834e+00 9.681832e-01 3.595127e-01 -1.596215e+00 8.853521e-01 5.068131e-01 -1.606078e+00 2.149541e+00 -2.840315e+00 9.252184e-01 -2.010898e+00 4.784081e-01 -4.960667e-01 5.381414e-01 1.893544e+00 -2.261028e-01 1.449106e+00 1.233654e-01 -7.540547e-01 1.455735e-01 -6.195906e-01 8.703702e-01 -6.631974e-02 6.967461e-01 1.671842e-01 2.806473e-01 -4.784994e-01 4.414213e-01 -2.410689e-01 5.642660e-01 -3.872452e-02 
6.907509e+00 -6.503326e+00 8.972339e+00 -1.291766e+01 -6.692692e+00 -1.266378e+01 9.835143e+00 -3.617995e+00 4.835446e-01 3.228856e+00 -6.737370e-01 8.962607e-01 9.546749e-01 -9.427934e-01 -9.408591e-01 1.477261e+00 -1.265659e+00 7.185369e-02 -5.188207e-01 5.768294e-01 -5.560078e-02 -4.182801e-02 2.083940e+00 -4.284604e-01 1.468432e+00 4.325593e-02 -4.129503e-01 4.587101e-01 -4.758781e-01 8.002863e-01 -2.882557e-01 6.344861e-01 -2.500398e-01 7.839055e-03 -4.837715e-01 1.249295e-01 -2.393397e-01 -6.753189e-02 -3.967340e-02 
6.725734e+00 -7.099628e+00 9.663780e+00 -1.411423e+01 -7.012509e+00 -1.395005e+01 8.208090e+00 -4.409343e+00 -6.609405e-01 4.551924e+00 -2.318083e+00 1.582832e+00 9.670954e-01 -8.394833e-01 -2.597453e-01 1.336481e+00 -5.029092e-01 -9.526778e-02 4.246194e-01 -6.035867e-01 -3.716804e-02 -1.080732e+00 2.047865e+00 -9.424489e-01 1.033796e+00 2.315206e-02 7.080182e-02 4.829917e-01 -9.734914e-02 4.734024e-01 -1.557525e-01 5.470894e-01 -3.099631e-01 -1.817410e-01 -1.439847e-01 -2.678434e-01 -2.978592e-02 -2.969604e-01 -2.690960e-02 
5.575574e+00 -5.659451e+00 1.089144e+01 -1.424235e+01 -7.332673e+00 -1.276807e+01 7.983184e+00 -3.706301e+00 -2.037348e+00 7.427205e+00 -2.632629e+00 1.822543e+00 9.808510e-01 -1.027272e-01 2.170980e-01 1.430834e+00 -7.914449e-01 -1.108891e-02 1.524322e-01 -6.160627e-01 -6.430486e-01 -6.030945e-01 1.504373e+00 -6.268803e-01 5.569296e-01 9.828825e-03 4.773287e-01 2.736730e-01 2.209095e-02 1.221984e-01 8.396941e-02 1.887164e-01 -3.071375e-01 -3.574075e-01 2.080920e-01 -5.423386e-01 1.384754e-01 -3.075343e-01 -1.038100e-02 
5.802433e+00 -5.970455e+00 1.267205e+01 -1.512982e+01 -7.458451e+00 -1.242123e+01 7.244709e+00 -4.602253e+00 -2.728432e+00 9.108007e+00 -3.372926e+00 3.109545e+00 9.880363e-01 4.406777e-01 2.299046e-01 1.685934e+00 -7.102274e-01 1.879508e-01 3.887624e-01 -4.749885e-01 -1.111068e+00 9.880033e-02 8.441839e-01 -2.758718e-01 4.199775e-01 5.530568e-03 3.793902e-01 1.231351e-01 -4.276364e-02 6.592212e-02 1.267655e-01 6.536022e-02 -2.183034e-01 -2.789673e-01 3.550815e-01 -5.692398e-01 2.257764e-01 -2.064326e-01 -5.603802e-03 
6.855574e+00 -5.982191e+00 1.462199e+01 -1.636671e+01 -6.525333e+00 -1.266578e+01 7.237179e+00 -6.736391e+00 -1.498237e+00 8.472069e+00 -3.280434e+00 2.917520e+00 9.933417e-01 8.036849e-01 1.825836e-01 1.413195e+00 -5.511321e-01 3.502396e-01 4.425479e-01 -1.023077e+00 -1.305668e+00 4.088239e-01 -2.598638e-02 -6.935764e-02 2.376929e-01 1.645493e-04 4.528153e-02 1.499009e-01 -2.480908e-01 2.544687e-01 1.291698e-02 2.175771e-01 -4.379421e-01 4.611558e-02 -2.492665e-02 -3.003369e-01 6.249318e-02 -2.716849e-02 -2.150525e-03 
8.289216e+00 -5.788826e+00 1.622804e+01 -1.660324e+01 -6.476477e+00 -1.205721e+01 6.206025e+00 -8.449841e+00 -4.365811e-01 8.250237e+00 -3.374006e+00 3.135182e+00 9.884754e-01 6.043311e-01 3.731393e-01 1.131469e+00 -2.934537e-01 3.578820e-01 6.062865e-01 -1.491511e+00 -1.100699e+00 1.886635e-01 -3.318314e-02 -9.243736e-02 1.611843e-01 -3.948185e-05 -2.626425e-01 2.496318e-01 -3.926819e-01 3.099605e-01 -7.587570e-02 2.067543e-01 -5.376652e-01 2.718598e-01 -3.718709e-01 -5.636156e-02 -4.608280e-02 6.385116e-02 -4.659000e-04 
8.350168e+00 -4.837650e+00 1.617943e+01 -1.626098e+01 -6.072461e+00 -1.073737e+01 3.387171e+00 -8.311128e+00 -1.139190e+00 7.726129e+00 -2.978845e+00 2.998278e+00 9.814483e-01 4.186484e-02 8.951237e-01 4.675089e-01 2.726640e-01 -3.154359e-02 1.131604e+00 -2.297543e+00 -4.175355e-01 -7.726679e-01 4.412564e-01 -4.061464e-01 5.504876e-01 1.864809e-03 -3.261110e-01 2.399753e-01 -3.110783e-01 3.031090e-01 -1.214151e-01 1.485093e-01 -3.707480e-01 3.570877e-01 -4.241377e-01 4.883112e-02 -5.928799e-02 8.615816e-02 9.566014e-06 
8.076424e+00 -4.676978e+00 1.755082e+01 -1.664983e+01 -5.895054e+00 -1.035417e+01 1.711923e+00 -9.318504e+00 -1.964602e+00 9.315212e+00 -3.985822e+00 3.875080e+00 9.937985e-01 -4.916409e-01 1.121829e+00 1.954351e-01 4.277520e-01 -6.367941e-04 1.077944e+00 -2.526055e+00 -1.957665e-01 -1.169705e+00 3.286590e-01 -3.380011e-01 5.828566e-01 2.347683e-03 -1.904587e-01 1.315094e-01 -1.830714e-01 2.191130e-01 -9.352450e-02 2.294198e-02 -1.209581e-01 3.115727e-01 -2.002318e-01 -1.895520e-01 4.425745e-02 -4.958089e-02 -1.386091e-03 
7.171516e+00 -2.062361e+00 1.629859e+01 -1.498019e+01 -6.973701e+00 -7.859143e+00 -2.004045e+00 -8.389959e+00 -4.597494e+00 1.014617e+01 -5.005396e+00 5.300267e+00 9.999999e-01 -2.789126e-01 1.008022e+00 3.258974e-01 6.039457e-01 -7.762281e-02 9.491847e-01 -2.359496e+00 2.725057e-02 -1.032639e+00 3.732689e-02 -2.430571e-01 4.575956e-01 -9.780251e-04 -3.718067e-02 -2.624090e-02 1.637979e-02 3.244921e-02 2.238150e-02 -1.601139e-01 2.334825e-01 1.567485e-01 1.639253e-01 -4.261441e-01 1.502133e-01 -2.717377e-01 -2.500976e-03 
6.420612e+00 -1.567212e+00 1.714578e+01 -1.510518e+01 -6.028802e+00 -8.106487e+00 -3.728491e+00 -9.389378e+00 -4.556079e+00 8.683846e+00 -4.050603e+00 4.898528e+00 9.909525e-01 -1.876079e-01 9.742342e-01 2.869584e-01 6.365396e-01 -8.661388e-02 8.121508e-01 -2.065298e+00 2.347150e-01 -6.825375e-01 -7.790043e-01 4.724411e-02 -4.018768e-02 -5.548323e-03 1.314715e-03 -4.150706e-02 1.632488e-02 -4.799037e-02 1.858654e-02 -1.310205e-01 4.023982e-01 1.212604e-01 2.381533e-01 -4.068454e-01 5.342771e-02 -3.089043e-01 -2.269392e-03 
7.783564e+00 -1.352331e+00 1.801126e+01 -1.401343e+01 -6.393664e+00 -7.115112e+00 -5.689892e+00 -8.139063e+00 -5.006599e+00 8.228298e+00 -4.161809e+00 4.774442e+00 9.779699e-01 -2.960783e-01 8.376300e-01 5.037855e-01 3.305047e-01 1.234399e-01 4.639869e-01 -1.360567e+00 1.509036e-01 -1.966172e-01 -1.135563e+00 1.524701e-01 -4.966945e-01 -6.690897e-03 -1.429746e-01 1.274591e-02 -7.280213e-02 -1.103337e-01 5.905077e-02 -7.417192e-02 4.370980e-01 4.620008e-02 1.697909e-01 -2.473385e-01 -5.467665e-02 -2.595127e-01 -1.105320e-03 
6.832491e+00 -1.608457e-01 1.812937e+01 -1.395072e+01 -6.618195e+00 -6.665177e+00 -6.771247e+00 -8.270576e+00 -5.172617e+00 6.378989e+00 -4.171526e+00 3.936866e+00 9.770739e-01 -4.763708e-01 9.994842e-01 1.879468e-01 3.246272e-01 -8.166813e-03 6.654630e-01 -1.013480e+00 3.486716e-01 -3.969168e-01 -1.119165e+00 -2.685432e-01 -4.845262e-01 -6.133212e-03 -1.593107e-01 1.606818e-03 -1.201389e-01 -6.556364e-02 5.886788e-02 1.345752e-02 3.541563e-01 3.904611e-02 4.388961e-02 2.500012e-02 -1.681784e-01 -1.438324e-01 -2.957979e-04 
5.485047e+00 1.422399e+00 1.832588e+01 -1.390502e+01 -6.061719e+00 -6.259596e+00 -7.285318e+00 -8.194776e+00 -5.272013e+00 5.620556e+00 -4.182683e+00 3.297467e+00 9.734901e-01 -8.495931e-01 1.059067e+00 1.138998e-02 2.082778e-01 1.782854e-01 6.517973e-01 -6.998754e-01 2.012096e-01 -3.264690e-01 -1.029251e+00 -3.585650e-01 -6.178198e-01 -6.214825e-03 -6.453779e-02 -6.883388e-02 -1.482553e-01 2.277345e-02 1.337420e-02 9.358086e-02 1.550893e-01 8.644817e-02 -7.188649e-02 1.227365e-01 -1.982569e-01 -8.720422e-02 -7.241088e-05 
5.187860e+00 2.042453e+00 1.792816e+01 -1.353633e+01 -6.235661e+00 -5.207084e+00 -7.998692e+00 -7.617940e+00 -6.407855e+00 4.391949e+00 -5.382563e+00 3.214402e+00 9.625102e-01 -7.074232e-01 8.715994e-01 -6.732009e-02 3.697777e-01 1.801960e-01 7.855715e-01 -6.249132e-01 4.048339e-01 -3.981636e-01 -7.071278e-01 -5.382805e-01 -6.987822e-01 -7.262184e-03 3.812959e-02 -1.392345e-01 -7.197841e-02 8.914395e-02 -1.138704e-04 1.148191e-01 2.104559e-02 1.035726e-01 -4.856369e-02 1.111499e-01 -1.339078e-01 -8.059993e-02 2.493484e-04 
4.357970e+00 2.841061e+00 1.816857e+01 -1.317928e+01 -5.693392e+00 -4.584927e+00 -8.575515e+00 -7.459140e+00 -6.021078e+00 4.075351e+00 -5.349093e+00 2.046614e+00 9.542006e-01 -5.032251e-01 5.574278e-01 -1.097536e-01 4.217408e-01 9.612957e-02 8.719542e-01 -7.795295e-01 5.550800e-01 -5.553575e-01 -7.278982e-01 -7.039950e-01 -8.255543e-01 -6.486866e-03 1.352083e-01 -1.444835e-01 -5.830458e-02 1.443219e-01 -1.108990e-01 1.777191e-01 -8.753327e-02 1.179087e-01 -1.188813e-01 -3.380983e-02 -1.883530e-01 -2.267196e-02 5.834043e-04 
3.859171e+00 3.487939e+00 1.787119e+01 -1.246519e+01 -5.901291e+00 -3.574371e+00 -9.250233e+00 -6.614354e+00 -6.789230e+00 3.615843e+00 -6.280133e+00 1.068545e+00 9.504059e-01 -4.588892e-01 5.539764e-01 -1.114177e-01 6.636566e-01 3.229299e-02 1.129347e+00 -8.684606e-01 6.895815e-01 -5.253437e-01 -7.141424e-01 -7.651398e-01 -7.835621e-01 -4.752601e-03 1.660828e-01 -7.191917e-02 -3.617384e-02 1.193219e-01 -1.586788e-01 1.995974e-01 -8.729206e-02 -3.570230e-04 -1.656316e-01 -2.471923e-01 -1.246327e-01 6.645071e-02 4.378953e-04 
3.633395e+00 3.487101e+00 1.780534e+01 -1.233214e+01 -5.748485e+00 -2.716058e+00 -1.055700e+01 -5.921166e+00 -7.858449e+00 2.369258e+00 -7.254001e+00 2.427614e-01 9.471207e-01 -2.977633e-01 4.954836e-01 -2.581878e-01 7.830783e-01 -3.022871e-01 1.368436e+00 -1.015613e+00 6.482998e-01 -8.572764e-01 -1.194777e+00 -1.186919e+00 -6.887614e-01 -4.548570e-03 2.221258e-01 6.455126e-03 1.533641e-02 9.013768e-02 -1.384238e-01 1.462982e-01 -1.237920e-02 -1.581104e-01 -2.112996e-01 -3.894839e-01 1.360649e-01 1.785830e-01 -1.187297e-03 
3.256140e+00 4.489692e+00 1.755239e+01 -1.064144e+01 -6.047166e+00 -4.947534e-01 -1.135019e+01 -4.939182e+00 -8.115939e+00 1.673901e+00 -8.255939e+00 1.984085e-01 9.422895e-01 2.038139e-02 5.428954e-01 -1.739864e-01 7.856164e-01 -4.140011e-01 1.535434e+00 -9.432096e-01 3.563519e-01 -1.075388e+00 -1.709573e+00 -9.200254e-01 -4.348990e-01 -6.037998e-03 2.930589e-01 4.756557e-02 3.307395e-02 3.710404e-02 -9.718229e-02 -3.390660e-02 -4.890525e-02 -3.846714e-01 -2.197489e-01 -3.734016e-01 5.464213e-01 2.654574e-01 -3.958116e-03 
3.170662e+00 4.817742e+00 1.703707e+01 -1.017509e+01 -7.131704e+00 7.175938e-01 -1.260424e+01 -5.055155e+00 -9.644320e+00 -9.274423e-01 -1.029545e+01 -9.622002e-01 9.355083e-01 3.679078e-01 5.952120e-01 -1.756100e-03 8.113976e-01 -3.729794e-01 1.400531e+00 -8.040549e-01 -6.884933e-02 -1.336784e+00 -2.177544e+00 5.369768e-02 -1.069935e-01 -1.178487e-02 3.157654e-01 6.687866e-02 7.063580e-02 1.782133e-01 -1.812845e-02 -3.571347e-01 -1.337849e-02 -6.677318e-01 2.301081e-02 -1.044256e-01 8.982977e-01 3.399312e-01 -7.249488e-03 
4.192425e+00 5.536993e+00 1.738567e+01 -9.615550e+00 -7.279312e+00 2.386269e+00 -1.294311e+01 -5.265500e+00 -1.127318e+01 -3.283795e+00 -9.359368e+00 -5.035457e-01 9.260217e-01 6.735204e-01 7.419888e-01 -7.430913e-02 8.349079e-01 -4.182719e-01 9.437935e-01 -1.218853e+00 -8.750900e-01 -1.384343e+00 -2.089725e+00 1.346708e+00 2.528038e-01 -2.092547e-02 2.235718e-01 -2.520254e-03 3.203056e-02 1.951066e-01 -3.079353e-02 -6.975862e-01 -4.935321e-02 -6.231181e-01 3.464228e-01 2.752622e-01 4.808670e-01 1.070249e-01 -1.048962e-02 
5.005003e+00 5.939370e+00 1.787956e+01 -8.788119e+00 -6.997263e+00 2.845794e+00 -1.378048e+01 -6.102327e+00 -1.296398e+01 -6.039629e+00 -6.433807e+00 5.894064e-02 8.963495e-01 9.544903e-01 7.302721e-01 4.533681e-02 1.649487e+00 -3.906243e-01 -1.213848e-01 -9.447024e-01 -2.074563e+00 -5.876868e-01 -1.526921e+00 2.171234e+00 6.671593e-01 -3.335777e-02 9.190588e-02 -5.108347e-02 -1.309571e-01 -6.462222e-02 -2.018595e-02 -5.445547e-01 8.803298e-02 -5.429341e-02 5.518590e-01 5.254146e-01 -5.568930e-01 -3.327570e-01 -1.132579e-02 
5.706856e+00 7.638578e+00 1.675956e+01 -7.161032e+00 -8.205847e+00 3.159870e+00 -1.685637e+01 -8.790939e+00 -1.337812e+01 -6.218495e+00 -3.453182e+00 9.518941e-01 8.572435e-01 8.449668e-01 4.626949e-01 -3.753340e-02 1.341983e+00 -5.590945e-01 -1.191453e+00 -1.119579e+00 -1.756406e+00 2.821783e-01 -6.586636e-01 4.255982e-01 -2.868922e-01 -4.770116e-02 2.710858e-02 -1.568647e-01 -2.358996e-01 -5.468413e-01 9.334248e-02 -3.175369e-02 1.621533e-01 5.997874e-01 5.534301e-01 5.762565e-01 -1.314986e+00 -5.063302e-01 -1.013507e-02 
7.185942e+00 7.418668e+00 1.757643e+01 -3.155137e+00 -8.621644e+00 -2.765788e-01 -1.537139e+01 -1.366523e+01 -1.153031e+01 -7.094548e+00 -2.392581e+00 1.645901e+00 8.030993e-01 7.416567e-01 4.794980e-01 -6.748686e-01 2.348605e-01 -4.035490e-01 -2.545321e-01 -4.134619e-01 1.003095e-01 5.891737e-01 -2.660302e-01 -2.270243e+00 -1.501009e+00 -5.502588e-02 -8.486024e-02 -2.525887e-01 -4.549555e-01 -9.051059e-01 1.772886e-01 1.163901e-01 2.454396e-01 7.756228e-01 2.255142e-01 2.945609e-01 -1.219301e+00 -1.117946e-01 -8.266001e-03 
7.326602e+00 7.111016e+00 1.735013e+01 -5.722548e+00 -9.262665e+00 -2.009588e+00 -1.774595e+01 -1.026600e+01 -1.057921e+01 -6.049684e+00 -9.251760e+00 -2.731443e+00 7.341455e-01 9.155252e-01 8.294607e-02 -8.936925e-01 -1.192055e+00 5.499544e-02 8.515182e-01 -6.736439e-01 1.036443e+00 7.942827e-01 1.611294e-01 -3.007591e+00 -1.194816e+00 -6.076595e-02 -3.609327e-01 -3.510775e-01 -5.594587e-01 -2.425516e-01 4.907149e-01 -3.212334e-01 8.555625e-01 4.986461e-01 -9.904989e-02 2.540263e-01 2.636103e-01 6.474167e-01 -1.113724e-02 
7.903305e+00 8.600932e+00 1.420963e+01 -8.332517e+00 -8.486856e+00 4.158039e+00 -1.540302e+01 -4.863382e+00 -1.141723e+01 -7.454111e+00 -1.488551e+01 -5.604379e+00 6.827595e-01 4.949129e-01 -3.426706e-01 -1.801437e+00 -1.608963e+00 1.888500e-01 -5.609464e-01 5.955761e-02 4.071380e-01 2.838704e-01 -4.639867e-01 -2.208770e+00 5.620991e-01 -6.815188e-02 -8.712994e-01 -5.099898e-01 -8.745059e-01 9.145126e-01 7.190062e-01 -8.229789e-01 1.140948e+00 2.634384e-01 6.888831e-02 3.535902e-01 1.758207e+00 8.296667e-01 -3.163147e-02 
9.925912e+00 7.462258e+00 1.397445e+01 -1.053258e+01 -7.998641e+00 5.200561e+00 -2.020887e+01 -8.009825e+00 -9.463177e+00 -5.233355e+00 -1.224462e+01 -1.396755e+00 6.135772e-01 -8.362186e-01 -8.816397e-01 -2.271535e+00 1.051042e+00 1.598200e+00 -2.644413e+00 2.921667e+00 5.834972e-01 -6.044190e-02 7.104517e-01 1.713030e+00 1.918576e+00 -9.681825e-02 -1.285916e+00 -6.126457e-01 -1.184831e+00 1.783605e+00 8.900533e-01 -2.711345e-01 1.370545e+00 5.989143e-01 4.454400e-01 4.400689e-01 2.070572e+00 1.866627e-01 -4.462070e-02 
8.360627e+00 5.529448e+00 1.025749e+01 -8.794391e+00 -8.309103e+00 -6.685956e+00 -1.384223e+01 -1.275791e+01 -1.066888e+01 -9.822957e+00 -1.193979e+01 3.789194e+00 5.226108e-01 -2.738978e+00 -1.588094e+00 -4.358433e+00 3.685801e+00 2.419759e+00 -2.621470e+00 3.493747e+00 1.643860e+00 1.361071e+00 1.227343e+00 4.160464e+00 1.090661e+00 -1.951545e-01 -1.063815e+00 -4.798982e-01 -9.462249e-01 1.576910e+00 9.798976e-01 1.238350e+00 6.932628e-01 9.564716e-01 8.933566e-01 5.777916e-01 1.362733e+00 -6.280527e-01 -3.530813e-02 
2.916754e+00 4.238485e+00 7.968362e+00 -2.360569e-01 -1.360092e+00 -9.809527e+00 -3.917753e+00 -3.401208e+00 -1.125553e+01 -1.312905e+00 -2.159731e+00 2.164803e+00 3.301197e-01 -3.897084e+00 -2.357674e+00 -5.539250e+00 5.078520e+00 3.389782e+00 5.261724e-01 4.461966e+00 3.412540e+00 2.482892e+00 1.515851e+00 4.160683e+00 -5.257232e-01 -2.203659e-01 -2.645575e-01 -1.750158e-01 -3.632475e-01 1.237152e-01 3.277149e-01 2.068153e+00 -3.358071e-01 5.029554e-01 1.023483e+00 1.556686e-01 -2.448418e-01 -7.305947e-01 1.331443e-03 
-2.286916e+00 2.272423e+00 -4.579510e+00 4.948043e+00 2.927022e-01 -1.444572e+00 -6.079963e+00 1.052019e+00 -3.715542e+00 -3.277701e+00 8.741581e-01 -1.931810e+00 -1.512926e-01 -3.293862e+00 -2.004083e+00 -4.898587e+00 4.261804e+00 4.192460e+00 4.045549e+00 2.755641e+00 3.774955e+00 3.479135e+00 2.022266e+00 3.381223e+00 -1.355945e+00 -1.829194e-01 6.101671e-01 1.642054e-01 7.625096e-01 -1.079427e+00 -3.553303e-01 1.196339e+00 -5.865274e-01 -2.053716e-01 8.847528e-02 -8.998812e-02 -1.215004e+00 -3.369374e-01 5.143982e-02 
-4.235949e+00 -2.697503e+00 -6.303151e+00 7.988527e+00 4.649564e+00 5.210551e+00 -1.780143e+00 2.148461e+00 -5.255325e-01 -9.268329e-01 2.151774e+00 -1.164736e+00 -1.512926e-01 -1.881536e+00 -1.548766e+00 -3.817780e+00 1.381656e+00 2.350527e+00 4.362871e+00 1.611586e+00 2.032772e+00 3.997919e+00 1.091333e+00 8.784418e-01 -5.111691e-01 -9.628097e-02 1.004149e+00 6.094884e-01 1.325498e+00 -1.643916e+00 -1.164523e+00 -4.974233e-01 -7.215704e-01 -7.527344e-01 -6.689574e-01 -4.514006e-01 -1.363510e+00 -1.669825e-01 6.236529e-02 
-4.532054e+00 -1.022884e+00 -7.100165e+00 8.402019e+00 9.648140e+00 6.031302e+00 -1.132535e+00 3.342305e+00 1.361535e+00 9.548242e-02 2.810377e+00 -1.325740e+00 -1.512926e-01 -6.958390e-01 -1.171560e+00 -1.406556e+00 1.370790e-01 1.162695e+00 1.441905e+00 1.986291e+00 1.306983e+00 1.045971e+00 9.895766e-01 -2.734654e-01 -6.011980e-01 1.324384e-06 7.976025e-01 6.111313e-01 1.191835e+00 -1.476970e+00 -1.596279e+00 -1.640737e+00 -4.610294e-01 -8.893075e-01 -1.203427e+00 -8.703437e-01 -9.398434e-01 -9.112105e-03 4.621174e-02 
-5.368075e+00 -1.857539e+00 -9.860185e+00 4.945355e+00 5.715045e+00 8.266593e+00 1.666741e+00 5.617430e+00 6.195527e+00 2.457016e+00 1.264281e+00 -6.940322e-01 -1.512926e-01 -1.752865e-01 2.735925e-01 -6.577287e-01 -1.078645e+00 -9.178381e-01 -6.591144e-01 1.238801e+00 8.829333e-01 3.546744e-01 -2.247627e-01 -8.295661e-01 -1.737932e+00 1.324384e-06 4.048714e-01 3.963632e-01 7.144041e-01 -7.373753e-01 -1.151858e+00 -1.635210e+00 -4.784999e-01 -6.872784e-01 -1.142187e+00 -7.794789e-01 -1.167201e-01 2.645791e-01 1.925569e-02 
-5.199645e+00 -4.005510e+00 -9.833530e+00 7.154824e+00 5.573674e+00 4.236757e+00 2.128099e+00 5.852030e+00 -1.846480e+00 -2.183245e-02 -4.932452e-02 -5.173413e+00 -1.512926e-01 -1.589633e-01 1.404397e-01 -5.196117e-01 -1.892689e+00 -2.154784e+00 -1.647313e+00 6.369698e-01 -9.669045e-02 -7.163810e-01 -1.671494e+00 -4.640097e-01 -7.880953e-01 1.324384e-06 1.731175e-01 2.263519e-01 1.189610e-01 -1.574049e-01 -3.796088e-01 -7.632210e-01 -5.576856e-01 -5.453821e-01 -2.459696e-01 -4.027517e-01 3.526929e-01 7.411764e-01 -6.810977e-07 
-4.778389e+00 1.616155e-01 -8.225391e+00 3.218815e+00 2.097955e+00 2.812629e+00 2.783238e+00 5.308547e+00 2.851743e+00 -1.991808e+00 -5.657694e-01 -7.930724e+00 -1.512926e-01 -1.254744e-01 -2.229602e-01 -6.893459e-01 -1.290238e+00 -1.749961e+00 -2.268542e+00 -1.061485e-01 -7.017070e-01 -8.318048e-01 -1.475450e+00 3.901583e-01 9.051949e-01 1.324384e-06 1.061707e-01 -1.448041e-01 2.928481e-02 5.583400e-01 5.272927e-01 1.761480e-01 -4.365983e-01 -2.186093e-01 2.957471e-02 1.790610e-01 3.727103e-01 9.576423e-01 -6.810977e-07 
-5.621623e+00 -1.330536e+00 -1.051504e+01 -1.984261e-01 6.828586e-01 5.217961e-01 1.494045e+00 3.013334e+00 -5.485807e-01 -6.037495e+00 1.405359e+00 -1.648003e+00 -1.512926e-01 1.448590e-01 2.084694e-01 -7.958457e-01 -5.443195e-01 -3.192578e-01 -1.569581e+00 -1.296075e-01 -6.275920e-01 4.093583e-01 -3.988514e-01 8.803013e-01 1.783056e+00 1.324384e-06 1.566250e-01 1.238529e-02 2.782144e-01 9.036862e-01 1.052688e+00 1.020556e+00 -3.882529e-01 2.516372e-01 2.393404e-01 4.827600e-01 -5.189937e-02 3.188186e-01 -6.810977e-07 
-5.784643e+00 -4.309808e+00 -1.296671e+01 2.170527e+00 -5.898274e-01 -1.218406e+00 1.452880e+00 3.528393e+00 1.387465e+00 -1.912583e+00 2.487913e+00 2.069175e+00 -1.512926e-01 2.036226e-01 -4.845428e-01 -3.731744e-01 1.038753e+00 8.010293e-01 1.827728e-01 -5.609339e-01 5.537971e-02 -6.044190e-02 3.432065e-02 3.618282e-01 1.764684e+00 1.324384e-06 6.767529e-02 8.458901e-02 4.463641e-01 4.826598e-01 8.263622e-01 1.399120e+00 -4.225047e-01 3.563273e-01 1.786591e-01 3.812179e-02 -5.751287e-01 -3.445253e-01 -6.810977e-07 
-3.972303e+00 -7.272484e-01 -1.144219e+01 4.957898e+00 5.320731e+00 -1.595216e+00 2.145670e+00 3.604192e+00 9.322635e-01 -2.055798e+00 2.825132e+00 -1.258313e+00 -1.512926e-01 4.596337e-01 3.330844e-01 7.132907e-01 1.461137e+00 1.833204e+00 2.229756e+00 -1.076926e+00 7.829933e-01 9.470350e-02 -1.250384e-02 -7.094641e-01 3.763151e-01 1.324384e-06 -1.290224e-01 -2.462579e-01 3.863420e-01 -2.238800e-01 6.634085e-04 7.677341e-01 -2.855320e-01 5.836745e-02 -8.742340e-02 -1.996400e-01 -6.758444e-01 -6.056052e-01 2.417840e-02 
-4.584712e+00 -2.562818e+00 -9.627613e+00 5.834608e+00 3.784013e+00 4.785390e+00 -3.473719e-01 5.289976e+00 1.809174e+00 -3.810951e+00 5.333405e-01 6.978266e-01 -1.512926e-01 5.566059e-02 1.376241e-01 7.876742e-01 1.202477e-01 1.305653e+00 2.827539e+00 -1.744976e+00 3.745927e-01 2.186773e-01 -1.478183e+00 -1.690516e+00 -1.140718e-01 1.324384e-06 -2.232091e-01 -2.561949e-01 -1.858721e-01 -8.435472e-01 -7.950873e-01 -6.562153e-01 2.021858e-02 -4.744903e-01 -1.186718e-01 1.373202e-01 -9.921796e-02 -5.760967e-01 5.304042e-02 
-3.923613e+00 -5.389132e-01 -8.618411e+00 5.275521e+00 7.662015e+00 8.668977e+00 -2.990519e+00 6.047593e+00 -2.860478e-01 -5.150778e+00 -1.164630e+00 9.193345e-01 -1.512926e-01 -4.261374e-01 -1.333960e+00 5.553713e-01 -1.204345e+00 -5.684227e-01 9.468026e-01 -9.652824e-01 -4.953946e-01 -1.674049e-01 -6.408083e-01 -1.472626e+00 -3.055820e-01 1.208898e-01 -2.916020e-01 -1.061378e-01 -7.201399e-01 -8.012877e-01 -1.267033e+00 -1.745066e+00 4.405783e-01 -8.597341e-01 -2.220332e-02 6.975315e-01 6.519057e-01 -2.178496e-01 6.554189e-02 
-5.530735e+00 -3.716022e+00 -1.043978e+01 2.612689e+00 4.767720e+00 7.787088e+00 -4.704422e+00 4.179512e+00 3.090147e+00 -7.755777e+00 -3.969987e+00 4.099177e-01 -1.512926e-01 -4.695256e-01 -9.321397e-01 -1.223509e+00 -1.846070e+00 -1.973614e+00 -2.456854e+00 -5.157220e-01 -1.677875e+00 -5.226718e-01 1.035126e+00 2.474141e-01 -7.748137e-01 2.047534e-01 -3.175521e-01 6.864603e-01 -3.502875e-01 -1.818820e-01 -8.853431e-01 -1.426610e+00 6.707613e-01 -7.776325e-01 2.847989e-01 9.198688e-01 1.005773e+00 1.195660e-01 4.430168e-02 
-5.629918e+00 -6.820758e+00 -8.259362e+00 5.470234e-01 1.987076e+00 1.637843e+00 -5.024967e-01 1.682672e+00 -5.453396e-01 -3.287452e+00 -2.286413e+00 -2.642224e+00 4.531650e-01 -7.358572e-01 3.373533e-01 -1.881812e+00 -1.562209e+00 -2.862494e+00 -3.853396e+00 5.113574e-01 -2.489396e+00 3.544073e-01 2.218492e+00 1.581115e+00 -3.825678e-01 2.253333e-01 -3.465507e-01 1.352361e+00 5.493297e-01 5.818233e-01 1.691500e-01 7.897595e-02 6.731045e-01 -2.956975e-01 6.402273e-01 1.514653e-01 6.055827e-01 2.749774e-01 -2.170816e-02 
-6.079306e+00 -4.082633e+00 -1.592428e+01 -1.031233e+00 -3.246425e+00 -3.983149e+00 -4.169768e+00 -9.172546e-01 -6.746253e-01 4.334102e-01 2.331360e+00 -1.395474e+00 5.702373e-01 -1.377307e+00 2.734376e+00 2.550084e-01 -6.103086e-01 -1.974176e+00 -1.905333e+00 8.704939e-01 -2.516565e+00 1.381733e+00 1.691489e+00 1.811584e+00 5.221746e-01 1.692860e-01 -1.425056e-01 1.053249e+00 1.762347e+00 1.069220e+00 1.239875e+00 1.493616e+00 6.856819e-01 9.658764e-02 4.205460e-01 -7.376285e-01 -2.282305e-01 1.674822e-01 -6.229902e-02 
-7.328649e+00 1.331026e+00 -1.528563e+01 -7.136105e-01 -2.643173e+00 -4.713194e+00 -7.007955e-01 -3.851458e+00 3.368166e+00 1.846978e+00 3.590262e+00 -9.078225e-02 6.146137e-01 -1.705035e+00 3.594601e+00 2.562894e+00 1.086842e+00 2.775244e-01 1.065908e+00 1.707129e+00 -1.554510e+00 2.081491e+00 -2.116446e-01 7.731065e-01 4.207729e-01 3.008232e-02 4.146027e-01 1.212919e-01 1.875856e+00 9.482470e-01 1.400085e+00 1.487331e+00 4.099447e-01 4.018986e-01 -3.309862e-01 -9.048110e-01 -4.485790e-01 1.114863e-01 -6.876495e-02 
-1.156790e+01 5.879852e+00 -5.652474e+00 1.913222e-01 -2.787663e+00 1.435652e+00 -2.524897e-01 -5.636539e+00 8.041540e+00 -1.865657e+00 2.149615e+00 1.745374e+00 6.144204e-01 -6.974186e-01 2.705493e+00 5.366004e+00 2.175397e+00 2.655774e+00 2.551716e+00 2.314931e+00 -1.662418e+00 7.165319e-01 -1.437918e+00 -4.898240e-01 -3.391440e-01 -9.118868e-03 1.036157e+00 -9.602814e-01 5.842007e-01 3.617912e-01 4.505250e-01 6.824216e-03 8.992821e-02 7.148141e-01 -5.715463e-01 -2.336320e-01 -6.667660e-02 1.110479e-03 -4.657175e-02 
-1.141065e+01 6.171017e+00 -5.813753e-01 5.370046e+00 3.145418e+00 4.257935e+00 6.074495e+00 -3.730557e+00 5.504082e+00 -3.196038e+00 1.670239e+00 -2.108708e+00 5.814807e-01 9.971413e-01 9.581578e-01 4.941835e+00 1.786007e+00 1.823089e+00 1.354645e+00 1.839032e+00 -9.070593e-01 -9.679801e-01 -7.409253e-01 4.887119e-01 6.055229e-01 -2.929075e-02 1.256850e+00 -1.273498e+00 -7.903762e-01 -3.875835e-01 -6.216169e-01 -1.159648e+00 -4.273634e-01 7.917615e-01 -3.344776e-01 3.339625e-01 2.477850e-01 2.392159e-01 -1.534881e-02 
-7.525572e+00 7.024952e+00 3.553689e+00 6.803603e+00 7.138111e+00 4.289902e+00 4.017209e+00 -9.289701e+00 1.840145e+00 -4.234503e+00 8.421277e-01 -2.082302e+00 5.412151e-01 2.452329e+00 -7.487594e-01 1.986463e+00 8.490675e-01 -4.941340e-01 -2.015662e+00 1.254262e+00 7.338392e-01 4.865862e-02 7.879763e-01 1.620274e+00 4.353270e-01 -3.388145e-02 8.477442e-01 -1.071833e+00 -1.722942e+00 -7.053668e-01 -1.063980e+00 -1.307617e+00 -4.393205e-01 8.736377e-01 3.287561e-01 3.680642e-01 2.058638e-01 4.461266e-01 -4.611881e-03 
-4.363985e+00 5.549287e+00 4.821072e+00 4.910412e+00 1.509256e+00 6.332809e-01 6.359142e+00 -6.559778e+00 1.629110e+00 -6.730062e-01 6.687852e+00 4.850586e+00 5.047618e-01 3.004370e+00 -1.045765e+00 3.006037e-01 -1.879244e-01 -1.255677e+00 -2.448579e+00 1.006109e-01 1.206178e+00 7.431613e-01 3.453300e-01 9.569784e-01 1.229601e+00 -3.427591e-02 2.662489e-01 -5.193258e-01 -1.436451e+00 -4.229392e-01 -1.679604e-01 -2.586825e-01 -1.300896e-01 4.657773e-01 4.050789e-01 -3.230349e-01 -4.395135e-01 1.505499e-01 -9.803050e-04 
-2.829356e+00 2.447066e+00 1.578663e+00 4.666707e+00 -4.440803e+00 -6.830206e+00 5.876699e+00 -5.526585e-01 1.022247e+01 8.124744e-01 7.742335e+00 4.424773e-01 4.833642e-01 2.537631e+00 -1.651673e+00 -9.281386e-01 -3.645189e-01 -1.124857e+00 -2.084869e+00 9.874692e-01 1.649140e+00 1.504817e+00 -1.405880e-01 3.053868e-01 1.579537e+00 -2.968521e-02 -7.110351e-02 6.872182e-02 -6.161859e-01 -5.635859e-02 4.151359e-01 9.371743e-01 -6.210287e-02 -2.197077e-01 -3.204420e-01 -5.610890e-01 -6.691371e-01 1.161585e-01 -8.245489e-04 
1.263106e+00 3.231423e+00 1.908966e+00 5.499514e+00 2.656510e+00 -2.425159e+00 5.647777e+00 -2.067893e+00 5.028714e+00 -3.993169e+00 3.005078e+00 2.777026e+00 4.390053e-01 2.285727e+00 -1.187001e+00 -7.830325e-01 2.780073e-01 1.298685e+00 9.588851e-02 1.321867e+00 9.641526e-01 3.292919e-01 -1.891769e+00 -1.051503e+00 7.862169e-01 -3.628901e-02 -6.688269e-02 3.615035e-01 -1.889473e-01 5.017939e-02 2.164269e-01 1.093348e+00 -1.042112e-01 -3.727293e-01 -4.524533e-01 -1.238705e-01 -2.073747e-01 -1.059281e-01 -7.056824e-04 
2.348707e+00 -7.450209e-02 3.692923e-01 4.686867e+00 9.403064e-01 -4.605306e+00 9.310028e+00 -3.290162e+00 7.664487e+00 -3.277701e+00 4.210356e+00 6.852104e+00 4.256537e-01 2.456226e+00 -3.344961e-01 -5.525601e-01 3.342450e-01 3.043852e-01 1.398024e+00 3.331753e-01 -2.436724e-01 -1.346581e+00 -8.988896e-01 -7.212774e-01 1.237793e+00 -3.700313e-02 5.329326e-02 6.358135e-01 4.257424e-02 1.928577e-01 1.004294e-01 9.908226e-01 -4.838754e-01 -3.425644e-01 -5.840107e-01 4.136428e-01 2.924311e-01 -1.794183e-01 -3.921208e-04 
4.475547e+00 8.752773e-01 1.510198e+00 6.290210e+00 5.312068e+00 3.350054e-04 1.125185e+01 -3.703604e-01 4.554066e+00 -8.087002e+00 3.196181e+00 5.576639e+00 3.521849e-01 2.710552e+00 1.031097e-01 -8.319559e-01 -2.862403e-01 -8.881676e-01 1.276536e+00 -9.324603e-02 2.889572e-01 -9.339470e-02 1.051040e-01 4.334737e-01 8.707581e-01 -3.414669e-02 -1.794377e-01 6.542852e-01 3.916951e-02 3.474606e-01 1.218542e-02 4.679553e-01 -5.220210e-01 -4.547770e-02 -3.125863e-01 1.189503e+00 5.975128e-01 -5.058384e-01 1.169539e-03 
7.845598e+00 1.952756e+00 -9.848472e-01 5.942573e+00 -4.246418e+00 -1.052577e+00 4.740120e+00 -2.619714e+00 3.726493e+00 -1.634988e+00 4.040487e+00 5.231559e+00 3.417496e-01 2.591550e+00 8.822262e-01 -6.906772e-01 8.819285e-01 4.708323e-01 2.278777e+00 -7.242941e-01 2.739806e-01 -1.203904e+00 9.291785e-01 1.025233e+00 6.401188e-01 -3.271847e-02 -6.614703e-01 6.704729e-01 1.805207e-01 3.519585e-01 6.042891e-01 5.703950e-02 -3.027958e-01 5.271775e-01 5.139620e-02 9.625234e-01 2.762915e-01 -9.504330e-01 -1.668911e-03 
1.206790e+01 2.733480e+00 -1.573853e+00 3.440120e+00 8.086373e-01 2.181681e+00 7.466603e+00 -9.585654e-01 6.530445e+00 -4.289047e+00 5.257642e+00 7.941184e+00 3.102328e-01 1.320867e+00 1.476146e+00 -5.182804e-01 1.741524e+00 1.276320e+00 1.995306e+00 -7.593760e-01 4.779889e-01 -1.304989e+00 3.141681e+00 1.062751e+00 -1.444145e+00 -3.258245e-02 -1.165779e+00 5.381262e-01 2.779948e-01 1.211001e-01 4.588007e-01 -3.823297e-01 -3.205764e-01 6.289102e-01 1.076084e-01 4.418964e-01 -3.216101e-01 -1.132542e+00 -7.536407e-03 
1.151067e+01 3.407743e+00 -1.541973e+00 1.052144e+01 5.545954e+00 5.698047e+00 7.581566e+00 -1.626360e+00 6.567660e-01 -5.310094e-01 8.305926e+00 8.870543e+00 2.830378e-01 -1.563305e-01 2.331466e+00 1.932718e-01 1.080163e+00 2.243534e+00 1.323928e+00 -8.477740e-01 2.297647e+00 -4.838410e-01 2.395496e+00 3.455302e-01 -2.356920e+00 -4.613012e-02 -1.304324e+00 -1.163954e-01 1.413663e-01 -4.573535e-01 -7.061764e-02 -5.182542e-01 -1.440108e-01 5.890564e-01 7.311793e-01 -3.430646e-01 -7.271456e-01 -6.163195e-01 -1.573615e-02 
9.247141e+00 7.528204e+00 -8.024487e-01 1.270851e+01 6.797504e+00 6.601513e+00 6.034334e+00 1.522735e+00 -4.355007e-01 7.069471e+00 6.377625e+00 -3.463649e+00 2.186340e-01 -1.744316e+00 2.069248e+00 1.158930e-01 2.201666e-01 5.193841e-01 -1.574925e-01 -1.634292e+00 2.421588e+00 8.455046e-02 1.581351e+00 -8.348165e-01 -3.293395e+00 -6.512542e-02 -9.745530e-01 -7.703960e-01 4.674778e-02 -4.684415e-01 -2.494375e-01 -2.890561e-01 1.327602e-01 3.873629e-02 6.327906e-01 -1.110225e+00 -6.459756e-01 5.682356e-01 -1.834096e-02 
8.474236e+00 1.121248e+01 -4.047257e-01 6.709077e+00 3.976666e+00 3.356866e+00 1.217933e+00 7.628015e+00 4.790669e+00 4.663145e+00 5.208336e+00 -8.506772e-01 1.569181e-01 -2.397455e+00 3.744674e-03 -3.009542e-01 -6.439711e-01 4.961197e-01 7.638817e-01 -1.006976e+00 2.247341e+00 1.757217e+00 -5.944771e-03 -1.661858e+00 -1.516757e+00 -9.513160e-02 -5.972592e-01 -1.246251e+00 -2.093757e-01 8.124643e-02 -2.502605e-01 -8.202715e-02 3.581879e-01 -8.190072e-01 -7.199124e-02 -9.707848e-01 2.968982e-02 1.169612e+00 -1.048758e-02 
4.864344e+00 9.177114e+00 -1.562878e+00 6.447005e+00 4.190802e+00 2.564485e+00 2.477005e+00 6.522478e+00 4.886463e+00 1.020594e+00 2.631870e+00 -3.665160e+00 4.766351e-02 -2.431470e+00 -1.211979e+00 -3.753340e-02 2.614432e-01 9.028531e-01 8.300793e-01 -1.604447e-02 6.967818e-01 7.384411e-01 -1.208806e+00 -1.163292e+00 9.768522e-01 -9.978351e-02 -9.533411e-02 -1.068948e+00 -3.273331e-01 3.535799e-01 3.527518e-02 -1.906895e-02 3.151148e-01 -7.654932e-01 -4.396397e-01 -5.440199e-01 5.635567e-01 1.000008e+00 5.573748e-03 
1.715019e+00 2.601869e+00 -2.666154e+00 1.043229e+01 9.330055e+00 1.153601e+01 4.325450e+00 7.110682e+00 6.781454e+00 2.463719e+00 1.869619e+00 1.387475e+00 -1.071270e-01 -2.799111e+00 -2.259217e+00 -7.770419e-01 1.465813e+00 8.004673e-01 4.198552e-01 1.339867e-01 -9.349005e-01 -1.170773e+00 -1.063413e+00 6.581454e-01 1.355976e+00 -8.123708e-02 3.301865e-01 -2.846036e-01 -4.362295e-01 1.885166e-01 -2.558386e-01 -5.308226e-01 1.593966e-01 -5.136399e-01 -3.219084e-01 -2.342945e-02 4.775657e-01 -9.521367e-02 2.275611e-02 
4.692832e-01 5.773669e+00 1.409022e-01 1.215390e+01 8.634981e+00 6.662650e+00 4.400753e+00 5.264962e+00 2.261134e+00 2.124877e+00 2.230591e+00 3.017276e-01 -1.482709e-01 -2.020125e+00 -2.144139e+00 -1.282583e+00 9.330902e-01 5.436600e-01 -8.076360e-02 -6.291784e-01 1.852730e-01 -6.496738e-01 -6.100171e-01 8.229849e-01 2.702210e-01 -4.420542e-02 5.373971e-01 1.531030e-02 -5.283219e-01 -5.264960e-01 -5.935434e-01 -3.128545e-01 1.863087e-01 -4.159090e-02 4.399235e-01 2.973753e-01 -6.982069e-02 -8.000451e-01 2.704760e-02 
-3.324188e+00 1.617720e+00 -5.141862e+00 1.118446e+01 5.756971e+00 3.407614e+00 9.257563e-01 3.582211e+00 2.491017e-01 -1.206560e+00 8.699648e+00 3.946095e+00 -1.512926e-01 -9.520608e-01 -9.531208e-01 -1.859513e+00 -3.724467e-02 -6.033755e-01 -1.434679e+00 9.666555e-02 -6.510517e-02 8.417526e-01 -4.225370e-01 -2.670119e-01 -1.639632e+00 -9.132470e-03 6.046175e-01 3.342167e-01 -7.351603e-02 -7.827206e-01 -6.271951e-01 -7.143714e-02 2.038137e-01 3.588340e-01 7.750318e-01 6.952288e-01 -5.296442e-01 -6.257693e-01 2.060831e-02 
-2.716829e+00 -1.051666e+00 -6.737981e+00 1.073603e+01 8.695619e+00 6.225102e+00 1.030679e+00 9.213364e+00 4.904109e+00 -1.943005e-01 3.331860e+00 -3.593118e+00 -1.512926e-01 -6.680369e-01 -1.788459e+00 -2.137744e+00 -1.619516e+00 -1.362784e+00 1.931788e-01 9.342598e-01 5.384365e-02 1.931867e+00 -4.238406e-02 -1.049753e+00 -1.525505e+00 -6.039680e-04 2.879393e-01 2.959111e-01 4.074843e-01 -3.978345e-01 -3.998181e-01 2.029140e-01 4.227205e-02 1.702397e-01 1.369714e-01 7.144178e-01 -2.654880e-01 1.619669e-01 9.754569e-03 
-1.451978e+00 1.248874e+00 -8.523814e+00 1.095465e+01 6.282955e+00 4.581201e+00 6.493684e+00 4.810922e+00 9.668957e+00 1.510879e+00 -1.621447e-02 -4.863199e+00 -1.512926e-01 -4.521492e-01 -7.660166e-01 -7.169693e-01 -1.171350e+00 -1.382339e+00 -7.424415e-02 3.712429e-01 9.249830e-01 1.413617e+00 2.128851e+00 -1.053800e+00 -8.750225e-01 1.324384e-06 6.470509e-02 1.967812e-01 7.363152e-01 1.329725e-01 3.223197e-01 5.147375e-01 -3.515891e-01 1.898708e-01 -7.225161e-01 3.060378e-01 1.387374e-01 7.121246e-01 1.886837e-03 
-3.806758e+00 -2.983917e+00 -8.856731e+00 4.171682e+00 1.557765e+00 7.041459e+00 6.287855e+00 4.920074e+00 7.210366e+00 5.543817e-01 1.339858e+00 -2.920904e+00 -1.512926e-01 -8.305318e-01 -7.581146e-01 1.836202e-01 -4.890167e-01 -1.066078e+00 2.537345e-01 -5.551758e-01 5.414475e-01 -2.507666e-01 1.686478e+00 -1.111418e-01 6.977786e-01 1.324384e-06 1.556480e-01 4.767009e-01 5.608069e-01 5.502332e-01 7.273277e-01 1.057419e-01 -3.930771e-01 -1.948942e-01 -8.707277e-01 -2.715350e-01 3.852866e-01 5.777205e-01 1.202348e-04 
-5.039870e+00 -1.246148e+00 -7.666698e+00 8.609884e+00 2.414308e+00 2.627620e+00 1.536462e-01 1.035377e+01 6.164196e+00 9.063519e+00 4.427011e+00 -7.650480e-01 -1.512926e-01 -5.472451e-01 -4.843612e-01 6.612056e-01 6.254059e-02 8.598084e-01 1.108786e+00 -9.165516e-01 6.403314e-01 -1.679494e+00 2.433000e-01 -4.266831e-02 8.094398e-01 1.324384e-06 2.621063e-01 3.510055e-01 8.414488e-02 2.678056e-01 6.765302e-01 4.423838e-02 1.838622e-01 -4.021056e-01 -4.730528e-01 -1.205805e+00 2.202218e-01 1.861357e-01 -6.810977e-07 
-5.075576e+00 -3.594749e+00 -6.247752e+00 9.463299e+00 5.299594e+00 8.470382e+00 1.424766e+00 9.148934e+00 5.402886e+00 4.461729e+00 5.549340e-01 -2.153317e+00 -1.512926e-01 1.577070e-01 4.542480e-01 -2.288967e-02 5.148470e-01 1.152692e+00 1.302410e-01 -3.872304e-01 -7.784141e-01 -8.751779e-01 -4.571543e-01 3.710163e-01 5.209817e-01 1.324384e-06 2.954038e-01 2.977543e-01 -1.660478e-01 -8.894237e-02 2.506729e-01 -4.028114e-01 3.604622e-01 -1.300860e-01 -3.910189e-02 -1.150870e+00 9.330528e-02 -3.137170e-01 -6.810977e-07 
-3.553932e+00 -8.678012e-01 -6.522656e+00 8.621531e+00 8.711210e+00 9.410610e+00 4.342017e+00 5.898268e+00 2.175063e+00 7.737757e-01 1.630117e-01 -1.200116e+00 -1.512926e-01 3.642219e-01 3.829486e-01 -1.927902e-01 -3.341960e-01 8.909400e-01 2.087252e-01 1.206598e+00 -4.256958e-01 -6.395207e-01 -2.828350e+00 -1.938349e-01 1.441647e-01 1.324384e-06 7.150529e-02 -4.022486e-02 -1.415557e-01 -2.858572e-01 -3.048072e-01 -4.918956e-01 7.542116e-02 2.938307e-03 2.057527e-01 -4.667519e-01 7.454553e-02 -4.430626e-01 -6.810977e-07 
-3.761314e+00 -9.021710e-01 -9.543992e+00 6.740437e+00 4.173130e+00 4.301490e+00 2.257621e+00 3.255893e+00 4.828843e+00 2.413441e+00 5.327101e+00 -9.872987e-02 -1.512926e-01 1.908800e-01 2.970260e-01 -2.195816e-01 -7.354743e-01 1.718793e-01 -1.310433e+00 1.854900e-01 4.239387e-01 -9.662879e-01 -2.532007e+00 4.310673e-01 -5.382096e-01 1.324384e-06 -1.573566e-01 -2.584789e-01 4.301356e-02 -4.042153e-01 -5.405970e-01 -1.549935e-01 -3.614098e-01 5.403000e-02 -1.110604e-01 2.099462e-01 -7.810014e-02 -2.614448e-01 -6.810977e-07 
-3.875645e+00 -6.777894e-01 -6.983095e+00 8.300325e+00 7.432288e+00 5.755588e+00 5.770270e+00 1.117203e+01 3.253645e+00 -4.054112e+00 1.071739e+00 -1.071416e+00 -1.512926e-01 -2.063533e-01 -6.068872e-01 5.182665e-02 -7.416191e-01 -1.738272e-01 -6.302783e-01 -8.258078e-01 5.384365e-02 -6.053210e-01 -1.053119e+00 3.000271e-01 -8.762950e-01 1.324384e-06 -1.511817e-01 -5.581157e-02 -2.675704e-03 -1.596016e-01 -6.220284e-01 -7.807045e-02 -6.608200e-01 -4.861788e-01 -6.151693e-02 8.895319e-01 3.608281e-02 -2.112628e-02 -6.810977e-07 
-3.960401e+00 -2.204869e+00 -7.116366e+00 5.946605e+00 6.798197e+00 3.745665e+00 1.638628e+00 8.631981e+00 3.230491e-02 -5.784583e+00 2.255783e+00 -4.908577e+00 -1.512926e-01 -3.437842e-01 -3.433064e-01 6.979850e-02 -1.302527e+00 -1.017864e+00 -2.253199e-01 -1.178120e+00 -7.480769e-01 -1.447577e+00 -2.950906e-01 -2.662462e-01 -2.760760e-01 1.324384e-06 -6.160668e-02 1.191282e-01 -1.438072e-01 2.504415e-01 -6.325635e-02 2.790806e-01 -1.580010e-01 -4.196526e-01 2.812027e-01 6.608346e-01 -3.054180e-01 4.114541e-01 -6.810977e-07 
-4.486250e+00 -3.250772e+00 -7.477505e+00 5.310464e+00 6.529315e+00 6.537180e+00 5.226325e-01 3.479502e+00 1.547001e+00 -3.932787e-01 3.198700e+00 -3.176509e+00 -1.512926e-01 -1.243160e-01 4.240934e-01 -3.508760e-01 -8.484842e-01 -1.624424e+00 -7.243088e-01 -1.415589e+00 -2.270507e+00 -7.064060e-01 5.008346e-01 3.351389e-01 -9.251894e-02 1.324384e-06 4.848622e-02 2.916638e-01 -8.762918e-02 5.259654e-01 3.022476e-01 1.899383e-01 8.844649e-02 9.486957e-02 7.317380e-01 3.090715e-01 -2.211563e-01 4.450376e-01 -6.810977e-07 
-5.174759e+00 -1.332212e+00 -8.947146e+00 1.722988e+00 -4.647418e-01 2.783859e+00 -1.009539e+00 3.361634e+00 -1.555497e+00 -8.924002e-01 2.932020e+00 -4.266332e-01 -1.512926e-01 -1.582261e-01 3.772265e-01 -7.372708e-01 5.701497e-01 5.808605e-01 1.319962e-01 -3.096023e-01 -5.120993e-01 4.902263e-01 -4.851592e-03 -1.113523e+00 1.127165e+00 1.324384e-06 1.064052e-01 4.996969e-02 9.029536e-02 6.748152e-01 5.301275e-01 8.252535e-02 3.458779e-02 4.978575e-01 1.084653e+00 2.119565e-01 7.779443e-02 2.425883e-01 -6.810977e-07 
-3.890071e+00 1.006050e+00 -7.821397e+00 6.169702e+00 2.941677e+00 2.614833e+00 1.609216e-02 2.454312e+00 5.155960e-01 -3.995607e+00 2.409457e+00 -3.775145e+00 -1.512926e-01 -5.660098e-02 4.911239e-01 1.721419e-02 9.519252e-01 5.380405e-01 1.408978e-01 -8.179170e-01 4.103061e-01 2.084519e+00 3.470609e-01 -3.819728e-01 6.473561e-01 1.324384e-06 4.661030e-02 -1.825888e-01 1.564679e-01 1.635689e-01 1.252566e-01 3.416315e-01 2.017117e-01 6.471894e-01 4.322074e-01 1.140009e-01 2.457938e-01 2.573602e-02 -6.810977e-07 
-5.049608e+00 -2.447134e+00 -1.063107e+01 8.367971e+00 1.149636e+01 6.366956e+00 3.444147e-01 6.583875e+00 2.999035e+00 -4.007491e+00 -2.917303e+00 1.026499e+00 -1.512926e-01 1.543370e-01 -1.270466e-01 3.372130e-01 1.171266e+00 5.516396e-01 -2.452544e-01 -1.304052e+00 4.008977e-01 2.580147e+00 8.415420e-01 4.811645e-01 5.668709e-01 1.324384e-06 4.434357e-02 -8.442059e-02 1.109434e-01 -5.358056e-01 -7.256808e-01 8.095431e-02 4.555678e-01 1.368921e-01 -5.873276e-01 2.135282e-01 6.515912e-01 -4.715172e-01 -6.810977e-07 
-4.831767e+00 -2.376887e-01 -6.549833e+00 6.747604e+00 3.238972e+00 5.449903e+00 -4.243566e+00 3.919898e+00 9.692004e+00 2.899765e+00 4.213595e+00 -6.660873e-01 -1.512926e-01 -4.743892e-02 -2.367660e-01 -1.057599e-01 -3.312572e-01 -9.835852e-01 1.172351e+00 9.026762e-02 5.089981e-01 4.097145e-01 6.475939e-01 7.666529e-01 3.162694e-01 1.324384e-06 -9.002830e-03 -1.313811e-01 -1.799962e-01 -7.601787e-01 -3.910394e-01 -8.994057e-02 8.200358e-01 -5.849003e-02 -1.200285e+00 -6.524336e-02 1.641522e-01 -3.183189e-01 -6.810977e-07 
-3.932269e+00 -1.345625e+00 -7.897179e+00 7.290116e+00 2.145079e+00 1.401905e-01 -5.400225e+00 4.633172e+00 6.756966e+00 -1.324436e-01 4.436008e+00 8.534461e-01 -1.512926e-01 5.903054e-02 3.190970e-01 -1.212356e-01 -1.467366e+00 -2.286728e+00 2.091479e-02 1.514231e+00 1.229665e-01 -1.608957e+00 9.125075e-01 1.569958e+00 -1.064862e+00 1.324384e-06 -5.812841e-02 -5.969580e-04 -1.276622e-01 -6.042682e-01 9.165076e-02 -2.803862e-01 4.989855e-01 -4.271988e-03 -8.164009e-01 -4.115650e-02 -3.525794e-01 -1.868656e-01 -6.810977e-07 
-4.685698e+00 -7.283661e-01 -9.716983e+00 5.051976e+00 2.699475e+00 1.158996e+01 3.339479e+00 5.974825e+00 6.852161e-01 -2.695393e+00 2.566010e+00 -2.107170e+00 -1.512926e-01 -5.386290e-02 -3.888109e-01 -6.535686e-01 -1.529615e+00 2.060526e-03 -4.418410e-01 1.873048e+00 2.566999e-01 -1.822259e+00 -1.469020e-02 -1.055633e-01 -1.283078e-01 1.324384e-06 6.043590e-03 -6.646983e-02 6.629752e-02 4.447854e-02 5.447586e-01 -9.570415e-01 -3.804653e-01 4.543724e-03 3.331204e-01 -7.847468e-02 -6.550934e-01 1.657960e-01 -6.810977e-07 
-4.827439e+00 -6.062556e-01 -9.653222e+00 1.878887e+00 3.325495e-01 3.401620e+00 4.124139e+00 6.171146e+00 -5.420984e-01 3.352570e+00 5.756452e+00 -3.577223e+00 -1.512926e-01 -1.330568e-01 -5.402148e-02 -2.704982e-02 -1.251098e+00 5.171363e-01 -8.400292e-01 2.994796e-01 5.056380e-01 -3.857841e-01 9.668932e-01 -8.456453e-01 -1.451683e-01 1.324384e-06 2.366940e-02 -1.434417e-01 1.059461e-01 5.280574e-01 5.479135e-01 -6.317186e-01 -7.477589e-01 5.597341e-02 9.597289e-01 -3.911652e-01 -7.873026e-01 4.325668e-01 -6.810977e-07 
-4.653238e+00 -2.551361e+00 -8.939307e+00 1.804969e+00 4.155459e+00 1.609872e+00 3.594753e-01 4.434577e+00 4.230311e+00 1.083974e+00 3.025592e+00 9.075412e-01 -1.512926e-01 7.872371e-02 -3.826346e-01 1.784617e-01 -2.171787e-01 3.383265e-01 -3.182519e+00 -1.204778e+00 3.403193e-01 1.463670e+00 2.279955e-01 -1.301114e+00 6.854513e-01 1.324384e-06 4.965867e-02 3.610251e-03 9.227230e-02 5.719383e-01 -1.165685e-01 -2.725310e-01 -4.042073e-01 5.951985e-03 6.996516e-01 -3.869619e-01 -2.547981e-01 1.138751e-01 -6.810977e-07 
-4.613925e+00 -7.043352e-01 -8.421378e+00 2.657936e+00 4.003000e+00 9.301741e-01 -2.412691e+00 7.931592e+00 3.055215e+00 2.812617e+00 -2.197274e-02 -1.379835e+00 -1.512926e-01 1.111595e-01 -4.013450e-01 -7.580312e-03 5.167171e-01 2.848296e-01 -1.767296e+00 -6.855868e-01 3.610561e-01 1.546765e+00 -1.164623e+00 -1.768943e+00 6.911775e-01 1.324384e-06 4.043541e-02 -1.005316e-02 -7.302180e-02 4.057767e-01 -2.766423e-01 8.398002e-02 1.639452e-01 -2.756462e-02 1.437098e-01 -4.812990e-01 2.382085e-02 -3.261351e-02 -6.810977e-07 
-4.398969e+00 -2.592437e+00 -9.439988e+00 3.576756e+00 2.556025e+00 -3.086475e+00 5.838792e-01 6.796114e+00 6.204530e+00 -1.285786e+00 -1.050184e+00 2.214823e-01 -1.512926e-01 7.240504e-02 -1.969836e-01 -2.021090e-01 4.461862e-01 -4.645759e-01 -1.341024e+00 3.445849e-01 3.586560e-01 7.097632e-01 -8.837673e-01 -9.179472e-01 2.295978e-02 1.324384e-06 -5.133750e-03 5.754267e-02 -9.559185e-02 1.255980e-01 -2.355379e-01 4.109321e-01 4.128736e-01 3.445281e-03 -2.344828e-01 -1.942670e-01 1.616893e-01 -1.993365e-01 -6.810977e-07 
