-1.375239e+00 3.665213e-01 -3.249009e-02 7.262481e+00 2.003417e+00 -7.956460e-01 4.643679e+00 1.814252e+00 6.053348e-01 4.464723e+00 -9.324940e-01 -1.944421e+00 -1.512926e-01 -3.173044e-01 4.469577e-01 -2.203105e-01 -1.587481e-01 -1.043506e-01 1.300757e+00 1.649648e-01 5.632826e-01 -5.985296e-01 -6.497620e-01 1.884263e-01 7.646563e-01 2.783298e-06 -1.981547e-02 -6.147316e-02 4.635112e-02 7.649316e-02 -4.240980e-02 -5.465840e-01 -3.955183e-01 -7.515906e-02 2.177213e-01 1.256853e-01 1.869281e-01 8.686432e-02 2.338015e-08 
-2.476313e+00 -8.566667e-01 -2.013281e+00 5.911530e+00 1.788444e+00 5.520300e+00 7.239379e+00 4.384224e+00 -6.115198e-01 4.945736e+00 -1.867797e-01 -1.785184e+00 -1.512926e-01 -3.931684e-01 5.802827e-01 3.180618e-02 5.785984e-01 -3.366836e-01 7.651175e-02 -7.810017e-01 4.057921e-01 -3.076673e-01 -6.457146e-01 9.115372e-01 9.865149e-01 2.783298e-06 2.172148e-02 -1.362373e-01 1.506026e-01 -1.060390e-02 -1.085183e-01 -7.952100e-01 -6.586411e-01 -1.685496e-01 3.523803e-01 2.394173e-01 -3.826972e-02 -3.306669e-02 2.338015e-08 
-2.410676e+00 3.212820e+00 -1.438351e-01 7.144725e+00 1.588766e+00 2.550315e+00 4.171075e+00 3.345589e+00 -1.779011e+00 9.758848e-01 -3.636450e-01 1.798804e+00 -1.512926e-01 -3.783125e-01 7.286632e-02 -1.147488e-01 -1.450626e-01 -2.002688e-01 -8.201006e-01 -1.339728e+00 2.661025e-01 3.448135e-01 -2.339003e-02 7.615932e-01 1.087833e+00 2.783298e-06 5.640143e-02 -1.895103e-01 3.021924e-02 -1.504569e-01 7.279053e-02 -4.031003e-01 -5.563934e-01 -2.270415e-01 5.311168e-01 3.460895e-01 -5.569034e-01 -3.347665e-01 2.338015e-08 
-2.823142e+00 1.844315e+00 1.823935e-01 1.021448e+01 5.275256e-01 -2.085977e+00 9.752966e-01 3.077529e+00 2.586461e-01 2.980948e+00 3.340174e+00 1.116424e+00 -1.512926e-01 -1.780555e-01 -4.727268e-02 4.798802e-01 -2.185083e-01 -5.990564e-01 -1.614846e+00 -2.375937e+00 -1.309561e-01 6.916539e-01 2.341448e-01 -2.896542e-01 4.376085e-01 2.783298e-06 5.123175e-02 -4.864551e-02 -6.217242e-02 -3.506419e-01 3.296719e-01 4.171219e-01 1.120137e-01 -1.394310e-01 1.950254e-01 1.513000e-01 -9.116672e-01 -2.719659e-01 2.338015e-08 
-3.093070e+00 -6.194751e-01 -1.703898e+00 4.386107e+00 1.632985e+00 -1.092867e+00 1.077165e+00 3.797892e+00 1.893747e+00 5.330182e+00 1.112032e+00 2.043855e+00 -1.512926e-01 -1.427976e-01 -1.868244e-01 -2.932877e-01 -5.122913e-01 3.909256e-01 1.309636e-01 -1.819522e+00 -3.036169e-01 1.557523e+00 6.408159e-01 -1.995535e+00 -6.348414e-01 2.783298e-06 7.725966e-02 2.027859e-01 -2.672055e-02 -7.132299e-02 2.934940e-01 7.392026e-01 6.657424e-01 1.355060e-01 -3.142422e-01 -2.730971e-01 -5.511655e-01 4.913247e-03 2.338015e-08 
-3.025491e+00 8.234904e-01 1.166420e+00 6.198358e+00 -1.228972e+00 -7.324643e-01 -3.093323e+00 3.503026e+00 1.010188e+00 3.939315e+00 -2.373068e+00 2.803127e-01 -1.512926e-01 -2.549098e-01 4.668587e-01 -1.897532e-01 -9.911332e-01 1.016152e+00 1.686527e+00 1.901989e-02 -6.436815e-03 6.100450e-02 -2.213584e-01 -2.268183e+00 4.880673e-01 2.783298e-06 7.754686e-02 1.048076e-01 -8.821935e-02 8.926740e-02 2.226769e-01 3.959419e-01 1.012399e+00 6.240525e-01 -2.100635e-01 -4.816734e-01 1.791542e-01 6.140172e-02 2.338015e-08 
-3.023937e+00 2.788878e+00 -2.102439e+00 6.591597e+00 4.421522e+00 2.528068e+00 -2.892370e+00 1.614529e+00 5.632705e+00 3.700409e+00 -7.485059e+00 -9.568743e-01 -1.512926e-01 4.626795e-02 8.298397e-01 8.646400e-02 -1.154106e-01 4.596558e-01 1.225194e+00 7.914335e-01 8.814205e-01 -9.111114e-01 -1.161048e+00 -1.004820e+00 1.087165e+00 2.783298e-06 6.239682e-02 -1.177138e-01 1.283495e-01 2.751298e-01 -2.582181e-01 -4.443074e-01 6.949431e-01 5.346244e-01 -2.152193e-01 -4.266001e-01 7.885457e-01 -6.008059e-02 2.338015e-08 
-4.132390e+00 2.474224e+00 -5.670283e-01 4.156538e+00 4.213779e+00 4.536089e+00 3.054974e+00 4.136930e+00 -1.305663e+00 2.689411e+00 -3.702033e+00 5.057433e+00 -1.512926e-01 1.151001e-01 -3.164484e-02 -1.510122e-01 2.950410e-02 4.799041e-01 -1.823439e-01 1.380565e+00 2.396785e+00 8.755980e-01 -1.273318e+00 1.106168e-01 -1.165039e-01 2.783298e-06 2.936830e-02 -4.085854e-01 6.353508e-02 3.000146e-01 -3.572876e-01 -7.100618e-01 -1.545695e-02 -1.034053e-01 7.113314e-02 1.245765e-01 7.009345e-01 -3.737093e-01 2.338015e-08 
-2.308142e+00 2.704210e+00 -4.051467e-01 4.830122e+00 1.209712e+00 2.399035e+00 1.960026e+00 7.888251e+00 -1.503880e+00 1.497859e-01 -3.247494e+00 5.091392e+00 -1.512926e-01 -1.582954e-02 -5.262415e-01 3.291207e-01 3.530911e-01 -6.321382e-01 -1.156194e+00 9.744728e-01 1.167727e+00 7.410338e-02 -9.662474e-01 7.578099e-01 -6.328390e-01 2.783298e-06 -6.185504e-02 -4.102607e-01 -2.331444e-03 1.759896e-02 -1.012920e-01 -2.072430e-01 -4.083557e-01 -8.478035e-01 -1.929662e-02 6.925338e-01 3.089052e-01 -3.075386e-01 2.338015e-08 
-2.807995e+00 7.081973e-01 -4.376052e-01 7.226290e+00 2.776822e+00 -1.579188e+00 1.383327e+00 1.235012e+01 8.956861e+00 -6.515988e-01 -3.938303e+00 -3.326161e+00 -1.512926e-01 -7.703568e-02 -8.981352e-01 6.654573e-03 2.746274e-01 -2.243196e-01 -6.731644e-01 -1.499114e-01 -6.666519e-01 -7.591797e-02 3.042696e-01 3.552690e-01 -5.204414e-01 2.783298e-06 -1.823585e-02 -2.892540e-02 5.049568e-02 -9.908345e-02 -1.850699e-01 3.030530e-01 -5.965331e-01 -1.156839e+00 -4.559778e-01 8.706904e-01 1.106076e-01 2.717357e-01 2.338015e-08 
-3.765366e+00 1.040866e+00 -5.218329e-01 6.822247e+00 1.979223e+00 -1.949748e-01 2.815611e+00 3.346721e+00 8.720480e-01 5.397229e-01 -3.577822e+00 7.059669e-02 -1.512926e-01 -1.668641e-01 -7.882519e-01 -4.006704e-03 -1.499285e-01 3.052742e-01 4.344698e-01 -4.850983e-01 -1.825733e+00 -5.316917e-01 1.512845e+00 4.174408e-01 -2.483910e-01 2.783298e-06 7.219768e-02 2.067108e-01 -1.355362e-02 -2.104018e-01 -2.095459e-01 3.563488e-01 -3.152389e-01 -2.888050e-01 1.587828e-01 5.175560e-01 -4.511821e-02 2.598603e-01 2.338015e-08 
-3.788669e+00 -1.184532e+00 -4.758158e-01 4.533572e+00 2.707574e+00 2.467556e+00 1.877641e+00 3.074509e+00 -2.873033e+00 4.015288e+00 -1.760566e+00 4.965195e+00 -1.512926e-01 9.935289e-02 -4.519711e-02 2.680811e-01 -2.144026e-01 -9.140939e-01 5.375932e-01 -8.723389e-01 -1.890623e+00 -1.101437e+00 1.840592e+00 8.338538e-01 1.049922e+00 2.783298e-06 1.202685e-01 3.283341e-01 -1.088078e-03 -5.329528e-02 -2.938831e-01 7.303768e-02 6.201987e-02 4.060078e-01 5.074100e-01 -2.279296e-01 -2.248446e-01 -1.097414e-02 2.338015e-08 
-2.651863e+00 -2.904093e-01 -4.059684e-01 5.427003e+00 2.770703e+00 2.547645e+00 -7.124932e-01 3.397313e+00 1.752546e+00 5.380068e+00 -2.249308e+00 -2.960622e-01 -1.512926e-01 2.571221e-01 8.092442e-02 1.306107e-01 -4.542038e-01 -1.335031e+00 2.021692e-02 -2.405189e-01 3.356404e-01 1.380856e+00 8.533899e-01 2.928448e-01 -1.189067e-01 2.783298e-06 2.071627e-02 2.637173e-01 -1.019920e-01 1.142076e-01 6.836155e-02 -3.304361e-01 2.691822e-01 5.426947e-01 4.244613e-01 -8.162900e-01 -3.959950e-01 -1.041587e-01 1.075204e-03 
-2.867806e+00 1.147752e+00 8.451223e-01 6.851956e+00 -2.189261e+00 -2.626059e-01 -1.214043e+00 2.871765e+00 3.009197e+00 6.131108e+00 -4.334010e-01 2.106724e+00 -1.512926e-01 3.123859e-01 3.091153e-01 -6.617247e-02 1.605812e-01 -8.735021e-01 -1.009175e-01 3.799273e-02 2.825882e-01 1.505016e+00 -5.056410e-01 -7.065716e-01 -6.400474e-01 2.783298e-06 -3.532958e-01 3.430341e-02 -2.604415e-01 -4.947960e-02 9.863744e-01 -5.806432e-01 5.597881e-01 -6.065426e-02 3.946382e-01 -8.913966e-01 -2.422434e-01 1.527140e-01 2.254856e-03 
-2.940434e+00 2.788505e-01 -5.288177e-01 3.391665e+00 -2.247385e+00 1.271553e+00 3.159070e+00 5.126484e+00 4.834861e+00 3.748465e+00 -2.777203e+00 9.057897e-01 -1.512926e-01 -1.697362e-01 3.531907e-01 -3.468944e-01 2.337228e-01 6.267759e-01 -8.985112e-01 4.056524e-01 -1.988278e-01 2.872680e-01 -1.395531e+00 -7.921999e-01 7.598706e-02 5.377035e-03 -5.766692e-01 5.234827e-02 -1.419391e-01 -8.830001e-02 1.280180e+00 -5.395349e-01 7.547006e-01 -7.781150e-01 4.561877e-03 -4.220168e-01 1.303510e-01 6.115224e-01 2.650975e-03 
-2.082489e+00 7.588654e-02 -7.449339e-01 6.353925e+00 8.490126e-01 2.601038e+00 1.319583e-01 3.623087e+00 3.110601e+00 2.303135e+00 -5.029647e+00 1.163690e+00 -1.512926e-01 -1.453778e+00 -9.790291e-03 -7.954189e-01 -8.057701e-01 3.036993e+00 -1.906289e+00 1.603496e+00 -1.926752e+00 1.418586e+00 -1.491876e+00 1.653483e-01 1.716165e+00 8.590974e-03 -3.212366e-01 -9.726186e-04 1.498056e-01 -2.271454e-02 6.671143e-01 -7.459638e-02 6.419659e-01 -3.940103e-01 -1.906532e-01 2.165748e-01 3.490089e-01 3.324501e-01 4.222604e-04 
-3.893145e+00 2.011250e+00 -1.345622e+00 6.844394e+00 4.385369e+00 -3.376752e+00 6.429712e-01 2.027567e+00 3.138535e+00 3.168363e-01 -3.912651e+00 5.551922e-01 -1.244137e-01 -1.743071e+00 5.020214e-01 -2.143792e-01 -4.125389e-01 3.110572e+00 -1.774683e+00 2.750136e+00 -2.450171e+00 1.446911e+00 -7.636158e-01 5.087440e-01 1.760751e+00 8.962397e-03 2.731332e-01 -9.392519e-02 4.692231e-01 2.753510e-01 -4.902505e-01 6.352131e-01 -2.253766e-01 4.203672e-01 -2.595496e-01 6.575678e-01 6.476600e-02 -3.321988e-01 -3.567227e-03 
-9.660288e+00 2.326131e-01 -2.723670e+00 1.097048e+00 9.679335e+00 -7.470660e+00 8.061564e+00 -5.212678e+00 1.095051e+01 3.877756e-01 9.608192e-01 1.086248e+01 -1.217786e-01 -5.070633e-01 2.297551e-01 6.166748e-01 3.698179e-01 1.220062e+00 -3.582659e-02 2.075749e+00 -5.617751e-01 -2.811266e-02 2.612445e-01 3.879313e-01 1.797079e-01 3.135651e-04 7.522981e-01 -1.339398e-01 7.358136e-01 5.671123e-01 -1.518009e+00 9.324905e-01 -1.158760e+00 1.225511e+00 -1.144993e+00 5.562921e-01 -3.318907e-01 -1.013698e+00 -5.227881e-03 
-7.866722e+00 2.710214e+00 -6.114020e-01 3.957757e+00 8.890357e+00 -2.566514e+00 1.294513e+01 -2.706890e+00 8.149834e+00 8.884693e-01 -3.228592e+00 4.860107e+00 -1.212515e-01 7.225066e-01 -2.361497e-01 1.293216e+00 1.022618e+00 -9.160902e-01 1.342391e+00 -9.572302e-01 1.220516e+00 -2.871794e-01 1.015812e+00 -5.798317e-01 -8.167868e-01 -8.327686e-03 4.800640e-01 -3.320504e-01 5.536445e-01 -1.386658e-02 -1.329567e+00 4.924541e-01 -1.201069e+00 9.073142e-01 -1.433671e+00 1.960979e-01 -1.372334e-01 -7.138705e-01 -3.915464e-03 
-2.631279e+00 8.751321e-01 1.970899e+00 9.646765e+00 4.696566e+00 2.016385e+00 4.359783e+00 3.181355e+00 4.645164e-01 3.323745e+00 -3.432010e+00 -9.001736e-02 -1.512926e-01 1.074888e+00 -3.102599e-01 2.129900e+00 1.312295e+00 -2.539664e+00 1.197633e+00 -2.336532e+00 2.365479e+00 -3.439195e+00 3.998224e-01 -9.498365e-01 -2.063573e+00 -8.903769e-03 -1.656795e-01 -2.152613e-01 1.635093e-02 -7.062191e-01 -1.769112e-01 -1.668265e-01 -1.606469e-01 -4.444087e-02 -8.533329e-01 -3.589598e-01 1.441714e-01 -4.718881e-02 1.676123e-04 
-3.795272e+00 5.094367e-01 2.772911e+00 7.683269e+00 2.296538e+00 -1.408331e+00 -2.292291e+00 3.933054e+00 6.945607e+00 3.927873e+00 -4.615612e+00 1.947028e+00 -1.512926e-01 -1.337851e-01 -8.881236e-01 1.797224e+00 -9.529657e-01 -1.657483e+00 7.081524e-02 -1.049054e+00 6.227362e-01 -4.015882e+00 1.477426e-01 4.913409e-01 -6.870355e-01 -6.008192e-03 -3.440335e-01 -4.591725e-02 -6.248753e-01 -8.290398e-01 7.175581e-01 -4.388394e-01 6.567923e-01 -6.272141e-01 5.935554e-02 -2.930566e-01 4.514893e-01 1.774812e-01 2.555210e-03 
-6.321723e+00 -2.183511e-01 6.233646e+00 5.795935e+00 2.777893e-01 -2.061505e+00 3.997398e+00 3.294997e+00 -5.643482e+00 8.669587e-01 -3.094931e+00 2.000719e+00 -1.512926e-01 -9.072801e-01 -5.206252e-01 4.463947e-01 -2.173412e+00 7.060581e-01 -2.341988e-01 1.318416e+00 -4.850467e-01 -2.430357e+00 -1.099370e+00 5.733120e-01 -1.210426e-01 2.783298e-06 -3.234477e-02 1.375468e-01 -1.127291e+00 -1.797657e-01 7.949955e-01 -3.478940e-01 4.518449e-01 -6.449543e-01 1.566939e+00 9.973805e-02 1.649019e-01 1.639476e-01 2.381092e-03 
-6.689912e+00 -1.183331e+00 6.243507e+00 1.118114e+00 2.812419e+00 -1.736176e-01 7.880650e+00 3.501197e-01 -8.875799e+00 2.855088e+00 -9.405948e-01 3.794346e-01 -1.512926e-01 -6.519870e-03 -3.606841e-01 -9.894240e-01 -1.379650e+00 1.048759e+00 -1.359342e-01 4.993004e-01 -4.903081e-01 -4.949701e-01 3.001343e-01 9.159510e-01 -9.007512e-01 2.783298e-06 3.954464e-01 3.645196e-01 -1.028523e+00 7.951683e-01 1.602048e-01 -1.037477e-01 -3.170018e-01 -1.993951e-04 1.878920e+00 9.545046e-02 -2.865426e-01 -1.520348e-01 1.201440e-03 
-5.720112e+00 -8.812866e-01 2.468048e+00 2.061781e+00 7.969002e+00 2.281647e-01 5.864988e+00 2.547829e+00 -3.776490e+00 -1.636968e+00 -2.403221e+00 8.849367e-02 -1.512926e-01 8.495738e-01 1.136452e-01 -2.113213e+00 6.268019e-01 8.216222e-02 -4.384351e-01 -8.515418e-01 -3.026523e-01 2.635102e+00 8.222429e-01 -3.377018e-01 -1.137027e+00 2.783298e-06 4.218692e-01 3.529364e-01 -4.051183e-01 9.241826e-01 -4.952856e-01 2.229116e-01 -5.335662e-01 2.797179e-01 9.607719e-01 6.177813e-02 -2.117646e-01 -2.172620e-02 2.338015e-08 
-4.128895e+00 -9.629526e-01 -2.913364e-01 2.651640e+00 3.694561e+00 -3.233036e+00 -7.297496e-01 1.855028e+00 3.537648e+00 6.680315e+00 -3.816465e-01 -1.600707e+00 -1.512926e-01 9.649543e-01 6.172767e-01 -2.065462e+00 1.622653e+00 -5.444905e-01 -3.458670e-01 -1.549037e+00 5.304867e-01 2.846028e+00 -3.359161e-01 -4.858803e-01 -9.393296e-01 2.783298e-06 1.079187e-01 2.677379e-01 2.751305e-01 4.328446e-01 -2.589641e-01 5.582339e-01 -2.223730e-02 2.501266e-01 -2.775951e-01 -5.056617e-01 -2.981709e-02 4.685360e-01 2.338015e-08 
-3.354454e+00 2.392185e-01 -1.064999e+00 8.162934e+00 2.474760e-01 -2.723578e+00 4.045270e+00 1.028952e+00 1.325498e+00 3.065618e+00 -5.062951e+00 -2.694259e+00 -1.512926e-01 7.161682e-01 7.551191e-01 -1.041079e+00 9.464353e-01 -9.736981e-01 9.853548e-01 -3.252886e-01 4.031613e-01 7.029615e-01 -4.724703e-01 2.152876e-01 -2.104801e-01 2.783298e-06 -1.694131e-01 -1.458101e-01 6.995647e-01 -3.125957e-01 2.497170e-01 5.448605e-01 8.095965e-02 1.818922e-01 -9.467450e-01 -5.513837e-01 5.120151e-01 5.657860e-01 2.338015e-08 
-3.048017e+00 1.342910e+00 -2.317323e+00 6.181072e+00 3.950694e+00 -4.267894e-01 1.045436e+00 3.762025e+00 2.803326e+00 -1.175634e+00 -2.040040e+00 -2.925544e+00 -1.512926e-01 5.996982e-01 6.570788e-01 -1.498109e-01 6.246731e-01 2.819838e-01 1.943288e+00 1.249516e-01 4.074582e-01 -9.169331e-01 -1.580829e+00 4.904582e-01 9.785056e-01 2.783298e-06 -2.876337e-01 -4.266303e-01 6.912118e-01 -4.881170e-01 1.970820e-01 2.045973e-01 1.474975e-01 2.143058e-02 -6.736360e-01 -1.980644e-01 2.903957e-01 4.016164e-01 2.338015e-08 
-2.679439e+00 1.741632e+00 -1.724441e+00 5.028362e+00 2.972328e+00 3.751657e+00 3.350560e+00 3.610250e+00 1.051999e-01 -7.126999e-02 -4.973065e-01 -3.011101e-01 -1.512926e-01 1.852197e-01 -6.352701e-01 4.267239e-01 -4.373249e-01 9.174773e-01 1.141338e+00 -1.283782e+00 6.683347e-01 -2.170948e-01 -1.312296e+00 1.734401e+00 7.328860e-01 2.783298e-06 -2.789458e-01 -3.798190e-01 3.160340e-01 -1.853510e-01 9.152955e-03 -3.294479e-01 4.335130e-02 -2.047935e-01 3.640690e-02 1.759536e-01 -2.523619e-01 1.652120e-02 2.338015e-08 
-1.467674e+00 1.571695e+00 -7.104210e-01 7.341885e+00 3.741839e+00 3.246204e+00 2.421768e-01 2.601441e+00 -4.370274e-01 3.447544e-01 -2.124320e-01 2.095251e+00 -1.512926e-01 -2.077672e-01 -8.206065e-01 6.566921e-01 -1.260549e-01 -5.046592e-01 5.992494e-01 -3.324642e-01 5.050567e-01 -6.225931e-02 -9.062411e-01 2.067122e-01 5.971277e-01 2.783298e-06 -2.368703e-01 -1.719863e-02 1.079843e-03 -1.307149e-01 -4.417181e-01 -3.196650e-01 3.223854e-01 -4.213840e-01 3.170981e-01 7.151176e-01 -6.743765e-01 -4.514344e-01 2.338015e-08 
-3.218907e+00 -3.051440e+00 2.649778e-01 5.395133e+00 4.939350e+00 1.146524e+00 -1.971656e+00 4.950924e+00 1.859690e+00 -4.255770e+00 2.695719e+00 -1.540133e+00 -1.512926e-01 -2.748167e-01 -4.051257e-01 1.358663e-01 3.950601e-01 -5.346040e-01 1.008050e-02 1.202084e-01 -6.695457e-01 4.575534e-01 6.996306e-02 -9.046894e-01 6.277166e-02 2.783298e-06 -9.039599e-02 5.260139e-01 -2.027684e-01 3.452067e-02 -3.495485e-01 -1.969001e-01 6.503284e-01 -4.839110e-01 1.026243e-01 8.997425e-01 -5.256842e-01 -2.969470e-01 2.338015e-08 
-3.817021e+00 -3.642690e-01 -2.879228e-02 5.367045e+00 4.438167e-01 3.871792e+00 2.044638e+00 5.616920e+00 1.615171e+00 -3.614571e+00 -2.603038e+00 6.800123e-01 -1.512926e-01 -3.546422e-01 4.559925e-01 1.098696e-03 -4.450800e-01 -1.200613e+00 9.106302e-01 1.035040e+00 -1.030564e+00 3.313788e-01 1.303614e+00 -1.561845e+00 -9.436012e-01 2.783298e-06 5.927348e-02 4.157823e-01 -1.333312e-01 5.957145e-02 1.156352e-01 -2.065513e-01 2.567064e-01 -2.386380e-01 1.130877e-01 5.722227e-01 1.242429e-01 -1.728971e-01 2.338015e-08 
-2.879069e+00 6.835774e-01 -1.385887e+00 7.991162e+00 1.948631e+00 3.489142e+00 3.050521e+00 -1.245400e+00 1.366826e+00 2.258283e+00 -3.825794e+00 7.199363e-01 -1.512926e-01 -1.933075e-01 1.356547e+00 -2.594269e-01 -1.052224e-01 -4.823195e-01 1.116893e-03 1.284241e+00 -9.833868e-01 9.929353e-02 2.081586e+00 -9.691453e-03 1.831985e-02 2.783298e-06 7.370550e-02 9.753222e-02 -3.376629e-02 3.385708e-02 2.654749e-01 -7.034720e-02 4.371292e-02 2.239162e-01 -1.299454e-01 -3.166753e-01 3.747369e-01 -1.418371e-02 2.338015e-08 
-3.411158e+00 1.984228e+00 1.203525e-01 3.818935e+00 -7.659308e-01 6.627760e+00 2.906346e+00 5.464448e-01 1.466317e+00 3.605671e+00 -4.760524e+00 -3.752476e+00 -1.512926e-01 4.795161e-02 3.773650e-01 1.876711e-01 4.218229e-01 4.755943e-02 -4.289688e-01 3.690445e-01 -5.312591e-01 6.824735e-01 9.489427e-01 3.803647e-01 -2.451873e-01 2.783298e-06 -3.306278e-02 -2.710712e-01 -1.428318e-01 2.113692e-01 4.571336e-01 1.312105e-02 -6.870531e-02 4.185132e-01 -2.193642e-01 -1.146693e+00 3.203193e-01 2.789037e-01 2.338015e-08 
-4.387949e+00 2.557091e+00 -1.106497e+00 5.643609e+00 3.132793e+00 -2.261207e-01 4.018551e+00 2.569349e+00 2.430617e+00 2.542040e+00 3.726308e+00 7.676616e-01 -1.512926e-01 -1.076387e-01 1.219475e-01 -1.262360e-01 1.307771e-01 1.686692e-01 3.282468e-01 6.717587e-01 2.003353e-01 -3.677878e-01 -1.336140e+00 -2.124893e-03 -3.573179e-01 2.783298e-06 -1.190446e-01 -5.662028e-01 5.269548e-02 1.997685e-02 7.530807e-02 6.146919e-01 1.479495e-01 2.652131e-01 -4.287326e-01 -1.251554e+00 -1.143434e-01 5.899454e-02 2.338015e-08 
-2.822753e+00 5.862988e-01 7.699336e-01 8.649622e+00 8.951361e-02 3.584804e+00 3.406226e+00 1.053115e+00 4.495443e+00 9.882420e-01 -4.477000e+00 -5.700239e-01 -1.512926e-01 -5.628223e-01 -2.820565e-01 -7.797273e-01 4.937481e-01 7.594833e-01 8.126168e-01 9.975808e-01 4.701562e-01 -5.320276e-01 -2.721039e+00 3.608624e-02 6.387763e-01 2.783298e-06 -1.345178e-01 -4.877531e-01 2.420378e-01 -2.441346e-01 -1.960258e-01 6.214445e-01 4.905833e-01 -2.688242e-02 -7.463236e-01 -4.746137e-01 2.579426e-01 1.917638e-01 2.338015e-08 
-3.711380e+00 1.992635e+00 -2.341975e+00 6.229687e+00 2.364117e+00 6.651787e+00 6.159461e+00 -4.970990e-01 -1.986795e+00 -3.113877e+00 -3.977907e+00 -2.658006e+00 -1.512926e-01 -4.831949e-01 -1.144762e+00 4.878386e-01 -4.120453e-02 -4.617860e-01 2.453712e+00 1.709671e+00 -1.578768e-01 -1.437194e+00 -2.341204e+00 -4.092058e-01 -1.286514e-01 2.783298e-06 2.469976e-01 -9.964554e-01 5.660463e-01 -4.951401e-01 -2.474953e-01 1.864807e-01 3.804252e-01 -2.910953e-01 -9.072046e-02 8.187219e-01 9.484670e-01 4.263301e-01 2.953267e-02 
-6.563687e+00 8.565171e-01 -3.160422e+00 5.994716e+00 3.415624e+00 7.252013e+00 6.823555e+00 4.430285e+00 1.014397e+00 -7.171602e+00 -7.277264e-01 1.154512e+00 -1.512926e-01 -4.368446e-01 -1.428017e+00 1.090801e+00 -7.127084e-01 -6.173084e-01 1.615488e+00 2.303058e+00 -4.865374e-01 -2.514549e+00 -9.215506e-01 1.873499e+00 5.991301e-01 2.783298e-06 6.116396e-01 -1.359411e+00 4.252271e-01 -9.456669e-01 -2.503392e-01 -3.888705e-01 -4.619455e-02 -7.880030e-01 1.004508e-01 1.170711e+00 9.694443e-01 5.150554e-02 5.942662e-02 
-4.933631e+00 -3.301842e+00 3.298000e+00 6.764990e+00 -8.393500e-01 1.020865e+01 1.085766e+01 9.112148e-02 -3.014999e+00 -5.084157e+00 -1.948804e-01 -7.375214e-01 -1.512926e-01 1.064389e+00 -4.287300e+00 1.768769e+00 -1.741557e+00 -3.804124e-01 8.592778e-01 1.921169e+00 -7.768778e-01 1.699379e-01 1.857662e+00 3.821636e+00 1.794256e+00 1.476621e-01 8.405416e-01 -8.080134e-01 -1.322791e-01 -8.032701e-01 1.837950e-01 -7.857893e-01 -7.311909e-01 -5.927152e-01 4.763232e-01 6.410089e-01 4.340288e-01 -2.708425e-01 7.800505e-02 
-4.395716e+00 -3.906530e+00 3.404003e+00 4.818779e+00 -1.395000e+00 9.883398e+00 1.257217e+01 -1.673540e+00 -7.563280e+00 -2.634236e+00 2.999045e+00 1.466103e+00 -1.512926e-01 1.721613e+00 -5.507737e+00 7.060193e-01 -3.384430e+00 -5.328928e-01 -3.344740e-01 6.608128e-01 -3.160369e+00 -8.334138e-01 1.033057e+00 2.768119e+00 -6.511071e-02 2.233033e-01 9.463765e-01 1.074880e-01 -5.641416e-01 -4.458680e-01 -8.705459e-04 -5.875275e-01 -1.297576e+00 -4.068792e-01 2.266683e-01 -2.804895e-01 -8.437993e-01 -8.709790e-01 6.199487e-02 
5.266874e-01 -1.706256e+01 3.219524e+00 -1.890600e+00 2.867761e+00 9.632006e+00 1.289114e+01 -1.329216e+00 3.151546e+00 3.905447e+00 1.326623e+01 6.157869e+00 5.870146e-01 2.640398e+00 -3.145125e+00 1.889252e-02 -2.721746e+00 4.150715e-01 -5.002589e-01 -1.125188e+00 -1.784607e+00 1.037718e-01 -1.134876e-01 1.313574e+00 -1.150776e+00 2.783723e-01 4.869210e-01 1.453099e+00 -7.842493e-01 6.277883e-02 -4.330932e-01 -4.446368e-01 -1.311318e+00 -1.469197e-01 -8.748662e-01 -1.066670e+00 -1.655375e+00 -1.075750e+00 -4.783879e-03 
-6.858536e-01 -1.980197e+01 4.087813e-01 -6.599750e+00 -1.102157e+00 5.867800e+00 9.111423e+00 -1.066108e+01 -6.235837e+00 -6.500654e+00 6.381987e+00 -2.619000e+00 5.960796e-01 3.507089e+00 -1.461714e+00 -8.548818e-01 -2.451989e+00 -1.019423e+00 -6.425039e-01 -2.661746e+00 -2.016984e+00 -1.348189e+00 -1.338428e+00 -1.091331e+00 -2.283296e+00 2.446184e-01 5.798106e-02 1.764696e+00 -4.369995e-01 5.525132e-01 -3.872183e-01 -1.632690e-01 -8.092553e-01 6.078755e-01 -6.669638e-01 -5.987319e-01 -1.022724e+00 -1.263048e-01 -4.296368e-02 
6.413454e+00 -1.107992e+01 4.890110e+00 -1.134370e+00 1.089571e+00 9.715655e+00 6.962163e+00 -4.337899e+00 -3.159644e+00 -3.718005e+00 4.681740e+00 -4.449082e+00 8.668882e-01 2.606230e+00 9.552287e-01 -1.372104e+00 -1.894075e+00 -2.302483e+00 -1.209976e+00 -2.974190e+00 -2.083190e+00 -3.946916e+00 -2.289996e+00 -2.525573e+00 -2.475386e+00 1.130819e-01 -6.162316e-01 9.140981e-01 -1.779011e-01 3.667614e-01 -2.696869e-01 -2.193976e-01 -3.573223e-01 4.186950e-01 -3.824815e-01 -4.219060e-01 -2.095435e-01 5.668024e-01 -6.462836e-02 
1.019633e+01 -1.420725e+01 -1.705541e+00 -7.818901e+00 -5.602974e+00 6.629540e+00 2.228336e+00 -1.025446e+01 -1.114841e+01 -5.514369e+00 1.834795e+00 -4.646867e+00 9.318718e-01 2.028535e+00 1.265588e+00 -7.835563e-01 -1.035687e+00 -1.110303e+00 -7.959743e-01 -2.461071e+00 2.828827e-02 -2.142854e+00 -8.721905e-01 -4.258522e-01 -3.440826e-02 9.113008e-02 -9.505018e-01 4.051085e-01 3.746317e-01 5.129186e-01 4.606767e-01 4.777322e-02 6.125143e-02 6.406294e-01 8.707466e-01 -1.742609e-01 4.604972e-01 1.107187e+00 -5.420955e-02 
8.116915e+00 -1.508396e+01 -2.583976e+00 -1.075091e+01 -6.394733e+00 3.201710e+00 1.461816e+00 -1.194890e+01 -1.412664e+01 -8.037519e+00 2.912188e+00 -5.204427e+00 9.845402e-01 2.984214e-01 6.175590e-02 -9.063863e-01 -1.596186e+00 -8.879516e-01 -1.520435e+00 -3.012135e+00 -7.138289e-01 -1.411220e+00 -2.456114e+00 -6.694509e-02 5.588164e-01 3.197541e-02 -6.764368e-01 1.621068e-02 5.575659e-01 4.774714e-01 7.000753e-01 5.214078e-01 4.588263e-02 5.068871e-01 1.812045e+00 -7.320692e-02 3.686906e-01 1.111253e+00 -2.975463e-02 
8.605116e+00 -1.147204e+01 2.275889e-01 -6.970843e+00 -2.911772e+00 5.144770e+00 -4.436270e-01 -6.714189e+00 -1.146678e+01 -8.702059e+00 5.137630e+00 -2.412955e+00 9.929026e-01 -9.159442e-02 1.010659e+00 7.853783e-01 -3.633856e-02 5.767729e-01 -2.483563e-01 -2.336532e+00 5.014614e-01 1.737773e+00 -2.126606e+00 -1.814078e-02 1.735655e+00 1.411683e-02 -4.181323e-01 -2.811171e-02 3.256622e-01 8.124894e-02 2.678059e-01 5.598150e-01 -2.757118e-02 -1.421938e-01 1.378397e+00 -8.338692e-03 -4.932927e-01 4.170758e-01 -2.090506e-02 
8.701047e+00 -1.213858e+01 -6.085259e-01 -9.539323e+00 -4.696081e+00 2.855545e+00 -6.762819e+00 -9.676811e+00 -1.005668e+01 -1.440512e+01 2.696169e+00 -2.771813e+00 9.962404e-01 2.841598e-01 1.163885e+00 6.312402e-01 -6.382428e-03 3.543265e-01 1.123244e+00 -2.807082e+00 2.147164e-01 3.173052e+00 -2.028942e+00 -8.858991e-01 2.195924e+00 2.814980e-03 -6.558870e-02 1.202199e-01 2.194659e-01 -1.707397e-02 5.376919e-02 6.956897e-01 3.019087e-01 2.004867e-04 7.713698e-01 8.025695e-01 -6.771529e-01 5.059616e-02 -7.830950e-03 
9.445971e+00 -1.062656e+01 1.233803e+00 -8.606460e+00 -3.568373e+00 5.560345e+00 -5.342225e+00 -8.882827e+00 -4.495123e+00 -1.296391e+01 1.852346e+00 2.814802e+00 9.966269e-01 -5.504901e-02 5.739338e-01 7.595287e-02 -1.424357e+00 -3.924854e-01 6.812623e-01 -2.701394e+00 -1.147016e+00 2.456868e+00 -1.127614e+00 -2.482695e+00 1.232535e+00 1.192850e-03 -4.914624e-02 -9.531326e-02 -1.310995e-01 -4.144025e-01 -2.016669e-01 6.786621e-02 4.311422e-01 -1.946643e-02 -3.086820e-01 9.774365e-01 -7.245370e-01 -3.937156e-01 -3.286461e-03 
9.116620e+00 -9.687400e+00 6.940499e-02 -9.964972e+00 -4.294500e+00 8.609975e+00 -1.012448e+01 -9.791208e+00 -1.747251e+00 -1.605136e+01 1.250972e-01 3.161270e+00 9.967499e-01 -4.791820e-02 8.811185e-01 5.457248e-01 -9.874837e-01 -1.345805e-01 1.493181e+00 -1.320268e+00 1.114180e-01 2.086181e+00 1.057341e+00 -2.220514e+00 1.063404e+00 -7.173209e-04 -6.828124e-02 -9.100547e-02 -9.233202e-02 -3.514161e-01 -8.856453e-02 -6.033714e-01 8.035643e-01 2.578335e-01 -5.753208e-01 7.100168e-01 -3.115920e-01 -5.828129e-01 -6.485675e-04 
8.121964e+00 -9.827312e+00 2.686756e-01 -1.387954e+01 -5.075135e+00 5.673805e+00 -1.226929e+01 -1.239214e+01 -3.337198e+00 -1.351677e+01 -5.990480e+00 7.828053e-01 9.985945e-01 -1.714199e-01 6.755148e-01 1.726552e-01 -1.617931e+00 -1.872452e-01 -9.404816e-02 -9.242710e-01 4.557751e-01 7.378919e-01 1.217476e+00 -2.973387e+00 3.333537e-01 -5.429799e-04 5.424740e-02 8.848586e-02 -1.549837e-02 -6.065015e-02 6.216096e-02 -6.554155e-01 8.796399e-01 5.563270e-01 -6.802456e-02 2.470529e-02 3.997864e-01 -5.279292e-01 9.578848e-05 
9.124000e+00 -8.132744e+00 2.602812e+00 -1.184042e+01 -4.615709e+00 1.026471e+01 -9.900148e+00 -7.365082e+00 -2.047536e-01 -8.841649e+00 -4.485101e+00 3.560969e+00 9.916552e-01 8.090205e-04 6.580555e-01 1.212258e-01 -1.666743e+00 -1.911428e-01 -1.505859e+00 3.220989e-01 7.025337e-01 1.155936e+00 3.486145e-01 -2.198445e+00 -2.685478e-01 4.348458e-04 6.810501e-02 1.204114e-01 -1.015776e-01 -1.475813e-01 -5.420490e-02 -7.589108e-01 4.678465e-01 2.442011e-01 3.528352e-01 -7.743381e-01 6.573756e-01 -6.805444e-01 1.306122e-04 
8.585696e+00 -8.026458e+00 8.299202e-01 -1.575769e+01 -4.344002e+00 4.262895e+00 -1.007550e+01 -7.817008e+00 -1.576585e+00 -1.048149e+01 -1.070959e+01 4.281897e+00 9.964513e-01 1.918554e-01 1.127990e+00 2.107204e-01 -1.388014e+00 -5.339705e-02 -1.096381e+00 8.755952e-01 1.339160e+00 2.581923e+00 -6.496740e-01 -4.948340e-01 -7.412320e-01 1.094310e-03 9.287640e-02 2.697482e-01 1.253208e-01 1.026499e-01 -4.739824e-02 -1.334260e-01 5.826807e-02 3.524600e-01 6.043604e-01 -6.820441e-01 1.086547e+00 -4.569977e-01 -1.336335e-03 
8.889026e+00 -7.297469e+00 3.944010e-01 -1.735928e+01 -5.616045e+00 1.786350e+00 -9.610685e+00 -8.566064e+00 3.152311e+00 -1.582619e+01 -8.507547e+00 6.921999e-02 9.999999e-01 1.109405e-01 1.256919e+00 1.874236e-02 -1.840397e+00 -4.724330e-01 -1.800234e+00 1.189922e-01 8.907156e-01 2.928427e+00 -1.880773e+00 -1.727508e-01 -1.802068e+00 -8.840819e-04 5.171321e-03 2.960736e-01 2.608477e-01 2.547795e-01 9.349024e-02 6.500048e-02 -4.149101e-01 3.193425e-01 4.868998e-02 -5.616745e-02 9.640766e-01 8.809466e-02 -2.953460e-03 
9.198957e+00 -4.604894e+00 2.426139e+00 -1.805987e+01 -4.841806e+00 4.431083e+00 -8.035897e+00 -5.095639e+00 7.893835e+00 -1.327329e+01 -6.453120e+00 -1.177604e+00 9.998946e-01 2.379085e-01 1.724900e+00 8.504722e-01 -1.017744e+00 -2.835436e-01 -6.139376e-01 -5.311926e-01 2.123982e+00 2.873569e+00 -1.077990e+00 1.446619e+00 -1.184816e+00 -6.561535e-03 -7.115328e-02 1.536771e-01 3.111881e-01 3.349088e-01 2.439360e-01 -2.855069e-01 -6.053928e-01 3.898902e-02 -6.913783e-01 3.898154e-01 8.158162e-01 5.005782e-01 -3.116695e-03 
9.372178e+00 -3.558849e+00 1.898175e+00 -1.989103e+01 -6.728734e+00 1.179450e+00 -1.032488e+01 -4.272205e+00 9.701897e+00 -1.685000e+01 -7.476959e+00 -2.719499e+00 9.854889e-01 3.681153e-03 1.840033e+00 1.105517e+00 -5.779818e-01 3.913058e-01 -1.422087e+00 -1.048932e+00 1.906775e+00 1.253674e+00 2.819212e-01 1.651294e+00 3.935572e-01 -1.050316e-02 -9.473996e-02 9.868097e-02 3.229842e-01 5.550017e-01 3.388096e-01 -3.169310e-01 -4.017110e-01 -2.613949e-01 -8.924568e-01 7.943270e-01 8.198883e-01 7.162614e-01 -1.149158e-03 
9.533747e+00 -1.271001e+00 4.330509e+00 -1.958097e+01 -5.205565e+00 1.496248e+00 -1.237450e+01 6.555563e-01 9.515925e+00 -1.535936e+01 -3.991858e+00 -2.483369e-01 9.708725e-01 -1.103128e-01 1.604761e+00 1.223317e+00 -3.447194e-01 7.344818e-01 -2.713014e+00 -1.567280e+00 1.026021e+00 -3.762893e-02 2.180434e-01 2.672150e+00 6.638722e-01 -9.684514e-03 -1.056537e-01 3.138368e-02 2.992714e-03 5.813797e-01 4.211396e-02 -4.636098e-01 -2.140308e-01 -6.731278e-01 -7.647229e-01 7.618375e-01 2.780561e-01 3.740675e-01 1.671560e-03 
8.740273e+00 2.356156e-01 4.969819e+00 -1.948861e+01 -3.477712e+00 -3.856844e+00 -1.268678e+01 -1.907997e+00 8.609406e+00 -1.337352e+01 -1.481992e+00 1.572109e+00 9.620183e-01 -1.885537e-01 1.810242e+00 1.447278e+00 5.982144e-01 7.126174e-01 -2.335286e+00 -1.371471e+00 1.327266e-01 -7.826904e-02 1.442896e+00 3.313794e+00 8.550283e-01 -5.068267e-03 4.920017e-03 -2.940404e-02 -1.474865e-01 4.964392e-01 -3.391521e-01 -1.066463e-01 -1.766485e-01 -4.569008e-01 -3.755565e-01 4.308062e-01 -5.036254e-02 -2.677399e-01 3.142860e-03 
8.963207e+00 1.521254e+00 7.006898e+00 -1.998448e+01 -2.794969e+00 -6.615927e+00 -1.469187e+01 -1.147615e+00 8.252386e+00 -1.392136e+01 3.909924e+00 -4.203571e-03 9.632128e-01 -1.940998e-01 1.896684e+00 6.946073e-01 1.301043e+00 -2.338259e-01 -2.475436e+00 -1.440186e+00 -3.546523e-01 -2.841565e-01 2.150655e+00 2.005662e+00 4.546951e-01 -9.295622e-04 6.207372e-02 -4.309325e-02 -2.272851e-01 1.892493e-01 -3.714604e-01 1.462947e-01 -1.645795e-01 -9.505736e-03 -2.460534e-01 6.192597e-02 -2.991290e-01 -5.094742e-01 2.738035e-03 
8.714641e+00 4.096134e+00 7.796585e+00 -1.669812e+01 -4.370700e+00 -6.441065e+00 -1.602340e+01 -2.706890e+00 9.942590e+00 -1.035471e+01 5.141230e+00 1.433522e+00 9.639859e-01 7.013636e-02 1.547133e+00 6.325166e-01 1.081314e+00 -8.203622e-01 -2.074168e+00 -1.995628e+00 3.124903e-01 -5.009038e-01 1.469555e+00 1.732761e+00 -8.405477e-01 8.365882e-04 7.761867e-02 -9.502607e-02 -8.082291e-02 -3.471027e-01 -7.569715e-02 6.266179e-02 -1.202157e-02 4.525395e-01 -5.454472e-01 -5.062531e-01 7.315694e-02 -7.274576e-01 1.049087e-03 
8.575987e+00 6.281899e+00 6.390187e+00 -1.447048e+01 -5.928076e+00 -9.588582e+00 -1.790657e+01 -7.179648e-01 7.428522e+00 -6.115294e+00 2.724972e+00 2.094793e+00 9.652507e-01 7.073060e-02 1.521005e+00 4.942203e-01 3.600859e-01 -3.563616e-01 -2.112033e+00 -2.078087e+00 8.885233e-01 -1.056654e+00 5.143801e-01 1.967072e+00 -1.035842e+00 1.056410e-03 -7.034872e-03 -8.459164e-02 1.847792e-01 -5.788639e-01 1.599251e-01 7.876912e-02 4.817236e-01 3.389367e-01 -8.313953e-01 -5.740044e-01 5.795127e-01 -7.916491e-01 -1.240570e-03 
9.284791e+00 5.591341e+00 8.440825e+00 -1.683910e+01 -6.013176e+00 -1.274099e+01 -2.105726e+01 -5.605271e-01 6.517029e+00 -9.928621e+00 7.774407e+00 -3.679512e+00 9.651805e-01 6.706615e-02 1.522959e+00 1.143282e+00 -6.667858e-01 3.954886e-01 -2.203680e+00 -1.112662e+00 1.773838e+00 -2.419386e+00 -2.702786e-01 3.698806e+00 -2.037009e+00 -8.158615e-04 -1.205525e-01 2.425750e-03 1.423135e-01 -3.675083e-01 2.118116e-02 1.538049e-01 1.198497e+00 -1.014422e-01 -9.751528e-01 4.311234e-02 3.977830e-02 -3.873500e-01 -4.324642e-03 
9.031952e+00 8.378793e+00 9.156145e+00 -1.811389e+01 -3.755537e+00 -1.402598e+01 -2.256525e+01 2.222005e+00 4.682180e+00 -1.156251e+01 1.242871e+01 -2.626801e+00 9.678859e-01 -2.276741e-01 1.485843e+00 1.363114e+00 -7.190950e-01 -4.217967e-02 -2.016868e+00 5.269083e-01 6.094950e-01 -3.481850e+00 1.506462e-01 3.920127e+00 -2.905221e+00 -6.303814e-03 -1.007713e-01 -1.594855e-03 5.763706e-02 -1.154400e-02 -3.447000e-01 4.780267e-01 1.562286e+00 -6.452451e-01 -3.030206e-01 5.559594e-01 -1.039999e+00 -9.704416e-02 -7.837480e-03 
8.821835e+00 1.066184e+01 1.213000e+01 -1.821058e+01 -3.479381e+00 -1.524068e+01 -1.925703e+01 4.692304e+00 -7.810376e-01 -8.982155e+00 1.878326e+01 -6.391136e+00 9.586101e-01 -3.833635e-01 1.576801e+00 9.096347e-01 -2.165315e-01 -8.716009e-01 -1.352807e+00 2.694312e+00 -5.510455e-02 -4.163888e+00 1.866988e+00 9.549188e-01 -1.842649e+00 -1.709780e-02 -7.801029e-02 -9.981251e-02 -2.952239e-01 9.186649e-02 -3.808312e-01 8.271506e-01 7.995865e-01 -9.774742e-01 1.017335e+00 2.779686e-01 -2.088064e+00 5.321731e-02 -1.049496e-02 
7.668717e+00 1.117585e+01 1.136127e+01 -1.738034e+01 -7.405637e+00 -1.842334e+01 -1.617202e+01 -2.969983e-01 -6.331884e+00 -5.835656e+00 1.682109e+01 -1.107556e+01 9.370192e-01 -2.078663e-01 1.486087e+00 8.991236e-01 7.725143e-02 -1.446349e+00 -1.473272e-01 3.829764e+00 -1.423150e+00 -1.699507e+00 2.225619e+00 -1.860850e+00 -1.618254e+00 -2.998387e-02 -4.580748e-02 -2.099484e-01 -6.262462e-01 -2.043741e-01 3.283199e-01 7.845600e-01 -5.634450e-01 -5.102668e-01 1.833730e+00 -4.586092e-01 -2.133473e+00 2.165310e-01 -1.126979e-02 
8.049335e+00 1.207718e+01 1.188636e+01 -1.828836e+01 -8.545858e+00 -1.730654e+01 -1.078245e+01 4.233641e-01 -8.795441e+00 -3.457132e+00 1.035268e+01 -8.668184e+00 8.951198e-01 -3.328536e-01 1.023723e+00 -1.008592e-01 -6.058092e-01 -8.064830e-01 9.972504e-01 1.233768e+00 -2.097132e+00 1.776174e+00 8.210512e-02 -3.850856e+00 -2.414382e+00 -4.144490e-02 -1.007354e-01 -1.184317e-01 -7.282022e-01 -1.634523e-01 1.193325e+00 2.270290e-01 -1.227287e+00 1.647337e-01 1.621935e+00 -9.127237e-01 -1.027474e+00 5.408583e-01 -1.016414e-02 
8.379075e+00 1.510182e+01 1.377347e+01 -1.768878e+01 -8.454363e+00 -1.372965e+01 -7.654030e+00 -2.759369e+00 1.920635e-01 -3.197174e+00 7.339220e+00 -9.579554e+00 8.496893e-01 -4.819074e-01 7.127530e-01 -1.262863e+00 -1.546310e+00 1.566850e+00 7.308553e-01 -1.560104e+00 -9.208641e-01 2.716830e+00 -1.250090e+00 -4.344321e+00 -1.536826e+00 -5.048789e-02 2.003415e-02 -1.063221e-01 -5.892640e-01 1.038112e-01 1.351929e+00 -3.271422e-01 -9.009709e-01 7.870952e-01 2.314703e-01 -6.273035e-01 3.348800e-01 1.160306e+00 -8.359835e-03 
6.802616e+00 1.381799e+01 1.041956e+01 -2.108533e+01 -6.987648e+00 -1.260084e+01 -1.734713e+01 -4.562162e+00 4.837923e+00 -9.890635e+00 4.269955e+00 -1.921089e+01 7.950357e-01 -7.500061e-01 1.371320e+00 -1.650273e+00 -2.221578e-01 3.588451e+00 -6.567451e-01 -7.471911e-01 5.174209e-01 1.737773e+00 -9.587687e-01 -2.940598e+00 8.211221e-01 -5.767378e-02 3.044026e-01 -6.850922e-02 2.279093e-02 8.531225e-01 4.873439e-01 -3.342241e-01 1.931971e-01 8.827760e-01 -1.064369e+00 3.118627e-01 1.523123e+00 1.961896e+00 -6.128943e-03 
5.882530e+00 1.386903e+01 5.780459e+00 -2.371323e+01 -3.504451e-01 -1.712144e+01 -2.068987e+01 -2.408627e+00 4.354344e-01 -8.869109e+00 -1.858674e+00 -1.348798e+01 7.346198e-01 1.008385e-01 7.806364e-01 -1.272473e+00 4.044879e-01 3.115800e+00 -9.560627e-01 3.152881e-01 1.205083e+00 -5.228472e-01 -3.904674e-01 -6.416253e-01 2.565555e+00 -6.367717e-02 3.096799e-01 -4.157172e-01 3.804978e-01 1.715135e+00 -8.882535e-01 3.750254e-01 9.951771e-01 2.006867e-01 -1.154294e+00 8.995577e-01 1.909846e+00 1.750118e+00 -1.843911e-02 
5.547741e+00 1.955022e+01 7.631416e+00 -1.638698e+01 5.344545e+00 -1.889409e+01 -8.000272e+00 2.835143e+00 -2.288611e-01 -5.414597e+00 2.488578e-01 -2.608446e+00 6.642956e-01 8.978058e-01 6.474335e-01 1.784141e-02 2.684499e+00 8.557817e-01 1.695825e-01 1.262228e+00 1.253663e+00 -1.925883e+00 1.211757e+00 1.913350e+00 5.343993e+00 -6.549639e-02 -9.488356e-02 -1.190402e+00 4.982617e-02 1.831706e+00 -1.703327e+00 8.903282e-01 5.643987e-01 -4.168035e-01 -6.560960e-01 9.659783e-01 1.186807e+00 6.673155e-01 -3.843878e-02 
9.510832e+00 1.613886e+01 8.805264e+00 -1.801558e+01 9.585851e-01 -1.536348e+01 -1.075128e+01 -4.329157e-01 1.113225e-01 -7.387623e+00 6.141666e+00 -5.053450e+00 5.966945e-01 2.424643e-01 -1.003745e+00 -1.944832e-01 5.575950e+00 -1.508140e+00 2.192929e+00 2.411058e+00 -2.855529e-01 -1.222909e+00 2.162445e+00 2.777955e+00 4.952337e+00 -1.387727e-01 -7.739428e-01 -1.372047e+00 -4.993910e-01 1.601881e+00 -1.191429e+00 9.109153e-01 5.271520e-01 -3.675454e-01 1.098021e-01 8.254120e-01 -2.505110e-01 -5.009153e-01 -4.562334e-02 
9.477430e+00 1.591968e+01 8.996728e+00 -1.051162e+01 -3.363133e+00 -1.263198e+01 -1.600558e+01 7.182294e-01 -4.629053e+00 -4.572937e+00 9.836485e+00 3.291597e+00 5.365245e-01 -1.295315e+00 -3.688437e+00 -1.940080e+00 6.350703e+00 -2.616190e+00 2.220406e+00 1.026891e+00 -8.213364e-01 -1.192681e+00 2.594720e+00 1.283560e+00 2.964287e+00 -2.123218e-01 -9.575024e-01 -1.129518e+00 -7.513798e-01 4.352224e-01 4.020250e-02 4.218651e-01 6.000182e-01 -2.498711e-01 6.611760e-01 2.140244e-01 -1.483361e+00 -1.543705e+00 -2.749327e-02 
5.130226e+00 1.066484e+01 4.125486e+00 1.228848e+00 -3.537504e+00 -9.287802e+00 -4.631928e+00 -2.777869e+00 -3.478399e+00 1.521888e+00 7.237061e+00 8.323405e+00 1.046361e-01 -2.672255e+00 -3.911744e+00 -2.790354e+00 6.580772e+00 -1.105455e+00 2.573003e+00 3.068783e+00 4.049152e-01 -3.405825e-01 3.045032e+00 -1.579248e+00 1.250956e+00 -2.183783e-01 -4.913335e-01 -1.372424e-01 -1.505789e-01 -1.066276e+00 9.305226e-01 -6.817321e-02 3.262276e-01 7.061604e-02 4.615127e-01 -5.675730e-01 -1.521244e+00 -1.516585e+00 2.243300e-02 
1.261514e+00 3.844531e+00 2.711408e-01 5.744080e+00 -5.488396e+00 -1.082997e+01 -5.925604e+00 -9.878537e-02 -4.397162e+00 3.103605e+00 6.119164e+00 5.524590e+00 -1.512926e-01 -2.432383e+00 -3.546199e+00 -2.441085e+00 4.358393e+00 8.554014e-01 2.088968e+00 3.933385e+00 -3.408850e-01 9.389652e-01 1.840504e+00 -3.324727e+00 -5.237786e-01 -1.631577e-01 1.853563e-01 8.623567e-01 6.778536e-01 -1.792306e+00 1.003111e+00 -3.585973e-02 2.109616e-01 1.210739e-01 3.573340e-01 -8.674083e-01 -6.345196e-01 -7.734080e-01 5.918286e-02 
2.575359e-01 2.617740e+00 -7.835554e-01 6.760668e+00 -3.505800e+00 -3.399444e+00 -4.469669e-01 2.000384e+00 -1.707454e+00 3.999270e+00 1.039453e-01 8.482250e-02 -1.512926e-01 -1.645616e+00 -1.761085e+00 -6.968396e-01 1.240522e+00 1.408571e+00 1.917822e+00 2.589110e+00 -1.725209e-01 1.890896e-02 -2.982581e-01 -2.524312e+00 -8.866014e-01 -5.118526e-02 5.987513e-01 1.071141e+00 9.473453e-01 -1.736121e+00 3.441244e-01 -3.088589e-02 -6.656927e-01 8.072215e-02 1.212259e-01 -9.215207e-01 5.002925e-01 -9.490445e-02 5.999251e-02 
-2.481426e-01 2.212412e+00 -7.539729e-01 8.514581e+00 8.979586e-01 -5.131157e+00 1.568695e+00 -3.375150e+00 -8.200688e-01 3.391480e+00 -3.220042e+00 4.791732e+00 -1.512926e-01 -8.819261e-01 -4.518872e-01 4.024733e-01 5.915611e-02 1.142395e+00 2.368683e+00 2.321545e+00 7.274690e-02 4.144503e-01 -7.063849e-02 -1.416441e+00 1.659586e-01 2.783298e-06 5.516139e-01 8.456999e-01 5.741441e-01 -1.020377e+00 -2.667031e-01 4.556628e-02 -9.832392e-01 6.259792e-01 1.723295e-01 -3.659455e-01 8.354362e-01 1.904800e-01 3.775106e-02 
-2.342708e+00 2.675987e+00 1.154094e+00 6.046571e+00 3.119959e-01 -2.547826e+00 4.566303e+00 -2.002384e+00 -5.172812e+00 -1.129182e-01 -7.146752e-01 4.256658e+00 -1.512926e-01 -4.536812e-01 -1.031910e-01 5.246275e-01 4.957623e-02 4.717288e-01 2.278712e+00 5.462460e-01 6.016030e-01 5.278620e-01 -6.069129e-01 -3.201281e-02 4.313345e-01 2.783298e-06 4.506974e-01 3.899356e-01 3.608538e-02 -2.311945e-01 -3.678240e-01 -2.673903e-01 -8.370548e-01 5.080867e-01 4.571151e-01 1.921799e-01 2.514643e-01 7.953580e-02 1.023818e-02 
-1.847516e+00 1.556082e+00 1.314333e+00 6.397138e+00 -1.685061e+00 5.881224e-01 3.175213e+00 2.266178e+00 -5.923868e-01 4.806604e+00 -5.544615e-01 4.268130e+00 -1.512926e-01 -2.702609e-01 -1.465339e-01 -1.810440e-01 -1.481038e-01 -9.668256e-03 2.136467e+00 3.860084e-02 2.401871e+00 1.546216e+00 1.651639e-01 -3.936944e-01 -2.302365e-01 2.783298e-06 3.118699e-01 2.026902e-01 -8.499935e-02 6.908300e-02 -2.396164e-01 -7.917843e-01 -5.690953e-01 9.940753e-02 6.238840e-02 -9.671471e-02 -1.784477e-01 -2.543667e-01 2.338015e-08 
-1.211340e+00 2.429788e+00 8.048574e-01 8.067326e+00 1.440218e-01 5.134091e+00 1.480743e+00 2.187648e+00 8.177104e-01 2.568812e-01 -1.389283e+00 2.503211e+00 -1.512926e-01 3.020858e-01 3.599439e-02 -2.246651e-01 1.882564e-01 1.453788e-01 6.970114e-01 -4.548147e-01 1.203329e+00 1.738445e+00 5.447353e-01 -1.778249e+00 -2.908404e-01 2.783298e-06 1.358494e-01 2.434762e-02 -1.099304e-01 8.451162e-02 3.558443e-03 -1.226155e+00 -2.676408e-01 -2.884051e-01 -3.577132e-01 -6.562971e-02 1.381867e-01 -1.437969e-01 2.338015e-08 
-2.165216e+00 1.602920e+00 -1.484495e+00 6.763369e+00 9.335558e-01 1.709820e+00 3.304914e+00 6.539271e+00 3.915715e+00 4.032222e+00 -4.850982e+00 4.516852e+00 -1.512926e-01 2.996099e-01 4.918877e-01 3.521701e-01 3.354520e-01 1.075439e-01 -7.993251e-01 -2.330415e-02 2.689086e-01 1.210130e-01 -1.129989e+00 -1.435610e+00 -7.448362e-01 2.783298e-06 2.380371e-02 -1.228831e-01 1.265271e-02 -4.090815e-02 2.761045e-01 -9.073355e-01 -3.361224e-01 -7.349277e-01 -7.512773e-01 -2.348785e-01 7.467761e-01 9.125074e-02 2.338015e-08 
-6.734253e-01 2.832713e+00 1.430197e+00 6.804422e+00 -2.703515e-01 3.763302e-01 2.227779e+00 1.878058e+00 1.265421e+00 2.997882e+00 -7.457607e+00 2.678510e+00 -1.512926e-01 -5.950577e-02 -3.007367e-01 -2.916360e-01 2.305295e-01 4.307568e-01 -2.384209e+00 -7.609342e-01 2.261160e-01 -5.480374e-01 -2.875238e-01 1.179898e+00 -3.027011e-02 2.783298e-06 -1.673668e-01 -2.278496e-01 -6.156668e-02 -2.729458e-01 4.567140e-01 -2.143231e-02 -2.229809e-01 -3.523135e-01 -5.978651e-01 -2.464845e-01 9.422355e-01 2.614650e-01 2.338015e-08 
-6.186628e-01 3.813906e+00 2.762640e+00 8.705799e+00 -9.403013e-01 -1.029685e+00 2.685353e+00 3.765800e+00 -2.112588e-01 -2.214093e+00 -4.697969e+00 4.565293e-01 -1.512926e-01 2.962939e-02 -5.926598e-01 -8.426660e-02 -3.739152e-01 1.228142e+00 -8.596410e-01 -1.488956e+00 -7.841560e-01 -1.066843e+00 -5.931870e-01 1.861267e+00 9.574342e-02 2.783298e-06 -5.524933e-02 -3.617263e-01 -1.315778e-01 -4.689833e-01 4.365271e-01 6.536921e-01 8.588671e-02 -2.268233e-01 9.064454e-02 3.049138e-01 3.501194e-01 4.655403e-01 2.545178e-02 
-2.282120e+00 -1.793196e-01 -2.776672e+00 8.248820e+00 3.235135e+00 -5.416810e+00 -2.013962e+00 4.704763e+00 1.407872e-01 1.942032e+00 4.433769e+00 4.381937e+00 -1.512926e-01 -3.997049e-01 -5.609158e-01 -3.143099e-01 -8.217366e-01 1.868579e+00 6.199411e-01 -8.370689e-01 -3.169142e-02 -6.568588e-01 -9.561291e-01 1.284569e+00 5.963268e-01 2.783298e-06 7.596724e-02 -3.002205e-01 -9.073796e-02 -5.907533e-01 -1.867482e-01 6.998401e-01 5.877683e-01 -2.248603e-01 4.711673e-01 2.656603e-01 -6.400107e-01 2.240200e-01 5.238571e-02 
-1.212505e+00 1.449423e-01 1.971847e-01 4.171662e+00 5.321741e+00 3.082542e-01 -2.018972e+00 1.205267e+00 -8.564214e-01 1.593743e+00 -1.490092e+00 4.143769e+00 -1.512926e-01 1.934400e-01 -1.186762e+00 -2.944139e-01 -1.483356e+00 1.571223e+00 9.670925e-01 4.442062e-01 -7.362775e-01 6.287345e-01 7.288898e-01 2.627047e-01 1.269645e+00 1.272642e-01 -3.101645e-02 -2.440278e-01 -4.935886e-01 -3.009274e-01 -9.801434e-01 -5.384460e-02 5.659356e-01 9.442718e-02 5.557841e-01 5.160775e-01 -7.345938e-01 9.633256e-02 6.111122e-02 
-2.374944e+00 1.862329e+00 1.141358e+00 4.962462e+00 5.941632e+00 2.807046e+00 3.947013e-01 2.999754e+00 -1.696357e+00 -3.686425e+00 -2.638591e+00 3.816575e+00 -1.512926e-01 2.385028e-01 -1.504691e+00 -6.402297e-01 -2.168698e+00 -6.743460e-01 2.016672e-01 1.211269e+00 -9.221794e-01 9.600130e-01 3.798496e-01 -1.220719e+00 5.026176e-01 1.982892e-01 -5.805106e-01 2.955470e-01 -4.411440e-01 1.174150e-01 -1.299217e+00 -4.373901e-01 1.794556e-01 -2.208384e-02 3.625526e-02 5.748470e-01 -3.089390e-01 -5.772690e-02 3.555499e-02 
3.950246e-01 -3.140912e+00 -6.685126e-01 2.932525e+00 5.562856e+00 -3.062102e-01 3.702368e+00 9.368299e-01 3.850663e+00 4.244582e+00 1.511994e-01 7.088054e+00 4.850331e-01 -4.444706e-01 -1.340965e+00 -2.389280e+00 -1.205236e+00 -2.400968e+00 -9.196218e-01 3.166260e-01 1.332527e-01 9.035870e-01 1.319188e+00 -5.591498e-01 6.240925e-01 2.064074e-01 -8.156592e-01 9.858946e-01 -4.495607e-01 3.660978e-01 -8.158512e-01 -1.050652e-01 -2.620357e-01 3.001845e-01 -4.457166e-01 -2.293866e-02 1.120267e-01 -5.722213e-01 -2.932369e-02 
-1.893346e+00 -6.059870e+00 -5.544685e+00 -1.975405e+00 -2.572807e-01 -4.101562e+00 1.181817e+00 2.277940e-01 2.587507e+00 2.515953e+00 -2.490078e+00 5.423174e+00 5.220135e-01 -2.983337e+00 9.939320e-01 -1.472635e+00 -3.736111e-01 -2.641381e+00 -6.236551e-01 1.241003e-01 -5.768577e-01 -6.130840e-01 1.622827e+00 1.507196e-01 6.303665e-01 1.382022e-01 -2.221511e-01 1.129440e+00 -2.397187e-01 3.803098e-01 3.063614e-01 4.268060e-01 -2.142569e-01 5.269902e-01 -2.644528e-01 -2.591255e-01 4.669138e-01 -8.364226e-01 -5.856904e-02 
-3.676037e+00 -2.598073e+00 -8.405965e+00 1.614525e+00 -3.583391e+00 -8.361357e-01 -8.293916e-01 3.257620e+00 1.519889e+00 5.088531e+00 -4.359990e+00 6.460741e+00 5.441138e-01 -2.273920e+00 2.493472e+00 -2.126051e+00 -5.503067e-01 -1.524491e+00 8.545029e-01 -3.224913e-01 5.918694e-01 -8.134856e-01 -7.464575e-03 1.372259e-01 -1.655231e+00 1.068307e-02 5.095384e-01 6.258111e-01 1.075630e-01 8.301853e-02 8.667451e-01 5.494062e-01 4.955104e-01 2.881154e-01 2.143347e-01 -4.482228e-01 1.890876e-01 -1.122663e+00 -5.534568e-02 
-1.525615e+01 6.560524e+00 -2.353068e+00 3.753035e+00 -2.692349e+00 -4.636431e-02 3.281534e+00 -1.044922e+00 -3.596257e+00 4.005677e+00 3.703683e-01 7.282167e+00 5.101727e-01 4.250446e-02 2.225235e+00 -1.970412e+00 -5.945566e-01 4.192542e-01 1.448614e+00 4.595304e-01 1.483497e+00 4.962903e-01 -2.524174e-01 7.657548e-01 -2.539861e+00 3.315263e-03 9.696042e-01 -5.554333e-01 1.832756e-02 9.490797e-02 7.109845e-01 2.232081e-01 6.937227e-01 -5.265662e-02 7.685897e-01 -2.027586e-01 -1.763499e-01 -8.247612e-01 -3.318694e-02 
-4.293182e+00 3.016462e+00 -1.289469e+01 -2.683020e+00 -8.421310e-01 1.938520e+00 1.040426e+00 4.532601e+00 2.875266e+00 3.462420e+00 -5.931648e-01 -2.117425e+00 5.443773e-01 5.902895e-01 1.172553e+00 -1.602673e+00 -6.795590e-01 4.025232e-01 7.912549e-01 2.626570e+00 5.436401e-01 1.420601e+00 1.567573e-02 7.883730e-02 -3.404069e+00 -2.877634e-03 2.083872e-03 -1.009283e+00 5.650580e-01 3.764942e-01 5.194657e-01 -1.015078e-01 7.638315e-01 -8.228654e-01 4.382102e-01 3.322287e-01 -5.770461e-02 2.042812e-01 -1.326562e-02 
-1.372520e+00 2.258650e+00 -1.315230e+01 -2.798615e+00 4.685678e-01 1.754314e+00 2.544518e+00 7.007808e+00 4.390977e+00 2.066519e+00 -5.450106e-01 -2.987036e+00 5.384394e-01 4.325203e-01 -1.122907e+00 -1.642765e+00 1.655992e-01 -4.987974e-02 5.240221e-01 2.118316e+00 -8.160750e-01 2.112938e+00 5.975268e-01 -7.017794e-01 -2.618887e+00 -2.095604e-02 -7.538026e-01 -8.294567e-01 8.567708e-01 1.897470e-01 4.306995e-01 -1.768400e-01 1.198337e-01 -7.636465e-01 -1.340903e-01 3.230622e-01 -8.306250e-02 5.530547e-01 -1.422545e-02 
-7.666315e+00 5.415400e+00 -1.101949e+01 1.492988e+00 -3.151219e+00 2.220168e+00 1.267181e+01 1.949792e+00 4.629374e+00 6.136600e+00 -3.508066e+00 -5.425157e+00 5.155836e-01 -2.458430e+00 -8.788446e-01 5.353639e-01 9.522137e-01 1.307424e+00 8.091822e-01 2.667191e+00 -2.372653e+00 5.691738e-01 1.228738e+00 5.825180e-01 -5.942608e-01 -4.351425e-02 -4.669929e-01 -5.131691e-01 9.620106e-01 -2.317475e-01 4.928452e-01 -1.309556e-01 -6.274515e-01 1.636795e-01 -2.561124e-01 1.032709e-02 1.222686e-01 8.902202e-01 -1.087585e-02 
-1.140725e+01 -2.531793e-01 -1.150431e+01 2.493372e+00 -1.786846e+00 2.432850e+00 8.057111e+00 -3.833494e+00 6.091130e+00 5.656044e+00 -1.680909e+00 -4.158600e+00 4.197860e-01 -2.202117e+00 -8.963038e-01 1.244414e+00 -4.618068e-01 2.120399e+00 5.554366e-01 1.038324e+00 -8.764932e-01 2.514420e-01 7.564294e-01 9.876257e-02 -1.179610e+00 -4.749378e-02 2.528852e-01 -1.286269e-01 7.438795e-01 -4.288910e-01 1.724195e-01 -2.197929e-01 -5.713102e-01 7.090455e-01 -3.022119e-01 -4.424198e-01 -3.709746e-02 6.590241e-01 -3.486697e-03 
-1.156804e+01 -1.216730e-01 -1.104168e+01 -5.682780e-01 6.822384e+00 5.645329e+00 1.161973e+01 -1.909885e+00 4.871214e+00 7.811224e+00 2.887886e+00 -4.502773e+00 3.861436e-01 -4.274359e-01 -1.506644e+00 1.763813e+00 -1.524717e+00 1.781691e+00 1.208272e-01 2.935765e-02 1.392213e+00 1.070738e+00 -1.203984e-02 2.898182e-01 3.274802e-01 -4.397663e-02 1.140132e+00 -3.154893e-01 -4.393639e-02 -1.755945e-03 -6.137028e-01 -2.302676e-01 -4.443820e-01 6.759644e-01 -7.151235e-02 -3.882336e-01 -3.188107e-01 2.940422e-01 -6.115674e-04 
-1.043201e+01 5.460663e-01 -6.919036e+00 -4.077184e+00 6.083743e+00 2.818615e+00 8.261405e+00 4.555254e+00 5.527091e+00 5.011184e+00 -3.249294e+00 -9.346435e+00 3.656770e-01 6.814054e-01 -1.452069e+00 1.462445e+00 -7.403836e-01 5.752519e-01 -2.307642e-01 5.806647e-01 8.466077e-01 3.509711e-01 -9.942270e-01 -7.409995e-01 2.152160e-01 -3.815516e-02 1.213513e+00 -2.861484e-01 -5.814213e-01 6.123475e-01 -9.625673e-01 -1.706145e-01 -5.460218e-02 -1.807279e-01 -1.388924e-01 1.585445e-01 1.880096e-02 1.920313e-01 -4.807820e-03 
-1.029103e+01 -2.517608e+00 -4.493276e+00 -2.845610e+00 1.821538e+00 2.631294e+00 1.271635e+01 4.716467e+00 1.026517e+01 6.398389e+00 -1.274524e+00 -1.194124e+00 3.227412e-01 1.800547e+00 -2.178397e+00 2.065911e-01 1.082682e+00 -9.884328e-01 5.087750e-02 6.740695e-01 1.456170e-01 1.619890e-01 1.629642e-01 -5.915599e-01 1.786400e-01 -5.124590e-02 9.154302e-01 8.092329e-02 -6.520699e-01 5.371398e-01 -9.187902e-01 -2.156426e-01 -1.110147e-01 -6.893412e-01 -4.806956e-01 4.463302e-01 -3.395086e-02 -3.215002e-01 -9.609134e-03 
-8.638833e+00 -6.315676e+00 -7.466311e+00 -6.970648e-02 3.589438e+00 2.786134e+00 1.041233e+01 -2.913409e+00 5.149407e+00 1.391451e+00 -3.304199e+00 -4.736811e+00 2.607266e-01 2.751421e+00 -1.991107e+00 -8.840126e-01 1.296329e+00 -1.307463e+00 -2.626813e-01 4.428684e-01 -1.156837e+00 1.140789e-02 1.461725e+00 6.334661e-01 -1.450706e-01 -6.790683e-02 6.142604e-01 5.369748e-01 -2.246071e-01 -2.560241e-01 -7.252201e-01 -2.473302e-01 -4.576263e-01 -2.969117e-01 -4.399542e-01 3.894828e-01 -2.932351e-02 -3.129949e-01 -9.996547e-03 
-3.462037e+00 -7.583300e+00 -9.735120e+00 2.841778e+00 3.127231e+00 5.915854e+00 1.391483e+01 2.552360e+00 5.869953e+00 1.043598e+01 -4.276731e-02 -5.914341e+00 1.823739e-01 3.114597e+00 -8.326936e-01 -3.232444e-01 1.426379e-01 -1.870994e+00 -9.414863e-01 -4.567606e-01 -1.052749e+00 -1.163013e+00 9.915279e-01 -5.670947e-01 -1.099783e+00 -7.714691e-02 9.409703e-02 8.434982e-01 2.363949e-01 -7.091500e-01 -2.289402e-01 -3.816897e-01 -6.821011e-01 2.964633e-02 -8.513110e-01 -3.924103e-01 -3.212786e-01 -1.339007e-01 -2.074162e-03 
-8.929274e-02 -6.877130e+00 -8.718224e+00 -4.397189e-01 -1.106329e+00 -1.371324e-01 9.876829e+00 -1.467340e-01 7.782098e+00 1.030096e+01 -6.980239e-01 -7.711383e+00 9.634407e-02 3.095681e+00 5.600153e-01 6.043618e-01 -1.550264e+00 -2.609535e+00 -9.712254e-01 -1.142094e+00 -3.870659e-02 -1.186412e+00 5.389282e-01 -8.997711e-01 -7.105296e-01 -7.519126e-02 -3.779954e-01 6.390695e-01 2.722612e-01 -2.660333e-01 1.945178e-01 9.728295e-03 -4.393193e-01 3.870316e-01 -1.062550e+00 -6.718057e-01 -1.661371e-02 3.825729e-01 6.205167e-03 
1.007509e+00 -6.400344e+00 -5.483466e+00 -1.947317e+00 -5.185264e+00 -6.149997e-01 1.070013e+01 -1.930650e+00 3.133943e+00 6.901371e+00 -5.413081e+00 -5.205345e+00 1.920356e-02 2.098852e+00 7.634214e-01 6.443791e-01 -1.039641e+00 -1.482093e+00 -1.503345e+00 -1.943940e+00 -2.652089e-01 -3.495621e+00 -1.337724e+00 -1.431322e+00 -2.080773e-01 -5.796940e-02 -8.088741e-01 1.007391e-01 9.206874e-02 4.096740e-01 6.767182e-01 4.577690e-01 -2.008770e-01 3.035654e-01 -2.791621e-01 -3.535633e-01 6.932839e-01 8.062364e-01 1.196196e-02 
4.604740e+00 -4.107092e+00 -6.570621e+00 -5.426514e+00 -5.301789e+00 1.195468e+00 6.309202e+00 -8.652086e-01 5.850539e-01 5.853301e+00 -5.117855e+00 -8.644321e+00 -3.364058e-02 1.369430e+00 4.060567e-01 -6.484325e-03 5.571578e-01 -5.292804e-01 6.696173e-02 -1.010014e+00 3.844835e-01 -4.135003e+00 -7.327328e-01 9.826629e-01 1.321972e+00 -4.646289e-02 -1.139195e+00 -3.998741e-01 1.645984e-01 6.998869e-01 7.829207e-01 4.013769e-01 -3.338171e-01 -1.200912e-01 7.141499e-01 7.689556e-02 8.305004e-01 7.508178e-01 1.288261e-02 
4.685136e+00 -5.151336e+00 -7.587106e+00 1.371764e-01 -2.185646e+00 -2.267068e+00 5.979104e+00 1.585836e+00 -8.009460e+00 5.970923e+00 -4.989144e+00 -6.488422e+00 -4.249478e-02 -6.653754e-02 -2.518997e-01 4.424906e-01 1.137425e+00 4.723942e-01 8.282822e-01 -1.527267e+00 2.535629e-01 -1.084532e+00 -1.404993e-01 1.958245e+00 1.915064e+00 -3.170455e-02 -9.096110e-01 -2.427355e-01 2.762782e-01 4.967280e-02 4.920526e-01 3.063469e-01 -6.195411e-01 -3.985907e-01 1.547630e+00 5.218065e-01 4.561166e-01 2.416727e-01 1.014460e-02 
4.918944e+00 -5.471394e+00 -7.698862e+00 1.304471e+00 -5.252842e+00 1.023720e+00 7.187053e+00 1.712199e-02 -7.321440e+00 7.102290e+00 4.003532e+00 -4.598885e-01 -1.051067e-01 -1.517658e+00 -9.317106e-01 1.528214e+00 8.605205e-01 3.278990e-01 -1.302377e-01 -3.019554e+00 -8.985032e-01 1.178887e+00 3.246824e-01 1.557847e+00 1.982075e+00 -2.391226e-02 -4.477502e-01 1.256765e-01 1.920162e-01 -1.026226e-01 4.277624e-01 -1.553965e-01 -3.053848e-01 -6.129637e-01 7.995249e-01 1.589881e-01 -4.054964e-01 -3.994394e-01 8.307646e-03 
5.177546e-01 -6.977411e+00 -2.706825e+00 3.743084e-01 -2.847809e+00 3.612391e+00 2.624677e+00 -1.104197e+00 1.664534e+00 5.574579e+00 -1.822793e-01 2.780182e-01 -1.035958e-01 -1.005626e+00 2.186447e-01 1.258379e+00 -9.430817e-01 5.495850e-01 1.269425e-01 -4.036912e+00 -1.616769e+00 1.585736e+00 7.426156e-01 5.618360e-01 6.702797e-01 -1.852285e-02 2.544649e-01 3.840004e-01 -3.943743e-01 2.798855e-01 3.250098e-01 -2.710795e-01 8.171250e-01 -3.897570e-01 -8.051105e-01 -1.746675e-01 -3.819895e-01 -3.733883e-01 5.099515e-03 
-8.998542e-01 -7.852317e+00 -1.369452e+00 -1.242943e+00 -3.330873e+00 -2.395656e+00 -7.111844e+00 -4.012452e+00 1.642722e+00 7.675296e+00 2.682095e-01 -2.116966e+00 -1.226218e-01 -3.998040e-01 7.993166e-01 5.456497e-01 1.084355e+00 1.570843e+00 -3.594381e-01 -1.282201e+00 -1.745234e+00 -1.472460e+00 -3.793812e-01 -3.465295e-01 -5.269624e-02 -1.151130e-02 5.264117e-01 3.616477e-01 -6.730797e-01 7.259884e-01 3.845914e-01 6.055367e-02 1.650973e+00 1.744035e-01 -1.342230e+00 -4.923185e-01 1.405021e-02 6.498574e-02 3.747921e-03 
2.566102e+00 -2.867091e+00 -4.459995e+00 -3.304749e+00 -3.982788e-01 7.777441e-02 -7.056178e+00 -4.483255e+00 -4.562853e+00 9.397517e+00 -3.123406e-01 -2.308327e+00 -1.263638e-01 6.468408e-01 8.027351e-01 -1.038076e+00 2.425082e+00 1.475970e+00 -4.125495e-01 1.689725e+00 -1.271798e+00 -3.784468e+00 -6.617281e-01 1.000570e+00 1.065407e+00 -1.240575e-02 1.951930e-01 -3.959915e-02 -2.931516e-01 7.956107e-01 1.782937e-01 2.103288e-01 1.321267e+00 6.834894e-01 -4.628523e-01 -4.466335e-01 2.103117e-01 4.508298e-01 3.036212e-03 
1.895748e+00 -3.530026e+00 -4.093913e+00 8.564816e+00 1.376296e+00 9.943541e-01 5.616718e+00 -7.019625e+00 -1.157048e+01 3.293996e+00 2.335688e+00 5.694180e-01 -1.512926e-01 2.882204e-01 5.844338e-01 -6.890313e-01 2.806148e+00 1.787680e+00 4.424281e-01 2.372017e+00 -1.989155e-01 -2.847282e+00 -1.434685e+00 1.408660e+00 2.109557e+00 -8.229145e-03 -4.875133e-02 -2.308595e-02 1.713891e-01 -2.350102e-01 -2.001751e-01 2.630976e-01 -2.689314e-02 1.096240e+00 1.119390e+00 2.250021e-01 -1.343953e-01 1.962038e-01 3.044918e-03 
2.354043e+00 -5.125515e+00 -6.534875e+00 7.595222e+00 2.178344e+00 -1.451413e-01 4.709364e+00 -5.959469e+00 -1.065134e+01 4.456485e+00 3.786613e+00 4.261705e+00 -1.512926e-01 -3.736577e-01 1.279300e-01 4.099812e-01 2.174028e+00 1.332711e+00 7.777677e-01 7.424204e-01 1.027511e+00 -4.121153e-02 -9.629040e-01 7.357408e-01 1.843113e+00 -4.984886e-03 -2.491483e-01 1.640158e-01 5.724544e-01 -7.427169e-01 -3.305738e-01 3.543724e-01 -7.239585e-01 8.109791e-01 1.583469e+00 8.060809e-01 -5.245737e-01 -5.105441e-01 3.303919e-03 
6.470870e-01 -3.801445e+00 -3.777134e+00 7.338104e+00 4.319180e+00 -7.217092e-02 -1.134441e+00 -4.268807e+00 -9.549662e+00 2.972710e+00 5.261840e+00 5.146000e+00 -1.512926e-01 -1.333889e-01 1.021159e+00 6.786154e-01 3.452213e-02 6.416056e-01 3.610017e-01 -9.428790e-01 2.586282e+00 2.252883e+00 8.962391e-01 -8.860252e-01 5.394605e-01 2.783298e-06 -1.672950e-01 2.087690e-01 4.277138e-01 -7.438229e-01 -4.032559e-01 1.801564e-01 -5.091118e-01 7.159757e-02 8.545713e-01 8.855122e-01 -5.222908e-01 -7.417402e-01 2.143856e-03 
1.322102e+00 -2.091864e+00 -2.568774e+00 8.179139e+00 4.793623e+00 4.499604e+00 3.175973e-02 -7.209851e-01 -5.779325e+00 4.743903e+00 1.903201e+00 4.619186e+00 -1.512926e-01 -3.881174e-01 1.404529e+00 1.140429e+00 9.732356e-02 3.961540e-01 1.400027e+00 -2.726268e-01 1.390546e+00 1.582713e+00 2.203270e+00 -4.749088e-01 -7.023867e-01 2.783298e-06 -1.178958e-01 1.377383e-01 1.678822e-01 -4.610754e-01 -3.756563e-01 -1.105332e-01 8.109526e-02 -6.454269e-01 -6.013912e-02 2.383084e-01 -1.340868e-01 -4.242601e-01 9.968510e-04 
1.744666e+00 5.907296e-02 -2.684227e+00 8.445980e+00 3.276851e+00 4.768870e-01 3.240898e+00 3.292354e+00 -2.741781e+00 7.631817e+00 -1.152563e+00 3.087846e+00 -1.512926e-01 -5.410337e-01 9.899029e-01 1.084269e+00 1.254549e-01 2.397760e-01 1.032100e+00 3.338961e-01 -2.248401e-02 6.137324e-01 1.409725e+00 -5.974870e-01 -3.262150e-01 2.783298e-06 -1.649974e-01 -1.369074e-01 -4.148671e-03 -2.554158e-01 -3.877311e-01 2.020300e-02 3.379802e-01 -1.101147e+00 -6.910750e-01 -5.605133e-01 4.561784e-01 2.834312e-02 2.338015e-08 
-1.351223e-01 -3.340173e-02 -1.379313e+00 7.528242e+00 4.680158e+00 6.580596e+00 1.158437e+00 -2.787685e+00 -6.141703e+00 1.314311e+01 4.619185e+00 1.778612e+00 -1.512926e-01 -7.593158e-01 8.321595e-01 1.046580e+00 -1.766914e-01 -3.446689e-01 -1.104675e-01 5.095165e-01 -8.951710e-01 4.775936e-01 -2.814127e-02 -7.917769e-02 1.546120e-01 2.783298e-06 -5.765467e-02 -2.346464e-01 -2.450748e-01 -4.666607e-01 -5.288993e-01 -2.237456e-01 2.859523e-01 -3.431162e-01 -3.496761e-01 -9.436239e-01 3.596826e-01 9.413935e-02 2.338015e-08 
-1.329409e+00 1.191215e-01 1.049734e+00 8.290954e+00 5.575093e+00 4.047544e+00 -2.835943e-02 -3.347967e+00 -6.299741e+00 5.821264e+00 9.158154e-01 4.934449e+00 -1.512926e-01 -7.726861e-01 6.226488e-01 7.047430e-01 -1.105483e+00 -9.266421e-01 1.217152e+00 3.560311e-01 -1.776627e+00 -6.499175e-01 -7.907155e-01 1.196923e+00 2.525929e-01 2.783298e-06 3.037352e-02 -2.442671e-01 -3.935136e-01 -2.872131e-01 -4.350047e-01 -2.856057e-01 6.744415e-02 4.281467e-01 -3.936404e-02 -4.796775e-01 2.280807e-01 -2.322741e-01 2.338015e-08 
-9.379161e-01 2.039473e+00 7.970509e-01 7.372674e+00 1.921099e+00 2.161881e+00 4.213938e+00 -1.876661e+00 -1.612555e+00 5.508216e+00 4.729772e-01 4.468668e+00 -1.512926e-01 -5.605444e-01 4.148473e-01 1.047834e-01 -1.620516e+00 -1.665183e+00 1.886825e-01 1.145958e+00 5.520583e-01 4.660621e-01 -1.414624e+00 4.262685e-01 -5.211088e-01 2.783298e-06 1.529381e-01 -2.868664e-01 -4.472015e-01 3.519411e-01 4.644971e-02 -3.606085e-01 -1.234002e-01 8.251203e-01 1.034836e-01 -6.500136e-02 -2.397755e-01 -3.278124e-01 2.338015e-08 
-1.717795e+00 2.136151e+00 -2.486062e-01 2.996265e+00 2.332513e-02 8.771934e+00 3.493065e+00 -6.045928e+00 -8.255893e+00 7.495888e+00 6.905382e+00 3.006162e+00 -1.512926e-01 -4.885430e-01 -2.261000e-02 -4.123636e-01 -5.886261e-01 -1.275047e+00 -5.454958e-01 3.528690e-01 1.394668e+00 4.225112e-01 -2.954426e-01 2.900704e-01 -1.149708e+00 2.783298e-06 2.649837e-01 -2.068851e-01 -2.143732e-01 1.000441e+00 5.496295e-01 -5.947412e-01 -3.075997e-01 6.736015e-01 3.985303e-01 -7.383527e-02 -6.834461e-01 -7.190251e-02 2.338015e-08 
-2.743522e+00 1.032459e+00 -2.062869e-01 2.073124e+00 -8.699413e-01 5.161677e+00 5.127972e+00 1.321552e+00 -2.833236e+00 5.232697e+00 3.756010e+00 1.371368e-01 -1.512926e-01 -1.367562e-01 -2.796147e-01 -6.308448e-01 1.324612e+00 6.172376e-02 -1.032044e+00 -1.058847e-01 1.644846e+00 4.586730e-01 -6.007538e-01 -8.247361e-01 -7.832810e-01 2.783298e-06 2.780156e-01 -5.568158e-02 1.096034e-01 8.124219e-01 7.383510e-01 -2.469330e-02 -4.381893e-01 -1.915247e-01 -7.545506e-02 -2.260600e-02 -3.760665e-01 4.216227e-01 2.338015e-08 
-2.868971e+00 5.094367e-01 -5.103287e-01 7.997644e+00 5.953828e-01 -1.798468e-01 1.279232e+00 2.026435e+00 -3.576742e+00 4.481657e+00 7.249989e-01 1.351838e+00 -1.512926e-01 3.402159e-01 -6.460981e-02 7.983787e-04 2.424170e+00 9.581641e-01 -1.146141e+00 -5.560032e-01 1.044962e+00 1.346486e+00 -1.566840e+00 -1.594633e+00 2.405988e-02 2.783298e-06 1.363879e-01 4.066937e-02 2.861295e-01 -2.281530e-01 4.750360e-01 5.361646e-01 -1.117831e-01 -4.437774e-01 -1.084627e-01 -7.006515e-02 -2.806196e-01 5.674978e-01 2.338015e-08 
-1.046276e+00 1.454600e+00 -2.226110e+00 1.149521e+01 1.943625e+00 1.477561e+00 4.791750e+00 2.311106e+00 -1.658474e+00 4.011169e+00 -5.603120e-01 1.379831e+00 -1.512926e-01 4.150894e-01 1.574764e-01 4.462446e-01 9.351828e-01 9.099674e-01 3.656091e-01 -5.904219e-01 -2.307468e-01 -3.730498e-01 -8.919873e-01 -5.117327e-01 9.999973e-01 2.783298e-06 -8.493911e-02 5.943219e-02 2.478402e-01 -9.633628e-01 -3.728150e-02 4.961103e-01 8.475665e-02 -2.757907e-01 -4.462099e-02 2.427069e-01 -1.001529e-01 2.691680e-01 2.338015e-08 
-8.652879e-01 1.602319e+00 7.654141e-01 1.040570e+01 3.407281e+00 4.883589e+00 8.806645e-01 -1.316001e+00 -2.110776e+00 2.724421e-01 1.089980e+00 2.505506e+00 -1.512926e-01 -8.248283e-02 -3.787156e-02 4.796549e-01 -1.534753e+00 6.760183e-01 1.436467e+00 3.616842e-02 1.136103e-01 2.961126e-01 -5.000979e-01 -1.269397e+00 7.961597e-01 2.783298e-06 -2.099090e-01 9.882455e-02 2.068159e-03 -8.576850e-01 -4.302960e-01 1.983059e-01 4.378774e-01 1.354333e-01 1.628893e-02 6.091477e-01 -2.414087e-02 -2.521735e-01 2.338015e-08 
-1.670024e+00 1.273254e+00 1.387056e+00 5.545299e+00 2.273734e+00 4.458225e+00 2.374737e+00 1.839171e+00 -5.431489e+00 2.877514e+00 1.014824e+00 4.560448e+00 -1.512926e-01 -3.501854e-01 4.128252e-03 3.689128e-01 -1.512856e+00 1.628383e-02 1.572680e-01 2.169554e-02 7.315590e-01 7.607309e-01 7.946555e-02 -1.488197e+00 1.766377e-01 2.783298e-06 -1.123312e-01 1.997226e-01 -1.162429e-01 1.787546e-02 -5.407410e-01 -2.671926e-01 2.809348e-01 1.693141e-01 3.773003e-01 4.269622e-01 2.185175e-01 -6.733763e-01 2.338015e-08 
-2.969563e+00 4.103567e-01 8.090927e-02 3.298757e+00 3.810252e+00 5.512291e+00 2.668653e+00 2.830235e+00 -2.097282e-01 2.547990e+00 -6.409916e+00 3.742234e+00 -1.512926e-01 -3.267131e-01 5.060504e-01 4.975016e-02 -6.403271e-01 -7.464985e-01 -5.031915e-02 1.327295e+00 1.241036e+00 8.609318e-01 9.931116e-01 -1.227151e+00 -8.250630e-01 2.783298e-06 9.815379e-02 2.285848e-01 3.366241e-02 7.535830e-01 -5.218595e-01 -5.695097e-01 -9.401862e-02 -2.818252e-01 -2.627219e-02 1.192909e-01 8.861520e-01 -4.294489e-01 2.338015e-08 
-1.744594e+00 2.071298e+00 -3.947483e-02 7.483948e+00 1.823485e+00 1.949644e+00 4.006304e+00 3.895677e+00 1.194629e+00 3.270655e+00 -4.251081e+00 1.644614e+00 -1.512926e-01 -2.454498e-02 8.840488e-01 8.000717e-02 5.773819e-01 -1.082355e+00 -2.269944e-01 1.687351e-01 5.213984e-02 1.231171e+00 4.961670e-01 5.599444e-01 -1.556182e+00 2.783298e-06 9.442014e-02 -5.960645e-02 1.605176e-01 7.187994e-01 -2.196626e-01 -5.576845e-01 -5.705417e-01 -4.397786e-01 -2.325066e-01 -2.488131e-01 7.992194e-01 2.828963e-02 2.338015e-08 
-2.461166e+00 3.734041e+00 1.727254e+00 6.234549e+00 -1.001525e-01 5.886043e+00 6.701090e+00 3.860942e+00 -1.118925e+00 5.041390e+00 -2.413122e+00 -1.616053e-01 -1.512926e-01 2.454355e-01 6.650149e-01 7.924358e-01 1.188061e+00 -1.383988e+00 -1.219023e+00 -5.073549e-01 -9.558523e-01 -7.054406e-02 -1.119919e-01 2.137194e+00 -4.846663e-01 2.783298e-06 1.077181e-02 -4.152865e-01 1.569788e-01 4.994807e-01 1.345167e-01 -7.552875e-01 -9.445007e-01 -2.137363e-01 -1.938377e-01 -4.765357e-01 2.151858e-01 4.222111e-01 2.338015e-08 
-2.047146e+00 4.031882e+00 9.638630e-01 6.964310e+00 -1.182807e+00 3.135858e+00 1.201857e+00 1.584703e+00 1.178940e+00 4.111857e+00 1.815893e+00 -1.268924e+00 -1.512926e-01 -1.640910e-01 -3.732596e-01 8.002440e-01 1.166773e+00 -7.632295e-01 -2.046859e+00 -1.913778e+00 -3.688580e-01 6.391536e-02 -6.121040e-01 8.257828e-01 1.479376e-01 2.783298e-06 -1.062281e-01 -5.122117e-01 2.610657e-02 1.545211e-01 3.366184e-01 -5.115365e-01 -4.758880e-01 3.386459e-01 -1.537534e-01 -2.506243e-01 -5.686260e-01 4.532905e-01 2.338015e-08 
-1.591181e+00 2.755251e+00 3.541644e+00 9.499300e+00 -1.606080e+00 -1.176071e+00 1.534182e+00 -7.934744e-01 -5.545036e-01 1.567655e+00 1.242994e+00 2.775796e+00 -1.512926e-01 -2.030134e-01 -9.418443e-01 4.744744e-01 1.562437e+00 -2.334456e-01 -2.916915e+00 -2.354045e+00 3.829051e-01 4.754664e-01 -8.354123e-01 -2.841054e-01 4.338708e-01 2.783298e-06 -1.321124e-01 -3.578014e-01 -1.276883e-01 -5.405727e-03 3.607214e-01 -1.322402e-01 -9.338579e-02 5.508378e-01 6.451140e-02 -3.491433e-02 -8.318299e-01 1.573679e-01 2.338015e-08 
-2.999857e+00 6.937857e-01 3.054766e+00 1.168588e+01 -1.239262e+00 -4.753847e+00 -2.978652e+00 4.378561e+00 1.231747e+00 1.946608e+00 -1.950482e+00 9.158854e-01 -1.512926e-01 -3.314670e-01 -8.737167e-01 3.694383e-01 1.162971e+00 2.540984e-02 -1.935693e+00 -1.287431e+00 1.076004e+00 1.891944e-01 -3.951307e-01 -1.072541e+00 2.508575e-01 2.783298e-06 -4.631009e-02 -9.325509e-02 -9.666786e-02 -4.068695e-02 1.836085e-01 1.203385e-01 2.319355e-01 3.582765e-01 -3.576296e-03 8.742972e-02 -4.584951e-01 2.292096e-03 2.338015e-08 
