-3.167432e+00 -7.665756e-01 -4.928091e+00 5.466291e+00 7.563583e-01 -2.588516e-01 -2.818042e-02 4.058249e+00 1.105290e+00 6.298807e+00 9.045069e-01 6.218257e-01 -1.512926e-01 2.779632e-01 -2.701868e-01 -5.073673e-01 -3.994571e-01 5.739657e-01 1.056684e+00 -3.571426e-01 -2.862106e-02 5.466154e-01 -7.248062e-01 -2.529263e-01 1.004091e+00 -2.636413e-08 -9.045226e-02 -2.677585e-02 8.740909e-02 -1.438571e-01 2.577282e-01 1.238469e-01 1.811987e-01 -1.947506e-01 -3.154052e-01 -1.190453e-01 5.565808e-02 1.351956e-01 8.668166e-07 
-2.720251e+00 -1.481717e+00 -5.697864e+00 7.710801e+00 2.676408e+00 2.089053e+00 -1.917707e+00 1.966519e+00 2.192539e+00 8.334374e+00 1.242324e+00 2.926935e+00 -1.512926e-01 1.018770e-01 -6.012047e-01 -4.909336e-01 -5.729123e-01 1.738069e+00 1.278577e+00 3.234906e-01 -2.795491e-02 3.201438e-01 -1.299191e+00 -3.283608e-01 1.613697e+00 -2.636413e-08 -1.640831e-01 2.523275e-02 2.243493e-01 -1.381445e-01 3.051773e-02 -1.828722e-03 1.359749e-01 -1.146564e-01 -2.631995e-01 -1.323308e-01 9.754419e-03 -1.104950e-01 8.668166e-07 
-2.001239e+00 -1.760028e+00 -7.079494e+00 2.346407e+00 2.666736e+00 3.850509e+00 -8.688415e-01 4.960808e+00 3.294658e+00 1.656677e+00 -5.287880e-01 4.489827e+00 -1.512926e-01 -8.637878e-02 -2.385446e-01 -7.855513e-02 -1.031955e+00 1.280574e+00 1.565051e+00 2.085059e-01 -1.002753e+00 -9.172505e-01 -1.032868e+00 6.305031e-02 1.375295e+00 -2.636413e-08 -1.688762e-01 7.046245e-02 2.521107e-01 2.170018e-01 -2.778102e-01 -3.774577e-01 -7.109551e-02 4.045948e-02 -9.996700e-02 1.849844e-01 3.769351e-02 -4.357365e-01 8.668166e-07 
-3.240941e+00 -3.275875e+00 -6.306509e+00 4.161876e+00 8.492041e+00 4.079182e+00 2.009952e+00 3.466774e+00 1.611571e+00 2.123736e+00 -2.044321e-02 6.756555e+00 -1.512926e-01 -3.602905e-01 -1.599186e-01 4.000189e-01 -7.741817e-01 3.732723e-01 7.933934e-01 3.999586e-02 -1.148873e-01 -3.751277e-02 -1.232466e+00 -3.620639e-01 2.661230e-01 -2.636413e-08 -6.380103e-02 1.708865e-01 5.519142e-02 3.417147e-01 -6.608124e-01 -5.043980e-01 -2.958321e-01 2.655981e-01 9.275302e-02 6.146116e-01 3.578738e-02 -6.565284e-01 8.668166e-07 
-3.338953e+00 -1.062299e+00 -5.015881e+00 2.080837e+00 4.251337e+00 6.570956e+00 -9.496140e-01 -1.705934e+00 -3.190496e+00 4.239951e+00 1.851043e+00 5.583399e+00 -1.512926e-01 -3.353895e-01 -1.385042e-01 3.077137e-01 7.862582e-01 -1.326424e-01 -5.878963e-01 -5.707973e-01 2.170769e-01 2.257438e-01 1.667395e-01 -4.752635e-02 -5.008426e-01 -2.636413e-08 1.299124e-02 7.687092e-02 -9.331097e-02 2.739795e-01 -3.957562e-01 -2.749469e-01 4.669360e-02 4.955886e-01 -3.248007e-03 5.563644e-01 -1.794481e-01 -4.026867e-01 8.668166e-07 
-3.853135e+00 -2.630387e+00 -4.729491e+00 3.972742e+00 3.749946e+00 4.695586e+00 -1.677350e+00 4.725628e+00 5.247739e+00 8.808323e-01 -1.758097e+00 3.710921e+00 -1.512926e-01 -9.255724e-02 2.031676e-01 -4.079972e-01 2.266899e-01 -8.593469e-01 -1.670386e-01 -7.659025e-01 6.901537e-01 2.125588e-01 1.174115e+00 -9.410488e-02 -7.309324e-01 -2.636413e-08 8.934158e-02 5.586745e-02 -1.683450e-01 -7.827338e-02 -4.842943e-02 2.065212e-01 4.633397e-01 -3.967147e-02 -5.098688e-01 4.054259e-01 -2.019821e-01 -7.468364e-02 8.668166e-07 
-3.372262e+00 -2.775096e+00 -6.329527e+00 6.371795e+00 4.374013e+00 6.026797e-01 -1.878890e+00 5.416650e+00 2.604966e+00 3.111763e+00 1.023258e-01 3.508292e+00 -1.512926e-01 -1.551844e-01 -3.580022e-02 -1.410646e-01 -1.624893e-01 -8.179471e-02 6.704733e-01 8.448885e-01 1.072634e+00 -1.058629e+00 5.455706e-01 -9.681907e-01 -1.395565e-01 -2.636413e-08 7.115483e-02 -3.877783e-02 -2.694859e-02 -3.128613e-01 1.444621e-01 3.933039e-01 7.269506e-01 -2.274279e-01 -3.723289e-01 -1.278408e-01 -2.942855e-01 -6.889326e-02 8.668166e-07 
-3.686974e+00 -1.403358e+00 -7.689744e+00 3.149253e+00 4.133752e+00 6.227947e+00 -1.355045e+00 3.356028e+00 -2.235317e-01 8.558201e+00 3.834804e-01 4.139601e+00 -1.512926e-01 -3.718467e-03 6.796913e-02 -2.173969e-01 -6.911772e-01 1.056810e-01 1.196928e+00 1.648887e+00 -7.409564e-01 -1.944571e+00 6.052188e-01 -9.116148e-01 -2.880380e-01 -2.636413e-08 6.500193e-02 -1.295706e-01 5.717868e-02 1.493407e-01 3.038485e-01 -2.112437e-01 5.611301e-01 -2.402562e-01 -1.314555e-02 -3.904147e-01 -8.599571e-02 -3.371663e-01 8.668166e-07 
-4.197710e+00 -1.854900e+00 -4.241291e+00 1.680809e+00 3.650686e+00 9.157237e+00 3.114104e+00 4.341958e+00 -5.748008e+00 3.129014e+00 -4.060489e+00 4.671289e+00 -1.512926e-01 -2.403250e-02 -2.647533e-01 7.748828e-02 -3.192998e-01 1.070298e-01 6.965859e-01 1.856619e+00 -2.044844e-01 -5.574887e-01 -1.879724e-01 -1.110274e+00 -1.066810e+00 -2.636413e-08 6.615773e-02 -2.255293e-02 -5.212053e-02 4.118240e-01 2.536310e-02 -6.034475e-01 -1.396870e-01 -1.234782e-01 4.900906e-01 6.301579e-02 3.556508e-01 -3.700824e-01 8.668166e-07 
-3.459172e+00 -2.750778e+00 -6.860552e+00 2.863040e+00 4.640234e+00 6.403038e+00 4.070435e+00 1.558376e+00 -2.988790e-01 3.898389e+00 -4.234794e+00 1.689435e+00 -1.512926e-01 1.668445e-01 -3.301685e-01 -2.315268e-01 1.051916e+00 5.654686e-01 -1.236124e+00 1.533791e+00 1.273688e-01 -1.037701e-01 -4.112560e-01 -4.531003e-01 -1.953071e+00 -2.636413e-08 -4.515631e-03 1.024677e-01 1.313697e-01 3.296960e-01 -2.379297e-01 -6.077077e-01 -6.196118e-01 2.525492e-01 4.526030e-01 3.147644e-01 6.007836e-01 1.709623e-01 8.668166e-07 
-3.606190e+00 -3.425388e+00 -6.356828e+00 4.918972e+00 4.656013e+00 3.997754e+00 4.691520e+00 5.293461e+00 -1.448797e-01 4.502160e+00 -3.139856e+00 -6.009998e-01 -1.512926e-01 9.036264e-02 5.060321e-02 -3.947888e-01 1.025416e+00 -1.848389e-01 -1.130145e+00 2.041479e-01 2.111807e-02 4.713834e-01 1.368803e+00 5.807914e-01 -1.157392e+00 -2.636413e-08 2.444719e-02 2.550485e-01 1.948415e-01 -1.266451e-01 -3.792072e-01 -3.487680e-01 -9.966061e-01 4.553200e-02 2.178313e-01 2.677115e-01 6.059537e-01 7.180647e-01 8.668166e-07 
-3.148672e+00 -2.269213e+00 -7.789312e+00 6.789676e+00 6.458478e+00 2.626983e+00 5.525516e+00 3.517377e+00 -3.544100e+00 5.815791e+00 -2.342262e+00 -2.989644e+00 -1.512926e-01 -8.347677e-02 4.226387e-01 6.755523e-01 2.849464e-01 -9.379789e-01 -9.283783e-01 -6.229818e-01 4.090388e-01 -1.959542e-01 1.400576e+00 1.246751e+00 6.121076e-01 -2.636413e-08 -7.779047e-03 2.185610e-01 3.235917e-01 -4.474415e-01 -2.864239e-01 2.681608e-01 -8.287556e-01 -1.052098e-01 1.555229e-01 -2.221927e-01 2.763508e-01 8.590829e-01 8.668166e-07 
-3.900993e+00 -1.842890e+00 -5.750324e+00 4.844769e+00 1.817171e+00 5.394261e+00 3.407394e+00 3.468019e+00 -1.768482e+00 9.014479e+00 -2.102930e+00 1.223784e+00 -1.512926e-01 2.232932e-01 6.340128e-01 5.981449e-01 -5.689701e-01 -1.037381e+00 -1.201223e+00 -2.047942e+00 -1.175519e-01 5.778605e-01 2.445854e-01 1.069601e+00 1.240982e+00 -2.636413e-08 1.588072e-02 5.657127e-02 2.249515e-01 -1.394057e-01 8.301351e-02 3.045056e-01 -1.168808e-01 -1.225225e-01 -2.003270e-01 -1.108326e+00 -2.074358e-02 2.548338e-01 8.668166e-07 
-3.729088e+00 -1.428877e+00 -3.786279e+00 4.325346e+00 1.370245e+00 1.062979e+00 1.597856e+00 4.516165e+00 -4.667580e-01 8.644885e+00 1.480577e+00 3.837634e+00 -1.512926e-01 6.143621e-02 4.709010e-01 8.901120e-01 -3.880686e-01 -4.402915e-01 1.401977e-01 -1.483858e+00 -3.293873e-01 6.206286e-01 -9.602217e-01 6.842487e-01 1.143222e+00 -2.636413e-08 -5.467460e-03 -7.489492e-02 -5.663702e-02 2.201919e-01 3.771663e-01 3.602209e-01 2.793778e-01 -1.648669e-01 -3.727391e-01 -8.562697e-01 -2.971056e-01 -4.042902e-01 8.668166e-07 
-2.199561e+00 -6.756068e-01 -5.367579e+00 3.306028e+00 2.013146e+00 -1.226281e+00 -3.584130e+00 4.206740e+00 1.205423e+00 4.310247e+00 2.965977e-01 2.190361e+00 -1.512926e-01 9.729000e-02 3.092808e-01 6.228723e-01 6.651462e-01 -1.867339e-02 -1.420725e-01 5.016457e-02 -2.223594e-01 -9.385238e-01 -2.992594e+00 7.583200e-01 -1.488130e-01 -2.636413e-08 -2.833678e-01 -1.073077e-01 -3.592136e-02 3.627558e-02 -3.839147e-02 -7.092369e-02 6.095934e-01 -3.812766e-02 -5.005354e-01 -1.157854e-01 -3.279430e-01 -3.761401e-01 3.049189e-03 
-3.692334e+00 -4.984727e-01 -3.530402e+00 5.618046e+00 4.158694e+00 6.638039e+00 1.602169e+00 1.501137e+00 -1.927768e+00 3.367071e+00 -1.210868e-01 2.243417e+00 -1.512926e-01 -4.781021e-02 2.105188e-01 3.798992e-01 7.689565e-01 4.385516e-01 3.432387e-01 -2.752342e-01 -3.629168e-01 -1.301499e+00 -1.262073e+00 -8.312295e-02 -7.144974e-01 -2.636413e-08 -4.067997e-01 8.526285e-03 -5.157855e-02 -6.120685e-01 -8.069054e-01 -1.046374e+00 2.374800e-01 1.181645e-01 -9.991571e-02 4.245546e-01 -4.405088e-01 -1.122321e-01 6.305449e-03 
-3.433137e+00 -7.614718e-01 -2.763841e+00 7.523340e+00 3.297938e-01 1.896242e+00 3.655985e+00 3.863303e+00 -5.730494e+00 -3.309333e+00 2.489442e+00 1.277122e+00 -1.512926e-01 -1.138870e+00 2.275651e-01 6.735557e-01 -9.664717e-01 -1.668999e+00 -1.657491e+00 3.956773e-01 -2.914168e-01 -9.636750e-01 -1.833507e-01 -1.864288e-01 2.890753e-01 1.525000e-02 -2.451586e-01 8.068637e-02 -8.752986e-02 -9.133531e-01 -8.391896e-01 -9.435971e-01 -4.077037e-01 -5.187491e-02 5.836813e-01 8.627928e-01 -2.029482e-01 3.158111e-01 7.598092e-03 
-3.351205e+00 -3.333477e-01 -3.188340e+00 6.061592e+00 4.404554e+00 1.217818e+00 -3.398667e+00 2.873225e+00 -3.506426e+00 6.143983e+00 -3.150591e-02 7.217289e-01 -1.512926e-01 -1.354555e+00 5.543213e-01 6.067457e-01 -2.632912e+00 -3.649903e+00 -4.334090e+00 -4.692219e-01 2.960156e-01 1.337813e-01 -2.419880e-01 -1.045897e+00 3.632216e-01 2.390364e-02 1.696692e-01 1.082465e-01 -7.090915e-02 -3.838609e-01 -4.743643e-01 -4.256679e-02 -3.147078e-01 -2.455860e-01 7.158879e-01 3.615098e-01 -1.627854e-02 -4.711250e-02 1.344958e-03 
-8.064600e+00 3.793918e-01 -2.170719e+00 -1.747606e+00 -6.454517e+00 -6.803451e+00 8.944294e-01 2.063577e+00 -2.823344e+00 2.005570e+00 -6.804280e-01 4.396414e+00 -7.504804e-02 -4.751537e-01 5.407909e-01 7.180560e-02 -2.201026e+00 -2.170328e+00 -2.521371e+00 -1.891277e+00 -8.111241e-01 1.262261e+00 8.113157e-01 2.249770e-01 8.914078e-01 2.604142e-02 7.245180e-01 2.163957e-02 -8.102610e-02 7.602190e-01 7.005512e-01 1.455090e+00 -1.692315e-01 -4.136405e-01 3.874229e-01 4.234475e-01 -1.158670e-01 -9.276521e-01 -9.984425e-03 
-8.149212e+00 1.702794e+00 -7.933719e-01 -2.910309e+00 -1.069878e+01 -1.068245e+01 6.368201e-01 3.881553e+00 -2.712636e+00 -5.005076e-01 -3.765843e+00 2.499948e+00 -6.990065e-02 4.686529e-01 5.951260e-01 3.261441e-01 -5.332717e-01 -1.682487e+00 5.624566e-01 -7.052255e-01 -1.330831e+00 1.164980e+00 4.816519e-02 -3.701679e-01 -1.251279e+00 1.325108e-03 6.854590e-01 -2.545172e-01 -1.683450e-01 1.298762e+00 1.580568e+00 2.051250e+00 5.692073e-01 -2.404032e-01 6.865020e-02 6.523770e-01 1.805781e-02 -1.074461e+00 -1.476913e-02 
-3.409783e+00 9.243043e-01 -3.602133e+00 1.004611e+00 -2.969719e+00 -4.760584e+00 -7.818411e+00 -6.963624e-01 1.836080e-01 4.069170e+00 5.481499e+00 4.844850e+00 -6.178430e-02 1.572070e+00 3.152470e-01 4.087733e-01 1.784940e+00 8.500541e-01 3.169889e+00 -3.325589e-01 -1.546108e+00 4.578660e-01 1.788795e+00 -1.103609e+00 -3.541975e+00 -2.338389e-02 1.481511e-01 -4.095429e-01 -1.873745e-01 9.413904e-01 1.379809e+00 9.872011e-01 1.265230e+00 5.547312e-01 -3.023794e-01 1.205865e-01 -1.791086e-01 -4.527513e-01 -1.144428e-02 
-3.335125e+00 2.369899e+00 -8.415496e-01 2.019466e+00 -5.750024e+00 3.008385e+00 -2.568592e+00 -2.401104e+00 8.151373e-01 5.353044e+00 -4.963314e+00 -5.758993e+00 -1.512926e-01 1.049147e+00 -6.055728e-01 -4.033896e-01 1.867944e+00 2.742615e+00 3.076521e+00 1.597373e+00 -5.385581e-01 8.792316e-01 2.531004e+00 -2.913252e-01 -2.792294e+00 -2.522882e-02 -2.489319e-01 -4.215819e-01 -3.604467e-01 1.357640e-01 8.365383e-01 -2.753462e-01 9.035262e-01 9.581428e-01 -4.388937e-01 -2.527003e-01 5.212225e-01 9.599247e-01 2.838334e-04 
-2.610753e+00 1.622033e+00 -1.028246e-01 4.712543e+00 -4.678522e+00 2.200436e+00 8.340461e-01 -2.525538e+00 -2.297565e+00 8.022571e+00 -5.599285e+00 -9.184202e+00 -1.512926e-01 -2.459417e-02 -9.065465e-01 -5.003024e-01 1.305310e+00 2.516430e+00 1.157440e+00 3.283480e+00 1.566251e+00 -1.067616e-01 1.728054e-01 -7.100017e-01 -6.018139e-01 -1.790032e-02 -4.408956e-01 -2.151403e-01 -2.868579e-01 -5.549424e-01 -9.294970e-03 -8.022120e-01 7.131399e-02 6.829407e-01 -1.840192e-01 -5.959715e-01 6.935310e-01 1.645640e+00 7.201510e-03 
-3.302964e+00 -1.674163e+00 -4.560870e+00 4.575294e+00 3.869058e+00 1.220349e+00 4.297460e+00 2.103396e+00 2.923870e+00 1.017803e+01 3.181835e-01 -4.447270e+00 -1.512926e-01 2.239957e-02 -9.018588e-01 -1.021573e+00 3.856906e-01 1.666990e+00 1.919133e-01 2.004345e+00 1.903655e+00 -7.471753e-01 -4.075009e-01 2.039116e+00 2.078221e+00 -2.636413e-08 -2.491699e-01 1.474381e-01 1.461838e-01 -4.640600e-01 -6.388375e-01 -6.122341e-01 -1.048136e+00 -8.333917e-02 -2.511481e-01 -4.511222e-01 2.972398e-01 1.138358e+00 6.837083e-03 
-3.549144e+00 -1.586196e+00 -4.244503e+00 6.253516e+00 4.802613e+00 1.920713e+00 5.166352e+00 4.882415e+00 -1.404634e+00 2.520931e+00 -7.092990e-01 1.179759e+00 -1.512926e-01 -1.189561e-01 -6.123913e-01 -7.163979e-01 -2.483408e-01 1.341537e+00 6.010522e-01 -1.794695e-01 6.476312e-01 3.510565e-01 2.780924e-01 1.198809e+00 2.250977e+00 -2.636413e-08 -6.655453e-02 1.295463e-01 2.831841e-01 -1.760555e-01 -5.551426e-01 -2.203632e-01 -1.321293e+00 -7.751120e-01 -8.299245e-02 2.961742e-02 -7.829288e-02 3.648957e-01 3.580823e-03 
-2.754325e+00 -5.354006e-01 -3.878352e+00 3.176591e+00 -2.155785e+00 4.107450e+00 5.287119e+00 3.413268e+00 -3.367298e+00 6.066787e+00 2.787055e+00 -5.496373e-01 -1.512926e-01 -1.496612e-01 -1.555774e-02 4.356509e-01 3.245870e-01 1.357581e-01 2.936885e-01 -1.911726e+00 -4.958135e-01 -6.053536e-01 2.227770e-01 2.405031e-01 1.473149e+00 -2.636413e-08 -8.491125e-02 -8.180181e-03 2.254332e-01 1.279741e-01 -1.409414e-01 6.167474e-02 -5.829404e-01 -5.884950e-01 -5.073569e-02 -2.704143e-01 -5.354756e-01 -1.565063e-01 8.668166e-07 
-3.480229e+00 -2.008916e+00 -4.026097e+00 4.169687e+00 5.041856e+00 3.761909e+00 -5.579067e-01 5.770582e-02 2.603644e+00 1.146880e+01 -8.398929e-01 1.217456e-01 -1.512926e-01 -2.713582e-01 -7.018844e-01 1.869951e-01 4.555545e-01 5.061238e-01 4.667281e-03 -1.364963e+00 -1.109670e+00 -5.925010e-01 5.848187e-03 -2.021065e-01 1.525193e+00 -2.636413e-08 1.669658e-02 -1.073616e-02 1.767439e-02 1.132845e-01 -3.288817e-01 1.457469e-01 3.166972e-01 -6.962869e-02 -2.252504e-01 -7.864590e-01 -5.996275e-02 -2.427830e-01 8.668166e-07 
-4.085531e+00 -1.540261e+00 -2.491904e+00 7.239359e+00 4.428479e+00 1.767983e+00 -2.399205e+00 2.036616e+00 -2.106884e+00 6.818480e+00 1.585808e+00 3.447617e+00 -1.512926e-01 -3.259346e-01 -8.980234e-01 -3.461020e-01 6.734685e-01 1.379842e+00 7.982337e-01 -3.175852e-01 -1.601855e-01 -5.290136e-01 -1.623429e+00 6.221719e-02 1.658562e+00 -2.636413e-08 1.478111e-01 1.306946e-01 -2.247711e-01 -1.387380e-01 -2.151409e-01 3.431633e-02 4.326290e-01 1.625305e-01 3.108066e-01 -6.785141e-01 -3.494812e-02 -3.799706e-01 8.668166e-07 
-4.240590e+00 -4.592972e+00 -4.003078e+00 6.500116e+00 4.041109e+00 3.113440e+00 2.184436e+00 2.244961e-02 -4.997509e+00 2.174625e+00 -1.119159e+00 6.807353e+00 -1.512926e-01 5.273020e-02 -2.248011e-01 -2.373631e-01 1.434665e-01 -9.248960e-01 1.077447e+00 6.069853e-01 1.315878e-01 -8.134326e-01 -2.731181e+00 9.881074e-01 9.443964e-01 -2.636413e-08 2.099180e-01 3.067978e-01 4.980489e-01 -1.013064e+00 -4.288543e-01 -2.348745e-01 4.229536e-01 5.288346e-02 1.021430e+00 -3.738078e-01 -3.721981e-02 -8.793246e-01 2.618171e-02 
-4.003599e+00 -3.733422e+00 -5.620779e+00 5.379256e+00 5.243940e+00 8.423121e+00 2.327945e+00 2.630165e+00 -2.211973e+00 2.596833e+00 3.237928e+00 4.400083e+00 -1.512926e-01 4.273696e-01 3.993066e-01 -4.761894e-01 -2.128614e-01 -2.244921e-01 -7.112277e-02 -7.345024e-01 -3.037406e-01 1.059279e+00 -1.801218e+00 -5.293679e-01 -1.362506e-01 -2.636413e-08 8.369859e-02 -2.355309e-02 1.116387e+00 -2.124946e+00 -7.279583e-01 -8.041424e-01 5.697688e-01 -5.255665e-01 1.407229e+00 -1.947606e-01 -2.961656e-01 -1.273338e+00 5.263266e-02 
-3.257787e+00 -2.036537e+00 -3.648169e+00 5.817223e+00 9.106810e-03 5.821652e+00 1.133675e-01 4.189783e-01 -1.410913e+00 -7.614344e-02 3.274894e+00 4.367346e+00 -1.512926e-01 4.016260e-01 1.834578e-01 2.742359e+00 -4.166414e+00 -8.360136e-01 -7.351456e-01 9.583088e-01 -7.734867e-01 3.720541e+00 -1.774210e+00 -9.243865e-02 -1.974135e+00 1.309101e-01 1.197661e-01 -2.645189e-01 1.365939e+00 -2.344176e+00 -4.112879e-01 -5.989876e-01 6.545580e-01 -6.690303e-01 9.934294e-01 -1.331455e-02 -1.793958e-01 -1.028538e+00 6.898684e-02 
-2.440380e+00 -8.218175e-01 -5.050676e+00 6.516296e+00 5.321821e+00 5.842146e-02 -5.036074e+00 3.194314e-01 1.396105e+00 -1.062876e+00 -3.258038e+00 3.986360e+00 -1.512926e-01 -8.188535e-02 -1.219985e+00 3.745891e+00 -7.796490e+00 -2.304259e+00 -2.316164e+00 2.355445e+00 -2.335495e+00 4.240184e+00 -3.075783e+00 -8.782903e-01 -3.248884e+00 1.977085e-01 3.846468e-01 -1.925810e-01 8.246217e-01 -1.372588e+00 -6.509780e-01 -1.893605e-02 2.664198e-01 -6.095202e-01 -5.808952e-01 -6.270476e-02 2.047275e-01 -3.107978e-01 5.655560e-02 
-3.013905e+00 -5.131580e+00 9.423516e+00 -1.490000e+01 -1.782151e-01 3.620148e+00 1.065770e+01 -2.689790e+00 1.180097e+01 -4.866628e+00 1.666484e+00 -2.856440e+00 5.032510e-01 9.062003e-01 -7.376816e-01 4.481414e+00 -7.785758e+00 -1.941446e+00 -7.950133e-01 2.334772e+00 -2.197602e+00 2.563364e+00 -2.160407e+00 2.656479e-01 -2.642018e+00 2.460796e-01 7.159175e-01 2.058552e-01 -8.581645e-01 1.036131e+00 -3.902625e-01 8.670336e-02 -1.132234e+00 -1.911484e-01 -1.898961e+00 1.995616e-01 -2.548314e-01 4.829305e-01 -5.779286e-04 
-4.535009e+00 -8.285768e+00 6.573001e+00 -2.324479e+01 -6.183715e+00 -2.057013e+00 8.833265e+00 -7.493345e+00 1.238293e+01 -1.038638e+01 -3.490865e-01 -8.232583e+00 5.099795e-01 2.098362e+00 -1.029200e-01 2.777531e+00 -5.266058e+00 -2.926705e+00 -1.358309e-01 -9.074472e-02 -2.639370e+00 -1.266708e+00 -1.921814e+00 3.153317e-01 -1.356312e+00 2.251849e-01 8.367319e-01 6.355559e-01 -1.571530e+00 2.517774e+00 1.549070e-01 2.096498e-01 -1.565423e+00 3.917492e-01 -1.689317e+00 5.994194e-01 -3.410509e-01 8.580139e-01 -3.269678e-02 
2.320490e+00 -1.993004e+00 1.294691e+01 -1.823077e+01 -3.945014e+00 2.904175e+00 4.852673e+00 -6.662543e+00 5.912646e+00 -6.216054e+00 3.148617e+00 -2.733395e+00 7.484633e-01 2.890984e+00 6.542553e-01 -1.064270e+00 -2.509689e-01 -2.476224e+00 -1.391780e+00 -3.479831e+00 -1.577306e+00 -3.020865e+00 -1.353351e+00 -1.963381e+00 -5.058487e-01 1.142837e-01 3.093502e-01 5.212407e-01 -1.747493e+00 2.098008e+00 4.685252e-01 -2.346748e-01 -1.109903e+00 5.743596e-01 -5.067919e-01 4.853852e-01 -4.791013e-01 5.744631e-01 -5.222577e-02 
5.384522e+00 -2.905695e+00 7.075120e+00 -1.814876e+01 -7.428286e+00 -2.626487e-01 -2.587413e+00 -1.089080e+01 -1.993202e+00 -9.996949e+00 -2.422399e+00 -2.856722e+00 8.520258e-01 3.109290e+00 1.261743e+00 -1.338729e+00 1.024978e+00 -1.262217e+00 -9.695215e-01 -2.564312e+00 -6.869983e-01 -1.414291e+00 -4.821695e-01 -1.468967e+00 -2.687301e-02 1.001245e-01 -2.807842e-01 5.103130e-01 -8.876723e-01 8.147485e-01 9.088387e-01 -1.625843e-01 -1.695339e-01 5.093727e-01 6.436307e-01 5.535350e-01 8.291828e-02 2.114950e-01 -4.641638e-02 
6.481034e+00 -4.550340e+00 3.850960e+00 -1.870277e+01 -1.193725e+01 -4.236156e+00 -1.031171e+00 -8.877462e+00 3.884548e+00 -1.182810e+01 -7.113526e+00 -8.073697e+00 9.036402e-01 1.947365e+00 1.186206e+00 -2.197889e+00 -4.412878e-01 -4.311200e-01 -1.551640e+00 -1.977991e+00 -3.019642e-01 1.033118e-01 -4.534286e-01 -1.237816e+00 -4.343471e-01 4.747785e-02 -6.851759e-01 4.944215e-01 1.339591e-01 -3.894251e-01 9.591641e-01 8.444013e-02 3.401082e-01 -3.974499e-02 6.740413e-01 4.182809e-01 8.534888e-01 1.286034e-01 -2.673305e-02 
8.931341e+00 -6.984240e-01 4.427487e+00 -1.788375e+01 -8.498770e+00 -3.334543e+00 -1.046463e+00 -9.820670e+00 6.325734e+00 -9.991775e+00 -2.562977e+00 -5.696624e+00 9.330313e-01 1.166351e+00 2.182563e+00 -1.094220e+00 -1.097001e+00 5.950062e-01 -8.688927e-01 -1.689356e+00 -7.301869e-01 3.893927e-01 3.959446e-01 3.671361e-01 -3.345093e-01 2.650266e-02 -8.367208e-01 3.128729e-01 4.064544e-01 -3.347473e-01 4.762571e-01 -1.242426e-01 9.463857e-02 -1.298739e-01 1.540357e-01 1.277828e-01 7.963834e-01 4.272756e-02 -2.021410e-02 
1.028399e+01 2.834651e+00 3.281392e+00 -2.057013e+01 -5.565247e+00 -3.318511e+00 -5.807333e+00 -8.707403e+00 2.269538e+00 -8.485799e+00 -2.970138e+00 -3.485209e+00 9.453815e-01 4.366373e-01 2.665932e+00 -5.168897e-01 -1.137299e+00 1.390767e+00 -1.019836e+00 -2.216788e+00 -1.754502e+00 -5.525028e-01 2.991787e-01 1.386032e+00 2.910588e-01 1.743171e-02 -6.349669e-01 6.249817e-02 7.598853e-01 3.427534e-01 -1.142187e-01 -1.293682e-01 2.186908e-01 1.327204e-01 1.042403e-01 -8.103389e-02 7.189373e-01 2.156374e-01 -8.142998e-03 
9.314967e+00 4.314771e+00 1.889056e+00 -2.269971e+01 -7.639532e+00 -5.066044e+00 -8.645741e+00 -1.462671e+01 7.609401e-01 -9.688596e+00 -2.658494e+00 -6.823780e+00 9.636872e-01 -3.189136e-01 2.086144e+00 -1.470545e-01 -3.006840e-01 2.079160e-01 -1.856711e+00 -1.971733e+00 -6.101691e-01 -3.161702e-01 -2.196018e-01 1.201081e+00 -1.758268e-01 1.407861e-02 -4.401817e-01 -3.373087e-01 7.626554e-01 5.234796e-01 -6.467051e-01 -2.068504e-01 3.988947e-01 4.805917e-01 1.192148e-01 -4.594872e-01 4.301986e-01 3.664547e-01 -3.844907e-03 
8.472674e+00 6.272853e+00 2.536244e+00 -2.198055e+01 -5.413048e+00 -8.469556e+00 -8.315593e+00 -1.524722e+01 3.904046e+00 -1.048385e+01 -1.356572e-01 -6.055033e+00 9.754928e-01 -4.847959e-01 1.546842e+00 1.128017e+00 8.745189e-01 -8.087689e-01 -1.704749e+00 -7.433302e-01 3.016778e-01 9.772880e-01 -5.507721e-01 1.939900e+00 5.644084e-01 1.297311e-02 -2.737815e-01 -5.359341e-01 8.105904e-01 3.047682e-01 -6.980479e-01 2.566282e-02 4.401447e-01 4.895972e-01 7.131690e-02 -4.264579e-01 2.714418e-01 2.387544e-01 -3.038881e-03 
8.242192e+00 8.013270e+00 4.065084e+00 -1.868157e+01 -7.535182e+00 -1.004200e+01 -9.651084e+00 -9.601666e+00 3.927509e+00 -1.009097e+01 2.025078e+00 -5.290802e+00 9.883701e-01 -5.739155e-01 1.055483e+00 1.896715e+00 5.146869e-01 -1.538845e+00 -1.560684e+00 -4.316759e-01 6.447445e-01 2.205362e-01 -1.476547e+00 2.241183e+00 1.361127e+00 9.502870e-03 -1.360721e-01 -4.967795e-01 6.475148e-01 -8.865994e-02 3.770707e-02 2.856010e-01 2.068989e-01 -1.188294e-02 -6.971025e-02 -1.901475e-01 1.429743e-01 4.891882e-02 -4.535174e-03 
8.396485e+00 8.719706e+00 7.833652e+00 -1.820734e+01 -9.660878e+00 -9.354292e+00 -9.021372e+00 -9.711998e+00 5.572922e+00 -1.103888e+01 4.387640e+00 -1.429857e+00 9.979094e-01 -8.047652e-01 5.016909e-01 2.514438e+00 -2.100937e-02 -1.226071e+00 -1.039580e+00 -7.860164e-01 6.608313e-02 -4.641967e-01 -1.204736e+00 2.223233e+00 7.162902e-01 4.531786e-03 -9.867879e-02 -4.172478e-01 1.954437e-01 -2.543998e-01 7.341919e-01 2.909262e-01 -1.071622e-01 -1.510462e-01 -2.575071e-01 1.180032e-01 -2.466324e-01 -4.355138e-01 -7.094735e-03 
6.483332e+00 8.369040e+00 8.723868e+00 -2.201291e+01 -1.320981e+01 -1.242745e+01 -1.045136e+01 -1.417087e+01 1.029282e+00 -1.679368e+01 6.285838e+00 -2.330396e+00 9.999999e-01 -8.392149e-01 1.248612e-01 2.397252e+00 -2.963038e-01 6.049869e-01 -7.612581e-01 -9.158630e-01 -5.517700e-01 5.600092e-02 -8.435250e-01 1.774338e+00 -7.226599e-03 -4.370773e-03 1.849825e-02 -2.588142e-01 -1.223972e-01 1.476055e-02 1.066597e+00 4.156699e-01 -1.913354e-02 1.402924e-01 -1.683789e-02 4.943037e-01 -4.993637e-01 -6.322533e-01 -9.341319e-03 
5.327858e+00 8.603217e+00 1.277883e+01 -2.042005e+01 -8.705943e+00 -1.247513e+01 -1.184566e+01 -1.263204e+01 3.032264e+00 -1.315596e+01 8.850227e+00 -3.953681e+00 9.923404e-01 -8.454869e-01 -7.404786e-02 1.854939e+00 7.899834e-03 1.790265e+00 -6.496748e-01 -1.036994e+00 1.445777e-01 -2.280857e-01 -2.773725e-01 9.401656e-01 -9.290966e-01 -1.556486e-02 1.536581e-01 -9.663925e-02 -4.336139e-01 1.399928e-01 6.140077e-01 4.804381e-01 1.472916e-01 3.914919e-01 -8.447964e-02 2.854870e-01 -5.878810e-01 -4.235321e-01 -1.056108e-02 
5.580163e+00 8.695988e+00 1.357858e+01 -1.905705e+01 -4.987502e+00 -1.228822e+01 -1.281846e+01 -1.090034e+01 5.477746e+00 -1.324955e+01 8.665400e+00 -4.065155e+00 9.693089e-01 -4.610182e-01 4.921820e-02 1.614270e+00 5.742574e-01 2.286199e+00 3.227307e-01 -4.019520e-01 1.307008e+00 1.832953e-02 5.312724e-01 3.859190e-01 -9.774570e-01 -2.715430e-02 2.480252e-01 1.084687e-01 -5.732037e-01 1.400670e-01 -1.622381e-01 4.450919e-01 1.794709e-01 3.302175e-01 -2.706868e-01 5.163697e-02 -4.522067e-01 -1.465735e-01 -9.945839e-03 
4.620716e+00 8.185902e+00 1.468024e+01 -1.964510e+01 -4.821050e+00 -1.267216e+01 -1.302275e+01 -1.062451e+01 2.208071e+00 -1.419790e+01 7.898835e+00 -5.207832e+00 9.354556e-01 -2.255814e-01 5.624980e-02 7.376010e-01 2.437727e-01 1.003407e+00 8.205249e-01 -3.065225e-01 1.094173e+00 -8.677237e-01 -4.646938e-01 -2.200283e-02 -9.162509e-01 -3.688415e-02 3.795477e-01 2.485660e-01 -5.526085e-01 7.900886e-02 -5.617894e-01 2.615043e-01 7.960717e-02 -1.267496e-01 -4.760746e-02 -1.362058e-01 -2.003371e-01 2.134103e-01 -8.145141e-03 
4.531892e+00 8.823884e+00 1.584454e+01 -1.952961e+01 -3.721552e+00 -1.071494e+01 -1.187233e+01 -8.639794e+00 1.532919e+00 -1.361612e+01 8.691302e+00 -6.590954e+00 8.926778e-01 9.092432e-02 6.021575e-01 8.977516e-02 2.860414e-01 1.872802e-01 7.289400e-01 -3.836260e-01 6.245380e-01 -9.775248e-01 -4.915572e-01 -5.643548e-03 -7.465172e-01 -4.344393e-02 3.730208e-01 1.411778e-01 -3.461143e-01 2.028315e-01 -9.700221e-01 -2.233089e-02 -3.667016e-02 -4.323867e-01 6.490657e-02 -7.408358e-02 -2.569725e-01 4.518406e-01 -6.160088e-03 
4.724088e+00 8.820581e+00 1.533385e+01 -1.896500e+01 -4.322203e+00 -9.158950e+00 -1.385125e+01 -8.291795e+00 6.664255e-01 -1.529633e+01 8.727188e+00 -7.272214e+00 8.462460e-01 7.761717e-01 8.924773e-01 -1.461330e-01 5.471002e-01 3.082560e-02 4.546946e-01 -6.481242e-01 -1.480838e-01 3.173611e-02 -4.469294e-01 1.342435e-01 2.262083e-02 -4.815145e-02 1.483550e-01 -1.279407e-01 1.314901e-01 7.045767e-01 -1.199267e+00 -2.465234e-01 2.893556e-01 -1.517078e-01 1.991644e-01 4.850776e-01 -5.643286e-01 5.252449e-01 -4.929612e-03 
5.982933e+00 1.138933e+01 1.370116e+01 -1.796632e+01 -4.300824e+00 -1.039977e+01 -1.432256e+01 -8.943828e+00 1.360744e+00 -1.515832e+01 8.222891e+00 -6.765644e+00 7.967046e-01 9.031110e-01 3.370876e-01 3.256833e-01 1.436715e+00 -2.077669e+00 3.940626e-01 -4.143556e-01 -2.340170e-01 -1.069832e-01 1.520080e-01 -9.770519e-01 8.123499e-01 -5.232453e-02 -1.462023e-01 -6.226151e-01 1.528080e-01 1.315678e+00 -9.040972e-01 2.759322e-02 1.025764e+00 1.201494e-01 -1.586343e-01 1.064475e+00 -7.168708e-01 6.193609e-01 -6.803194e-03 
7.775868e+00 1.136561e+01 1.502177e+01 -1.769127e+01 -4.377178e+00 -1.055672e+01 -1.503814e+01 -1.121267e+01 2.452619e+00 -1.566161e+01 8.804088e+00 -5.007462e+00 7.427010e-01 1.100214e-01 -4.508776e-01 1.277149e+00 3.191416e+00 -3.860577e+00 -2.444846e-01 1.155537e+00 7.648734e-01 -3.071956e-01 1.638736e+00 -2.357973e+00 9.304172e-01 -5.708329e-02 -4.226408e-01 -6.106872e-01 -5.871748e-01 1.612362e+00 1.939058e-01 2.146422e-01 1.062522e+00 4.417024e-01 -7.328969e-01 1.276551e+00 -5.773320e-01 3.238731e-01 -2.795924e-02 
7.521649e+00 9.236997e+00 1.762872e+01 -1.298299e+01 -1.408280e+01 -8.045963e+00 -1.335054e+01 -8.349034e+00 1.049560e-01 -1.267381e+01 3.767589e+00 -3.661592e+00 6.828297e-01 -3.069311e-01 -1.839299e+00 1.423016e-01 5.542260e+00 -2.387341e+00 1.216416e+00 3.843206e+00 7.687593e-01 -1.601208e+00 3.787805e+00 -2.343961e+00 1.896303e+00 -7.298490e-02 -5.231609e-01 -3.339748e-01 -1.608626e+00 9.876106e-01 1.800250e+00 2.587751e-01 4.342271e-01 4.426581e-01 -5.596642e-01 1.087909e+00 -1.019461e-02 1.902488e-01 -4.832854e-02 
4.505092e+00 7.642490e+00 1.975550e+01 -5.500171e+00 -1.873428e+01 -1.155833e+01 -8.559479e+00 -4.764929e+00 -2.417076e-01 -8.344775e+00 -8.350360e-01 -4.172396e+00 6.177583e-01 -7.319343e-01 -1.072855e+00 -2.990239e+00 6.556053e+00 1.155275e+00 1.116807e+00 2.535800e+00 1.559145e+00 -2.885691e+00 4.117964e+00 -2.068883e+00 1.100056e+00 -1.776119e-01 -4.292017e-01 -1.416467e-01 -1.941220e+00 -2.690152e-01 2.439695e+00 3.865808e-01 -4.021749e-01 5.116516e-01 1.530101e-01 3.358614e-01 6.644430e-01 7.150133e-02 -4.832854e-02 
6.084008e+00 4.054474e+00 1.204599e+01 3.649148e+00 -9.058699e+00 -3.817203e+00 1.654318e+00 -8.324147e+00 -5.298238e+00 1.222382e-01 1.322731e+00 2.298166e+00 4.942562e-01 -1.291740e+00 -1.021716e+00 -5.583693e+00 4.692286e+00 4.415735e+00 1.007389e+00 1.066812e+00 1.582238e+00 -1.616055e+00 4.352079e+00 -1.172530e+00 1.678775e+00 -2.337068e-01 -4.502099e-01 -4.944627e-02 -9.987179e-01 -1.475711e+00 1.516338e+00 2.652985e-01 -8.242634e-01 6.956955e-01 1.119533e+00 -6.476375e-01 7.776877e-01 -2.505332e-01 -1.730511e-02 
4.835117e+00 8.592710e+00 2.861711e+00 6.772939e+00 -1.112789e+00 -7.086972e+00 -9.861641e+00 -3.429341e+00 -9.274129e+00 -1.469559e+00 -3.177871e-01 -2.487306e+00 -5.105033e-02 -1.543559e+00 -1.567943e+00 -5.566031e+00 2.271140e+00 4.936351e+00 1.792930e+00 5.328990e-01 2.916424e+00 4.651787e-01 3.036064e+00 3.785725e-01 1.396642e+00 -2.183616e-01 -2.902005e-01 -3.606829e-01 4.748040e-01 -1.720908e+00 -4.252874e-02 3.692072e-01 6.816085e-02 3.700991e-01 1.461793e+00 -9.580639e-01 4.586076e-01 -1.689333e-01 4.097100e-02 
8.977804e-01 3.653370e+00 -1.842576e+00 4.342084e+00 -8.144988e-01 -5.244510e+00 -7.365536e+00 -1.105749e+00 -3.459169e+00 5.648891e+00 -2.353595e+00 3.889843e+00 -1.512926e-01 -2.152138e+00 -1.838873e+00 -3.563422e+00 3.061903e-01 3.303828e+00 2.204744e+00 7.231992e-01 3.568583e+00 2.320827e+00 1.090492e+00 3.207848e-01 4.953626e-01 -1.391318e-01 9.478061e-02 -5.389144e-02 1.477286e+00 -1.110178e+00 -1.045239e+00 2.147753e-01 3.278411e-01 -2.135704e-01 5.662966e-01 -1.008807e+00 8.589496e-02 -4.363155e-01 6.657305e-02 
-6.194956e-01 3.207066e-03 -1.130081e+00 5.509252e+00 1.825315e+00 -1.879813e+00 -1.385236e+00 6.208048e+00 1.164775e+00 4.071757e+00 2.895794e+00 2.015107e+00 -1.512926e-01 -1.752878e+00 -2.467775e+00 -1.626242e+00 1.445615e-01 1.498531e+00 2.364349e+00 3.048258e+00 2.416479e+00 2.454782e+00 9.584864e-01 -5.224758e-01 8.470144e-01 -2.004543e-02 4.114680e-01 3.331726e-01 1.423810e+00 -5.062740e-01 -1.394736e+00 -3.274670e-01 -8.396722e-02 -8.377832e-01 -4.274577e-01 -4.652689e-01 -2.053244e-01 -2.486625e-01 5.758672e-02 
-1.949553e+00 -8.452352e-01 -3.775573e+00 5.812201e+00 5.990682e+00 4.602767e+00 1.032056e+00 4.700327e+00 1.086454e+00 2.804271e+00 1.319763e+00 2.523936e+00 -1.512926e-01 -7.131181e-01 -8.412379e-01 -1.670207e-01 2.045700e-01 9.085897e-01 1.795605e+00 1.448195e+00 7.644293e-01 2.206471e-01 3.469839e-01 -2.924612e-01 -2.280598e-01 -2.636413e-08 6.084287e-01 4.968663e-01 8.732795e-01 -1.864420e-01 -1.053988e+00 -6.052448e-01 -3.789799e-01 -8.658658e-01 -8.583854e-01 -1.559496e-01 2.573812e-03 1.453284e-02 2.983026e-02 
-2.505466e+00 -1.496428e+00 -4.303386e+00 6.760664e+00 2.976734e+00 -1.892371e-01 1.180662e+00 5.750133e+00 7.269017e-01 4.744961e+00 -4.766883e+00 2.430806e+00 -1.512926e-01 -2.057354e-01 -4.010172e-01 -1.452115e-01 -2.095762e-01 -8.397901e-01 3.601800e-01 -2.493096e-01 1.295893e-01 -6.220841e-01 1.081393e+00 -3.414634e-01 5.150090e-01 -2.636413e-08 4.106181e-01 4.871610e-01 1.553372e-01 -3.034392e-01 -5.065807e-01 -3.395154e-01 -6.204325e-01 -4.802815e-01 -4.163806e-01 -1.970978e-01 3.664086e-01 -8.361457e-03 4.009561e-03 
-1.724814e+00 1.971539e-01 -1.091538e+00 4.739323e+00 3.152857e+00 2.888142e+00 -1.407194e+00 2.945397e+00 -2.137287e+00 7.047050e+00 1.544313e-02 2.541715e+00 -1.512926e-01 1.164807e-01 -3.879128e-01 6.243685e-02 -4.489532e-01 -7.969000e-01 1.804493e-01 4.770270e-01 3.827260e-01 -4.325084e-01 2.494960e-01 2.431539e-01 7.339531e-01 -2.636413e-08 6.911520e-02 1.905193e-01 -2.108603e-01 -8.057326e-02 -4.049402e-02 -2.407322e-01 -3.230009e-01 -4.768457e-02 2.028055e-01 -3.379491e-01 -7.069449e-02 -1.873735e-01 8.668166e-07 
-1.760803e+00 -2.522905e+00 -3.198511e+00 4.998197e+00 -9.544812e-01 7.781924e-01 -1.411899e+00 7.733605e+00 -3.339089e-01 7.357130e+00 1.840520e+00 4.581545e+00 -1.512926e-01 -1.144627e-01 -2.585740e-01 -9.642858e-01 -1.045972e+00 -1.816019e-01 1.474230e+00 4.316589e-01 2.058634e-01 6.994061e-01 2.173512e-02 1.041729e+00 3.243066e-01 -2.636413e-08 -6.709844e-02 2.864241e-01 7.939984e-02 2.648542e-01 3.116483e-01 -2.527140e-01 -2.454251e-01 -2.326107e-01 1.939336e-01 -5.423988e-01 -2.795326e-01 -4.073190e-01 8.668166e-07 
-1.738980e+00 -2.271615e+00 -4.015926e+00 4.448647e+00 3.971881e+00 5.021297e+00 4.713870e+00 5.621966e+00 -5.454100e-01 2.745620e+00 -7.681202e-01 5.118595e+00 -1.512926e-01 -4.132755e-01 4.005582e-02 -8.119285e-01 2.199007e-01 3.769139e-01 3.485592e-02 -5.072149e-01 4.877554e-01 5.739825e-01 -8.130509e-01 -1.337486e+00 -1.069550e+00 -2.636413e-08 -1.262819e-01 1.468455e-01 5.593528e-01 1.654110e-02 1.043781e-01 -9.322810e-01 -4.226055e-01 -6.846889e-01 -1.309930e-01 -4.461401e-01 -3.259585e-01 -3.152964e-01 2.441746e-02 
-3.070568e+00 -1.554972e+00 -7.662444e+00 1.675788e+00 1.659372e+00 6.115298e+00 2.784413e-01 5.441122e+00 3.427838e+00 7.004355e+00 8.335437e-01 2.763817e+00 -1.512926e-01 -2.763197e-01 8.170475e-01 6.889142e-01 7.803450e-01 1.314421e-01 -8.304245e-01 -9.842504e-01 -1.085911e+00 -1.557344e-01 -1.099160e+00 -9.487261e-01 -6.197601e-01 -2.636413e-08 -1.646950e-01 3.175235e-02 8.221527e-01 -2.656025e-01 -1.878756e-01 -1.286276e+00 -4.997381e-02 -9.421372e-01 -4.149960e-01 -5.553153e-01 -2.244081e-02 -3.165663e-02 5.477849e-02 
-3.136037e+00 -8.686111e-02 -2.919080e+00 7.499907e+00 3.730094e+00 3.942583e-01 -4.788659e+00 6.530332e+00 -1.148519e+00 3.158340e+00 -6.168339e+00 -1.897201e+00 -1.512926e-01 -4.339640e-01 -1.915608e-01 2.032485e+00 -1.279436e+00 -4.316595e-01 -3.328439e+00 -9.279314e-01 -2.394782e+00 -6.598663e-01 -1.420654e+00 -3.913743e-01 -3.705907e-01 1.220807e-01 -3.417353e-01 1.559581e-01 -1.425107e-01 -6.757975e-01 -4.192911e-01 -5.363495e-01 6.420318e-01 -8.062822e-01 -1.490444e-01 -1.996196e-01 6.129254e-01 1.576445e-01 6.846807e-02 
-2.443826e+00 4.697602e-01 -3.024945e-01 7.374376e+00 -1.766880e-01 -1.060050e+00 -1.582070e+00 1.849966e+00 -8.111084e-01 1.654952e+00 -2.028429e-01 4.990471e+00 -1.512926e-01 -9.276792e-01 1.597792e-02 1.724238e+00 -1.624156e+00 -7.167845e-01 -3.275450e+00 3.919897e-01 -3.063485e+00 -7.586983e-01 -2.451283e+00 4.564306e-01 -1.833831e-01 2.128561e-01 -3.612818e-01 2.829420e-01 -1.443743e+00 -3.870511e-01 -3.235915e-01 4.125414e-01 8.599007e-01 1.653047e-02 2.376264e-01 1.987620e-01 1.017184e-01 -1.544128e-01 4.735490e-02 
-4.222212e+00 -4.241706e+00 2.466118e+00 -4.798308e+00 2.731892e+00 -8.033306e+00 1.005001e+00 -4.556295e+00 -1.725190e+00 -1.682603e+00 -2.206811e+00 2.151980e+00 4.591205e-01 -1.796315e+00 1.220299e+00 -2.042306e+00 -1.956831e+00 -1.295397e+00 -1.424262e+00 2.014626e+00 -2.554769e+00 1.302357e-01 -1.135122e+00 1.024537e+00 -4.994259e-01 2.359178e-01 -7.529097e-02 4.772334e-01 -1.792357e+00 4.061856e-01 -2.221267e-01 1.416815e+00 5.461851e-01 7.557937e-01 5.439886e-01 6.238377e-01 -3.739250e-01 -2.301559e-02 -2.037702e-02 
-7.166027e+00 6.027609e-01 -1.733908e+00 -2.958994e-01 -1.425331e+00 -6.048240e+00 -6.582841e-01 -4.333144e+00 -7.713325e-02 -2.831492e+00 1.135205e+00 -1.779637e-01 6.077798e-01 -1.401548e+00 1.525854e+00 -4.492618e+00 -8.160124e-01 -1.054780e+00 2.803138e-01 1.843881e+00 -9.233702e-01 6.372483e-01 -2.483427e-01 -1.148067e+00 -1.327409e+00 1.798595e-01 1.091260e-01 -1.522781e-01 -6.267393e-01 4.683566e-01 7.053389e-02 1.628693e+00 -3.597907e-02 7.841703e-01 7.945554e-01 9.437978e-01 -5.231772e-01 4.513280e-02 -6.421541e-02 
-9.756460e+00 5.948308e+00 -1.241437e+01 1.551372e+00 -2.122698e+00 -4.233202e+00 4.822481e+00 -3.151854e+00 -8.643141e-01 -2.740938e-01 -1.714926e+00 -1.810279e+00 6.487480e-01 -5.734474e-01 1.439664e+00 -3.820986e+00 3.473639e-01 -1.373084e+00 1.977756e+00 1.077204e+00 3.141126e-01 1.361979e+00 5.969865e-01 -1.458742e+00 8.628276e-02 3.670107e-02 2.450337e-01 -9.599302e-01 1.382800e+00 5.357951e-01 3.319955e-01 1.088048e+00 -6.161563e-01 3.327169e-01 6.301947e-01 6.304190e-01 -1.262071e-01 4.156949e-02 -7.149751e-02 
-6.684388e+00 3.004279e+00 -1.532538e+01 1.191926e-01 -3.023167e+00 -1.558743e+00 5.728230e+00 -3.468745e+00 1.945016e+00 -2.909131e-01 -6.189385e+00 3.348159e-01 6.532103e-01 -9.933955e-01 -8.550880e-01 -5.202686e-01 -4.342796e-01 -3.251085e-01 3.166960e+00 6.808482e-01 -5.770837e-01 2.598266e+00 1.401587e+00 -9.178252e-01 -2.506343e-01 -8.609738e-03 1.222137e-01 -1.176262e+00 2.005234e+00 3.068455e-01 2.599664e-01 2.774800e-01 -4.249812e-01 1.232002e-01 -5.965887e-02 1.793257e-01 3.754432e-01 -2.635393e-01 -5.066302e-02 
-7.330274e+00 1.755934e+00 -9.843288e+00 -3.269052e+00 -3.334691e+00 -3.892204e-01 3.197621e+00 -3.417727e+00 4.073907e+00 3.167266e-02 -5.838616e+00 2.327234e+00 6.199016e-01 -7.752771e-01 -2.388935e+00 2.885502e+00 5.313316e-01 -1.955616e-04 2.572485e+00 -4.845309e-01 -1.064261e+00 2.300662e+00 1.192169e+00 2.783718e-01 -8.300145e-01 -2.733733e-02 3.015656e-01 -8.030524e-01 1.114340e+00 -2.003443e-02 -8.145972e-02 -4.267161e-01 1.362341e-01 3.624169e-01 -8.544366e-01 -3.026440e-01 2.582818e-01 -4.096352e-01 -1.959457e-02 
-1.334578e+01 -1.576889e+00 -5.620779e+00 -5.710991e-02 -2.444912e+00 7.864941e+00 3.558745e+00 -7.085618e+00 1.044505e+01 4.023456e+00 -1.391949e+00 -3.499884e+00 5.791442e-01 -6.895276e-01 -2.441140e+00 2.180235e+00 6.259435e-01 -4.413705e-01 1.370289e+00 4.998228e-01 3.817267e-01 -1.303617e-01 3.508835e-01 -1.393959e-01 -2.186939e+00 -4.143792e-02 8.334005e-01 1.415112e-01 -5.187965e-02 -1.437087e-01 -1.628485e-01 -9.363414e-01 2.853818e-01 5.922236e-01 -1.448494e+00 -8.151829e-01 -2.074358e-02 4.032233e-02 -9.725039e-03 
-1.030204e+01 -3.706101e+00 -2.838784e+00 4.296335e+00 -2.412843e+00 3.917592e+00 3.484638e+00 -6.664617e+00 6.388854e+00 3.529227e+00 -2.721632e+00 -4.043142e+00 5.491031e-01 7.825375e-01 -1.782620e+00 4.003261e-01 -2.831633e-01 -1.722410e+00 7.425694e-01 1.848909e+00 1.646633e+00 -1.545920e+00 -3.910363e-01 -5.565577e-01 -9.937975e-01 -4.485692e-02 8.281994e-01 5.993648e-01 -7.028573e-01 -3.136032e-01 3.307746e-01 -6.592293e-01 3.195480e-01 4.897075e-01 -7.084863e-01 -7.295035e-01 -5.677717e-02 3.018696e-01 -5.407654e-03 
-8.646165e+00 -6.470293e+00 -7.926351e+00 -5.335730e-01 -5.691486e+00 3.139598e+00 8.083963e+00 6.351273e-02 1.353593e-01 -2.853067e-01 -8.444828e+00 -7.414732e+00 4.813966e-01 2.394741e+00 -4.506646e-01 4.629892e-01 -7.457106e-01 -2.783071e-01 -5.996151e-01 9.411002e-01 1.028446e+00 -2.720934e+00 -1.882819e+00 -6.040450e-01 3.282185e-02 -4.847358e-02 6.304568e-01 5.536535e-01 -4.044072e-01 -1.662171e-02 8.618367e-01 -1.969987e-01 -3.249879e-01 6.422207e-03 3.589610e-01 -3.698713e-01 4.404603e-01 4.545131e-01 -2.547976e-03 
-5.767820e+00 -4.710061e+00 -6.688719e+00 -4.446819e+00 -1.032414e+01 5.686220e+00 1.017974e+01 1.240655e+00 1.499211e+00 2.309168e-01 -5.094987e+00 -6.845347e-01 4.444865e-01 1.823608e+00 -3.873802e-01 2.296920e-01 -3.508371e-01 1.572308e+00 2.614618e-01 8.924915e-01 1.060977e+00 5.356336e-02 -1.338620e+00 2.267189e-01 -4.305690e-01 -5.085297e-02 2.319801e-01 2.842385e-01 5.747978e-02 3.452758e-01 9.753063e-01 3.104965e-01 -6.485948e-01 -1.192511e-01 5.807070e-01 1.882443e-01 5.933419e-01 -9.875866e-03 5.303574e-04 
-3.639116e+00 -3.328115e+00 -1.381140e+00 5.856132e-01 1.190566e-01 3.981722e+00 4.916585e+00 -5.896031e+00 -7.149414e-01 -3.741028e+00 -3.225390e+00 -5.014799e+00 3.890950e-01 1.942216e+00 -3.705469e-01 2.436684e-01 5.766665e-01 2.220380e+00 6.258910e-01 -6.467833e-01 7.066964e-01 8.647170e-01 -1.024636e+00 1.671259e+00 -1.958510e-01 -5.117510e-02 1.992439e-01 1.780358e-01 2.777041e-01 4.365292e-01 1.241827e-01 5.054002e-01 -4.028228e-01 1.754324e-01 1.098814e-01 4.750520e-01 8.351884e-02 7.969695e-02 7.248671e-03 
-3.687356e+00 -7.213956e+00 -4.962886e+00 1.982085e+00 2.543552e+00 4.803594e+00 9.530418e+00 1.619763e+00 7.081851e+00 -1.435920e+00 -4.197559e+00 -7.396106e+00 3.409766e-01 2.168666e+00 -4.014434e-01 7.974996e-01 7.823161e-01 1.904909e+00 1.682366e+00 -6.000743e-01 1.211304e+00 -4.351675e-01 1.212451e-01 1.272426e+00 -9.288133e-01 -4.085223e-02 5.594435e-01 4.935695e-01 7.591626e-01 5.791219e-01 -4.213937e-01 -8.803101e-02 -5.693344e-01 -3.316349e-01 -7.185377e-01 1.627188e-01 -4.301165e-01 5.453331e-01 1.406774e-02 
2.447568e-02 -7.070748e+00 -7.570906e+00 -8.649771e-01 -1.023200e+00 6.710607e+00 5.174194e+00 3.407046e+00 1.668082e+00 -4.575094e+00 -5.371525e-01 -5.038505e+00 2.772755e-01 3.218442e+00 4.465035e-01 1.567580e+00 8.703578e-01 1.762204e-01 1.216926e+00 -3.267482e-01 1.830379e+00 -1.927065e+00 -2.373663e-01 -7.093201e-01 6.803977e-01 -1.722677e-02 3.619048e-01 5.056826e-01 9.166378e-01 7.034639e-01 -2.895438e-01 -5.274297e-01 -2.914264e-01 -6.949810e-01 -3.934573e-01 1.200329e-01 -6.186140e-01 6.921862e-01 1.557904e-02 
3.243949e+00 -4.845764e+00 3.939412e-01 1.900484e-01 -2.286088e-01 1.273373e+01 7.050390e+00 2.645512e+00 -1.868284e+00 1.253876e+00 -7.710584e-02 -5.317049e+00 2.961434e-01 3.982699e+00 1.671813e+00 3.363615e+00 2.397727e+00 4.873762e-01 -4.744023e-01 -2.114318e+00 -1.159076e+00 -2.143122e+00 -9.187713e-01 -7.336318e-01 1.858049e+00 2.511139e-03 -2.745293e-01 8.253852e-02 3.530393e-01 5.302309e-01 -1.962858e-01 -8.209835e-01 -1.268585e-01 -6.677438e-01 4.241925e-01 9.555306e-02 -7.059005e-02 5.178955e-01 5.317209e-03 
8.987239e+00 -2.279421e+00 3.778693e+00 5.832845e+00 2.386263e+00 6.101375e+00 4.522917e+00 2.742985e+00 -5.875570e+00 -6.272982e+00 -8.832293e+00 -2.652118e+00 3.253939e-01 2.844646e+00 1.121324e+00 3.543618e+00 3.286028e+00 1.481537e+00 -9.329640e-01 -1.346860e+00 -1.582969e+00 -2.484725e-01 9.553714e-02 -4.187155e-01 1.871650e+00 5.036948e-03 -1.128932e+00 -6.172439e-01 -5.034690e-01 1.253486e-02 -1.599321e-01 -3.533610e-01 3.595453e-01 -1.302415e-01 8.659408e-01 7.030589e-01 8.137213e-01 -3.230021e-01 -1.174439e-02 
1.174460e+01 -1.250242e+00 6.180621e+00 1.062202e+01 3.275533e+00 2.736256e+00 -7.155306e-01 -3.843290e+00 1.383336e-01 -5.180589e+00 -3.718085e+00 7.008451e-01 3.294697e-01 9.829630e-01 -3.260135e-01 1.574645e+00 2.225586e+00 2.707676e-01 -1.347708e+00 -7.242219e-01 -4.207608e-01 8.465461e-01 4.324845e-01 7.742249e-01 1.065014e+00 -2.538989e-02 -1.391026e+00 -9.817857e-01 -1.295482e+00 -7.758053e-01 -5.248932e-01 1.910780e-01 9.726793e-01 8.629780e-01 4.171155e-01 1.067427e+00 7.298518e-01 -8.594146e-01 -2.308449e-02 
9.997225e+00 -3.262065e+00 7.254448e+00 1.034920e+01 4.632598e+00 7.044756e+00 2.323240e+00 -1.263365e+00 -5.777962e-01 -8.804516e-01 -8.102124e-01 1.310988e+00 2.858135e-01 -9.263686e-01 -1.640709e+00 -5.551723e-02 1.019065e+00 -5.150120e-01 -1.132850e-01 7.760541e-01 8.100605e-01 9.078175e-01 2.602350e+00 2.605405e+00 -5.382464e-01 -6.198849e-02 -9.261248e-01 -6.039083e-01 -1.514441e+00 -1.219015e+00 -7.156143e-01 2.222972e-01 5.966785e-01 6.192035e-01 -1.877628e-01 7.381794e-01 2.899025e-01 -7.187527e-01 -2.118519e-02 
7.654119e+00 -5.984526e+00 6.529641e+00 9.059292e+00 2.489460e-03 5.523787e+00 4.529191e+00 2.545135e+00 -2.843383e-01 7.204019e-01 -2.168737e-01 -1.973398e+00 1.889618e-01 -1.086915e+00 -1.856025e+00 -1.314155e+00 -3.477710e-01 -1.138807e+00 7.103135e-02 1.687662e+00 1.959390e+00 -6.357123e-01 3.164892e+00 1.403603e+00 -1.234183e+00 -7.939826e-02 -2.691923e-01 1.113581e-01 -1.021903e+00 -8.580817e-01 -3.164699e-01 1.926756e-01 1.267747e-01 -2.674198e-01 -5.687413e-01 2.014532e-02 -3.196918e-01 -6.301379e-02 -7.759278e-03 
6.400634e+00 -8.115839e+00 3.326358e+00 1.171052e+01 1.447617e+00 4.141202e+00 5.780772e+00 3.599089e+00 -1.125055e+00 3.788417e+00 2.444112e+00 -4.006173e+00 8.568037e-02 -7.509378e-01 -1.133262e+00 -2.584004e+00 -1.522317e+00 -1.391697e+00 -5.307035e-01 4.305414e-01 3.229946e-01 -4.461365e-01 2.420228e+00 7.160585e-01 -5.723442e-01 -7.388541e-02 1.704851e-01 7.331646e-01 -2.977577e-01 -2.616704e-01 2.012308e-01 -1.045393e-01 -4.399694e-01 -7.361124e-01 -4.343295e-01 -8.118000e-01 -7.313104e-01 5.147331e-01 6.307593e-03 
8.108191e+00 -8.103530e+00 1.573760e+00 8.202886e+00 -8.262064e-01 4.543278e+00 5.994074e+00 3.522355e+00 -2.767164e+00 8.309361e+00 1.672421e+00 -2.811286e+00 3.253758e-02 -4.507207e-01 -2.290896e-02 -2.270381e+00 -7.941115e-01 -8.732390e-01 -1.754456e-01 8.234686e-02 -1.514244e+00 -1.320224e+00 6.244276e-01 1.204593e-01 7.670120e-01 -5.824004e-02 1.091600e-01 8.727803e-01 2.949270e-01 4.831946e-01 9.455993e-01 -1.195165e-01 -4.917586e-01 -4.394808e-01 1.035737e-01 -8.905291e-01 -2.224534e-01 7.748105e-01 1.178471e-02 
6.015476e+00 -7.869352e+00 -3.188340e+00 3.165432e+00 -1.911452e+00 4.881646e+00 3.743032e+00 -1.368255e-01 -1.566895e+00 7.426563e+00 1.825140e+00 -1.131841e+00 -5.409016e-03 -3.921190e-01 1.108646e+00 -1.065960e+00 -6.612524e-02 3.584361e-01 -5.126157e-01 -6.210821e-01 -1.133762e+00 -9.216824e-01 -1.863837e-01 -4.096271e-01 1.034883e+00 -4.102794e-02 5.942693e-02 6.753773e-01 7.542246e-01 8.743970e-01 1.006844e+00 -1.322305e-01 -2.024042e-01 5.739920e-01 1.672666e-01 -5.613430e-01 1.076718e-01 4.901908e-01 9.863968e-03 
5.593564e+00 -6.222306e+00 -1.565286e+00 9.361685e+00 -2.684155e+00 4.276212e+00 5.959569e+00 -3.158076e+00 -6.664403e+00 2.023252e+00 6.951249e-01 4.245594e-01 -5.668962e-02 -7.205135e-01 1.387033e+00 -5.985974e-01 1.339913e+00 2.714156e+00 -5.354165e-01 -2.453985e-01 4.904200e-01 1.198207e-01 1.552477e-02 8.542036e-01 1.836325e+00 -3.690611e-02 6.170452e-02 4.470062e-01 6.639549e-01 3.633781e-01 4.217266e-01 -1.726357e-01 -2.523361e-01 1.080067e+00 3.674226e-01 -2.252066e-01 2.477328e-01 -5.459546e-02 7.540212e-03 
5.697319e+00 -3.513355e+00 -4.341803e-01 1.080056e+01 4.169384e+00 1.711026e+00 2.692205e+00 1.270105e+00 -3.784352e+00 5.999940e+00 8.845400e-01 -4.494519e-01 -7.485479e-02 -3.189136e-01 1.538745e+00 3.510250e-01 1.782531e+00 1.848666e+00 -1.011938e+00 -4.177079e-01 2.190654e+00 -3.299092e-01 -8.196322e-02 8.875281e-01 1.343842e+00 -3.523688e-02 1.312221e-01 3.831438e-01 5.059378e-01 -3.902701e-02 -3.535697e-01 2.146422e-01 -3.926178e-02 5.827770e-01 -3.186370e-02 -4.725882e-01 -2.322415e-02 -2.117822e-01 8.787838e-03 
4.664361e+00 -3.346429e+00 -2.796494e+00 1.108510e+01 9.704034e+00 3.451386e+00 5.292608e+00 5.271063e+00 -1.058961e+00 9.100301e+00 6.414004e+00 6.029012e+00 -1.172812e-01 -1.788685e-01 1.997078e+00 3.408883e-01 9.835060e-02 4.902086e-01 -7.891539e-01 -1.281043e+00 2.223962e+00 2.209795e-01 -5.536607e-01 7.105297e-01 3.396081e-01 -2.343513e-02 2.474473e-01 5.227965e-01 6.422155e-01 -3.570042e-01 -7.201585e-01 5.419446e-01 -2.859840e-01 -2.479752e-01 -3.316105e-01 -6.074733e-01 -6.545954e-01 -3.152964e-01 1.309450e-02 
4.885272e+00 -1.613817e+00 -8.179961e-01 1.121621e+01 1.137110e+00 2.343561e-01 1.987995e+00 6.601674e+00 -6.019325e+00 3.477906e+00 3.403329e+00 2.784982e+00 -1.512926e-01 -6.807697e-03 2.719308e+00 9.939361e-01 3.594095e-01 -2.973244e-01 6.872873e-01 -2.994827e-01 9.134246e-01 -1.131423e+00 -2.264539e+00 -4.539334e-01 7.244133e-01 -3.829005e-03 8.675805e-02 3.375807e-01 4.886546e-01 -4.231073e-01 -2.099862e-01 8.355650e-01 3.844361e-02 -7.537927e-01 9.629152e-02 3.472251e-02 -6.078823e-01 -5.201206e-02 1.323384e-02 
5.105417e+00 2.813034e+00 3.307748e-01 9.645665e+00 1.282692e+00 1.068885e+00 -9.405312e-02 5.295949e+00 -4.441988e+00 5.155513e-01 2.988343e+00 5.055543e-01 -1.356396e-01 3.606235e-01 3.410748e+00 2.290970e+00 2.663306e-01 1.863360e-01 1.324815e+00 -1.734388e+00 -1.107794e-01 -1.137296e+00 -1.930624e+00 -1.748059e+00 5.694144e-01 1.285597e-02 -1.416811e-01 -2.858187e-01 3.272938e-02 -2.122601e-01 1.507697e-01 7.568180e-01 5.939573e-01 -6.695449e-01 3.356274e-01 9.231929e-01 -3.935868e-01 -1.206059e-01 5.177869e-03 
5.442717e+00 7.003606e+00 2.971984e+00 1.331789e+01 6.893696e+00 6.338486e+00 3.887716e+00 5.824793e+00 -7.749999e+00 -1.030963e+00 3.278971e-01 5.934471e+00 -8.481577e-02 -1.549035e-01 2.519760e+00 1.819000e+00 -4.169779e-01 9.505357e-01 2.109083e+00 1.220660e-03 -4.109906e-01 8.308128e-01 7.799751e-01 -9.225210e-01 9.687655e-01 1.278276e-02 -3.557068e-01 -9.249244e-01 -6.071076e-01 -3.156064e-01 5.974988e-02 8.490609e-02 8.211128e-01 -2.993252e-01 8.778896e-01 1.515691e+00 7.738268e-02 -6.187127e-01 -5.064664e-03 
6.188912e+00 9.398520e+00 6.763571e+00 1.136629e+01 7.757515e+00 7.023239e+00 -4.329119e+00 5.105566e+00 -5.880197e+00 1.701528e+00 -7.886267e-01 7.301507e+00 -8.623876e-02 -8.130968e-01 6.677858e-01 9.192537e-02 -5.746644e-01 6.200929e-01 2.283973e+00 1.538372e+00 -4.616179e-01 9.179001e-01 2.540103e+00 -1.023100e+00 -3.856089e-01 -5.856973e-03 -4.510938e-01 -1.289985e+00 -1.049483e+00 -8.613749e-02 -1.847557e-01 -4.795026e-01 1.121482e+00 1.687425e-01 8.393251e-01 9.984776e-01 7.024611e-01 -3.959610e-01 -9.216985e-03 
3.568998e+00 7.692327e+00 5.060756e+00 8.270394e+00 2.652484e+00 7.802920e+00 4.111605e+00 4.641843e+00 -1.146206e+00 6.785273e+00 6.792054e-01 4.230756e+00 -1.120635e-01 -1.198595e+00 -5.337653e-01 -9.420158e-01 -7.980537e-01 -2.153206e-01 6.323873e-01 2.169615e+00 -4.078819e-01 2.230416e+00 3.078670e+00 -4.294702e-01 -1.891676e+00 -1.980383e-02 -2.498498e-01 -1.132144e+00 -8.572612e-01 1.744169e-01 -1.924198e-01 -1.010562e+00 2.151057e-01 5.872247e-01 3.013707e-01 -3.722086e-01 6.967949e-01 -1.158399e-01 -5.234016e-03 
1.976298e+00 5.807501e+00 -2.543168e-01 9.296408e+00 6.503273e+00 1.175660e+01 7.486404e+00 3.579594e+00 -3.154475e+00 9.308169e+00 -2.302868e+00 -5.708032e-01 -1.512926e-01 -1.372903e+00 -1.512436e+00 -1.576019e+00 2.607759e-02 -1.544921e-01 -3.344136e-01 2.788789e+00 7.314549e-01 2.359607e+00 1.912424e+00 1.517664e+00 1.988167e-02 -1.693392e-02 -7.607283e-02 -9.122556e-01 -9.927275e-02 6.424510e-02 -2.714348e-01 -1.388787e+00 -8.387333e-01 5.516068e-01 -2.609943e-01 -1.542566e+00 5.797119e-01 4.835096e-01 2.766222e-03 
1.556300e+00 6.130245e+00 1.771289e+00 1.036315e+01 6.444225e+00 7.133357e+00 8.828169e+00 4.548518e+00 2.039200e+00 1.055884e+01 -1.062496e+00 4.118598e-01 -1.512926e-01 -1.124173e+00 -2.050886e+00 -1.633153e+00 1.546359e-01 3.755651e-01 -1.634563e+00 4.514376e-01 1.928636e+00 1.616704e+00 -7.672677e-01 1.291057e+00 1.868762e-01 -7.848335e-03 6.396418e-03 -7.697505e-01 5.991582e-01 -4.081951e-01 -2.892047e-01 -1.168588e+00 -1.266696e+00 1.565391e-01 -1.068336e+00 -2.154500e+00 -1.354766e-01 4.243140e-01 6.699887e-03 
3.307641e-01 2.617586e+00 5.283035e-01 1.045018e+01 5.088686e+00 5.685798e+00 7.256634e+00 8.809128e+00 4.325396e+00 9.376309e+00 7.670835e+00 9.310293e+00 -1.512926e-01 -1.230705e+00 -3.135031e+00 -5.889612e-02 -7.297229e-01 -1.032526e+00 -3.526512e+00 -1.796295e+00 1.128147e+00 -8.028087e-02 -3.249817e+00 1.015146e+00 9.925679e-01 1.998657e-03 1.521284e-01 -1.445361e-01 1.085735e+00 -7.008737e-01 -3.798176e-01 -5.888696e-01 -1.091719e+00 -3.588353e-01 -1.205210e+00 -1.610162e+00 -8.576890e-01 -1.267971e-01 5.199307e-03 
-1.229392e+00 -9.671274e-01 -3.496142e+00 8.466224e+00 5.237832e+00 2.665798e+00 6.483806e+00 1.167027e+01 3.197500e+00 2.914675e+00 2.147577e+00 2.244709e-01 -1.512926e-01 -1.237726e+00 -3.571203e+00 1.295118e+00 -2.461209e+00 -1.222295e+00 -3.614658e+00 -1.871387e+00 1.765528e-01 -1.891278e+00 -5.112777e+00 -8.556448e-01 -2.564904e-01 4.231618e-03 3.390269e-01 6.008465e-01 6.346278e-01 -4.327520e-01 2.267326e-01 1.235141e-01 -1.954933e-01 -4.156989e-01 -5.601258e-01 7.753146e-02 -7.975286e-01 -1.000277e-01 5.066398e-03 
-2.784189e+00 -6.318979e+00 2.084444e+00 6.596078e+00 1.944427e+00 -3.642112e+00 -3.226471e-01 5.659710e+00 -4.134651e+00 -3.119145e+00 1.167583e+00 4.485593e+00 -1.412965e-01 -5.554737e-01 -1.475041e+00 2.388497e+00 -2.170365e+00 -1.254799e+00 -2.288778e+00 -1.508330e+00 -1.867204e-01 -1.912329e+00 -3.965740e+00 -1.697391e+00 -3.925040e-01 3.023622e-03 4.976086e-01 1.137602e+00 -7.337501e-01 -7.916366e-02 1.241312e+00 4.439602e-01 5.816039e-01 1.261408e-01 3.913203e-01 1.448833e+00 -5.288172e-01 -3.061209e-01 5.261473e-03 
-3.074780e+00 -7.257489e+00 7.468572e+00 -1.582388e-02 1.905232e+00 -6.276069e+00 3.260749e+00 7.006083e+00 -3.187522e+00 -8.757065e+00 -2.089439e+00 1.541838e+00 -1.351477e-01 2.332161e-01 1.232631e-01 3.163145e-01 -1.288634e+00 1.620458e+00 -1.635710e+00 -6.700261e-01 5.077399e-01 -2.679730e-01 -2.159288e-02 -1.340289e+00 3.791843e-01 1.697780e-02 4.433883e-01 1.133194e+00 -1.604651e+00 3.222770e-01 1.205094e+00 2.721548e-01 4.303397e-01 1.609500e-01 7.326573e-01 1.876307e+00 -3.666788e-03 -8.929323e-02 5.293629e-03 
-1.523812e+00 -1.612016e+00 6.987865e+00 3.839957e+00 4.814838e-01 -1.287457e+00 1.326523e+00 1.020776e+01 -2.044094e+00 -4.616064e+00 1.302225e+00 6.689389e+00 -1.442479e-01 5.218251e-01 7.057138e-01 -3.238281e+00 -1.711760e+00 3.752691e+00 -2.296166e+00 5.109972e-01 1.593230e+00 1.064819e+00 1.448671e+00 -1.386564e+00 -8.559893e-01 2.193424e-02 1.391767e-01 4.886427e-01 -1.356665e+00 2.553579e-01 1.781706e-01 4.878935e-01 1.903989e-01 -4.732241e-01 2.747550e-01 1.055249e+00 3.519430e-01 -3.565864e-01 -5.157616e-04 
-6.933877e-01 -2.703942e+00 -4.366017e+00 3.400874e+00 1.407148e+01 -6.690381e+00 2.309124e+00 1.193490e+01 8.121631e-01 3.555103e+00 -4.621180e+00 1.018616e+00 -6.494652e-02 4.405690e-01 1.004344e+00 -3.914673e+00 -1.078823e+00 2.299687e+00 -2.250182e+00 -7.293622e-01 9.128577e-02 2.833588e-01 1.561612e+00 -1.029387e+00 -4.711841e-01 2.123873e-02 -1.736014e-01 2.135231e-01 1.048729e-01 3.538077e-01 -1.550189e+00 1.316833e+00 -2.089697e-01 -1.236784e+00 -2.220196e-01 1.371319e-01 7.270057e-01 -2.434957e-01 -1.090192e-02 
-1.365691e+00 -5.067031e+00 -8.189722e+00 -3.671869e+00 1.462429e+01 -1.491543e+01 2.707889e+00 1.116134e+01 -8.104475e-01 -2.032359e+00 -4.499490e+00 4.674556e-01 -6.673843e-02 3.681598e-02 5.276865e-01 -2.279136e+00 -9.984471e-01 -7.032970e-01 4.577517e-01 -5.267701e-01 -2.344599e+00 -8.142082e-01 5.189961e-01 -9.312029e-02 -1.750090e+00 -1.683899e-03 -3.482961e-01 1.979650e-01 1.247908e+00 6.378060e-01 -2.005085e+00 1.369220e+00 -2.632209e-01 -1.238475e+00 -2.301735e-01 2.678809e-02 6.937660e-01 4.171874e-01 -1.413675e-02 
-9.506699e-01 -5.080799e-01 -4.515903e+00 -1.653875e+00 6.332239e+00 -1.071325e+01 -1.077046e+00 6.985344e+00 -2.387784e+00 -2.241091e+00 -4.335438e+00 2.296755e+00 -6.772224e-02 -3.923062e-01 1.279961e+00 3.613153e-01 1.237557e-01 -3.902523e+00 3.571513e+00 -1.196005e+00 -3.707318e+00 -4.384915e-01 1.128910e+00 1.648008e+00 -3.910872e-01 -2.572666e-02 -3.793666e-01 3.601231e-02 1.131202e+00 3.898639e-01 -9.044363e-01 1.458135e-01 2.106567e-01 -2.380507e-01 1.860361e-01 5.937179e-03 2.414661e-01 7.848769e-01 -9.947982e-03 
-1.211015e+00 -7.154952e-02 -4.332828e+00 1.374511e+00 8.342395e-01 3.012604e+00 3.854844e-01 9.590206e-01 -4.515353e+00 8.769509e-01 6.935060e-01 -2.700094e+00 -1.512926e-01 -8.032674e-01 1.557709e+00 8.632344e-01 8.758330e-01 -3.171772e+00 1.639185e+00 -5.718030e-01 -2.699878e+00 2.747166e-01 1.798905e+00 7.436270e-01 1.189882e+00 -2.527275e-02 -2.381558e-01 -7.556169e-02 4.665539e-01 4.369455e-02 4.419382e-01 -1.615110e+00 3.283163e-01 8.534579e-01 3.927562e-01 -1.934074e-01 -4.260170e-01 1.117067e+00 1.237774e-03 
-2.732120e+00 1.198112e+00 -4.488068e+00 1.496695e+00 1.453725e+00 2.202968e+00 -2.509778e+00 -1.500619e+00 4.724393e-01 7.745267e+00 1.022419e+00 6.466604e-01 -1.512926e-01 -1.036177e+00 6.693839e-01 1.702542e-01 -6.678227e-02 -9.884220e-01 -2.111850e+00 3.465099e-01 -9.214827e-01 6.690474e-01 9.512650e-01 -2.403539e-01 1.983295e+00 -1.671429e-02 -9.082619e-02 -2.752243e-01 -1.138460e-01 -3.178321e-01 1.112446e+00 -2.311052e+00 3.994130e-01 1.170380e+00 2.389597e-01 -5.134289e-01 -7.876846e-01 7.536088e-01 7.673121e-03 
-4.491364e+00 1.868519e+00 -3.887452e+00 -8.672088e-01 1.204811e+00 -1.317760e+01 5.654581e-01 1.905131e+00 -8.666275e-01 1.968912e+00 -3.460135e+00 7.241960e+00 -1.512926e-01 -8.320066e-01 4.551332e-01 1.490594e-01 -6.848260e-01 4.916855e-02 -4.776093e+00 3.434928e-01 5.297228e-01 5.958098e-01 -3.591180e-01 -1.279017e+00 2.647967e+00 -2.636413e-08 1.469093e-02 -2.419596e-01 -1.449195e-01 -3.739195e-01 7.479602e-01 -1.549476e+00 1.827536e-01 7.910440e-01 5.685520e-02 -5.626346e-01 -5.083982e-01 3.580809e-01 6.725611e-03 
